20 10 0.10
8 0 2 1 2 1 3 2 0 2 1 2 2 3 1 4 1
8 0 0 0 1 0 2 0 3 0 4 1 2 2 2 3 2
8 0 2 1 0 1 2 1 3 2 0 2 1 2 2 2 3
8 0 3 1 2 1 3 2 0 2 1 2 2 3 0 3 1
8 0 1 1 0 1 1 1 2 1 3 2 0 2 1 2 3
8 0 2 1 1 1 2 1 3 1 4 2 0 2 1 2 4
8 0 3 1 0 1 1 1 2 1 3 1 4 2 1 2 2
8 0 0 1 0 1 1 2 0 2 1 2 2 3 0 3 1
8 0 2 1 0 1 1 1 2 1 3 2 1 2 2 3 2
8 0 1 1 1 1 2 1 3 2 0 2 1 2 2 3 2
7 15
8 0
9 3
9 10
3 0
15 2
2 11
15 16
9 11
5 1
0 0 0 0 0 0 0 0 0 0 0 0 0 0 0 0 0 0 0 0
0 0 0 0 0 0 0 0 0 0 0 0 0 0 0 0 0 0 0 0
0 0 0 0 0 0 0 0 0 0 0 0 0 0 1 0 0 0 0 0
0 1 0 0 0 0 0 0 0 0 0 1 1 1 1 1 0 0 0 0
1 1 1 1 0 0 0 0 0 0 0 0 1 1 0 0 0 0 0 0
1 1 1 1 0 0 0 0 0 0 0 0 0 0 0 0 0 0 0 0
0 0 1 1 1 0 0 0 0 0 0 0 0 0 0 0 0 0 0 0
0 1 1 1 0 0 0 0 0 0 0 0 0 0 0 0 0 1 0 0
1 1 1 2 1 0 0 0 0 0 0 0 0 0 0 0 0 1 1 0
0 0 1 0 0 1 0 0 0 0 0 0 0 2 0 1 1 1 0 0
0 0 1 1 0 1 1 0 0 0 0 1 2 2 1 0 1 0 0 0
0 0 1 1 1 1 1 0 0 0 1 1 2 1 0 0 1 0 0 0
0 0 0 0 0 0 0 0 0 0 1 1 0 1 0 0 0 0 0 0
0 0 0 0 0 0 0 0 0 0 0 0 0 0 0 0 0 0 0 0
0 0 0 0 0 0 0 0 0 0 0 0 0 0 0 0 0 0 0 0
0 0 0 0 1 0 0 0 0 0 0 0 0 0 0 0 1 0 0 0
0 0 0 1 1 1 1 0 0 0 0 0 0 0 0 0 1 1 0 0
0 0 1 1 0 0 1 0 0 0 0 0 0 0 0 0 1 1 1 0
0 0 0 0 0 0 0 0 0 0 0 0 0 0 0 0 1 1 0 0
0 0 0 0 0 0 0 0 0 0 0 0 0 0 0 0 0 0 0 0
-0.4606261727
-2.1227772828
-0.1412216750
-2.3205548290
1.4746699451
-0.4775858497
1.1043539329
0.0166043114
0.4301262205
-1.0318353780
-2.1830579671
0.7330902829
-0.7376050001
0.6439902541
-1.3318817514
0.2922952664
0.6432336064
0.8343033199
2.4788810568
0.1124035407
-1.4933530211
1.5120338717
0.4690816843
0.2073013430
-0.8523415566
0.8445822100
-0.1536497111
0.1537738798
-0.7818536749
3.1469315824
-1.9303412086
0.2021519284
-0.9449371990
-0.4402916227
-0.5825712487
0.3011475600
-0.4796179668
0.1875780941
0.2232379826
0.7351384682
-0.1626516731
0.0446175669
-0.7706779754
0.7200559557
0.7473950994
-0.4944602742
-0.4929625721
-0.1896619209
1.4697500510
0.3499287400
-0.3267109714
0.2742554416
-1.0481065846
-0.0173773956
-1.0062482339
-0.2196410400
1.0332396743
0.9012629920
0.6337354994
1.7030210660
-0.2376438687
0.3927846721
0.2854414967
0.7170128660
0.6062125782
1.1471974723
0.8426460543
-0.5859986539
-0.7937817386
-0.6729265835
0.6979633326
-0.9145060414
0.5465421080
-0.1843528973
-0.4955419146
0.7360774414
1.1384341650
0.1861909847
-0.4452624293
1.0761798285
-0.1432914526
-0.5392196291
-0.6383741125
1.1855830619
-1.7633697661
-0.6514503047
-1.0208784204
-0.1273841120
1.1596715617
1.2698022319
-2.3706153095
-0.9318535521
0.5300279882
1.1273337753
-0.2101181054
-1.2422989163
-1.3678081994
0.4223712679
-0.7940092305
1.1764664005
-1.8258010397
-1.5523011513
-0.8100512149
-1.3216042392
-0.2843658747
0.0124392960
-0.0143725897
0.2604296467
-0.7057730621
0.9283487833
-0.2517778084
-0.8004480181
-1.2365961136
0.9657835071
-0.5705393430
-0.7058889104
-0.4941717184
-1.6047152362
-1.6507554529
1.7702511688
-0.6248898821
-0.3314079359
-0.3901174503
1.5675857118
-0.8189736122
2.0979717757
0.8387272504
0.4187281335
0.4617507767
-0.7046575963
-0.2694772764
1.7284714087
-0.3332653997
0.7687227840
-0.3152724703
-1.1285438130
1.0282118950
-0.9759457587
-0.2597729831
0.3656345008
0.4227028113
0.4835539205
-1.8582533519
0.1806372789
-0.3704401845
-1.0909571475
1.8531364936
-1.5344785193
0.3989422592
-1.1695267470
-0.0672059078
-1.6641442840
0.5751704175
-1.1163988127
-0.6886516127
0.2422755342
0.1775871623
-0.5473348648
0.6326137536
0.2446986086
-0.7017122252
1.1100071498
0.6655652484
-0.8655581203
-0.4151023900
-0.2847440761
-2.4598574031
1.1391006216
0.9838015841
-0.2481837924
0.8565747552
0.8333743507
0.4412177729
-0.1095285163
1.0915745317
-0.3063472645
0.0241247752
0.6066389012
-0.3428274056
-0.3938307832
-0.8322757864
1.8736843465
-1.3107745524
-0.2980404071
-0.5518351802
-0.1938135146
0.0522605299
1.0811959339
-0.8212506588
-0.2152646327
0.5136502941
-0.3587801710
0.9342843229
-0.6468786562
1.0402146963
0.2034620593
1.3724887267
0.4163851502
-0.1570406835
0.7593755482
0.1962938001
1.0746624575
0.1659538728
1.6453621010
-0.4847232783
-0.9475724697
-0.4719007423
-0.0877969535
0.1202763176
-0.3626302347
1.8487917480
-1.1296168534
-0.4918083765
-0.4529690711
0.9917442967
-0.0104838513
-2.3280592571
-0.5406253965
-2.6818113523
0.0305707325
-0.2785998880
1.5467314696
0.9374915855
-0.3133067121
-0.3622762706
-0.2655113660
-0.1095322510
1.0136139699
-0.8374144631
0.4097255008
-0.8381025852
-0.0092521971
2.3281687379
2.1457623875
2.0831937218
-0.1844151577
0.2268466746
-0.0187922481
-0.5643718878
0.1950210010
0.0763562751
-0.5506592360
-0.5039205897
-1.1835043001
0.1648703030
-0.0682400680
-0.5862585035
1.3105638743
0.4913729396
-1.3628638472
-1.3857560950
0.2481628082
-0.9984221202
-0.1168106439
0.1839803640
-0.1252366821
-0.4455384978
-1.0040232626
-0.8420772603
-0.8545172766
-1.7942791483
-0.4119855717
-0.0353243516
0.0271680557
-0.3980079683
-0.3884169699
0.3549752942
-1.0821874528
0.0228222674
-0.8441821744
0.5992273986
1.4191673697
-0.2354700724
1.3452363970
1.8428595325
1.4262260884
-1.0054795331
1.0100836373
-0.7516010726
-1.0275955596
-0.4992661557
-0.2850854214
1.5024316883
-0.4359829843
-0.9805754756
0.8870445678
1.4840158544
-1.2445884375
-1.0647201090
-0.1976062947
0.4351681279
1.2158985583
1.3145982187
-2.1455523693
0.0308939137
1.0076203173
0.2036690688
-2.0178447841
0.3015690122
1.2695195253
0.8963311281
-1.2989356627
-1.7671359057
-0.5591758183
0.7931797233
0.6628845301
-0.6241719998
1.0205238364
0.6345525920
-1.9933132140
-0.4609560064
1.4255160006
-1.6390343506
0.6993403377
-0.0595221607
2.9122038440
-0.5008773734
-0.2544464214
1.6858857211
0.0619146107
-0.0489753262
-0.0259021529
-0.9825795824
0.9166313310
-0.3717826695
0.0276074845
-2.0289130727
-0.4366759317
0.2732141165
1.0552163793
0.3576258362
-0.5926849118
-1.3894424999
-0.5133967666
0.9706762870
-1.1850539124
-1.4113314496
0.2593571898
-1.9665228113
-0.8859518108
-0.1558776810
-1.1759151784
-0.1112309600
-1.1493705610
0.7602390054
-0.1639679330
0.0053484407
-0.7704381596
2.4858709392
0.6947831715
-0.8121510013
1.3576418987
1.1377224218
-1.4120988985
0.6881055966
-0.2114093176
1.8156546691
0.4690566806
-0.5482285889
-0.5703665346
1.0846930160
-0.3785881342
0.5173005759
0.2792103207
-0.5937367245
0.9784150538
0.9788793729
-1.0460690919
-1.6419139913
-2.0145448827
1.0146854699
-0.1568388625
-0.0404868637
0.2676361910
-2.0458195322
-0.5644554255
1.5916569567
-0.8128524712
-1.1249266145
-0.9761623023
-1.1275707485
1.2473015633
0.6355993571
-0.7701397723
0.0248414062
1.0518272058
0.2769664978
-0.3520529291
-1.1382467597
-0.4062299899
1.2048110326
-0.3726549081
0.1141176462
0.5682144191
0.5454653992
0.2647998927
-0.3147173790
0.8739188242
-0.6655444391
-0.2106806647
-0.5714830139
-3.9738449403
0.2220475756
0.5418920060
0.3696361520
-0.1486323099
-0.6563995402
0.4388994220
-0.7325154388
0.9073454013
-0.1828152031
1.5850506545
0.6237003865
0.5011360421
-0.4647059163
-0.1666166670
-0.8641621714
-0.0990452554
-2.0015807745
1.9113868912
0.1233943382
-0.5223191640
2.0761238035
-1.0168208881
-1.1522175403
-0.5770934731
0.2277008456
0.0883655416
0.0238153333
1.3091668546
1.2034419065
0.9541043292
0.2363860544
0.9206355622
-0.5473657235
-0.2716082352
0.1699907972
-0.7318206010
-1.6850636412
-0.5551606787
-0.3783255806
0.4680358466
-0.6001708274
-1.4107962558
0.2595733969
0.0965895494
0.9171474370
-0.4312294637
-0.1464618656
-0.0448043957
0.0580429688
1.1359289216
-0.5718431210
0.6917439217
0.1933186962
-1.0054281395
-1.0428989953
-0.7226416510
-0.5941938519
-0.8691948996
-0.7486126747
-0.5079418020
-0.1423290343
-0.9589299984
-1.0744928187
0.0411552512
0.6577952780
-3.5393667370
-0.0865101489
-0.3379494851
0.1040250227
0.8206201104
-0.5267536542
-0.7940176216
3.2070805430
0.2291305446
-0.2103477812
0.1280273907
-0.2391874269
-1.0760272545
0.1753463252
-0.2425858221
1.9309186723
-0.0042007512
1.2779404316
-1.6838859647
0.5440731913
1.2446404231
0.3617671191
0.5092934582
0.9858486719
0.0322647127
-0.3471356999
-0.1962042313
-0.8378223795
1.2358388366
-0.0361345707
1.4121871971
0.8910311632
1.0099279452
-0.0069197614
-0.4794888362
-1.1090150858
0.2814942951
-0.7018498706
-0.7169938663
-1.2525972235
0.6581673300
0.8271582689
0.8987561773
-0.7881840846
-0.4088947292
1.0929117825
-0.3848533361
-0.4598760000
-1.2466961913
1.3814092436
-0.0290986602
0.8159605650
-0.7999291108
-0.0660397295
0.6137561735
-0.1497798526
1.1123234721
-1.0364353935
-1.0546989027
0.4368116935
1.2883812021
0.9144554377
-0.8403003929
0.9409869345
0.3286031054
0.5729430718
0.2145300514
1.4281910520
-0.5779488011
0.4026605034
-0.3069074242
-0.1643273774
1.1202080029
0.3197078159
-0.0696060036
1.1563709079
0.6396487762
0.7101310649
-0.7545151761
-0.0429872426
-0.1868404684
0.0958422025
0.8145673365
0.0383562245
0.9402549639
-0.7578051818
-2.5502994847
0.2844450000
-0.0335345610
-1.2198307301
-0.0178046493
0.1082816536
1.9060267720
-0.8105902857
-0.0227052310
-0.0984489631
0.9832668641
-0.8012538012
-2.2143673138
0.3568965877
0.1521255881
0.5479022404
0.1503907843
-0.9431550727
0.6309983637
0.9142632580
0.0803290899
0.6262559438
-0.7940587797
-1.2325477626
-1.8561184681
-1.8744971831
-0.0971520924
1.1620384774
-0.3396690708
-1.0287230545
0.1898355805
0.2065550376
0.4012764955
-0.2615368472
-0.4591639102
-1.1543266802
0.6321455041
2.1265915276
-2.0579404110
0.4064245552
0.1123565457
0.8923790361
0.1209161476
0.2597689559
-0.8305207979
0.3373024742
-0.2009105643
0.8467248812
0.0003143862
0.9489741008
-1.0832809685
-0.7373610898
1.8424565508
-0.6202986619
0.8128228113
-0.0076511905
0.9015247254
-0.1486951829
-0.9769268588
-2.1020637058
-0.8978074197
0.2542232398
-0.5223041756
0.4950161538
0.7863841994
-0.7586376865
0.5129424080
0.6463874181
1.2359762302
0.5580247214
-1.4463316734
1.9353757196
1.4095427119
-1.2457040539
1.1426375096
-2.2037507610
0.7200189313
0.4423905630
-0.2773625246
1.9577373898
-0.3192682852
-0.3356891078
0.8289600947
-0.9258918401
0.9049123718
1.7801740874
-0.5677289427
0.1125928065
0.8342427003
-0.1385855421
-2.1522487374
-0.7657842818
1.7342329264
-0.3718837534
1.0461519072
2.4797927123
0.4596597703
-1.0273477892
-1.2904750552
-1.3625288744
-0.7274276453
0.3027235492
0.0084851463
1.3446989536
0.0381943273
-0.9486516707
-0.6191050514
-0.5976251586
-0.1669719625
-1.9424701010
-0.7138527241
-0.8118518406
0.1482519402
0.7610931790
-0.1181934889
0.5139669005
1.2024708823
-0.1491202593
0.2261535976
-1.6869952075
-0.1464987440
0.0809471349
-1.8300141985
-0.3128583830
0.3860017266
0.0963236180
-1.3206352305
-1.0013107185
-0.2418753956
-1.2997781232
0.1509720054
0.7822178927
-0.6501155063
1.5784166799
-0.0635728460
0.7294818732
1.2645234892
0.5831997001
-0.9753178263
1.6369165356
0.8566479596
-1.2198245858
0.6860629353
0.2497544645
-0.4779869560
-0.0043991104
1.8040486730
-1.3254348506
1.2209543282
-1.3553381894
0.7170095204
-1.5698371408
0.1614524747
-0.6123483384
0.0755883402
1.1839317525
1.3048504051
-0.0320860446
-0.3610127480
0.1737210228
0.9289674117
-2.1821833055
0.7914626484
-0.0711667641
1.8116629471
-0.1555188362
0.2143930134
0.6990182370
1.3658245077
-1.0021236280
1.0768803779
0.3040729125
-0.5882379513
-0.9682604848
0.4448551724
0.0412926760
-0.2722312092
0.7893622910
-0.2089857537
-0.9665473563
-1.5976836481
-0.9452863159
-1.1259970972
-0.0400453453
0.1126875427
-0.7059087280
0.8082374539
-0.0270609441
0.2737918725
-1.1708388869
0.0779944618
-1.9239573672
-0.4912454818
-0.4844810103
-0.0670301276
-0.1712976158
-1.0985586461
0.1361470789
0.5319219646
-0.3638241509
1.0406464915
-0.8085853492
-1.1400367485
0.5052630854
-0.4939373007
0.0502057209
1.9946303673
1.8386820068
-2.1631768786
0.5682736224
-0.2177182035
-0.5855794664
0.3909910667
-0.3276548962
0.0260031864
-1.0145149474
-0.2943469043
2.0029230155
-1.0871585889
0.7006627222
0.0488170330
-0.6691615669
0.6679061961
-0.5657787318
-1.9743606385
-0.7840903916
1.6299011911
-0.0143820810
0.2681351329
-0.3033110967
2.6520309974
0.0686533253
-1.6841488899
-0.0840722068
0.5901268130
0.9940696645
1.3968641346
-1.4823095120
-1.0034833192
-0.0507124387
-0.4667542990
-0.4909742863
-0.6598523318
-0.4753184118
-0.5718508719
-1.6929767116
-1.2924757559
