16 7 0.11
8 0 0 0 1 1 0 1 1 2 0 2 1 3 0 3 1
9 0 1 0 2 1 1 1 2 1 3 2 1 2 3 3 0 3 1
7 0 1 1 0 1 1 1 2 1 3 2 0 3 0
9 0 0 0 4 1 0 1 1 1 2 1 3 1 4 2 2 2 3
9 0 3 1 0 1 1 1 2 1 3 2 2 3 1 3 2 3 3
8 0 0 0 1 0 2 0 3 1 1 1 2 1 3 2 3
8 0 2 1 1 1 2 2 0 2 1 2 2 2 3 3 1
6 12
9 8
1 5
9 1
10 8
0 3
4 7
0 0 0 1 1 1 1 0 0 0 0 0 0 0 0 0
0 0 0 0 1 1 2 0 0 0 0 0 0 0 0 0
0 0 0 0 0 1 2 1 1 0 0 0 0 0 0 0
0 0 0 0 0 1 0 0 0 0 0 0 0 0 0 0
0 0 0 0 0 1 0 0 0 1 0 0 0 0 0 0
0 0 0 0 0 0 0 0 1 1 0 0 0 0 0 0
0 0 0 0 0 0 0 1 1 1 1 0 1 1 0 0
0 0 0 0 0 0 0 0 1 0 0 0 1 1 0 0
0 0 0 0 0 0 0 0 0 0 0 0 1 1 0 0
0 1 0 0 0 1 0 0 0 1 1 0 1 1 0 0
0 1 1 1 1 1 0 0 0 1 1 2 0 0 0 0
0 0 0 1 1 0 0 0 1 2 1 2 0 0 0 0
0 0 0 0 0 0 0 0 1 1 1 0 0 0 0 0
0 0 0 0 0 0 0 0 0 1 1 1 0 0 0 0
0 0 0 0 0 0 0 0 0 0 0 0 0 0 0 0
0 0 0 0 0 0 0 0 0 0 0 0 0 0 0 0
1.2915795938
0.2380825467
0.0855295505
-0.8572776852
-1.1408163433
1.4962339562
0.8322789288
1.0606012940
0.6370250848
0.7441176512
0.7435196311
-0.1302247057
2.4012515682
0.5643999992
-0.5635485394
-0.1394970241
-1.3706299527
0.8441463623
-1.8098637299
0.3013100773
-1.2613232638
0.2743303018
-0.5132065730
0.5384480406
-1.4285442208
0.5420747519
-1.1702529703
0.1704200008
1.0439965429
0.5001897891
-0.4626110881
-0.7451892226
0.5326466456
-0.5198520547
1.8952763049
0.5926656389
-0.3805126063
1.9337517999
0.8137526540
0.8844033138
-0.6940655739
-0.8836358055
1.0065949385
2.4548834309
0.8961037677
0.7199921876
1.4993891623
-1.0019134696
-1.0934893459
-0.1014559789
-0.8116664629
0.6946281066
1.4404152884
-0.7239866207
-0.1393741018
1.4265247404
0.3816129104
-0.5878324792
0.7517098619
-0.5393857571
-1.7926261471
-1.8100960620
0.1660079474
0.3541841898
1.1006539360
-0.3972565690
-0.3645955917
0.5390162856
-0.0921038497
-0.8350958589
1.4858212402
-0.6536753704
0.3056354648
-1.0734664929
-0.1377922170
-0.2916011683
0.4773043476
0.7720151785
0.2922628751
0.8269949005
0.1109902923
1.0740852494
0.1377737653
0.3114612898
0.1600821111
-2.6418014684
1.0758123128
1.0103900888
0.0213485941
0.0115928608
0.1511320103
0.6596451372
-0.0328498520
-0.1917700328
-1.9655447534
0.0122727923
0.2602649182
0.4105350177
-1.8572119198
0.4576628790
1.9145538384
-0.3433851036
0.3117769413
0.1541304862
0.2735525974
-0.1501792988
-0.1817546907
-0.1429762495
0.0658539694
1.0627724449
1.1495554883
-1.3448032999
-1.5366130538
1.0342093944
1.0279698079
-2.3488081277
2.1409457475
1.1908698436
-0.5621859453
0.1057121733
-0.8594975398
0.0543842702
0.2530728116
0.8293651260
-0.5131001295
-1.1551277733
0.1142176524
-0.5727742300
-0.4495322808
-1.5866342551
-1.3007806606
1.3097116237
0.9295799307
-0.6121616424
1.1946320021
1.4029141871
0.6168312367
0.6852829805
0.7091524831
0.1438275007
-1.3991424564
-0.2260954331
0.8080688103
1.4685490622
-0.9850757825
-1.9740249196
-1.0128195086
1.3468355707
1.6285753439
-1.3281108260
-1.1926336859
-1.4470487569
0.9430817714
-0.9228995721
0.8842113072
0.3625532936
-0.8237561257
2.9811148471
-2.6077753243
2.1625898689
0.0735675707
0.2013604602
0.0678217301
0.0030122585
0.5120489282
-1.2667344378
1.2609991430
-0.4281667087
-0.5759043826
-0.5708461043
0.3185687883
-0.9493036229
-0.2151298152
0.8216045564
0.4798731589
0.6101503170
0.3570402406
-1.2679854924
-0.4486422056
-0.3826690838
2.1012993240
-0.0678190414
2.1660503473
1.2999955073
1.1834101425
0.7278917590
-0.1658747321
0.6144171414
-1.7507231670
-0.5906879614
1.5896011169
-1.8805928281
0.8451856450
-0.8288255557
-1.0180482087
-2.1266278661
-1.5288124936
1.9357280973
1.1546991989
-1.5073402559
-1.2463430211
-0.9873569105
0.7583173645
-0.2559811266
0.4891519926
-0.8515057862
-0.6476866367
-0.1782491358
0.6406013622
-0.7449306704
0.5444783629
0.4739077270
-2.4167896154
-1.4209382266
-0.9503657887
2.7552853600
1.1531111333
0.0623757159
-1.1069093045
0.2979942982
0.1391507077
-0.4506492575
0.8350166986
0.7753585672
-0.0314246515
-0.2330273066
0.3179331173
-0.3914766108
-1.1023454344
-0.4164981695
0.8209347543
-1.1383974337
-0.0729045856
0.3220070211
-1.1479739639
-0.2367867188
-1.3971553225
0.2675098211
0.3284822894
0.6607775763
-0.2220051873
-0.5370298980
-0.7345771853
-0.6191828415
0.3449720331
-1.0815741420
-1.4367840747
0.8719809111
1.1146621456
1.7210395942
0.0689922956
-0.3060388437
0.4563238485
0.8380114460
-1.1214325807
1.4880488156
-0.3068744412
1.4575162625
-0.0281413105
-0.4345911108
1.9335361886
-0.8252991924
1.6633915642
-0.8982016048
-0.3007362718
1.0881359512
-0.7186539707
0.1053640054
-0.9963137801
-1.5680364865
1.4836793440
-0.0691128484
0.5355895439
0.2247725265
0.4432476708
-0.1234229549
-0.1649008132
0.1213459550
-0.0428580554
1.6277514942
-0.2345103228
0.6999395014
1.2027201742
-0.7067079603
0.3342010261
0.0856079132
-0.4616113940
0.1957581233
-0.7472669582
-0.0766277695
-0.8009235409
-0.9975907552
0.5403431742
-1.1592306886
-1.1590178167
1.3336187340
-0.2385159463
0.9893996699
0.7326987197
1.1954799087
0.1208000702
-0.1652450045
-1.2512928878
0.6990608425
-0.3758566172
1.0141982286
0.6963246933
-0.1631773209
1.1784336380
0.7939230288
-0.2172981457
-0.8259023281
-0.1869080446
0.5201902423
-0.0821424461
-0.2140697854
-0.1151615826
-0.1132249623
-0.7698840765
-0.3972709763
-1.3538082397
-1.3473252451
-1.2348706965
0.7062552329
-1.5415269455
-0.1642911007
-0.1967885789
-1.0662447827
0.1806727440
-0.0954595000
-1.8195880832
0.4027213181
-0.9210013902
0.8471782294
-0.5310778162
1.2721263202
0.5117293869
0.4171768303
-1.0863876800
0.9989841201
-0.4959594543
-0.8558263549
0.4247351081
1.0392533943
2.3749906462
-0.0666684814
-1.2947089280
-0.8021382637
0.5960619671
-2.0855733008
-1.4948710138
0.1686842248
-1.3779705905
0.2639277100
-0.0729687147
-0.0318297755
-0.0741023048
-2.1945872005
0.7953017627
0.6818255638
1.0915406029
-0.6239389971
0.0312084676
0.6150754966
0.8509269563
0.9726905301
0.5101247040
-0.8136916697
1.4809135634
-2.1364583583
-0.8914100910
-0.8010166464
-0.2686151143
0.8367702294
-1.0184176007
-2.0094258818
0.3917120845
-1.1723124122
-0.6120983659
0.0052058614
-0.9965202965
0.0501495936
0.8013163201
-0.8333690336
0.8198062358
1.0332732481
1.5778031969
0.2737963923
-0.8003106629
-1.3555765345
0.1241634506
-1.5375421087
0.2759205534
0.6193495043
-1.6635510430
-0.2137648329
-1.9486915185
-0.4664955878
1.4335970238
-1.2462427482
-0.0005427475
0.2445696581
-0.4851209526
0.5046190980
-0.4287364369
-0.2936501800
-0.7434696907
0.4256733096
0.9581155613
-0.8484309071
-0.0581197496
1.4381054887
0.2690254911
-0.4836412859
-1.5215270669
0.0411878250
0.0309554986
-1.2262848062
-0.5969691349
-0.7476526343
1.6528569509
0.1036720090
-0.0666947438
-1.0611838460
-0.1320040169
1.9805480028
0.0747866872
0.9258796565
-0.4395030628
-1.4682998161
-0.8629679873
-0.6256910753
0.8477589141
-0.7319138476
-0.6871524022
-0.2897043946
-0.2836155481
0.5144004150
-0.8005822694
0.6827870983
0.5535033403
-0.2993802795
-0.9258300091
-1.3691970093
-1.1589472400
1.1933303300
-0.3052896000
-0.7130582452
0.1228924346
2.5132225990
0.5981958465
0.0833745283
0.2224628432
0.3901318725
-1.4498279304
1.4528759570
-1.0893817959
-0.1337085666
0.8940712491
-0.2707463414
-0.2297379766
1.5734050427
1.3757536446
-0.2293217152
-1.1455039992
-0.1141556948
-0.4265711699
0.6968418611
-0.5418903666
0.0549776959
-1.2875254672
0.1847415433
0.1004262117
-0.5192490313
-0.9090217577
0.3771056498
-0.6215560737
0.1144059314
0.4631980907
1.3606576622
0.4165531922
0.1245321517
0.3369043756
-0.3240434336
-0.8572260954
-0.2047476847
-0.1864653680
-0.2543133383
-0.7473494082
2.4474109805
0.1448043310
0.2548676282
-1.9090846376
-0.3506851596
-1.9657537814
-0.8044765816
0.4292818800
1.3823196725
-2.2731564698
0.1017953936
-0.3585328659
0.5225390940
0.9688933787
1.6486337533
0.2192873687
-0.2530894385
0.4038594433
0.6667204310
-0.7972360988
0.4960869211
-0.1890494604
1.9471744841
