12 3 0.09
9 0 2 0 3 1 0 1 1 1 3 1 4 2 1 2 2 2 3
12 0 2 0 3 1 2 2 1 2 2 3 0 3 1 3 2 4 0 4 1 4 2 5 0
12 0 2 0 3 1 1 1 2 1 3 1 4 1 5 2 0 2 1 2 2 2 3 3 1
2 4
3 3
4 2
0 0 0 0 0 0 0 0 0 0 0 0
0 0 0 0 0 0 0 0 0 0 0 0
0 0 0 0 0 0 1 1 0 0 0 0
0 0 0 0 1 2 1 1 1 0 0 0
0 0 0 0 1 3 1 1 0 0 0 0
0 0 0 1 2 2 1 1 0 0 0 0
0 0 1 2 2 2 0 0 0 0 0 0
0 0 0 2 1 1 0 0 0 0 0 0
0 0 0 1 0 0 0 0 0 0 0 0
0 0 0 0 0 0 0 0 0 0 0 0
0 0 0 0 0 0 0 0 0 0 0 0
0 0 0 0 0 0 0 0 0 0 0 0
-1.3223571012
-1.0996877275
0.2255767090
-0.7157739825
0.3780901273
1.0694605549
-0.6026026045
-0.9613762905
-0.4094093353
1.6337525602
0.7091156714
-0.0170378154
0.5421064399
0.7293335301
-0.3100611877
0.1450964695
1.0709613205
0.6336512720
0.0301747671
0.3261686202
-0.8808829757
-2.2318987024
-0.2580012480
-0.0669756730
0.6462995471
-0.5923659496
-0.7576546955
-0.7746199721
0.2366961751
-1.0094034708
-1.1281663455
-1.4846863260
-0.0363247048
-1.5059424397
-0.7813303469
-0.8553832671
-0.3070170485
-1.8463906880
-0.0168224002
0.1860177940
0.3370490779
-0.5730291214
-0.1192528848
1.3816184286
1.4863235689
0.5693115661
-1.8155775795
0.7442286441
0.6669988095
0.5500149651
-1.3260841693
-1.0923175847
1.1778557395
0.3027255404
-1.5896648112
-1.4966463704
1.1128173583
-1.9476920851
-0.6160225486
0.6616925593
0.2991912553
-1.1801649569
0.3538278467
0.8358958339
-0.9712575622
-1.0423100973
0.0946848818
-1.1770672935
1.2544156931
0.0046084410
0.3540593911
1.3809342278
0.4595780210
0.8223269750
-0.3371002902
-0.9028167641
-0.3058499283
-1.5942100621
-0.4099800938
1.4360251047
0.8675878632
-0.3254033455
-1.3307288608
-0.4193499720
-1.2208364841
0.4778519476
-1.5878115814
-1.2021747302
1.3604841611
0.9387833681
-1.1485881487
1.9668674158
0.1200817609
0.1571224546
-0.8469080614
0.3145500059
-1.8467221559
-0.8091559633
-1.0309974847
0.3175848407
-0.3559922071
0.0958369072
-1.6387549104
0.2753388152
0.3726564497
0.6109772212
-0.6163438824
0.3682589501
2.5687975586
0.1189013624
-0.0105261564
-3.4158191562
0.3230665040
-0.5066234414
-2.1108569305
0.1370097784
-0.9931988302
-1.8133867921
3.5854219557
-1.4590570005
-0.0021432568
1.1364693495
-0.7452150785
-0.8771421025
-1.5179358545
-0.2165175813
0.0231625469
-0.0388145476
0.6406282301
1.5829664055
0.2638388302
-1.0998690753
0.0408182946
0.6528127631
0.2660630511
0.0789793099
-0.0532229868
1.2626477483
-0.2076834456
-0.3985214449
0.0875504866
-0.5045759223
1.1364663170
-0.0912015408
-0.7841177224
-0.3812122586
0.9468540725
-0.6907954172
1.0526356738
0.0687671240
-0.6256818007
1.0993041437
0.8139596855
-1.4072651333
1.4232917011
-0.4571372305
-1.5077595115
0.8510448949
0.4448390924
-0.5758846547
0.9705496242
0.7536085306
-1.0671771701
-0.8082531626
-1.4753177498
-1.1071335490
-2.2686497581
-1.0828572127
-0.1232787149
-1.0300256455
0.7874925974
0.4658938180
-1.6931006356
0.4918902173
-0.4747567893
0.0582327074
-0.2472191148
0.7116733737
-0.7935766031
1.3111758125
0.5112902735
-0.1045742358
-1.3358988787
-1.9122227881
-1.0738690875
0.5967696957
0.4036755006
0.1505225128
1.8448185778
-0.9157634511
0.2783203697
3.5209979389
0.7084778462
-0.3400641247
1.4346830769
0.7271705606
0.1885977094
-1.0293087349
-2.6127321238
-1.5750353843
0.8880832365
0.7551183641
-1.0354675071
-0.3432271209
-0.6105735949
0.8005864215
-0.5324505060
0.4737643285
-0.3866167396
1.5369890679
1.7926100027
0.5093830980
0.8983869478
1.2887694114
-1.1350243700
-0.2111842475
-1.8180826677
0.6266864476
-0.9761300170
0.8171688923
-1.1287999213
-1.5134348313
0.3839539411
-0.1509035495
0.8698563317
0.2639929807
0.8979842747
-1.1913769411
-0.5269931537
-0.0253863408
-1.0848608658
0.8270436666
-0.0954688200
0.8576902111
-2.1976530987
-0.1032517102
1.0233332419
-0.1678021233
0.2493730212
-0.3439855273
1.0001877720
0.5066026160
-0.1158762871
-0.1597462487
-0.2835381306
-0.2054946242
0.2687563581
-0.6695857522
-0.6306682639
-0.3834079273
2.9175879713
-0.4844981883
0.3685676725
-0.8966536085
0.1173958718
0.4709649742
-0.3556956847
1.6013625273
0.2864230584
0.2188699784
0.3441590743
0.1224256349
-0.0831371061
1.6378313056
1.2058546270
-0.1335471929
0.1672385157
0.8688733687
-0.2706948500
1.0719357152
-0.3946016108
-0.6933977069
1.4976558176
-0.6311176851
-1.1511812579
0.6975257809
0.0824473536
0.0796753851
0.8898010798
-0.8365219010
0.3641595309
0.8012319837
-0.0433449834
0.5919057579
-2.0774685425
0.0501116084
0.4793662827
-0.3360795412
