13 2 0.11
22 0 4 1 4 2 4 2 5 3 1 3 3 3 4 4 1 4 2 4 4 4 5 5 0 5 1 5 2 5 3 5 4 6 0 6 1 6 2 6 3 7 0 7 1
10 0 0 0 1 1 1 1 2 1 3 1 4 2 1 2 2 2 3 3 1
2 0
1 4
0 0 0 0 0 0 0 0 0 0 0 0 0
0 0 0 0 1 1 0 0 0 0 0 0 0
0 0 0 0 1 1 1 1 1 0 0 0 0
0 0 0 0 1 1 1 1 0 0 0 0 0
0 0 0 0 1 2 0 0 0 0 0 0 0
0 1 0 1 1 0 0 0 0 0 0 0 0
0 1 1 0 1 1 0 0 0 0 0 0 0
1 1 1 1 1 0 0 0 0 0 0 0 0
1 1 1 1 0 0 0 0 0 0 0 0 0
1 1 0 0 0 0 0 0 0 0 0 0 0
0 0 0 0 0 0 0 0 0 0 0 0 0
0 0 0 0 0 0 0 0 0 0 0 0 0
0 0 0 0 0 0 0 0 0 0 0 0 0
0.5501856978
0.3367143793
0.6877705045
0.9393649141
0.5892195419
0.4777317207
0.1555088870
-0.8101810228
-0.1203251400
-0.1631903246
-2.0295233154
1.0439566281
1.1449396258
2.1730107214
-0.4550103785
-1.0973568575
0.2753810579
0.0749390436
-0.2561129724
1.1945028967
-0.2449140258
-0.6755089183
-0.2682560106
0.4868670170
-0.6906947830
-0.0225532683
0.5682596715
-0.2967155818
-1.4935972374
2.2960493339
0.8234831155
0.0773046827
-1.2009953419
-0.5721207057
0.2266433550
-0.1201603285
-0.3268567665
2.6720950551
0.5059502294
-0.3368844345
-0.3586182919
-0.6184253624
0.4107727988
-0.9843553780
1.9890146118
0.1524450643
-1.5190358489
0.0415899707
-1.3121681591
1.0167604328
-1.2922415874
2.0561024313
2.7664506190
-0.2999203174
-0.5836978101
-1.7342122739
-0.6657591349
0.6630340458
-0.3488587957
0.5725982417
0.0543386635
1.3616389635
-0.0635141449
-0.5199627799
1.0264202806
-0.9522498919
0.4765175944
0.0505043688
-0.0430127068
-0.0960354673
0.8305293200
0.0306771066
-0.1100631140
-1.2641119308
1.1647030100
-0.5723600707
-1.3665007185
0.9047068949
0.0341363396
0.3767137406
-0.6501648612
0.7897675480
-1.1506161745
0.3520052541
0.2443967899
-0.6226745829
-1.5314847295
0.3592540276
0.5113416041
-0.4307986564
0.8190922976
0.1886217693
-0.6779049861
1.3852267755
-0.3643145534
0.5067325661
1.4338909434
-1.9698070620
1.8193129774
0.1532073780
-0.0591913325
-1.4106453415
1.4136980351
-0.9633516854
0.7842768987
-0.7982179310
0.6565229031
-1.0152652406
0.0177092726
-0.7268658652
-0.8162301685
0.5744387829
-0.7396374845
-0.1104198303
-0.0036997887
0.5847511532
-0.1814835710
0.3179567543
-1.0433428552
-0.6345492310
-0.1137938347
1.3093924722
-0.1818137139
2.1325212984
0.0520761933
0.7657916042
-0.6051859239
-1.9841063237
-2.2726300671
-0.2532635371
0.3094300911
0.8044537416
1.8330389477
1.3416341707
1.6753006690
-0.8376692040
-0.4556270070
1.0443506021
1.0280199230
-0.7809344194
0.3109710009
-0.3620367157
-0.0952222678
1.0703362068
-1.6920935239
1.6191997199
-0.2979068745
-0.6239398830
0.6987142403
-1.3008208985
1.3212407723
-0.5971023144
-0.0194557523
-0.8846731614
-0.7673301134
0.4168128548
1.1030015344
-0.0596804021
0.9616596766
-0.1109794075
-1.2820032739
-0.4822195427
-2.9922873480
-0.6685320501
-0.3498461689
1.2213710159
-0.3227375352
1.0223036114
-0.8058913333
-0.3315510148
-1.1375624648
-2.3113055204
-0.5766870969
0.5138422965
1.0009169158
-2.0104945195
-1.5665231734
1.3822153807
0.6636997644
0.0505149478
-0.3779722368
0.1455604011
-2.1284408062
0.9685816696
0.3483587832
0.7754737869
0.1763926926
0.2874194744
0.0935110108
-0.8485858954
1.1308368223
0.0199100954
1.4419984293
-0.3453241824
0.6224099442
-1.4382665158
-0.1402596469
-0.0119284511
0.6923472855
-0.0885750497
-0.4173701294
-0.9436803919
-0.4312550332
-0.6382133771
2.5962562586
-1.6431665774
-0.4117692242
-1.0590006674
-0.4497803426
-0.5505483108
-1.3136459929
-0.4065393362
0.1071939556
-2.4131430350
-1.1186267360
0.2868738268
-0.3207627442
-0.3635647209
-1.0142491993
-1.2240374274
1.0156028589
-0.0970154556
-0.9192046851
-1.4733476917
0.0255210441
0.8885455536
-2.0596840610
-0.7314541062
1.3613717672
-1.9518791957
-2.4872616953
0.5988089402
-0.5024771593
-0.2345240947
-0.7602840961
0.6239914981
-0.5466111078
0.5695555752
-2.8372552448
0.4382786835
0.8945399605
-0.2047429711
0.9484638514
-0.6091510989
0.8150952244
-0.9974188405
-0.1101723323
-0.8227271587
0.6567959295
0.8134258971
1.8601074103
0.5580813367
0.4515933122
0.4761208386
1.2040954238
-0.8875600031
0.9434913045
-0.7038750075
-1.0870512765
0.4019487443
-0.1610959698
-0.2379904933
-0.4604786600
0.8449252328
-0.7927545622
0.1331221431
0.4814748223
0.8179262704
1.2216191508
1.7443243273
-0.1795890699
-0.9142209211
-0.1076913267
-0.5487286873
-0.2282379763
0.2019545833
-1.1214359924
-0.7015702244
-1.4185380245
1.0774445649
0.7765113037
0.0830386762
0.7701637792
-0.4849129092
-1.1043481449
0.7751852541
-0.9761885884
0.3608357439
0.8322539040
1.0411162944
-0.2943643756
-0.0607395611
0.0127686291
-2.1690066201
-0.3298664415
-0.1698732043
0.2053424825
2.4901063823
0.4375889600
0.1909516352
0.6685145844
1.1194240521
-1.1785573231
0.2281807963
1.5861113489
-0.0025413124
0.5487512898
1.0884709661
1.5224525523
-1.5143545272
1.0812979766
-0.5000514164
-0.6652558173
-1.2389405502
-0.4518164567
-0.6805794497
-0.9375300894
-0.6827332403
2.3440610968
-0.0595812125
-0.4684446284
0.6501172666
-0.7663088567
0.1958590969
0.4975078665
0.9065109283
1.1718072459
-0.7150168065
-1.2187210033
1.2195652860
-1.1051780112
-0.3268916271
0.8635260234
-0.0071788989
0.1422245105
-0.8719837018
0.8903824054
-0.6711071067
