15 4 0.03
22 0 4 0 5 1 4 1 5 2 4 2 6 3 2 3 3 3 4 3 5 3 6 3 7 4 0 4 1 4 2 4 3 4 4 4 5 4 6 5 2 5 4 5 5
24 0 0 1 0 1 1 1 5 2 0 2 1 2 2 2 3 2 4 2 5 3 0 3 1 3 2 4 0 4 1 4 2 4 3 4 4 4 5 4 6 4 7 5 2 5 3 6 3
28 0 3 0 4 0 5 1 1 1 2 1 3 1 4 1 5 2 0 2 1 2 2 2 3 2 4 2 5 2 6 2 7 3 1 3 2 3 5 4 2 4 3 4 4 4 5 5 2 5 3 5 4 6 2 6 3
26 0 0 0 2 1 0 1 1 1 2 1 3 1 4 1 5 1 6 2 0 2 1 2 2 2 3 2 4 2 5 3 1 3 2 3 3 3 4 4 2 4 4 5 2 5 3 5 4 6 2 6 3
4 6
6 0
8 4
5 1
0 0 0 0 0 0 0 0 0 0 0 0 0 0 0
0 0 0 0 0 0 0 0 0 0 0 0 0 0 0
0 0 0 0 0 0 0 0 0 0 0 0 0 0 0
0 0 0 0 0 0 0 0 0 0 0 0 0 0 0
0 0 0 0 0 0 0 0 0 0 1 1 0 0 0
0 1 0 1 0 0 0 0 0 0 1 1 0 0 0
1 1 1 1 1 1 1 1 0 0 1 0 1 0 0
1 2 1 1 1 2 1 0 1 1 1 1 1 1 0
1 1 2 2 2 2 1 2 2 2 1 1 1 0 0
1 1 1 1 0 2 1 1 2 1 1 1 0 0 0
1 1 1 2 3 3 2 2 1 1 1 1 0 0 0
0 0 1 2 1 1 1 0 0 1 0 0 0 0 0
0 0 0 1 0 0 1 1 1 1 0 0 0 0 0
0 0 0 0 0 0 1 1 1 0 0 0 0 0 0
0 0 0 0 0 0 1 1 0 0 0 0 0 0 0
0.9959262786
0.4762094534
0.1478113756
0.8008574344
0.7459139150
-1.6057722775
-1.2091618658
-0.4732810680
1.0789162493
-0.7343106290
-0.5295079848
-0.1310808330
-0.9463969363
0.7705351899
-0.1113622328
-0.1741786468
-2.4155198555
-0.3194141234
0.3092928307
-0.5724724911
-1.5740868830
-0.4898573423
-0.5271851740
-0.2612129864
-1.9996216208
0.4841687640
-0.7142451605
-0.4067993476
-0.9438953752
-1.9661090600
0.1542207479
0.1248104067
1.8445832416
2.1136528068
0.5876580634
0.2185738608
1.0385933564
-1.7892105882
-0.4170937194
0.0035386726
1.1520439670
-0.0543484349
-2.0665071856
0.6096236244
-2.0397317818
2.0060575688
-1.0637518166
-1.7933477850
-0.6673309314
-0.8982730462
-0.2465264155
0.2342417393
1.8017396208
0.6038845479
-0.5484522827
1.3152685901
-0.5597583690
-0.0772245806
-0.3280430299
-0.7336010378
-0.2073234783
-1.5728748310
1.4643944949
-1.2945624998
0.7517336014
0.5945413096
0.5271715501
-1.0510589202
1.0850386742
0.2878598399
0.8037140363
0.2798212334
1.6832360818
-0.5931077584
0.8430343282
0.9156997770
0.6383530459
-0.9515844662
1.3829566781
-0.6284534772
-0.3548797858
0.0796425840
-1.8719417128
0.6391245685
-1.2959129188
-0.1456745948
0.4094319733
-1.9692846226
-1.3923628065
-0.7251792587
1.3186881233
0.0315618366
0.0847814906
0.6399072047
-1.0711532520
-0.5370988367
1.2363411504
-2.2964209850
-0.5588932341
0.0017409452
-0.9727800295
0.9331390712
-1.4537555986
2.2275869627
-1.0542521178
1.4360369634
0.8785163710
0.7003023020
0.2203059291
-1.5272797371
1.2216121391
0.0155887460
0.1302716465
2.1939084503
-0.0586429251
-0.0431125461
1.1121297104
-1.7202288938
-0.4648961059
0.9243686130
-0.0116117162
0.3506597963
-0.0045045407
2.6786530306
0.7577257857
-0.0975486231
-0.8338400780
-0.4838503013
0.3424669849
0.0270733607
0.3927503754
0.5967393322
-0.3647116162
-0.5456795725
-0.5072861075
-0.5833566768
0.7191463078
0.0124417909
-1.2579948401
1.7513183817
-1.8159109328
0.2952794074
-0.2715613604
-1.3454282746
0.0604671007
-0.0162016880
-1.1689993722
0.0279414412
-0.3837962507
0.5452256479
-1.6629627764
-0.6013408613
2.3217262746
1.5203778631
1.3694494060
-1.1922535965
0.1227786950
-0.7300155084
1.4157587641
-0.0499071499
0.7465343664
2.0579598373
0.4741846992
0.9052382017
0.2794074744
-1.5194701243
0.8910886833
0.3372938009
1.4245468304
0.2992313629
0.2637528363
-0.4006701883
1.4798599761
-0.9455516879
0.0848519724
0.3136827796
-0.9358956702
1.0259591846
1.2996183781
-1.7862165204
-0.1406935912
0.5195618938
-1.1845471117
-1.6239721041
0.3032237561
0.9952717299
1.5870060748
-1.1932806276
0.8169689986
0.5579963576
0.4214098555
1.2731794459
0.4757822159
0.5641813212
0.4809697878
0.9792073200
-0.1256696196
-0.9571518447
-0.2561720399
-1.6193067512
-0.2028036185
-0.5464457997
-0.0992190810
-3.0389825187
-2.7292967546
0.2838166598
-0.4190922045
0.2562719034
-0.2104619289
1.6472652728
-0.6219547145
-0.7445805244
-1.8529935437
1.2883272177
-1.1229676394
1.0573134410
1.4913434098
1.2275605716
-0.4766125787
0.4504549045
-0.4500332938
-1.1402131207
-0.7403535189
0.5827761987
-0.7987242130
1.1312547890
0.8236560005
0.6686839265
0.7495540374
0.9671658290
1.1468605100
0.6549255017
0.4833855147
0.0658661525
0.0292032430
0.5643242076
0.7052880336
-0.3508113691
1.2296330992
0.1230704025
0.3190800333
-0.7355092793
0.2089505546
0.6123036329
-1.1758672126
2.3603341460
1.8523065670
-1.1384778709
0.4919488406
-1.5507010393
-0.9792610103
0.3856285389
2.2226355407
-0.3294009024
-0.5235824592
-1.1667591328
0.2150512739
-1.5445969635
-1.5451941634
-0.1974685660
-1.2357278378
0.6566363358
-0.0437248451
1.1003123697
1.0643358701
-1.0808358978
-0.3257469100
0.6252634844
0.7399859833
0.3039934183
1.3590398291
1.2583324646
0.2109329297
-0.3176327899
-1.6196429758
-0.0682841598
0.5615425308
-0.3074748281
-0.5058954154
0.6412057077
0.8181752433
0.7239307570
-0.6573589151
-1.0074160314
1.7016500696
0.8892405849
-1.6548631154
-0.6595085408
-2.7345229223
1.0010286507
0.4123340839
0.1269707187
0.3035690517
0.2988581333
0.3457550411
0.1765909283
-0.6357349391
0.7744422149
1.6478743058
0.4063062006
-0.9661155797
0.1396153801
-0.6600138833
0.4240827415
-0.1200943717
-1.4475003506
1.1945685789
0.3945698749
-0.4707664527
-0.1223209632
-0.9150206911
1.1343050111
1.2864449958
0.8843566978
-0.5921037205
1.1885923274
0.2066351530
-0.2264230647
1.9696533617
1.0079498214
0.1513629225
-0.0875370416
1.3118193068
-0.6928587436
-1.5665106954
-1.6323885474
-0.1999738816
2.5988645910
-0.2221805412
-0.1063912157
-1.2683203536
-0.7881548296
-1.3776195825
-1.5374630859
-0.4137581533
0.3623473300
0.1348389660
-0.9321299616
0.2045447405
-1.9175114458
-0.0121193361
0.7125321014
1.0713357391
-0.2778590150
0.8307573355
0.3819853175
0.0848384295
0.5514088439
-0.4274216985
0.4700946210
0.3928968931
0.4201963437
-1.6656939719
-0.2871214995
-1.0645454137
2.2120252715
-0.1999898442
-0.5672035930
-0.7893992792
1.3708664919
1.1901834409
-0.9483558667
3.1285540727
-1.6255233627
0.8749296774
1.5602346626
0.7535932725
-0.5110365397
0.0006000086
0.6405896584
0.7550039847
-0.7157020305
-1.6512837518
1.6458101598
-0.1577102229
1.1480565415
0.5912429274
0.2487025118
-1.0425032669
-1.4241944555
-2.1186185014
0.9541290378
0.8309574418
-0.0408814464
-0.4298022271
-0.5115049642
-0.2863215836
2.2389588009
-0.1758342750
0.3363113385
-1.5983430981
-0.0599057574
1.0962835679
0.6351844172
1.1943203615
-1.6368131699
0.7165627212
-0.4840205329
-0.0620643606
-2.1777463788
-0.4597265645
-0.6979597012
-0.1783313023
-0.1656780075
-1.6468106118
-0.4815333077
0.7020088107
-0.3449768364
-0.4525388168
1.6820308703
0.3729663323
-0.0290886164
0.5051651641
-0.4423449359
-0.9165451875
-0.9654505206
-0.5670135594
0.0106650988
-0.3416246010
-1.4818470818
-0.4059801396
-0.2340648869
-0.1232075105
0.4528876818
1.1205738247
1.1919611635
0.8840732660
0.9083359888
-0.5100232852
0.8228509071
-1.7240761714
-0.6918696233
-0.3876705230
0.6861870373
-0.3327028098
1.4043700859
1.0344085625
-0.8596258535
-0.3217159648
-0.7612040363
0.5301909863
-0.3733443473
-0.9811791779
0.9376669309
-0.0169988193
-0.8767623038
0.3393211678
0.4093529679
1.9567910322
0.3556501433
