12 4 0.15
14 0 3 1 2 1 3 2 0 2 1 2 2 2 3 2 4 3 1 3 2 4 1 4 2 4 3 4 4
13 0 1 0 4 1 1 1 2 1 3 1 4 1 5 2 0 2 1 2 2 2 3 3 0 3 3
10 0 0 0 1 0 3 1 1 1 2 1 3 2 1 2 2 2 3 3 1
15 0 3 1 3 2 0 2 1 2 3 2 4 2 5 2 6 3 1 3 2 3 3 3 5 4 2 4 3 4 4
7 0
2 6
4 1
3 3
0 0 0 0 0 0 0 0 0 0 0 0
0 0 0 0 0 0 0 0 0 0 0 0
0 0 0 0 0 0 0 1 0 0 1 0
0 0 0 0 0 0 1 1 1 1 1 1
0 1 1 0 1 0 2 1 1 1 0 0
0 0 1 2 2 0 2 1 1 2 0 0
0 0 1 1 2 1 1 0 1 0 0 0
0 0 1 1 0 1 1 1 0 0 0 0
0 0 1 1 0 0 0 0 0 0 0 0
1 1 1 1 1 0 0 0 0 0 0 0
0 1 1 0 0 0 0 0 0 0 0 0
0 1 1 1 1 0 0 0 0 0 0 0
0.2693440530
-1.5371670957
-0.6147344434
-2.2113266668
0.1544960359
0.5529616910
0.3475088578
-0.8480671092
-0.8915311509
-0.3387451513
-0.8946745375
-2.7528842037
-0.3617853180
0.3116400737
0.2135215946
-0.5721826011
-0.1785050614
-0.3013505945
-0.2068371879
0.1708064864
0.1523612038
1.2826334358
-0.1974145058
-0.3596006411
1.4588946524
0.6236690186
-0.0690647222
-0.9747934167
0.4330781013
-0.8312747685
1.0241988321
0.7259937855
1.5256619784
-0.7180373502
1.1389258689
0.1474255963
1.1410958401
2.1080316767
-1.9341091802
1.0851914997
2.4060747516
-0.2294995986
-0.3642248068
0.5142455909
0.9132838735
1.9946662819
-0.3475493067
-0.8179376769
1.1773250646
-0.9774809071
0.7831631824
-0.5158313767
-0.7126506759
-0.8602106741
-0.6064834220
1.4082915949
0.6051038737
-0.4798535039
1.4371622636
-0.2890621842
-0.3491407945
0.0872207685
0.1368951633
-0.5714294614
0.8151857329
0.7442008336
-0.2557606545
1.5629306116
-1.3210546227
-0.1119366213
0.5031344100
-1.1985194820
1.4569885552
-0.8528315147
-1.1712804862
2.3426295383
1.0155042942
-0.6290251084
-0.5257675881
0.6535072049
0.2870984452
2.0791839441
1.3305702386
0.5398832546
-0.8400445983
-0.6033513957
-1.1257947875
-0.7846221398
0.0704295570
-1.2654479321
1.6812315692
-0.5284389223
-1.0658427101
-0.1733968939
1.5549505803
0.3331457505
0.8868918083
0.9248265305
-1.1906356555
0.7638898573
2.8974310104
-1.4080161850
-1.4649132905
-0.8736674351
0.9679133519
2.4580615927
-0.0319749751
-0.1427039461
1.4161256919
0.9302474312
1.1593634927
-1.3505614071
0.3037468262
-1.0997950331
0.2604506122
-0.7185835212
0.5435345766
-0.2079109595
-1.1386603666
-1.2819837976
0.0261034986
-0.1232057300
1.7415614786
-1.0076503980
-1.0029367528
0.5403880052
1.4114325655
0.7330141571
0.9855538358
-0.6716902560
0.1993376104
0.7175516211
0.5319751936
-0.2584255624
1.6054987220
1.0150722866
0.7487897560
2.1495274108
1.7500346697
-0.2139183239
-0.8677028816
-1.6373564530
2.0998221544
0.9217144860
-0.3315456742
0.2036406898
0.0475863475
0.2424651119
1.7449859710
1.2207476387
0.3894376709
1.4368805217
0.5814286065
0.3891950321
-0.9329927590
-0.3033057590
-0.7411667220
-1.4281356749
1.3131937043
-1.2571627438
-0.0124002545
-0.0228722327
-1.6287239800
-1.6656379974
0.1892774598
0.4077913874
-1.7318095645
-0.0579797327
-0.5657047161
1.0042335657
-0.7236329674
-1.1301507028
-0.4463886881
-0.7977268105
0.1433059436
0.7503646317
-2.3789928395
0.2458288114
0.6355665512
0.1456096161
0.0687800849
0.6789077667
-0.2351858721
1.0427528662
-0.6693920623
0.8511094679
0.9357971914
2.6935268409
0.4651909982
-0.1851866911
0.3843659422
-1.5811260646
0.4574577358
-0.1460738534
1.9613954229
0.5424402593
-0.7378744778
-1.4978713920
0.6861260088
-0.1928608371
-0.4961891289
-0.9130142303
-0.0506935871
0.9748084573
1.1401509373
-0.4217261547
-0.5496285064
0.4100778728
0.3962493725
-2.1868052187
-0.9738413751
0.2017049972
-0.4534310136
-0.6960471948
-1.4161611519
-0.9888118046
-1.1096695461
1.1763729622
0.3604614267
-0.2259471400
0.7513389069
0.4624231976
-0.2373332541
-0.4329475258
-0.3237466050
-0.4239070999
1.0465030105
-0.6652968478
0.1081215554
1.8252916857
1.2976177748
-0.6511847822
-1.8395280388
-2.7300675738
1.0456346967
-0.8509358297
0.8740372495
-0.6081755433
1.1888255894
1.6147293940
0.1184096134
-0.9472291133
0.6965491435
0.6145985885
-0.1551770031
-0.2465611237
-0.3009867809
-1.6074629705
0.5751028524
0.6496610339
-0.6828477938
0.1550077668
-0.3659437850
0.2633721294
0.8862438637
1.8060463918
1.1822143812
-1.5455047821
-0.8671357297
-1.1200372316
-0.1791843783
0.4586513072
-0.1652640308
-1.4467024229
-2.5259201889
1.5184222977
-0.1078001622
-0.5257815470
0.4512622131
-0.4456540265
-0.1370199948
-1.3900859417
-1.0213177985
-0.2698967458
-1.2438508693
0.6042394801
-0.4640587198
0.3105480876
-0.3496667444
-0.1301350875
1.6498301415
0.6038716358
-1.2574732142
0.5804873476
-0.2487143019
-1.0313131280
1.3054588325
-0.2974947645
