14 9 0.10
6 0 1 1 1 2 1 2 2 3 0 3 1
6 0 0 0 1 1 0 1 1 2 1 3 1
8 0 0 0 1 0 2 1 2 1 3 2 1 2 2 3 2
6 0 0 0 1 1 0 1 1 2 1 3 1
6 0 0 1 0 1 1 1 2 1 3 2 3
8 0 0 0 3 1 0 1 1 1 2 1 3 2 1 2 2
6 0 0 0 1 1 1 1 2 1 3 1 4
7 0 2 0 3 1 0 1 1 1 2 1 3 1 4
7 0 0 1 0 2 0 2 1 2 2 2 3 3 1
0 2
7 4
7 3
7 2
11 4
10 2
7 2
9 4
0 1
0 1 0 1 0 0 0 0 0 0 0 0 0 0
0 1 0 1 0 0 0 0 0 0 0 0 0 0
0 1 1 2 2 0 0 0 0 0 0 0 0 0
0 0 2 1 0 0 0 0 0 0 0 0 0 0
0 0 0 0 0 0 0 0 0 0 0 0 0 0
0 0 0 0 0 0 0 0 0 0 0 0 0 0
0 0 0 0 0 0 0 0 0 0 0 0 0 0
0 0 2 3 2 2 0 0 0 0 0 0 0 0
0 0 1 2 2 3 2 0 0 0 0 0 0 0
0 0 0 1 1 2 1 1 0 0 0 0 0 0
0 0 1 1 1 4 1 1 1 0 0 0 0 0
0 0 1 1 2 1 0 0 0 0 0 0 0 0
0 0 0 1 2 1 1 1 0 0 0 0 0 0
0 0 0 0 0 0 0 1 0 0 0 0 0 0
2.0815508124
-0.7689288389
-1.1624089333
0.0847238593
-0.2066001280
-1.2019301515
1.8213477180
1.6167128947
-0.9247467618
0.5004910509
0.7335980536
-0.6507677830
-0.5420237359
-0.6724433865
0.2734840087
1.3691364726
0.7146547036
-0.8834917054
-0.6259626566
0.7065083895
-0.9323825640
0.6835648936
0.8563533933
0.3619392694
-0.4378677431
0.3624218734
-0.6566226991
-0.4081525068
1.1078672047
0.7585897987
-0.7271559451
1.2548202891
-0.7986606812
-0.8550754129
-0.2517864122
1.1499390281
0.0983172553
0.9746190368
-0.4422003778
-1.4607701394
1.0606248718
0.2580440906
0.5072906049
0.8893394417
-0.4506755463
0.7663872207
1.7788429107
0.4487206900
0.0524834554
-1.5266307617
-1.0527745215
-1.5405098835
0.3119156348
0.6722328885
-0.3855424579
0.1991579579
-1.1514014106
-0.0884289774
0.5915805603
0.8115929027
-2.0792514381
0.6945699166
0.2447693333
0.0912146824
-1.0998339129
-1.6164535223
0.1137455106
-0.3160998060
0.1088208252
1.1685170130
-0.9669900574
-0.3966482032
0.6140445625
0.9167552257
-0.6302395759
-0.5001070519
-0.2057820895
0.5052036566
-0.9313115714
-1.4014282018
3.1150115053
-2.0608251750
-1.0674694390
0.4230726667
-1.5117798213
0.1687616540
1.1652601607
1.5090648648
1.4572314867
-1.3891598951
0.8218441580
-1.6667105219
-1.1400557993
-0.6906989141
-0.1408755053
1.1814040409
0.2325940968
0.3187795411
-0.6292667437
-1.1632458099
0.5108952934
0.0973601388
0.2533760310
-0.8063108649
0.7985306206
0.7424047601
0.2728943021
0.1027019729
-1.5545460086
-2.2573013305
-0.3569579205
-0.2239554160
1.1011692795
-0.1908954385
0.6716526451
-0.3164553986
0.3815370356
-0.1888192568
-0.9181851833
-1.1363334725
1.4392324320
0.6334171524
0.0935688476
0.9252710463
0.1883838812
-1.2478842732
-0.1682331471
-1.5410073575
0.0244824678
0.0364933313
0.3184562864
-0.6815034412
1.5841295883
-0.5666217410
-0.2649546872
0.4638137677
0.6572198448
0.5415683897
0.2600695017
-0.3626936462
-0.7578248210
0.4737329243
0.4575519436
0.9743285136
-0.5608920747
0.8524737919
-0.3708614392
0.5461875993
2.7276890077
0.0436051366
0.8427863596
0.1148732371
2.1583373639
0.5153288412
2.2222194156
1.2150766853
1.2197063783
-0.2796223390
-0.2386511948
-0.6596161390
-0.9030547777
-0.7355719402
-0.9056545716
-0.4215782987
-0.1936165447
0.8770846801
-1.5529328486
1.4449222414
-0.8717906276
-0.2699937230
-0.6878291685
-0.6521297587
-0.9851237182
-0.0477065126
0.0619429500
-0.5270087357
-0.2299931272
-3.2782002707
-1.6844893396
0.1352515947
-1.0264037126
-0.2659573218
0.5192836688
0.1436530082
-0.3232291213
0.1350807688
-1.1390371790
0.5644514538
0.2490440132
1.3314592543
-2.1478101167
0.5428986110
-2.4865837032
0.2342527407
-0.4919863463
0.8186329152
-0.4380841614
0.0419197230
-0.2020680381
1.5857583202
-1.3889718257
-0.9357303874
-1.3433167461
-1.5981561131
1.4248120634
-1.0880285517
-0.5736414879
-2.4051349055
-0.7487993215
-1.1636445506
0.4045066424
0.3481554595
1.0370402389
-0.3215172185
-1.7608834430
1.2753589937
0.2743696386
-0.4304006187
-0.5736148570
0.6366968327
-1.0050164039
1.0652331749
0.8401970942
-0.0350206698
-1.8328405748
-0.3995414653
1.0334456771
-0.3815564529
1.1645155188
0.6222159059
-1.4122858872
-1.3684414745
0.4891729822
-0.7878864207
0.2894547293
0.5136210277
-0.4015453071
-0.0007245255
-0.2590275000
-0.4643062925
-0.4279959128
0.3845895562
-0.2410025183
-1.0632180270
1.6731089320
-0.4928985823
-1.7928693146
-0.4507095060
-0.6574050088
1.4278758968
0.2671420134
0.1342369085
0.0166787966
-0.7598262548
1.3284159866
1.0917052532
2.0184705803
-1.5438342038
1.4290090609
1.0278635244
0.0535701261
-1.0196888848
0.3561884052
0.1095584926
1.5699801127
0.4158070601
-0.2508007540
-0.3817266664
0.2602841871
0.9270021473
1.9455364865
-1.4637935197
-0.0529195755
1.8474264061
0.5007106164
1.0604251681
-0.0161934330
1.3910914450
-0.0008796332
0.9330434668
-0.0606114876
0.4830098395
0.3185154810
0.7036346273
1.1754910454
0.4181253417
-0.5333580436
-0.2275915620
-0.7556575889
-0.1534004328
1.1480786237
0.1611636309
0.1618822176
0.2203027877
-0.5648813590
-0.3248988245
-0.7483480500
1.4714669688
0.1796256324
0.1793156885
0.5814285723
1.7789126224
0.6108491841
-0.1700559895
0.0752722072
-1.2218705370
0.5300714783
-0.3398794931
0.6512075075
-1.7667501825
-1.1376844214
-2.1068116000
-0.0340447701
-0.4043832421
-0.3122318788
0.7494706856
-1.8022883271
-0.3455433297
1.1591311640
-0.1183282915
-0.3252853485
0.3057926001
-1.6954934351
1.2934776700
-1.5887632133
0.9463296480
-0.5991544325
0.7276967098
-0.9222452961
-0.8670933508
-0.5967581158
2.0128629683
-0.3125656212
-1.0345116597
0.2824740238
0.7668795043
1.7328201891
-0.0505055149
-0.1066628543
1.7385567364
-0.0296974471
-2.1056507075
-3.1286268439
0.1973623068
-1.1001138416
0.9340356877
-0.9851679495
0.9978010888
-0.6352858504
-0.7555380782
-0.5990153670
0.3379926759
0.5657210280
0.5216350351
0.7832647748
-0.3553577480
0.0263226211
1.3033825565
-0.3189817743
1.3076551862
-0.3873287671
-0.1908312584
0.7320260614
-0.2557053348
-0.7135597618
-0.8918903869
-1.5405679817
2.3490584860
0.2533149614
0.4856225243
-1.5562761142
-1.1383915392
1.2502711850
-0.4324778411
1.0697708357
-0.4937102397
-0.8290126715
0.0082626625
-1.7564871548
0.3606619618
-0.1816118183
-2.3873680266
-1.6271589105
0.9574712575
-1.7203940752
-0.7185849620
0.0021708994
0.4250306596
0.4034314323
0.8671746948
0.2165651427
-1.9018547586
