16 12 0.04
5 0 0 0 1 1 1 2 0 2 1
5 0 0 0 1 0 2 0 3 1 0
5 0 0 0 1 1 1 1 2 1 3
5 0 0 0 1 1 0 2 0 3 0
5 0 1 1 0 1 1 2 1 3 1
5 0 0 1 0 1 1 1 2 1 3
5 0 1 1 0 1 1 1 2 2 1
5 0 0 1 0 2 0 2 1 3 0
5 0 0 0 1 0 2 1 1 1 2
5 0 1 1 0 1 1 2 1 2 2
5 0 1 1 0 1 1 1 2 2 2
5 0 1 1 1 2 0 2 1 3 1
9 6
3 1
3 4
5 11
8 9
9 3
10 4
4 4
3 8
2 2
3 13
9 13
0 0 0 0 0 0 0 0 0 0 0 0 0 0 0 0
0 0 0 0 0 0 0 0 0 0 0 0 0 0 0 0
0 0 0 1 0 0 0 0 0 0 0 0 0 0 0 0
0 1 2 2 2 1 0 0 1 1 1 0 0 0 1 0
0 1 0 1 2 1 1 1 0 1 1 0 0 1 1 1
0 0 0 0 1 0 0 0 0 0 0 1 1 0 0 1
0 0 0 0 1 1 0 0 0 0 0 1 0 0 0 0
0 0 0 0 1 0 0 0 0 0 0 1 0 0 0 0
0 0 0 0 0 0 0 0 0 0 1 1 0 0 0 0
0 0 0 1 0 0 1 1 0 1 1 0 0 0 1 0
0 0 0 1 1 2 1 1 0 0 1 0 0 0 1 0
0 0 0 0 1 1 2 1 0 0 1 0 0 1 1 0
0 0 0 0 0 1 0 0 0 0 0 0 0 0 1 0
0 0 0 0 0 0 0 0 0 0 0 0 0 0 0 0
0 0 0 0 0 0 0 0 0 0 0 0 0 0 0 0
0 0 0 0 0 0 0 0 0 0 0 0 0 0 0 0
0.5187070988
-0.1789891902
-0.0410232294
-0.4798941809
0.8060649395
0.8996433538
1.0021104927
-0.8291320509
0.1254070143
-1.0417309614
0.3896578091
-0.4363393142
-0.6875986562
-1.7685056844
1.1355461402
1.0652826824
0.6059216434
0.0533208919
0.2585575317
-0.4300376464
1.6665692183
0.2433732524
0.3907374423
-0.6587410352
-1.2196487998
-1.2542685286
0.0646744285
0.4741542937
-1.0875665346
0.4565171607
0.2159271761
-0.1600940947
-1.7630589751
-0.2189996373
0.3042860006
-1.5868083426
-0.1403305355
0.8841976182
0.3381024488
0.3401470912
-1.0402604569
-0.7659328549
-0.5705666824
0.8197228676
-0.0845004095
-1.6518694025
-0.5175335424
0.1112404180
-0.0814735031
-0.8409242754
0.2454867544
-1.0310019917
-0.2222663027
0.9637303874
0.3256489654
0.6750266173
0.5557225531
0.5055507978
0.9467195071
0.4102754735
-0.6393062653
0.3721897188
-1.1942692027
-1.9016743121
1.8165865733
-0.2157930969
0.7866909111
2.0003771488
1.3509522221
0.5223225123
3.1093085187
0.6681812571
-0.4165417234
0.3618861820
-0.9969794212
-2.1502589038
-0.0431740447
0.5863590553
1.0517073286
1.8751483712
0.2916350279
1.1128098420
-0.3902942172
0.5613017311
-0.8973612009
2.2744977743
-1.1531160966
-0.3175565875
-2.0859608261
-0.2351685103
-0.6351134324
-0.9616173819
-2.4614077271
0.6204949516
-0.8929987366
-1.6717141674
0.9742957141
0.0127410656
1.5760510221
0.3562530665
-1.2012894539
-0.3740824178
-0.6083426893
-0.1258759051
-0.9437868208
-1.2903054552
0.0560876864
1.1190052280
-0.1971646149
-0.1651958394
0.1930962345
-0.2489218555
1.8591011402
1.0229472716
1.7223961758
-0.8253023802
1.3863535200
0.1654431483
0.2773154027
0.9739749680
1.2696081240
0.7103636179
0.5428513999
0.8200318358
-0.3757284684
1.4270926950
-1.7577148552
-0.8617083523
0.6305386606
-1.5274011527
0.5252564523
1.5676225670
0.9793376535
-0.2142053997
0.0214822983
-0.6018667163
-0.4728661992
0.5519610545
0.6632007211
0.8036641658
-1.0634105276
-1.5055700685
0.6121055905
0.4826682420
0.6080016740
0.0686509480
-1.0572318877
-0.2289362187
-1.6683088759
0.3292895560
-1.1423951086
1.4895554767
-0.1998940093
-1.3734880478
-2.2394328264
-1.4866168206
0.3573673115
1.8487492004
1.6180175775
-0.7237690959
-0.7081600024
-0.8353247139
-0.2401104810
0.7773982030
-1.4496008149
-0.4947686194
-1.5453166005
-0.2109331002
0.7446240142
-0.9533698342
-0.8354672243
0.6084703459
-2.2126277688
-1.7093874408
-0.5430236120
1.0990658720
-0.1698847699
0.2864394893
-1.6787030963
-0.6623567815
-1.4408289878
-0.9593357618
0.4259237662
0.3823132247
-0.7584467056
-0.1458683384
1.8030365962
-1.4835443750
0.8608538902
0.9603008520
0.3393154175
-0.0445656195
-1.0024391061
-1.4699025329
0.4202546104
-1.8941424899
0.8873545911
-0.2358388453
0.0329615533
1.5413796984
-2.0381938952
1.1770625860
-0.3901367983
0.2105068797
-0.8000045099
1.6372822085
1.8644019394
-0.2621796820
-0.4598840311
-0.1734870383
-1.5845835723
0.1831730813
-0.5845111806
-1.1068464832
-1.8955413638
-0.6149111233
-0.9472371349
-0.1397076855
-1.5691752640
1.4245501360
0.6107887938
0.7141899730
-1.0317678048
-0.7475523237
-0.4141791730
-0.4699854373
0.3325432795
-0.7210208211
-0.6114279942
1.2390276464
-0.3084453895
-0.0008249356
0.2985951010
-1.0517627980
-1.1357507055
0.7481082887
2.0197876837
-0.2559058359
2.5607737378
-1.3447942966
1.4084384307
-1.9182948431
0.0825228475
-1.1163727176
1.4221926898
0.2428986315
1.4998323220
0.3392175688
-1.0843682597
0.1774128246
-0.0822570262
0.4564970354
0.1708787231
-0.0166718814
-0.1555693652
1.6536816940
-0.7447391610
-0.0187750244
-0.2424935383
0.8295172688
-0.2244167239
0.9764919948
0.1095031017
-0.8919815468
-0.1417437455
-1.2381149568
-0.1034064701
-0.2545486814
0.6931785952
-0.7412472160
-0.1873555403
1.8804372990
0.7034213280
0.7203819865
0.2899638392
1.7731250487
0.6370337555
0.0395525219
0.3372337703
-0.0303488612
-1.3064869342
1.8993746952
0.0634241001
0.8939791375
-1.2244500734
1.0450673024
-0.8313528480
-1.2422921178
0.3604395529
-0.9478124176
0.2532053299
0.0116399887
-1.1291863171
0.0837370241
1.1233692798
-0.3603407592
-1.5897327808
-0.4387541510
-0.8557081280
-0.6470441034
0.8811742623
0.7050090386
0.6342781542
0.9325292026
-0.1281382896
-1.4716006692
0.1999007270
0.4787199044
-1.5084209010
1.6449081607
1.2196853643
0.2750997406
-0.0896119725
1.9397415393
0.7389376467
-0.2705069286
-0.0555485123
-0.1648225368
1.1513267589
0.0290355043
-0.4591000295
-0.7893640371
-2.5242909418
-0.7673671520
-0.4835108770
-1.6049074775
1.4758565867
-0.0545276998
1.1077983798
1.9462903106
0.2417364974
-0.0188074778
1.8926104435
0.7692293515
-1.0013160185
0.6665579345
-0.2162904721
-1.4687039446
0.7808404660
0.1112275077
-0.3465117100
-0.6866601207
0.8633784497
-0.0749167858
-0.2602484031
0.4855150862
-1.2025679222
0.0074475535
0.8738881396
0.4021102474
1.1723344975
-1.8384399985
0.9232407593
0.4961913669
-0.1891635142
-1.7373504420
-0.3262638300
2.1936709489
-0.1700941088
-0.0396879737
-1.2007418214
1.0964676526
0.5557616713
1.0524106158
0.2853996390
-0.4629862183
1.0505916398
1.1102036660
0.8231643696
-0.7995090732
1.4253395434
-0.1839797869
-1.3724317794
0.3159594040
1.2799763423
0.1185719196
0.1938592030
0.4354177663
-0.8994553264
0.2539691461
0.7691619687
0.0522583481
0.8099028127
-0.0900755180
-0.0144542411
-0.4050435262
0.0481078086
-0.7002350937
-0.0275777423
1.4298717407
2.0307439439
-0.5549509111
2.0025610255
0.8178904412
-0.0111319625
1.6200708526
0.3286865122
1.8167160790
-0.7064805045
-0.2476016667
-0.4766224871
0.1786017152
0.3953778636
-0.2966669140
-0.6329030224
-1.2933654924
-0.8969782283
0.4356743191
0.7758477443
0.3061982573
-0.2028069868
0.9471837887
-0.0142033734
-0.9713121712
0.3660963847
1.1797378876
-0.0904002225
1.8459924382
0.7622597115
-1.0803639890
-0.1301997503
1.3646665595
0.5830724501
1.7426387639
0.9019748488
-0.7005545353
-0.0867346617
-1.0292670853
-1.0292059932
0.5069930090
0.1554866996
-0.4694854726
0.1172340600
-0.0604627810
-1.6117154516
-0.3972377869
-0.0896367533
-0.7961702082
-0.2917782050
0.1526501734
-0.4013391530
0.2985690165
-0.3461099453
1.2907103790
0.2509039928
0.9565811370
0.0808849543
-0.5136785585
0.6868743246
-1.6024667086
1.4582197844
-1.0082810089
0.2923035836
-0.5024224282
-2.3124309929
-0.4781922315
-1.2808641226
-2.1748085323
-1.5757727522
-1.2137564723
0.7889023806
0.0456205562
0.0983730685
-2.0837332085
0.8050840703
-0.4503317447
-0.2595098716
-1.0648177135
2.5216861701
-0.0366487389
1.1669644195
-1.1314412257
-0.2735412127
-0.6876376666
0.1154985886
0.5515145166
-0.1815155299
-0.0417847808
-0.9397221493
-1.3247450868
0.2377157588
-0.2633467782
0.6794629202
0.2873200707
-0.1742622608
-1.6234799941
-0.2513397301
0.6524114036
-1.7487930757
-0.5810510988
1.4002971671
-0.7623379010
-1.2343197325
0.8913778635
0.3994606697
0.2025277158
-1.2241871872
0.0436198642
0.6479482054
-0.6075470687
0.5977020736
0.5161008717
0.0810679067
1.5004912171
-1.2785756570
-0.2520830372
1.1069539309
1.7542859183
-0.9872016788
-0.5092206248
0.9672737656
0.1978912641
