13 8 0.01
11 0 1 1 1 2 1 2 2 3 0 3 1 3 2 3 3 4 0 4 3 5 3
10 0 1 1 0 1 1 1 2 2 0 2 1 3 0 3 1 3 2 4 0
9 0 1 1 1 1 2 2 0 2 1 3 1 3 2 4 0 4 1
11 0 3 1 0 1 1 1 2 1 3 2 1 2 2 3 1 4 1 4 2 4 3
8 0 1 1 0 1 1 1 2 2 0 2 1 2 2 2 3
11 0 0 0 1 0 2 1 1 1 2 2 0 2 1 2 2 3 2 3 3 4 2
8 0 3 1 0 1 1 1 2 1 3 1 4 2 4 3 4
11 0 1 1 1 1 2 2 0 2 1 2 2 2 3 2 4 2 5 3 0 3 1
2 4
2 6
3 1
4 5
9 4
6 0
9 7
4 1
0 0 0 0 0 0 0 0 0 0 0 0 0
0 0 0 0 0 0 0 0 0 0 0 0 0
0 0 0 0 0 1 0 1 0 0 0 0 0
0 0 1 0 0 1 1 1 1 0 0 0 0
0 0 2 1 0 1 2 1 1 0 0 0 0
0 1 2 1 1 2 3 3 2 0 0 0 0
1 2 3 2 2 1 3 2 0 0 0 0 0
0 3 3 0 0 0 1 1 0 0 0 0 0
1 1 1 0 0 0 1 1 1 0 0 0 0
0 0 1 1 0 1 0 0 0 0 1 0 0
0 0 1 0 1 1 1 1 1 1 1 1 0
0 0 0 0 1 1 1 1 0 0 0 1 0
0 0 0 0 0 0 0 0 0 0 0 1 0
-0.4655290068
-0.5891735494
-0.2947223235
-0.9292511866
0.1581208524
-1.5390743745
-0.1943478417
-0.4438573047
0.4321808783
-0.0589629604
-0.2993058114
0.1531704259
-0.7792560427
1.8026737358
1.2650146771
-0.4981774844
0.4311411501
-0.1783963495
-0.2953816092
-0.0846650919
-0.9655399515
0.0479972027
-1.1517210544
-0.3466065340
-0.2315959070
-0.0524294181
0.2895146830
-0.9198568988
-0.7585453167
-2.5379528004
1.3591066867
0.4825167669
1.8828102532
1.1220940588
0.7945463082
1.0818763130
-2.0024022581
-2.1168509733
0.3972243178
-0.5325426143
1.3869712266
1.1630492191
1.8214567203
-0.0679831820
-1.2027178028
0.3770605950
-0.5250402185
0.5535126467
-0.3310427667
0.3460755884
-0.4880272196
1.2697570624
0.1250320070
-1.6856944579
0.2903526620
1.7434955759
0.2892447619
-1.1527943968
1.0578442759
-0.5513041054
1.2920341472
-0.6140796190
-1.0324848386
0.2169746574
0.2985649870
-1.7821075308
0.5929230546
-0.5552649265
0.7120784080
-1.0988651496
0.4007000297
0.4874332279
1.3408820181
0.8984626259
0.9750148590
0.6828100156
-1.1296681575
0.9633586342
-1.0817174305
0.3814906353
1.5141779685
1.4211075019
-1.4430518551
-0.2932279253
0.8978939769
-2.5776271918
0.6632654902
-0.5452928537
0.7071105199
-0.3872817950
-0.6110841041
-1.9434255064
-0.2301462030
0.1079057498
-1.6652493031
-0.5048248459
-1.4284991611
0.6128779621
-2.1679220909
-0.1563790230
-0.5621494828
0.0358880749
-0.1389474590
1.4550901754
1.1066649361
-0.1599618140
-0.5858919219
0.4254523891
2.7764004997
-0.4668741834
0.3767196323
0.2856615892
-0.9098658364
0.1756546944
-0.9587113800
-1.1093509412
1.8449452240
1.1323055351
1.4216604738
-0.0710162516
-1.4687339996
-2.3786655162
-0.6570249353
-0.2306639658
0.8753581633
-0.3676811498
-0.1299142137
-0.1922018973
0.4567607874
-0.5275264628
-1.1368775240
0.0599660119
1.1162430173
-1.0709175843
-0.4522738343
-0.1436639468
-0.9040718140
-0.0709004224
0.8215962274
-1.1674765223
0.5419626935
-0.1185081731
-0.1235266365
0.2839496822
0.5390358793
1.6813252029
0.0576673698
0.8774180355
1.3716489981
-0.5253961085
0.7205378864
-0.4020847504
-1.4959809315
0.1440474108
-0.5920210262
0.2020083861
-1.9089766718
-0.2602952469
0.5899011099
-0.2129812406
0.0447616372
0.4892738457
-1.3182841736
-1.6294246914
0.3749989455
0.7404137099
0.6000154245
-0.0167595597
-1.6109009120
-0.3050026853
-1.0251735885
-1.2485462572
-1.2840956754
-0.7467101562
-0.5283156191
2.4954707523
1.1404778334
-0.3070617553
-0.3739126276
-0.1293747293
0.1352372450
0.1285837751
0.7105799189
0.0267278256
-0.7867725132
-0.1164279959
1.3542137452
-2.1776233595
0.3124144970
1.9002255272
-0.9508380588
1.3708706354
-1.0312473287
0.9107032161
0.9773094672
-0.6143161368
-0.2476210128
-0.7560242624
0.4652621553
1.3531042196
-2.1129281640
0.4726793264
-0.6186750730
-1.0307713001
0.8620267193
-1.0381028031
0.0938031180
-0.8422895814
0.3010097863
-0.9413988713
0.1311714290
0.6358472807
1.5879032277
-1.2800464153
-0.1666823686
-0.5265416985
-1.8034336340
1.3914147379
-0.4223651406
0.6773325322
0.8221832564
1.6704983704
-0.2550478690
1.5666121106
-0.1146611117
-0.2847837001
-1.7787246456
1.0110798339
-0.7365669501
0.3113655041
0.3418280872
-0.2781937746
-0.4694350359
0.9062474279
0.3634184542
1.8164272107
-1.1690687126
0.5929583913
-1.0580198072
0.3095783999
-0.1339209340
-1.5446493489
-0.4155616989
-0.2115109557
0.2474437908
-0.0276200899
0.2288757586
0.3659341767
-0.4459590058
-1.2922801010
1.5305269800
-0.8017777610
0.3519795022
1.0291005859
0.7107808057
-1.7001275255
0.5017717327
-0.6922194610
1.3222682427
0.1226170540
2.0340632345
1.1435783477
-0.0256966755
1.2708550515
-1.0133537525
0.8677983926
0.6922358727
-1.3113954695
-2.0680747839
-0.1572007987
1.0525876867
-2.1695729231
0.1015728549
-0.1049663651
-0.3295735695
-0.3381747451
0.3436866820
0.1355903465
-0.2193613931
-0.3379269964
0.2910683743
-0.0690609746
1.0479499903
1.5541509766
0.1965136882
-0.9656396956
0.6323196186
-1.9567633777
0.4917786223
0.1539160248
0.1735802805
-0.9479924265
-0.1845990719
-0.2016254922
-1.8478242477
-0.6393933504
-0.1384615287
2.0645320324
-2.4356913809
0.2604676208
0.9382029434
0.1909566203
0.8017198905
0.2170637958
1.2317075261
-0.0624425319
0.8329062061
0.1114910093
0.8946847141
-1.6258025864
0.2445960921
0.0712958527
0.7902723775
-0.5265930466
-0.2673450205
0.0687349290
0.7113831297
-1.1110935786
0.7312598488
0.4492171059
1.5145273509
-0.4403989916
1.1532818880
0.0865309735
-0.9430876543
0.4378434716
1.3801083192
-1.0404750761
-0.8024052106
-0.0843655481
-0.2803584282
0.2394036530
0.8890516978
-1.1972644979
0.9064816647
-1.0359071773
-0.0308356852
1.5946026938
