20 13 0.09
11 0 0 1 0 1 1 1 2 1 4 1 5 2 2 2 3 2 4 3 3 3 4
11 0 1 0 2 1 2 2 0 2 1 2 2 3 1 3 2 3 3 4 2 5 2
12 0 0 0 1 1 1 1 2 2 0 2 1 2 2 2 3 3 1 3 3 4 1 4 3
8 0 0 0 2 1 0 1 1 1 2 1 3 2 2 2 3
9 0 2 0 3 1 2 1 3 1 4 2 0 2 1 2 2 3 0
7 0 1 1 0 1 1 1 2 1 3 2 3 3 3
8 0 2 1 0 1 1 1 2 2 0 2 1 2 2 3 2
6 0 1 0 2 1 0 1 1 2 1 2 2
12 0 1 0 2 1 1 2 1 3 0 3 1 3 2 4 0 4 1 4 2 4 3 4 4
10 0 2 1 2 2 0 2 1 2 2 2 3 3 2 4 2 5 2 5 3
12 0 0 0 1 1 0 1 1 1 3 2 1 2 2 2 3 2 4 2 5 2 6 3 3
6 0 1 1 0 1 1 1 2 2 0 2 1
11 0 1 1 0 1 1 1 2 2 0 2 1 2 2 2 3 2 4 3 0 3 1
5 6
5 5
11 7
7 6
11 14
8 2
13 2
1 7
0 14
2 2
4 5
13 7
13 14
0 0 0 0 0 0 0 0 0 0 0 0 0 0 0 1 1 0 0 0
0 0 0 0 0 0 0 0 1 1 0 0 0 0 0 1 0 0 0 0
0 0 0 0 1 0 0 1 1 0 0 0 0 0 0 1 0 0 0 0
0 0 0 0 1 0 0 0 1 1 0 0 0 0 1 1 1 0 0 0
0 0 1 1 1 2 1 0 0 0 0 0 0 0 1 1 1 1 1 0
0 0 0 0 1 1 3 1 1 0 0 0 0 0 0 0 0 0 0 0
0 0 0 0 1 0 2 3 2 1 2 2 0 0 0 0 0 0 0 0
0 0 0 0 1 2 2 1 3 1 1 0 0 0 0 0 0 0 0 0
0 0 0 1 0 0 2 2 2 2 1 0 0 0 0 0 0 0 0 0
0 0 1 1 1 1 0 1 1 1 0 0 0 0 0 0 0 0 0 0
0 0 0 0 0 1 0 1 0 0 0 0 0 0 0 0 0 0 0 0
0 0 0 0 0 1 0 1 1 0 0 0 0 0 0 0 1 1 0 0
0 0 0 0 0 0 0 0 1 1 0 0 0 0 0 0 1 1 1 0
0 0 0 0 1 0 0 1 2 1 1 0 0 0 1 2 1 0 0 0
0 0 1 1 1 0 0 1 2 1 1 0 0 0 2 1 1 0 0 0
0 0 1 1 1 0 0 1 2 0 1 0 0 0 1 1 1 1 1 0
0 0 0 0 1 0 0 0 0 0 0 0 0 0 1 1 0 0 0 0
0 0 0 0 0 0 0 0 0 0 0 0 0 0 0 0 0 0 0 0
0 0 0 0 0 0 0 0 0 0 0 0 0 0 0 0 0 0 0 0
0 0 0 0 0 0 0 0 0 0 0 0 0 0 0 0 0 0 0 0
-0.5094290652
-0.8293074573
0.1027134801
-0.1012643504
1.2136006463
-0.5586323541
-0.9905922790
-1.7382630185
-0.1330271215
0.1919515546
-1.4416505976
-1.2462076731
0.2073988930
2.2646001640
1.6233598408
-0.3489641815
-0.8351759254
0.0248592201
1.0358020138
-1.6146967036
0.5618371437
0.7745566385
0.5919911957
0.5508413070
-1.3409268059
1.2222124381
0.8953348168
0.5625947807
1.0492458755
-1.4752579017
-0.0034294649
0.8901429004
-1.0141904567
-0.6510730136
0.0205323799
1.7999396831
0.5122975162
-0.1874203202
0.7192568394
-0.1245299140
-0.8461669213
-1.4277451767
1.9493404081
-0.3143140948
0.0069771303
0.0877389161
-0.0884137460
1.9222185810
1.2648169348
-1.4632414321
-1.6812617622
-0.4799357790
1.0532324865
-0.3193138316
1.2298675406
1.0498688917
-0.3798066710
0.5550493491
-0.3054452509
0.7115447804
0.7019586308
-1.0172001448
0.8961207298
-0.0781652604
0.5131596600
0.8107060220
-0.5727223130
0.0300309612
0.5252562768
1.6487333457
1.0183499876
-1.4332870642
-1.1793928297
-1.5133900600
-0.3938818927
-0.5749716756
-0.1786997085
0.0226295526
0.5191774685
1.0401455888
-2.1929374266
-2.5913744340
1.3661398986
0.7536579523
0.7084569122
0.9629996449
0.4939069713
0.3517653054
-0.8072778387
-2.6098924750
-1.8685176212
0.6917862243
0.4076062618
0.2601271061
0.1933112237
0.3926245419
0.2319523229
-0.1272130667
-1.1037221834
2.0507813018
-0.2807715037
-2.0128477525
1.1441896403
0.5650739704
-0.8325696181
-1.4484416500
-0.3686244740
-0.7534396264
-0.1057884925
-0.4394054016
0.8653409082
1.2197506872
-0.4317412694
1.8967453314
-0.8927577866
-0.7232217671
0.6014330701
-0.1930933698
-0.9279196032
-1.8744728711
-0.6305326446
0.3184403331
1.0099291659
0.2960548895
-0.5243191833
-1.3867562107
0.2225818217
1.9749617239
-0.9657784637
-0.7097670665
0.2060351936
-0.0319898278
-0.3367950763
0.0198071565
-1.0609814751
-0.5356047434
0.1512705202
-1.5656921146
-1.2841406654
-0.9448706376
2.3102312178
0.4997930603
-0.4087865247
-0.4094461215
0.2694148903
-0.5436330570
-0.6951663093
0.0819905268
-0.5910729281
2.3157917226
-0.2869671427
-1.2326697699
0.3428628567
1.0634552522
-1.2438730869
-0.0082898065
-0.4036110950
-1.4641911141
-0.7079265174
-0.4071836142
1.7279457669
0.5776877460
-0.3703257115
-0.1513446302
-0.4092741480
0.3008434186
1.7221911386
0.8348955720
0.3569403457
0.6327070427
-1.0712928864
0.3172666917
-0.7036005067
-2.0572639931
-0.3216042272
1.1646697575
0.1048533391
0.7237096801
-0.4779791795
0.2324175759
1.9902415115
-2.0477915809
-0.9934199857
0.5680389890
-1.0475640832
-0.3264463016
0.6919848243
-1.2969308796
-0.6865003741
1.3261428527
0.7027211679
-0.1303486355
-0.8037517451
-0.0897329757
-0.2109879591
-0.6906948729
-0.3828277346
1.9773008265
0.8365610486
1.9710446001
-0.4057944156
0.8135265980
-0.8245056563
-2.0303818014
3.1505396458
1.1113790477
-0.3126758475
0.0046852441
0.6646065255
-0.9800969259
-0.1935842698
0.5488087694
0.3381321612
0.6590308323
-2.3155467472
-0.1802922752
0.2497754634
-0.1363069503
-1.2751788306
1.0901942200
0.0704808243
1.9520144129
-0.6865063751
-1.1468802322
0.0569621909
2.2300425706
2.4419867480
0.2735584378
0.9066564897
1.5202147946
0.6183200537
-0.1787686362
-0.7182739215
-0.3925876793
-0.8819226588
-0.6655588461
1.5122176966
0.5464400173
-0.2740319169
0.0690231011
-0.9060055265
0.2244980783
-0.2989297777
-2.5142721725
0.4895665198
0.6473272304
-1.9306180195
0.6133282476
-0.8786912327
0.4939551734
-0.4625763798
-0.6391892969
-2.0507518400
2.1452557516
0.4427112047
-0.0814577948
-1.5197515508
0.9693635176
-1.2427507799
1.1416500305
0.2496394437
-0.1158217489
-1.0446344590
-0.5854713882
-1.3846907553
0.4771125929
1.4681745153
0.0907288406
-1.4990153527
-0.4619311034
0.9748568271
-0.3495050039
-1.6221915017
-0.0870962177
0.8824453126
-0.4933791566
-0.4624431927
-0.3912607492
1.4037195490
-0.7229658081
-0.8673366713
2.6057985801
-0.1386631332
-0.3872124477
0.9393713369
-0.1646810760
-0.9569408148
0.3978846694
-0.3528050102
-1.2707336555
0.9708667593
-0.1958374985
0.7416718369
1.3792482335
-0.7256485399
-0.1583133032
-0.2794295485
0.8052451249
-0.0534376625
-0.2344318624
0.0552791722
1.1829535855
-1.1755503934
-0.0769756175
-1.5138384812
-0.4286908093
-0.8763886309
0.3256100813
0.3717671532
1.4783624709
-1.3041690879
1.4948350610
-0.2352148609
0.6210159312
-1.9009781670
2.0561462643
0.6615144411
0.6027194172
-1.6511587423
1.4783140653
0.5768057183
-0.1162318919
0.3006279495
0.5701917342
1.3048381205
1.0734219849
-2.5786442332
-0.1934936313
0.0961524392
-1.2967314258
-1.0883107488
-0.2474371754
-0.8686882361
0.0584983730
-1.1192290318
-0.1507510279
0.1820046338
0.7451241174
-0.0115557359
-0.8881979670
0.0323299687
-1.5595420648
1.2185397980
0.0265287495
-0.8476675837
-1.4616697417
0.0353967577
-0.1867684000
-0.5715811323
-0.5214374424
1.4600984181
-0.1413395901
0.6458651339
-0.3820942623
0.7004255866
0.3887097749
0.7017401186
1.0810397961
-1.0533063790
-0.7155273998
-1.4033445348
-1.8905021400
1.1229845013
0.6919882555
1.4615128255
-0.2089207176
-1.0331034552
1.6599191756
0.2199698757
1.4652285651
-0.0332554339
0.1076253925
-1.2352603583
1.4122658448
-0.5980988384
-0.4473594198
0.0242168742
-0.3642815531
-1.4328117194
-0.7246653542
-2.7110385145
0.1867314022
0.1105299753
0.0171551198
0.7333217020
0.3577925648
-0.6353851307
1.1937258542
1.4046810008
-1.4335075132
0.3622015401
-0.2184645963
-1.2783971871
0.6599254978
1.6554425714
-0.3512333777
1.6168568960
1.8492387122
1.7683068600
1.2344907034
0.2794954645
0.7411233200
1.5884280019
-1.1706480461
-0.7038067688
-0.7580733395
-0.3195293385
-0.8150366385
-0.9030986386
0.7727491467
0.2018576261
-1.9356302491
-0.8096230822
-0.6708042475
-0.4292462207
0.0014563197
-0.3230197018
0.5142710276
2.3820285459
0.2847507194
-0.7706876478
-1.6263498924
0.3235303155
-0.7201388701
-0.1660396205
-0.6895144252
1.2187764697
-0.4909057484
1.2785770651
0.3882919182
1.5183718060
0.3452411990
1.0168124640
-0.7963178104
0.8983045616
1.7237142245
0.5086256564
-0.7857550090
0.9039947614
-0.6751458902
0.7308647013
1.2880041079
0.5278679620
-0.0479166931
-1.0162436748
-0.6036433093
0.7434253065
-0.8055380021
-1.3679286811
0.1608451566
2.3592682204
2.3669451471
0.1177306057
1.4013688709
-2.5421821435
0.0113179175
-1.0819867174
0.0166531716
-0.0627927334
0.6693556647
-1.0797039111
-0.9918285514
-1.4557856022
0.4077243816
-1.0773639643
-1.2546867895
-1.4341225116
-0.0674173297
-0.8883892470
1.2862269030
0.2576731395
-1.0021532588
-0.7236929740
0.7274473597
-0.5259907904
0.0502443394
-0.5416318231
0.7111165270
0.1388197082
0.8891216076
-0.8089120437
-1.0974587479
-0.1755011588
-0.8871273908
-0.3840299559
0.2867324221
0.1890496660
0.1558012596
0.6810674339
1.8675277199
-0.1865591360
-0.8824594777
-0.0889429701
0.3914273981
-0.8831492402
-0.2778835298
-0.0742473298
0.2261546751
-0.3899283127
-1.4712400191
0.1620145348
-1.1142129420
1.0674754005
0.7244283500
0.4216298229
-0.6978837847
1.1646807690
0.8254182562
-1.4054072086
-0.6159129996
-0.5695102246
-0.0351132913
-1.1989988182
0.9557937875
0.0545657866
-1.2764924940
-0.9686896525
-1.1946473215
0.1163486902
-0.7581694499
-1.2718001688
0.0103390694
2.0958879012
-0.7185938680
-1.2824474239
0.6272879377
0.7330201987
0.8274167957
2.2742425211
1.0803588266
-0.4985563904
-0.9449564204
0.5722974178
-1.2658605509
0.3532513147
-0.3618547637
-1.2624361608
0.8775792267
-0.7579257532
0.7927844580
0.5412180471
-1.5275117155
-0.1408479387
0.8505368587
1.2644817216
0.4687418670
-0.5269496139
-0.1090576457
-1.2552696057
0.6821762528
-1.7463718350
-0.7711580241
0.6955971791
1.1493823314
-1.0745105165
-0.6950209350
-0.1304047040
0.2776302343
-0.8682540003
-0.0408778547
1.3750138639
1.0623619039
-2.0145629308
-1.0510680757
-0.3300821801
-1.0124763463
-2.0277543389
1.0904360242
0.8588332594
-0.9972028718
0.4843896316
0.4773960936
0.5801172544
-0.3459837647
1.5960341815
-0.1203834961
1.0735830883
1.8679622189
1.3214927765
-1.5737106784
0.8482735881
-0.1760723454
1.1221680125
0.9333836408
1.6243515852
0.3795565241
0.5074874030
0.3371787407
0.1853011409
-1.3042479838
-2.2333061524
-0.5938404140
-0.4698996587
1.1248105075
-0.2517839684
-0.7072771330
1.3195128043
0.1925492755
-0.9179800455
-1.4481667543
0.7066132276
-0.2071089314
-2.0152593478
1.0506953429
1.9993247008
-0.5822457587
1.5899084371
1.6207803284
1.0532887727
-1.8436034047
-0.2395117264
0.6515242907
0.0141341210
-0.8639984924
0.3696567829
1.5026769356
1.7869026413
-0.6461154195
-1.4605500563
1.0465038221
-0.6498359536
0.7374815745
-0.1159102847
-0.9291962568
0.8307930543
-0.2631556338
-1.0893489827
1.2367432852
1.1322190133
0.3582378950
-0.3738346911
1.0763321656
-1.2688313485
-1.2122391228
0.4663608295
1.2226126616
0.1113918507
-0.3100600599
0.4893949678
-0.3437872704
1.4138011023
0.7553527839
0.6551349454
0.5415850890
-0.0533398336
-1.0868685368
0.4333815300
1.0890594533
0.6214309664
-1.7950738432
0.3132042353
-0.1381401391
-0.8466827173
-0.3038777795
1.0905353123
0.5287679772
1.2859835227
-1.3967341146
0.0453156470
-0.3675115444
-0.2202783877
-1.2668254092
0.2285574435
1.1171852596
1.3953452625
1.5560392274
0.7652372568
-1.2153528323
-0.7191604880
0.7704706270
0.4315459446
-0.3169452933
0.3314557195
0.1170829016
-0.3410532649
-0.5531569356
2.3902736382
0.0860773241
0.8193961267
-0.4851667847
-0.9390203450
-3.0538768103
-0.5287933483
0.1601326911
0.8220383686
0.2178919332
0.3666679729
-0.2003326215
-0.7467455704
2.0752131682
0.0115919279
-1.1656902559
-0.2756969704
0.3469936015
-0.9841043353
1.7835972613
-0.9649833721
-0.8411905036
-2.1714010779
1.0971209320
1.2115934100
-0.4180440524
-2.7117996986
-1.6637269768
1.4801568636
0.6641757847
-0.8945113288
-1.2229715601
-0.2416879441
-0.9316589002
1.4527771348
0.0855163913
-0.6559600371
0.7049031452
-2.1744421954
-0.3177063077
-1.0358448054
2.7379576535
0.0554509530
0.4137802084
-0.0536273466
-0.3868525960
2.5748997525
-0.9049378815
-0.6765946503
0.6333484978
1.5127872154
1.0001700857
1.6415888803
-0.0132876655
-1.1631201800
-1.5352107411
1.3283937791
-1.0295786399
1.0024612445
1.1452648251
-1.3355968446
0.0825506805
0.2202421495
0.9044556037
0.3871777283
-2.1867544548
0.6351464661
0.6468480034
0.0204675459
-1.6339794661
0.5764760998
0.6636383513
1.5620169760
-0.2940074803
1.4507979435
0.0109391042
-0.5207495607
-0.6641534211
0.9177459825
-0.1975884564
-1.7545533560
-0.9561452039
-1.3373076541
1.5303108989
-0.0599010443
0.7823363652
-0.2951578974
0.0230459506
-0.1748131183
0.8545867359
1.2387468281
1.4821985022
-0.1607024253
-1.3917772026
-1.8391172928
0.6183964972
0.3560805910
1.1013855421
1.3389974349
-1.2797613655
-0.2334296587
-0.4037147218
0.6976752893
1.4798272389
1.2699084017
-1.1783672375
1.4468826664
-0.8284389365
0.2132924649
-0.7675598628
-0.6102050279
0.5946152458
-0.3606795141
-0.1840827104
1.4662057714
-1.0176785500
2.0599830304
0.0699259811
-0.8420179166
0.8957529472
-0.0825104422
1.2307882961
1.0679019452
-1.1202877309
