16 8 0.07
9 0 1 0 2 1 0 1 1 1 2 2 0 2 1 2 2 3 0
9 0 1 0 3 1 0 1 1 1 2 1 3 2 2 2 3 2 4
11 0 1 1 0 1 1 1 2 2 2 3 2 3 3 3 4 3 5 4 3 5 3
13 0 1 0 4 1 0 1 1 1 2 1 3 1 4 2 3 2 4 2 5 2 6 3 2 3 3
11 0 1 0 2 1 1 1 2 2 1 2 2 3 1 3 2 4 0 4 1 5 1
12 0 3 1 1 1 2 1 3 2 2 2 3 2 4 3 1 3 2 4 0 4 1 5 0
11 0 2 1 2 2 0 2 1 2 2 2 3 3 1 3 2 3 3 4 1 4 2
11 0 3 1 1 1 3 2 1 2 2 2 3 3 0 3 1 3 2 4 0 4 1
7 1
13 8
2 9
8 2
8 10
8 4
8 7
3 2
0 0 0 0 0 0 0 0 0 0 0 0 0 0 0 0
0 0 0 0 0 0 0 0 0 0 0 0 0 0 0 0
0 0 0 0 0 0 0 0 0 0 1 0 0 0 0 0
0 0 0 0 0 1 0 0 0 1 1 1 0 0 0 0
0 0 0 1 0 1 0 0 0 0 0 1 0 0 0 0
0 0 0 1 1 1 0 0 0 0 0 1 1 1 1 0
0 0 1 1 1 0 0 0 0 0 0 0 1 0 0 0
0 0 2 2 0 0 0 0 0 0 0 0 1 0 0 0
0 1 1 2 0 0 1 1 0 1 0 1 1 0 0 0
0 1 2 2 1 2 2 1 0 1 0 1 1 0 0 0
0 1 0 0 0 1 2 3 3 1 1 1 1 0 0 0
0 0 0 0 1 2 1 0 1 1 1 1 1 0 0 0
0 0 0 0 1 1 0 0 1 1 1 1 0 0 0 0
0 0 0 0 1 0 0 0 0 1 0 2 0 0 0 0
0 0 0 0 0 0 0 0 1 1 1 1 0 0 0 0
0 0 0 0 0 0 0 0 0 0 1 1 1 0 0 0
0.1882615415
-0.3300781937
0.2895906335
1.0164005990
-1.3564624124
1.6598332844
1.5801592923
1.2888987549
0.7455219190
-2.0416660629
-1.2888243209
0.8042823342
-0.9005463247
-2.2550598160
-0.5881072574
-0.7089699135
-1.5933312357
1.0145087892
0.0506660235
1.0699859856
0.3511807264
0.3316345207
0.6518807081
1.2311255495
1.0963485012
-0.8995722406
0.1376134468
-2.4652878215
0.7003115706
1.5603077182
-0.2129173901
0.8181303601
-0.4286115614
0.7412954987
-1.0354919074
-1.2855585135
0.5437613223
1.6671982593
-0.8552418773
1.2245192605
-0.2924595977
-1.2682034326
0.6063040012
1.6632358919
0.3157341872
0.6098228210
-0.9296153618
0.5653490235
0.6091173172
1.0556508514
-1.5396084560
1.4712682449
-0.2824907241
1.4535388352
-0.2080889359
0.3610052846
1.3586816862
-1.8188731258
-0.4455350860
-1.1100151224
0.2270314167
2.3750023095
-0.6572177831
0.4610483566
-0.2269760671
1.0340961442
-2.0145201870
-0.2651424092
0.8285643326
-0.3828714758
-0.2573753900
-0.5561789581
0.1237309825
-0.4856950616
0.3406911546
-1.7962393847
-1.2073502497
-1.2082138492
0.3141804055
-0.2626996502
1.4128101154
0.3015929694
-1.5083099318
-0.7920870714
-0.3838264121
0.0004435401
0.5290833758
-1.8661572568
-0.5858652804
0.4207901278
-1.5197265720
0.8484241442
0.4729652361
-0.5223581081
-1.3649925214
0.3378399437
0.4226706679
-0.0563860741
1.4651656659
-1.1551029586
1.3811787976
0.0965624226
0.6643511516
-1.3905996965
-0.0904701943
0.7691441578
0.1078028646
-0.8003164394
0.4054636206
0.6923376349
1.4868091508
-0.3431438037
-1.0989557678
0.1346317403
-0.4591636997
-0.0469482276
0.6498577435
-0.8175426972
0.7825522439
1.2331219877
0.6773116956
-0.2321461546
0.7321810561
-1.4748808010
0.9241919938
0.7385095867
-0.5480038386
0.2583884231
0.6597870715
1.1090086652
-0.4132050591
-2.1814420152
-2.2914720859
-0.8052506636
-0.1406950750
1.3967928705
-0.5983069966
-1.0326854258
0.0033002654
-0.4606219752
-1.1205923575
1.2017619618
0.0130935803
0.2935435723
-0.5500820321
0.4913832158
-0.8378388274
-0.2589313020
-0.5278509944
-2.4108738256
-1.4908115840
0.1288134314
1.0082145414
-0.4868560759
1.1957592871
0.8970064951
-1.9867457211
2.7313380341
-1.0645392637
1.0046634135
-1.3432288002
-1.2827331158
-0.7035691926
-1.0637520564
0.1261760364
0.4171142079
-0.4770694097
0.1873209248
-0.9389826149
-0.0368541339
0.1276990024
1.6106153179
0.6085656282
-0.2422219944
0.8118074127
-1.1597514382
-0.3010245483
-1.0484589830
0.1825918163
-0.9186909168
-0.0312648422
-0.0918330311
-0.7378100839
1.7408711442
-0.8669153280
1.6800610968
-0.2879456394
1.7131003338
1.9428344250
-0.5111659118
1.5522012964
0.6237846254
-0.2245094870
-1.4599499039
-1.8583007136
-0.0150025164
-0.6682166868
-2.3197908205
-1.5621995218
-0.2501856953
0.8469400530
0.4822863891
0.5609168277
-2.0152023669
-1.6501249921
0.2347733558
-1.0393966709
-1.9678159769
-1.8789724228
0.6721454932
0.2667040805
-1.1732976514
-1.2221939345
0.0199669819
-0.3232515141
-0.8823228310
-1.1659848453
0.1862650401
1.6125881599
-1.3334783374
0.6625421689
0.4731519464
0.3868626784
-0.0897027675
0.3283990447
0.0285878289
0.3236255153
-1.5292806063
-0.4160953502
-0.0760871145
0.9968223799
-1.0472589218
-0.6539645113
0.6957048163
-0.1141538758
-0.7823346601
1.8599624262
0.4408520323
0.9365058458
2.3446034974
0.1201161698
-1.0716752178
-1.2612437787
-0.0740880389
0.3858362954
-0.0788393256
-0.2900925506
-0.0239995615
-0.8960972718
-1.1821387065
1.3466723981
-1.1088307625
0.9961430807
-0.4177711173
1.5263156533
-1.9740625421
0.2133801672
0.2551697434
-0.4868374866
-0.2096626304
0.6457319882
-0.4930326759
-0.0424591558
-0.5672100162
-0.4454930663
0.5263231942
0.5040002175
-0.5254509090
0.7090540253
-0.1717101814
0.6975228232
1.1658263524
-0.0953129116
0.5753916213
-1.0714139243
0.1326717868
-1.1003822499
-0.5807093979
1.4982500622
-0.9249150868
0.0619257178
-0.4616025123
-0.8416321257
1.2291212556
-0.1921287272
0.5893952603
-0.5740164741
-1.6220941692
0.6336371756
-1.1342271981
-1.1308100849
1.5559307637
0.2755304208
1.9212267180
0.2982074481
-0.2866876470
0.5775200918
-0.1764348169
0.6155369697
-0.4029273268
0.6740905932
-0.0215475918
-0.1533192036
1.1239334683
-1.4306194565
-0.3211294296
0.8089692000
-0.0720067433
-0.6556862539
-1.0717416429
0.8390897312
0.7766099009
0.9149018016
-1.7970084227
-1.4341527634
-0.3725449609
0.6047154933
-0.0172136987
-0.6625228627
-0.4770948070
2.1612719567
0.2027296655
0.5317325320
-0.2575028449
0.4125862948
0.0007560729
1.2182447529
0.5071981790
0.0560018271
0.1590163778
-0.7597043454
0.7005688782
-0.1875725127
-1.4081125566
0.6655309891
1.5710282556
0.4075801811
-1.4731160186
0.9334258021
-0.7866519596
0.8066941749
-1.5020381327
-0.8524634089
0.1888442927
-1.7811623274
-0.1999159152
0.4758792254
0.1101006584
-0.5392196619
-0.6777682753
-0.4021024680
0.9222533176
-1.2184000614
0.5704451697
0.4651881643
-0.9903117099
0.3518010038
0.3080430298
-0.6607498353
-0.0704901119
0.0853723748
0.4206376416
-1.8592519868
-2.4257593616
1.9126170962
-0.3911877757
-1.5786699874
-0.1239991599
0.5007845165
-1.1820031646
0.3242384470
-1.0359615676
-0.2720184151
0.4172099126
-1.9500986477
1.2576284125
0.6736716557
-1.2662301866
-0.2589032632
1.0861241232
1.8880871586
0.3276283119
-1.6636867832
0.8758206606
-1.0474951275
0.6345390642
0.4822716001
-0.3539073550
-0.9435620991
0.3025934365
1.4715379009
1.6993741606
0.6388399137
-0.5202923176
-0.2103454632
1.3054590432
0.0032274484
1.3287361510
0.1006015535
-0.9718465214
-0.2065940278
-0.0149617558
-1.5552541301
0.0307649464
-0.5941715197
-0.7818197454
0.3892741752
-1.5652960760
-0.6538436618
0.9099446233
1.2804854241
-0.0045894598
0.8571860565
0.7765249942
0.1214194506
-1.2519039090
-0.1134095677
1.4508719922
0.4449714277
-0.7581604592
-1.1026509013
-0.1139729421
-0.1472737923
1.8206086750
0.1427100606
0.1775662325
1.0982139590
-1.4686216334
0.4970143659
-0.1025333980
-0.9388044055
2.2416512675
-0.6362023821
0.1688555023
0.2785039954
-0.5657978111
0.3247122692
0.0444301775
0.0783019010
-1.3376727169
-0.0771222793
0.0040628006
0.0743901709
1.0108117059
0.6589121499
0.3915856728
-0.3541234561
0.0441697871
0.1803596628
0.5056222179
0.4661119151
-0.3782041719
0.3252266516
-0.8706020498
1.1574990922
-2.1305728941
0.5275446951
-0.0765898806
2.0518771729
0.5385627931
-1.0786366483
0.8559763664
-0.7975549471
-1.1057941456
-0.4093909912
0.1413462130
-0.3695398942
-0.1644814567
0.3231298028
0.8910887496
0.0132120289
-1.0765437989
-1.3496150131
-1.7456042806
-1.1555289988
1.4732314556
1.0688792564
0.7621111197
1.4464483875
-0.0046232035
-1.0895183016
0.7255664225
0.4641643463
-0.4590702740
-1.9294774959
1.0231840693
-1.0590754081
-1.2829111447
-0.1327725238
-1.4872766698
1.7825580566
-1.7976893363
0.9007112869
-1.2575199729
0.6343366412
0.8948675157
2.1198736892
-1.2780720799
-0.6341461646
-0.1782182763
-0.6706377486
1.2794943909
0.0465842634
-0.7997014942
-1.0129356550
-1.3285635131
-0.0046746178
-1.2912949887
0.5203177299
-0.1043201361
-0.3538487122
-0.8576264542
