17 8 0.07
8 0 2 0 3 1 0 1 1 1 2 1 3 2 1 2 2
6 0 1 1 0 1 1 1 2 2 0 3 0
5 0 0 0 1 1 1 1 2 2 1
9 0 1 1 1 2 0 2 1 2 2 3 0 3 1 4 1 5 1
6 0 2 1 0 1 1 1 2 1 3 1 4
8 0 0 0 1 0 2 1 1 1 2 1 3 2 2 2 3
10 0 0 0 1 1 0 1 1 1 2 2 0 2 1 3 0 4 0 5 0
10 0 0 1 0 1 1 1 2 1 3 1 4 2 0 2 1 3 1 3 2
1 8
13 4
5 2
6 8
9 4
13 2
3 0
0 8
0 0 0 0 0 0 0 0 1 0 0 0 0 0 0 0 0
0 0 0 0 0 0 0 0 1 1 2 2 1 0 0 0 0
0 0 0 0 0 0 0 0 2 2 1 1 0 0 0 0 0
1 1 0 0 0 0 0 0 0 2 2 0 0 0 0 0 0
1 1 1 0 0 0 0 0 0 0 0 0 0 0 0 0 0
1 1 1 1 0 0 0 0 0 0 0 0 0 0 0 0 0
1 0 0 1 1 0 0 0 0 1 0 0 0 0 0 0 0
1 0 0 1 0 0 0 0 0 1 0 0 0 0 0 0 0
1 0 0 0 0 0 0 0 1 1 1 0 0 0 0 0 0
0 0 0 0 0 0 1 0 1 1 0 0 0 0 0 0 0
0 0 0 0 1 1 1 1 1 1 0 0 0 0 0 0 0
0 0 0 0 0 0 0 0 0 1 0 0 0 0 0 0 0
0 0 0 0 0 0 0 0 0 0 0 0 0 0 0 0 0
0 0 1 1 1 1 0 0 0 0 0 0 0 0 0 0 0
0 0 0 1 2 2 1 0 0 0 0 0 0 0 0 0 0
0 0 0 0 2 1 0 0 0 0 0 0 0 0 0 0 0
0 0 0 0 1 0 0 0 0 0 0 0 0 0 0 0 0
-1.1007920520
1.2296396709
1.3668187328
1.1520723444
-0.7412046462
1.5247396531
-2.1422139894
0.6355869495
0.1993760162
0.4405047612
0.2185009523
-0.2813076985
1.1888354521
1.4773667874
-0.5845726633
-2.0752266177
0.3945027667
0.1350051080
1.4709147140
0.4592193542
1.5090812278
0.3468117167
-0.4222754605
0.0878332692
-1.0477086910
-0.3575509614
1.7099887114
-0.9675102411
0.6227530123
0.6943461556
-0.7710839394
0.6754410929
0.0464819070
-0.8962078556
-0.2252569267
-1.9290942867
-0.5649241946
1.3596973682
-1.2185852951
1.4903398853
0.8217264081
1.9102958155
-0.8930708832
0.4295468452
-0.7128548185
-0.5140846253
0.4214755896
-0.2026976595
-0.3685932375
-0.4842104864
0.5823847730
-0.1930613985
0.1824961189
-1.5008343991
-2.4066069790
0.2304115751
-0.6134300185
0.4833390487
-0.8381392478
-0.0639647701
0.9714638446
-0.8530226679
2.1566436016
-0.3990234578
0.7215742623
0.8322138179
-0.7248842589
1.3170661353
0.1203691921
0.4973204046
0.8523843152
1.2364352862
-1.8038637543
0.7726982665
-0.2221945771
1.1429078698
-0.4570194476
2.3008393310
0.2271465096
1.4067185847
-0.7668362032
-0.5404063885
0.0009787440
1.7134879317
-0.2043678273
-0.0505875380
0.2463764979
-0.1881342317
-1.6323094919
-1.3016948842
1.0447032039
0.4886215346
2.5182115869
1.1873397589
0.7482791368
-0.5786080656
-1.1629672313
2.5433395255
0.0990209185
0.5982223262
0.9662020085
-0.2857890996
0.1130434994
-1.1398422909
-1.1552186268
1.0088153164
0.3819155936
0.5205633819
-1.8682038559
-0.1672138614
-1.1483297825
0.6738137595
-0.3447110289
0.0938416500
-0.6944321877
-1.7825821230
-0.8523880858
-1.1255749801
0.1623462097
-1.5333371486
-0.8706112396
-0.6831347063
-1.1536796562
0.4775675873
0.4959827024
-0.3312665207
-1.1813832170
-1.0233131428
-0.1997489774
0.2185835221
-0.4696199416
0.0679473426
-0.4416164853
1.7680771933
-0.7345346784
1.7604274127
-0.1468658435
-0.6201122529
-1.7826780690
0.9908174214
0.4821884822
1.2658745271
-0.3734547820
-2.3631210801
1.1387092817
-1.9146596910
1.5128409184
-1.4707721341
0.9513318934
-0.6779731666
0.4929678867
0.4532663311
0.5534979229
-0.1064787377
-0.4137867720
0.8717901087
0.6590378130
0.4664466016
0.6500445669
-1.1861437321
0.1640978444
-1.2807469227
-1.1727960412
-0.9343051514
0.7587625062
0.1249621508
-0.5294408173
1.5493810313
-0.9705721307
0.7535094580
-0.5606690580
-0.4902780166
0.5307446674
0.5452848616
-0.9949146174
-0.7933288240
-0.6371367623
1.1321003573
0.4188624302
-0.1528188970
0.8921977287
0.8445550105
0.8206503353
0.5548192958
0.6494465123
-1.0137149131
1.6029689192
0.9531122374
0.1547123470
1.2433201545
1.3098449500
-0.9456974899
-1.6493021833
0.8436442667
-1.1272077480
0.4150795119
0.9587173446
-0.5916259493
1.5494744496
-0.1985536773
-0.7890217441
-1.1930896063
0.5873608116
-1.7758011888
-1.6159025715
-0.4409767600
-1.3884749922
-0.0483806940
0.4830348288
0.4057192838
0.1478334700
-0.4565425856
1.0743483484
0.2570664381
1.1369108017
-1.1441160335
1.6089752386
0.1042148184
-0.6336175009
0.9496058931
-0.3567091114
0.6705294095
-2.7148922020
0.9808854515
-0.6061026504
-1.6320677117
0.8540279211
-1.4394301578
0.4106246647
0.2244931254
-0.0455650705
0.1755703679
0.8880659737
0.1550022616
1.9414825955
0.5038539990
0.1245306196
0.1377404999
0.5973127389
-1.0363970403
1.0561498828
0.2199869379
1.2563868001
-0.2892424039
0.4043430187
0.1542755983
-0.5935901260
-0.1654797233
1.1366983420
-0.4549822336
-0.4961710706
-0.4625430819
0.5141380567
0.6484692060
-0.8833252458
-0.1056017981
0.0342781932
0.0016181515
-0.1795856905
0.4927051729
2.7764388492
-1.2941880577
-0.5139589461
0.7762776443
1.1248861518
-2.1737281055
1.0336996341
-0.1231346972
1.1768870453
-1.1004027861
0.8244780484
0.7960428574
-0.0942395960
0.8616465964
-0.6695684420
-1.7116374025
3.0405171457
0.0495824600
-0.7612583215
0.4932773083
-0.7483583563
-0.2248936228
0.0178168370
1.1613688331
1.7087981606
-0.5268180823
-0.1076085228
-0.7935360968
0.7420775024
-1.2191007657
0.8871407429
-0.8336094182
-1.7936164845
-0.1359114215
-0.7430613217
0.9611052987
0.2998689194
-0.6314867571
1.2403408960
0.6842328019
0.1387744450
-0.5148814887
0.9913358745
-0.1350981098
-0.1347682958
-0.6684869096
-0.1748025930
2.0693239602
0.7490753487
-0.1266497449
1.0256576831
-0.9198128817
-1.2966939438
-1.4364798577
-0.3877787955
0.6400930318
0.4821395336
0.3301961771
0.3234952721
0.5981443220
4.0744580853
-1.5986173672
-0.9102200604
-1.4965140261
0.0685716763
-1.1448649162
0.2305893898
-0.6888077275
0.1082895213
-0.2284044015
-0.2875375594
-0.8411466183
-0.8773807392
0.6681208046
1.5547919955
0.3556239441
1.1220868924
-1.9344350910
-1.5645484165
-0.0208222199
0.8573394626
2.1290900543
-0.1291839307
0.6634730541
0.2629331334
1.8067308904
-1.2159607608
-0.3763646820
1.7072771724
0.1989150070
-0.4718574668
-0.0801417275
-0.1237455129
1.3960877861
0.2273485796
1.3121596570
0.0590031033
0.4546851569
-0.1311391021
-0.0740773866
-0.0721912663
-0.8925137239
0.5660538279
-1.1741813919
-1.4923879917
0.8419303712
-1.6016240895
-1.1546330604
-0.3382972793
-0.1981298380
-1.1818818376
-0.0539546353
-1.3061945137
-2.0627094092
-0.6981221459
0.4019555988
-1.4035927035
-0.2453081414
1.1456746905
0.0072253892
-0.3970678589
-0.0227003186
0.2960363032
0.8858674390
-0.7173985596
-1.3028984496
0.1496084156
1.3041063974
1.2235224653
-0.0366201310
-1.1756405796
-1.2524090351
-1.0756136849
-1.1733488118
-1.6365452872
1.2182457248
-0.0309682768
-0.6615585457
-0.6278720848
0.3896762518
-2.1170969825
-0.3965578407
-0.4332749328
-0.0752273401
-0.4801859883
-2.2206586642
0.5325404770
-1.7849258615
-1.5072558616
-0.3271526353
0.6082531196
-0.2047191169
0.1033471173
2.0867625308
-0.7404072582
-0.5459232627
-0.9679252366
-1.0656666817
0.9961359963
-0.6278367274
-0.5827264034
1.3947728290
-0.6439311486
-0.2947009395
0.7590324483
0.2863133478
0.0728452031
0.1688165045
1.8255968386
-0.2147779560
-0.9824455817
-0.3444080471
-0.1206227770
0.6434599102
-0.4776180428
0.1286590135
1.4815529078
-0.9625165493
0.2028581682
-0.6704934752
-0.9575995227
-1.7649303137
-0.1455261316
-0.9048251139
1.0853815669
1.4426975773
0.3509752258
-0.9404695551
-1.2716121605
1.5202962442
0.6271275875
-1.2177887745
-0.1960595495
-1.5348024709
-0.3888464699
-1.8486443176
0.4453205770
-2.0570844693
0.5786780418
1.5039714719
-0.4443952187
-2.1517199541
-0.6190543837
-1.0049724031
0.0967681492
0.2509349295
-0.7223893629
-1.8291588297
-0.3059938465
0.5838094836
0.1144267934
-1.9429069549
0.1621193695
-1.1844317835
0.6361088428
-0.6680404958
1.9681448077
-0.1613782398
-0.3092048372
1.7715017737
-0.1773795065
-0.5619452673
0.0542641723
-0.3232027155
-0.6247935658
-0.4015086741
0.1705921986
-1.2467874531
0.4244914765
-0.5002276450
0.2670520539
-1.9307947015
0.6307719885
-0.9532708290
-1.3229355175
1.5816066406
-1.6428830685
0.2413145701
0.8229322117
-0.3251341619
-0.2873979000
-0.4445986442
-0.3026828900
-1.3438356820
2.2225268677
1.8330460964
0.6031850475
0.3120153809
-0.9286889035
-0.4169924934
-0.4204849555
-0.2045816231
1.8521332994
-0.0800042773
0.5358538707
1.3199688286
0.5011589592
0.5216975831
1.3532574510
2.4795475576
-1.3105469812
0.6478056664
-0.0673760058
0.5832444329
0.5172256139
0.4201920427
0.3039382657
-0.5947175623
0.8332591326
1.2572942576
0.9717213297
0.6313686819
1.9981091888
-0.0626874832
2.0785481406
-2.2908016457
-0.7420933539
-0.0474931181
0.7658749082
-1.9045040207
0.9042422274
0.3112004968
0.5073281284
-0.6108062685
0.7773524636
-0.1652091080
-0.6173599626
-0.3638426684
-0.1623740499
-0.3466666721
-0.5036102959
-0.7362225035
0.7117365129
0.0992154111
-0.7839460917
0.1785132928
0.5217631756
-0.8866499921
-0.1656670116
0.3054641643
-0.8728363368
-0.3402479792
0.0068704919
0.6700739221
1.2551739108
2.0560571493
0.5989896489
0.0799207205
-0.4578176422
-0.8458470180
0.6564570720
-0.3377602686
-0.4905700448
1.2014237432
0.3998782027
1.2730814431
-0.6700107745
-0.4858672125
