19 13 0.04
5 0 0 1 0 2 0 3 0 4 0
5 0 1 1 1 1 2 2 0 2 1
5 0 2 1 1 1 2 2 0 2 1
5 0 0 0 1 0 2 1 2 1 3
5 0 0 0 1 0 2 1 0 1 2
5 0 1 1 0 1 1 1 2 2 1
5 0 1 1 0 1 1 2 1 2 2
5 0 0 0 1 0 2 1 1 2 1
5 0 1 0 2 1 0 1 1 2 1
5 0 0 0 1 0 2 1 1 2 1
5 0 1 1 0 1 1 1 2 2 2
5 0 0 0 1 1 0 1 1 1 2
5 0 1 1 0 1 1 1 2 2 0
1 13
14 3
1 14
8 1
7 10
8 15
12 5
9 0
0 5
1 10
12 4
4 6
14 14
0 0 0 0 0 0 1 1 0 0 0 0 0 0 0 0 0 0 0
0 0 0 0 0 1 1 0 0 0 1 1 1 1 0 0 1 0 0
0 0 0 0 0 0 1 0 0 0 0 1 0 1 0 1 1 0 0
0 0 0 0 0 0 0 0 0 0 0 1 0 1 1 1 0 0 0
0 0 0 0 0 0 1 1 0 0 0 0 0 1 0 0 0 0 0
0 0 0 0 0 0 1 1 1 0 0 0 0 1 0 0 0 0 0
0 0 0 0 0 0 0 0 0 0 0 0 0 0 0 0 0 0 0
0 0 0 0 0 0 0 0 0 0 1 1 1 0 0 0 0 0 0
0 1 1 1 0 0 0 0 0 0 1 0 1 0 0 0 1 0 0
1 1 1 1 1 0 0 0 0 0 0 0 0 0 0 1 1 1 0
0 1 0 0 0 0 0 0 0 0 0 0 0 0 0 0 1 0 0
0 1 0 0 0 0 0 0 0 0 0 0 0 0 0 0 0 0 0
0 0 0 0 0 1 1 0 0 0 0 0 0 0 0 0 0 0 0
0 0 0 0 1 2 2 0 0 0 0 0 0 0 0 0 0 0 0
0 0 0 0 1 0 2 1 0 0 0 0 0 0 0 1 0 0 0
0 0 0 0 1 1 0 0 0 0 0 0 0 0 1 1 1 0 0
0 0 0 1 1 0 0 0 0 0 0 0 0 0 1 0 0 0 0
0 0 0 0 0 0 0 0 0 0 0 0 0 0 0 0 0 0 0
0 0 0 0 0 0 0 0 0 0 0 0 0 0 0 0 0 0 0
0.8077711267
-0.0868321438
1.0438325393
-0.3106450998
0.3890165541
-0.8582573358
-0.2158651531
-1.2567653433
0.1377128436
1.4509457257
-1.2723798272
-0.2242456329
-1.2875603039
0.9863534179
1.4705969868
0.0127996911
-1.1068774205
1.3327914317
-0.3145065441
-0.6411940817
0.1740902515
-1.0035478628
0.5199652375
-1.3303523229
-1.2387405217
-1.0800589752
0.5870306805
0.5581620792
0.3746052697
-2.0167447501
-0.6096351373
-1.4246397202
0.1742999355
0.9199162191
-0.3536160280
-0.8513414814
1.3606632613
0.5058735120
1.3614716078
0.1745554791
0.7394310638
-0.8232282195
1.2435897774
-0.0437342918
0.7849301681
-0.6556451279
-0.4778220987
0.1906939644
-0.1633354383
-0.6951289565
1.2298513065
1.7241145090
-2.6871769490
0.0487814902
-0.9764818994
0.1426565580
1.4890015340
0.0555163596
0.9474130289
0.7754342882
0.5806709946
-1.6003167526
-1.6653819302
1.4993101946
1.9255963613
-0.5509608387
-0.0449786437
-0.7294152228
-0.9782671329
1.5475042318
-0.2129100781
-0.5408387021
-0.9923235374
-0.4667841587
-0.7069432273
0.5685918793
0.3481400820
-0.5557062118
0.7103748095
0.2113375234
1.2735229509
0.3509801419
2.0944147393
1.8678538656
1.6138660872
-0.6670349228
0.5548787366
-0.7729114547
1.0767367336
0.3983850126
-1.5204613187
0.8862699569
-0.3824463406
0.1914109770
-1.0677877194
-0.2161179240
-0.4491093574
-2.1857672198
-0.5957151173
-0.5185846486
-1.0028179384
1.5865279366
0.0278861041
0.6914614828
0.6838323220
-1.0042598214
-1.3339906112
1.2601075061
1.1752558556
0.3304362590
0.1811530913
0.3699207058
0.3118822757
-0.8710911024
0.1633620420
0.1539312128
0.7227283349
0.5636958485
0.2014433177
-0.2619311720
-0.3020888856
0.7510909183
-0.8637697410
0.4456046942
-0.4843623364
-0.2472117370
0.3282172941
-1.3334861685
0.0684967270
-0.3289047243
1.6916057213
0.5013199236
-0.7266266735
-0.0634682289
0.2763222830
-0.1214851118
1.5798661873
0.8757652077
-0.6714611976
1.5849204766
-1.2377660514
1.2317825568
0.3958522883
2.1166073035
-0.0380523131
0.2657707434
-0.2555994089
-0.6858193629
1.5910168202
-0.8746284483
-0.7227809099
-0.0059997512
0.7311490460
0.5055137104
-1.3310625169
-0.4132720985
-0.7700003949
-0.2419588593
0.6806949530
0.1968731045
1.1564836297
-0.6232307537
0.2323233553
1.1449795044
-0.5477410570
0.8573935086
0.2248957888
-0.2979266897
-0.0488597636
-1.9378400057
-0.5813240134
0.2992107579
-1.2542760960
1.0393685022
-0.4472798013
0.2038423365
0.4447111648
0.0430992694
0.4283984196
-1.0409319406
0.2559048425
-0.4625897698
-1.1528435531
1.1488775410
-0.3225516245
2.0250130732
0.3594784180
-0.6532508962
0.2402908902
-0.4070004446
2.0111648346
-0.0335341983
-0.1369617668
-0.5915600841
-0.9475998090
1.4596282829
0.1409549052
1.4610554980
-0.7712259949
0.2321050235
0.5208399339
-1.3307942843
-0.4000726201
-0.0435771390
-0.4647544002
-0.6385698590
-0.0323547916
0.5628096874
0.9646468380
1.7878297120
0.6243429259
-0.1218263929
0.9303690112
0.4705098024
1.0197092845
-0.3254393285
-1.0810733031
-0.5025856273
-1.0947399030
1.4210716498
0.2925038861
0.5421949313
-0.6921611546
0.5109524748
-1.3952534540
1.1820140441
2.1455505422
-0.8334256199
-0.0571437310
-0.4719196684
-1.6387139363
1.1747403484
-0.5421490936
-0.0619854902
1.2484575471
-0.5421795206
1.3724906897
-0.9688980197
-0.0669332807
-1.0182945298
0.6723624445
-0.2093006812
1.3766914355
-0.3160712612
-1.3753047720
-0.0952946016
0.7694774238
-3.0479346104
0.7656841927
0.5404733202
-0.7607480365
0.0513499639
-1.1332262434
-1.1792121834
0.9529785170
0.5461514642
-1.1279965447
0.1228663980
0.0500812330
0.0027704388
-0.0140601356
-1.3876718190
-0.8789139976
-1.8994421371
-0.9307162726
1.2398615199
1.3586221989
0.8259539428
0.2582291548
0.7195306686
0.9376193168
-0.3140444005
-0.2679303069
-1.1707785358
1.1724114234
0.7677271653
0.4180711513
0.9156392522
-1.0984751547
0.7598768650
0.0769002860
0.6993990710
-0.7899414779
-0.3442075652
1.3386241938
1.1959269127
-0.1683427676
1.0600634426
-0.5077695845
1.0350065168
0.2909984393
0.3892547536
2.6770634233
-0.6976314334
2.0168769018
0.1887037075
-0.6206209390
1.8408363314
-0.0685138904
0.3511250448
2.0991399867
0.4509352955
0.2585633776
-1.3991993990
0.4261546896
0.8058808940
0.5551708326
-1.3818256043
1.8901828835
0.9952263457
0.2894660595
-1.7072658907
0.2189158235
-0.3797127539
-1.6553459896
-0.8735610173
-0.0532168400
1.3134576437
-1.7112767878
-1.3234640332
1.2480972144
-1.0963696442
-1.5358612616
-2.2184677813
0.6307277929
-1.3524714684
-2.3888516795
-0.1463972045
-0.1445568047
1.2277298399
-1.8042493880
1.4236931430
0.8749228320
-0.4254278818
1.4581427118
-1.3055305798
1.2756658774
-1.5127148964
1.1518118078
-0.6697476923
2.7201390287
0.8504857984
-0.1206575365
-0.6712351530
-1.2378215649
-0.1423977093
-0.0887091474
1.2436293970
-3.2024156831
-1.0933994533
0.1680265146
0.5426809985
-1.0185210297
0.8627251738
2.9879821532
-0.1349599638
-0.0235037267
-0.2051526525
0.2880869815
0.9621986754
-2.8730785325
0.7669553558
-1.1845558919
-0.9938643790
0.0863395340
-0.6634505530
0.4881948202
-0.3844753539
0.5585784032
1.4242811446
-1.4094797965
0.5153308064
-1.2112256131
-0.2279809623
-0.2076436264
-0.3752585714
-2.2437016570
0.9898299467
0.4971011322
-1.2341723619
1.1362436707
-0.8794862028
2.1476700484
-0.2361130428
0.0793940748
-0.5670444191
0.5217455953
0.3960588240
-0.0628024480
-0.1337388590
-0.3623394268
-0.2128316815
0.3735444844
0.9566803203
1.4692030881
-0.2658963463
-0.5718858933
0.1168705714
0.3693914468
0.6333955129
0.0493355153
0.2067510613
-0.4178100218
-0.0295762637
-0.8843344460
-0.8570813392
-1.5073424313
-1.9996231531
0.1247596442
-0.0002395827
0.0429769155
0.4139783375
0.4737723606
-1.4356805662
0.2853448117
0.6138196382
0.7412573908
-0.9239224372
0.4221892377
0.6221517717
-2.0450384467
0.3763244638
-0.5916529682
-1.0489445422
-0.2789993347
1.9664108254
-1.1989772176
1.0962667771
-0.6629777301
0.2547195301
-1.1326394896
-0.3565531462
0.3226974736
0.4533568971
-0.6701123991
-0.6534853706
-0.3582718498
-0.4025699500
-0.1129716758
-1.0627062876
-0.8547170472
0.1729205629
-0.9111345050
-0.4945858326
2.0373458504
-0.2773878044
0.4657890769
0.8071550868
0.4539840902
2.0117666029
-0.1846602710
-2.0279983014
1.1035231578
-0.1021591438
-0.4323345106
0.2997879083
1.7297101859
-0.6065108941
1.2076504844
-1.4471393957
-1.4700570630
-0.2802614918
0.4083151055
-2.2789660580
-0.4119592295
1.7120487174
1.4479621088
-0.5129418446
-1.2076208721
-0.8981396561
0.1669388300
-0.6184896246
0.2668462745
-0.7883947418
-0.8139155388
-0.0433173748
0.8151994048
1.4719469334
1.2880271434
-0.6833845188
1.9290217673
-1.1463481988
0.6384143610
-0.1937123264
-0.3308947134
-1.8550320920
0.1351127422
-1.4295218457
0.2085901361
-0.9771834847
0.0452269544
1.3991268064
-1.2772348471
-1.6373481198
1.3701423581
-1.8343154086
-1.2233854154
1.8633822596
0.0281848664
0.6425921562
0.0437095300
-0.9514727834
0.2133385856
-0.3391125122
0.5855069783
-0.3445097137
1.8747273146
-0.9729485754
0.8722874292
-0.1413962670
1.2505591692
0.0399147913
0.9124001095
-1.3027071609
0.1946008578
-1.2235467664
0.3406730308
0.1676159494
-0.9727763229
0.2024563791
0.9364316295
-0.5264727005
0.6601567946
0.9599025609
2.2148275524
0.7480302779
1.9086828289
-1.9575123060
1.3762224645
0.9093274547
0.6406497098
0.0369094788
0.3186084073
-0.6154668559
-0.6101317133
-0.7962623399
-0.6865763395
0.0218478496
-0.2529774591
1.6505046905
-1.9239882000
0.5990069143
-0.8674420085
1.4314671846
0.4055964313
0.4738710592
0.1389587104
1.6035031612
0.1281713742
0.5652001824
-1.0036861355
0.9477602064
0.8490578060
0.5651978913
0.2195860263
1.3063130119
-0.6053495684
0.3910854043
0.6990095578
0.0297998889
-0.2527223441
0.3649658856
-1.4018742745
1.4738647088
-0.6273928011
1.6846936737
0.3067080349
0.5820343666
0.8488662064
0.6167061409
0.4249422440
-1.1658322204
-0.4581511993
0.3368318374
-0.4381922514
-1.0093081747
1.1437977705
-0.3101203778
-0.5089314556
-0.1928339473
-1.5441415759
0.6208142524
0.7456715906
-1.1700528648
0.5976384383
0.7523724021
-0.2430593731
0.0303998056
0.6778300087
-2.3487618933
2.6281834742
2.0569505608
-0.6578831392
-0.4453716702
-0.4088502255
-0.7797767379
1.4285967159
-0.7265905481
1.4093765443
-1.0201175602
0.5258779304
0.0906362218
0.0500247506
-0.7301434177
-0.4109037050
0.7966262216
2.1707632388
-0.4429070055
0.9169116218
-2.2423784460
-0.2162699224
1.1414333735
-1.4047473870
0.3121569354
-0.7761729312
1.1364977170
0.2438220184
1.4206188997
-0.7690839153
0.3249344403
-0.1631522964
1.4170972073
-0.1640222514
0.2671171538
-0.0572857576
1.7318900128
-0.3731365093
-0.4687337992
1.2172976756
-0.1560421152
1.1741208332
0.9879915892
-1.1303121066
-0.6501680951
-0.4790195857
-0.7265865349
-0.4991407518
-0.1785864463
-3.4679809932
0.9765452953
0.1320622089
0.8064376085
-0.0669184652
-0.4248547304
0.3002115486
0.1235088079
0.1898463595
1.5794469663
-1.2443534901
1.0712190289
-0.1198516256
-2.1597228031
0.1472982861
0.7290008001
-2.1465170773
-0.6862227693
-1.3958919469
-0.1356320279
1.1837454434
-0.6212321943
0.8518670559
0.7647311966
-0.0791692969
-2.3769080768
-0.3120953982
-0.4381855321
-1.3541280540
0.4959205931
1.3684048763
-0.1890486794
1.4263933202
1.2744815106
0.8149095165
0.9538908645
0.1861357780
-0.3830705608
-0.3546509529
-0.9060176060
-0.1888214436
1.2301539403
0.4461554174
1.4650794318
0.0320082902
-1.1847687232
-0.3073877981
0.1758518792
-0.1691899257
0.3179810759
-0.2302037172
0.8717692267
-0.1846265402
1.9342024531
-0.3291816068
0.2508874087
-0.6733463719
0.0239197487
0.3036951007
-0.4281154571
-0.6179470949
-2.9704981672
-0.7249577965
-1.7062958275
-1.0790948167
-1.4047283295
0.1600120125
-1.4563540622
-1.9091444850
-0.3232185590
-0.1631183042
0.9793853548
-0.2611603322
-0.1352281252
-1.1600313013
-1.0763287550
1.5616194621
-0.6945019574
-1.2098716410
0.9472816376
0.1243441652
-0.3846664208
1.1552299783
-0.3200521425
