13 7 0.11
8 0 0 0 1 1 0 1 1 1 2 1 3 2 0 2 3
8 0 0 0 1 1 0 1 1 1 2 2 1 2 2 2 3
8 0 3 1 1 1 2 1 3 2 0 2 1 3 1 3 2
8 0 3 1 0 1 1 1 2 1 3 1 4 1 5 2 0
8 0 1 0 2 0 3 1 0 1 1 1 2 2 2 2 3
8 0 1 1 1 1 2 2 0 2 1 2 2 3 0 3 1
8 0 1 1 0 1 1 1 2 1 3 1 4 2 3 3 3
5 6
6 8
6 5
6 6
10 9
4 6
7 3
0 0 0 0 0 0 0 0 0 0 0 0 0
0 0 0 0 0 0 0 0 0 0 0 0 0
0 0 0 0 0 0 0 0 0 0 0 0 0
0 0 0 0 0 0 0 0 0 0 0 0 0
0 0 0 0 0 0 0 1 0 0 0 0 0
0 0 0 0 0 0 1 2 1 0 0 0 0
0 0 0 0 0 0 2 2 4 3 0 0 0
0 0 0 0 1 0 4 3 3 3 2 1 0
0 0 0 1 1 2 3 1 0 1 1 1 0
0 0 0 0 0 0 2 1 0 0 0 0 0
0 0 0 0 0 0 1 0 0 0 1 1 1
0 0 0 0 0 0 0 0 0 1 1 1 0
0 0 0 0 0 0 0 0 0 0 0 1 1
-0.9156422652
-0.4707228767
0.6955110109
-0.2422789671
-1.0484442553
1.0329075220
-0.8206101952
0.7856228609
1.9640643954
1.2055005539
-0.8809582231
0.8322384317
0.9808516097
1.4875312756
-1.0095396453
0.4608806119
0.1993214721
-0.4608677311
-1.1893907363
-0.2712166342
-1.5907819343
-0.2076156133
-0.4669330618
0.4749350133
-0.1561267733
0.4453205885
-1.7333868677
1.3499512534
0.3951560367
-0.3555633442
1.1369138005
0.8399081512
-1.0107846404
-0.4232476470
-1.2183408139
1.2246284197
-0.1949784217
0.6479797760
0.6840001170
-1.0940261665
-0.8164155226
-1.2566610929
0.8704818425
0.5474525705
0.4055924276
0.3899300129
-0.2481206267
0.3518816577
1.0164059956
0.7667641889
0.5078524168
-1.1869910139
0.1978516592
-0.4549161219
1.4041168616
1.2727242013
-0.8995670847
-0.2378884881
0.2745731650
0.4978531931
1.3452581324
-0.7200062307
-0.0490526830
0.3147312555
0.9138111555
-0.8979151458
0.4041391547
-0.4156001842
-1.0670939864
0.2822080584
-0.3344488070
-1.5228440161
-1.2570413013
0.2330427601
0.5324567430
1.7054509651
0.4240154507
1.5122416583
0.5170625721
0.2824017262
0.2123253854
1.6130496512
-0.5996852442
-0.9504843542
1.3496394497
0.8541965632
0.0424488444
-0.4415846193
1.3663699832
-0.3725426860
0.6695918670
-0.2473801617
0.7385851750
-0.5544589322
2.6931613483
0.9594515404
0.5378687815
-0.7557464302
-2.0415051868
1.4197926776
-0.1690829223
-1.0203002771
0.3431876112
0.4764619557
3.1142527991
-0.5759014520
0.7728240361
-0.1176116455
-0.6290676292
-1.3938079203
0.3895747639
0.9486844024
-0.9945222644
0.4791802685
-1.5073727101
0.4251616972
0.9216587647
1.0099676397
0.2636906831
0.6908888277
-0.0400240665
-0.7885856331
-2.1771553805
-0.1393368556
0.0592914122
-0.1129281514
-1.4551138241
0.6475510540
-0.7444948447
-0.2153977926
-0.2798590153
-1.9729987607
1.4773431100
0.3764447723
1.3009428249
-1.0067101828
-0.2464511475
-1.3450054142
-1.5669093923
-0.0991151129
0.4773917073
0.0412281041
-0.9158177569
-2.0721987753
1.2287937087
-0.9327936724
-0.0083370057
-0.5027112268
0.6861728467
0.2835406695
-0.3882628171
-0.1163050339
0.7360719041
1.3677810459
-1.5824372098
-0.1487041625
-1.3038048603
-0.4717498393
-0.0239660111
-1.0745873334
-1.1847582402
1.1712559488
-1.0567230622
0.7569798018
1.3952860176
0.8502441391
0.0767100000
-0.7078820985
-2.1734559740
0.3041972254
-0.3885883731
-1.9744035187
-0.2346659691
1.6827027153
-0.3150938629
-0.9551818534
-0.0690917130
-0.1124946366
0.2895964727
-1.0735133444
0.0867554846
2.0987372350
1.4694087474
1.0881840493
-1.0263838259
0.6477097606
-1.2568016112
-0.3401000940
-0.9804941942
0.5481772078
0.4923865337
-0.3792027279
0.1518514154
-0.8361040567
-1.6923173101
-0.9140433285
1.8981727015
1.5640670432
-0.3597116831
0.4332319178
-0.8761421333
-0.0753105425
0.6693223187
-1.5022496664
0.3043297649
0.4886067543
-1.2316042037
-2.0722236599
0.5792153928
1.3624255788
-0.7970742400
-0.3293509827
1.8075172823
0.8825454029
0.8683917386
0.7215904688
0.0031282253
-0.5482704578
0.4785413503
0.5309751475
-0.8626375128
0.1833273546
0.0827374078
-1.6929345239
1.0797409037
0.1551533753
-0.0936676838
1.0347783506
-0.4400294393
1.9348728805
1.2674984434
-0.6758909509
0.4596939199
0.0181723425
-0.2624977759
0.6737031190
0.6815144341
-0.1996597073
-1.7213205401
-0.9454031210
-0.6799304798
-0.9166511074
1.0901452349
-0.3720854927
1.3241440695
-0.4624932923
-0.7233580691
-0.2451914075
-0.5332897477
-0.2472392989
0.7118562312
1.1282666102
0.8333588286
1.3186622303
1.0899303570
1.6717972596
0.4297320915
0.5003639210
0.4875371682
-0.4138202141
0.0929706387
1.0723075653
2.4514049531
0.2600986660
1.2946397865
-0.3894589284
1.9927029479
1.8722321180
-1.4680320826
0.5211037240
-1.2339914877
0.3213099985
-0.8107911458
1.5720900195
1.3051279160
-0.3940909550
0.1872000046
-0.6835112339
-0.4102822987
-0.2341230700
-0.2605092908
-0.6523630499
0.4278081568
0.3068995055
0.0459183420
-1.5045142425
1.1169751948
-0.2561367576
-1.9506536816
-0.0309950203
1.4402087761
0.7971173776
1.7238397395
1.2247896057
-0.0042267170
0.6084733484
0.2446084835
0.7782225397
0.1975578641
1.8839617792
-1.2915406276
1.0928949549
0.8544467554
0.4996761605
0.0546838912
0.5221970816
1.0956603194
-0.3207068123
-0.3718469226
0.3366901451
0.0763600422
0.8881477037
-0.8555143886
0.4248972792
0.7678725322
-1.1488418273
-0.7249522492
-0.4717228853
0.4003012568
0.3640738721
0.1133339543
1.0043689260
-0.6057837224
0.5064738873
-0.4439965332
0.5987595589
0.4057439069
-0.9060187966
-0.2657576028
1.7370250029
0.1551350235
0.7178535573
-0.1270740931
-1.5404019207
1.4105842071
-1.6459466381
-1.4972288671
1.4326485684
