11 6 0.01
5 0 0 1 0 1 1 2 0 2 1
12 0 2 1 0 1 1 1 2 2 0 2 1 2 2 2 3 3 2 3 3 3 4 4 3
8 0 0 0 1 1 1 2 1 2 2 3 1 3 2 4 1
12 0 1 0 2 0 5 1 0 1 1 1 2 1 3 1 4 1 5 2 0 2 1 2 2
5 0 0 0 1 1 0 2 0 2 1
8 0 1 0 2 1 0 1 1 1 2 2 0 2 1 3 1
6 5
4 2
3 3
3 5
7 5
4 0
0 0 0 0 0 0 0 0 0 0 0
0 0 0 0 0 0 0 0 0 0 0
0 0 0 0 0 0 0 0 0 0 0
0 0 0 1 1 0 1 1 0 0 1
0 1 1 0 2 1 1 1 1 1 1
1 1 2 1 2 2 1 1 0 0 0
1 1 1 1 2 3 0 0 0 0 0
0 1 0 0 2 3 3 0 0 0 0
0 0 0 0 0 3 1 0 0 0 0
0 0 0 0 0 1 1 0 0 0 0
0 0 0 0 0 0 0 0 0 0 0
-0.6512213752
1.2715997709
-1.1990920560
1.4337398072
-0.6933173479
1.9855466109
1.5492264940
1.0289383925
-0.5107293145
-0.8911364579
1.7836636518
0.5724613809
-0.4297700269
-1.6063716850
-0.8631484293
-0.2545541017
0.1595562042
-0.3716043648
-1.2053768043
-1.0577617042
-0.6013545292
-0.2086817507
-0.7314493952
0.3307485755
-2.3326510630
-1.0578515502
-1.3038349625
0.8442772194
0.3864546160
-0.2390741800
0.8072045198
2.7265294282
-0.5521929058
-0.4135972501
-0.8893421135
0.9563571220
-0.0971154075
0.6798102683
0.4514355309
0.2087613817
1.2714659721
1.7723516861
-0.3027969967
-1.4359226973
-1.5980193868
0.3566134162
-0.0508859839
2.0835662988
0.1869548136
0.0237390802
-1.1577839594
1.3091559968
2.3622086626
0.7681330157
0.0439486326
-1.3207899820
-0.2718479920
-1.3277706418
1.0757262964
-1.1797523087
-1.9388974931
-1.6492920652
0.4227148440
-0.8799369774
-0.1330852398
1.9478077837
0.3720111647
0.0193717500
-0.5225292709
0.2545276359
0.0668405699
0.5943628964
1.8283127575
1.2764830964
-0.2240177880
0.0271858703
-0.1472126417
2.3665593529
0.7635476605
-0.4221962196
-0.8738688499
1.0391356397
-0.8308232981
0.7414083831
0.9256351358
-1.2850399858
-1.5770279989
-0.0871536532
0.6947994982
-1.1027261211
-0.7176587076
1.2341655090
-0.0093293541
-0.7166062377
-0.3237404069
-0.1374201443
0.1800086133
-0.5865098607
-0.4761840556
-0.4598179954
-0.3072540539
-0.3342477324
0.6943120062
0.9720348459
-0.1628629503
-0.8212298526
-0.9974491277
-0.8594312888
1.4207787534
0.6707342725
-0.6507721225
-0.6601375330
-2.0818611389
1.0132075588
-0.4934871987
0.1104637294
-1.2886555803
1.5355452645
1.9946568044
1.2884708358
-0.6052007245
-1.1739381236
-0.3399516026
-0.0569494946
-0.0363762491
0.8524360004
0.4130982536
0.3704536166
0.8685548864
0.9908175715
-1.6316946837
-1.5338498324
-0.3948760831
-1.0924044627
-0.3441785795
-1.0715347886
-2.0843327908
0.3717163833
0.3178973160
-2.1634232285
0.5621973394
0.5114690540
-0.1809680202
1.0806764375
0.9158054478
0.6081302478
1.2646884590
0.6808502251
0.0378506310
1.9184760573
0.3972233428
-2.0280102403
-0.1553284687
2.3786555652
-2.7610536014
0.1636742541
0.5318550255
1.0427542725
-1.3293588625
-1.1893685626
-0.3681131715
0.3648354264
-0.7534228811
-0.2909903554
-0.5135926557
-0.4641420017
0.3531406558
0.4839952760
0.3443426184
-1.2702302827
-0.0382897082
-0.8174811297
-0.1248109819
0.0757463028
-1.4938765261
-0.3817714126
0.5291004831
0.8418735682
-0.8696852731
-0.8353798293
1.4652324913
-0.6308341364
-2.1610312844
0.3903151587
2.2949932312
1.7395072490
-0.2141737528
-0.6333387367
1.0624742055
0.1765293409
-1.0340992054
0.8183441792
-0.3012612570
-0.5736469259
-0.0309151756
-1.3794075582
-0.5906430389
-0.8895561002
-0.2163762741
-0.6382691366
-0.4788706280
-1.3492857512
-0.0289113630
-0.7294305922
0.9200881060
-0.8627150909
0.7753044061
-1.1874348814
-2.0035667511
0.4007196426
1.0906251562
3.0990521000
-0.4894507631
-0.0278690997
-0.8012880471
-0.3970807120
0.9555936237
-0.1467932527
1.3385462597
0.1873498505
-0.8516801276
-0.9040569664
-0.5339602746
2.1654613871
-1.0180692415
1.2763968916
0.3023372706
-1.7278981222
-0.0946154240
1.3598573475
1.5553342832
0.1434225579
-0.3076745404
0.5634820241
0.8157853482
2.3120272115
-0.3107243853
0.7711709569
0.3349306749
-0.6086181544
-0.0834787482
-0.3241291769
