20 15 0.15
12 0 4 1 3 1 4 2 3 2 4 3 0 3 1 3 2 3 3 3 4 4 2 5 2
13 0 1 0 2 1 1 1 2 2 1 2 2 3 0 3 1 3 2 3 3 4 2 4 3 5 2
13 0 4 1 1 1 2 1 3 1 4 2 0 2 1 2 2 2 3 3 1 3 2 3 3 3 4
13 0 1 0 2 0 3 1 0 1 1 1 2 2 1 2 2 3 1 3 2 4 1 4 2 5 1
13 0 0 0 1 0 3 1 1 1 3 2 1 2 2 2 3 3 0 3 1 3 3 4 0 4 3
13 0 1 1 0 1 1 2 0 2 1 2 2 2 3 3 1 3 2 4 0 4 1 5 1 5 2
13 0 0 0 1 1 0 1 1 1 3 2 0 2 1 2 2 2 3 2 4 3 1 3 2 4 1
12 0 1 1 1 2 1 2 2 2 3 3 1 3 3 4 0 4 1 4 2 5 1 6 1
12 0 1 0 3 1 0 1 1 1 3 2 0 2 1 2 2 2 3 3 1 4 1 5 1
11 0 3 1 2 1 3 2 0 2 1 2 2 2 3 3 0 3 1 3 2 4 1
12 0 1 1 0 1 1 1 2 1 3 2 0 2 1 2 2 2 3 3 1 3 3 3 4
13 0 3 1 2 1 3 2 2 2 3 2 4 3 0 3 1 3 2 3 3 4 0 4 2 4 3
13 0 4 1 0 1 1 1 2 1 3 1 4 2 0 2 1 2 2 2 3 2 4 3 0 3 2
11 0 3 1 3 2 1 2 2 2 3 3 0 3 1 3 2 4 0 4 1 5 0
12 0 1 1 1 1 2 1 3 2 1 2 2 3 0 3 1 3 2 4 1 4 2 5 2
3 3
10 10
16 6
9 11
7 13
6 7
10 10
13 3
9 14
1 9
10 1
5 14
0 15
14 11
10 10
0 0 0 0 0 0 0 0 0 0 0 0 0 0 0 0 0 0 0 1
0 0 0 0 0 0 0 0 0 0 0 0 1 0 0 1 1 1 1 1
0 0 0 0 0 0 0 0 0 0 0 1 1 0 0 1 1 1 1 1
0 0 0 0 0 0 0 1 0 1 1 1 1 0 0 1 0 1 0 0
0 0 0 0 0 0 1 1 0 1 1 1 0 0 0 0 0 0 0 0
0 0 0 0 0 0 1 1 0 0 1 0 0 0 0 0 0 1 0 0
0 0 0 1 1 1 1 1 1 0 0 0 0 0 0 0 1 1 0 0
0 0 0 0 0 1 0 1 1 0 0 0 0 1 1 0 2 1 1 0
0 0 0 0 0 1 0 1 1 1 1 0 0 0 2 1 2 1 0 0
0 0 0 0 0 0 0 0 1 1 0 0 1 1 3 2 2 2 0 0
0 0 1 0 0 0 0 1 1 0 1 4 2 2 2 1 1 1 0 0
0 1 1 1 1 0 0 0 1 1 1 3 3 4 1 1 2 1 0 0
0 1 1 1 1 0 0 0 0 0 1 3 4 2 1 1 0 0 0 0
0 0 1 0 2 1 0 0 0 0 2 3 4 2 0 1 0 0 0 0
0 0 0 0 1 0 0 0 0 0 0 2 3 1 1 1 0 0 0 0
0 0 0 0 1 1 1 0 0 0 0 0 2 0 1 0 0 0 0 0
0 0 0 0 1 0 1 0 0 0 1 0 1 1 1 0 0 0 0 0
0 0 0 1 1 1 0 1 1 1 1 1 1 1 0 0 0 0 0 0
0 0 0 0 1 0 1 1 1 1 0 1 1 0 0 0 0 0 0 0
0 0 0 0 1 0 0 1 1 1 1 1 0 0 0 0 0 0 0 0
-2.4412247872
-1.1870784844
2.1608960952
-0.0728725040
1.0389707931
-0.6122249118
-0.2226163706
0.5977601509
-0.6429418073
-0.0613499950
1.2743887158
-0.0755325556
0.3580644842
1.0121190530
-0.8816395664
0.8689040392
-0.6387197373
0.5592513976
0.3143310585
-0.2168986232
-1.8411032741
-0.4545057767
-0.7064189077
0.8801373697
1.0427725915
1.2771646100
0.9215266725
0.9954397170
0.0009789252
-2.3996110332
-0.2257055527
-0.6373378268
-1.1438811382
-1.4044476767
-0.0206659791
-0.0127363212
0.1857455018
-2.3557663181
-0.5098734126
0.1984858675
0.8984551388
0.6514010177
2.2228335311
-1.9131419146
-1.0187155150
1.5438669229
0.1350738064
-0.3490544517
0.8138524353
-0.3916513464
-1.8058599647
0.1941700604
-0.4327910525
-0.6449308426
-0.2547857326
0.3361769555
-1.4198457340
0.4734004943
0.2439683485
-2.7879362749
1.2660574818
-0.3831878783
-1.1631544969
-0.2668362458
1.8982942933
-1.6232645905
0.9331432905
0.2338051795
-0.3584981305
0.7968705728
-0.1577177937
-0.2595189129
0.3940088463
-0.1260540341
0.8127357250
-0.6399322824
-0.7727511244
-0.7209771082
-1.5559495574
-1.9928384553
0.1124122186
-1.1449225923
-0.8954615649
-0.2666189567
0.6061554156
0.1187247704
-0.4597757876
-1.6805967812
-0.8983037138
0.6961126258
2.7371488667
0.7545769746
-1.5708562912
2.3815278087
-0.4914852746
0.7900770282
-0.6822615277
-0.9522057183
2.1218480334
-0.5882004011
-0.3049651302
0.6248850399
-0.3892990887
1.3945177691
0.3789856413
1.1892492671
1.8623467529
0.1931671527
1.7326062717
0.5161115724
-0.6954088832
-0.0344137285
0.9177378860
-0.0149921609
1.3251535443
0.3594292988
-0.3058191589
0.5380636396
-0.4254790111
-1.3066601815
0.5980738773
-2.4065413822
2.4818348042
-0.5531628969
-0.9800063393
-0.4426318978
-0.7285037347
1.1735617842
-0.2051768276
-0.6383131184
-1.5760653987
-0.2086542056
-0.8792518937
-0.9637814073
-1.1031661176
-0.2194134753
-0.5306151180
0.3738392686
-0.4247661149
0.9138538414
1.3475861109
0.5324667966
-1.5276552032
-0.0411129255
-1.9118448420
-0.0471675495
0.4378379159
0.0765676202
1.7373591212
1.1256765998
-0.3187317634
-1.3041179693
-0.3960890124
0.5276562662
2.1550971020
-0.9106310745
-0.7398935106
0.3864202912
0.6605801192
0.8906344330
0.8719333122
-0.6240102674
-0.6930528427
-0.0228342862
0.6707737585
-0.7158271964
0.8859339536
0.9186183024
1.0824922750
0.7059839857
0.0980968079
0.6361774134
-0.1166950429
1.4887002263
0.5522080373
0.0422226167
-0.1583556201
0.2946061003
1.1600812271
-0.1214087131
0.0555624718
0.7871066125
-0.2696407146
0.5361803951
-1.3514960566
-0.5926348944
0.0030665625
0.3715696408
0.1117358240
1.6897305795
-0.1369843366
0.1894095019
1.9842612629
0.6451766835
-2.5077999877
0.0589713450
-1.1664188380
-2.3412181827
-0.9205711628
-0.5878032466
0.1806850483
-0.9346559758
1.4309142464
0.7742188287
-1.5769533374
-0.7677937967
-0.8891886377
1.5540508263
1.2331613130
0.7314628808
-0.9325738729
-0.2996448747
-0.6970566277
-0.8909705069
-0.6457610685
0.6369656635
0.7423754884
-1.8095088012
0.4464554592
1.6247536624
-0.4370856570
0.0254135495
-1.6957185142
2.0131416376
1.7533945514
2.0239535628
0.0839561694
-1.7808050323
0.0928119445
0.5176169419
-1.3322899688
-0.3121893718
-0.0127092739
-0.8068847284
-0.4063595729
-0.2092018487
1.1757017509
-0.2607964138
-1.9011360768
-0.9333125864
0.2454540648
2.1136481154
-0.5335349939
0.5757503482
-0.5273248235
0.3427282218
-2.3445835981
-0.1911778284
-0.0870896802
-1.3904166287
0.7465112348
1.2986710634
1.2066130533
-0.2677553973
-0.8070928258
-0.5710931998
-0.2216249116
0.8884772993
-1.0083190057
-0.7469565383
0.9893488914
0.0036759186
-0.9320861391
0.7065041924
1.0668863070
-1.1247174762
-0.2329361671
0.5082876808
0.1571641747
1.0289007369
-0.7170039262
-0.8937636157
-1.8331550368
0.6822171912
-0.7793836093
1.7359796334
-0.1476996078
-1.0847524982
0.2867131987
-0.3793707249
-0.3542085202
0.7190925408
-0.0882684349
-0.0938537051
-0.8128242146
-0.7075802848
0.1244810215
-1.2580308810
1.5244172700
-1.0406319453
-1.6925262213
1.5180586397
-0.4461599943
0.4554733568
-0.6076685729
-0.5139604660
-1.4960161444
-0.6249419347
1.7363009996
1.1438909798
-1.2940503799
0.8007535965
0.5951652233
-0.1456192294
0.2443493377
0.6014371215
0.0905518604
1.6403212472
-0.6360189327
-1.0953735751
-1.2494911309
-0.4956022834
-1.1049377090
1.2956394094
0.8061498446
-1.5101835462
1.3410994749
-0.2108116512
-1.9556664069
0.3834181105
2.0577513241
-0.3105928621
-1.2042960970
-1.3558920952
-2.2366345762
-2.7568545115
0.3136571794
1.4999930165
-0.8298952243
-0.1491185320
-0.9049393980
-1.8499855919
0.1831917740
0.3172498545
1.1868199894
-0.3029537368
0.6640385254
0.5818582070
-0.6630007829
-0.5212240918
-0.8164698530
1.8476913137
0.2542959805
-1.7530948163
1.5498951807
0.5183677630
-0.6660391158
-0.3524593406
0.5902950091
-0.4073941813
1.1478684113
0.2315178795
0.9404402172
0.0530584610
0.2218356490
1.3645297743
1.4478219991
1.1379154962
-0.0184323936
2.2252704698
0.0187084947
-0.2110113701
2.7092544544
0.6850927680
0.8522842963
-0.4248030742
-0.8031562657
1.3347299500
-0.2420978067
-0.1361247413
-0.7278622410
0.4397198048
2.1056510205
-2.2784704879
0.6072279335
-0.4315671028
0.5825201532
-0.3897663799
0.2695469916
0.6101184511
-2.3727675188
0.5441363009
1.9478607406
-1.1894129449
0.7074082210
-1.4940569877
-0.9185369719
-0.1894005469
0.9692025747
0.4084508216
-0.4477970423
-0.9787713296
1.7270790821
0.6702563649
0.4996847122
-1.1845415665
-1.4008196792
0.1274392821
0.2488117630
0.7111134530
0.6926384561
-0.9358891464
-1.5224419720
0.8335184296
-0.6013537287
-1.7341335098
-1.4226639845
-0.7415320131
0.4217223995
0.4173051746
-1.1206615432
-0.3661100562
-0.5188383923
0.0214765061
0.6720592934
1.7130899540
-0.9768902064
-0.1931529577
-1.8755312194
-1.5273756286
-0.4514194491
0.6991811139
-1.2308344243
-1.1262092115
-2.0634832176
-1.2853798932
0.1613020924
-1.2241995833
0.4509021106
-1.0236877517
-1.9801034255
0.4625602005
-0.4252806555
0.9252773823
0.3474322757
-0.3539737785
2.2655262309
0.7277493506
0.0457293917
0.2414133445
-1.7804970518
0.0915815552
1.9778815836
-1.0329222732
0.5739853876
-0.8531881137
0.3160429391
-0.5018215748
1.6242764002
-0.9175602791
-1.0334731858
-0.6915893540
1.5084076652
-0.5345661085
-1.4412696889
0.9548255485
-0.0754706816
0.3738911761
0.7428367917
-0.9010445479
-1.4815365436
-0.0223879288
1.2067365596
0.0735738300
0.7334737006
-0.5155537072
-0.3488436034
-0.8350344553
1.5100373030
0.8088098969
0.2893967356
-1.4690718523
-0.1177235995
0.1505016726
-0.8817431879
0.8402069671
-0.0823454402
1.1030893963
0.7818639912
-0.7502127986
0.6206613786
-1.9725298589
0.1106988743
-1.3710273356
0.8539090851
1.5836040452
-1.0538483048
1.1571035506
-0.2392256324
-0.6840720473
-0.4321183974
0.1320344872
0.7601149064
-0.9291293277
-0.6174223759
-0.2076319937
-0.4753956889
-0.7564830825
1.2422780328
0.7648001681
-0.2451872761
-1.1417486711
-1.3378322823
-1.1540412389
-1.2464096268
-1.1526785736
1.7626308576
-1.0543120099
-0.4380340220
0.4872407563
0.1585544716
0.7979340832
-0.1651786670
-1.5275029464
-0.7898836672
-0.0832433677
-0.6227951833
-0.0664114727
0.3286053658
-0.4684249118
-0.0908258892
-0.0317359917
0.8876253659
-0.3501134878
-0.4891478004
0.2153906558
1.6797889593
-0.0321693319
-0.3564750070
-0.9913533671
-1.8736883332
1.0099425684
0.0723710314
-0.0860948722
-1.6112846901
-0.3358607852
0.1812658444
-0.7464282574
0.1412139512
0.4033887008
2.5290406543
0.9650451188
-0.3964047897
-0.4560505286
-1.6383440465
0.4100004250
1.1048382371
-0.8551226456
0.0678713673
-1.1950023272
0.2703893171
-0.4057935488
-0.6168164270
-0.9743086200
-0.9232832557
-1.9630775925
-1.9462686183
0.5374264352
-1.2983770993
-0.8686637610
-0.5508452383
0.3463831592
-0.4769983282
-1.3159469964
0.8357814613
-0.2368363994
-0.2002573633
-0.3460270638
-0.3541013113
-0.5525508229
0.4942143678
-0.6362996719
0.6243863859
-0.4048571751
-1.3121070879
1.5961781137
0.7345926452
-0.9514184674
-0.1985761810
2.6516227004
0.4853610625
-2.2647403308
-0.1680154834
-0.8589765341
1.4839474420
-0.8656578624
0.1813178767
0.1909060587
-0.0158566222
-0.7565260132
-0.7344275256
0.3824750200
-1.1165007976
-0.3820154455
-0.7363054697
-0.9004899585
-0.0242099979
0.2273856023
-2.2782804377
0.9547620296
0.0214007856
2.0989474874
-0.9097992430
1.7349587888
-1.0532210985
0.0181426278
-0.3048273587
-1.2695263663
-0.4622049735
-0.8550514699
1.7854833121
-0.4380596826
1.1811673993
1.7909520877
-0.2121388102
-1.0319898183
1.2979198579
-1.1451631724
1.2384322220
0.8319507137
1.0733472026
0.2794802695
1.3359037545
-0.9860045481
-0.2393149420
1.0986784312
1.6005052225
2.1670573095
2.2936712631
-1.2933747796
0.5629945754
0.2883951783
0.1479624701
-1.2196236493
-1.4938861795
-0.0343791452
-0.4929688486
-0.0412389696
1.1633931753
0.1833885017
0.0409932807
-1.0343124644
0.6004182748
-0.1067495553
-2.2503175457
-1.2563853944
-0.2563707412
0.3103199217
1.8802791582
1.1147998743
0.2149512114
0.9467048703
-0.3890585221
-1.2187201450
-0.4667395051
0.1383037856
1.3092435848
-0.2033869338
0.0758686716
0.0659070054
-0.7502947441
-0.9079119965
0.6348529395
-0.4953636434
-0.3968350073
-0.9141274394
-0.1707531736
0.1845488981
1.2348063142
-0.8170446012
0.2271530909
-0.2719101445
-0.6387403607
-0.3524728382
-1.8247388974
-1.2800850632
-0.4790776949
-0.4963733154
-1.0166760175
-0.6207530621
-0.5013652270
-2.0606301440
-0.7392910716
-0.9283309802
0.6578667248
1.0086343649
-0.9895962373
-0.1748669544
2.1574398085
0.0730518971
0.0042164869
0.2910196655
-0.5810377079
-1.3775577205
0.0327370882
0.3131813210
0.1169764926
-0.0204530695
-1.6728181859
-0.9345296346
0.8496751268
0.2501077370
0.8324239958
1.6209421996
0.0459050682
0.1397768640
0.3499161286
-0.3281097743
0.8424236277
0.7646407223
0.6985727972
1.1133145372
-0.3737107195
-0.5670381196
-0.3875440896
-0.3986282457
1.2159632737
-0.6225572081
0.7306460090
0.7846799734
0.0521837039
-0.9425807280
-1.3804601310
0.7772558141
-0.2763134394
-0.1894338418
-0.1927333922
-0.9603085799
0.9168650096
-1.1127118403
2.1504798630
0.1780666018
-0.0226243469
-0.6431525952
0.5631893545
1.4980931223
-1.3675353923
1.0123412769
-1.3421405055
-0.1116194285
-0.4096225339
-1.4471151536
-0.1285290108
-0.9840045571
-0.9352418534
0.3102087030
0.2893139789
-1.5209159642
-0.2275295534
-0.6871011292
-0.5967689898
1.7514377472
0.3360369649
0.0502848574
1.2198658639
0.6723124250
0.1570462011
-2.1616360054
0.9885007801
-0.3483999733
0.7524491527
0.4571862509
-1.1164834702
-1.2088692084
0.0184908023
-1.1146406305
0.5371754873
2.2721910259
1.8232093856
0.0279248299
-2.0815052860
0.3957793704
-1.2597558924
-1.2079660987
1.9953985242
0.2205311710
0.7875465274
-0.6046584858
-0.5993737735
1.2204357709
1.6688990060
1.8723873970
1.7225337264
0.1122857480
-0.0554910313
-1.4961567427
0.7581212149
-0.3594821360
-0.0702951266
0.1373128339
1.4605708105
0.7239072486
0.7252450752
-1.2031470822
0.8194351542
-1.3250538033
2.0216537469
-0.8024204149
0.3055309832
0.0842835329
