13 8 0.09
9 0 3 1 2 1 3 2 0 2 1 2 2 2 3 3 2 4 2
4 0 0 0 1 0 2 0 3
6 0 2 1 0 1 1 1 2 1 3 2 3
13 0 3 0 4 0 5 1 3 1 4 2 2 2 3 2 4 2 5 3 0 3 1 3 2 3 4
4 0 0 0 1 0 2 1 0
11 0 1 0 2 0 3 1 1 1 2 1 3 2 0 2 1 3 1 4 1 4 2
11 0 1 1 1 1 2 2 1 2 2 2 3 2 4 3 0 3 1 4 0 5 0
9 0 1 0 2 1 0 1 1 1 2 2 1 2 2 2 3 3 2
7 6
2 0
6 3
5 2
7 3
2 5
6 1
7 6
0 0 0 0 0 0 0 0 0 0 0 0 0
0 0 0 0 0 0 0 0 0 0 0 0 0
1 1 1 1 0 0 1 1 1 0 0 0 0
0 0 0 0 0 0 1 1 1 0 0 0 0
0 0 0 0 0 1 1 0 0 0 0 0 0
0 0 0 0 0 1 2 1 0 0 0 0 0
0 0 1 0 0 2 2 1 0 0 0 0 0
0 0 1 3 3 3 2 2 1 1 0 0 0
0 0 2 3 2 1 3 1 2 1 0 0 0
0 1 1 0 0 0 1 2 2 2 0 0 0
0 1 0 0 0 0 0 0 2 0 0 0 0
0 1 0 0 0 0 0 0 1 0 0 0 0
0 0 0 0 0 0 0 0 0 0 0 0 0
0.5441909568
-0.7626454563
-0.7461782431
-1.8603129078
-0.4404360966
-0.7996158693
0.0048548777
0.5256370863
-0.8011548123
-0.5399993722
-0.2364466333
0.4099350558
-1.2640226355
-0.2384229822
2.2575684668
-0.4730118622
0.4073754360
-0.4305308149
-1.0783574432
0.2858699863
1.7208567206
-0.5519491068
-1.5931449728
1.4394761294
0.3601200781
0.2106897656
-1.2932367900
0.9833268868
1.9084082371
0.5722848863
-0.3543905417
-0.0806064895
1.6865047458
-2.1578925063
-1.5982769669
0.7392359538
0.7911856025
-0.1437257988
0.3684125362
0.1907464591
-0.8647639990
-0.7499678952
0.0867709245
-0.1727610941
0.0921770319
-0.0149513500
-0.1964058965
0.1721499352
-1.3952527055
0.2779559215
0.9009866389
0.1687695419
-0.3746554660
0.8462976959
1.7097884540
0.1659203568
-0.8255960493
1.0786197720
0.2250148532
2.3294540107
1.6999780241
-0.8469791484
-0.6807439895
0.1060088265
1.7282995289
0.5060434354
0.2132298080
-0.3137698294
-0.7952021008
0.7999315829
0.8086197685
1.4263066453
0.0095244724
0.9671866435
1.1269744733
0.0606732664
-1.2991495989
2.4936880931
-2.3276842888
-0.5656565883
-0.3326673998
0.0306250177
1.1905929770
-0.6949294633
1.2782819329
2.5675400219
0.4673672965
1.1597393362
0.6565455067
0.1740657756
-0.8878894502
-1.1324770302
0.3933361431
-1.6554213385
-0.2868460919
0.3558142229
0.0301930426
0.2748612858
-1.0852795363
0.3281343784
0.0518745833
1.1414422632
0.5195831268
2.3659141610
-0.4837069403
0.0297745872
-1.4164885635
-0.3984515923
0.0703539012
1.0266074228
1.2129981503
0.7659560784
1.2012329165
0.2636570455
-0.1211538471
0.1211405157
0.9791961864
-1.6951712370
0.3096954816
1.2895504406
1.2504411043
-0.2855409774
0.4593999536
-1.5582595626
1.2483847226
0.4460442317
-1.7758426943
0.7128251516
-0.0502415655
-0.6643014799
0.0837999903
0.9352781201
-1.8039146597
-0.2042935121
0.5899945436
1.0377846022
0.1761899223
-0.4879020439
0.3290030270
1.9573015806
2.4262332747
0.2548884400
-0.3096591918
-0.9125858731
-0.1006050721
-0.0026796676
-1.7385999041
2.1301686334
1.1199704364
-0.6508650892
0.3077312227
0.4515774342
0.4190840903
-0.6698053972
-1.1415501381
-2.3184981867
0.3344731068
-0.4508455107
-0.0844440228
-2.4821619939
-1.5109819004
-1.5365506453
1.4782871846
-1.3334063697
-0.2046273119
0.1218088389
0.5268893264
0.2588273612
1.9516399461
-0.3070226540
-2.2430885553
1.1133967624
-0.3980959537
-0.0157227453
0.1985389599
-0.8833477947
-0.3976388298
0.5294272043
-0.5578672874
2.1399560311
1.8386535103
-2.1951558534
2.0362202885
-2.6843052052
0.5442956209
-0.3737713932
0.7768838850
-1.4348202327
-1.8075148599
2.1797736625
0.1256313750
-1.9582146081
1.4355711285
0.8276554208
0.5397934866
-0.3061155932
-0.9155328399
1.2344948941
-0.8439682032
0.0375074312
-1.8803930447
1.8428520754
0.7551749936
-0.7793775830
-0.2567565600
0.3917659947
-1.6728346247
2.3783014741
0.1743599464
0.2051629705
-0.4978143254
-0.4131219702
0.1648804921
0.0414418959
0.9104401449
1.6060830551
-0.2939282023
-1.2563649818
0.9063798094
-1.1714109298
-1.9638668260
-0.1394537933
-1.1779327705
-0.4452996978
0.0366846005
0.1239570964
-0.8413202709
0.0747480866
-0.5129511414
-0.7099254589
0.4488947415
-0.1071509476
-0.3790975398
-1.0029104804
-0.3011270913
-0.7079527406
1.6061883679
0.8314688599
0.4849384406
1.5665646920
-1.2587554753
-1.0855832680
0.6142986685
0.6797898919
0.2635814649
-0.6522249297
1.2929729366
-0.6900679378
-1.6462350255
1.0950820278
0.5398030565
0.4138814370
-0.4001244519
0.7622842846
1.2336209282
0.0185808249
-1.2509802913
0.6411979802
0.8073645100
-1.7318749346
-0.4641683318
-0.2501222985
-1.9658863283
0.6815252334
0.0413998559
0.4140246538
-0.4296517466
-1.2381555348
0.5252323735
2.3835296334
1.3039021306
0.0525548168
0.4443158415
-0.0569833360
-0.3382380868
-0.1979624758
1.2691061944
-0.2399368193
-1.6759715927
-0.5753561256
-0.1933171728
-0.4134635156
0.7042799048
-0.3173072778
1.2964469906
-1.1223322549
0.0367551644
-0.1951597464
-1.1427800231
-0.5902033316
0.8701396283
0.1725833634
1.3050644062
1.4703535495
1.8489270859
-0.2619468187
-1.2066401697
0.2531457456
-0.9103330784
0.7834261629
-0.8014269961
-1.4907508713
0.3251659173
-0.5155376994
1.5172717896
-0.5812227066
0.9673695565
0.9094900205
-1.8288697613
0.3458592332
-1.1109823374
1.1546433042
-0.7159364226
1.3836998960
-1.7761488597
-0.1378728469
0.4476370045
0.4832538916
1.1267804995
-1.4789666094
1.5282434836
-1.8345996029
0.4742654626
1.2001700402
-0.7406749689
1.1491396721
-2.3395006740
-0.0041999013
1.7211515819
0.1812392022
-0.3288173652
-0.7715278315
-0.1383003418
1.1618812808
-1.8825306049
0.2357358610
1.7309897007
-1.0986924564
