10 5 0.10
4 0 1 1 1 2 0 2 1
4 0 0 0 1 1 1 1 2
4 0 0 1 0 1 1 2 0
4 0 0 0 1 1 0 1 1
4 0 0 0 1 0 2 1 1
7 2
7 5
3 6
8 7
1 1
0 0 0 0 0 0 0 0 0 0
0 1 1 1 0 0 0 0 0 0
0 0 1 0 0 0 0 0 0 0
0 0 0 0 0 0 1 0 0 0
0 0 0 0 0 0 1 1 0 0
0 0 0 0 0 0 1 0 0 0
0 0 0 0 0 0 0 0 0 0
0 0 0 1 0 1 1 0 0 0
0 0 0 1 0 0 1 2 1 0
0 0 1 1 0 0 0 1 1 0
1.9970235840
-1.1415660739
1.3996474052
0.5398743321
-0.3288346370
-1.9672044106
-1.7248495371
-0.9075248648
-0.9708315867
0.7026713357
0.7030200331
-0.5633972216
-1.0797896277
-0.0328521354
0.3270338824
-0.4365485847
-0.8649537242
0.8798879571
1.1785337924
0.6238560857
-0.2479718934
0.7436135486
1.9185749857
-0.0804606957
0.0209780544
1.3755154243
-0.5777204335
0.3666581692
-1.1678677751
-0.2279376077
1.5369912319
-1.0463819281
3.7064262706
-1.1144890590
-0.4463602865
1.0457248924
0.4814399394
-0.6474230422
1.3864605270
-1.4306421132
0.5783428988
0.7001352329
1.1709828362
-0.6601824187
2.1636354588
0.4556584778
-1.3813697453
-0.7282286962
-0.7080220953
0.4857451650
-0.0266888892
-0.6618897052
0.0786420685
0.7930368951
1.7052519776
-0.4409496937
-0.9061850158
0.2309199560
0.9912025702
0.2390227217
0.2598221611
0.2692307716
1.0600221363
-0.1412974860
-0.0996955769
1.1070151060
-1.0283526527
0.2688003679
0.1883708510
0.9099144014
-0.1768652948
0.4469283086
-0.5483069091
-0.1960295461
-0.6802038415
-1.9383121379
1.2383300150
-0.7238716695
1.3596432171
0.1460820990
1.8593303777
-1.3089159944
0.6663497769
0.7984865093
-0.5908020225
-1.0071045415
-0.3622486935
-0.8271087445
-1.6585297877
-0.0527482267
0.9449138906
0.7034710882
0.9964799900
1.6856447864
1.8831953755
0.3193427678
0.2861062588
0.2102956776
0.0174108260
-0.3117034248
1.4440382598
-0.4765387718
0.5463743138
-1.1963449510
0.2768762982
0.8350167294
0.4026637460
0.7682482790
0.1140913741
-1.9212362939
1.6427929001
0.2894764611
-1.6111336464
0.7894478379
-1.1891725690
0.0915217755
1.7757842043
-0.9844571134
-0.3041025891
-0.0288682018
2.5426743505
-0.4908897607
-1.3763199164
0.3256214204
-1.5196406093
1.5067866172
-0.0478484108
0.1474451260
0.0078245786
1.7371119572
0.1751667137
0.6004279433
-0.1351821149
-1.2310310488
1.6281322796
0.0369664316
1.1317209281
1.0998392492
-1.0016623940
-1.1836833469
1.9281461149
-1.0241669797
-0.0923080578
0.0062096799
-1.1398804582
-0.8795213658
0.3951458911
1.4172570253
1.1476966233
0.0126713854
-2.6477135678
-0.4183135302
-0.9424446736
0.4617566066
1.6730432399
-0.1597041933
-0.2041392497
-0.2572658733
-1.2446239281
0.4779918307
-0.1713692278
0.3127808761
0.3871028854
-0.2706394770
0.2405197042
-2.1848341165
0.5374939075
-0.5232366217
-1.3317781692
-0.3840603944
0.4336831812
-0.6352716268
-0.0312283227
0.5504584145
1.4982649847
-1.6227314591
0.0422148819
-0.5104565101
-0.6880987217
-0.6374803227
0.1935740048
1.9800516218
-1.0670302679
-1.9801596989
0.1841888247
0.0551006755
-0.4343016092
-0.3029300784
-1.7761266161
0.5621156610
-0.5790569543
-1.3109463798
0.2819577648
0.9185945609
-0.8183279982
-0.5570465489
-1.4053938088
-0.5965834931
1.3201711482
-0.2486842005
