20 19 0.05
5 0 0 1 0 1 1 2 0 2 1
5 0 1 1 0 1 1 2 1 2 2
7 0 2 1 1 1 2 1 3 2 1 3 0 3 1
7 0 1 1 0 1 1 1 2 2 2 3 1 3 2
7 0 2 1 0 1 1 1 2 1 3 1 4 2 0
8 0 1 0 2 1 1 1 2 2 0 2 1 2 2 3 1
9 0 2 1 0 1 1 1 2 1 3 1 4 2 0 2 1 2 3
6 0 0 0 1 1 0 2 0 3 0 4 0
7 0 1 1 1 2 0 2 1 3 1 3 2 4 1
8 0 0 1 0 1 1 2 0 2 1 2 2 2 3 3 2
9 0 0 0 1 1 1 1 2 2 1 2 2 2 3 3 1 3 2
6 0 2 0 3 1 1 1 2 2 0 2 1
7 0 0 0 1 1 0 1 1 1 2 2 1 3 1
5 0 2 1 0 1 1 1 2 2 1
9 0 3 1 1 1 2 1 3 2 0 2 1 2 2 2 3 3 3
9 0 1 0 3 1 0 1 1 1 2 1 3 2 0 2 2 2 3
8 0 1 0 2 1 0 1 1 1 2 2 1 2 2 3 1
7 0 1 1 0 1 1 2 1 3 1 4 1 5 1
6 0 0 0 1 1 0 1 1 1 2 2 1
17 14
4 2
2 7
13 11
5 8
8 17
3 15
11 5
0 7
16 3
15 2
4 13
4 4
5 14
7 12
16 14
16 14
0 8
3 8
0 0 0 0 0 0 0 0 1 1 0 0 0 0 0 0 0 0 0 0
0 0 0 0 0 0 0 0 2 1 0 0 0 0 0 0 0 0 0 0
0 0 0 0 0 0 0 1 1 2 0 0 0 0 0 0 0 0 0 0
0 0 0 0 0 0 0 0 3 4 1 0 0 0 0 0 0 1 0 0
0 0 0 1 1 1 0 0 3 2 1 0 0 0 0 2 2 1 1 1
0 0 1 1 1 1 1 1 1 2 1 0 0 0 1 2 2 0 1 0
0 0 0 1 1 1 0 0 1 1 1 1 1 1 2 1 1 0 0 0
0 0 0 0 0 1 0 0 1 0 0 0 0 0 0 2 0 0 0 0
0 0 0 0 0 0 0 0 0 0 0 0 0 1 1 1 0 0 1 1
0 0 0 0 0 0 0 0 0 0 0 0 1 1 1 1 0 0 1 1
0 0 0 0 0 0 0 0 0 0 0 0 0 0 0 1 0 1 1 1
0 0 0 0 0 1 1 0 0 0 0 0 0 0 0 0 0 0 1 0
0 0 0 0 0 1 0 0 0 0 0 0 0 0 0 0 0 0 0 0
0 0 0 0 0 1 0 0 0 0 0 0 1 0 0 0 0 0 0 0
0 0 0 0 0 1 0 0 0 0 0 1 1 1 0 0 0 0 0 0
0 0 1 1 0 1 0 0 0 0 0 0 0 1 0 0 0 0 0 0
0 0 0 2 1 0 0 0 0 0 0 0 1 1 0 2 1 1 0 0
0 0 0 2 2 1 0 0 0 0 0 0 0 0 3 2 2 1 0 0
0 0 0 2 2 1 1 0 0 0 0 0 0 0 2 2 2 1 0 0
0 0 0 0 0 1 0 0 0 0 0 0 0 0 1 2 0 0 0 0
0.0180364123
-0.7249558059
1.0269585184
-1.8912987812
-1.1223342602
-1.5355073168
1.2934469276
-1.6734284783
0.5710382332
-0.0139897253
-0.9623561018
0.1603658098
2.2367406426
1.3160930165
0.7528557539
-0.2426961197
-0.3544925514
0.3091717887
1.4639189190
1.2137157043
1.7945545984
1.2714477427
-0.3896348685
-1.0802107749
0.0068730373
0.5271382142
0.4062129629
-0.5187520219
0.0841726946
0.7651704315
0.0914153274
0.8805137467
-0.6269545104
-0.0550066807
-1.5758880417
-2.6335852916
1.0817033746
-0.0246507582
0.9861256168
1.0719757854
0.8582827905
-0.3889080442
0.9865226236
0.6031570131
0.2864161519
1.8006004031
-0.0333622249
-0.4702140902
0.0921355550
1.7023983917
2.4893446217
0.8273027239
-1.5809096342
-0.3187287997
1.2478901247
1.7435628439
-0.4007841145
0.4212558283
0.8537151668
0.4162806203
1.1573115166
0.4336995391
-0.2510755787
-0.8760689702
-2.0373911221
1.6370309849
0.4721724059
0.9827650672
-0.2827078474
0.2904585935
-1.7304556676
0.6926940466
0.5187366058
0.1070526029
-0.3162712084
-0.0201708658
-0.1699988967
-1.1410173749
1.6201582616
0.5105712499
-0.7554532665
1.3976716038
-0.1684960414
0.4199465459
-1.7422471267
1.2091403434
-1.6825329851
-1.9711153963
1.6306973261
0.7947964346
0.0040137788
0.1487235051
-0.7744843037
-0.6870530986
0.1233133351
0.9739337494
-1.0310855691
-0.9551795831
-0.5552303923
1.4672637906
-0.5563481316
0.0367915315
1.2694462426
-0.1556074229
1.7220214153
-1.6860038772
-0.3639779601
1.0071450066
0.7444030572
-0.0124962644
0.2259673956
-0.9710450815
0.0647933707
2.0039113763
-1.2906348179
-0.3609376289
0.0056386813
-1.5891514568
-1.0701226225
-1.0174584550
0.8622341351
0.4452019218
-1.2566194446
-1.9943340087
1.0834412668
-0.2647693445
-0.4362317561
1.5784324842
0.4783543410
0.5411907240
1.8511309593
-2.3036369696
0.3301123484
-0.4802708692
0.7050125849
-2.8564894438
0.0173247524
0.3956897300
0.3495856168
0.1700693857
-2.1995649963
0.2030470669
-0.6209016330
1.3974756142
-0.9843641789
-0.0416655345
-1.7059204129
1.1618387852
-2.2018532304
-0.8399486093
-0.0378619607
1.7216469025
0.8810291314
0.6937133258
0.9556188127
-0.4863702353
0.6107800931
-0.3411005826
-0.1975704734
0.9207090153
-0.6352713313
-2.0307340441
-0.4288726303
-0.3956323448
-0.2033194182
0.7223355602
-0.2064516392
0.5609165183
0.8703034888
-1.4883987998
-0.3357496569
0.1018572871
1.8155370191
0.9216047298
1.0975580174
0.4986949358
1.0714565375
0.5176418379
1.3105424549
-2.6566557444
-0.0126329156
-1.4413298002
1.1463302082
-0.8439924817
-0.4583865724
-0.6546934134
-1.3692656876
0.1866667343
1.0762348245
2.1620126362
0.0578954575
0.0159675309
0.8639883729
1.1002323443
-0.7854566214
-0.5036522785
-0.2043128343
0.0212210822
0.5363512129
2.1148380989
0.8039555115
-0.1914354364
-1.6643279636
-1.0270360575
-0.9376377567
0.5732190726
0.9476365884
0.6459231497
0.1412861656
0.1023375214
0.2698835686
-1.6155874529
0.6330244323
-0.3601345986
0.1924597485
0.1558847623
-1.1777999267
0.4374398029
-0.0784848952
-1.2547353412
-0.3552128103
1.2795908525
0.8302103048
0.2701620872
0.2763683972
-1.0067043518
-1.2319538022
-0.5445597257
0.3728962167
-1.1532621323
-1.6827111141
1.0612410915
-1.7204124017
0.3890482744
0.3314652862
1.0303517929
0.8815076331
1.1401630968
-0.4831933867
0.2710102900
0.1039020078
-1.6186893467
0.1517647318
-0.8446768562
-0.4225048595
1.1368891125
0.3761360569
-0.3502442855
-0.0284857385
0.5823639086
-0.2232474117
-1.5278630080
1.9685468788
0.3276023782
0.6828311896
-0.3506901804
0.7255315970
-0.7303242245
-1.1181531145
1.5774030111
-2.3752724931
-0.3559559505
-0.2445256509
-0.0096495522
1.2841245747
0.7253334527
-1.0638500421
-0.4540032845
-0.7036977591
0.1374157441
0.1203615751
1.2106374877
0.1047184247
-1.0805274298
1.2827535879
1.9857708215
-1.6373052495
1.3819177804
-1.3294495401
-0.3727740922
-0.7970814844
1.2958852386
0.1317741089
0.0910075501
0.8488728354
0.0497339705
-0.4296572259
-1.9648217652
-0.8286109214
-0.1101658939
-0.2833519667
-0.5985496594
-0.3389866762
0.0843543939
-1.3642515263
1.0852056099
-3.0408489183
-0.2625876966
-0.0856873507
0.4675050049
0.2245498466
0.8404655190
-1.8088249634
0.8628635050
0.5202415070
-1.3283698855
1.2570402781
-1.2085732871
0.5427045524
-1.7955452795
-1.9400925883
-0.3180090845
0.5380645087
-0.5261419688
-0.3807832054
-0.1015498779
-0.3991523684
0.7298547403
-1.6008280751
-0.6696620511
0.0895550397
1.1189658619
0.6136447446
-0.6200863464
1.2043512237
-0.0529329335
-1.3155392480
1.8073946527
-0.8454521718
1.2184565469
1.0291401888
0.3538588428
-1.6283736798
0.1243479943
0.5116487545
-0.3817163858
-1.0409466920
1.3135872843
-0.9415316320
-1.1716158826
-0.9774904895
0.1456223730
0.1332105127
-0.3907803557
1.5181836843
1.7847266643
-0.6213499579
-0.7165098394
0.9265388442
-1.5490820088
0.6947610669
-1.1031886741
1.6459668126
0.5855049173
1.4726084056
0.7660468968
0.6846472996
0.7042601280
-1.4347173169
-1.3277683383
-0.1822468839
0.1059059089
-1.0479251235
-0.6690437063
0.0789020403
-1.1202176273
-1.3971415828
0.5812735338
0.8002337503
0.0709520251
-0.0727736528
-0.4104659309
-1.4174214231
-1.6877961859
0.7177823943
-2.0424188691
-0.0479613003
2.4399722413
-1.3793360063
-1.8663143548
-1.6434482405
0.6371539901
0.3851358557
0.4767721901
-0.2908013549
-0.4063502171
-0.8163612003
-1.9783105862
1.2382786813
-1.4740908887
-0.4424290876
1.5669929540
-0.6822807689
-0.3708267660
0.1713912069
-0.6320937946
-0.4134790766
0.3336698679
-0.3287572045
-1.4001026549
0.7288147941
-1.4773095907
1.0236576804
-0.0856499608
-0.0047822192
-0.0237693242
0.7315666110
0.0361285979
0.2348209330
2.8157338776
1.7813208315
0.6168280380
0.0231653480
-0.5748962042
1.2886707727
-0.2932607424
-1.1350222753
1.4977703625
0.7614859949
0.2590377084
-0.9483031971
-0.9688448177
-1.9185903354
0.8661318786
-0.4248725886
-0.7159176691
-1.1945220871
0.5319483324
0.8646465029
-0.6731268480
-0.7664135229
-0.0335749721
0.5920020820
0.9308299740
-0.4400452143
0.4219076657
-0.7078642696
0.7944462211
-0.2661089905
-0.8984444794
2.5335981632
-0.2098096404
0.9777532435
0.9315841369
1.2313521052
-0.4806565285
-0.5236970362
-0.4817247510
-0.2344303577
-0.0468069893
-0.0336061746
0.0384873903
0.3520635310
1.2001041007
-0.3076949910
1.5626220488
1.0654558235
-0.1351432821
0.3066341576
0.4915139471
1.1566343991
0.8237999215
0.3155808206
-0.0496022701
-1.4684309218
-0.1382116072
0.6068747685
-2.4637735122
1.2552774174
-0.9113891912
-0.6270848277
0.1724117933
-0.4608184289
-1.1288742520
-0.3753185572
0.0680299648
-1.3404241583
-0.2162560976
0.7435716875
0.8859955097
0.8368296644
2.3050582548
0.0278103112
-0.6177336636
-0.2338758303
-1.0514490885
2.1762554876
-0.6132030041
1.7525185244
1.0310980325
0.2578755687
-0.7919090679
1.7362299908
0.4104534487
-1.2635174219
1.0028954695
-1.7047239832
0.1114162149
-0.1997641322
1.0319854092
-0.4584361973
1.0818063187
-1.0520410442
0.3283516757
-0.2576083150
1.0380544780
-2.5380053727
-1.3835100975
1.7148572734
1.2870933343
1.2686362361
0.6797269810
0.8915536887
1.7783666672
0.2722628165
-0.2116592131
0.8955283904
-0.1218526255
-1.0901653508
-0.2388527966
-0.8847840499
0.7621634180
2.0824561749
-1.8951243627
-0.6047263860
2.9343795719
0.2684291964
0.6645369500
0.1363230184
-0.6051193396
-0.0433114388
-0.0248190790
0.1498005954
-0.1553008642
-0.4459961175
-0.2400522559
0.0866435139
-1.3170503895
0.7077413303
1.5521015099
0.2035385737
-0.8144629675
-1.2191684157
-0.2857529725
1.3701476873
0.1450684940
0.1819165879
1.0748373179
0.2092182679
-1.0797928283
-0.8759425014
-0.5855884555
0.2801434125
0.1737001518
-0.3909692632
0.6495275952
0.4310229262
0.0683587911
-0.6932517826
0.0724432590
-0.3104906412
1.6756858402
1.9987043445
-0.4641271933
-1.4238484839
1.1063801898
0.1237800731
-0.1734366454
0.7401989538
-0.5619623027
-1.2762927836
-0.1718483514
0.3167823415
-1.3124737487
0.2584556052
0.3724695058
-0.2890118342
-0.9914147468
1.0732269695
-0.6828937020
-0.5406130544
-0.6859049861
0.1128092386
1.6321466927
-0.0822682129
-2.1283027107
-0.2139182907
-0.1532332990
-2.1799071923
0.3620748493
-1.5204773268
-0.9802469634
0.0753589403
1.5739376336
0.8049163791
-0.5997574191
0.0698134466
0.7772573193
-1.0553759256
-0.1590919980
-1.1259023011
0.3868768044
0.0761636194
-0.1985331781
-1.1201163178
-0.1151930393
-0.3098861005
1.4526952194
1.2688873635
-1.1656572342
-0.8596224078
-0.1884245901
1.0173726007
-0.0027540535
-0.9625269844
1.0502399460
-0.8581910392
0.7380346217
-1.1182414008
-0.1800189141
-0.8981593761
1.3448019861
2.0415285253
-1.1256131170
-1.5901610409
-0.1669029502
1.2343115625
-0.4821233471
0.6646333626
1.2410531769
-2.2733361007
-1.7624122978
0.7131693990
0.8226110357
-0.5213232657
0.6543611715
-0.3915802787
0.2986091235
-1.3963626393
0.3575654343
0.3526853091
0.3625833282
1.3995686869
0.4730616460
-1.1634294453
-0.8319324435
0.0729580642
0.6172129703
0.8869301898
0.9969977484
-0.5345142625
0.5687321200
-0.5175773956
0.5188867454
-0.4598296680
0.6835967057
0.5717521814
1.6586233424
0.5354210496
-1.7121502229
1.1427249090
-1.0562984507
-1.7996065281
0.3761828831
-0.3925630182
0.4299137896
0.2523165874
-0.5567966719
1.2443248996
-0.1071193582
0.2049574164
0.2831611791
-0.9261693023
-0.5856669283
-0.2038834509
-0.2092187292
-1.1455415870
-0.4749207186
-0.9108756887
1.9741334348
-0.3549350185
-0.5125524098
-1.0770523339
1.6602926450
-0.8312020404
-0.3172919846
-0.4259811692
-0.8825613354
-0.1281112085
0.3148820297
-0.6344468233
1.2023826700
0.6422667028
-0.8889087659
0.8849966152
-0.1578280635
-1.2074859807
0.5294369914
-0.0612083461
0.5890970395
-0.2927104180
-0.1277077722
-1.3746182086
-2.1840327824
-0.7543405058
1.1552106415
-1.1114225000
0.0050661002
-0.1661984319
1.5575970123
-0.2032423259
0.7101604593
-0.8270802245
-1.0580650961
0.6561767160
0.5207105569
-0.9177036569
-2.0968372910
0.7204574895
0.5965370467
0.0188591894
-0.4326215493
0.0667663250
0.7773132925
-0.6963899988
-0.4850363103
-0.6327080533
-1.1482062143
0.0247132370
-0.6240790274
-1.6760814306
0.4217758751
-0.7757100718
-0.1429851121
1.6603595415
1.2689391461
0.7104472256
-1.2885583615
-1.1264780767
-3.1948127066
-0.4557631613
0.5034492266
0.7623244004
1.6847170131
1.4856098485
-0.1065214770
-0.7103802659
-0.7049459199
1.7655413788
0.8907283275
-0.1260053661
1.0482173445
0.2144741672
0.5342849653
-0.7644093713
0.7212857413
2.6981311753
0.5270063067
-0.6446358360
-0.7279229193
-0.2213486472
0.0565729261
-1.5711558762
-0.4701487701
-0.2029728512
-0.8024465292
0.4916817239
0.0079371641
0.4862112790
0.9886601809
-0.2129931232
1.0193883540
0.1446871735
0.7071066879
0.1359522436
0.7235248195
-0.4775874192
-1.1208206260
1.5825865682
0.0837489946
0.2842434771
0.1299892679
-1.4170042530
0.6670594258
0.0553169110
0.5999126726
-0.3396240333
0.0294066556
0.3880616454
1.5648790581
-1.1317959619
-0.0794912065
0.8604696267
0.2769310769
0.1472910624
0.1163012387
1.4764691011
0.2221880207
0.2923107887
0.4683801445
