14 8 0.08
10 0 1 1 0 1 1 2 1 3 0 3 1 3 2 3 3 4 1 4 2
9 0 1 0 2 0 3 1 0 1 1 1 2 1 3 1 4 2 1
11 0 1 0 2 1 0 1 1 1 2 1 3 2 1 2 2 3 2 4 2 5 2
10 0 2 1 0 1 1 1 2 1 3 2 0 2 1 2 2 3 1 3 2
9 0 0 0 1 0 2 0 3 1 2 1 3 2 2 2 3 2 4
10 0 3 1 1 1 2 1 3 2 0 2 1 2 2 3 1 3 2 4 2
11 0 0 1 0 1 1 1 2 2 2 2 3 2 4 3 2 3 3 3 4 4 2
11 0 2 1 0 1 1 1 2 1 3 2 0 2 1 2 2 2 3 3 0 3 1
1 10
0 6
2 8
0 0
11 7
9 1
8 8
8 6
0 0 1 0 0 0 0 1 1 1 0 0 0 0
1 1 1 1 0 0 1 1 1 1 1 1 0 0
1 1 1 0 0 0 0 1 0 1 2 1 0 0
0 1 1 0 0 0 0 0 1 1 1 2 0 0
0 0 0 0 0 0 0 0 0 1 2 1 1 1
0 0 0 0 0 0 0 0 0 0 1 1 1 0
0 0 0 0 0 0 0 0 0 0 1 0 0 0
0 0 0 0 0 0 0 0 0 0 1 0 0 0
0 0 0 0 0 0 0 0 2 0 0 0 0 0
0 0 0 0 1 0 1 1 2 2 1 0 0 0
0 0 1 1 1 0 1 1 1 1 1 1 1 0
0 1 1 1 0 0 1 2 1 1 2 1 1 0
0 0 1 1 0 0 0 0 0 1 2 0 0 0
0 0 0 1 0 0 0 0 0 1 1 1 0 0
0.2851444543
-0.1348075199
-1.2419376221
-0.5441173359
-1.1473157590
0.7694748236
-1.1908223242
1.1447634946
-0.2335455518
-0.4093254163
0.5543397773
-1.5785298621
0.5832018283
0.7157385872
-1.7132771594
0.2621577112
1.5150079711
0.2480226815
0.6081038469
-0.1610388494
-0.2933893159
-0.6892740606
0.2201706356
0.1925417232
-0.9522793994
0.3440674563
0.0479189887
-0.7030541154
0.2142746717
0.0898920736
0.1115490292
-1.9465087256
1.0499608828
-0.8892961572
-0.3101104696
-0.5260164509
0.4026566217
1.3489480217
1.7538585194
0.8371914943
-0.5814153718
1.1401577433
0.9251356309
-0.0094115587
-0.5932401714
-0.9904489339
-0.9953350843
1.1217746349
0.6746810121
1.3797385939
-1.4649495289
-1.7493888852
-0.0640286324
-0.6549593426
-1.3724793406
-1.3694513472
2.3644220487
0.3541278377
0.0873932902
0.7460005359
0.9466489990
0.9568787768
-1.3173112474
-0.6799299451
-0.1528016961
1.5052732272
1.3452405780
-0.2498279564
0.4184742229
2.0152133702
0.8216729352
2.2105222173
-0.1022586217
0.7358682771
0.2793057428
-0.3966069698
-0.3067092266
-0.0892700116
-0.2177058802
0.0726133402
1.0200916866
-0.4652115593
1.4589562009
-0.6389009514
-0.3165449990
0.6803668438
-0.2958045963
-0.0473568803
0.7432827527
0.5655920997
1.4878531226
0.3164858270
-0.8707327484
0.8699060897
-1.1192603727
-1.4726897635
-0.3389540194
0.1637363378
-0.8064897264
2.9767936529
0.8419331406
-0.2080653688
0.8145609739
-0.7198130419
-1.8357072851
-0.3792898771
0.4538434841
0.4758131729
0.3298014921
-1.1407307188
-1.1149625578
0.1325183763
0.8462650298
0.4390746656
-0.9843438844
0.4822620489
-1.7061233579
-0.6492498049
-1.3979749795
0.1525727143
0.3019752776
0.2505857136
1.0820403946
0.2931743436
-1.9314160775
0.6702761914
-1.9759843763
0.8765617567
-0.1028157107
0.4095418104
-0.0445320616
-0.4686919465
-1.5312445188
-0.3864753711
0.9674080243
1.3638831451
-0.3905268579
-0.3206619419
-1.1693897597
0.3618880727
2.5200139653
-1.3254175369
-2.0515415006
0.4357388646
-0.2454197397
-0.6353951245
-0.0081566524
0.9959022370
-0.4980237811
1.5449723671
0.2829555344
-0.2714699963
-2.5433570357
-0.8900955076
0.5184052671
-0.0439954289
0.1629250935
-1.9515606864
-1.6591677389
-0.9150022124
0.1575510205
1.8173397179
0.9810699132
-0.0136227509
1.6608731660
0.6728760614
-0.1520180805
-0.9006623984
-0.1267142754
-1.4610184198
1.5637668734
0.6081901596
0.7883147229
0.0296897761
0.8576366984
-0.5135851617
-0.2144193983
0.0882931687
-1.0766795332
0.1363253109
1.5346621253
-0.0563564598
-0.0922649441
-1.2183116284
-0.1932434053
-0.4572669068
0.5127922501
1.0515895419
-1.4242044794
1.9479865225
-0.4423095303
0.8008684003
0.0316893128
-1.7955419748
0.3558184807
-0.1274682394
-1.1743017556
1.1181761761
0.4540566276
0.2385970753
-2.4393329550
-0.1567871232
0.1201100771
0.0560763484
-0.2839416090
0.8345049443
-1.1234409275
-0.6962983156
-2.2383703553
1.5687980672
0.6026335179
-0.5471338494
0.0920417065
-1.8590396366
1.5569984301
0.4431288685
-1.5075233603
0.6611223479
-0.3929749455
1.2447215082
0.7602487711
-1.6238108926
-1.1753946339
-1.0269580526
0.2603473784
-1.9106072629
-1.0051759572
-0.7081182553
-0.1658453448
-0.1897178421
1.2489857987
0.5094643514
-0.2239459545
1.4436079034
0.1905162143
0.4812199368
-0.1066885041
-1.0428664541
-0.4287800385
0.2300202462
0.9626363468
1.2798615065
-1.1747214167
0.7652489999
0.8388922820
-0.0153431703
0.8118571851
-1.0611853307
-0.3292451619
-0.6406532715
-1.4329953630
-0.9699930733
2.7770877602
1.3282470465
-1.0915935637
-1.6167444941
-0.8601993763
-0.3530277344
-0.4275034011
0.4843504761
-1.0839634950
-0.5246906558
-0.5363113630
-1.0325112131
0.6970141244
0.8932319902
1.3772730490
0.1858939622
-0.9527859337
1.1090688690
0.0873543322
-1.3880294574
-0.6109138211
-0.2826820343
-0.5583015562
0.0910497486
1.5097110052
0.7662548905
0.1773398614
-2.4080112483
0.1569522196
1.8162025734
1.2121865913
-0.9828076000
0.1446353804
1.2669830335
1.7186485023
-0.9008833721
1.2032100725
0.0551539066
0.2984024293
-1.7700248693
-0.2269606005
0.9179612565
0.7599349642
-0.1657231270
1.7277728397
0.7712103547
-0.5969951745
-0.9722926682
-1.0101122890
0.3242378946
-0.1823014824
-0.1492833806
-0.1081852094
-0.0227556910
-2.1553338304
-0.2623612537
-0.5612163328
0.8967619426
-1.5216551372
-1.1912242602
-0.1105064615
0.3139474371
0.3461997575
-0.6385910215
-1.2664989811
2.3984128659
0.3037650622
-0.4962966842
-0.5067143507
-1.7169614540
-0.1420153608
0.7439304061
0.5209475164
-0.0693270165
0.4111832398
-0.1493601836
-1.3208785889
-1.0521377337
-0.2817382295
0.3528720356
-0.2013039779
-0.6961183856
0.1756066353
0.3395852575
-0.3842910743
-1.9464415439
0.4823177509
1.3106760924
0.8632606837
-0.3188940374
0.0679864759
1.6975326438
0.7299851660
0.4225204691
0.4994552301
-1.6298354724
0.9977748878
0.5160144546
0.6227726406
-0.1247263065
0.8770315761
-0.5639169167
-0.5569655051
-0.4465414419
-0.3743169194
-0.9324375982
0.0071383081
-2.8650002417
-0.4090265515
-0.6440470921
-0.9808746981
-0.1678754639
-1.6815636687
-0.3509503442
0.3571810607
1.1508937495
-0.6017445518
-1.1012343260
-2.1061400049
1.7045036901
1.6420857297
-0.9562378716
0.7777328830
1.9211094451
0.2054608999
0.4871054940
2.4782461893
-0.8176076793
-0.7887854996
-0.1096751542
-0.2518988774
1.1372968881
0.6853716373
1.2207657371
0.2916113999
0.9705434269
-0.4823908795
0.0280650542
0.5453102288
1.8055494686
