13 6 0.09
11 0 3 1 0 1 1 1 2 1 3 1 4 2 1 2 3 3 2 3 3 4 3
11 0 1 1 1 2 0 2 1 3 1 3 2 3 3 4 1 4 2 5 1 5 2
9 0 0 1 0 1 1 2 0 2 1 2 2 2 3 3 3 3 4
11 0 3 1 1 1 3 2 1 2 2 2 3 2 4 3 0 3 1 3 2 4 0
9 0 0 0 1 1 1 1 2 2 0 2 1 2 2 2 3 3 2
11 0 2 0 3 1 1 1 3 2 0 2 1 2 2 2 3 2 4 3 0 3 1
0 0
7 0
9 1
8 6
5 9
9 2
0 0 0 1 0 0 0 0 0 0 0 0 0
1 1 1 1 1 0 0 0 0 0 0 0 0
0 1 0 1 0 0 0 0 0 0 0 0 0
0 0 1 1 0 0 0 0 0 0 0 0 0
0 0 0 1 0 0 0 0 0 0 0 0 0
0 0 0 0 0 0 0 0 0 1 1 0 0
0 0 0 0 0 0 0 0 0 0 1 1 0
0 1 0 0 0 0 0 0 0 1 1 1 1
0 1 0 0 0 0 0 0 0 1 0 1 0
1 2 0 0 1 1 0 1 0 1 0 0 0
0 2 2 2 0 1 0 1 1 1 1 0 0
0 2 3 2 2 1 2 1 1 0 0 0 0
0 1 2 1 1 1 1 0 0 0 0 0 0
-0.9644331090
0.2328392286
-2.1208882130
-0.4531828057
-0.1602467265
1.4803939024
0.1574120415
-1.0378253369
-0.1790219805
-0.0959253843
-0.4078278966
-1.9782050515
0.6694388717
-0.0081291496
-1.0832620182
1.9723453434
-0.2928196722
-0.7579348924
0.9651227970
-0.6632478698
-0.3428348280
0.5991542677
-0.4215307270
1.7525707386
1.3378132391
0.2073865118
-0.4058618452
0.4704100852
-0.3684960318
0.7267003326
0.0165916806
0.3590595554
-0.1313955780
-0.8935466179
0.6529955120
-0.1923919464
0.5299796688
2.7207947610
-0.2009260550
0.9381884607
-0.8359368865
-0.2548688718
-0.6080325720
0.6221419816
1.0200623766
-2.0510912965
-0.3421076766
-0.2369730035
-0.8940532121
0.4356236679
2.4639428405
-1.6641823154
0.5118334663
-0.4402719118
0.8794221341
0.2472109010
0.2908597458
0.7335343029
1.3703184944
-1.3948550610
-0.2538806102
0.3646783261
-1.1295865433
-1.0635681523
1.2815029280
0.1471897138
-1.0351194978
-1.6197326917
1.1591025982
-0.3851162594
0.3001193452
0.7229866398
-2.1266364152
-1.0686722685
-0.9347308977
1.0443144070
-0.1740592704
-0.6871831152
-0.5025699219
0.0005233084
-1.1202782133
-0.5778478623
-0.9815626234
-0.4179811743
-0.0309468194
-0.1596968940
0.7306689852
0.0956295738
-0.9503402258
-0.5271481856
-0.5470587292
1.3418382418
-0.6305638185
0.2527210221
-2.2663632029
-0.3758850021
-1.1206954647
0.5339630432
0.7361342475
-0.3891991468
-0.2305015493
0.0535241289
0.2492139862
1.4233754213
-0.8469347873
-1.2282113797
-0.2698789633
-0.3906018163
-0.2189953834
1.7095388299
-0.6412189016
0.3179698564
0.6478198580
-0.7441192486
-1.0360999453
0.0495384917
0.3216612789
0.3774825096
0.4178322517
-0.1455801427
-1.0133183393
2.1804085097
-0.5774069189
0.2024433100
-1.4263651825
1.6108019405
0.1987396658
-0.5792812658
-0.2045986006
0.2144329617
-0.1351689459
-2.0053810284
0.4477382064
-0.8936204895
-0.1375801646
1.4348806204
1.5500308659
2.2846503779
-0.2596351544
0.3144916752
-0.3251149545
-1.8889931789
-0.5289986436
-0.2769464904
0.9635116652
-1.9343088564
-1.7262952656
1.7376938037
-1.6036060588
0.7005469071
-0.1149339097
0.0438076011
0.0831259907
-0.8429203071
1.1530279234
0.9761239381
-0.0219309122
-0.5374714133
-0.4861362439
-0.5394504480
0.4379362111
0.5351261969
-0.2181465245
0.9056206678
-0.2920902640
0.3132256097
-0.2125808689
-1.1845569173
0.9748368957
-0.6335625574
-0.6516205626
-1.4104072188
0.9181847016
1.3911663378
-0.2313267639
-0.7574579897
2.6847574914
-0.1044752065
0.6799189207
-0.9931808577
-0.3798676986
0.1118406282
-1.9700513426
0.4526647902
1.2106230097
-0.9823631095
-0.6938347439
-0.0944695320
-2.4066779924
-0.1758891252
-1.9552905022
0.4895180342
-0.2834335195
-1.5425614444
1.0914743866
-0.6023079052
-0.1659418543
1.2482688068
0.7126073056
-0.5799340670
-0.1032000096
-1.1572349549
-1.9013947627
-1.9556804155
1.0475667554
-0.0840393125
1.3808774301
0.0293270817
1.0250626132
0.6357095531
-1.3733044417
-1.5034596572
0.9932576213
1.9137438236
-0.4296974370
1.3161581628
-1.1395645269
-1.6865870029
0.4870873680
0.6649907579
-1.4477544446
-0.8957920820
-0.5592060925
-0.2910322576
-2.4106807553
0.6957800503
-1.0694932270
0.5224667472
-0.5733813915
-0.8858845433
2.0963493007
-1.3342067875
0.5266577434
0.3644047524
-1.0728918071
-0.3362815131
0.4031436908
0.1296494337
-0.7734707143
1.0840363638
0.4047133028
0.7405656228
0.0808181582
0.9729080219
-0.6327459269
0.0554628625
0.9841641477
-1.0228850214
-2.2011257141
0.9227111137
0.3651200159
0.0457730809
-0.4103643508
-1.7653069697
0.9880682843
0.0208320752
-0.3946123045
-1.0261062004
1.5507010260
1.0982720564
-0.2576974489
0.7026263293
0.0139223635
-1.1885471540
0.0064244381
1.0656112849
1.7583714839
0.2514564415
-0.2551788484
1.4726565978
0.0703411581
0.0134843620
1.7752310622
-0.4969296241
-0.4265574558
0.3859744530
-0.2486434388
1.0489199340
2.9572200472
-0.2043733694
-0.0471800207
0.2519154353
-0.3664667818
-1.3107651667
-1.4904041050
0.0972475228
-0.5524161460
0.3441951970
-0.8092583092
-1.3824223597
0.7191180333
1.6825121515
-0.5121784382
-0.1030755354
1.1220527384
1.7697005514
0.1025051514
0.3260339630
0.5407189969
-0.1280985793
0.2084666298
-0.8598480854
-0.8175965380
0.5256355215
-0.2789086258
0.2890913878
1.3509824985
-0.6573309750
0.5480760948
-1.2160948099
2.2851310436
0.3357856839
1.1610498156
-0.5129046786
0.9578159612
-0.6235806919
-0.8695939694
-1.5327602582
2.0712835517
-0.8945604536
0.0083202554
2.4248759454
-0.1505236368
-0.4156339577
0.5933064571
-1.5981106915
0.2283589071
-0.0325587211
0.7332060578
1.9859270602
2.2337049896
0.3790776892
-0.1009702494
-0.1727886564
-0.7444488668
-1.5194601811
-0.9030192005
0.9250128393
