10 4 0.10
6 0 0 0 1 0 2 0 3 1 0 1 1
6 0 1 1 0 1 1 1 2 2 1 2 2
6 0 0 0 1 1 1 1 2 2 0 2 1
6 0 0 1 0 1 1 2 1 2 2 3 2
1 6
1 5
5 6
1 0
0 0 0 0 0 0 0 0 0 0
1 0 0 0 0 0 2 1 1 1
1 1 0 0 0 1 2 2 0 0
0 1 1 0 0 0 1 1 0 0
0 0 1 0 0 0 0 0 0 0
0 0 0 0 0 0 1 1 0 0
0 0 0 0 0 0 0 1 1 0
0 0 0 0 0 0 1 1 0 0
0 0 0 0 0 0 0 0 0 0
0 0 0 0 0 0 0 0 0 0
-0.4017718507
-0.5670925156
0.9139901734
1.3794200174
0.3083207256
-1.3365486368
-0.6224133602
-1.2469831631
-0.9425130874
1.0680636072
0.2677971323
-0.7369278796
-0.3315440117
-0.0622926697
-0.4943807095
-0.7122313927
1.0774306492
-1.1415148184
0.0460452236
-0.8686830746
-0.6351722831
0.7869132707
0.8789927732
-0.7995288166
-2.0349763740
-0.3714168374
1.4129734049
0.6711629293
1.9503890435
1.0128352110
-0.5729207659
-0.4940527458
0.3627119039
-0.5626862774
-0.7657422454
-1.3729993841
-0.9008173588
0.3505600904
-0.5373473647
-1.8084706181
-0.0303710739
-1.0425296993
1.0640308030
-0.5746886948
-0.0716956590
0.5678660344
-0.6175577413
-0.0175244775
-0.8753298428
-1.2859250895
0.0057366385
0.4335691080
0.9834393493
-0.6576823877
-0.5119825857
0.4201541323
-1.1228365509
0.0494420037
-1.3079545583
1.1058761033
-0.2114972916
0.8677313661
-1.5184453135
1.3799360324
2.0583166196
1.3496645793
-0.6097582682
-0.2847762379
1.2986567352
-0.3047772520
-1.3128135474
-1.2266489149
-2.1142062069
0.3258232844
-2.3428312701
1.0552998146
1.2349623762
-1.3127266509
0.4545554014
-0.0817519916
0.4479090235
-0.4099163019
-1.1749892806
0.2633631814
-0.3666189436
0.1698948662
0.7950857666
-0.1145011975
-0.5264641295
0.7027470910
0.6268911861
-0.4764365234
-0.8091045636
-2.3804992362
-0.4077942240
2.6015741402
0.2829246836
-1.6792880550
0.6138141601
-1.0516319153
1.0672946370
-1.1460872394
-0.1363868038
-0.1824633688
-0.1106863327
-0.5021509479
-1.1134103988
1.9320527797
0.9801583060
-1.1516156028
-0.0731875672
-1.1362340533
0.9447965168
0.5185999286
0.6187830851
1.0166500600
0.4740770729
0.2491160674
-0.1924393306
1.3944460754
0.6733579620
-0.3070829078
1.0750637672
-0.1610679234
0.2389852153
0.7191930721
0.6160640967
0.3861099401
-0.7316600711
-0.9364446154
-0.5803755143
1.8272180813
-1.4873674643
-0.3482959778
1.5171234486
1.2289849141
0.0560184463
-0.7288081607
0.4440898574
1.2022020910
0.2984804833
-0.6872869435
-0.2379752919
1.4858754427
0.4375947020
0.1547738572
0.0310598651
-0.4274820975
-1.6233693723
-0.4536317583
-0.6861023427
0.8405313134
0.8769003566
0.8496651001
-1.0726981139
-0.7602375320
1.5995473756
-0.5669917459
-1.5333340384
0.0575973965
0.1089871621
0.1632695787
0.1466260831
-1.2590221440
-0.6489811906
-0.8811169943
-0.0555173600
-0.7296443997
-0.1967791342
0.3680446772
0.8953540211
-1.4055469992
-0.6388126869
0.8035957930
0.3924608326
1.4558774773
0.3262200955
0.3674590852
1.0912419258
-0.5281866084
0.0478468054
-0.0669932623
-1.4314859423
0.7176313490
-0.1470026994
-1.3411461695
-2.8611899461
-1.4737465845
1.2950384521
-0.1558523362
0.3596149240
1.3033633257
0.4054315808
0.4309308100
0.5632579814
-0.4012294031
-0.1854350963
-0.0935614337
0.5007718095
-0.8353218946
