18 15 0.07
7 0 0 0 2 1 0 1 1 1 2 2 2 3 2
7 0 0 1 0 1 1 1 2 2 0 2 1 2 2
7 0 1 0 2 1 0 1 1 2 0 2 1 3 0
7 0 0 0 1 1 1 2 1 2 2 2 3 3 2
7 0 1 1 0 1 1 2 1 2 2 3 1 3 2
7 0 1 1 1 2 0 2 1 3 1 4 0 4 1
7 0 0 0 1 1 1 2 0 2 1 2 2 3 0
7 0 1 1 1 1 2 2 0 2 1 2 2 3 1
7 0 1 0 2 1 0 1 1 1 2 2 2 2 3
7 0 0 0 1 0 2 1 0 1 1 1 2 2 0
7 0 0 0 1 0 2 1 0 1 1 2 1 3 1
7 0 1 1 0 1 1 1 2 1 3 2 1 2 2
7 0 0 0 1 1 0 1 1 1 2 2 0 2 1
7 0 1 1 1 1 2 2 1 2 2 3 0 3 1
7 0 0 0 1 0 2 0 3 1 1 1 2 2 1
7 0
9 6
12 1
13 6
11 1
3 16
11 0
9 3
14 4
7 13
9 11
4 14
5 6
5 1
3 12
0 0 0 0 0 0 0 0 0 0 0 0 0 0 0 0 0 0
0 0 0 0 0 0 0 0 0 0 0 0 0 0 0 0 0 0
0 0 0 0 0 0 0 0 0 0 0 0 0 0 0 0 0 0
0 0 0 0 0 0 0 0 0 0 0 0 1 1 1 1 0 1
0 0 0 0 0 0 0 0 0 0 0 0 0 1 1 1 0 1
0 0 1 0 0 0 1 1 0 0 0 0 0 1 1 1 2 2
0 0 1 1 0 0 1 1 1 0 0 0 0 0 0 1 1 1
1 0 2 1 0 0 1 1 0 0 0 0 0 1 1 1 1 1
1 2 2 0 0 0 0 0 0 0 0 0 0 1 1 1 0 0
0 0 1 0 1 0 1 0 0 0 0 1 1 2 0 0 0 0
0 0 1 0 1 1 1 1 1 0 0 1 1 0 0 0 0 0
1 1 1 1 1 1 1 1 1 0 0 0 1 0 0 0 0 0
0 2 2 1 1 0 0 0 0 0 0 0 1 0 0 0 0 0
1 2 3 1 0 0 1 1 0 0 0 0 0 0 0 0 0 0
1 1 2 1 0 1 1 1 0 0 0 0 0 0 0 0 0 0
0 1 0 0 1 1 1 1 1 1 0 0 0 0 0 0 0 0
0 0 0 0 0 0 1 1 1 0 0 0 0 0 0 0 0 0
0 0 0 0 0 0 0 0 0 0 0 0 0 0 0 0 0 0
-0.7106764026
-0.4614629667
-0.5460008449
-0.4761453044
0.8606249282
0.2179250032
-1.6572406093
0.2616391496
-0.3938954957
-0.4949618379
1.4370604954
1.5859597880
0.4614543324
0.6237597480
0.0427582338
1.0134779212
-0.2828964016
0.0638678896
-1.1029167418
-1.2115346858
-1.3567458360
-0.4110528970
-1.7386345987
1.8999069659
0.7232085435
-0.3920572975
0.6741629340
-1.3928105097
-0.3252810711
1.4215756816
1.3662153184
-2.0475188175
0.2998336969
-0.5961539671
-1.4045653598
0.3575862242
-0.5322966354
0.5655224009
0.6344266840
0.7266446261
0.5270289051
-0.5999612167
-0.2893323164
2.0108742929
1.3346559751
-0.6421485853
-0.5630079554
-0.4630515646
0.4979553749
-1.9518172894
-0.7849973480
-1.0524801777
0.8139954041
1.6518204799
1.0524397963
-0.3416732420
0.1838424150
-1.7188284301
0.1155226602
1.4267414628
-0.2605500450
-1.0131311177
-0.4179527721
0.7105274905
0.2425262333
-0.1427306087
0.0178710851
1.1159416642
0.2853416209
0.0597442483
0.1718511016
-0.4340399453
0.0321108533
1.0076388276
-0.1375773355
-0.6674205270
-0.3377557058
0.3708850172
1.6827353830
-1.5090708440
1.3990937951
-0.2189711151
-1.0633952836
0.2886526669
-0.1429809043
-1.2863647368
0.8229358844
0.2451244729
0.7948711757
0.0155555886
0.7164261664
0.3717175154
0.2088288544
-2.4557574258
1.1585448606
-0.7233790533
0.1208275791
0.2189098530
0.1989785495
1.0939476554
1.1390445643
0.7184203643
0.3067853376
0.5566388374
0.1226040828
0.2191433271
0.4187684149
0.8768383008
0.2059525720
-0.3594917274
1.6438692953
-0.9540114502
-0.4845537611
-0.7867298885
-0.5193343704
-0.4914414163
-1.4462048417
1.5526619649
0.0360199272
2.1092036766
-0.6208530445
0.7012368849
1.0346269589
0.5769264981
0.8477121600
-0.8750735272
1.4449341224
0.0674666469
0.5874674993
0.2149510591
0.0489391012
-1.5314303808
1.6499450848
0.9882337716
0.0705013433
0.8949773818
0.7557400693
-1.1438602911
0.4736023155
0.6570299019
-0.7159613006
-0.3658883599
0.1426642647
1.9077248007
-0.2033484543
-1.1428076943
-1.4144748138
0.6557002387
-1.4004346376
-0.6191344329
-1.2753985578
0.9268157151
-1.5788229742
-0.5569759228
0.6290952157
0.7314068810
0.1563624606
1.5346352867
2.9653139249
0.0036390967
-0.1349236616
-0.3459352340
-2.5441784874
0.2656508524
1.0257030394
-0.4742817765
-0.8286178533
-0.1543804527
0.8460611146
0.4604216258
1.4330552955
-2.1252852842
0.3983544112
0.8248531083
1.4667951432
0.4110141928
0.5729397974
-1.1215654652
0.9717558417
1.3195102214
0.2304280184
-1.4094984055
0.7888782626
-0.4025992231
2.1033475100
-0.1721189778
1.1140836595
-0.2781911536
-1.2280306994
-0.4095438004
-1.2718532600
0.6067760995
1.5663904645
-0.0881926410
-1.2432964169
-0.4153338430
-0.8132763023
-0.4150016631
-0.7795881014
-0.2525518882
-0.5924245235
-0.4214324691
-0.2648643925
-0.7072771588
0.7194016980
-1.0551271438
-3.0781656790
0.9752373789
0.0815216010
-1.8636624468
-1.0804372512
0.5282530882
2.3224944714
-0.0775193581
2.4239569050
0.9237912883
0.1559410241
-0.8656626727
0.9773780534
1.7081562627
-0.7016063613
0.2935461879
0.2997844170
1.6667348006
1.2870839679
0.2680680847
-0.5428097157
0.8687197801
-0.2233814892
-0.4618737199
0.7457122708
-1.3578695368
0.0891014349
0.1520625065
-0.2752052822
-0.5628864960
0.3966034333
-0.9268176022
0.2049648982
0.2500651207
-0.1273077046
-0.5573373245
1.5721256833
-1.1211678289
0.9170636151
-1.6603670697
-0.0443927480
-1.7461466980
1.4372283869
0.2072039702
1.1572485489
1.6793701698
0.3996760303
0.3646228104
0.0793203960
-0.0105653903
-0.0823806813
0.6582750507
0.2883656318
-0.1308841413
-1.6606938635
0.2049410332
-2.5178461688
-0.3739125361
1.1975769644
0.4229220795
1.1346539501
-1.2265752158
0.5546584096
-0.1847732676
-0.4200209540
-0.3316233110
1.9804267242
0.5269777670
0.8314697264
0.4907675002
0.2521428046
-0.1115706784
0.8003955762
0.1912215449
-2.1274927383
-0.7668747037
-0.2923381547
-1.4681446186
-0.8128322296
0.6813630905
0.1882571580
0.2474408731
-0.4325613108
0.2309449801
1.0588739030
2.4076641197
0.4598072676
0.6479798538
-0.4844079799
2.8096807608
-0.4552325232
0.4242856563
-1.4411827738
1.7449877109
0.7807371124
-1.7490847774
0.3906352035
-1.7261992350
1.3715339587
-0.3122915471
1.8810743845
-0.5703136332
-0.6176546705
1.6012168178
0.4575740249
1.6841158379
0.2859772261
0.0762772202
-0.2623604019
0.0171248416
1.4302764829
-0.6564971807
-1.5217623970
1.1996362914
-0.3318047098
0.1733541607
1.7359862649
1.0165752355
-0.7616396333
-0.7670718008
-0.7256081025
0.0023065828
-0.7446718715
-0.2253504628
1.9083082226
1.7723828666
-0.5151904366
0.3465308794
-0.8164640775
0.8313446202
-1.3354357298
-1.1009782145
0.4021289142
0.9813026807
1.1143752987
1.4005700011
-0.6757085300
0.2837949463
1.3687946016
1.0885206255
0.3582614116
0.8286584101
-1.2233579816
0.8773269635
-0.6054181567
-0.3847507044
0.2948715898
1.6684234942
0.0306587350
-1.4366170400
-1.5765791341
-1.2666995647
-0.9309713457
-0.2729145009
1.5080865929
-1.2294323487
0.2145538299
-0.1860155217
1.7553688581
-0.1434311266
1.2206372121
0.5608842147
-0.6911400957
-0.9927699086
-1.2163253496
-0.2783535587
0.1170680526
-0.2621441176
1.0491760115
0.2445267808
-1.9150320129
-0.9137180593
0.3469180331
0.7297858755
0.3594969978
0.6163445254
-0.5160238543
1.1930301665
-0.0590650449
-1.5154094757
-1.6573899250
-0.7911491086
0.5451692415
-2.6679899800
0.8743080282
-0.2114888303
1.5233427436
-0.7129226055
0.5063212794
-0.0137007663
0.3786531449
-0.4039347438
1.4464131473
-1.6904522145
0.5832788899
1.8963765443
-0.8580476289
-1.5712068729
0.1282616695
-0.0924480374
-0.5702935699
-0.8374535620
-0.3598414630
-0.9294370830
0.8647611225
0.6231138937
-0.4553382466
-1.3516750460
-0.6731947383
0.1570787060
0.1593996166
1.0261841117
-0.0144101797
-0.1309082674
1.8500572639
-0.6516650740
-0.5082981776
0.2395987496
0.2059288316
1.4538963848
0.5810917642
-1.4500014166
0.1240742259
0.1254633545
0.8750728861
0.4678574060
1.9142264331
0.1247963132
0.6201689030
-0.3134920651
0.3789518048
0.8951640346
0.7990671668
1.3473032786
-1.3024935221
1.3612466500
0.6051874975
-0.7648600095
0.9157252639
-1.7324603648
-1.0951151716
-0.0273900814
0.7803388810
-1.0206288287
0.4085592984
0.1915877469
0.2219177744
-0.4899981766
1.0365729698
0.6512348138
-0.3809501154
0.3457470808
2.0006491757
0.6341658758
-2.2114832395
-1.6169672849
-0.1911280027
1.4065850318
1.8421243719
-0.6375650674
-0.7103133895
0.1516094926
-1.1814987584
0.3090839380
0.5763070694
0.1960684974
-0.9081063612
1.8583379738
-0.4757560348
-1.7032222583
-0.1760772863
-0.2559243567
0.6481509145
1.5944540038
-0.4870090606
1.4209000977
1.6627563592
1.0779613870
1.7869578895
-0.5404021798
-3.1837411278
-1.1991871961
-0.0729933440
-0.9420317750
-0.0190064383
-0.0710510426
0.4274190386
1.4772731810
1.2661726009
0.7407899138
-0.6776217524
0.0029409391
0.8739766161
-0.2360785129
-2.1074890446
0.9547981054
0.2407715870
0.6763170545
-0.4213698441
-1.1808017493
0.3703276291
-1.2568422281
-1.3506564405
0.1567710982
-1.2961552471
-1.2474603704
0.3069171279
-1.3714056066
-1.9644550616
0.6177363647
-1.7541365059
0.1272620013
-0.4121514218
0.0427497334
0.0790726590
-0.0618323235
-0.1841761282
1.8730508704
-1.1596515287
0.8728208021
-1.5917706917
-0.2127995958
0.1235226427
0.5977065441
-0.9432899810
-1.1676272436
0.3555985016
0.3039528026
-0.3600823531
0.1839662541
-1.4301814906
0.5022554178
1.0378998669
-0.1339480079
1.4006923869
0.1027304251
0.0976294780
-0.7788487194
0.3709796753
0.7239312282
0.6131228121
-0.2011902878
0.1309655469
0.1088205852
0.1523553396
-0.8479404852
-0.6754759358
0.3520441854
-0.5532953888
-0.1097623357
1.8066673582
2.8848055140
-0.5606528143
-0.9705540284
-0.7862912266
0.0530861406
0.9060417480
-0.3978831740
1.0656329717
-0.1234493542
0.5946425401
0.8860644825
-2.8671361780
-0.5580073609
1.1019140108
0.3193043889
1.3492355307
-0.3511292803
-0.7319244055
1.2703621558
0.1674630198
0.1938633207
-1.1175894687
0.1817129182
-0.2232604097
0.8348207060
-0.4631038854
0.0440458132
-0.8568032209
0.3457686730
0.8799021420
-0.2031022375
0.2459896399
1.7243287728
0.7400049030
-0.5466839328
0.1568610735
-0.2979581697
0.8113592143
-0.7879560216
-0.3190811534
0.9569121893
0.3490923302
-0.0775409199
-2.1284535221
-0.3583656381
0.3232190899
0.1689263243
0.7365400396
-1.3834311716
-1.6423131872
0.8749535680
0.8293985739
1.2728758662
-0.7267136538
-0.0291862955
2.2628291245
-0.1745425089
-0.3791907802
-1.0887550641
1.0557974605
-1.3980377989
-1.4409812542
-0.4248556648
-0.3059122761
0.2997637794
0.3351831431
-0.8445281526
-1.0207218968
0.2448281585
-0.1118357951
-0.2379162522
-0.0144698607
-2.7560578932
0.4046934090
0.8699491631
-0.7056895830
0.1620863791
-1.1037534782
0.2918332193
-0.5254490111
0.1441705320
-0.0581071161
-0.2134738040
-1.6388324057
0.2947117427
-0.0712098431
-0.3069843194
-0.4997596137
0.1541333440
-1.0917425289
-0.0191007344
