14 4 0.15
13 0 3 1 1 1 3 1 4 2 0 2 1 2 2 2 3 2 4 3 2 3 3 3 4 4 3
9 0 1 1 1 2 1 3 1 3 2 4 0 4 1 4 2 5 2
12 0 3 0 5 0 6 1 0 1 1 1 2 1 3 1 4 1 5 1 6 2 3 3 3
9 0 1 0 2 1 1 1 2 2 0 2 1 2 2 3 0 3 1
1 2
6 9
1 7
7 9
0 0 0 0 0 0 0 0 0 0 0 0 0 0
0 0 0 0 0 1 0 0 0 0 1 0 1 1
0 0 0 1 0 1 1 1 1 1 1 1 1 1
0 0 1 1 1 1 1 0 0 0 1 0 0 0
0 0 0 0 1 1 1 0 0 0 1 0 0 0
0 0 0 0 0 1 0 0 0 0 0 0 0 0
0 0 0 0 0 0 0 0 0 0 1 0 0 0
0 0 0 0 0 0 0 0 0 0 2 1 0 0
0 0 0 0 0 0 0 0 0 0 2 1 0 0
0 0 0 0 0 0 0 0 0 1 2 2 0 0
0 0 0 0 0 0 0 0 0 2 2 1 0 0
0 0 0 0 0 0 0 0 0 0 0 1 0 0
0 0 0 0 0 0 0 0 0 0 0 0 0 0
0 0 0 0 0 0 0 0 0 0 0 0 0 0
1.9680085070
0.5377579758
-0.0024498066
1.0841992985
1.7332911289
0.3846486439
0.1491101738
-1.0878453834
1.9942898868
0.4479654081
0.1772233209
-1.3611644305
-0.0811353593
-0.7390240751
0.6111099694
0.0715313846
0.8539588051
1.2655097157
0.3184241936
1.6953326768
0.6338792268
1.5906758586
-0.5910510307
-0.1194416845
0.8860080471
-3.2069438044
-0.0725046155
-0.6341909066
1.9682942133
-0.4076639790
-0.6577096669
-0.6878035668
-0.4307090824
0.2884086916
0.5683764079
1.1705688874
1.8261484911
0.1925249684
0.3846242530
0.0292113984
0.2515058870
-0.1558884857
-0.9482391338
-0.5982212346
-1.6417130642
0.9841490793
0.3552125120
-0.1107589602
0.4892865712
-0.0195124189
-0.4859586125
0.1688040783
0.1619606139
-0.6264233574
-2.1860443846
0.9603182854
0.6338825511
0.1577225569
0.3586831740
-0.4847992722
-1.2611644758
-0.5337305605
-0.9210250008
0.0622077378
-0.0228475655
-2.4015997033
-1.4643195724
1.4899773114
0.9949886681
0.6598039889
1.7267274483
-0.2740004412
-1.5992756245
-0.2468621727
0.3408791884
0.1123836476
-0.7393430791
1.0406422689
0.0380960338
-0.8981232683
0.4120300613
-0.3238435717
-0.3045988653
-1.1084802791
0.2830649873
0.6426827330
-0.1393738395
-0.1206744927
0.2598817732
0.7747179779
1.8117146904
0.1877417452
-0.0696196147
-1.4753464851
-0.2410820327
-0.7705212135
0.7327756851
0.7529133738
1.0607023393
-1.0893154185
-0.0764479220
-0.4472467621
0.4000226363
-0.6852458013
0.4077771555
0.0137306753
-1.1494035362
-0.8138414822
-0.4714367560
-0.7955098696
-0.5603282282
-0.6248616354
0.4599180213
-1.1420278723
0.5904820442
-0.3793292982
-0.4432249063
-0.3052947184
0.2470748576
-0.6437719448
0.7803971348
-0.9817312544
0.3846591303
0.1674213908
1.7405887090
1.6995234338
0.9952011657
0.4216053348
1.8153324237
0.4251342251
-0.5478383994
1.5158182812
0.0924471130
-0.2671705239
-1.7785433970
-0.8153127943
-0.4223130369
-1.5057996547
0.9441205550
-2.0795800833
-0.7614630797
-2.3478558373
-0.0953763332
-0.6918385091
0.1073553398
0.5123517152
-0.0028461469
-0.7621638095
1.2236668661
1.8667042061
0.6692653487
-1.6301951786
1.0216361310
-0.1690969103
0.6882323681
-2.8858901670
2.0866445992
1.0234593615
-0.5254805512
-1.8466944303
0.7507374163
0.2961028529
-0.6216394752
0.0814390223
0.0687202481
-0.3002669266
0.5704853227
0.0186957808
-0.4642205715
0.2424984406
-0.2826964541
1.1107979856
0.4096451383
0.0060862815
-0.0672967868
0.1551828516
0.2031353177
-0.7791613333
-1.0328891842
-0.3956601677
0.1594121672
-1.1457471913
0.0097626406
-1.3337691100
0.3647058673
-0.3438404590
-1.1727103251
1.1020988076
-0.9160010131
1.0380369768
0.7987147754
-0.7028880140
-1.4360501113
-0.4696154498
-0.0880167184
0.4878470383
0.5177738252
1.1030504163
-1.6637518086
-0.0675296686
-0.1549072385
0.0154949760
-0.0769891847
0.3997406631
2.2382279850
-0.6073734444
0.3073373559
0.0204048589
-0.2794896310
1.2084558290
-1.0955327579
-0.2503075853
-0.0373178351
-0.2239156763
1.0315981570
0.6498008224
0.4859605713
-0.0581735468
-0.1670817729
-0.1088212402
0.1474494384
0.2427107413
0.2559755837
-0.0398052091
-0.3555186427
0.1875783124
-1.5700860512
-1.8764341120
-0.6342650880
0.6747542261
0.0348885509
-0.0899010796
-0.3415542135
2.0123288901
0.7341225518
-0.1997942163
0.3176984785
1.2613954084
0.1930700627
-0.2859328248
-0.6026513644
-1.3461695010
-1.3043064323
0.9032221201
1.1082685796
-0.5521769070
-0.1239856346
-0.4767816984
0.4800152995
-0.2735794744
-2.9007826811
-0.6855344041
-0.5731019358
0.7641201348
-1.2188051109
1.2659040722
1.3125117251
-1.1725410035
0.7987542840
1.7329184409
0.5471988319
0.0381001949
1.2862242668
1.3639430074
-1.6976753403
1.4204400958
-0.1494569754
-0.4064135502
0.4568963157
-1.0926293477
-0.5758468762
-1.3897758269
0.8529588080
-0.5728831290
0.9500462107
2.2908422052
-0.0735528645
0.2052955821
0.5085158125
0.3481276812
0.7799725007
0.6464221693
0.1185696983
0.4750534378
0.5701054771
0.1810283285
0.3284014191
-1.4681917165
0.3900847850
1.4465468999
-0.0515598409
-0.6477796925
-1.3303883794
-0.4445864140
0.0248651278
-0.2893572857
0.9642781686
-1.0495179284
-0.0975307151
-2.5405247097
0.8564147391
0.9817533022
-1.0973940891
-0.4115279331
-1.0821273372
-1.3949690865
-1.3175359053
-0.0538015589
1.1939072470
1.4259419374
0.1725453875
1.0873329809
0.1868947075
1.3168508664
-0.6597006476
-1.6999846277
-0.0649713629
0.5242323217
-0.7347737245
-0.8340290424
-0.0419460405
0.0364670095
-1.3584956216
1.2583217438
-0.7414268990
-0.3167450227
0.6168794846
-0.4505388515
-0.6067339967
-0.1640858506
0.0345118787
0.0405649386
-0.0644886101
0.3395279982
0.0158327640
-2.1319052752
1.3416053713
0.5623354894
1.7799048770
0.4251492026
0.2350607439
-1.1228983567
-1.0102510032
0.0929815640
-1.4755258984
-1.0937289094
1.4515913376
1.2209479275
0.5374664559
0.8590838649
-0.2044838691
0.3424058294
-0.8000292819
-1.2955025753
0.3561219500
0.4456219264
0.3908562410
0.9581485038
-0.2554430354
-0.6723042213
-1.2012379312
-0.5083241740
-0.5456202533
-0.9912655714
-0.9049236693
0.9010961967
0.5068459423
0.1657521725
2.0649317742
-1.2034541621
-0.9041168741
0.3866062446
-1.0390800880
-0.0414685277
-0.9574478881
-0.9597818791
-0.3035101953
-0.8139935880
-0.0861227925
0.2834316700
-1.5547036090
0.2177207448
-0.1921720763
-0.1126124973
0.9437931135
-0.7415148494
1.0007007508
1.5093054113
0.7537369942
1.0721142327
-0.6956779027
-0.2461590649
