12 6 0.03
8 0 1 0 2 1 0 1 1 1 2 1 3 1 4 2 0
8 0 2 1 0 1 1 1 2 1 3 2 2 2 3 3 3
8 0 1 0 2 1 0 1 1 1 2 1 3 2 2 2 3
8 0 0 1 0 1 1 1 2 1 3 1 4 2 3 3 3
8 0 0 1 0 2 0 2 1 3 0 4 0 4 1 5 0
8 0 1 1 0 1 1 1 2 2 1 2 2 2 3 3 3
9 6
3 1
4 3
6 0
2 4
6 7
0 0 0 0 0 0 0 0 0 0 0 0
0 0 0 0 0 0 0 0 0 0 0 0
0 0 0 0 1 0 0 0 0 0 0 0
0 0 0 1 1 0 0 0 0 0 0 0
0 1 1 1 3 2 0 0 0 0 0 0
0 0 0 2 3 1 1 0 0 0 0 0
1 0 0 0 2 2 1 0 1 0 0 0
1 1 1 1 2 0 0 1 1 1 0 0
0 0 0 1 0 0 0 0 1 1 1 0
0 0 0 1 0 0 0 1 1 0 1 0
0 0 0 0 0 0 1 1 1 1 1 0
0 0 0 0 0 0 1 0 0 0 0 0
2.2376689589
-0.4665912566
-0.0312954362
1.6866303122
0.2413129918
-1.2747945288
-0.9459793787
0.9655561056
1.4625728354
-1.0554307148
-0.8019504038
-1.3669928016
-0.7454172508
1.2394818837
0.0237345396
-0.1361679166
-0.2542364473
0.5341253354
-0.8202382435
0.2019802325
1.5302318339
1.7836087610
-1.5026469577
0.3249991397
1.1640432850
-0.3774712066
0.4619273362
0.8357476094
-1.0252396707
0.3469453899
-0.1267599595
-0.1685831939
-1.8738750932
-0.8555753158
1.1545844542
0.5937193287
-1.3688598954
0.9001658921
-1.4266121464
1.7255927738
-0.3155624790
-0.1383264616
-1.4627758207
0.5433373618
-1.4892088421
0.3183638266
0.6637674798
-0.7822524396
0.6844556880
-1.2407497990
1.1004570259
2.3279772038
-0.1406418801
0.3800184593
1.1069662478
1.6983269883
-0.7569708984
-0.8806458475
-1.0345590172
-1.1947864053
0.4484641235
-1.6297487221
1.6378174513
0.0668177759
0.6331036880
-1.2846695867
-1.8464235923
-1.1030467043
0.4678965050
0.8038962759
-0.3899485083
-2.0672483410
0.2297734316
-1.7480607647
0.7167694111
-1.0175682502
-0.2474885219
-0.1656522128
-0.3278220753
1.8560510409
1.2591746606
0.7524927045
-0.1788429099
-0.2396704096
0.6614622602
1.4550118199
0.4433276766
0.2366526690
0.2429557229
0.5666557522
-0.6864493993
0.5297368536
-1.1084109930
-1.7658637749
0.0181575459
0.2571500132
-1.0549216838
0.4108714766
-0.6278567160
1.2827302740
-0.4719242920
-0.2177204831
1.2234553470
-0.6039546993
0.2448035254
0.7693457001
-0.9431439461
0.1391669140
-0.9058974229
-1.1468892061
-0.4525670880
0.3458331542
-1.6885637718
0.1395204063
0.9529591454
-1.2513826547
0.4619365777
0.5350041747
1.2770312925
-1.1092666918
-1.9508100396
-0.2536928392
0.4475589049
0.4927105761
0.3019168999
-1.1667282036
0.7528306807
0.2791201870
-2.3482313428
0.3785748215
-0.6050425001
2.0350818121
-0.5319140635
0.2960851353
-2.8982752160
-0.8180486733
-1.6360605190
0.6617510442
0.5480791374
0.0455835736
-0.8805609559
-2.6082532514
0.7930244906
-1.7491593662
-1.8040333565
-0.8403657863
0.3596044929
0.3373901144
0.4188027364
-0.4477549337
-0.7926870951
1.9617632630
0.1941502040
-1.3489669388
-3.4426208023
0.0577635509
-1.0472432050
-1.9752554008
-0.5056163391
-0.1769754897
-0.2653146220
0.4669792986
-0.3945790734
0.4723376062
-0.7147921837
1.8932226156
0.1118346264
-0.1498461453
0.0320733571
0.7372888906
0.0808411679
-0.8804323459
-0.2641001666
-1.0618343278
1.7625960093
-1.1010693965
-0.5826720962
-0.5518020702
-1.0245884850
0.1660976668
-1.4419401000
-1.2409615031
-0.5085690441
0.8278611024
1.2570083653
0.8863971517
0.3452369960
1.1954111764
1.1288137169
-0.0764979996
0.3946218790
-2.3936295503
0.3145887394
1.6120815659
-1.0509946114
-1.1808723482
0.5028580664
1.0753187076
-0.3842770517
0.6383706022
0.2843820099
1.5234065952
-1.2015285215
0.4117785825
1.8851016939
0.3529374854
-0.7531702386
0.8590641191
0.3327251370
0.4354141573
-3.4366570257
0.6671284498
-1.5989396166
-1.4666723798
-1.3333070385
0.2496083904
0.4697069730
0.6996032468
0.3919332925
-1.1911872234
-1.1152656444
-1.3492547779
-0.1087830938
0.6222728842
-2.3089310621
1.2405770181
-1.0647542691
0.4798665866
-0.4585186809
-2.3709757369
-1.1930136654
0.5451022519
-0.0452491701
1.0437636367
-0.9294690164
0.3848762395
-0.3579330686
-0.4362460511
-0.9949389200
-0.4385836214
0.0243645823
-0.1741994843
-1.8719247156
-1.0402762769
0.0930562374
-1.7893232967
0.8212186290
-0.3614435832
-1.1817421455
2.6347385894
0.1341263199
-0.8974168863
-0.3579833241
1.3211715555
-1.2280668118
-0.7274333149
1.8127105521
0.6644511989
-0.4271124944
1.3936242311
-0.1633471768
0.4644304887
-0.5366059511
-0.7127999637
-0.7573514218
0.5965950911
0.4151641508
0.0932524773
-0.5860405811
1.3690414869
-0.2074019229
-1.5067414520
0.6428343278
-0.1050828962
-0.7754942785
0.9997098923
-0.8984838432
-0.6470651978
1.9228779449
-0.5992552072
-0.6096875340
-0.9328333719
-0.5698995585
0.5932718510
0.3501780024
-0.5497827805
-0.2357906265
0.2689623181
