18 15 0.14
5 0 0 0 1 1 0 1 1 2 1
7 0 1 0 2 1 1 1 2 1 3 2 0 2 1
5 0 1 1 0 1 1 2 1 3 1
7 0 0 0 2 1 0 1 1 1 2 1 3 2 1
5 0 1 1 0 1 1 2 0 3 0
7 0 1 1 1 2 0 2 1 3 1 4 1 4 2
7 0 0 1 0 1 1 2 1 2 2 3 1 3 2
5 0 0 1 0 1 1 2 1 2 2
5 0 1 1 0 1 1 2 0 3 0
7 0 0 0 1 1 1 1 2 2 1 3 1 4 1
6 0 0 0 1 0 2 1 1 1 2 1 3
7 0 1 1 0 1 1 1 2 2 0 2 1 3 0
5 0 1 1 1 2 1 3 0 3 1
7 0 2 1 2 2 1 2 2 2 3 3 0 3 1
7 0 0 0 2 1 0 1 1 1 2 1 3 1 4
0 3
0 0
13 16
5 5
9 7
7 15
12 8
7 2
2 1
12 1
10 3
10 5
5 8
2 2
13 12
0 1 1 1 1 0 0 0 0 0 0 0 0 0 0 0 0 0
0 1 1 2 1 0 0 0 0 0 0 0 0 0 0 0 0 0
1 1 1 0 2 0 0 0 0 0 0 0 0 0 0 0 0 0
0 1 1 0 1 0 0 0 0 0 0 0 0 0 0 0 0 0
0 1 0 1 1 1 0 0 0 0 0 0 0 0 0 0 0 0
0 1 1 1 0 1 0 1 0 1 0 0 0 0 0 0 0 0
0 0 0 0 0 1 1 1 1 1 0 0 0 0 0 0 0 0
0 0 1 0 0 0 1 0 0 1 0 0 0 0 0 0 1 0
0 0 1 1 0 0 0 0 1 1 0 0 0 0 0 0 1 0
0 0 0 1 1 0 0 0 1 0 0 0 0 0 0 1 1 0
0 0 0 1 1 1 1 1 1 0 0 0 0 0 0 0 1 0
0 0 0 0 1 2 2 2 0 0 0 0 0 0 0 0 1 1
0 1 1 0 0 1 1 1 1 0 0 0 0 0 0 0 0 0
0 0 1 1 0 1 0 0 1 1 0 0 1 0 1 0 0 1
0 0 1 0 0 0 0 0 0 1 1 0 1 1 1 1 2 1
0 0 1 0 0 0 0 0 0 1 1 0 0 0 0 0 0 1
0 0 1 0 0 0 0 0 0 0 0 0 0 0 0 0 0 1
0 0 0 0 0 0 0 0 0 0 0 0 0 0 0 0 0 0
0.8163132107
1.5624881187
-0.8329336551
-0.2288831689
-0.0491610049
-2.2663942468
-1.4570247934
0.5246524745
0.6822755526
-1.2627986433
0.8321721891
0.4146502065
-0.4191256007
-0.0427358093
1.2693907314
-0.6283875534
1.0342887248
-1.2128983055
-1.0504573982
-0.6383223200
0.4197865031
0.4265773493
-2.5117525335
-0.0144325323
-0.9087333459
1.0626439958
-0.2437871427
1.2708574703
0.9865390547
-1.2802223453
1.7453695468
0.7466395118
0.1020086809
1.3616187405
0.8815945197
-0.6511527691
-0.8199868584
0.8411041036
-0.1824265399
1.0513904879
0.2280971989
-0.2964913522
0.0681671672
0.2350385419
-2.2325929497
2.1512667503
-0.5589877608
-1.7701441951
-0.8166900933
-0.8843350885
1.4600547789
-0.0170168665
-0.8936242621
2.1038954428
-0.0144622906
0.5359152566
1.2497437790
-0.2256821605
-0.7758489221
-0.7171370173
1.5451748764
-0.8406289088
-0.2604729635
-0.1731218195
2.1067400936
-1.1489460033
0.1387712517
0.2224434841
-0.5044903113
1.3837074745
0.5650012281
0.0615884184
-0.6235611312
0.4164464439
-0.4901160603
0.1784721268
-0.3246892838
-0.6256074818
0.5200813919
-0.3773266849
-1.4093047893
-0.1888882381
-1.3971866784
-0.8819758567
-0.1003079054
0.1189588893
0.1195360712
0.2414312550
-0.4251633374
-0.0749798011
0.9013849331
1.0884309140
0.5736773319
-1.3689287874
1.5827287643
-0.7916419290
0.0851877381
0.5538574209
0.6487938173
0.2079779872
-0.9467704131
-0.1318943363
-0.0576626580
-1.5441070667
-0.6448400472
0.8567879773
1.1851373831
0.5512036453
-0.7161564624
-1.8855285448
0.1847668973
0.6609167713
-0.3219513359
0.1271770795
0.2561109750
-0.3140466733
-0.5123005530
-0.7520498577
-0.2961229587
1.0195335983
1.8042211771
-0.4624753382
0.4332655138
-0.3243751882
-0.9828694801
0.3053801739
-0.0798630910
0.0719640251
0.7278798550
1.6585945694
-1.6088740006
-0.0536680076
-0.1819553473
0.5402621016
0.9461507856
-0.2616342417
-0.0368053655
0.0816042407
-1.7076499763
-1.0863916574
-0.3420108749
1.6156902686
0.1877494339
0.2616691528
0.3914916731
1.0779747791
-0.3099094298
-1.2827722822
1.1343995803
1.1154945045
0.3495617717
-0.1859355531
-0.5535650718
-0.1758498210
-2.4107484131
0.3662930142
0.7931532715
0.4566115943
-0.4000861917
0.7548287456
-0.3395566839
0.0534955308
-0.1046743774
2.4721153728
-0.6671836783
-0.7623412832
0.9854981989
-0.2115012550
-0.1686473461
-1.5146038439
-0.4197899738
-1.4863188279
0.5261331152
-1.4636533003
-0.0656755655
1.3886140713
0.2537011649
1.0893960221
0.2142974469
-0.0475945277
-0.5684447135
-1.1882650376
0.4413541391
0.3263303637
1.4429130236
-0.9320245235
-1.3726314788
-0.7298644921
0.6847439994
1.0278586610
0.3941021704
0.1607052489
-0.3613326287
-1.6940597000
-0.2175944212
1.5888785328
1.5170983498
-0.7336563666
-0.1046269663
-2.4139905706
-2.2088650753
1.5442486974
-0.7496955893
-2.2453616391
-0.4959954697
0.8538180752
-0.7084040885
0.2702666561
0.5443926396
-0.1160412817
2.3755465736
0.1610121055
0.7375709233
1.3192597221
2.0512387296
-0.8889685858
1.3769094560
0.1211509886
0.8285161844
0.8358940557
1.3614034882
-0.9075840774
-0.6179254974
-1.2609513118
1.9833348839
-1.8214481389
-0.0553153653
-1.2963667482
-0.7911841391
-0.0028118291
-2.0562627041
0.3184263422
-1.9682413189
-0.3244457740
-1.3764028992
0.8635088464
-0.5643926369
-0.2071217690
-0.9198590278
-0.7522430762
-0.4318712640
0.0470753750
1.2825928630
-0.2791448221
-1.3584025949
0.3532763600
1.1453588515
0.0740248229
0.1547677655
-0.0377568401
-1.6402407074
0.6028598337
1.3326073098
0.3329209387
2.6063524803
0.5663966961
-2.5498442008
2.0282031713
0.7355361498
-0.9567342435
-0.3788558954
-1.4915213099
-0.2408088104
-1.2143358688
1.9442661524
-1.8312266084
1.4970031801
0.4724308481
1.5399854817
1.6060921389
0.2169642979
-0.8470353113
-1.5047318460
-0.5150374048
0.4921263053
-0.5036638283
0.6563678064
-0.0737791013
0.8436599240
-1.7652418699
0.7766949069
1.0556572500
-1.4369102359
0.2253591415
-0.7084972244
-0.8994763063
-1.5735399487
0.9837118471
-1.1523026003
-0.3092701497
1.7192703259
0.0453145496
-0.9382209424
-0.1407369113
0.7926186371
0.1882675739
-0.0329081896
-0.9195883031
1.0996455835
0.5658056781
0.8380831584
0.0547089731
-2.3086633832
-1.0855211509
1.4667188125
-0.3012205664
0.2664285461
0.5292606051
0.2888915381
1.1710885044
-0.3257964583
-1.1600320051
-1.2971766812
1.0506726516
-0.0917195668
1.2143961373
1.4592231187
0.1622389908
1.0661313316
0.5920228836
0.2363339140
-0.3103103641
-0.7905148676
0.5959310139
-0.4932708210
-1.1603185691
2.2813334131
-2.0690870173
-1.2937209951
0.6344279634
-0.7267138126
-1.6196426070
-0.1507734415
0.7061657587
0.6128541314
-0.4323737421
-0.7551865574
1.3343776347
1.4238704562
-0.7334329465
0.1623297744
-0.9368507078
-0.3280941958
-1.4216919374
1.5398408922
0.1242324317
0.1888698111
1.2771826885
-0.8714766739
-1.2791449919
-0.2709319820
0.6422140501
-0.6562304606
1.2675105382
-0.8271809614
2.3871092107
-1.8646211868
-0.5570169127
-0.1981589177
-1.2060591311
-0.0420368961
0.2815953599
-1.6533942315
-0.0941808031
-0.7682153249
-2.0074536740
0.4047555924
-0.1232992787
-0.7045374419
0.3773638470
2.1829602554
0.5745305718
-0.8975816457
-1.4060654293
0.8541183677
1.8023247650
-0.7658189396
-0.3383002317
-1.1950438803
0.0619652826
0.6226682513
0.4415240513
1.7465512516
0.1971403997
0.6852930225
-0.0651819536
-1.8553700835
1.1789737983
0.8055195445
-0.7673276694
0.8820320238
1.0939122930
1.8601161458
1.2897477615
-0.6000595242
-0.7552393559
1.4913726529
-0.1643371778
-2.4674373484
1.1717351814
1.3790104816
0.7838111332
-1.0043358381
-0.4366887423
0.0907782166
0.8023725677
1.2750896490
-0.0142455435
-0.9437324727
0.1792721956
0.3547154249
0.7367497520
0.5157418863
1.1947272789
0.0801530783
-0.2027123356
-1.2620120683
-0.4658990579
1.3693034362
-0.9657088533
-0.0964116915
0.8856398334
-0.8467905244
-0.1659497843
0.6265853587
0.0695213974
-1.0969555136
0.3248489242
0.0209222043
-1.0741303678
-0.6296077337
1.4512910514
-1.5013667196
0.0133569424
-0.4247870113
-0.8354839010
0.4063345872
1.2717550370
-0.8466164600
-0.7116210911
-0.3338157839
-1.1360614689
-0.3340971048
0.3422187177
0.2538174191
-2.1187427344
0.1334522478
-0.7966886415
-0.3322206937
-1.6330261054
-0.6599448667
0.7865762299
-1.4665544271
0.6643030948
0.2018927039
-0.5672346597
-0.9712139001
0.1769498909
-0.5410469788
-0.0938149403
-0.3179165469
-1.5801833984
1.1714939065
0.3136012565
-1.4434856846
0.1553526315
0.0488466211
0.9748400053
0.6326767757
0.7526857045
0.8418546329
-0.4048044489
-0.6830457893
-1.1233872792
-0.6049329341
-0.2792517533
0.9210042113
-1.1805621017
0.8023549444
0.6129699909
-0.2720892782
-0.8402563327
-0.8285900888
-0.8640780244
0.3116181669
1.0119261999
-0.2100987265
1.5015067382
-1.1273020841
-0.1807397964
-0.0255201333
-0.2791788208
0.0714814459
-0.2194550401
-1.2693958642
1.2027428043
2.8730555261
-1.2872798806
0.8754897145
0.8405432024
0.2814418508
-0.1410798176
-0.5271777418
-0.4170731809
-1.1195663608
0.8538799597
-0.2321182697
-0.2536735754
0.2815741734
-1.2544883227
0.5418719679
-0.3252069140
0.6816192615
0.4413742611
0.6292943560
0.2499660392
2.0793235481
-0.7587842437
0.1862797984
0.4332749024
1.0310192411
0.1389010024
0.8177637344
0.6899545963
0.4055684450
0.1086251209
0.5520295958
1.9988186400
0.5433866814
-0.2003796794
0.2989081388
-0.2948398380
0.4941246309
-0.1156340388
0.0765391807
1.3172332401
1.8087032742
0.0839769006
-1.2433072955
-0.3454521565
-0.6007611638
0.3625176671
-0.2366690637
-2.0921955135
1.1178461589
-0.5077643393
-0.4642586692
1.6403581893
-0.1121243883
-1.2482797671
0.5602330137
-1.8485252769
-0.4178217742
0.8597772362
0.3373607173
-0.1421008107
-0.3275813032
0.2055594511
-0.3738624612
0.9157514534
0.4694818748
1.6131182257
-1.0474908699
-0.0805179740
-0.0611350231
-0.1678619737
0.1018482126
0.8240667385
-0.4061490088
1.2100733259
0.7081096531
-0.2666378969
0.8931445381
-0.9621874998
-0.6126852077
-0.8625491506
0.9585614290
0.3854126904
0.3276742612
-0.6752418898
1.1984251931
-1.3991781960
-0.6485210779
0.2834896966
-0.4488967231
0.7587764714
-1.3462506569
-0.0298876613
-1.1263501025
-0.6293281734
-1.6432555024
1.0188452639
1.7152622554
0.3079588536
-1.8718848035
2.9728150494
-0.0948356126
-0.5030972491
-0.3828682878
0.0798330710
-0.1680603883
-0.5212892208
0.6802852305
0.1553134451
0.1396958114
1.0414193641
0.7402673327
0.1406714648
-0.0572962255
0.0670470094
0.4925092547
-0.7774123468
1.2838999358
1.5282711537
-0.5238996218
0.4362681053
-0.3775550298
0.5808175489
-0.5603899513
0.3748787417
-1.0278028139
1.5127334557
-0.0133025236
0.0288449716
0.0557224432
-0.6402013595
-0.4743000990
0.6814409139
-0.1368739644
-0.7486861481
-1.4413600093
-0.6977665735
0.1169818961
-0.0357568962
0.0854466392
0.4017156721
-0.7002242168
-0.4237278327
0.4933963468
0.6300691679
0.3655646826
1.4806038817
1.8568366336
-1.9592275181
0.3559328864
-1.0820098645
-0.3600775929
1.6627651384
