14 2 0.12
13 0 2 0 3 0 4 1 1 1 2 1 3 1 4 1 5 2 1 2 2 2 3 3 0 3 1
35 0 2 0 4 0 5 1 0 1 1 1 2 1 4 2 0 2 1 2 4 2 5 3 0 3 1 3 3 3 4 4 0 4 1 4 2 4 3 4 4 4 5 4 6 4 7 5 1 5 2 5 3 5 4 5 7 6 2 6 3 6 4 6 6 6 7 7 3 7 4
0 3
5 2
0 0 0 0 0 1 1 1 0 0 0 0 0 0
0 0 0 0 1 1 1 1 1 0 0 0 0 0
0 0 0 0 1 1 1 0 0 0 0 0 0 0
0 0 0 1 1 0 0 0 0 0 0 0 0 0
0 0 0 0 0 0 0 0 0 0 0 0 0 0
0 0 0 0 1 0 1 1 0 0 0 0 0 0
0 0 1 1 1 0 1 0 0 0 0 0 0 0
0 0 1 1 0 0 1 1 0 0 0 0 0 0
0 0 1 1 0 1 1 0 0 0 0 0 0 0
0 0 1 1 1 1 1 1 1 1 0 0 0 0
0 0 0 1 1 1 1 0 0 1 0 0 0 0
0 0 0 0 1 1 1 0 1 1 0 0 0 0
0 0 0 0 0 1 1 0 0 0 0 0 0 0
0 0 0 0 0 0 0 0 0 0 0 0 0 0
-2.6115598347
0.3321581332
1.5156233386
-2.1327147579
0.7618474143
-0.5499653260
0.8627766344
-0.3802059462
-2.3059812271
0.1609515510
0.1157001479
1.2009440616
-0.3696033045
0.9134205652
-0.3091354704
-1.0357538262
0.0109528003
0.6465580941
-0.1157449122
-0.8269837258
1.7304792467
-0.6101891380
0.2307776009
0.4906947387
1.4704300408
-0.7279843686
-0.4522514727
2.0046153659
1.5823565004
2.3755477210
-1.6855567433
0.6968005011
1.1784777469
-0.6892264515
-0.2601108984
2.5334115473
0.8833952641
0.1313635902
1.9893869992
0.1074014046
-0.3842834960
-1.4682851451
0.9028566701
-1.7375797768
-0.4618763740
0.8714781054
-1.9150362585
-0.1132811354
-0.8886841457
1.0104641648
-1.7614435437
-0.1194086148
-0.2937108763
-0.0921340242
-0.9565777057
0.2732700073
0.5403950507
0.7129356319
-0.3369780767
1.5494598895
-0.7603950828
-0.7565501344
-0.1262461465
0.5666295535
-0.8984485065
-0.5460826570
1.3311036815
-1.8486398699
2.1122199213
0.1891565607
1.3721521062
0.7723463940
1.6517504171
-0.0849834290
-0.7819677596
-0.5125282221
-0.0278061537
-0.8695503755
0.2823050529
0.5323987013
0.0443080479
-0.9870581068
0.7147145592
0.4333507430
-0.3881826154
0.2180889791
-1.7268630499
1.8765024123
-0.4146514371
2.1381686864
-1.2815766802
1.7655352135
0.5927377486
0.6279088700
-0.9446399915
0.9781708564
-1.0936899355
0.9227822983
0.2385196126
-0.3326136666
0.0278252177
-0.6941226416
-0.0191033012
-0.2943173951
-0.4987494715
-0.4970308216
-0.6425916358
-0.8143836895
2.2684499667
-1.2483568762
0.6142387143
0.2196725495
-1.5489168082
-1.3326536015
0.5486304605
0.8977234100
-0.1694933851
0.1675689315
0.2980924921
0.7372445374
0.2750310245
-0.8955928303
-0.4051674096
0.7532225439
-0.7836618512
-0.2202142555
-0.0849164483
2.9443846681
1.0073061490
0.0182515438
0.5342404925
0.8476478304
2.7513007148
-1.4963971416
-1.1054787503
-0.1791974588
0.2524409387
0.1640500939
-0.3521607946
-0.7701904564
0.9875439292
-1.6145850123
-2.3066214249
-0.7023775051
-2.5332995498
-0.8521574862
-1.6895676260
1.5481229890
0.1134475811
-0.4599010732
-0.3659712414
1.1339983974
1.2994827670
-0.8371699951
-0.0280743755
0.5896466726
-0.6391799628
0.6916671518
-0.0066143268
0.6089654571
-0.8327101170
0.0779350402
1.4589013852
-0.4523017668
-0.0997445542
-1.3182799415
-0.6515137037
0.1057595174
-0.7728860783
-0.0007678691
2.2210485082
-0.3786988621
0.0943914973
-1.0538193144
-0.0034584215
-0.9981405785
2.2065627273
1.0126332343
1.5720703813
1.6362486917
0.7823349321
-0.9049430611
-0.2272802301
1.4141791026
-0.9066691497
1.7113277939
1.2041604264
2.1256160226
1.9597242821
0.4334937978
-0.5371212495
1.1138015060
-0.9303799401
-0.1728466929
0.5372811728
0.4553702803
-0.6510755023
-1.9129296575
0.9458571042
-0.6603332746
0.8182905269
-0.2906201513
-0.6451352357
0.6816428533
0.5712585613
0.5005927195
-0.5616607261
-1.1855785971
-0.9385439383
-0.9481207723
0.5064481480
-0.1762177223
-0.2759293716
-0.6817909441
-1.0037693513
-1.6540182391
1.6708982255
-1.0283564572
0.3322311475
-0.4589642529
-0.2242570331
-1.2619507180
-0.2680283800
-0.3350844624
-0.5823548211
1.7273101858
-0.9088586437
-0.5588117834
0.6367556779
-2.9470201078
-1.5606434278
-0.0389438118
-1.5790984802
-0.9686659406
-1.0672570122
0.9164666999
0.6354334897
0.1171880060
-1.2670655851
-0.7597072976
-0.7027240030
0.5692723159
-0.4052844489
0.7832418931
-1.1825758426
-0.2017482342
1.7174806033
-1.4578883221
1.3569104554
-1.4670138142
0.6303386099
-0.0051779496
0.3833767934
-0.6912201307
-0.6354732088
1.0741721408
0.0515660024
-0.1090968284
-0.0060564525
-1.6908523919
-0.0768233478
0.7241982730
-0.8858794148
-0.9814593901
1.4270850953
-0.4222340449
0.5562712881
-0.5742333587
0.9790420764
0.3871602998
0.8007924193
-0.9327342694
1.0528094931
-1.0428081034
0.2150186129
0.8521393873
0.2171160083
-0.4503006370
-0.3952755503
0.9030629366
0.5462363585
-0.8002500668
-0.8935123379
0.8642910858
-0.5886253991
2.1639373975
-0.0396402287
-0.5774657126
-1.2657258282
-0.7480308991
0.7670165429
-0.0758930298
-1.3031490639
-1.6370072798
0.0865437582
0.2374503809
-1.0731449577
-0.6872070459
1.1246924576
0.6764594639
-0.8402116143
1.4363074188
-1.2259527154
-0.6483544629
0.7755074838
0.0884697491
-1.0377419032
-1.6038285668
0.2246709635
0.0398333908
-0.5209940761
-0.4055362125
-1.4283614211
-1.4184977458
-2.3400644581
-1.3978362892
0.1142664150
0.9428574896
0.0804920812
-0.7247144717
-1.8751757216
0.0085194489
-0.5129603129
-2.5107127683
0.8815702929
-0.6997236272
1.8485564470
-1.6493078310
0.4176970724
-1.0122503783
0.7618571501
1.7724477677
-1.1204550736
-1.3155980595
0.0330558010
-0.2405727834
-0.9551653547
0.4476314313
-0.3310290452
0.3290030356
0.7476036527
-1.1050127519
0.9215639810
0.9776303555
-0.1736618133
-0.5686545148
0.0244856658
0.0270297229
-2.0941100370
1.0445150957
0.5323550557
0.0621686058
0.2901439626
-1.9065140813
1.2429010867
-0.3300989829
-1.1952845407
-0.8026421696
0.3492394247
0.7806662726
0.0364775709
-0.0492268243
-0.8991755808
0.1460864771
-0.5843683147
1.3723442097
-0.1412589426
0.9733405161
-0.1322417691
0.9264006314
-2.1960915495
0.6955666093
0.5977288071
-0.8831616241
-1.2032243182
-0.5743496316
0.1716376035
0.4165806989
-0.8151870270
0.9739417945
-0.0315584899
1.5716634741
0.1537047414
0.4202397610
0.5186657529
0.2223894713
-0.5275632290
1.1434631659
0.1320177970
1.2425648635
-0.5317051044
0.4133897459
