10 4 0.05
8 0 0 0 1 0 2 0 3 1 0 1 1 1 3 1 4
10 0 1 1 1 1 2 2 0 2 1 2 2 3 2 4 2 4 3 5 2
8 0 0 0 1 1 1 1 2 2 0 2 1 3 1 3 2
7 0 0 0 1 0 2 1 0 1 1 1 2 2 1
7 3
3 0
2 1
0 1
0 1 1 1 0 0 0 0 0 0
0 1 1 1 0 0 0 0 0 0
0 1 2 0 0 0 0 0 0 0
0 1 1 1 0 0 0 0 0 0
0 2 2 0 0 0 0 0 0 0
1 1 2 1 0 0 0 0 0 0
0 0 1 0 0 0 0 0 0 0
0 0 1 2 1 1 1 0 0 0
0 0 1 1 1 0 1 1 0 0
0 0 0 0 0 0 0 0 0 0
-0.5217956452
0.3009863202
0.2430231746
1.0678567728
0.0673413643
0.9964576336
0.8391729053
-0.2472322627
-1.5680465724
1.3725812047
-2.1792771354
-0.8548570309
0.4851434129
-0.0238499916
-1.2645640484
-0.9887112884
-1.6124987702
-2.1858493064
-1.1950022390
0.3124092536
1.3082200737
-1.1071045683
-1.8196667624
0.7950003743
-1.6658611122
-0.2570595765
0.9327139662
0.5393509260
-1.2464319748
-2.0518984312
-0.1124381093
0.5890945971
0.2531077926
0.2017273224
0.1727891588
0.2068535592
-0.8639305158
-0.1241920268
-1.9251730377
0.7725222931
-0.0521055078
-1.5047931294
-1.4741624715
0.2091152786
0.1978601670
0.8176465420
-1.4950341368
1.4268951979
-0.1264920824
-0.7269503539
-0.7066144040
-0.5006030022
0.0654738285
-0.5217633271
-1.2112058440
-1.3826310615
-1.3210378195
1.7514996970
0.6418150843
1.1455901012
0.6149286567
-1.8589476178
-0.5300724091
-0.1309546194
0.3342575789
0.2086050929
0.1783555872
-1.0139504058
0.8572161466
-0.3548696871
0.4143962065
0.4624778009
0.2494272469
-0.2138933974
-0.5392038364
0.1711770843
0.1934933632
-0.3391836191
-1.4779653297
-0.2289710819
-0.0489019342
-0.1938179229
-0.6932483987
-0.9429310665
1.9927058626
-0.5908313403
0.6108865557
1.1701403897
-0.4015240277
0.8105289878
-1.8844632888
0.8662071640
0.6480682567
-0.4602396119
1.0682296592
-0.1989337621
-1.0526716757
-1.0713635838
-1.3203945736
0.7330887456
-0.8318986225
-0.3057544882
1.6251586390
-1.1892824588
1.4535006733
1.6584799264
-0.4546164439
0.0778866261
1.5717258676
0.9632998703
-1.2220244586
0.8054467977
-0.3144043775
0.0263510938
-0.4333157566
-0.2470923936
-0.1802458804
-0.1657158806
-1.2337957746
-0.6793441349
-0.5099593978
0.9396421315
1.8103725121
0.4490651991
-0.0990171948
0.0386592740
-0.3573486017
-0.4776032422
0.5689811965
-1.0899609665
-0.3218696063
-0.1972740246
-0.1273108781
-0.5889146604
2.5154099651
1.0628082542
0.4769115524
-0.5182548495
-1.7595319528
-1.8825024647
0.9632808021
0.2234790586
0.8797584994
0.9224548170
1.3227576458
-1.0843940505
0.8124585433
0.2900958340
-1.4217680669
0.3201958308
0.7563916161
-0.0936761996
0.1952241835
1.2100180324
-2.5981778317
1.2081796607
0.7060674991
-1.3355683872
0.6465220749
-1.1474813471
1.2346883384
0.5999144179
-0.3221919059
1.2458062997
-0.5405353116
-0.1720317921
-1.4922482080
0.5889549890
1.6222447208
0.4237686072
-2.6337139620
-0.1532331077
-1.2150719593
-0.3153791123
-0.3569591645
-0.1674603572
1.9538083029
-0.2571871790
0.6959168845
-1.2325296660
0.5711071978
0.3555595352
-0.7554534015
0.0911238657
-0.1552523240
-0.4239350645
0.5443906906
-0.3673156617
0.0920148233
-0.4989429392
0.0558167828
-1.8785942431
0.2518867506
1.3190146633
1.2317700097
-0.1531787846
1.3253272587
-0.2048499842
0.5559209727
-0.2156515533
