10 4 0.09
11 0 1 1 0 1 1 1 2 2 0 2 1 3 0 3 1 3 2 4 0 4 2
9 0 0 0 3 1 0 1 1 1 2 1 3 2 2 2 3 3 2
12 0 0 0 1 1 1 2 1 2 2 2 3 3 1 3 2 3 3 4 1 4 2 5 1
8 0 0 0 1 1 0 1 1 2 1 2 2 3 1 3 2
4 2
1 0
0 2
4 1
0 0 1 1 0 0 0 0 0 0
1 0 0 2 0 0 0 0 0 0
1 1 1 2 1 1 0 0 0 0
0 0 1 2 1 1 0 0 0 0
0 1 2 2 1 0 0 0 0 0
0 1 2 2 1 0 0 0 0 0
0 0 2 2 0 0 0 0 0 0
0 0 2 2 1 0 0 0 0 0
0 0 1 0 1 0 0 0 0 0
0 0 0 0 0 0 0 0 0 0
0.5708588765
-1.2471563310
-0.8267373500
0.3579811479
-1.8732882869
1.5770039017
0.2550733656
-1.1227209035
-0.7592401151
-1.0953463819
0.7490375706
0.9081948180
-0.0998243102
0.2329824249
1.0815891812
-1.9583689126
-0.1416659510
1.3619639242
1.0630984696
0.6420694012
-2.6602808741
-0.4527335894
-0.1235587310
-0.6531204547
0.6519680491
0.5795445967
0.2926995468
0.9295884880
0.0371880317
-0.5661442465
-0.8168989517
-0.8586886932
1.2956832216
-0.1434059010
-1.0955876515
-0.6015376706
0.0355369075
0.0512943822
-0.2380384971
-0.0067533843
0.9648930480
0.0695749691
-0.4422522643
0.9608467850
0.8589984476
0.2383790688
-1.4226555958
0.0822363293
-0.2145630413
0.0494116501
-0.5623516578
-0.7148573133
-1.3069538915
-1.5570215469
0.5528305486
0.0779966025
-0.3507255393
-0.4080244707
-2.3445204714
-0.2370292235
1.0604444823
-0.6843031130
-1.2688913473
0.4678038545
0.1844372014
0.7577024357
-0.4746884102
-0.6172393473
-0.8279250645
2.0678462628
-0.3340415385
0.2863083146
0.7386120767
0.1424117453
-0.9784782530
-0.9433451541
-0.6965628801
-0.3299328206
-0.1410459144
-1.5272222418
0.3950848643
-3.1233659710
-0.5163423801
0.4192230336
-0.1189386467
0.4066233432
0.1940951836
-1.7325817654
0.6484265612
2.0008578701
1.1204695129
0.4379614834
1.9372536434
0.2746558916
0.7735585812
0.5375993319
1.7015982844
0.1659154114
0.5218289154
-0.2761051361
-0.5618255981
1.7946279084
-2.6084566277
-0.3280368344
0.9297296222
0.8189490476
0.5503249428
-0.1275061038
1.2887085878
1.7554809583
-0.4056182039
0.4264423646
0.0120679594
-1.2834129951
0.5831517224
0.6822521900
0.0513269079
-0.3176222311
0.5486073982
-0.6682808916
-0.4641102372
0.9680226210
1.3058485746
-0.6337942194
0.3556325248
0.0882562714
0.3118832107
-0.5638142458
-1.4939007107
-0.1276100194
1.6879779981
-0.1228257604
1.3684992364
-0.5886153862
-0.1065289936
0.2853602097
1.2688785856
-0.4033330731
-0.1259754714
-0.5218347765
0.5235030763
0.1334914610
0.3685668201
-0.9161259529
-0.3867880957
0.2034915673
-0.5887187536
0.0576505061
0.7913179281
-1.6168104808
-0.6848002135
-0.8944374628
-0.2529671027
0.8391453431
-1.2980015887
0.5443848235
0.5104999184
-0.8824913976
0.3842251010
0.4969606014
0.2149018474
0.7741462547
-1.0826968786
0.6066969048
-1.5429825349
-0.4906757791
1.2891315712
-0.8778110540
-1.3258215810
-0.6113165391
0.8243939864
1.2446872237
0.3418109723
-1.0235584967
0.4648175869
0.4735921432
-0.8890732718
0.7518119462
0.5780792330
-1.2205581573
0.6121493732
1.1410004734
1.0516195050
0.0678906904
-0.5046520917
-0.3208351117
-0.2845059369
-0.7130158747
1.7293099862
0.4835561193
-0.5790448704
-1.3753138463
-0.4668982331
0.7293322762
0.7235713547
1.1938313297
-0.8796796642
-1.5877748014
-0.6071649113
-0.1934867885
