19 4 0.09
48 0 2 0 5 0 6 1 1 1 2 1 3 1 4 1 5 1 6 2 0 2 1 2 2 2 3 2 4 2 5 2 6 2 7 2 8 2 9 3 0 3 1 3 3 3 4 3 5 3 6 3 7 3 8 3 9 4 4 4 5 4 6 4 7 4 8 4 9 4 10 5 4 5 5 5 6 5 7 5 8 5 9 6 3 6 4 6 6 6 8 7 4 7 5 7 8
26 0 1 0 2 0 3 0 4 1 1 1 2 1 3 1 4 1 5 2 2 2 3 2 4 3 1 3 3 4 0 4 1 4 2 4 3 4 4 4 5 5 0 5 2 5 3 5 4 5 5 6 2
31 0 4 1 1 1 2 1 4 1 5 2 2 2 3 2 4 2 5 2 6 2 7 3 0 3 1 3 2 3 4 3 5 3 6 3 7 3 8 4 5 4 6 4 7 4 8 5 2 5 3 5 4 5 5 5 6 6 4 6 5 7 4
34 0 2 0 4 0 5 1 1 1 2 1 3 1 4 1 5 1 6 2 1 2 2 2 3 2 4 2 5 3 0 3 1 3 2 3 3 3 4 3 5 3 6 4 0 4 1 4 3 4 4 4 5 4 6 4 7 5 3 5 4 5 5 5 7 6 5 6 6
10 5
11 3
11 5
11 11
0 0 0 0 0 0 0 0 0 0 0 0 0 0 0 0 0 0 0
0 0 0 0 0 0 0 0 0 0 0 0 0 0 0 0 0 0 0
0 0 0 0 0 0 0 0 0 0 0 0 0 0 0 0 0 0 0
0 0 0 0 0 0 0 0 0 0 0 0 0 0 0 0 0 0 0
0 0 0 0 0 0 0 0 0 0 0 0 0 0 0 0 0 0 0
0 0 0 0 0 0 0 0 0 0 0 0 0 0 0 0 0 0 0
0 0 0 0 0 0 0 0 0 0 0 0 0 0 0 0 0 0 0
0 0 0 0 0 0 0 0 0 0 0 0 0 0 0 0 0 0 0
0 0 0 0 0 0 0 0 0 0 0 0 0 0 0 0 0 0 0
0 0 0 0 0 0 0 0 0 0 0 0 0 0 0 0 0 0 0
0 0 0 0 0 0 0 1 0 0 1 1 0 0 0 0 0 0 0
0 0 0 0 1 1 2 2 1 2 1 1 0 1 0 1 1 0 0
0 0 0 0 1 2 3 3 2 2 2 1 2 2 2 1 1 1 0
0 0 0 0 0 2 2 2 2 2 2 2 3 2 2 1 1 0 0
0 0 0 0 1 1 2 1 0 2 2 3 3 3 2 2 1 1 0
0 0 0 1 1 1 1 1 1 1 2 3 3 2 2 1 1 1 1
0 0 0 1 0 1 1 2 3 2 1 2 0 1 1 1 1 0 1
0 0 0 0 0 1 0 0 0 2 2 0 0 1 0 0 1 1 0
0 0 0 0 0 0 0 0 0 1 0 0 0 0 0 0 0 0 0
-0.9490738972
-0.2602842555
-0.3215930204
-0.0512057350
-2.1889200847
0.2598050001
-0.1307937612
0.2261243919
1.1604718084
-0.1609932891
-1.4805857681
1.5341077610
-1.2370572102
1.5533524767
0.9658561710
-2.0096466476
1.0091400752
0.5514376856
-0.6936967323
0.6536279248
0.9102501895
-0.4160535337
-1.6419620647
0.4165066196
-0.9453044065
0.6330395855
1.3636364322
-1.0523129689
-0.0469819022
-0.3679105896
1.6256310059
1.2348435235
-0.1288064818
-1.1381337098
0.6256289937
-1.2098971938
-0.4293866203
0.4515367500
0.2331376515
0.1598937239
0.6534005494
-0.3126528640
1.1340363941
-0.5032921647
-0.6503421303
-0.1094032387
0.8974332511
-1.6331206280
-0.6417011048
0.3281305794
-0.9419698136
0.3740972268
0.9815097780
-1.1937075983
-0.4857563390
1.8296757908
1.6574114040
-0.5916543327
0.4710296771
0.4658549499
0.8819275808
2.7430888666
-1.0761064753
1.1555714770
-1.3144472521
-1.4397788906
0.4576865595
-0.0402152277
0.6783728939
-0.0382519113
-1.7760934530
1.0953179113
-0.1228645714
1.3808271356
-0.5621302046
0.7742884620
-0.1939717444
-0.2820172445
-1.4876845754
0.1049473676
-0.5828657731
1.1983152003
-0.1361848587
1.7652717849
-0.2178680959
0.8504720529
0.1231563225
1.2611438151
0.3450639214
-0.8507182136
0.6169676653
0.6838010693
-0.6469996200
-0.9448261576
1.4006076517
1.5985917054
0.7918995032
0.0888529602
0.7500376370
0.3872128752
-0.0955921669
0.4963047626
-1.2468693054
0.6486530648
-1.1740101919
-0.2657999520
-0.2830366222
1.5088628391
-0.5309277377
0.4441030606
-0.4509663395
-1.7239639966
-0.8392229572
-0.2147497458
-0.4023057299
0.5362550102
-0.2068114722
1.5053656605
1.1769357225
-0.9314692172
-0.2166166980
-2.0317926872
-1.8149479199
0.5051000497
1.3812764664
-0.8243319939
-0.2432856802
1.3808503721
0.7743408459
-0.1691521644
-0.6092369832
-0.6697832545
0.4608085542
-1.7745063816
-0.7127004551
-0.8920708104
1.0614401511
-0.3558573428
-1.2177067341
-1.5441765398
0.5911834513
-0.9067608666
-0.6686297894
-0.1894610820
-0.3077011251
-1.0920858144
0.1009021907
-0.6804179557
-0.7440322515
0.2093934087
-1.4342400548
-1.1827743060
-0.1129478410
2.1978062513
0.7532787921
0.1257800196
1.9116116699
-0.6450352904
-0.3956127291
0.0019740165
1.4356332970
-0.4498510357
-0.9065336916
0.6095046874
-0.8782248926
-0.3616689968
-1.3277025859
1.3607048170
1.2481124862
1.9704585092
-1.0848981160
0.4996606568
-0.4180971725
0.4032840004
-1.8073051331
-0.2495486595
-0.7548938875
-0.4589725304
-0.9026262638
1.0323179617
1.1564132510
-0.1160173018
0.1749193493
0.4147032884
-1.5820020280
-0.2235895995
1.9103718601
0.8299767755
-0.3648585222
-0.3030231035
1.5293203882
-0.0406534122
-1.4417754095
0.7449514782
0.3164701809
-1.2119303849
0.0327771143
1.8940080379
0.6665125484
1.0069428141
1.2792918152
1.4548634192
0.5548306066
-1.0992997189
-1.5171196060
-0.6482304849
0.3316841619
0.4134466533
-0.0286102980
-1.7416606879
0.3502102642
0.6225063730
-0.1748782290
1.0129300433
0.7926596660
0.6345833884
0.3353261752
0.2642924781
-0.2620194941
1.1318624380
0.9511332683
0.3079573493
1.1744960581
-0.4777163442
-0.5856147696
1.4968842841
-1.2085354996
1.2191526427
0.7465089050
-0.5442285412
0.9366357107
-1.0128542338
0.9441037656
-1.2390174006
-1.0564508626
-1.1052323427
-1.3076021270
-0.9591675948
-0.2919588379
0.5716838364
-1.3848977159
0.4143385178
-0.6313589372
0.2144257241
2.0545774084
-0.4384458510
0.5516404687
-0.4653870300
-0.3655388203
0.0580742034
-0.5962827789
1.3522213536
-0.5863003896
-0.4697237888
-2.1956712864
-1.6442756157
-3.1084798675
0.1337673282
0.5495302735
-1.6809516737
-0.6743368946
0.0678704693
-0.0726531909
0.6569837645
-0.2473555507
-0.8267269935
0.6916545169
-0.1904889255
-2.2536673684
0.6674860633
1.1848543584
0.4678692635
1.3062073701
-0.6555369970
0.1599181969
0.3345926213
-1.5907427792
-1.9490218399
-0.1623680071
1.6402631361
0.5545935596
-0.0878021881
0.4919160504
0.6761608089
-1.0528208218
-1.0310551569
-0.1531423848
-0.0968664660
-1.7248228957
2.0845619490
0.1259979275
-0.8146526934
0.1448765237
-1.4033196491
1.2718375268
2.1801261681
0.1356111978
-1.4441200183
0.8154088572
0.9894690705
-1.0584307571
0.4984299303
-2.6590329615
-2.3079480380
0.3499743522
1.4631444689
0.3339206825
-0.6924019270
0.0391348080
-0.1360239845
0.1738338043
-0.0700123575
-1.0551021322
1.8474518359
-0.4734232634
-1.8935448868
1.3816136576
-0.2805148384
2.0180957251
0.0472133942
-1.3127370314
-0.8945636739
0.5255648714
2.1530170137
2.5674994493
0.0621987440
0.5977725586
-0.7850936783
0.3283695796
0.3442700835
-1.4417307882
0.0911728044
0.5570765335
0.3027821878
0.3453172908
0.6923528128
1.0987909105
-0.1141000077
0.3446209817
0.2982179159
0.9128356985
-1.0443735762
0.3695895564
-0.4335098192
-1.8312946810
1.0852849382
-0.7942265370
0.3746759014
1.9529482285
-1.3822674440
0.4086222379
0.0627475036
-2.0600339714
0.6473134142
0.2707445511
0.3160684607
-0.9418054456
-0.6544115679
0.2664122573
1.1034997356
-0.7216747136
-0.9203931914
-2.4565734514
-0.4086410628
0.6521434919
1.1676282886
-0.5721606345
-0.1538326449
-1.5144801031
-1.2201437304
-2.8122656822
-0.4758712392
1.9764715220
1.1470738219
0.6178755527
-0.4575880718
1.1721493778
-1.9077268395
0.2039456101
0.6538861840
-0.4764294709
0.0621752611
0.1754800636
0.8532693154
0.8628847049
0.4027487941
-0.4535210192
-0.2582742056
-1.7830125540
0.4579440917
0.1837766950
-0.9117743969
0.9981412885
-1.7560256014
-1.0774114149
2.4980648749
0.9706583982
1.6580840801
0.2404489001
-0.2899252516
-0.4023565055
-0.7523656837
-2.3816519794
0.8184173800
0.1718130667
-1.2567093001
0.4025425686
-0.9687599166
0.6794024105
-0.2564410682
1.6318625193
-0.4885084594
0.5949940925
1.1777573819
0.4066861557
0.9877276774
-1.4068310916
0.1648413381
-0.6016894257
-0.3574248925
-0.3925934963
-0.1071530525
-0.1557020366
-0.1302399145
0.3609957862
-2.0105780027
0.6904835210
1.5879658440
-0.9015251081
-0.1691457584
0.0939767429
-0.1367659959
-0.0518189029
-0.8583970499
0.3826006079
1.5189868797
-0.4201876869
0.8270281615
0.3974106212
0.8702421938
0.9568030325
-0.3583893329
0.2436473235
-0.4521324007
-0.1797808801
0.8961022833
0.2873912070
0.1034846643
-2.5130498446
0.5442834120
-0.6673455461
1.6218900977
-0.7797646930
-0.1377819847
0.0669358735
-1.1370776321
0.7929723780
0.1676073522
0.4191711437
0.8474459805
1.8281065599
-0.4623075667
-1.1730078877
0.3926627690
-0.4332026372
-0.3100975593
-0.2241437041
1.1594053170
1.2779208108
0.6163471159
-1.0846877031
0.3517070237
-0.0623112702
2.3365843686
0.5986281831
1.5810420125
0.2988408163
0.9296026619
-0.0989832765
-1.0260284854
1.1595434247
0.4365128378
-1.4683739594
-0.8618036088
-0.9985649677
-0.1577088204
0.4941377457
0.3035254514
0.2631899543
-0.9484336506
-0.5263879878
-0.0109282878
1.2780161717
-0.0406643479
0.2176253136
-0.4300633572
-0.5772548094
1.3219771312
1.7404870863
-0.6686440625
-1.3888993767
0.1197284542
1.2953301214
1.6194653025
0.3285599577
-1.2925122830
2.1953161564
-0.1149066951
0.6905036781
-0.7794778595
0.1840152650
-0.7492617829
0.3453486674
-1.0550889794
1.4138671404
-0.1415832525
-0.2432225796
1.5028673969
-1.0913678154
0.4587062377
0.0906052938
-0.7579770159
1.3916168519
0.2489279841
-1.6063309800
0.0301882391
-0.2125643607
0.1071152430
0.7454436687
-2.9571757762
0.6756186976
-1.2250594245
-0.8179047103
-1.6166441983
0.8875843535
-0.2170406470
1.2367074921
-0.8927347722
-1.2998199368
0.3573899888
-0.2628826525
1.1483907243
-2.6213525746
1.9010713010
-1.6830295642
0.5583230996
-0.3690492373
-0.4809992914
-3.2439205023
-0.2417285654
0.0094280286
-0.6336013635
1.3075383074
-0.7846611176
-1.5338102675
-0.4219309319
-0.5003066272
-2.0358795706
-0.8891684883
0.4643768845
0.9685363296
-1.0638836196
-1.0623586749
-0.3599891519
-0.0818498632
-0.0064410892
0.3764234364
0.1292438362
0.3320771746
-1.3917360440
1.7746088129
0.0502245984
-0.9237842538
0.1429946276
1.5362537864
0.6298704190
0.5350167149
1.1177559415
-0.7835787494
-0.3879482692
0.7650866053
-1.2325733907
1.2156261208
0.1119093419
0.2802296390
1.1166767995
0.1855692472
0.0173689299
-0.7173701805
-0.3556175126
0.9750180254
-0.7400654435
1.3231548562
-0.5966560515
-1.4219746593
-0.8167265740
0.1688702057
0.8330262065
1.0587629618
1.5296000454
-0.2021313941
1.4910022543
0.9175866931
1.9231329243
0.1268539881
0.9160200333
-1.9933848341
-0.6515143087
1.5714623525
0.3692905655
0.2256762613
-0.0922378526
1.2278391498
0.4126250425
0.5654132359
-0.6079947601
0.7411085941
0.9999119825
-1.0110692917
0.3198733825
-0.0647757415
0.0600573911
-1.4239184033
-0.1902897875
-0.5587612558
-0.1436271204
-0.1230583970
-1.1032995449
0.6478819174
-0.3495343839
-0.8162867192
1.3156283743
0.6197875116
-0.8252340494
0.2541865970
0.4025388025
0.8540000147
-0.5706227548
1.4550096172
0.3239864491
-0.8480137166
0.8840435023
-0.1414508966
0.0819242425
1.5193617432
-1.1794378853
0.1263074812
0.3878953337
-0.0068016051
-0.2590543953
-0.6927913699
1.6040360130
0.4181040387
-0.4530893100
-0.3442240204
0.0253820490
0.2220101890
-0.6056502220
2.0980359313
0.0985444667
-1.0617357396
0.2717076937
-0.8745223914
-0.0407890835
0.9151105305
0.0805824654
1.0441060888
0.1132142951
-0.9906164213
-0.0551615568
0.5299322035
1.0917740239
0.9675397088
1.3383548108
1.0582000024
-2.3639277386
1.3435066077
1.1218861323
1.6222781990
0.7950192599
1.2299729422
1.6448484520
-0.0900493568
0.2197623759
-0.5206567861
0.4092589003
0.3387618375
-0.0496825720
-1.5422473265
1.0825003254
1.2654111537
0.9191195508
-0.3456354292
0.0157355167
-0.0690909615
0.5427349179
0.0588240851
-1.4019067675
0.6849631072
1.3663803773
2.0076872378
0.2072753169
-0.9551360009
0.0703840869
0.1526696201
-1.3037792869
1.4480012842
0.5055844410
1.3982512196
-0.2133565415
0.3364422995
-2.6112043072
0.9876492621
0.9266171988
0.3929877003
0.0684883584
-1.3882799939
2.1314074085
-1.6728135776
3.5795917724
1.1930952484
0.9857882181
