14 8 0.14
7 0 2 1 0 1 1 1 2 2 1 2 2 3 1
7 0 0 1 0 1 1 2 0 2 1 3 0 4 0
4 0 0 1 0 1 1 1 2
5 0 0 0 1 1 1 1 2 2 1
7 0 0 0 1 0 2 1 1 2 1 3 1 4 1
4 0 1 1 0 1 1 1 2
10 0 1 0 2 1 0 1 1 1 2 1 3 1 4 2 0 2 1 2 2
8 0 1 0 2 1 0 1 1 2 1 2 2 3 1 4 1
0 6
1 7
4 9
4 2
7 8
6 10
1 4
0 3
0 0 0 0 1 1 0 0 1 0 0 0 0 0
0 0 0 1 1 1 2 2 1 0 0 0 0 0
0 0 0 0 2 2 1 3 3 0 0 0 0 0
0 0 0 0 2 1 1 2 1 0 0 0 0 0
0 0 1 1 1 0 0 1 0 1 0 0 0 0
0 0 0 1 1 0 0 1 0 1 1 1 0 0
0 0 0 1 0 0 0 0 0 0 0 1 0 0
0 0 0 0 0 0 0 0 1 1 2 1 1 0
0 0 0 0 0 0 0 0 0 1 0 0 0 0
0 0 0 0 0 0 0 0 0 1 0 0 0 0
0 0 0 0 0 0 0 0 0 1 0 0 0 0
0 0 0 0 0 0 0 0 0 1 0 0 0 0
0 0 0 0 0 0 0 0 0 0 0 0 0 0
0 0 0 0 0 0 0 0 0 0 0 0 0 0
1.8413905386
0.7367470927
-2.0999424664
1.0528966398
-0.1072965490
0.4873406274
1.0805694436
0.7911547625
-0.7187345459
-0.6530157217
-0.9761298065
-0.0733726762
-0.3844923269
0.6506144390
0.2175482765
1.3850575652
-0.4552597847
-1.5584727249
0.7439697661
-0.1834808557
-1.1635809322
-0.2484908368
0.2395216871
0.7074507976
-1.1973520934
-0.8392292535
-1.1221300410
1.6201949283
-0.0283682902
-0.4965110413
1.0640721179
-0.5187415133
0.3358817341
-0.4559199424
-0.4716453209
-0.4204260589
0.2695508834
-2.3149178786
0.6462110819
-0.7305489117
0.5750749540
0.0622738196
1.1356864699
0.1658220714
-2.1800800198
-2.6652580261
0.3172069746
-1.4083456153
0.7681703022
0.3981791184
-0.0353097301
-0.7923192523
-0.4406750081
0.6337341929
0.5262489372
-2.7878658057
-0.2195266646
-0.9616154125
1.2567452991
-0.9764669302
0.7519545968
-0.5022614828
-1.2491081805
1.3747969429
-0.6125092824
0.2687003885
-1.1508034410
0.1447354128
0.8552225423
-0.0298595045
1.0756346447
0.5337149136
1.0716367002
0.1830666659
-0.3408725415
1.3498878431
0.8216913104
0.6388416501
-0.9987766146
-1.1846706124
0.1693612676
0.7257816945
1.5633444277
0.9758119772
0.6912373090
-0.2034432716
-1.9918644025
-1.7191852988
0.1207383205
-0.7830154081
-0.1539993156
1.3895275594
-1.7455514566
0.8190392717
1.0682974252
1.8131860478
-2.4152984520
-0.1148019520
-0.1730925053
0.2985125803
-1.4303012892
-1.0146837772
1.5007490340
0.1894785636
0.0569380747
0.2497735469
0.2341722280
0.3806397686
-0.0993143623
-0.2864413848
-0.8085720326
-1.1370975021
1.2271666984
0.2699760860
-0.2333727435
-0.4757787608
-0.2002975410
-1.3662513861
0.3968103264
0.0122351368
-0.1754244534
-0.3564509308
-0.1985048502
-0.2601306382
0.4001540698
-0.8266493749
-0.1605807572
2.2005492487
-2.0279333667
0.1640569517
-0.7183998401
-1.7146781767
-0.2932351905
2.2728231232
-0.6614001155
0.1567300184
-1.0606116978
-0.5390027604
1.1868087354
-1.0968726356
0.3895229197
0.8455628118
1.1298763976
0.8721084497
0.3897739156
1.4372952053
1.6211606082
-0.4318882954
-0.4234307672
0.1769940622
-0.5316079621
1.7635731975
-1.4735868358
0.4565110511
-0.2591901575
-0.3969267778
-0.5456231926
-0.7510919250
-0.5825260834
-0.7973307193
-0.2339297856
0.3720427100
0.4433276415
-1.3141842127
-2.1602347593
-0.1066115254
-1.7092428797
-0.8394803505
-0.9466803272
1.0439116874
0.6652587418
2.1145008100
0.4653235079
-0.1484040758
0.3213931031
-0.3652549664
0.4346149323
0.5878544274
-0.8274287486
-1.0041906140
-2.1594231889
-0.4592669900
-1.7214440614
-0.4606305163
1.2477819324
-0.0457897687
1.2321857673
-1.5585287157
0.3412374244
0.4038370299
0.0087389420
-0.6208243049
1.0265541512
-0.4416111503
0.1121963626
0.3200881239
-0.6685918121
0.5617512155
0.5076651069
-0.1452487237
0.8863958625
0.4386885604
-0.3576526199
1.0805923793
-0.4960099447
-1.8984449854
-0.4546514688
1.0989320117
-0.1008708446
-0.5862007817
-0.7339243674
2.1102983855
0.2237099351
0.6935982572
-0.2257530308
0.5051983467
1.1924669009
0.5663655177
0.3851551547
1.2844225526
-0.9830185392
0.1406564900
1.4338625075
1.0665462369
-0.7959905374
0.7545275451
-0.7418058863
-0.5341129879
-0.5563955486
-0.4669129972
0.7619655075
0.3278677813
0.8275534358
0.3170394773
-0.3399272046
2.2036213075
-1.6484246416
0.2766281381
-0.4419536293
-0.8326241282
-0.6137918674
-1.2153060332
0.0989301289
0.1713882301
-0.9856990740
0.0830438927
1.1586942989
-1.4486493594
1.0217048222
0.0444964805
0.1713851477
-0.5797441192
0.1499073266
-0.1191283678
-0.7903414804
1.3766976321
1.1713018524
0.7032955674
-0.2484368785
0.7793828498
-0.2640864279
0.4777282359
-1.1473936002
1.5876102755
1.3409225140
0.3610866075
0.5961807921
-0.7219403900
-1.4543556021
-0.0913368134
-1.9925321671
-1.3727854287
-0.4721703263
0.9275815916
-0.5749411445
-1.3966515876
0.0685306105
-0.7899677741
-0.3223273753
0.1244088256
-0.6972616249
-1.1789029316
-0.8276976763
-0.5974490833
0.9683404644
-1.2216475301
-0.9569819754
0.6423291844
-0.6801577251
-0.0248794651
-0.7766401392
-0.7886403572
0.3741555030
-0.8303149762
-1.1455915127
0.3360742947
-0.1791287962
-0.4047445315
-1.2147284954
-1.5406073757
0.6420950957
0.0912409860
1.9519420202
-0.7163477458
0.1407113636
1.3096163207
-1.1525682221
-0.5927912313
-0.5643951699
-1.3746702090
-0.5840831880
0.7507664848
-1.2778434900
-1.4945039255
0.1985745871
0.6152768329
0.1523553888
1.3372641881
-1.7559383695
-0.0943706637
-0.8723566994
-0.3322433558
2.1161810122
0.5112082249
0.0865353025
-0.4353529306
-0.1279073088
0.0085384436
0.0490769395
-0.2656697638
-1.0014420307
0.1997168175
-0.5677963464
-0.8329985075
-0.1329215336
0.1422789062
0.3176557067
0.0471609085
-2.3452531923
-0.8660884507
0.2402629660
1.7147672804
0.8028197425
0.0640392022
0.6666624869
0.7726572615
0.6358237993
0.1737922997
-0.5542101409
1.2763810954
1.4953908020
-0.8081249719
1.0766640540
0.2722070310
0.0288359605
1.4121043656
1.2333521855
-0.6347783323
-0.0068816562
-0.1289451441
0.1338395468
-1.0811640973
0.3412131098
-0.1279773968
0.3320921210
0.3311134628
0.6732180826
-0.8519246672
1.0615061622
-0.8654775813
1.2814338119
2.7493370967
-1.2471756585
1.2240475104
-0.0167307506
1.5405674402
-0.7455327808
0.9613673287
-0.0008909743
-0.6668306794
0.4908547895
2.1044622457
-1.7539725211
-0.8936610684
-0.0177514568
0.5881865355
2.0651283926
-0.7450935991
-1.1911922273
1.1017662059
2.8813891344
-1.0049869187
