10 4 0.09
7 0 1 0 2 1 0 1 1 2 0 2 1 3 1
8 0 1 0 2 1 0 1 1 1 2 2 0 2 1 2 2
5 0 1 1 0 1 1 1 2 2 1
6 0 0 0 1 1 0 1 1 1 2 2 0
2 0
0 5
1 0
4 4
0 0 0 0 0 0 1 1 0 0
0 1 0 0 0 1 1 1 0 0
1 2 2 0 0 1 1 1 0 0
1 2 0 0 0 0 0 0 0 0
1 1 0 0 1 1 0 0 0 0
0 1 0 0 1 1 1 0 0 0
0 0 0 0 1 0 0 0 0 0
0 0 0 0 0 0 0 0 0 0
0 0 0 0 0 0 0 0 0 0
0 0 0 0 0 0 0 0 0 0
2.1936600759
-0.2872518999
0.9334178552
0.8704919845
1.7764099516
-1.9756201624
1.8689190690
-0.2465205806
-1.0224215755
0.1273676926
-0.8659083454
-0.5936839742
-1.2100764118
1.7675823693
1.4001618657
-0.9034725230
1.4320460959
0.3209373729
-1.0208308417
0.3079012285
-0.4138117824
-2.4666619985
1.4849531634
1.3125710992
0.2927861250
-0.6197972750
1.9204857102
-0.3003181001
-1.6815485175
-0.2596346460
-0.6237911231
-0.0179236537
-0.4627532255
1.8459278852
-0.5399524477
1.0540321335
-0.2903323188
0.2900664504
0.1418091975
0.2997178677
-1.2313793760
0.9730262111
0.0216122758
1.2114772710
-0.7303108948
0.2502931785
-0.1171265389
0.5160908693
-1.5257890852
0.1806775092
-1.7804125061
-1.1577730615
0.1494336772
-0.4541746122
-0.3221574631
0.4685486071
-1.2843307798
0.7596133906
2.5048655777
-0.7581859609
-1.1982236548
-0.5510414866
-1.9512201393
-0.5229023050
-0.4087781578
0.1242282563
-0.5858114164
1.1318586244
-0.0604304872
0.0209068868
-0.2212863822
-0.5532785404
1.1454485492
0.0791613179
0.4357376345
-2.1298839565
-0.6770109016
-0.5021111680
-0.4145921114
-0.1245476402
-1.6983890051
0.9393337224
-1.3223896010
0.5116849617
0.3522468166
1.8732991063
-0.8072361022
-0.5289815095
-0.2072995558
0.7900013840
-0.0554742036
0.5933680195
-0.4179587173
-0.6641156029
-1.2728949829
-0.9791949232
-0.3302771253
-0.0627658161
-0.4030786506
-1.1666120689
-0.3752252252
-0.3671742522
1.1955919078
-1.3791886024
-1.0852349312
0.9431411569
-0.9865179189
1.0463402485
1.1803048865
0.0831774701
-0.3872047186
-0.0589201529
-0.8159917648
-0.6372092428
0.5294951514
-0.0264992919
-0.5700154634
0.6823316601
0.4521931103
0.6135004272
0.1221757578
-0.5520289019
1.4659016700
-0.1613562384
0.4805989324
2.3344685411
-0.0967527939
1.0088342393
1.1710960789
-0.6288389022
-0.5263254649
1.7556129647
0.7388233102
-1.9239523863
1.1931934263
1.3101799678
0.8510885746
-1.5249669778
0.7254844754
0.2229728296
-0.8941694273
0.6011343116
0.0341494041
-0.8368092251
-0.2789387712
-0.9083009770
-0.5740721614
1.5630033262
0.5942597426
1.2286384309
0.6183416472
-1.9735205760
1.0121100904
-2.3944941910
-0.5792169260
-0.3323382139
-2.3372824084
-0.9135445493
-0.4615724855
-0.3328973680
-0.6422663129
0.1692022174
0.9790060165
-1.4294003679
-0.2717673302
0.1375114522
-0.8792243698
0.3019507033
1.3904287755
0.3944950888
2.0209030679
0.0425570992
1.7310132056
0.8116866549
0.1129853104
-0.2622464851
-0.9027768724
-0.3635123513
-1.4329184608
-1.5085411136
-1.6851071398
-0.4165722374
0.3733534015
0.1387552075
0.0402161548
-0.4987362129
-0.4197925749
-1.5055434758
-0.2022532133
-0.4385138483
0.4450102508
-0.9087918161
-0.3554821596
0.9437595014
0.1962781466
1.2127026572
-1.0828844159
1.2248023759
-1.1231235655
-0.7289159444
