12 3 0.20
20 0 1 0 2 0 3 0 5 1 1 1 2 1 3 1 4 1 5 2 1 2 2 2 3 2 4 3 1 3 2 4 2 5 0 5 1 5 2 6 2
25 0 2 0 3 0 4 0 5 0 6 1 1 1 2 1 3 1 4 1 5 2 0 2 1 2 2 2 3 2 5 3 0 3 3 3 4 3 5 3 6 3 7 4 3 4 4 4 5 5 5
26 0 1 0 2 0 3 1 2 1 3 2 2 2 3 2 4 2 5 3 0 3 1 3 2 3 3 3 4 3 5 4 3 4 4 4 5 4 6 5 4 5 5 6 4 6 5 7 2 7 3 7 4
2 0
1 3
1 1
0 0 0 0 0 0 0 0 0 0 0 0
0 0 1 1 1 1 1 1 1 1 0 0
0 1 1 2 2 2 1 1 1 0 0 0
0 1 1 3 3 3 2 0 1 0 0 0
0 2 2 3 2 1 2 1 1 1 1 0
0 1 1 0 1 1 2 2 1 0 0 0
0 0 1 0 0 1 1 0 1 0 0 0
1 1 1 0 0 1 1 0 0 0 0 0
0 0 1 1 1 1 0 0 0 0 0 0
0 0 0 0 0 0 0 0 0 0 0 0
0 0 0 0 0 0 0 0 0 0 0 0
0 0 0 0 0 0 0 0 0 0 0 0
1.5226605921
0.9425347669
-1.6046773954
-0.5497283074
2.4260592229
-0.8559076525
-1.7275991605
-0.9965373871
0.1609178865
1.0624839426
-1.9953546943
-0.0191849293
-0.2558453514
-0.6865996657
-0.5824168583
-0.7087898401
1.4890220240
0.8001014970
0.4333706363
-2.9627724534
-0.0651917143
1.7784713876
0.5108433190
0.3640002070
0.4480621827
-0.7882857877
0.5248931643
2.4427390395
-0.6787152068
-1.4929666030
-1.0251314819
1.1736350099
-0.4950511304
1.3928876964
-1.2228564268
-1.2073703352
0.9841846005
0.2397135329
-1.1179684580
-1.8079746694
-0.0006441594
-0.4118487314
-0.7447305414
-0.8677543764
0.3204250851
0.9270502798
-0.6865505897
-0.2954462195
1.3314480966
-0.0676808060
1.0357909559
2.9233908333
-1.8746035057
0.7485969676
0.9649862601
-0.2481202414
0.2926075326
1.4274535379
-0.8172469853
1.3110365186
0.1587090028
-0.6776395557
0.7274471467
-1.0033725494
0.3165590321
-1.3145586428
-1.1606688135
-1.2488648919
-1.2537034263
-0.4522160075
-1.2707983835
0.5761803937
-0.9690461565
0.1946121251
-0.8636436707
1.1255648165
0.3708298484
2.2837460425
-0.4010754861
0.0793176297
-1.2683937813
-2.3364299539
0.4785778689
-0.5333910764
-0.6485402062
1.5588262754
-1.3759708633
-0.0404475939
0.4379927620
-1.9086878987
-0.5418235182
0.2854273686
-0.9663679683
0.3601000719
-0.5410001991
-0.7575855449
-1.4664739069
0.1944770091
-0.3524122904
2.5621870416
1.0553338962
-0.4610216478
-0.7473851713
0.8450995488
1.6522091895
1.5575255101
0.5584016536
1.7095244732
-1.1143796341
-1.3025457232
-0.8527302877
0.2653633812
1.9613872158
-1.7166279393
-0.9113388169
0.3877661292
0.8921228202
-1.6019353960
-0.7278836299
0.4407861061
-1.1017024380
0.1604978050
-0.1859187293
-0.8607901397
-0.6522448988
-0.9124539441
-1.4737802380
-1.3523514641
0.4230329779
-0.0279802849
1.1548560669
-1.1343341779
0.3643228896
-2.5884957628
0.6317931248
0.9612333548
-0.3506927193
0.9592249066
-0.0599402205
0.9613349467
-0.2159586169
0.2216646636
2.5974735657
0.4713128880
0.5488145187
-0.6130310191
1.2980254926
-1.6280561595
1.0991571807
-0.2669795382
-0.3060518932
1.0151759729
-0.6286763347
0.8115580186
-0.9062764436
-0.0959193497
0.8486972991
-1.3538388781
-1.2326591993
0.3060465664
-0.1810141953
-0.4437315413
0.0453556234
-1.3093274987
0.3633146194
-0.5684336499
-0.7227965459
1.3723281770
0.1742174746
0.9030369855
-0.0967841029
0.1607179228
0.6468952951
-0.0776625446
-1.5352385252
2.4118720465
-1.0021737824
0.7447934640
1.1339093611
-0.7169432153
0.6759518071
-0.6198500260
-0.5916117895
0.4351448372
-1.6930574359
-0.8173101949
1.6317112365
0.2967777954
0.4368720433
-0.4301910801
-0.5454103984
0.6720853335
-0.0820732666
-1.5058714486
0.6961337971
-0.1597648649
-0.4556851643
-0.9600816253
0.5417906653
-0.5968317750
-2.0679154128
-0.6004934094
-0.8918703674
-0.6224032715
1.2473852945
1.7132487690
1.4771224039
0.9713781770
-0.0282507081
0.1616407131
0.1598128590
-0.2516341201
0.2204780874
-1.0339230071
-0.2677565532
-0.5348589380
-0.1641873843
2.6454385535
1.0498806963
-1.9556985658
-0.5770792795
-0.7283993683
0.3021834355
-0.4163393566
0.4375475305
-0.2439958608
0.3090054426
-1.5963616131
0.7057151069
-0.3462582683
1.0919618420
-0.9014981601
0.1657006468
0.9690105780
-0.7458919298
-0.0887044554
-1.3579358669
1.0645084005
0.2644098499
-1.0279141867
-0.6659056964
-1.5059581903
-0.3783612055
-0.5750745111
0.8453520335
-0.3563420679
-1.7699784466
-0.0460894207
0.2938074168
-1.3455216982
0.3180079313
-0.5401256241
-0.0543788477
0.9121703506
-0.9167178178
-0.6321267322
2.2236125634
-1.1752989102
-0.4530224891
1.5345915006
2.3903143320
-0.5633996301
-0.9182122499
-1.6736554776
-1.3064986923
-0.3316321006
0.3950032996
-0.0632890203
-0.2146618865
1.3534927988
0.4924485240
0.6285901788
-0.7322277649
0.1734840248
-2.0453764023
0.4792826359
-0.2086422473
-1.8935965605
-0.8082271166
-0.8777145594
0.3237367213
0.0119379513
-1.6962586515
-1.0576008544
0.2847158635
1.4540526231
-1.3461273210
-0.3930864423
