15 9 0.06
5 0 0 0 1 1 1 2 0 2 1
5 0 1 0 2 1 0 1 1 2 0
5 0 0 0 1 1 1 2 0 2 1
5 0 0 1 0 1 1 2 0 2 1
5 0 1 1 0 1 1 1 2 2 2
5 0 0 1 0 2 0 3 0 3 1
5 0 0 0 1 0 2 1 1 2 1
5 0 0 0 1 0 2 1 0 1 2
5 0 2 1 0 1 1 1 2 2 0
3 0
1 7
6 12
12 11
10 4
9 12
3 8
10 7
0 6
0 0 0 0 0 0 0 0 1 0 0 0 0 0 0
0 0 0 0 0 0 1 1 2 1 0 0 0 0 0
0 0 0 0 0 0 1 1 1 0 0 0 0 0 0
1 1 0 0 0 0 0 1 1 1 1 0 0 0 0
0 1 0 0 0 0 0 0 0 1 0 0 0 0 0
1 1 0 0 0 0 0 0 0 1 0 0 0 0 0
0 0 0 0 0 0 0 0 0 0 0 0 1 1 0
0 0 0 0 0 0 0 0 0 0 0 0 0 1 0
0 0 0 0 0 0 0 0 0 0 0 0 1 1 0
0 0 0 0 0 0 0 0 0 0 0 0 1 0 0
0 0 0 0 0 1 0 1 1 1 0 0 1 0 0
0 0 0 0 1 1 1 1 0 1 0 0 1 0 0
0 0 0 0 0 0 1 0 0 0 0 1 1 1 0
0 0 0 0 0 0 0 0 0 0 0 1 1 0 0
0 0 0 0 0 0 0 0 0 0 0 1 1 0 0
-0.4003661445
0.8128881144
-0.4848689557
-0.8881591854
-1.9741097895
-0.0480478554
-0.0988098600
0.9827278419
-2.1206490849
-0.3662911917
1.0006001192
1.9417564747
-0.8928599107
0.1309542883
0.8254867684
-1.8161448986
-0.7510128687
1.5123613648
0.5998528926
1.5324128534
-0.0557332746
-0.4729649487
-0.5884119664
0.5724190502
-0.5616622492
0.6571373441
0.4198876250
-0.6470904960
1.2016236979
1.4838318225
1.8485751548
1.6792562343
0.0717598549
-0.2641598396
-2.4640574882
-1.1417870006
0.8895344984
0.1978356793
0.2693689882
-0.3991334430
0.7907110777
-0.1513495223
0.3792343453
-0.3556195419
0.4826038997
1.0540573088
-0.4339175635
0.4704535325
-0.4622381558
0.3827748948
1.8009199397
0.8120872285
-1.4406453155
-1.1066685623
0.7893055709
-0.6343208366
-0.7530255275
-0.0671127766
1.0598177791
-1.2432511712
-1.1643865672
0.6641657245
0.7110076952
-0.8252252787
-1.8938242530
0.4864307589
-0.9741129557
-0.0257383848
0.9641541432
1.2169986725
0.4311512375
-0.5529289395
-0.4450880689
-1.3076634245
1.8041374874
1.1038521044
0.4797135905
0.5978643781
-2.2434422754
-0.1183827647
0.3228409896
1.6323619214
1.2952751413
-0.4985139332
-0.1255718803
0.0632797581
-0.2363963279
0.8434840526
0.9872307871
-1.3016395676
1.8609372736
-0.3521831044
0.0965058289
1.1850419178
-0.2910674188
0.7235979692
-0.0009830661
0.1377171917
1.1042273663
-0.0574013404
-0.7060421045
-1.2251945510
0.2916461512
0.2370125866
-2.4270497338
0.1689611824
-0.6426174466
1.2081567675
-0.1264251735
0.9073872828
0.4574180913
-1.0254275142
-0.1027522340
1.4433471380
0.7468674251
0.2718910903
-1.2589592478
-0.8711608195
0.8743470401
2.0481551220
0.3252993742
-2.1475381930
-1.5241943962
0.6590196428
-0.8595211861
0.1063669168
-0.6294641249
-0.5442717623
-0.5255512143
-1.7349783809
-1.8888511705
-0.0477248649
-0.7904334415
-1.4610807610
1.6543241031
-0.3561414589
0.3157065397
1.0023863452
1.5128034221
-1.2106798691
-0.5759634366
-0.3129727801
-0.5755890265
0.1739682802
0.5675183604
-0.4145156421
0.9895076198
0.3941881774
0.3218128597
0.7858977521
0.4111851034
-1.9014205038
1.3679084188
1.8742198006
1.9424056968
-0.0623689806
-0.1603576510
-0.0823494839
-0.7642472289
0.6011655840
0.5799594528
-0.4466499830
-0.2048795216
0.5641785130
1.6438120762
1.4064068966
-1.2167521656
1.5964340201
1.7067414465
-0.0796615047
-2.0387727278
1.3653475896
0.1730445617
-1.7898853012
-0.8848783854
0.5250357230
-0.2242719241
-1.3078072419
-0.5087471551
-2.0804317628
0.7611905721
0.9135001066
1.3021533844
0.6060508324
-0.5368281507
-0.7188876665
-0.1419504880
1.1533484816
-0.2613986932
0.8155336270
0.0230930942
1.9640052919
-0.3334932210
1.6076718548
0.3119392995
0.1748321815
-0.2855402056
0.7711547678
-0.8130964052
1.0051952215
-0.1269657195
0.7284105190
-1.0895592855
-0.6102874941
1.5388612804
0.6561626294
0.6861909809
-0.4871384542
0.7063262893
0.8253839044
-0.6704812370
-0.5170430355
1.1056521223
-0.1519572198
-0.2261361232
-0.5919005113
0.6827524840
-0.9983131343
-1.6278333980
0.7601438915
0.0453590072
-0.1158408378
-1.3318051619
0.7568677107
0.9104440827
-0.0393568420
0.7397462331
-0.3384848988
-1.6727054229
0.6783929903
0.9027896541
-2.1295026052
0.0599260764
1.2401417584
0.8308389202
1.6957107318
0.3179016134
0.9898801574
0.9591785303
0.8445442734
-0.1234094221
-0.0513832597
0.5231821165
0.5850266397
0.1704983142
1.1870194248
-0.1494230896
-0.8635924882
0.0308983583
-0.0535417438
-2.3800060320
-0.7347555512
0.2727144766
-1.4508187818
0.1517261122
2.0893267760
-0.0077016040
-0.0352573578
0.8088850785
0.0751593469
-0.9142660896
1.1895849527
0.9564731915
-0.4170882005
-0.5579508642
-0.4026313235
0.1884493894
-1.7410394504
-1.1164827723
-1.3737238692
-1.0957497770
0.6024126581
0.9978170165
0.4595375681
1.8405424712
0.2676950119
0.5002658106
1.3236627685
-0.2433831856
-1.2248504285
0.7783733587
-0.0276418644
0.9776856513
0.6148393720
-0.0592183924
0.0998939724
-0.3537651224
0.5527758877
0.2115427147
0.9210390895
0.1966525080
0.2056470615
0.1005091311
-0.2001977262
-1.5678014631
-0.0043887893
-1.3298453418
-2.0105472417
0.4330116329
0.5523297874
1.8990170473
-0.8988694400
1.3075094955
0.2440091796
1.2717627863
1.2232574261
-1.4754068650
1.0302938584
-1.4688712755
0.1287325201
0.7209441794
-1.8204956488
0.5827756414
-2.0396929223
1.0111324259
-2.1856583474
-0.4511662801
-0.2580469496
1.9411967289
1.0469484518
0.0595702580
1.1936213918
-0.3406501950
-0.1301768680
-0.4552773944
1.8356254004
-0.7038689890
0.1477421191
-0.6071101672
-1.1722738857
2.1374569846
-1.3477935106
0.9027142085
-0.7875998654
0.6322495134
0.5829361604
0.8285622468
1.2571458213
0.1265604341
1.2424476227
-1.9104389872
1.0559369992
-2.5686789753
1.6124380760
1.0861892625
1.4257282699
-0.5392408635
0.7943642125
-1.8542385086
-0.5693982910
0.6959110795
0.5027714142
0.8299360283
-0.2424623706
1.4273366840
0.5755064402
-1.0144848611
1.3157585957
-0.2494349355
-0.8681216000
-0.7309940998
-1.7083458350
0.3200711396
0.8748592924
-0.3662898910
0.1868072306
0.4561856745
1.0203682957
0.0578030435
0.2443512370
0.1645920565
-2.4497512614
-2.1592445993
0.1068439981
-0.3621314978
0.7567063008
0.4542480097
0.3918102520
0.7255397353
0.0917588507
-0.4437701610
1.4766778643
1.8034966114
-0.0224634288
1.0791637972
0.7398606162
1.8591090203
0.9119942082
-1.3303987640
0.6509807065
-1.5865315746
0.8607613603
-0.5288559025
-0.8791062741
-1.3025434200
-0.0266053382
-0.1970209942
0.0601361110
0.9082450041
0.2714082699
-0.1883694641
-1.0730679878
2.2706366572
1.0147220098
0.1385888199
0.2547918909
-1.1988679429
0.0077207846
0.1489912651
0.6404650782
0.0994108750
0.0679295346
-1.8332184827
1.0623800707
0.3355150879
-1.8237913856
0.4245549154
-0.8954023038
-0.0278740318
0.7860795610
0.0561458666
-0.2121355406
0.2991225160
-1.4517550311
-0.2484235570
0.6795448536
0.8000303918
-0.1690816976
0.6164782650
-1.1187857586
-1.3825005173
0.0821634978
-0.1995347731
-0.9135606868
-1.8883434860
0.1465698636
0.8537924518
-0.0564080617
-0.3393102950
0.3736911028
-0.0615972541
1.6201377086
0.2342311283
1.0021007905
0.8208340744
1.2328089058
0.4532731238
-0.4640569158
-1.3262644391
-0.7647262120
