18 7 0.10
17 0 1 1 0 1 1 1 2 1 3 1 4 1 5 1 6 2 1 2 2 2 3 2 4 2 6 3 2 3 3 3 4 4 3
16 0 2 1 0 1 1 1 2 1 3 1 4 1 5 2 1 2 2 2 3 3 3 3 4 3 5 4 3 4 4 4 5
17 0 2 1 2 1 3 2 2 3 1 3 2 3 3 3 4 3 5 4 0 4 1 4 2 5 2 5 3 6 1 6 2 6 3
13 0 1 0 2 0 4 1 1 1 2 1 3 1 4 1 5 2 0 2 1 2 2 3 0 3 1
17 0 4 1 0 1 1 1 4 1 5 2 0 2 1 2 2 2 3 2 4 3 0 3 1 3 3 4 2 4 3 4 4 5 2
12 0 1 1 0 1 1 2 1 2 2 3 0 3 1 3 2 4 0 4 1 4 2 5 1
15 0 1 1 1 2 0 2 1 2 2 3 0 3 1 3 2 3 3 4 0 4 1 4 3 5 0 5 1 5 2
4 11
7 2
0 9
0 7
6 3
1 3
1 4
0 0 0 0 0 0 0 0 1 1 0 2 0 0 0 0 0 0
0 0 0 0 1 1 0 0 1 1 1 2 2 0 0 0 0 0
0 0 0 1 1 1 0 1 1 1 0 1 0 0 0 0 0 0
0 0 0 0 2 2 1 1 1 0 1 1 1 1 1 0 0 0
0 0 0 1 2 2 1 1 0 1 1 1 1 0 0 0 0 0
0 0 0 1 2 2 0 1 0 0 0 2 2 1 1 1 1 1
0 0 0 0 2 1 1 1 0 0 1 1 2 1 1 1 0 1
0 0 0 1 2 0 0 1 1 0 0 0 0 1 1 1 0 0
0 0 1 2 2 2 2 2 0 0 0 0 0 0 1 0 0 0
0 0 0 2 2 1 1 0 0 0 0 0 0 0 0 0 0 0
0 0 0 0 0 2 2 2 0 0 0 0 0 0 0 0 0 0
0 0 0 0 0 2 1 1 0 0 0 0 0 0 0 0 0 0
0 0 0 0 0 0 0 0 0 0 0 0 0 0 0 0 0 0
0 0 0 0 0 0 0 0 0 0 0 0 0 0 0 0 0 0
0 0 0 0 0 0 0 0 0 0 0 0 0 0 0 0 0 0
0 0 0 0 0 0 0 0 0 0 0 0 0 0 0 0 0 0
0 0 0 0 0 0 0 0 0 0 0 0 0 0 0 0 0 0
0 0 0 0 0 0 0 0 0 0 0 0 0 0 0 0 0 0
-0.7674335156
-0.3710023551
1.0989054884
0.9281681313
-1.5420063254
0.6939628564
0.5156255033
0.6574634031
-0.0848655204
-0.5864164257
0.7039394381
0.3857802253
-1.3625081654
-0.6172760233
0.2358900101
-1.2267721904
0.6977020360
0.6251730915
-1.4839878977
0.2190033117
-1.4825230092
0.1308216384
2.2648115492
-0.6272062662
0.3578544333
-0.6968166920
-1.1734247510
-0.5438050332
-0.0071410905
0.4235576190
-2.4528281111
-1.4918583746
-0.8608845185
0.0229086414
-0.7532999187
1.1392485811
-1.4995223439
-0.9796666197
-0.6993511452
0.6575884013
-0.3867305182
-1.5324751741
0.8406663885
-0.1792480528
-0.5564479598
-0.0057141404
0.3126339130
0.6626056183
1.6551772649
0.3494081322
1.4388584294
-0.1348505337
-1.0012010771
0.3502402480
-0.9701122803
-1.3696160465
-1.1956751552
-1.8994441409
1.8985077443
-0.3625181356
0.7171890567
0.3887543110
0.7770315389
-1.1259882160
0.1998350377
0.9246074384
0.4212923591
-1.0073820758
0.1454373130
-0.5284231845
-0.9193689100
-1.3515922437
1.7338750156
1.9228666520
-2.0167811404
-0.8574754436
-0.4663731099
0.9830775787
0.7644299064
0.6053743674
3.1677355520
-0.0313562384
0.7730456040
0.3464016014
1.0505642346
1.1183279350
-0.7955854937
0.9191589179
0.2715069260
-1.0802909030
1.0390738108
0.0105261548
-0.8105022059
-1.2157318010
2.2474760983
-2.1512896154
0.4205780866
-1.2080863441
0.0582031319
-1.7199470854
-0.7339631108
1.3886105667
0.6535154778
0.6685594702
0.9932502431
-1.3892076654
-1.0826862661
-1.2048621240
-1.3910137276
-1.2154051850
0.0155330912
0.9503122271
0.2722455327
-0.9466759263
1.7442738253
1.0267942303
0.3662040636
0.7588681447
0.1784077453
0.1144403128
-0.0508486738
-0.6941773576
-0.7299558373
1.3920260385
-1.1796477052
0.9326876665
-0.5095448347
-0.1785509946
-1.2905024192
0.2113843800
0.7295105818
-0.4050722378
1.0181723945
-2.3671353677
-0.2100931745
-0.7856680677
-0.9068688883
-0.9509978603
-0.7805874215
-0.8313093393
-1.8000576768
1.9645232208
-0.2168553113
0.5981026309
0.1816725089
-0.0792281004
-1.0015678612
0.1852004706
2.2079029208
-0.3923763208
0.4901252461
0.8798124061
2.1733124343
-0.4712582920
0.7687758981
1.4994368823
-0.9437970428
-0.7816690455
0.3676758285
-0.0106720013
1.7965397037
0.1308266507
-0.2067216139
-2.7095453516
-0.0399810924
0.6057110088
0.9861998942
0.9634334070
0.6174703135
0.4430183232
1.7967078430
0.1000553656
1.3884585985
0.5488593629
1.0724431007
1.6110453580
0.7051221180
-0.3880227665
-0.5243216454
-1.2931694413
0.9090926901
0.0164779749
-1.5063919809
-0.2225667729
-0.5257965849
0.4174659469
-0.8782470782
-0.1991047673
0.8062204044
0.0265219641
0.6198003707
0.4710374283
-0.5133234700
-0.7022939834
-0.9879794121
1.1806117932
-0.1308850801
-0.4726612087
-0.0640061296
0.1284039820
-0.6831494459
0.9413329910
-2.1164165545
0.7350158388
0.3604183459
-1.1298163568
0.4811135363
-1.3945786067
-2.4083763680
0.4682369359
0.9249018065
0.0252486664
0.3615954107
-1.0194213189
-1.3625974770
-0.8398104864
-0.6078228123
-0.0231076556
0.2952764901
1.2091790798
-1.0763114086
-1.5382241100
1.5843620703
-0.0397675810
0.3847606701
-0.0934919182
-0.5808976259
0.9865519164
1.1384852606
-0.3016385233
1.0111011833
-0.5214282110
-0.3103278286
0.2418630666
-0.8825508572
1.0769459888
2.4195799566
-1.5651379520
-0.8335713175
0.8145619828
0.0158355407
-0.4200119705
1.4014659616
1.6168603020
-0.2914901317
0.8701727222
-1.5033476120
0.7188150309
0.8875179740
0.7515701600
-0.1484347936
-0.5552857303
1.3004603819
0.5111859790
-0.6023783574
0.0814629096
0.0583991976
0.2252627382
-0.2523804708
-1.2316689585
-0.2658603205
0.5379228703
2.4198650592
1.3320132906
-0.0528183398
-0.8412866535
0.6965025491
-0.1623100452
-0.1457696279
-0.7526514513
1.4608326964
0.0157291387
-1.0931004676
0.6842483202
-0.8409478505
-0.5998596361
0.9190254151
-0.6139821791
-0.5199142438
-0.2957988392
-0.0061340970
1.8235519623
-0.6841055126
0.3065780644
-0.9332613870
0.3522638194
2.6202018835
-1.7564711556
-0.9040926646
-0.1228340979
-0.6304242879
0.3554517542
0.8620012487
0.4791507549
1.0352971774
1.1793696882
0.2057411789
0.1318144711
0.0473433690
-0.1515653560
0.2437892015
0.0419175533
-0.5641609095
-0.5365700903
0.3160075809
-0.7696107080
0.1404826849
-0.7346470706
-0.7626118162
-0.7824652877
-2.7676807930
0.4782698711
2.1745860739
0.5220672086
-0.1080991766
-1.4586910284
-0.8804155426
0.7535140079
-1.3309246916
1.5195902873
0.8713947927
0.1710046039
-0.8166163180
-1.1913801027
0.1295732198
0.0477022204
-2.3315838528
-0.2432243555
1.7899691178
-0.6677651418
0.3053636816
-1.2665647826
-1.2306242357
1.1222054563
0.4112806264
0.3991755053
-0.0970689852
-0.8334163609
-0.9770454865
0.5050774246
2.0699505761
-1.1752860973
0.6559749117
-1.1020070589
0.0059700813
1.0134379708
0.2847660852
0.9939726016
-0.7643828424
0.2280780013
-0.9734412521
0.0720085539
-1.6105010095
-0.7799007651
0.9284461138
0.5138427203
-0.6392738777
-0.1454585798
0.9662992619
0.1806473137
-2.2629740706
-0.3984867706
-0.4490583452
-0.9824787222
-1.0301036027
-0.0581066278
1.1903835915
-1.1500621488
0.6650040712
1.1439871442
0.7258372743
-1.3766276341
1.8539034981
0.4904222819
-0.3151976475
1.4346118621
-0.3514160154
-1.0239553357
0.0139142893
0.0704065341
-0.0348035543
-0.3309499108
-0.6203785223
1.0069146281
-0.1743243982
0.1135955056
0.0560138945
0.3846131203
1.1297924802
0.0099813222
0.8053895040
0.2307953747
-0.6738489853
-0.8780247719
1.5324596927
-1.2507239280
-0.1584777625
-0.3011727508
-2.5799583812
1.0725623224
0.3567593467
-0.8196120974
-0.1415248386
1.5924897823
-1.1350794615
0.7311756563
-2.1070660676
0.5489583822
-0.0979769696
-0.3246458250
-0.4477220516
-1.0057767867
0.1877998168
0.8044143267
0.0985907047
0.5651580992
0.1739297844
0.0569646411
1.5020613014
-2.6150294143
-1.1726553944
-1.5458404252
0.9067120675
0.3016367428
-0.8406118201
1.5389007766
-0.4729200124
-0.1496783134
-0.4360433548
0.5004827342
0.6132367658
-1.1132005039
-1.3037593382
0.5180716137
1.7017609610
1.0900687052
0.8692768571
1.1325682024
-0.0934643257
0.3090826561
-1.3109695719
0.3371911230
-0.0968357448
0.0200195453
-0.0331897611
0.6085732230
1.2359355240
0.7099165142
1.1497223018
0.6731516004
-1.7256349474
-0.3162371915
-0.7848937678
-0.1964574018
-0.4347152116
0.8444760931
-0.3349055143
-0.3565476170
-0.0476661016
0.9658639884
-1.5474238332
0.7447083270
-1.1722656650
0.0064371098
1.3275671868
-0.5534515635
1.2728909462
-0.8921650863
-0.8250771177
-0.5084619679
1.2171667482
0.0777273433
-1.0151488443
-1.6402819005
-0.4383737205
1.1180364293
-1.2142393135
0.8306313570
0.2616968881
-0.0544333262
-1.8017798695
0.7302102490
-1.0454692470
0.0791841707
0.5731677527
-0.3666034920
-1.6922744094
-0.4184318550
-0.5748563562
0.0872290822
-0.0077241900
-0.0392747025
-0.8534236979
-2.1551132217
-0.4976800731
-0.5617916771
0.4087347577
-1.0219909284
0.5522346308
-0.4201233062
0.9781069627
0.1146194405
-0.3052656775
0.7385863239
0.0863166509
0.5864138805
-0.8338234661
-0.1700280867
1.5956644904
0.7128263685
-2.7509756153
-0.7277138124
-1.4230915499
0.7000805019
0.5374312582
-0.1715660048
0.0904425184
-1.4389909850
-0.5916216754
1.8436217699
0.8312786883
-1.9551213296
-1.4454517531
0.6258551764
2.3348796939
0.8294099578
1.0566845795
0.9953289506
0.6198920833
0.2016702059
0.6865813429
0.0559820673
-1.3524821695
1.4577994758
0.0729733328
-0.1612393016
-0.0947056130
-0.9429746334
0.2756827209
0.2496831059
1.3900064426
-1.4150921570
-0.4490481042
-1.0837224385
0.6822940665
1.4584842308
-0.5104594683
-0.8231325069
1.5071456728
0.1601349911
0.5672646341
0.7918630410
-1.6651572155
-1.7169079510
-0.0795667628
0.2846188003
-0.3795487689
0.1189777646
0.4692393542
-0.4248223603
0.2411237625
0.7181581885
-0.7166355529
0.0651181563
-0.7707072437
0.4513088257
0.0451814460
1.9944186162
-0.1024378558
1.0817395412
1.7021414277
0.9699897163
-0.0732550036
0.9671637060
0.3026910402
0.6698477420
-1.9845463325
1.4397130312
-0.7332011297
-0.9054951727
0.6416977730
1.6652787782
0.2303515134
-0.0903160295
-0.2493318505
-0.0218131618
-1.4650299534
-1.5291371210
-0.5843104478
-0.3522594685
-0.2477323962
0.0735639800
1.2994685894
-0.2187386287
0.7852665794
0.0505696338
-0.6883398141
1.9113860246
0.7023680719
0.0744272439
0.6866299927
2.3068532295
-0.0294363638
0.6697555058
0.7900748368
-1.2758888384
0.6332977119
0.5232955259
-0.2741630292
-0.7368262255
-0.1343290229
0.1308422431
-0.4767093883
0.6192686353
1.0582476245
-0.0409432778
0.2570223460
-1.0601708227
-0.3063045610
-0.0952710312
-0.2391068685
-1.1344358700
-0.0924496201
-0.5374201101
-0.1961523939
-0.5574758387
0.5344566227
0.3741159921
-0.8484551599
-0.6048985508
-1.0235921294
1.2109334044
-0.2811571446
2.3288734106
-0.5690472942
0.3825827590
0.2970995238
-0.4258952907
1.3997997284
0.1882163623
0.0342285379
0.5337964500
2.0528262706
0.3206566628
0.8046034842
-1.7264396254
-1.7981321953
0.3480992942
