11 2 0.09
17 0 0 1 0 1 1 1 2 2 1 2 2 2 3 2 4 3 2 3 3 3 4 3 5 4 2 4 3 4 4 4 5 4 6
12 0 1 1 1 2 1 2 2 2 3 3 1 4 1 5 1 6 1 6 2 7 0 7 1
3 4
2 3
0 0 0 0 0 0 0 0 0 0 0
0 0 0 0 0 0 0 0 0 0 0
0 0 0 0 1 0 0 0 0 0 0
0 0 0 0 2 0 0 0 0 0 0
0 0 0 0 2 2 2 0 0 0 0
0 0 0 0 1 1 1 1 1 0 0
0 0 0 0 1 0 1 1 1 1 0
0 0 0 0 1 0 1 1 1 1 1
0 0 0 0 1 1 0 0 0 0 0
0 0 0 1 1 0 0 0 0 0 0
0 0 0 0 0 0 0 0 0 0 0
0.0914524717
-0.7123152582
1.1047361490
-0.7840350085
-0.5180480891
1.0694051792
0.5919319002
0.3611391022
1.5801570544
1.4206438033
0.2277032897
-0.2722830375
-1.2499736213
-0.8626569803
0.5224823075
0.4081957138
-0.2954775162
1.5593714484
-0.0280457670
0.4208317602
-1.8349118907
0.2487731665
-0.3496044598
-0.5888599555
-0.7217875044
1.7417264210
-1.3834994981
-0.3016762670
0.9870729208
1.3102569960
-0.5500384167
-0.1999637767
-0.1812705046
-0.3989828122
-0.3886841392
-0.3420938406
-0.7017460251
1.7153990624
0.0890001194
-0.4183384038
-1.2654668730
-0.6100215428
0.9942740331
-0.4848365824
-0.0026402699
-0.5459560218
1.4016400292
1.6441533753
1.3494454715
-0.1596298066
-0.4334124730
0.0319590159
0.0444456294
-0.5056946246
1.1476398581
-0.3666560569
-0.9073941406
-0.3944742751
2.5120589589
-2.4327115595
0.2834121124
-0.8823443932
-0.8579058629
0.4540972227
0.9742829522
1.2486131594
0.6025112380
-0.7531917622
-1.0666815017
0.1891080450
-0.7243012189
0.2200450979
0.4686658354
-1.5383377802
0.2975302009
0.7756778177
-0.4562025392
0.7830217738
-0.8685991314
-0.7836994458
2.7039369106
-1.6437343535
-2.0488715823
-0.7989328708
0.5622913933
-1.6053706137
-1.3807278148
0.4396223190
-0.4674522889
0.4484253063
-0.0896192747
0.6678884295
-1.0722671814
0.0866690773
-1.0141876417
0.4538710757
-0.0336885718
1.3150714876
1.2815851670
0.3624766566
-0.7621239173
-0.1086912977
0.5700918387
1.1891140321
3.4790007510
0.0910344612
0.8005456118
-1.0347187972
0.4459129807
-0.3582931273
1.2481247784
0.9277913552
0.8528071685
-1.1567739622
0.4082330222
0.8742361341
0.2829497495
-0.3320825071
-0.0294438756
0.6863546787
0.5931833618
-0.4298508620
-1.8265050934
0.3155214596
-0.1182073632
-1.1741067174
0.5286075986
-0.5954759784
0.1148616218
0.6842799277
-1.7065147232
0.0238622818
-1.6950232514
0.8104070424
1.4526903499
0.3863496521
-0.7948376665
0.7280847920
-0.4470621689
1.4924494253
0.3308340660
-0.0283087129
-1.1521996617
1.1357128031
-0.7964263617
0.0594164207
0.0669491803
-0.9754713034
1.1813945168
-0.2599201069
-1.7098477109
-0.7386120951
-1.7472945038
0.3313975815
-0.4631600475
2.1393564731
0.6750050858
0.0741595250
-0.0927268338
0.8736640603
-0.7602883174
-3.7626252613
0.2028314757
1.4217902336
-0.8643662692
0.6836478041
-0.7054465918
-1.0449841011
0.5495076098
-2.0485668458
0.3580617760
0.4290283279
0.0627748230
-0.7529665060
-0.2673270764
-1.3140027114
-1.2082811099
0.1346551141
2.3776578645
0.9088568329
-0.0104291451
-0.7569346674
-1.2764609290
-0.9551049167
-1.2532993955
0.4834629840
1.1287994003
0.3911202815
0.0493189923
-0.3172805720
-1.3466614025
-0.0413350508
1.7236860326
0.6449247023
-0.3161959874
1.1082911524
-0.1965741616
-2.2099668063
0.7819972747
0.2647921067
-1.0567570523
0.9755924085
-0.7259439412
-0.7231183682
-0.3710543977
-0.5258494638
0.9579418797
-1.2187374176
-0.4096894094
0.0656961440
0.8441126613
0.5687800216
-1.2440591983
-0.2290178988
-0.4978458191
0.2879995788
0.4047424353
1.7795213447
0.7812780325
-0.6960102879
-0.1176456756
0.6050294143
-0.5808126082
1.0708123534
1.7060592421
-1.8208586753
-0.7031159489
0.4216761396
-0.7421739014
-1.2992544755
-0.3601017927
0.0963137812
-0.4270221212
-1.4896647715
-1.4638207628
0.6853111461
2.3240982028
-0.3843920919
-1.1700920205
-1.6751861705
0.8602325009
0.7048821248
