15 6 0.02
16 0 2 1 1 1 2 2 0 2 1 2 2 2 3 3 1 3 2 3 3 3 4 4 1 4 2 4 3 5 2 6 2
14 0 0 0 1 1 1 1 2 1 3 1 4 2 1 2 2 3 1 3 2 3 3 3 4 4 2 5 2
17 0 4 1 3 1 4 1 5 2 2 2 3 2 4 3 1 3 2 3 3 3 4 3 5 3 6 4 0 4 1 4 2 4 4
15 0 3 1 3 1 5 2 0 2 1 2 2 2 3 2 4 2 5 3 2 3 3 3 4 4 3 4 4 4 5
17 0 1 0 2 1 1 1 3 2 0 2 1 2 2 2 3 3 0 3 1 3 2 3 3 4 0 4 2 4 3 4 4 5 2
17 0 0 0 2 0 3 1 0 1 1 1 2 1 3 2 1 2 2 2 3 2 4 3 2 3 3 4 2 4 3 4 4 5 2
6 6
3 2
10 2
9 8
6 0
4 6
0 0 0 0 0 0 0 0 0 0 0 0 0 0 0
0 0 0 0 0 0 0 0 0 0 0 0 0 0 0
0 0 0 0 0 0 0 0 0 0 0 0 0 0 0
0 0 1 1 0 0 0 0 0 0 0 0 0 0 0
0 0 0 1 1 1 2 0 1 1 0 0 0 0 0
0 0 0 1 1 0 1 1 1 1 0 0 0 0 0
0 1 1 1 1 1 1 1 2 1 1 0 0 0 0
0 1 0 1 1 0 0 1 2 1 0 0 0 0 0
1 1 1 1 1 0 1 1 2 2 1 0 0 0 0
1 1 1 1 0 0 0 1 2 1 1 1 0 0 0
1 0 1 1 1 0 1 1 1 1 0 1 0 1 0
0 0 1 0 0 1 1 1 2 1 1 1 1 1 0
0 0 0 0 1 1 1 0 1 0 1 1 1 0 0
0 0 0 1 1 1 1 1 1 0 0 1 1 1 0
0 0 1 1 1 0 1 0 0 0 0 0 0 0 0
1.0121999516
1.0170521151
-0.3711729372
-1.6859252199
1.5433453945
0.4269080260
2.5629137393
0.1503631363
0.5805359823
-0.6228831695
0.0857300177
1.4611537986
-0.5743433201
0.3691015719
0.2920863144
0.3788582019
-0.0052794082
0.7491525549
-1.2005429297
-0.3147817822
-0.0026770260
0.7991757655
-0.5363755235
-0.3857155522
-0.3637636513
1.3003813373
2.7539531387
0.2266694378
-0.8220535518
-0.5554124863
1.0299739911
-0.0631579271
-1.5808586106
-0.1766101609
-1.9317441842
0.8252597551
-0.4027903969
1.1617664590
0.8431567358
-0.4482000191
0.9227271435
-0.5077589865
1.6041481647
0.8942151830
-0.2497497052
0.1127692335
-0.5550958823
-0.1334899511
0.4342339462
-0.5762699359
1.0930146924
-0.1207412186
1.1070147123
0.2266090718
0.1781890496
-0.3909297511
-0.2842014357
-0.6002445032
0.5190102643
-1.0376036376
-1.1869088944
-0.1573108893
0.2106353852
0.3119319540
-0.4089958614
-1.1498762872
0.6293256546
-0.2022261281
-0.4708956701
0.1316502988
0.3777453304
0.3299535901
-0.1958624794
0.4692324156
-0.5996266000
-0.0566358259
-0.4451882840
-0.2499483824
-0.8813023389
1.0412143168
-1.7813369525
-0.1955826668
1.8373179680
-0.2241321046
-0.2045453778
0.1646234694
-0.9066008751
0.4222885229
-0.7560487396
-1.9439068960
-1.2779336672
-0.4790657043
0.0017016225
0.1556057271
1.4734641278
-0.8980155941
-0.8136151818
0.3475405329
-0.0695044675
-0.1114177005
0.6754480562
0.4144362748
-0.1021920934
-0.9184625791
-0.2885330461
0.7404571258
0.4624613531
-1.1673514478
0.0076046935
0.3241738768
-1.4875615207
0.2274748353
1.5584851892
-0.0962788629
-0.6319095716
-1.4222507384
0.3511423062
1.4381411568
-0.0969354412
-0.3886285760
1.6202824659
0.3197700084
-0.6861852340
-0.3993302431
1.8739326587
0.4597677362
-1.3845644459
-0.7705745946
-0.4426135259
0.3326481845
0.5415233650
1.2796017923
-0.6016607710
0.0098394047
2.1725716109
-1.4693401206
-0.2516304616
0.0636023070
0.1081409095
-1.3862648740
0.3641449558
-1.3293565213
0.1491889197
-1.1489447470
-0.7711049443
2.1273535535
-1.5639688522
-0.3817596699
-0.1471637409
0.1016887621
1.4908900284
0.2858930019
0.6910193681
1.2923942735
-0.5524584392
0.1362198881
1.5951519508
-0.1719108063
-0.0751251279
-0.8073129787
1.7006455200
1.5082969659
1.9600362511
1.1416022744
1.1438672016
-0.6103971820
1.5943596838
-0.9642844185
1.0238249760
-0.6255788714
-1.5966197855
-2.3085371183
-1.4635263035
-0.8734805668
1.7790908693
-1.2749031104
1.0345622703
0.4665955495
1.9217991117
-0.9580914981
-1.7653786552
0.7717569976
-0.2491742238
0.6089759704
0.1154541576
-2.0410269714
1.1990653632
0.6233885468
-0.9036166106
-1.3646929765
0.5393296021
-1.7132120636
1.0462661766
-0.3621484390
-0.0232124390
0.2554045199
-0.5981604874
-0.1690174477
0.8181625710
1.1259845186
0.1374924211
-1.0278870335
0.1507190578
0.4255044420
-0.1246348696
-0.1214956431
1.4094656017
0.1176466574
-1.7226663239
2.0799550413
0.7464438367
-1.8880166238
0.5032971507
-1.1678960200
1.0418150719
0.9324567471
0.9385356462
0.9955553229
0.3238029349
-1.6808250126
-0.9277091792
-0.6970299502
0.0378673045
-2.4981332976
-0.8880934625
0.5334373031
-0.7771445912
-1.1346207926
0.0476375064
-1.1250789093
0.3508150818
0.1900799986
1.0707485812
-1.2113411171
1.1705465008
-0.1158843496
-1.8562201643
0.4471502062
0.2350387741
0.1331264537
-1.3128109926
0.6615145333
0.2238113387
-0.8798631487
0.0006774635
-1.0397063954
0.3252159241
-1.9809487168
1.7370839719
-0.9636386109
0.2388959023
0.0030021004
-0.3068647238
0.1948151386
-1.5634015115
-0.1768258399
1.1849962762
-0.3333599593
-0.4373020261
-0.7976833640
1.2682458974
0.0351214811
0.6380561048
0.9549205991
0.5023210574
0.9249194616
1.0306140029
-1.0208416595
-1.3832107107
1.4816699539
0.3158311456
0.5425536432
-0.7904452978
-1.0102948690
1.4632186055
0.5527187434
-0.0497280402
-0.2017082494
-0.4850137506
-0.1861486789
-0.6151476363
-0.3641593816
-0.4000280932
-0.2884786704
-1.4258836573
-0.8807526412
-0.5732020195
-1.3789338619
-0.4154642767
-0.5802066306
-1.2724170513
0.5764550788
0.3575672813
-0.8747726167
-0.2892134659
1.0872486146
-0.6193483135
-0.3725869367
1.9364610498
-1.0261126114
0.2534234596
-0.0173197647
-0.0229916312
-0.0455449569
-1.8554405258
-0.0284306946
0.2686663474
-0.2908703210
-0.8040965450
1.1774858024
0.4652545724
-0.9576306967
0.4199013176
0.4749766216
-0.3334931230
0.4374032841
-0.4702108612
-0.1129284782
1.3700478868
-0.4078216656
-1.2156273725
1.0278725866
-1.3869109249
0.0381999313
1.2605238722
0.2535354152
0.9307866991
0.5762866826
0.2284533136
0.5185049188
0.0554973710
-0.1802287454
-0.5122584378
-0.3258372232
-0.1840752539
0.1640959276
-1.6215747801
-0.4360546194
-1.3650810131
0.0314090787
0.4954885768
1.9895793065
1.0672181758
-0.6141640820
-1.3353880774
0.1734072656
2.6444355058
-0.4606052354
0.8481303106
0.7531034448
-1.9365785190
-1.3185141623
-0.1541053999
-1.4433312071
-0.6653279158
1.0786944460
1.6463489164
-1.0303131834
1.1869802188
-1.8309893389
0.8172990552
-0.2659797356
-0.6687323274
-0.5713229597
-0.1472043363
0.9625447464
1.0623579988
0.1160846312
0.1507800048
-0.6773323472
1.6062402593
0.6012463791
0.3822235443
-1.0267404340
-1.4260199490
-0.6105544631
-0.4682668577
2.1243410903
0.5808936385
1.6646544917
1.0608485372
-1.1074173698
1.2214059057
-0.0075470569
1.5386978761
0.8335983636
-0.5001280552
1.3472638204
1.2727291344
1.2182498402
0.3712347288
0.3192249817
1.5530286889
0.5160844364
-1.7031467566
0.1150438445
-0.5751901818
-0.6423359768
0.3754888993
-1.9668523814
1.0463570413
-0.3495696759
-0.5603498660
1.6678865211
0.2489786528
0.4307000261
0.3160475230
0.2461827591
-0.5384571397
0.3904646315
0.3859637594
0.2458191407
-0.4899039927
-0.6540065609
-0.5214212941
0.5441117851
-0.0113862881
-0.3649979950
-1.3905173172
1.5583297000
-0.5247055564
-0.4769600739
0.1406545212
0.5219898362
1.3432514928
-1.2058689236
-0.1407522497
2.0273849387
-0.1632490975
-0.2710529065
0.0223690373
0.2604358461
0.1386721849
-1.4281374820
-0.2904425723
-0.0633698059
0.3993356310
0.1377665707
0.1752688282
0.0688474493
0.8024872404
0.2170243189
-0.3471176022
0.2678460398
0.0444479850
0.8139434985
-0.9604952907
0.5523422709
1.1979734934
0.3008815660
