14 7 0.07
7 0 1 1 1 1 2 2 1 3 0 3 1 4 1
6 0 1 1 1 2 0 2 1 2 2 3 1
7 0 1 0 2 1 0 1 1 2 0 2 1 3 1
11 0 1 0 2 1 0 1 1 1 2 2 1 3 1 4 1 4 2 5 2 5 3
9 0 1 1 1 1 2 2 0 2 1 2 2 3 0 3 1 4 0
13 0 2 1 1 1 2 1 3 2 1 2 2 2 3 2 4 3 0 3 1 3 3 3 4 3 5
6 0 0 0 1 1 1 1 2 1 3 2 2
2 10
6 1
1 3
3 9
4 10
6 5
3 5
0 0 0 0 0 0 0 0 0 0 0 0 0 0
0 0 0 0 1 1 0 0 0 0 0 0 0 0
0 0 0 1 1 0 0 0 0 0 0 1 0 0
0 0 0 1 1 1 1 0 0 0 1 2 1 0
0 0 0 0 1 0 1 1 1 1 1 3 0 0
0 0 0 0 0 0 0 1 0 0 2 2 1 0
0 0 1 0 0 0 0 1 0 0 2 2 1 0
0 0 1 0 0 0 1 1 1 0 2 2 0 0
0 1 1 1 0 0 1 1 1 1 1 1 1 0
0 0 1 0 0 1 1 0 1 1 1 0 0 0
0 0 0 0 0 0 0 0 0 0 0 0 0 0
0 0 0 0 0 0 0 0 0 0 0 0 0 0
0 0 0 0 0 0 0 0 0 0 0 0 0 0
0 0 0 0 0 0 0 0 0 0 0 0 0 0
0.9777692492
0.8462500800
-0.3340702958
0.0889764558
-0.1227471833
0.7897450002
1.2191237528
1.1483271657
0.1314492704
-0.9102936820
-3.1647737318
0.5601326084
-0.1842445296
0.2586545815
1.1294864681
0.4237820412
0.7881207711
1.3836333434
-1.4081971414
-0.1295152328
-1.0298384223
0.0222991837
-1.0152914236
0.5900889670
-0.1706408906
0.8905779563
0.2527896922
1.4047517575
-0.3461772761
-0.0156762535
-0.3312369311
0.0629520364
-2.2231003685
-0.2749393868
-0.6293915217
0.1435805146
1.0823092819
0.1733700831
0.7259668675
-0.3002245143
-0.8100821607
0.0221760816
-0.7626815812
-0.3698197525
-1.8703667772
1.0210176794
-0.3117879164
-1.9325291735
2.8521086236
0.7041966143
-0.8603932286
0.9680491196
-0.0396876071
-0.1349278779
-1.4715751067
-0.4997236028
-0.0941995790
0.6030521024
0.8706779017
-1.1845106789
2.6791917413
-0.8170369614
-0.7123588298
-0.8911724866
-0.6245798293
-0.4907981214
-1.0961076990
0.3717190829
-1.3514869256
-1.6814390299
0.0974345062
0.0775636348
0.3679356276
-0.1801310506
-0.0242337869
0.6223599402
-1.0415455374
0.0127549391
1.4254374651
2.2337541485
-0.5139775298
0.9762292530
1.5264077662
-0.8062763957
-1.4870121709
-1.3173377197
0.6766313083
-1.0282316023
-0.1089764092
-1.6847513467
-1.4682156414
0.8185791119
-0.8310034226
0.7815465774
1.0870061716
-0.7610952713
0.1974123295
-1.9161240029
0.7176657527
0.8663206638
1.3836881389
0.3255111289
-1.4984488390
0.2632501529
0.3611533013
0.5779638161
0.6349827893
-0.5425917149
1.3115615795
-0.9290255921
0.3332260304
-0.1010601862
-0.2089188834
-1.0439590233
-0.4525383530
0.0553567521
0.8774036020
-1.2406260946
0.1157511484
-0.5811991352
-0.3299591423
-1.4537233038
-0.8225857548
-0.8774716303
-0.3226556959
0.7295275763
-1.0564133179
0.1324355891
-0.7280987442
-1.5054121157
1.4556427617
-0.5998125790
0.9379402945
1.6061237383
-0.8223536699
-0.0408839768
-0.1709083231
-0.3843347024
2.2141025188
-2.0871358272
-0.7659297445
-0.1027091824
-1.9506586353
0.3140414525
-0.1755747245
0.9293674490
-1.0691335052
0.2770269543
0.6023267681
-0.2414206128
0.6153173895
-0.4655795339
-0.1021639402
0.3495298668
0.7398540946
-1.2003759003
0.0165238375
-0.9879211113
0.7977209179
1.0741367956
1.1483176918
-1.4250057833
-0.0030959148
0.7897937688
-1.0295809332
-1.5994470908
0.3543093163
0.9439504735
0.6497668209
-0.7281869894
0.5834769307
1.2686072729
-2.3187761124
-1.1845589343
1.3519931316
0.7135582152
-0.3945632558
-2.1031373341
-0.8499525068
-1.0687178507
0.3094584817
0.3381868844
-0.2847295268
0.3754140913
0.9874753706
0.7276220011
0.7428617353
0.0063202620
-0.5065799966
0.2113907679
-0.4112895798
1.0061482869
0.9514825792
2.7282659996
-0.5767319133
0.3351417091
1.1243229050
-0.9646150569
-0.4103535784
0.4748054324
2.4386492851
-0.3491268767
-1.5063253901
0.1549634205
0.8135362712
0.3272054446
-0.4171151420
-0.6598500310
-0.8323222846
-1.0941164033
1.2369605428
-1.3398220646
2.0838538208
-0.6497752637
-0.8823113469
-0.5502833569
-0.5138776500
0.8042957666
-0.2699912670
-0.1982151471
1.4137299062
-0.5911530025
2.9770398995
0.9281181816
1.1518720862
0.2685563776
-0.9688516545
-0.3412008728
0.9747341041
-0.1560775876
0.4370011805
-0.9101518488
-0.5755537969
-1.9585373458
0.7621227441
0.3731914318
-1.5036415367
1.1485262952
-0.5598001286
0.1807345119
1.0426432298
0.1469932230
0.4916408014
-0.3239148854
-1.5395087462
-0.0910873720
-0.3161455446
1.5929859757
-0.3875139987
-0.5384129411
-2.0611990327
0.4118808617
-1.5556366787
-0.7096797166
0.1275899547
0.3821704794
-1.6851133450
0.5879576982
0.4972231146
0.0577428114
3.4413018154
2.0171866965
1.2702472306
0.3181873161
-1.7725228979
-0.4494331897
0.8146661251
-0.5443937890
-1.0483161028
0.0271903177
0.7956475567
-0.6101152261
-0.7891961654
-0.9177698259
0.2172967778
-0.4992790595
1.2678351243
-0.1499925900
-0.6593652522
-0.4851721764
0.1156918298
-1.1050412454
-0.5332104616
0.0279553929
0.8298813558
1.2574140107
1.7156905322
-0.5771701391
0.1888651106
0.4306519414
0.5308656350
-0.8535889923
-1.1419272536
-0.4909449227
-0.1361890142
0.6497376985
-0.1303630675
-0.6032824507
0.1558138271
-0.7312301627
0.6625705589
1.0197332960
-0.4378591507
0.7962398987
-0.1792475616
-0.9647568311
-0.0625236570
0.8560836468
-0.1216619669
-0.4313265054
1.0479256792
0.4696048553
-0.9054149447
1.4681366906
-1.9455799402
1.5077173160
0.4959506228
0.6084572790
0.9186270775
-0.5329688362
-0.9921389388
0.5463428230
-0.4539299439
-1.3039062825
-1.9604034053
-1.6298518519
-1.1922071953
-1.4024733762
-0.2427914378
-1.1488481471
-0.2464047614
1.0662825655
0.9518555695
1.1173278607
-0.5773771086
-1.0070264866
1.3667835519
0.3764982105
-0.4825609501
0.3681092735
0.8631403379
0.4334935848
-0.7901161192
-0.9878882097
0.9427434080
0.6050827181
-1.0119243287
0.7982375135
-0.6676432945
0.1578271149
1.2966454468
0.8424861256
1.7308829621
-0.0185412430
-0.3236452681
0.2726746681
-0.6923916797
-1.1507492305
0.4062860532
-1.0815656864
0.4355732720
-1.5514480146
0.0283899435
-0.8000874808
-0.6201985810
-1.2849556564
1.4077352500
1.5762406705
-1.1965690778
-1.0004598195
-0.7323905903
-0.7560070491
-0.2352520076
-0.2295359063
-0.5083522133
-0.0520652988
-1.2779870998
0.9952410189
-1.0448250464
1.6235461425
0.4570291219
0.7549940425
1.2815044180
1.5162636185
-0.1103131514
1.3505144223
1.3357326543
-0.5276076238
-1.5183047373
-0.0664035633
1.8882539326
0.1688307157
