13 8 0.03
6 0 2 1 0 1 1 1 2 1 3 2 3
6 0 2 1 2 2 0 2 1 2 2 2 3
6 0 1 1 1 1 2 2 1 3 0 3 1
6 0 0 0 1 1 0 1 1 1 2 2 1
6 0 1 0 2 1 0 1 1 2 1 2 2
6 0 2 1 0 1 1 1 2 1 3 2 3
6 0 0 0 1 1 0 1 1 1 2 2 2
6 0 1 0 2 1 1 2 0 2 1 3 1
8 1
0 5
4 5
0 10
2 5
9 0
8 4
9 3
0 0 0 0 0 0 0 1 0 0 1 1 0
0 0 0 0 0 0 0 1 0 0 1 1 1
0 0 0 0 0 1 2 2 1 0 0 1 0
0 0 0 0 0 1 1 0 0 0 0 0 0
0 0 0 0 0 0 2 1 0 0 0 0 0
0 0 0 0 0 0 1 1 0 0 0 0 0
0 0 0 0 0 0 1 0 0 0 0 0 0
0 0 0 0 0 1 1 0 0 0 0 0 0
0 0 0 1 1 1 0 0 0 0 0 0 0
0 1 2 1 3 2 1 0 0 0 0 0 0
1 1 1 1 2 0 1 0 0 0 0 0 0
0 0 0 2 1 0 0 0 0 0 0 0 0
0 0 0 0 1 0 0 0 0 0 0 0 0
0.4331423022
-1.2020007378
-1.1600939514
-1.0634129966
0.2510112815
-0.9973075272
-0.4030390502
-0.2713944936
-1.0602777136
0.5419305842
-0.1376970100
-0.6373870277
0.7268624917
-1.4381889250
0.3338516209
0.8865274889
0.6589037695
-1.3818766910
0.6646656011
-0.2273118716
-1.7561880122
1.1453861795
-2.4752003938
0.7306565525
-1.7547223792
-0.0796882810
0.0701878704
-1.1308432814
0.1518743826
-0.1217632689
-0.7478219218
-0.3318722603
1.4321706506
-0.6971370044
-0.1904876468
2.1050120582
-0.2894147574
0.9846037954
-0.1643208763
1.3550961266
0.9140161941
1.6895139228
-0.1304866916
-2.2042121208
-3.5534138139
1.2635038884
-1.7880069515
0.7229027966
0.5816585428
-0.9357760295
0.0812785934
1.1591034421
1.7521641275
0.7243300262
-1.2223344990
-0.3232538980
0.6440811650
0.7968715241
0.7848482527
0.3555230065
0.1109110399
0.4460727547
1.0818831696
1.4989805262
-0.7293862013
0.3363401833
0.1961698505
-0.6818325252
-2.3574576669
-0.8005643299
-0.0623519928
1.7412008976
-0.5259824095
-0.1798245883
0.5077730261
-0.6423017330
-0.1233969611
0.6336247326
0.7362634105
0.4936849234
-0.1031532418
0.4168694828
-1.1141023644
0.2489277963
-0.1268059895
-0.9683288238
-0.9058961947
0.3495589708
-0.7268200525
2.4274649386
-0.2763077850
-0.6160685504
-1.3060640034
-0.5443182273
1.1682982529
-0.0667000964
-1.6483198155
1.4856308385
-0.5852881560
0.8622359409
0.4610552194
1.0196576335
-0.0821844614
-0.5121298747
-0.0985370304
1.0362371455
1.1125353555
3.9323071822
-0.5430693756
-0.7634643517
0.0979700337
0.3350472712
0.8093394525
0.1405703693
0.3584462745
0.6030662317
0.2709369377
-0.5569255582
0.9647671255
-0.3665993191
0.3704760889
-0.0183800863
0.9432718500
1.6892722287
-0.3116847397
-1.5175491400
0.9144956223
-1.4538491796
-0.3385148637
-1.2730164018
-0.2814583750
0.8480921907
-1.3948342719
0.5312633360
0.6106163555
-1.1754696110
-0.5051008298
-0.2762354044
0.0075594743
0.0820929642
2.3847874577
-0.2161309036
0.4815818499
1.8105295378
0.8962974395
-1.3380131738
-0.5987794763
0.5109237173
-0.3024415227
1.0388484904
-0.3208159260
-1.7494665213
-0.1823260115
-0.1198246392
-0.1462019519
0.7903353103
-0.2579252019
-0.5947310170
0.1395725579
-1.2235302591
-1.2068303173
0.6302376256
-0.6716687714
0.7669175444
-0.6275212260
2.1150898911
1.2153336490
0.7053051502
0.7558197672
0.0357744274
0.2412554138
0.0979256969
0.2901238567
0.2873955459
1.7809999590
-2.2953480290
0.5896685328
-1.2806315425
0.1386079115
0.6353915793
1.4018400642
0.6619497447
0.6719177764
0.0753755411
-0.2267704291
-0.3716178668
0.4967652852
-0.6744114812
0.0961847532
0.0053892403
-0.8338620257
1.1893516041
0.3196149706
0.0600122703
-1.2968068472
0.5277436018
-1.1362945893
-0.5359284677
-0.3773268519
1.1104738282
0.2840860813
0.6658117841
-3.2555099885
-0.1183909945
1.5501250996
0.7302701028
0.2623641124
0.3258507294
1.0929961620
1.1402939348
-1.5615054739
1.6192162035
1.2279708383
0.3356796066
0.9549719008
1.0039580457
1.2894920063
1.1048810117
-0.1650239604
0.2498741803
-0.1315157992
-0.8520471124
-0.4783248466
0.4277496861
0.2038938537
-0.7607910190
-1.1449257995
-1.2210517346
-0.1705497212
0.1841167897
0.7692202508
-0.0845601409
0.8003323602
0.4340942365
-1.8120871733
-0.5162473645
2.0760172817
-0.2290109400
-0.7140291992
0.7011212617
-0.3066988468
-0.3427855400
-2.9799338746
0.3488390789
-1.0462053588
-0.1085906837
0.8856567144
-0.0962683534
1.3629118510
1.1583091949
1.1834628273
0.0031883913
-0.1113955673
0.1627937141
-1.1628253815
-0.2535461094
-0.5678776341
0.0822869251
1.5320882623
-0.9274022289
0.3776978223
-3.0505351646
0.1487461682
-0.8356946252
-0.7114363065
-0.9220463788
0.7042948541
0.7195390217
1.1197162614
-0.0898310044
0.4982451602
0.0822089633
-0.5021766671
-1.2095320903
1.2140863004
-0.9471140100
0.2375011423
0.4957458658
0.3177157416
1.0778250622
0.6101990956
-0.1068231269
-0.4063821624
0.0089194172
0.0727725103
-0.4492141719
0.0530607965
-1.5494661238
0.0619111913
-1.1457310906
-0.8802020433
-0.1139400508
0.1114717647
0.1724746358
0.3333056296
1.5736544029
-0.3056877170
-1.1630557189
-0.2250673525
-0.9722016695
1.6825461762
0.0743517183
0.9615388736
-0.1325527103
-0.2892624206
-1.2007776999
1.0869113878
0.1356150579
0.8841217496
1.1616850106
-0.6688281538
-0.6624940194
0.1048940782
-1.1003646752
0.2254611659
0.9998424163
-0.0243064194
-0.4985980765
0.2676422241
-0.3650657572
-0.3470299217
0.0707690291
0.8597473225
-0.3871274084
0.2766960714
-0.2665795372
1.5722744113
0.2672537067
-0.9857858210
-0.6866065464
-0.3441836057
0.7523850413
-1.1890997520
0.2230589827
1.0817271617
-0.2237253333
-0.0633382319
-0.6202205862
