17 8 0.11
16 0 1 1 1 1 2 2 1 3 1 3 2 4 0 4 1 4 2 4 3 5 0 5 1 6 0 6 1 7 1 7 2
10 0 3 1 1 1 3 1 4 2 1 2 2 2 3 3 0 3 1 3 3
10 0 4 1 0 1 1 1 2 1 3 1 4 1 5 2 1 3 1 3 2
13 0 2 0 3 1 0 1 2 1 3 2 0 2 1 2 2 2 3 3 2 4 1 4 2 4 3
22 0 2 1 2 1 3 2 3 2 4 3 0 3 2 3 3 3 4 3 5 4 0 4 1 4 2 4 3 4 4 4 5 5 3 5 4 5 5 6 3 6 4 6 5
18 0 0 1 0 1 1 1 2 1 3 1 4 2 0 2 3 2 4 3 0 3 2 3 3 3 4 3 5 3 6 4 4 4 5 4 6
19 0 4 1 1 1 4 1 5 2 0 2 1 2 2 2 4 3 2 3 3 3 4 3 5 4 2 4 3 4 4 4 5 5 3 5 4 6 4
11 0 2 1 2 1 5 2 1 2 2 2 3 2 4 2 5 3 0 3 1 4 1
0 2
11 10
10 9
3 5
4 8
7 0
10 1
12 7
0 0 0 1 0 0 0 0 0 0 0 0 0 0 0 0 0
0 0 0 1 1 0 0 0 0 0 0 0 0 0 0 0 0
0 0 0 1 0 0 0 0 0 0 0 0 0 0 0 0 0
0 0 0 1 1 0 0 1 1 0 0 0 0 0 0 0 0
0 0 1 1 1 2 0 1 1 0 1 0 0 0 0 0 0
0 0 1 1 0 1 1 1 1 0 1 1 0 0 0 0 0
0 0 1 1 0 0 0 1 0 0 0 1 1 0 0 0 0
1 0 0 1 1 0 1 1 2 0 1 1 1 1 0 0 0
1 1 1 1 1 0 0 0 1 1 1 1 1 1 0 0 0
1 0 0 1 1 0 0 0 0 0 0 1 1 1 0 0 0
1 0 1 1 1 2 1 0 0 0 0 1 1 2 0 0 0
0 0 1 0 1 2 2 0 0 1 1 1 1 2 1 0 0
0 1 1 1 0 1 0 0 0 1 1 1 0 1 1 0 0
0 0 0 1 1 1 1 0 0 1 1 2 2 1 0 0 0
0 0 0 1 1 1 1 0 1 1 2 2 1 1 0 0 0
0 0 0 0 1 1 0 1 1 0 0 0 0 0 0 0 0
0 0 0 0 0 1 0 0 1 0 0 0 0 0 0 0 0
0.7122969493
0.8468189599
0.1446346028
1.6452607636
1.6765327674
-0.0614883441
-1.8689186352
1.9569906630
-1.5091900602
0.8016072285
0.3693234568
-0.2940427802
-0.9585835998
-0.1948660919
0.0930773483
-0.3298228947
0.9848396531
-0.1304253960
-1.1320681662
-0.8741873969
-2.2852127771
0.3685889878
0.4955345966
1.0094877318
0.2177025319
-1.2400803635
-1.5386674656
0.0197973117
0.1978550209
1.2655739272
-0.1125388041
0.8153156230
0.4108857019
-0.1933822163
-0.4477950807
-1.8612775921
-1.6565602639
2.2339795158
0.1375173657
0.0030943235
1.7879754035
-1.5167625674
-0.1900566770
0.7921066117
-0.5384309142
0.4281943004
-0.9079842717
0.8717607144
-0.1641815291
1.6812947774
1.2464678699
0.3142812983
0.8157202443
-0.5098257144
-0.7052573576
-0.9745699186
2.1634197953
-0.5323218696
-1.0367280817
-1.4600579653
-1.0029392938
0.1030485445
-0.4933639944
0.5176972847
0.0916036686
-0.6648737767
-1.3754619090
1.2633260655
-0.4814774888
1.8090759181
-1.4786370219
-1.3315940184
-1.5499402393
0.1626431907
-2.0628148761
-0.5261896040
-0.8680960001
0.4817835482
-0.7028273687
-0.4372822023
-1.4035566036
-0.6439937601
-1.8822152754
-1.0621347569
0.1076904572
1.7694996959
-0.6063900963
0.3210968368
-1.0451972822
0.3119616835
-0.6576253581
1.3825494988
0.0559896385
1.1477255577
-1.2031767175
-0.8555279800
-0.2927530799
-0.1402898258
-1.1170070622
0.3202550172
1.0578264635
-1.8520183034
0.2887416090
-0.3919074233
0.0844331107
0.2694105186
0.4153568454
-0.1227578393
0.6620679938
0.3118544268
0.7785844142
-0.9174384157
-2.3104898988
0.3900633898
1.1958494352
-0.9786062199
-1.8124142489
-1.1644518039
-0.4548502461
-0.4021858447
-1.1211980763
0.0130863591
-1.6154529083
-0.8588313483
0.2297668297
-0.3630520845
-0.6174481933
-1.3800797310
1.5833514393
-0.0297579942
2.1091235653
0.8765897002
0.2965510841
0.7238499800
-1.2396288472
-1.0057401573
1.4047404167
0.0488895290
-0.4314382367
-0.0938755008
0.5022424698
0.0691570949
-0.8708232121
0.0965011276
0.9213880665
-1.2596932132
-0.4911240484
-1.9240514098
0.4967600347
-0.8997349034
-0.0878114368
1.0042427706
-0.9407882635
0.4389795774
1.3400678096
0.6421223942
-0.4336439829
0.7958487784
1.0327546732
0.5319699116
-1.6647111769
0.3276401979
0.1867872622
-2.4102083936
0.2054722261
0.6572253056
-0.2454554794
0.8539678868
-0.9758303678
0.8636269532
0.8694037642
-0.6947736109
0.9936293507
0.2796378056
0.8083605806
-0.6088507043
0.2995282507
0.6456774487
0.7574592255
1.1267653727
0.0094313324
-0.2481011675
-0.6232650138
-1.0525350743
0.0101616175
0.7336450306
-1.2463973466
1.3931480635
0.5317112017
-1.0791981681
-0.1810194872
-0.0379085073
-0.2100942038
-0.3528385164
-0.4863777292
-0.7846753881
-0.2658141750
0.2710125021
-0.1422790490
-0.1509582735
0.1771293911
-1.2818277118
-0.3590637704
1.4811712715
0.8166515774
-0.3083599751
0.2063275629
1.1702416001
-0.6219036218
0.2864914204
-0.7308698075
-0.7445142621
1.2342209382
0.9822597080
-1.2448192751
-0.3491445396
0.1381543342
-0.8441048441
1.0729968531
-0.3807998059
-1.3417887406
0.1518536914
1.0136519506
1.2507968989
0.9455471233
-0.2128470644
0.5891151441
0.5316366579
0.2061250317
-0.5247146789
0.0474184525
0.0265239119
-1.9530861877
-1.0252015851
0.3156574854
1.9291466532
0.5863690607
-0.4502709396
-0.9729817004
-1.4221225975
0.6106025888
-0.3896715624
1.3600478436
-0.6604681485
-0.6546516164
-1.3307995396
-0.0823784067
-0.0410412232
1.2586474297
-2.7830619615
-0.6632164439
0.6090123434
-1.5001565228
1.1279487129
1.1435733198
-0.0820440502
0.7262529543
-1.9987661366
-0.0569270708
-0.4791309473
0.7254377889
0.2671767174
2.1002528257
-2.9654443585
1.4995034985
-0.4350223731
-2.1217701970
2.0226094978
1.2123255410
-2.8845355258
-0.6030765569
-0.4436874859
-1.4224351855
0.7875094297
-1.5494747729
-0.7882782223
-0.3571690709
2.1441566752
0.1241913260
-1.9690634096
-0.6653975396
-0.7638775732
-0.4357749952
-0.5626543699
-0.6978237572
0.5065027541
0.7412026076
0.6072938672
-0.4609605921
0.2275295730
0.3465524055
-0.0139536098
0.8495140757
0.9991095495
-0.4074662863
0.0155995264
-0.7408314065
0.1352402902
-0.7657277438
0.2745367422
-1.2450323097
0.1495328690
-0.2409797805
0.4276409605
-0.9512599399
-1.6072488742
-1.6951879494
0.5726788135
1.3430495850
0.2273455740
0.7476954044
0.0418906640
-1.0231664364
1.0245936978
-0.4893001284
-0.0004018084
0.1593259185
1.5472883856
1.0923233751
0.5953751045
0.9728888726
-1.0593880729
0.7401847595
-0.4245584616
0.2631229174
-0.9968395162
-1.8642605914
-0.9606261535
-1.2006636353
0.0155545750
0.4893794305
-0.1851875867
1.3774892470
-0.6229189958
0.1294324580
0.8490074638
-0.0896650369
-1.3397262579
0.0999699105
-1.7580708871
1.1372092229
0.5863285414
-0.8385960687
-0.4022875222
1.2573659741
-0.0542300519
0.5907115225
-0.0216219808
1.9080017150
0.4699764714
-0.3707070925
-0.4820698091
-0.4737426061
-0.7784665033
-0.5798745812
1.0436044159
-0.7879930276
-0.9954741647
0.5299384432
-0.5524641434
0.6104334689
-0.6323049129
1.9486755494
1.8731697065
-0.2381752196
1.1311709048
-0.8842320186
2.5902403164
1.3763639052
-0.8783020811
-0.7136826735
1.7754318849
0.4860406915
-0.5089178198
0.3725841863
0.0576817882
-0.7619958440
-0.7975037778
-0.4580242990
0.7893237649
-0.8586148223
0.3551238372
0.2649288798
-1.4686556842
0.1114042981
1.1248108940
-1.2862552057
1.2301707224
-0.5681893706
2.1771106299
-0.0240200744
-0.9451465162
1.1601518018
0.1254712774
-0.9359924388
-0.4515858347
0.6744970587
0.1512196724
2.3133533878
-0.0871964656
0.2539931282
-1.6328634329
0.3600811822
-0.4032390195
0.8952368128
0.6707406731
-0.4081636109
0.1900242982
0.1630011927
-0.5422114116
-1.0031125973
0.8798880592
-1.3543826147
-0.8082591158
0.2744308919
0.2106069712
-2.1922658247
0.9366063707
-0.7180675224
-2.1197487279
0.4844567258
-0.2988526607
1.4553728152
-1.0183493424
1.2093807299
0.5318978998
-0.6704419460
1.1877374212
0.7756028813
0.0929870379
0.3145301811
1.0729755947
-0.7752353050
-0.2055455006
-0.0802820327
0.4540989675
0.7224088088
2.2355088862
-0.6675084049
1.3494484671
-0.5174490316
0.3873053400
-1.9722778828
-1.1107937238
-1.1337854850
0.4409589544
-1.9250736874
-1.3755320379
0.8501201002
0.8038065826
0.6220521750
-1.1454661440
0.7591291699
-0.9494267677
-0.7413955719
-2.5146776895
1.2547620353
0.6284743914
-0.2237376135
-0.9193559099
0.4316084110
0.3661040050
0.4013642876
-0.4800558600
-1.0335251676
0.8231662854
-1.9746525037
0.2637136630
0.8080388582
3.7527600918
0.0817558580
0.3660144737
-2.1957118667
0.6743608714
1.6978725274
-1.0691638118
-0.3656381531
0.7190944510
-0.2985209779
0.1196064746
0.6536993927
-2.1399054439
-0.7671156212
0.7019021192
-0.5259219845
2.2025310959
-0.2111679505
-1.2784767673
0.1591163015
0.6297104404
2.3858917409
0.0899459266
0.0385028853
0.0034321934
-1.4203702768
0.3769048332
2.3088769710
-0.7357723990
-0.3900159410
1.5110897253
-1.6072972989
0.0096169274
0.6443862859
1.4170443260
1.4623417595
-1.5437249990
-0.1061359714
-0.6959674098
-1.3916391478
0.7336674421
-0.5942497207
1.1119137244
0.6134310000
0.3299893262
-1.3852325374
-0.6658973946
-0.4840249022
-0.9162240939
0.6483037961
-1.1505020995
1.2675290699
0.6429746824
-1.5149530778
-0.4806980309
-0.5608777266
-1.4437051469
0.1551278146
-0.1262460261
-0.3590018393
-0.5223134685
-0.1362181646
-0.7614792059
0.0943153286
0.1456331516
0.8660770366
-1.3142067766
0.7074918025
0.9295549444
-0.1016390877
-0.0237241641
-0.0446998464
0.5311364250
0.2441250604
-0.8228925181
1.0394363920
0.6803125261
-0.6897917804
-2.6515087212
-0.0898576546
-0.1494880393
-0.8038600633
-3.2064846068
-0.2387888551
-0.4036466744
-0.5538120589
-0.5895020133
-0.4501212806
0.6043206698
0.3102731876
2.1196727124
-1.4870368509
-1.0857065395
0.5767956195
0.8194960854
-1.5862565232
0.8803203536
0.7031710198
-1.3472567383
-0.1358058805
0.3936648127
0.7737187333
-0.5537733065
-0.8732321634
-0.3323489300
-0.7949488383
0.5136688189
-1.5183024419
-0.7677630577
