11 4 0.08
6 0 0 0 1 1 0 1 1 1 2 2 2
10 0 3 1 2 1 3 2 1 2 2 2 3 2 4 3 0 3 1 3 3
7 0 1 1 0 1 1 1 2 1 3 2 2 2 3
6 0 0 0 1 0 2 0 3 1 0 1 2
8 4
1 1
0 1
4 5
0 0 1 0 0 0 0 0 0 0 0
0 1 1 1 2 0 0 0 0 0 0
0 0 0 2 2 0 0 0 0 0 0
0 0 1 1 1 1 0 0 0 0 0
0 1 1 0 1 1 1 1 1 0 0
0 0 0 0 0 1 0 1 0 0 0
0 0 0 0 0 0 0 0 0 0 0
0 0 0 0 0 0 0 0 0 0 0
0 0 0 0 1 1 0 0 0 0 0
0 0 0 0 1 1 1 0 0 0 0
0 0 0 0 0 0 1 0 0 0 0
1.3739326356
-0.8116866400
0.1122364820
-0.6136116974
0.4953481480
0.7572896910
-2.0757527562
0.4056513107
-1.3715409025
-1.2456361913
-0.8430474629
-1.5508721100
0.5469549600
0.5031821302
0.6354464903
-0.4863662013
-0.7933391954
0.2895148658
1.3888437662
-0.5282315664
-0.8888316296
1.6584274972
0.9491565027
-0.7824916715
-0.3644228589
0.2672897236
0.1979126543
0.3173758428
1.9220608160
2.0179120341
1.0785703476
-1.1180584622
-0.8911797240
-0.6851329912
-0.8159190446
0.8715977995
-0.2712027362
-0.4239906429
0.0804214331
0.7434027613
0.2699738548
0.6801985170
-1.2598822942
0.7485795785
-1.9433824795
-2.0037062701
-0.5815249632
-0.6988578987
-0.4710664617
-1.0959671441
1.0862845543
0.5239637663
0.1055560067
-0.3084737364
-0.1824220702
0.5157391564
-0.6395845640
1.3083052018
1.4756701323
-0.3808608841
-0.3557027473
1.9902568975
-2.4219015258
1.4323090186
-1.1493022358
0.2739029480
-1.0507724455
-0.1284870627
-0.9994542452
0.3124400114
-0.5940576419
-1.3698237274
-1.0523221209
0.2791829095
0.1139221184
-0.9495151275
-0.0263771161
1.5725585946
-1.8850986623
1.1786962664
-0.2758018053
-1.2012695355
0.0211593643
0.2427170183
2.4904010147
1.5254615044
0.1216647643
0.8092474880
0.0858290258
-0.5448511517
0.9615114867
0.0025731112
0.2967452486
-0.8765961648
-1.1954984414
-0.3290268964
0.3083737850
0.1607926022
1.1217440458
0.3916010883
-0.0865805060
-1.9748473896
-0.4049387607
-0.2177436222
1.6993807300
-2.4594342786
0.3637329118
-1.3338569201
0.0561580697
-1.0291699039
-0.4741035637
-0.5736980730
0.7467869126
-1.1963325568
-1.6137487526
-0.2680216516
0.7476706821
-1.0202150636
0.3997563912
0.5818123179
1.1154460400
0.0728244679
1.2016865293
-0.9314996704
1.5513009089
-0.8167548116
-1.4973943332
0.4329337536
-1.6652591268
-2.0681498276
-1.2413464192
-0.2022595476
0.0397675067
-1.1661765672
-0.2831685972
0.3243195653
-0.3182583957
-1.4699994509
-0.4773310539
0.8950589458
-1.5543977831
-0.2001987458
-1.0237491334
-0.7841909659
0.8340834422
-0.5998322120
-1.2600036184
0.8157240584
-1.2068173047
-2.6814356577
-0.2331048210
-0.1013149788
0.7878984545
-0.7633415529
-1.4992240776
0.4249664078
0.1606472803
2.0158254202
-0.6707867303
-2.4663497639
-0.9191659122
-1.1807843417
1.5346449899
-1.3868641538
1.1402387982
-0.2016215396
-0.0281442318
0.2626129984
0.2343954771
-2.2532351153
1.6557214252
1.5091521202
-0.1790471535
1.5412543741
0.8495470425
-0.6233921962
-0.8454132073
-0.6316865048
1.6498875745
-0.8432093844
-0.5248745205
0.9897443245
1.0296506473
0.8516771462
1.6250504685
-1.0639114825
-1.1333143265
-1.3609283268
1.0515978791
-0.5132383991
1.8845091602
0.9569066018
1.1757812005
0.4298152102
0.0929874144
-0.2405943631
0.8980384116
-0.5971059087
-1.5778002517
1.0553926361
-0.2737250518
1.5988204829
-0.2551057321
0.5560188112
0.4963244130
-0.2397034623
0.2637801211
0.3097969127
1.9649232143
1.5926264151
0.8340353234
0.1786241404
0.5723739898
-0.7955323498
-2.2597102728
-1.1578973370
-0.3136491383
-0.1741595120
0.4000704252
0.4781508437
1.1022797407
-1.7209863594
1.4216054085
-1.0428801570
0.5093378768
-1.4833744263
-0.7841958349
1.3119723121
-1.6381312343
0.8693842776
0.3948560333
-0.3890389861
-0.8374038225
-0.4466931797
0.3891248605
0.0340342340
-0.7747844795
-0.5255536795
-0.7342086954
-1.5749434252
-1.4799961023
-0.2263527247
