10 5 0.15
5 0 1 0 2 1 0 1 1 2 1
5 0 0 0 1 1 1 1 2 2 2
5 0 1 1 0 1 1 2 1 2 2
5 0 0 0 1 1 1 1 2 2 2
5 0 2 1 0 1 1 1 2 2 2
6 3
5 6
3 2
3 3
3 4
0 0 0 0 0 0 0 0 0 0
0 0 0 0 0 0 0 0 0 0
0 0 0 0 0 0 0 0 0 0
0 0 0 2 1 0 1 0 0 0
0 0 1 1 2 2 1 0 0 0
0 0 0 1 1 1 2 1 0 0
0 0 0 0 1 1 0 1 1 0
0 0 0 1 1 0 0 0 1 0
0 0 0 0 1 0 0 0 0 0
0 0 0 0 0 0 0 0 0 0
-1.2480872010
1.3576494637
1.2905191019
0.6627470611
-0.3900178141
-0.8470973887
0.1357204050
1.0362781085
0.1092202183
0.2392361785
0.5517862932
1.0772622270
-0.9387931215
-0.5083238838
-1.2441134077
-1.1679453653
-1.1425960434
-0.1551473305
-0.1302768573
-0.5534647590
0.2869302145
0.9439487731
-2.6711517211
-0.9325539577
0.4880045979
0.4145661372
0.6374488093
-1.8493122299
-0.5864314252
-0.1168347368
-2.0234243463
-1.2952969695
1.8199402938
0.6936551438
0.8885369735
-2.2721694094
2.0226424647
0.0930455916
-0.3285668387
0.8835788047
1.3376413081
-1.4950716749
-0.6304046307
-0.3966799113
-1.0634224419
-0.8201806038
-1.4093204367
0.2483733196
0.4189215131
-0.7139520674
0.6429336786
-0.2315163260
1.0038456522
1.1701315620
1.5552684683
-0.2386362810
-1.8390566736
1.5882515819
0.6110766273
0.6582641690
0.0444402440
1.5293824504
0.1273483040
0.2913385511
-0.3215416846
-0.1005877091
1.3392796658
-0.2573694580
0.5972702532
-1.2288607650
-0.1146058872
0.6194003015
0.3051269038
0.8328793241
-1.1839996122
1.8864961616
-0.6231260413
-0.9200706476
0.4846978137
-0.0481615843
0.8019436577
1.1333640663
0.4071585547
0.2487626276
-1.2550874197
1.0117224515
0.8359494115
1.0793047498
-1.4399706656
-0.9807626275
0.5645421458
1.7812400220
-0.0401392241
0.5222049433
-1.6678026481
0.9772004693
0.7517431686
-1.5190153752
-0.3977068276
-0.6596505090
0.6322540322
1.6667660846
1.5139213002
-0.7162741146
1.4790322524
-0.2277443157
-0.9131191343
0.1479687870
0.2618946142
0.2622660913
-0.2103081237
-0.2340250474
0.3040626488
1.2780429534
0.6881662453
0.5691616909
0.1496190995
2.1859533920
-0.2833579128
-0.5959915910
0.2222948728
0.5858396622
-0.2157144791
1.0484919463
-1.4862375879
0.7993105853
-0.4273178235
0.1831742362
-1.2423739312
-0.8920684053
-0.7804847136
0.3641910680
0.1409962865
-0.7119928097
0.7581501042
-0.6060536107
-0.7292057342
-0.9750382056
0.6716858120
1.3812310846
-0.9652608684
0.5645585945
1.6627608473
-0.3763136146
-0.5732237147
-0.6214265289
0.7560002645
1.1232267170
-1.0350403759
-2.5726888242
-0.2951840125
1.9025259051
0.2456006518
-0.0434778081
1.2661920662
-0.5211713250
-1.3725936581
-0.4813286810
-1.3610240099
0.8075227709
-1.1029157214
-0.0560662630
2.2093403536
1.0092524809
1.4279074610
1.3548560754
1.1735590101
-1.3442969874
-0.3011734600
-0.3394906291
-0.1704040864
-0.2507049606
0.2459775209
-0.9029476458
-0.9362696209
1.2588473936
-0.9892388441
1.9097880941
0.1230568801
-0.5937397769
1.0815425286
1.2507441504
1.9424593237
-0.6921701307
0.4251542423
-0.0915121059
1.5595134063
-0.5104583456
-0.3852583344
-1.0408728770
1.6344688424
-0.1878481847
-1.2972840024
0.9026508011
-1.2094412073
-0.2052665368
-0.0940985301
1.2747647070
0.3843053091
-1.0629560844
