11 3 0.15
15 0 1 0 2 1 1 1 2 2 1 2 2 2 3 3 0 3 1 3 2 4 1 4 2 4 3 5 1 5 2
15 0 4 0 5 1 4 1 5 2 0 2 1 2 2 2 3 2 4 2 5 3 1 3 2 3 3 4 1 4 3
15 0 3 1 1 1 2 1 3 1 4 2 1 2 2 3 1 4 0 4 1 4 2 4 3 5 0 5 1 5 2
1 4
2 1
4 6
0 0 0 0 0 0 0 0 0 0 0
0 0 0 0 0 1 1 0 0 0 0
0 0 0 0 0 2 2 0 0 0 0
0 0 0 0 0 2 2 1 0 0 0
0 1 1 1 2 2 2 0 0 1 0
0 0 1 1 1 1 1 2 1 1 1
0 0 1 0 1 1 1 1 1 0 0
0 0 0 0 0 0 0 1 0 0 0
0 0 0 0 0 0 1 1 1 1 0
0 0 0 0 0 0 1 1 1 0 0
0 0 0 0 0 0 0 0 0 0 0
0.4512898059
1.3609731251
0.0715386303
0.4869356388
-1.4353428711
-1.4617271392
-0.7676297136
-0.6455461933
-0.5809685682
-1.7136526868
0.3239582352
-0.4352835695
-0.6170889536
-0.7290491330
0.3429883714
0.8474623620
-1.8570864713
-1.2785057363
1.2307814487
-1.0926191021
-0.8300950379
-0.1304880690
1.3259043501
1.1388065772
0.0678268386
1.2661499656
-0.2231888449
1.2656134020
0.8264006167
-0.7545281276
0.3603049189
1.1605298283
1.3383775210
-1.3817602804
1.0129580053
-0.1113903945
-2.0139769916
-1.9963761272
-0.3192231817
-0.1707951377
0.1096771991
0.5871065335
-0.9574150583
0.9736546528
0.0366138297
0.0385091294
1.2567404361
1.3131680004
-0.0344633233
1.5005131229
-0.1217913345
0.8421774389
0.9823609597
0.3858816152
-2.1487434394
0.2663649893
-0.5989736830
0.3335525596
0.6991238599
0.6425734231
-0.1525929307
1.5659414166
0.5763697295
-0.4905714626
-0.2770228822
0.0152570347
-2.7548236079
-0.0909507539
0.5025858099
-0.9387283671
-0.7735076014
0.4668460800
0.9564330959
-0.0427886290
1.4595401323
0.8472954730
-0.0196326229
0.4559463395
-1.1342327750
-0.8829111446
0.9784860541
0.1426637424
0.0554279841
0.9757422475
0.2508905784
0.2294683375
0.2600356817
0.1653278062
-1.3274843150
0.3334376465
-0.4843684733
1.1521845473
1.0285942551
0.2560961259
-0.4039461711
1.1170422242
0.5651532593
0.7068031598
0.2466644707
0.6098650408
-1.4548763163
0.3541946151
-1.3731372563
1.0293351398
1.0431068803
0.9522938082
0.9055940824
2.0714958720
0.2178611642
0.2171746488
-0.1430461308
-0.9922271780
-0.2048378414
1.0823108645
-1.7650739480
1.0538284513
0.2676733566
1.8148059748
1.1769868396
0.7457359289
-0.1599822478
0.2851703123
0.7999875169
-1.9372503970
1.4207442554
-0.6844594206
-0.2550447515
0.8126437518
0.8775076555
0.0295109693
-0.4218795162
0.4596929350
1.7775259642
0.5880833332
-0.7073209604
-0.1793271724
0.6320476836
-1.6894378640
-2.4396121072
-0.8692527625
0.2312441290
0.1771700812
0.5227935570
-0.1787735486
0.3927550304
-0.3239086764
-0.5342131309
-0.4027196353
-0.3210821362
-0.1551638512
0.1482515214
-1.5972011007
-0.6879193269
-0.7496485747
-1.0881711206
-0.8038670210
0.2428972411
-0.0300671434
-0.4358883874
0.2806450065
0.4310592368
0.8577220387
1.1249120233
-0.4225111271
0.4183210576
-0.6848234639
-0.5398107359
-0.9042272199
1.8656491196
1.0124462437
-0.9572985268
1.0454485705
1.0899829285
1.5783354228
-0.2154598631
-1.0760084902
0.9522506850
-0.1781795245
1.6541229856
0.4242254187
-0.2711815867
0.4530551996
-0.4292257102
0.7900863302
0.8091665735
0.1682740182
-1.2818428202
-0.0440621753
-0.4133012366
-0.7726740338
-1.0835314567
-0.4935775363
-0.9453204041
-0.2297518312
0.7125684813
-0.4242348487
-0.9207129203
0.7999567972
0.8102962251
1.8493125769
-0.4043624591
-0.2937472800
-1.3579452710
-0.9549200533
1.6332730410
-0.4117598962
-0.3349211289
-0.4905093444
0.1348340065
0.5069364534
0.3674936647
1.0238059958
1.6862364448
0.0990767524
-0.9942726040
0.5048229559
-0.3203868335
0.3635021965
1.0013366030
-0.1632265506
-0.1928467175
-0.8864039578
-2.3708328650
-1.1980282387
-0.2226249050
0.0998317027
-1.8894224843
-1.9673724317
-0.0026413945
1.2030600241
-0.5502438747
1.3244183607
-0.3212784125
-0.5389188673
0.4827044746
0.6540295802
0.0917728234
-0.0048885760
1.0423032152
0.2563941765
-0.4109994761
1.4995040134
