10 4 0.07
5 0 0 0 1 0 2 1 1 1 2
5 0 2 1 0 1 1 1 2 2 2
5 0 0 0 1 1 0 1 1 1 2
5 0 1 1 0 1 1 2 0 2 1
7 0
4 0
4 3
6 6
0 0 0 0 0 0 0 0 0 0
0 0 0 0 0 0 0 0 0 0
0 0 0 0 0 0 0 0 0 0
0 0 0 0 0 0 0 0 0 0
0 0 1 1 1 0 0 0 0 0
1 1 1 1 1 1 0 0 0 0
0 0 1 0 0 0 0 1 0 0
1 1 1 0 0 0 1 1 0 0
0 1 1 0 0 0 1 1 0 0
0 0 0 0 0 0 0 0 0 0
-0.5680541682
1.2338421157
1.1785271782
-1.3277652368
-0.5668887772
-0.7685082567
0.3217313672
-0.6086372977
-0.5895355900
-0.7375719116
0.1316451166
-0.6168440256
0.5069455172
0.5361594170
0.1663387714
-0.5321062858
-0.4245980913
1.8994575324
-1.7303670626
1.6405431960
-1.8591520346
0.9457797063
0.3183232687
0.9180757591
0.1658605076
1.2413996623
0.2216347687
0.9937526890
-0.4282168272
1.1646808678
0.6561859374
-0.1684524232
-0.2254009943
0.7112003127
-2.3634745301
-0.6331036709
-1.1911298784
0.1505304899
-0.3484840796
-0.3518331868
-0.4253340493
0.2793011405
-0.4931701938
0.5524851422
0.0493870080
-2.0919975204
0.2647549841
-0.3012562417
-1.2352285599
0.9519692495
-1.5962895363
-1.6972714556
0.2402053862
0.2133319749
0.3450184131
-0.0984145013
-1.4210811590
0.6850992589
2.3054853219
0.0305294972
-2.5755160274
0.3726754630
-1.6335140791
1.9655939909
1.0614549581
-0.1894985031
0.0232906985
-1.1421167991
-0.9519484939
0.8711911248
-0.5803813347
-1.0426313439
-0.0695348160
1.7098085969
-0.0050324411
-0.3694608803
0.1230102448
1.1345413274
-0.9305776394
-0.6827450020
1.0160492108
-0.0500505418
0.9500455691
-0.6887558846
-0.2871927295
-0.5763849623
-1.3501098859
0.9013945235
0.0912448001
1.1024279195
0.6657902434
-0.8430725592
-0.1317044136
0.5241340834
-0.9157170524
-0.6947059727
-0.5765861187
-1.8841961291
0.1001563511
1.2743651414
0.5784131153
1.7872666900
0.2562674740
0.4128766826
-0.7172345265
-0.3342468390
1.5235048045
1.1307920051
0.8047745439
-0.3418180086
1.6038904360
0.4000530514
0.3520553637
2.0751040441
0.1780675008
1.1740526002
-1.5366982821
0.3597737772
0.6385346969
0.4562420697
-1.0812059982
-0.3945969005
-0.6734798757
-0.8396568946
1.0844177462
0.6381822780
0.3745457976
0.1167439436
0.2765803805
0.5595952826
-1.4674953177
-0.9272728153
-0.2019579225
0.4353348989
1.9436960539
-1.7887772747
1.4067764555
0.7075899627
0.1474889841
-1.3733505235
-1.4303213271
-1.1624555505
1.7979545613
-0.2007409956
-0.2573499373
1.4170934821
0.4183652478
0.6634074384
-0.3247056207
-0.0465972737
-0.4168045094
0.7981653639
-0.0349516725
0.1928091774
1.0949930063
-0.5424553596
-0.3079430448
0.7790095252
-0.8225537908
0.1391642676
1.8273748925
-2.2739145993
0.6559997439
-0.4314929207
0.0381371650
-1.1921997874
0.7024038975
0.5413913420
1.1240234426
-0.0950926234
1.2001344165
0.0364386594
1.6033287892
-1.3143914805
0.3646446433
-2.5718172854
0.4780558864
-0.5432643140
-0.4043976955
-0.1082179187
-2.0949593854
1.8759917839
0.9962154395
0.4199726853
-0.3524895362
-1.0600122179
0.2631955998
1.4458902199
0.2147577314
-1.0022393391
1.4766581642
0.7149708207
0.4458565039
-0.4196635540
-1.0821559313
0.0086479885
-0.2301301215
-0.5316407290
1.5074664485
0.0740108837
