13 5 0.09
15 0 0 0 1 1 1 1 2 2 2 2 3 2 4 3 2 3 3 3 4 3 5 4 2 4 4 5 2 5 4
18 0 0 0 1 0 2 0 3 1 0 1 1 1 3 1 4 1 5 2 0 2 1 2 2 2 3 2 4 3 1 3 2 4 2 5 2
15 0 2 1 0 1 1 1 2 1 3 2 1 2 2 2 3 3 2 4 1 4 2 4 3 4 4 5 1 5 3
15 0 4 1 0 1 1 1 2 1 3 1 4 2 2 2 3 2 4 2 5 3 3 3 4 3 5 3 6 4 6
17 0 2 1 2 2 0 2 1 2 2 2 3 3 2 3 3 3 4 4 2 4 4 5 0 5 1 5 2 5 4 6 0 7 0
7 0
7 7
5 2
2 4
3 0
0 0 0 0 0 0 0 0 0 0 0 0 0
0 0 0 0 0 0 0 0 0 0 0 0 0
0 0 0 0 0 0 0 0 1 0 0 0 0
0 0 1 0 1 1 1 1 1 0 0 0 0
0 0 1 0 0 0 1 1 1 1 0 0 0
1 1 1 1 1 0 0 1 1 1 1 0 0
0 0 2 2 2 1 0 0 0 0 1 0 0
1 1 1 1 2 1 0 1 1 1 1 0 0
1 2 2 0 2 0 0 1 1 0 1 1 1
1 0 1 2 2 1 1 1 1 1 1 1 0
1 0 1 2 1 2 0 0 1 1 0 0 0
0 0 1 0 1 0 0 0 0 1 0 0 0
0 0 1 0 1 0 0 0 0 1 0 0 0
-0.4492856388
0.3153993861
-1.4960534284
0.1572972106
-2.1237494012
-0.3461720130
1.7801361761
0.6156179918
0.3565774827
1.3435516551
-0.3264242263
0.3046966683
0.5556151478
0.7314085586
1.8482140153
-0.3598825165
-0.7008624922
0.1093869563
1.5123961440
0.9222169887
-0.4003931775
0.9158971866
0.1322621521
-0.0500172243
1.8334930110
1.2506002541
0.9713577417
0.7784594340
-1.0370225845
1.2269464655
-1.9194559830
0.5398034931
-0.0072226814
-0.7339268359
-0.9696078240
-1.3926839450
-0.8848066853
-0.6580681518
-0.1518381850
-0.1197884503
-1.2710495703
0.4034278737
-1.3101478917
0.6591932027
1.3485704920
-0.1819614189
-1.2438774843
1.7326293366
0.9947045803
-0.6263889180
-0.0076787103
0.7912076474
-1.1541364118
0.5593846365
0.5745878672
-0.8149331819
-0.4817609903
0.7093036253
1.0384080245
0.0624695024
1.1184045984
0.2110700282
0.0075841666
0.6658000622
1.7272845641
-0.3613682410
0.6543808432
-0.8319401509
-0.3330418751
-1.2120806058
0.1084105456
-0.2447289493
-0.1273112791
-0.3592280893
-0.5977473391
0.1962483880
0.6033163791
-0.4214897397
-0.6804010742
-0.5138829983
-0.2590589859
2.4044449604
-0.0113876458
0.0299835466
0.9419904062
0.4326736676
0.7137913597
0.2606054621
1.0486403710
-0.6958863272
1.0083323962
-0.4483801898
-0.3593911787
1.7988108371
0.0593344747
-0.7994201709
0.1964270356
-0.0920619787
0.5213596023
-1.4212191304
-1.0514224603
0.7469829945
1.8245687047
1.2470158629
0.9499323447
0.4949583241
-0.1080940227
-1.7805903305
-0.9484733435
-0.0154203179
0.2301205898
-1.3203912374
0.0419855980
-1.4699907881
1.3228982598
-0.7105000937
-0.1846359965
0.7851394843
0.5755199669
-0.5682308489
-0.7826606280
-0.6113778749
-0.5047661603
1.4394213597
1.1647764850
-1.1371875396
-0.5620657438
-0.5107632659
-1.2407106015
0.7861958305
-0.4672073139
-0.0886004925
-0.7800813404
0.2918944021
-0.4373899450
0.0111212124
-0.3436075176
0.9389866562
-0.0597517557
0.4572290413
-0.1292492228
-0.4298793442
-2.3528839455
1.0663561855
-1.1352677564
-1.8304436697
1.5519968070
-0.3545926262
-2.1957717780
-0.1560885797
-1.1656586860
-0.1029875408
-0.5252699881
1.0155086659
0.5508518989
0.0372016600
0.9757826488
0.0652203081
2.8443745828
1.8898615816
0.2422244200
0.7111572427
-0.3410830713
-0.4075124223
0.5059435586
-1.0086462316
1.9577338451
-0.7673782487
1.4318960268
-0.0147291371
-0.8575516732
-0.3629933483
-0.0048816391
-0.1292156032
0.0031221163
0.5021084999
1.8012427234
1.4355855207
-1.0317080538
-2.0051690578
0.3503691449
-1.3242265544
-0.6030233674
0.8160297927
1.0645427460
0.2204865936
0.2626753419
0.8496568382
1.1494488592
-1.6331741363
0.2532787764
-0.4353494868
-0.0322244929
-0.3480825070
1.1557401155
-0.3536037711
-0.4543054426
0.9120924446
0.6363823210
0.9744642110
1.6944471759
-0.8433898796
-0.2041586226
-1.0669204048
-0.0787483191
0.9005434845
0.1637265763
-0.4177456464
-0.9361511793
-0.1642092086
1.5920487573
-1.7066519925
-0.2489749252
-1.0947778287
-1.3337704923
0.7137679204
1.2594360591
-0.6033456324
0.8891257565
0.2016136439
-0.4092800481
1.9767085546
0.0196708582
0.7244797278
1.0063589686
0.1546108920
1.7915926720
1.0813161371
-1.2735615911
0.5485474544
-1.4055189673
-1.8496351917
-1.2935085240
1.6228052110
0.7288086253
0.7001999197
1.6954869249
1.1663282044
1.2708006956
0.3796286507
-0.8057554332
-0.9211013108
-0.5383467763
0.4539483931
2.2602557101
0.6758489208
-1.5383936743
0.3396992584
-0.8233913943
0.3547690552
1.9969745053
0.8443633922
0.7771333369
1.1526911386
1.6404826991
0.2566693856
-0.3316534692
0.5776786293
-0.8639766765
-0.4056128291
-1.3169089704
1.4760527082
1.8071339705
-0.7228855029
-0.4129742670
-1.2127947883
-0.0585127074
0.5019512641
-0.4003159893
-0.7240162363
1.0421242796
0.2451474102
1.4714479922
0.9551956159
0.1349847512
0.9094178262
1.7946345385
0.4065139819
0.9770637406
0.1378915866
-0.2047609053
0.5124575845
-1.0617583639
0.5331756557
0.5461420025
0.3641506092
0.3377828198
-0.2177257009
0.3777684136
-0.9060046856
-1.1074492468
-1.4679142092
2.6413493871
-0.0278368281
-0.8091079362
0.0303372556
-0.0700844305
2.1128508960
0.1526687005
1.1149830363
-0.0033579035
1.0426240687
0.3566961637
0.1771363982
-1.0373217939
0.8733186177
-0.1687680326
-1.6566362624
0.5851390163
-0.1136703538
1.6288432810
-1.7868003942
0.1891385667
-1.9540410677
0.2377374455
-0.7603925677
1.3134448996
0.2181713081
0.5262824407
-0.9782459190
-1.5291728612
0.1877758158
0.4798208268
1.1973760306
-1.8723708308
-0.2948291917
0.5597723475
-0.8907212320
-0.1236198842
0.6847704949
-1.2972528608
0.3750125971
-0.1966530021
-0.0464707218
-1.6349251165
-0.7625756875
-0.2547014686
0.1225308968
