13 5 0.18
10 0 0 0 1 0 2 1 1 1 2 2 0 2 1 2 2 3 0 3 1
11 0 0 0 1 1 0 1 1 2 1 2 2 3 1 3 2 4 1 4 2 5 2
10 0 1 1 1 1 2 2 0 2 1 2 2 3 2 3 3 3 4 4 3
14 0 2 1 2 2 0 2 1 2 2 2 3 2 4 3 0 3 1 3 2 3 3 3 4 4 1 5 1
17 0 2 0 3 0 4 0 5 1 0 1 1 1 2 1 3 1 4 1 5 1 6 2 2 2 3 2 5 3 2 3 3 3 4
8 7
6 4
6 1
4 8
9 3
0 0 0 0 0 0 0 0 0 0 0 0 0
0 0 0 0 0 0 0 0 0 0 0 0 0
0 0 0 0 0 0 0 0 0 0 0 0 0
0 0 0 0 0 0 0 0 0 0 0 0 0
0 0 0 0 0 0 0 0 0 0 1 0 0
0 0 0 0 0 0 0 0 0 0 1 0 0
0 0 1 0 1 1 0 0 1 1 1 1 1
0 0 1 1 1 1 0 0 1 1 1 1 1
0 1 1 1 0 1 1 1 1 2 0 0 0
0 0 0 1 1 3 2 1 2 2 0 0 0
0 0 0 1 2 2 2 2 2 2 0 0 0
0 0 0 0 0 1 2 1 2 0 0 0 0
0 0 0 0 0 1 1 1 0 0 0 0 0
-0.6582843923
0.8671610501
1.3794589267
0.7234045643
1.5715852257
-0.2254839517
-1.3073604441
-0.5807170746
1.1340024002
-0.2476956946
1.3005997639
-0.6228334360
-0.6310807517
-0.8604943032
0.8725363121
-0.0643536085
0.1820187649
-0.4302714171
1.0718479664
1.4892966386
0.3765579150
1.2157842179
-0.0000787487
-1.7072024362
0.8328048176
-1.0087888957
1.2476417766
1.0018678661
-0.6091839400
-1.0094959876
-0.0840288735
0.2285435588
0.5496702584
0.9332924390
0.2249907264
1.6384174231
-0.7044801322
0.6909529037
-0.6313721850
-0.6557051205
1.3293789044
0.9212844943
-1.5523872323
0.5132125495
-0.2863186936
1.0169818821
-1.0017299144
-0.0189952820
0.0414775273
-0.3316880440
-1.1410122293
-0.3701428232
-0.3896166178
0.5787303586
-0.9852005124
-0.0181287689
0.6775337568
0.9364342041
-0.9608724782
-0.5430372865
-1.8166102613
0.5814299692
-1.5758062562
-0.2686978917
-1.1303563675
0.5365898145
-0.3814992941
-1.1375955034
0.7951366191
-0.5700831410
0.4218336093
-0.2306068213
1.8319503608
0.5100288242
1.3642036025
-1.5396253619
0.7787455641
-1.5333264316
0.9059326056
-1.1712212332
1.0648004935
0.5860095986
-2.9527543279
-1.1865782518
-0.0421835890
-0.6542535988
-0.3722162250
0.8979671944
-0.3400462752
0.1103839386
0.3446201150
-0.0317869217
-0.1845390126
-0.7878989539
-0.4091923697
-1.1701434072
0.7820265788
2.3307350620
-0.8968040777
-0.5555546493
1.2170320511
0.7648585528
-1.4216378811
1.2818793749
0.9469917952
-0.8146158556
0.5561118422
0.4754098489
-2.3018991898
-0.1327645479
0.9712781192
-0.3000365840
-0.3235151958
-1.4681894269
0.4535468756
0.9287492189
0.0080141457
0.4201478880
0.6051358130
1.4522410629
-2.3442244978
2.3229603820
0.2240731565
0.4188904923
-0.1298305163
-0.3277600101
-0.6608748808
0.2998786465
-0.8031118417
-0.4144466050
1.4273427814
1.1510566854
-0.6183627418
0.7523097877
0.5517552685
0.1604391178
0.0178007448
-0.7222620898
-0.9065026161
0.4262257341
-0.8699942148
-0.6527753062
1.1392991695
1.3646659535
0.7655563437
-1.2210635479
0.4472681028
0.3039895732
0.4731119470
0.7273145571
0.3596333967
-0.1903613478
-0.1660434842
0.1170183466
-0.6177399998
-0.9173928382
0.4405021305
-1.1725305633
-1.5424992648
0.8074602260
-0.7572668687
1.0861366547
-0.1452938431
0.1148602090
-0.2184330423
0.1911594182
0.4452258499
-0.6068708554
-0.0988549399
-1.2288542235
1.3329036520
-0.2690642786
0.6917486246
1.0672190930
0.8169715108
0.1334788511
0.4957133542
0.3005837987
-0.7152904094
-1.0367748833
0.4118071272
0.1215222282
1.2203988367
-0.0597312249
1.0656071362
0.9389632844
1.0064349564
0.0253079442
1.4996590809
-0.8682101038
1.0104315920
0.5638257538
-0.2893759603
-0.4623968080
-1.4897562273
-0.2614533080
-1.0661767067
-0.8207069075
0.4356328332
0.8953889937
0.9018450361
-0.3798833793
-1.0679323219
-0.7141096286
-0.0086601880
1.3081539750
-0.2142986433
0.6213090518
0.3291004568
0.3559467843
0.9334692735
0.4981805484
0.6111316242
-2.1628089972
-0.0846482733
0.8984595414
-0.5574411797
0.4845694028
0.4451982386
-2.1593790592
-0.2210853585
0.0873229053
-1.2910970181
-0.2511077325
-0.1115466310
0.1576346586
0.2428860033
0.3537490453
1.8267730006
1.2084226377
0.4465622768
1.3280618742
-0.2886425120
-1.2659753541
-1.6029441090
0.0472291125
-0.0409839983
0.3003226278
0.3261486830
-0.5190386381
1.2937411262
-1.3999020356
0.5582682208
-0.8263083873
0.3434321988
-0.3189468190
-0.4482106138
-0.3443764099
0.9237845902
1.1993605232
0.9347165465
1.6452888933
-0.3547265312
-0.9314312588
2.0422441591
-0.2180271721
-1.0111622586
-0.2063509806
1.1217641612
-0.1753057068
0.2016959632
-1.8119817183
0.6254910920
0.7448359268
0.0555262472
1.4860339730
1.4440447356
0.2654470226
-0.2265738212
0.8469564107
-0.2216841580
-0.6100534242
-0.9071387870
1.2219029266
0.4316677563
-0.6229559032
-0.4097724059
0.3953687733
-0.5118391600
-0.9203931797
-1.6399138917
0.1950497586
-0.1273568517
1.6959946461
-0.5856678053
0.5861359691
0.0042773390
-1.4574514786
0.5479086012
-0.4973834259
0.2227970582
-0.1492768983
0.3292951101
-0.0457206182
-1.3976422783
0.7188286431
-1.1682748052
-1.8998964065
0.6010072049
-0.5452107722
-0.1275516078
0.0352063649
1.6239730162
0.0307874143
-0.2632338273
1.0682767701
0.1468909463
0.2087202480
0.1816311416
-0.3024885950
-0.6660668646
-0.5663152378
-1.3641541597
-0.9530147611
2.3367644213
0.3111547044
-1.4362790632
0.4587268173
-0.2270857874
-0.7974313245
1.9456467705
-0.7197430701
0.9358073654
1.2087255560
1.0943641500
1.4955697663
-0.4268751251
-1.2413570516
-0.8731984434
-0.2717083136
1.3088329448
-0.4378301975
-1.3849340388
1.0963824174
1.0727731928
-0.4276223407
-0.5603981991
-1.0929149588
