20 6 0.14
27 0 3 1 2 1 3 1 4 1 5 1 6 1 7 2 3 2 4 2 5 2 6 2 7 3 2 3 3 3 4 3 5 3 7 4 0 4 1 4 2 4 3 4 4 4 5 4 6 4 7 5 4 5 6
36 0 0 0 2 0 4 0 5 0 6 0 7 1 0 1 1 1 2 1 3 1 4 1 5 1 6 1 7 1 8 2 0 2 2 2 3 2 4 2 5 2 6 2 7 2 8 3 3 3 4 3 6 3 7 4 2 4 3 4 4 4 6 4 7 5 2 5 3 5 4 6 4
41 0 5 0 6 1 4 1 5 1 6 1 7 2 3 2 4 2 5 2 6 2 7 2 8 3 0 3 1 3 2 3 3 3 4 3 5 3 6 3 7 3 8 3 9 4 0 4 1 4 2 4 3 4 4 4 5 4 6 4 8 4 9 5 1 5 2 5 3 5 6 5 9 5 10 6 1 6 3 6 4 6 9
20 0 2 0 6 1 1 1 2 1 3 1 5 1 6 2 0 2 1 2 2 2 4 2 5 2 6 3 1 3 2 3 3 3 4 3 5 4 3 4 4
34 0 1 0 2 0 3 1 1 1 3 1 5 1 6 2 1 2 2 2 3 2 4 2 5 2 6 3 2 3 3 3 4 3 5 3 6 4 0 4 1 4 2 4 3 4 4 4 5 5 0 5 2 5 3 5 4 5 5 6 3 6 5 6 6 7 3 7 5
48 0 4 0 5 1 3 1 5 1 7 1 8 2 2 2 3 2 4 2 5 2 6 2 7 2 8 3 1 3 3 3 5 3 6 3 7 3 8 3 9 4 1 4 2 4 3 4 4 4 5 4 6 5 0 5 1 5 2 5 3 5 4 5 5 5 6 5 7 5 8 5 9 6 1 6 2 6 4 6 5 6 6 6 9 7 2 7 5 7 6 7 7 8 1 8 2
3 0
8 3
11 4
13 1
8 11
0 7
0 0 0 0 0 0 0 0 0 0 0 1 1 0 0 0 0 0 0 0
0 0 0 0 0 0 0 0 0 0 1 0 1 0 1 1 0 0 0 0
0 0 0 0 0 0 0 0 0 1 1 1 1 1 1 1 0 0 0 0
0 0 0 1 0 0 0 0 1 0 1 0 1 1 1 1 1 0 0 0
0 0 1 1 1 1 1 1 1 1 1 1 1 1 0 0 0 0 0 0
0 0 0 1 1 1 1 2 1 1 1 1 1 1 1 1 1 0 0 0
0 0 1 1 1 1 0 1 1 1 0 1 1 1 0 0 1 0 0 0
1 1 1 1 1 1 1 1 0 1 0 0 1 1 1 0 0 0 0 0
0 0 0 1 1 1 1 1 2 2 1 0 1 1 1 0 0 0 0 0
0 0 0 1 1 1 1 1 1 1 1 1 1 0 1 0 1 1 0 0
0 0 0 1 0 1 1 1 1 1 1 1 1 1 1 1 1 1 0 0
0 0 0 0 0 0 1 1 0 2 2 0 0 1 1 1 1 1 0 0
0 0 0 0 0 1 1 1 1 2 2 2 1 1 1 1 1 0 0 0
0 0 0 1 0 1 1 3 1 1 1 2 1 1 1 1 1 0 0 0
0 0 1 1 2 1 2 3 1 1 1 1 1 1 1 0 1 1 0 0
0 1 1 1 1 2 2 2 1 1 1 0 1 1 1 0 1 0 0 0
0 0 1 1 1 2 2 1 0 0 1 0 0 1 1 0 0 0 0 0
0 0 0 0 1 2 0 1 1 0 0 0 0 1 0 0 0 0 0 0
0 0 0 0 0 0 0 0 0 0 0 0 0 0 0 0 0 0 0 0
0 0 0 0 0 0 0 0 0 0 0 0 0 0 0 0 0 0 0 0
0.3770689881
-1.8921822733
-0.6233529190
0.6278894928
-0.1258373757
-1.1898539015
-0.1751158450
0.6707312277
-1.0466124288
-1.4733527230
1.0341824421
-0.2310564984
-0.9513122089
1.6703288296
0.4038739395
-0.5607991399
-0.9298708927
-0.1248146241
0.0687705105
2.1671619870
0.9910469920
0.1293680731
-0.5176067214
0.4240332348
-0.4057004150
-0.1291031326
1.4173455790
1.6053146553
-1.5991305757
0.7866616721
-1.5411843806
0.2551736356
0.2355570222
0.5861312207
1.8323205352
0.6253684443
-0.4711060460
-1.7257843521
-1.4167499973
0.3084753676
-0.8167203153
-0.0853113053
-0.1668125149
-0.5942236570
-0.2257199643
0.6762329693
0.4323730730
0.0454918193
-0.0552510712
-1.5511851437
0.9612465399
-1.2907138053
1.6679444053
0.7195628393
-0.8448249713
-0.1645302201
-0.4661913468
-0.0860433679
-1.3889245303
-0.2795278555
0.3447455623
-0.6292105179
0.3450852879
0.9751540877
0.2133310775
-1.4017980457
0.4929787182
-1.6865361480
0.5616416683
-2.4532300110
-0.7144119431
1.0925320546
0.9010719711
0.0017909329
-0.8356585972
-0.4726449508
0.1127643001
1.0013904662
-1.0414809092
-0.5060632031
-0.7770288293
-1.0518927394
0.1624823748
-2.0999055641
-0.2537219287
0.0715408888
1.4057985186
-0.1777781128
1.7708150115
0.2538085571
-0.7015362106
0.6027153141
0.5333642994
-0.7857102414
-0.6659001991
0.2227203212
-2.2019826328
0.5061205237
-1.0969882385
-0.4855728359
-1.1096062216
-1.9019474404
-0.6487044629
0.8132124436
-0.0593115048
0.2683675082
1.1149474181
0.1540474283
-0.0357483308
-1.2083567051
-0.8899792180
0.4643347413
-0.7980210461
0.9537081690
0.7399301779
-1.1712454938
0.5700891852
0.9220314133
-1.4677591033
0.9082958431
-0.4252723746
-0.7894221871
-0.0095523352
1.0296424526
0.0194947826
1.5784799416
-0.4813462899
0.5016515198
-0.4212916412
0.3711307827
-0.9531515941
-0.1957029644
1.7770144301
-0.4914677555
0.5577476974
-1.3006996547
1.2293148554
-0.0392912988
-0.1639696986
0.9560904079
-1.2082513887
0.8689219634
-1.6837550560
-0.0914115788
-1.0252143750
1.2611333644
0.3347062197
-0.6339317704
2.0207492721
-1.8831718592
0.7129118954
0.3118374513
0.9954138793
-0.5690858709
1.0806709222
-1.9427957866
-0.6364064456
0.7904798297
0.9749402640
-1.6848902370
0.9065815504
-0.8170084369
-1.3578539814
-0.6548931791
0.4914706020
-0.2557769991
0.2308539822
-0.5511658196
1.0558260726
-0.2271140969
0.3058998656
-0.8368014018
-0.1875379735
0.8773920678
0.1130126967
1.1931866458
0.0940335513
-0.5280162379
-0.3425276754
0.8225441385
-0.8215965982
-0.1275030937
0.5997585251
0.7135219256
-1.7844335741
0.0818072584
1.1896379782
-0.7848232201
-0.7075353106
-0.0898090888
-1.7605183952
-0.2006872735
-0.6073652026
0.0096634272
-0.3821785368
0.4821496920
0.5015173750
-0.4809084362
1.2876779143
0.5577653895
1.3589172908
0.0390019334
0.0454833976
0.8544150312
0.0222533568
-0.9419752826
0.6482578462
2.2757140118
-0.2262424892
0.3504119877
-0.6984032127
0.2402108337
-0.2213287678
-0.0739510999
1.2209801285
0.4996323435
-0.5834090614
-0.2100307050
0.0260699253
0.9386773978
-0.7348544236
0.7384474453
0.9057942207
0.0718975710
-0.5039445151
-1.9800870247
0.5484868663
-0.6878121875
-2.4711212272
0.4732587617
-0.4033573732
-0.5129644330
-1.5588488453
-0.7532392032
-1.6356587183
1.2057890561
0.0030149260
-0.1250017216
-0.2257865144
1.0986368934
0.1055540237
-0.4509638110
1.7716222877
0.2395089319
0.5388440826
2.3053187599
-0.1321925389
0.7297165308
1.8995839085
0.1283963013
-0.6568836931
-1.9780137704
0.9713858004
0.6519245114
1.3761031756
-0.5260394555
-0.4127892997
-1.5220451917
-0.7371697269
0.9548191928
-1.7368185181
-0.4441044133
-0.1740689497
1.0466624192
0.2089992337
-0.3718332106
1.5539891664
-0.3340431432
-0.0770156711
2.9717391339
-0.2769628260
-0.5655024812
-1.1897177943
-1.3150995069
-0.8655910893
0.7803474928
-0.7424408894
0.3753808043
0.3341088894
-1.1541189187
0.5099185271
-0.6264677087
0.5528953996
0.2083993507
0.5999531405
-0.7894973475
-0.2876701343
1.1686080025
-0.0924169023
-2.3467397775
-1.4898717458
-0.4597201674
0.2333089832
-0.3494219897
1.6514385487
-1.0556973781
-1.4709943491
-0.6666983256
0.6862425882
0.2134617716
-0.2790924980
-0.8518151651
-0.2400196853
-1.0753176346
-1.4780922439
-0.5084610684
-0.5923808798
-0.3909534822
-0.8654366021
-0.9468822503
1.1348378923
-0.4210295548
-0.4963358757
1.1345986652
1.9446038673
0.8386239424
-0.2561737921
0.1522482293
0.6787259045
-0.6959167542
-0.2389853168
-1.4878852767
0.6520952182
-0.3870328945
-0.4817091155
0.4110726925
-1.3296889467
1.7938411871
-0.0956249617
0.5844836554
0.2960573503
0.7165600648
-1.3991725526
0.2294561874
3.6283381647
-0.1073802841
0.9244859004
-1.7126926889
0.2319320859
-0.7405078553
-0.3448712069
0.3015544415
-0.1314744738
-1.3941653514
-0.7611625395
1.4949091303
0.4742514130
-0.5863198154
0.3632475715
1.4648087892
-0.0869781718
-0.5617000074
0.0130158170
0.2496484120
0.1368847148
0.2672670696
-0.1922881896
0.6595771485
0.4600261938
0.6257462385
0.2591337974
1.2183068091
0.4643825848
-0.2654875652
-0.3275221699
-1.2416001792
0.5574538653
-0.3539378837
-0.8848132185
-2.2805046888
-0.9800822904
1.8280931632
-0.4079138900
0.6786215098
0.2738601419
0.3959645627
-1.0624727104
-1.2210216477
-0.8563459606
-1.8624971658
-1.0535553003
0.6120869799
-1.0846466691
1.1827884284
-1.2986382767
-1.2994328835
0.0158277448
1.2645825596
-0.4031290520
0.4628064048
-1.0143291593
-0.1615000597
0.3331237093
-0.3761412319
-0.2329109301
-0.0820845371
-0.2483869349
-0.5382161547
-0.3355620677
-0.1354088866
-0.2962315211
-0.4882078615
0.1244918224
0.0400953077
0.7030335841
1.2669049238
-1.3948936655
-2.3575139051
-0.0484419100
-1.9488464895
-1.7438034470
0.2146613719
0.8672480701
0.1598276702
1.1821285609
0.3064368331
0.6532402528
-0.3580653350
0.8696976387
0.1113366033
-1.0679949694
-0.0121773340
-0.7824197612
0.2663569187
-0.2954014861
0.0558940137
-0.1702252898
0.4203645319
1.0963822443
-0.2293220107
-0.9128973429
0.1234446472
1.7959858713
0.7359857624
-1.7570777089
1.0679696880
-1.5910648210
-0.2695354220
1.2894062738
4.0364929849
0.5991320012
-0.9468208696
-1.0991893832
0.0726086208
1.1160844030
-1.4742503117
-1.7928196021
-0.9092267750
0.3811525461
0.7461501973
-0.0335881967
-2.1575350404
-1.6578824736
-0.2514988403
1.2844265832
1.5629892566
0.0448807485
0.4641931284
-0.4218433965
-0.5650599050
0.1110770457
-0.5572909655
0.5241947384
1.3394925442
-0.2788570307
1.0718261683
-0.1852931966
-2.0915890421
0.3872064648
1.0740915499
2.1357243990
-0.6063063250
-0.0542460044
0.7148522077
-1.1443567253
0.9141825784
-1.1602706241
0.2783769600
0.2331476210
0.9669948258
-0.6256105902
1.3752788558
0.7177354971
1.9756509863
-0.2530966638
0.6304461113
0.3818617322
-0.0691855372
-0.4929426339
0.0609852851
0.8480777951
0.7072927815
1.1665743254
-0.6739100403
0.2133257446
0.0451155905
0.5662111869
-1.4881726201
0.4211545089
0.7833597349
-1.3664116623
0.0014384170
0.0250967595
-0.1521593640
1.3052627553
0.8429590792
0.0406788230
-0.2168023181
-0.2787052779
-0.9675288592
-0.9271580579
-0.6163308504
0.0367892222
-0.7157961038
0.8346398519
1.1334176993
-1.9600233294
1.2999946699
-0.4329493742
0.0474036501
-0.2872059556
0.0480249193
0.0308274100
-0.8580088952
0.0219499236
-0.1644615051
0.0881021872
0.7825104282
-0.8951514856
-1.8972882621
1.3596640378
0.4692236046
0.5358524805
0.4426772577
-0.3988696796
0.8254409742
-1.6240637602
0.6404662149
0.2172221349
-0.4010809451
0.5214638026
-1.1585542678
-0.3128560689
0.4894514770
-0.8940777456
0.1345466078
0.6328224271
-1.5473478319
0.1145569022
2.4026893407
1.7926461514
0.3438438863
-2.3596783660
2.2710225609
0.9506843083
-1.2131646467
0.9601097965
1.3369098238
-0.9783588529
1.1810812732
0.2868987168
1.2504828605
0.0091445950
-0.1808479709
-0.8807587604
-0.4512962253
0.2935035989
0.0009685798
0.6004109985
0.8507612405
0.5331009406
0.3146443213
-0.5919543354
0.9218522625
-1.5842497719
0.1870790726
1.7519362739
0.5117135998
1.0605927864
-0.6964583299
0.3634914317
0.6699645822
0.8318283250
0.7318585887
-1.4086083475
-1.3192752572
0.9883977467
-2.2192076580
0.8361466162
0.3954434826
-1.4773625293
-0.1217206001
-1.0274867735
0.5428449984
-0.0972801942
0.9754903155
0.2131926942
0.9506581254
0.6512702752
-0.3812503224
-0.3472034839
-1.1743900404
1.4733723815
0.8049361868
-0.7374617771
-0.4760406893
0.0508609743
0.3096506933
1.2519993163
-2.7693983658
0.6551575892
0.8906096860
-0.3317772604
0.3687184789
1.0847942050
2.2872770745
0.0795533814
0.1346212642
-0.3347517001
-1.3848323947
-0.1773893851
0.2350358754
0.8808639310
0.3730210214
-0.0162398958
1.6584070381
-1.3498889170
-1.3657648424
-0.9816889382
-0.6290902989
0.9234696745
-2.5628855282
-1.1736806401
-0.6659927647
-0.0204664237
-1.1586774076
-0.4879106166
-1.5532347404
0.9429198081
-2.4953951230
0.2702848138
-0.6849230776
-0.3710503627
-0.2395405433
0.4434583544
0.7473948401
-0.8332462384
-0.3953203978
-0.1428932027
0.6655137106
0.1272012403
1.1858938420
0.6234059958
0.6007686759
-0.7008814040
0.5482698696
-0.0608633124
-0.1748275353
0.2246712804
-1.7595277615
0.6427439575
0.7220245518
-0.4525095322
0.1086795046
0.3551896311
-0.6343030027
0.5497000317
-0.6214705229
1.3498407868
0.9218397025
-0.9679777620
0.4355505349
-0.3346544456
1.7202897273
-0.7124757025
-1.4218870158
-0.3519540041
-1.6946270042
0.5778616609
0.9397703629
0.9041866962
-2.3485320460
-1.6379553361
1.5161875678
1.5435316521
-0.7568456833
-0.2008809143
0.5377315887
-0.1159770637
-0.8697705516
0.6586556553
1.9502330438
-0.2521940106
-0.5126181317
-0.3999020664
0.0082363749
-1.3030855609
0.1882296672
0.2055584475
0.4186741750
-0.8991969728
-1.7543202460
-0.4112481977
-0.8678673468
0.0118854678
0.0908002204
1.1128425734
-0.3126921175
-0.5941880616
0.2308713232
-0.8719673017
0.0004089460
-0.7398146071
0.8911639353
1.5092040593
-1.0879440313
-0.8176109604
-0.3243281813
1.5620300123
-1.0791024723
-0.7166836026
0.9881743551
-0.7036648200
0.9406487276
1.2857321494
-1.5293357742
0.1492121322
-0.5206503674
-0.0196737943
-0.0518827014
1.5615109388
-0.4510919159
3.2732481364
0.0985999767
0.1573301070
-0.0622020356
-0.9548695660
-0.7053637860
-1.2895876025
-2.3705419012
2.0373919546
0.0015380934
0.7609783987
1.2684938384
-0.5794163934
1.6637023392
1.0168622550
-1.6955796630
-1.4615476211
1.2115563143
-0.0014599938
-2.1023052968
-0.8064756896
1.8855712735
0.8200518965
-2.5300245568
1.1834072573
-0.0020380013
0.5462158741
-0.5118985324
-0.8735586836
0.6184590987
1.6793838465
-0.0778422832
-1.1711894609
-0.3133910458
-2.6077948403
0.9795891994
-0.1518290038
0.8685500031
-0.8024804577
1.1684529847
0.2811191573
0.6770811015
0.1084185005
0.9782328098
-0.7170577941
-0.9559200180
-0.5893546203
-1.8817806710
-0.0214346918
-0.7294328806
-0.6172305376
0.5996705764
0.2760608037
-0.2207388477
0.6161965366
0.7610875318
0.6470476565
-0.1793883089
0.3453953628
0.0387239531
1.0117986957
-0.9445495420
-1.4957191349
-0.8157465886
-0.5980303086
1.3029558801
0.0173955818
-0.8145464893
