12 5 0.17
9 0 1 0 2 1 1 1 2 2 0 2 1 2 2 3 0 3 1
6 0 1 1 0 1 1 2 0 2 1 2 2
5 0 1 1 0 1 1 1 2 2 1
11 0 0 0 1 1 0 1 1 2 1 2 2 3 0 3 1 3 2 3 3 3 4
8 0 0 0 2 1 0 1 1 1 2 1 3 2 2 3 2
6 3
9 9
0 4
3 5
6 8
0 0 0 0 0 1 0 0 0 0 0 0
0 0 0 0 1 1 1 0 0 0 0 0
0 0 0 0 0 1 0 0 0 0 0 0
0 0 0 0 0 1 1 0 0 0 0 0
0 0 0 0 0 1 1 0 0 0 0 0
0 0 0 0 0 0 1 1 0 0 0 0
0 0 0 0 1 2 1 1 2 1 1 0
0 0 0 0 1 1 0 0 1 1 1 1
0 0 0 1 1 1 0 0 0 0 1 0
0 0 0 1 1 0 0 0 0 0 2 0
0 0 0 0 0 0 0 0 0 1 1 0
0 0 0 0 0 0 0 0 0 1 1 1
0.3659578297
-0.0733621569
0.0536252990
-0.8243030772
-0.2431601951
-0.1883510543
-0.8064791768
-1.2062492681
-1.4327552959
0.9375063981
0.7762625638
-0.5657047236
0.7547472827
0.1493572542
-2.2551643068
-0.5018968433
0.8293093980
-1.7378261575
-1.4099251268
-1.8664711236
0.2112864569
0.5744991950
-0.8427847997
0.0855334502
-0.9962546955
1.1866352296
0.5805764091
-0.5503888421
0.5111083127
0.2042477855
0.2854472018
-0.5985423877
0.5722289471
0.8580433582
-1.8472868543
0.4432645927
0.6926521849
1.0390770152
-1.9250098338
1.6899093180
0.9743904265
-1.8696213261
0.0822618899
0.5745727590
-1.2075279448
-1.2715454122
-2.0685510493
-1.0156020642
-0.2391020312
0.4894527960
1.1223826080
1.7992092271
-0.1352171233
-1.2854921591
-0.4861978391
-0.5298897866
-1.9358508361
2.5269900035
-0.1698700397
1.4351329337
-1.1565081690
0.3571158067
-0.5148713322
0.5137285131
1.1940289190
0.6119103819
-0.1228072977
-1.9760991642
-0.1514794071
0.1722734961
-0.1387851454
0.5754332601
0.3795161987
-1.3489853099
-1.3021090734
1.3205713089
-2.6545486481
0.4201903239
-0.6443425735
-0.9508511399
-0.7751008060
-0.7297635502
0.1816405458
0.9442793327
2.0092684720
0.6222382774
2.3265702417
0.1635949047
-0.4072154531
-0.6419157826
-0.7024953362
1.2937134348
0.5775249672
0.9817172581
0.2225784436
0.2220067156
-0.4917945151
-0.7691683068
-0.5361181226
0.0417978339
-1.0564187509
-0.5108097437
0.3080967794
1.3455613176
1.3733829678
-1.4865880418
-1.4019714762
-0.7447044797
1.1418615687
-0.2918645394
-0.3436748778
-0.2237912307
1.0070573212
2.8479016865
-1.3466298931
0.1802947930
0.4250340749
-0.3312795480
1.0879633150
-0.1939326544
-1.0221546235
0.2203565671
-0.0278583894
-1.1310432411
1.5254865840
-0.9810246311
-0.2484005004
-2.4211700141
0.2110423958
-2.1990132906
0.9402356089
1.0718059868
1.0825999524
-0.2531349992
-1.1472392652
0.0560012852
-1.1917148426
-1.0345602746
-1.1142517583
-1.2393384049
0.4272174549
-1.0019717980
-0.5794147334
-1.1045201331
0.0295759895
2.1027363981
1.5249287545
-0.3059380156
-2.0838653354
1.3764082009
0.6614655250
-0.0378705501
0.3178106366
0.6854854132
-1.2823402944
0.2581746131
-1.5374131186
-1.8157617688
0.5484652558
-1.1147459986
-0.0311919221
0.9439413131
-0.5444753407
-0.3424412714
-0.2250645472
-1.0675349431
-1.4215028907
2.1394887399
-1.1663128120
-1.5507610698
0.9073340854
0.8507611703
-2.0316802085
0.4078425800
0.1468850626
-1.0397081666
-0.0758824782
-0.1010187087
0.1635546141
0.8239690373
1.1550995686
1.5619849058
-1.4378301279
-0.8620995063
0.7444816796
0.7946700862
0.3553290750
2.5210973352
0.5278710154
-1.9146122429
-0.5262587795
0.1095894487
-0.1694918195
-1.0834905010
0.2546247277
-0.1620347463
1.0464948711
-1.0581186986
-0.1268171655
0.6127732881
-0.3510202344
-0.8839194059
-0.7869283248
0.4811468749
0.2138849024
1.2264424069
2.4116970943
-0.6761215403
0.0188143719
-0.0925473477
0.3906116966
-0.7298359168
0.0316809855
0.7923037155
0.3329113683
-0.5976576629
0.8527223306
1.0852431964
-0.8187786820
-0.4283111679
1.1004930813
0.5941413523
-0.0084477869
0.7221683598
1.4134513964
0.2132064834
1.6368004489
0.5836363223
-1.4671600798
-0.5780647395
-0.2717211943
1.5271345412
0.1436350384
1.0338829479
-0.0129151492
-0.6962738797
1.3923740298
-1.8746151262
-2.1263628664
0.7853249186
0.7794449108
-0.1542905576
1.0109104772
1.9161485262
-0.1077279640
-0.9800295767
-1.3706292200
0.4889679145
-0.1106224931
-0.8815309007
2.0476740513
-0.4267378034
0.7404709199
0.2443449697
-0.2299068618
1.4098681418
0.3676310141
-0.0819254737
0.3061404319
0.4707148196
-1.4539017149
0.2979181033
0.4957375483
-0.5707287888
-0.0299310666
-0.3390884152
0.8489161530
-0.3666596597
0.1773553482
-1.3752669796
-0.3519662497
-0.1289452348
1.8821636515
-0.8510169907
-0.4296139207
-2.7821401174
-0.8972451275
1.6007517904
0.8901676954
0.7144502716
0.7341178864
0.7283832270
1.3940740013
1.6391062157
0.9646528855
-0.8273997534
-0.9554671366
-1.7957200844
