14 7 0.20
5 0 0 0 1 0 2 1 0 1 1
7 0 0 0 1 1 1 1 2 1 3 2 1 2 3
8 0 1 1 0 1 1 2 0 2 1 2 2 3 1 3 2
8 0 0 0 1 1 0 1 1 1 2 2 0 2 1 3 0
4 0 0 0 1 0 2 0 3
8 0 2 1 0 1 1 1 2 2 1 2 2 2 3 3 2
5 0 1 1 1 2 0 2 1 2 2
9 8
3 4
8 2
10 6
3 9
5 4
8 6
0 0 0 0 0 0 0 0 0 0 0 0 0 0
0 0 0 0 0 0 0 0 0 0 0 0 0 0
0 0 0 0 0 0 0 0 0 0 0 0 0 0
0 0 0 0 1 1 0 0 0 1 1 1 1 0
0 0 0 0 0 1 1 1 0 0 0 0 0 0
0 0 0 0 0 1 1 1 0 0 0 0 0 0
0 0 0 0 1 1 1 0 0 0 0 0 0 0
0 0 0 0 0 1 1 1 0 0 0 0 0 0
0 0 0 1 0 0 1 1 0 0 0 0 0 0
0 0 1 1 0 0 0 1 1 1 1 0 0 0
0 0 1 1 1 0 2 2 2 1 0 0 0 0
0 0 0 1 1 0 1 1 1 0 0 0 0 0
0 0 0 0 0 0 1 1 0 0 0 0 0 0
0 0 0 0 0 0 1 0 0 0 0 0 0 0
0.2542070462
0.2827564277
0.7444856115
-0.1816312148
0.6542926178
-1.1360723559
0.2738733139
-0.8173363801
0.0484584903
0.2961316791
-1.3816246834
1.2495233076
-0.1652445826
-0.8977656559
-0.3647738460
0.6944327332
0.0720006971
1.5855459732
0.6914038593
1.3968599488
-0.9685223429
0.1512443562
0.4814011581
-1.4819145061
1.3172896499
0.2075009977
0.6620780295
-0.4957603619
-1.4466854988
0.3883871170
1.3739274940
0.1402304948
-2.2360539771
-0.8043608951
1.0455777091
-0.5755444632
1.0079288148
1.4744553475
-0.3929993023
1.1857828153
-0.5600531527
0.3547065881
0.4630364024
0.1685000642
1.4334993066
-0.6055852530
0.5162297238
0.0486480632
1.1643913479
-0.0952322771
-1.3057576712
-1.2713321140
0.2856801810
-0.3582073541
-0.1588576504
0.9746509995
0.4207465308
0.0117000310
-1.1701344232
-1.7263952583
1.1159458303
-0.2520897413
2.1577083638
1.7879685103
0.1889739795
0.2738411811
0.0077233959
3.3318707708
0.9555748744
-1.5891553400
0.3824897599
-0.4871295958
-0.9166386990
1.8454577799
1.0570997987
-0.8662280844
0.4882550719
-0.2444017769
-0.7171651598
-0.9029556826
-1.1669549424
1.9654319661
-0.2098460464
-1.7877482587
-0.1104213324
-0.3733180676
0.3449756030
0.6497408993
-0.0895903554
0.1273510252
1.1486619662
-1.3371411412
0.9083633133
-0.0608058212
-0.7745972334
1.7004322772
1.5920577749
-0.3137165470
-0.3093096004
-0.2730897184
-1.1580145087
0.3362791786
-0.3030143530
-0.7235659657
-1.4468977292
0.4613850714
1.3818524197
0.9237069128
1.7867331015
-0.4457816563
0.6637176861
0.0620516659
0.3074363469
0.5485690641
-0.6893881061
-0.0357060836
0.6267884030
-0.3284598262
1.3799358637
-1.0435729904
-0.8532080228
0.2054606050
-0.1201378422
0.4271665488
1.5598693579
0.4076616594
0.8037644560
-1.2559885626
-2.1782120030
0.2050640322
-0.3786478022
-0.2695370438
0.8412735405
-0.9144829925
-0.0650126324
0.9629397873
0.3838580713
1.2739378241
-1.0093491197
0.4475644716
-0.1365089541
0.9395535808
-0.0752230595
-0.9346121610
-0.7550114589
0.7993105570
0.2857096844
-0.9619202887
0.8044775085
0.0156101704
0.9379865228
0.8986456792
-0.3030354941
1.1005595428
0.1450811290
0.1043559025
0.1737105108
-1.7841845711
-0.7939762950
0.3407232813
0.7791572664
0.0384392322
-0.1208844489
-0.5153762372
-0.4191665778
0.5056694694
0.2223639726
-0.9448283623
-0.4157413667
-0.5100665757
-0.3324200826
-0.5220742459
1.3488821895
0.7162388487
-0.1201915412
0.8810880099
0.9309983196
-0.8352096239
0.3014414596
0.7538391561
0.5989378332
0.3984641925
1.1269448690
1.0249374360
-1.2537179642
0.6863494056
-0.8636609827
0.6775721901
1.4631590715
0.0730287557
-0.0698312256
-0.3376600478
0.1967927909
1.4942042983
1.4009392803
-1.9375731987
-0.3250769347
0.4453658992
0.7388506521
0.4729078468
0.1535534717
-0.9643969186
-0.0995543240
1.4358268792
0.0618401236
-0.6641808208
-1.0720867013
0.3102134907
0.0273407265
-1.4418360599
0.9971252591
1.6041601661
0.9612196875
0.4957720634
1.4200602935
0.0470165169
1.0908225868
-0.0204954069
-0.4380386836
-1.3576785164
1.7306527650
-0.6841653757
-1.9916311482
-0.3593096543
-0.0737992142
-1.0940976486
0.2700104252
-0.3291664883
-0.7451506681
0.4238679619
0.4659991745
0.0552658280
-0.7988807492
1.0688943420
-1.6938290066
0.0428645166
-1.2845597959
-0.8070847531
-0.7326427292
-0.2220697756
-0.5177918016
0.2667998189
1.9918894899
-0.3092263143
1.0590801597
-2.4221625414
-0.6051369784
-0.2418609249
1.3325760094
0.7703555514
-1.6257050698
2.3454566937
0.5726374385
1.1463344737
1.7681578581
0.2237444332
2.2663562083
1.6779052862
0.0154564432
0.4119546572
0.1504195874
0.4317551341
-0.0227650852
-0.0802810753
0.2808738499
0.7671512583
0.7239371661
-0.4979833764
-0.3505381526
-1.1269667504
-1.3596136858
-0.4959125036
-0.3671244697
-1.5652948298
-0.5213266898
2.1243849423
-1.2635104017
-0.6602249554
-0.1562919749
0.1250992753
1.6284601869
-1.3432801491
0.4905186087
0.5209582498
0.5592442618
-0.7756265315
-1.2615694230
0.5548313770
1.2468285506
1.1132666701
0.7376676865
-1.1941682560
0.2425233182
-1.2346485650
-0.8189828981
0.9054105742
-2.7347562771
1.1364825545
-1.3308507446
1.9301359714
0.2105694582
0.7326612090
-0.0047589870
-2.4209145076
-0.4306976226
0.4960901369
-0.2052136438
0.6064570954
-1.1906461770
1.0934508345
0.1148839706
0.4630758045
-0.6927534937
1.4030306048
-0.4137135367
-0.6458180588
-2.2072108635
0.3308606806
-0.6854331888
0.3896372616
2.1054421558
0.6757481153
0.6282574870
0.4673562350
-0.1391157665
-0.3491639379
-0.9313329394
0.3647689435
0.7440241808
0.5470913604
-1.0653901733
0.8252089815
-0.6626902485
-0.0057898208
0.0334084874
-0.7318862807
-1.6802375462
0.9518407474
-0.2856604238
-1.4777933794
0.4970536699
0.8653589439
-0.9128566233
-0.0474251810
-0.4986468664
-1.1185219125
-2.5032454503
1.0314868918
0.0478563749
-1.6762593717
-0.0566003636
-0.9704311443
-1.9132254485
0.1722802959
-0.1519291657
0.6568729535
-1.4954076577
-0.4525980564
2.0591585692
1.0890048910
0.2166377953
0.6151777374
0.2531344994
0.2239367873
0.2878144717
-1.5783862601
0.0133830885
0.1180822149
0.1632486988
-1.5757960363
-0.6734792192
0.7018044826
0.7599272962
0.5042971926
0.0210985136
0.9317946119
-1.0365803505
-1.0590576415
2.4218566957
1.3091391684
-0.4094176528
-0.8045905945
1.0698256654
-0.5100377135
0.5035179495
0.0568401406
0.3043924302
-2.1952637283
0.4778253846
-2.0574019132
0.6568059244
-0.6529257346
