16 11 0.08
8 0 0 1 0 1 1 1 2 2 1 3 1 4 1 5 1
11 0 0 0 3 0 4 1 0 1 1 1 2 1 3 2 0 2 2 2 3 3 0
9 0 1 0 2 1 1 2 0 2 1 3 1 3 2 4 1 4 2
7 0 2 1 0 1 1 1 2 2 1 2 2 3 2
12 0 0 0 1 0 2 1 1 1 2 1 3 1 4 2 2 2 3 2 4 3 1 3 2
10 0 0 0 1 1 0 1 1 2 1 2 2 3 1 3 2 3 3 4 2
5 0 0 1 0 1 1 1 2 2 1
6 0 0 0 1 0 2 1 0 1 1 1 2
11 0 0 0 1 1 0 1 1 1 2 1 3 2 0 2 1 2 2 2 3 2 4
6 0 0 1 0 1 1 1 2 2 0 2 1
6 0 2 1 0 1 1 1 2 2 1 3 1
6 10
2 8
0 5
7 12
4 6
2 5
5 8
2 12
9 10
0 2
11 2
0 0 1 0 0 0 1 1 0 0 0 0 0 0 0 0
0 0 1 1 1 0 1 0 0 0 0 0 0 0 0 0
0 0 1 1 0 2 2 0 1 0 0 1 2 1 1 0
0 0 0 0 0 1 2 1 1 1 1 1 1 1 1 0
0 0 0 0 0 0 3 3 2 0 1 1 0 0 0 0
0 0 0 0 0 0 1 2 4 1 1 0 0 0 0 0
0 0 0 0 0 0 0 1 2 2 3 0 0 0 0 0
0 0 0 0 0 0 0 1 1 1 1 1 1 0 1 0
0 0 0 0 0 0 0 0 0 0 0 1 1 1 1 0
0 0 0 0 0 0 0 0 0 0 1 2 0 1 1 0
0 0 0 0 0 0 0 0 0 0 1 2 1 1 1 0
0 0 0 0 1 0 0 0 0 0 1 2 1 1 1 0
0 0 1 1 1 0 0 0 0 0 0 0 0 0 0 0
0 0 0 1 0 0 0 0 0 0 0 0 0 0 0 0
0 0 0 1 0 0 0 0 0 0 0 0 0 0 0 0
0 0 0 0 0 0 0 0 0 0 0 0 0 0 0 0
0.7920363793
-0.8908813352
0.9914925885
-0.6480844763
0.9044737438
0.0193530765
-0.2107298942
-1.1620542374
0.4423362079
-0.0601038264
0.5018135110
-0.9660196328
0.2756651255
-0.1143652157
2.0827721743
-0.4834710780
-0.2414503365
0.0202011599
0.1929314667
0.0510381395
0.7463952113
-0.8427432950
0.7599270968
2.4070408818
1.9534726744
0.7711801437
1.7125516161
-1.1619923869
0.6064500800
1.7387437035
-0.0563912252
0.3883027371
-0.5509757141
-0.9280648961
-0.1680341787
0.1016825008
0.5219605246
0.0923500029
0.2930189398
0.0067617771
0.4560969558
-0.9347439015
0.1368132231
-1.2897113840
-0.6514007855
-0.2169884141
0.7628839239
-1.2736543927
1.4490287345
-0.5226594646
0.7213916988
2.2837937873
1.0660145583
-0.7148484378
0.6311353217
0.5905131936
-0.0093459182
0.7869449078
0.7910101221
0.1695128697
-1.0327764578
-0.6198775901
-0.4336643627
0.2656248644
1.1297339906
1.1678740249
0.7436274966
-0.5779824176
0.2459059646
1.7091430722
-1.6667516469
0.3849564618
-1.7337217536
-0.6787365634
0.3052524715
-0.3976796094
-0.5019055404
-1.0813864373
-1.8780897427
-1.3367964562
-2.8473006142
0.7318776070
-2.0346380320
-1.6006419435
1.2612714441
-1.6870829291
1.4700769581
-0.3138199465
2.0545874135
-0.2739954681
-1.2111705708
2.4242966026
0.3906619307
1.1667843311
-1.6178006574
1.4837371625
2.4176976316
1.3181670147
-0.2469901033
0.9937903249
0.1111828609
0.6437539777
-0.5111973923
1.6151259363
-0.8799844886
-0.3553266099
-0.2501339565
1.1580634815
0.4109186919
0.1427059167
-0.6837052458
-0.3226520697
1.7874793523
1.0675377583
0.6038206452
0.3599582435
-1.4886473420
1.1841143154
-0.5179791214
-1.2362761774
2.4713675593
2.9720407174
-0.2230189266
0.0955691015
1.6569193578
1.2060524442
-1.2820795162
-1.2599664146
0.1533622489
0.6782069432
1.2572348259
-0.3309946811
0.3043843308
-0.2432067823
0.8160680398
-0.8888698679
0.6760890388
-0.9292688154
-2.9707239903
-1.1664185873
0.2174631065
1.1529312212
-0.2468920857
-0.6268596380
0.5522339292
0.5726464790
0.3973254813
0.6496438507
0.6735730799
-1.1361553279
0.1406166732
-1.1221998036
0.4166024766
-1.0743829541
0.6880635588
-0.6977848273
-1.1779503232
0.7370881532
0.1846206467
-1.3039513397
-0.7106075384
-0.6030939642
-1.5772937407
-0.0426948591
-0.7621277775
-1.9016943494
0.2950173550
-0.2551358928
-0.4978084563
0.4600067919
-1.4642428504
-0.3310514616
0.7076491094
-1.9127726312
-0.4971957367
0.5534033179
0.7813761304
0.4996453432
0.1795637718
-0.3961680120
-1.0839230693
0.8372653571
1.2201701551
-0.0666821258
0.1953251076
0.7749196501
1.1194193195
1.1374714324
2.5898156764
-0.3331915605
0.5187283232
-1.1944230321
0.0532334603
-1.3164735947
-0.7673051775
-0.8294447702
1.0047550362
2.0551177385
-2.1197179876
1.0719581367
-1.5178356615
-0.2749354195
-1.0106087074
0.5524173894
0.7980323504
0.2641707370
0.2855582346
-0.3755069919
-1.0485055479
2.3815710457
-2.4159564639
0.2058414369
-0.8660173840
-0.0511278031
0.1580730258
0.7835003358
-1.3724643796
0.5148435996
-0.9602370789
0.1634927979
-1.6005736083
-1.2229631242
-0.4569766959
-0.7491485917
-1.3670533969
0.5160736800
-1.0995228319
0.5366574794
-0.5998918924
1.5385251030
-0.0641787697
-2.1239374271
-1.6185858472
1.5701930234
-0.6847373192
-0.4369950719
-1.6749077796
1.3523004646
0.2974090495
-1.1070122068
1.0857954955
-1.9349191427
1.4538776342
-0.4189451345
-0.7894815195
0.6228525617
-0.9901726909
-0.2605830103
-1.2751116497
-1.6880728980
0.6359425293
-1.4124637629
1.4492270169
-1.0589166340
0.6626499601
-1.4413615212
-0.1867215789
2.3886276837
0.0180957396
-1.2153212312
-0.5642621320
-0.8254039907
-0.4619299461
-2.0345216687
-0.3205557524
0.1578780667
-0.9014361236
0.8513037810
0.7101171081
-0.1914934908
-0.6183838044
-1.0437519351
1.1347315859
-0.7860163385
0.8084244166
1.2813739308
-0.2184461649
0.6920025934
0.7028703311
-0.0485469346
-0.3114706973
1.2036687383
-0.1342883976
-0.0288986425
-1.4864827704
0.0436094291
-0.0563537579
1.3675030550
0.2622315660
-2.0577862548
1.3059958197
0.0771177095
-0.0259513207
0.4716509772
-0.7025684347
1.0389544141
-0.0856962229
-0.2177252206
-0.5900656939
-0.5069530176
2.2292945343
0.8057194023
0.6195091681
0.1740564057
1.5573088649
0.2051993009
-0.9671287903
-0.7561954361
2.3619675286
0.7842905364
0.0565366718
0.1317182501
-0.2652999877
-0.0742962263
-1.1032781872
1.7302745318
-1.2606251533
0.3975216811
-0.8526726801
0.2744727741
-0.5082103940
-0.5258281801
1.2339976171
1.4632333021
-0.6791712703
0.3809525471
-0.6086767118
-0.7088233060
0.1444371793
0.2040333464
0.2870371346
0.1032401745
-0.2560455783
-0.2392263226
0.4955359292
0.1198651094
0.1726799546
3.5302319494
1.1729157107
0.5187521272
-0.6492822760
-1.4423756939
0.2159941730
0.6992927980
-1.1420825458
-0.2196604647
0.5171044053
-0.5885254381
-0.6322721407
-2.3915948619
-0.4386491355
-0.4367784433
-1.7052042699
-0.4872176512
0.4044309426
-0.7403948939
1.4642595008
-1.2188756735
-1.2783811242
0.3077450876
-2.6383138021
0.7317667895
-0.2285541229
0.5497121851
-0.3424431108
0.5754318393
2.2856674171
0.6893883669
-1.0254400245
-0.3628910137
0.1135447937
1.0171533693
-0.3584140593
1.9639144341
0.5094009400
1.4841873943
-0.2245560883
-1.5571703694
-1.4674813010
-1.5640734407
0.3816310692
-0.4701478729
0.1498418254
-0.8987131962
0.7416106082
0.5057946088
0.7714653211
-0.7716931945
-0.2680941925
-1.2596034760
0.7432887210
0.1347725308
-0.9871921097
1.5360049451
0.2145901729
0.4044979062
1.2608941648
-0.9478500920
0.5948817377
0.4635329905
-0.5545877126
-0.3626026227
-1.0949679551
-0.9586644547
0.5592027168
-0.5515292972
-0.2295940734
-1.2892219644
0.8439055808
0.8464118470
-0.1022973815
-1.2180776960
0.5459423520
1.7995292966
0.7817366935
-0.4855155578
0.0070638352
0.4541013481
-0.3645467559
2.2442214123
2.1775098176
0.0230358471
-0.4985548748
0.5073073423
-1.6418194001
-0.2755269835
2.8318382773
-0.5499968218
-0.0287163099
-1.0860882546
0.5074607940
-0.3933093074
-0.5848163163
-0.8537721618
0.4324948014
0.2864457875
-0.6763163505
-0.7385782863
-1.1722703674
1.1802704952
-1.5156985261
0.1503301345
-2.2712045066
0.4752584176
-0.7677397520
-1.0990904883
0.1851884844
0.2758382653
0.6731700818
2.1115326679
-1.2596576081
-0.4366743972
-0.9194745096
-0.0352746800
0.3799259426
-0.7577571331
-0.0419724688
0.6231101964
0.5042081728
-0.7321156477
0.5731144626
-1.8423891214
-1.3962342557
-0.8114444925
0.4401742356
2.0408264887
0.5388705662
-0.2157174701
-2.1695719810
0.8554217066
0.1990231417
1.3794734586
1.5579609634
0.0895117954
-0.7044396775
0.0504539942
-0.7985166621
-0.6255764902
1.1579186451
-1.3104525534
-0.8897425416
-0.0418507960
0.5217889265
-0.1780266726
2.1159712317
-0.5374877355
-0.5505972094
0.4004233700
-0.1909695155
-1.0918549505
0.0581304869
-0.9534479525
0.0314302561
1.3735857087
0.2731149152
-0.7090722354
1.5995522242
0.5133343054
0.6548128353
-2.8634522333
-0.9671928600
-0.2914429409
0.6546621729
-0.3839486376
-0.2447991652
-0.2408755110
0.2897567717
-0.9882145019
-1.4868526385
1.4415242707
1.0319519729
0.1444358235
