17 9 0.03
11 0 3 1 0 1 1 1 2 1 3 2 0 2 1 2 2 3 2 4 1 4 2
8 0 2 1 0 1 1 1 2 1 3 1 4 2 0 2 3
4 0 0 1 0 2 0 3 0
9 0 0 1 0 1 1 1 2 1 3 1 4 2 1 2 4 3 1
12 0 2 1 1 1 2 1 6 2 0 2 1 2 2 2 3 2 4 2 5 2 6 2 7
11 0 0 0 1 0 4 1 1 1 2 1 3 1 4 1 5 2 2 2 3 2 4
10 0 0 0 1 0 2 0 3 0 4 1 1 1 2 1 4 2 1 2 2
14 0 0 1 0 1 1 1 2 1 3 1 4 2 0 2 1 2 2 2 3 3 1 3 2 4 1 4 2
7 0 1 1 0 1 1 1 2 1 3 1 4 2 0
1 6
5 1
12 13
13 8
14 5
9 9
5 5
12 4
2 11
0 0 0 0 0 0 0 0 0 0 0 0 0 0 0 0 0
0 0 0 0 0 0 0 0 0 1 0 0 0 0 0 0 0
0 0 0 0 0 0 1 1 1 1 0 0 1 0 0 0 0
0 0 0 0 0 0 1 1 1 0 0 1 1 1 1 1 0
0 0 0 0 0 0 0 0 1 0 0 1 0 0 0 0 0
0 0 0 1 0 1 1 2 2 1 0 0 0 0 0 0 0
0 1 1 1 1 1 1 1 0 1 0 0 0 0 0 0 0
0 1 0 0 1 0 1 1 0 0 0 0 0 0 0 0 0
0 0 0 0 0 0 0 0 0 0 0 0 0 0 0 0 0
0 0 0 0 0 0 0 0 0 1 1 0 0 1 0 0 0
0 0 0 0 0 0 0 0 0 0 1 1 1 1 1 0 0
0 0 0 0 0 0 0 0 0 0 0 1 1 1 0 0 0
0 0 0 0 1 0 0 0 0 0 0 0 0 1 0 0 0
0 0 0 0 1 1 1 1 2 0 0 0 0 1 0 0 0
0 0 0 0 1 1 1 2 1 1 1 1 1 1 0 0 0
0 0 0 0 0 1 2 1 0 1 0 1 1 1 0 0 0
0 0 0 0 0 2 2 1 1 2 1 1 1 0 0 0 0
0.2494386313
-0.7821750810
1.3767882952
0.8290761112
0.5823290575
1.2501694770
1.2087580010
-0.0565928281
-1.4965349095
-0.3171097779
-0.3553227715
-1.0209984969
0.0046742847
-0.8833391486
0.2662142056
0.3407540149
0.4052152155
0.1869226028
0.1531325749
0.1949197054
2.7912841269
-0.2454606438
1.0184820455
-0.2410294119
-0.2495690888
0.1887845372
0.3435898120
-1.3893072629
0.6839254603
-1.1414131869
1.4735266363
-1.5217557979
0.7511753421
-0.3236996654
-0.2680461391
0.4132448452
0.0040433581
0.3427159156
-0.6314786365
0.9561220897
0.4292521192
0.9460752885
-0.2201642961
1.1796188061
0.7554525310
-0.2088622604
-0.0235520246
-0.5551331064
-0.8884787628
-0.7822426405
-2.1205639450
-0.1665459944
0.6331625854
-1.3609405127
-0.2701531843
0.8025997414
0.7964088766
-0.7655300885
-0.5023116966
-0.8432494248
0.2923064209
-0.8956272575
1.1975266154
-0.7390470164
0.2725456104
-2.5845361915
-0.0968713413
-0.0914076624
-0.0495365542
0.2261477051
0.3396425894
-0.0338838497
-1.2697164378
-0.0691319524
-0.4384922567
-0.9463903434
-0.7270621222
-1.1386712502
0.0398172789
0.7713274854
0.4021247236
1.8143507706
0.1225999729
0.7216474051
-0.5006486890
-0.4682164024
1.9123387538
0.9490488604
-0.8340619392
-1.7588222589
-1.0333816557
1.2665143506
-1.5480673059
-1.6027416750
-1.3455610118
0.0835455167
-0.4595808503
-0.0335232268
0.7441079612
0.2054451708
-0.2144482143
0.4163735422
0.1211079014
-1.7322679076
-1.4391440266
-2.2506989266
-0.7046282778
-0.2882021810
1.3190105942
1.0304058345
0.1572268682
0.8860267064
1.6996343926
-2.2781171781
0.4244485668
0.5812179776
-0.6253696356
-1.5177495886
-1.2780260603
0.6533561513
-1.9521550323
0.1865254375
-0.0408532602
-0.5629477927
-0.5382384893
-0.0225589864
-0.1596500719
-0.3451284566
-0.4661734758
-1.0046107868
0.7156302496
-3.0323720131
0.5320428901
-0.5627423039
-1.8811968072
-0.7101774822
0.5927756963
0.0220494841
0.6517188318
-0.3785721264
0.8853672264
0.0931488421
0.3686116456
-0.1414334166
-0.2457695507
-0.0457394886
0.6805756805
-0.5532722055
0.3151854152
-0.4361845967
-0.0381312809
-2.0126658066
0.8052631459
-1.3073610904
-0.4978174233
1.2524767652
0.0924673267
-0.9613840700
-0.4626031946
-1.1710433694
1.3240529989
2.7072809356
-0.8748159544
0.2244513226
0.4408398163
-0.6287810143
0.1094494072
1.2266168226
0.4381289174
1.2205579393
-0.2541115547
0.0248879304
0.9435189040
-0.1592677588
-2.0546320189
1.0805437430
0.5005656835
1.0311535598
0.0471720738
0.2609257839
0.5836243853
-1.6087643375
0.7245426101
-0.5935336432
0.7983896099
-0.4804907756
0.5547955005
-0.6609412424
2.1443685338
-0.0529265472
0.0373384096
-0.3697419516
0.3143886798
0.1183306757
0.6816169433
1.3230981605
-0.0136515701
0.4083249699
-0.3378258401
-1.1898139471
-1.2582154287
0.4483922279
-0.3565350154
0.6482314900
0.5168214621
1.4325769427
0.3987289198
1.5130743819
-0.5427163144
0.3003143731
0.2177266567
0.3461342855
-0.4915312218
-0.5230169892
-1.1084208236
0.8628327919
-0.7953367085
0.5797980716
1.7196632791
1.4901378508
-0.4066340458
-1.7952385291
0.3732368626
2.3602662611
0.7396941096
-0.8948200044
2.3048534972
-1.0919743940
0.3451248375
0.3347327908
0.0525077428
-1.6330124511
-0.9444450456
0.7631435858
-0.1116423206
0.7514636259
2.8040197439
-1.4519370218
1.1393603603
-1.4306645745
-0.0208428237
0.1165984299
0.3390125570
-0.7660812915
-0.3245921089
0.8223688320
0.3844616091
0.0446734741
-1.9379431814
-0.5849686794
-1.2990851869
0.6519036444
0.3057736184
-0.2248679755
1.5372801065
-0.8641126846
0.5543139782
-0.2754481718
1.2720396717
0.9779291522
-0.3757695428
0.1801454870
0.2658205725
0.6533367991
-1.4893073927
-0.5691470271
-1.3179643406
0.3247877261
0.0182400941
0.9228674039
1.6060057873
0.1478998501
-0.1996893573
0.0262041937
-2.0150903540
-0.1736009401
-1.9405382701
-0.4016708236
-0.4828044330
-0.1840193647
-0.6106668994
0.3923950569
1.2928651592
0.4959413256
0.5749640174
-1.6898008737
-0.8305154988
0.4517930875
-0.5142717230
1.5889596981
2.1371711143
1.7001041838
-0.9500092423
-0.1202512181
1.1682090023
-1.0837036168
0.3709191337
-0.5082517400
-1.5343877003
1.8131171991
0.6511258247
-1.0143351162
1.7210308909
0.0555052686
-0.9657293505
0.0550127211
0.7320594858
0.1267163161
0.0080116351
0.6042855568
1.0878550171
0.9204328342
-0.1427456502
-0.9892018908
-1.0759245770
2.3072201575
-1.1253447971
-0.3405064125
-0.6860283170
0.8091682677
-0.7197664407
-0.3020351874
1.3112142995
-0.8736558702
-0.2973413534
-0.6912261329
2.5668567429
-1.3445798643
-0.8127780568
0.8626287073
-0.5843564907
-0.2980324854
0.1293145733
0.5656201989
0.3382057853
0.1280399328
-0.7109769014
0.4228542570
-0.9211855398
-0.2334864626
0.3801730623
-0.8973673818
2.3297994353
1.9930140388
0.0289410944
1.2003417565
0.0813595758
0.2207121386
-0.7063902196
0.8013420762
1.1908673451
-1.5798609814
0.4901908807
1.0794551865
-0.9221775598
0.2038226858
0.3399993120
-0.6329765706
-0.0800342271
0.3724300296
1.2525339204
-0.8202215674
-0.6426539028
-1.4886175646
0.7657529809
-0.2621403608
-1.3026061132
1.6786425683
1.3751858751
-0.3071330740
-1.1620987676
-2.0593430595
0.6051722189
0.1093836664
0.5269356814
0.2245124447
-1.2295351621
0.9217052210
0.2523700542
-0.1494930408
0.1471408247
0.0964180185
-0.3942903920
-0.2276641593
1.2567463640
-1.8113035549
0.5407735238
-0.9411474480
0.3494130577
1.2338311575
-0.1955906844
-0.1001057963
-0.1559949328
-0.1774498067
0.2349596406
1.4283824776
0.8259676224
-0.0454183098
-1.4025817338
-0.3537011577
0.0235270862
0.3539367557
1.5454757799
0.5194574608
1.2462634929
-0.4154462863
-0.5414782648
0.1753056658
0.3810210822
-0.2076074356
-0.6905933307
0.7874614574
0.3803137824
-1.3073690361
-0.8363729876
0.7283007559
-0.0849254800
1.8347714444
0.5554435836
0.5169651101
2.0700126318
0.8002393124
-0.3190502699
-0.1049953767
-0.5011295541
-0.6269033170
1.3822417969
-0.3952413091
-0.9862005882
1.2908830252
-0.3289824569
0.8235048355
-1.5481796532
0.3229520550
-0.0598266782
0.4976989957
0.4870276977
0.8349983622
-0.5287948374
0.2311065769
0.0950769772
1.2882792841
-0.6997116368
-0.5605348978
1.6882296476
-1.4846788004
0.2256736249
-1.2445291686
0.9578650292
1.3329170073
1.3850484147
-0.3070083682
-0.2282743022
-0.1613022262
-2.1999192354
0.4703798815
-0.8485421206
0.4312492247
-0.1044717219
-0.2582160855
0.2024088563
0.1829199805
0.5377724072
1.7530970025
-1.5097994705
1.1718882920
0.6829425754
0.9357981166
-2.5482282819
-1.4926926342
-0.5542295098
-0.1155544677
-1.0483998552
-0.4648369179
1.4346306851
1.1685221839
2.4415117145
-0.0202972139
0.1935960659
-0.8976620803
-0.4875880410
0.0239945765
0.1353169505
-1.0541030161
-0.2907864465
-0.2260685338
0.5182875245
-0.4379526770
-1.0517549113
0.5989776418
0.0115428814
-1.6113816713
0.2879912926
0.3480390944
-0.2713554568
1.0784422043
-1.1875010204
-1.1384942737
0.2084075330
0.0370927179
-1.6995883508
0.2064024600
-1.3289173466
0.3338982591
1.3371520881
1.6345675540
0.1616394807
-0.6720598645
-0.5667669566
-1.1603409862
0.5915020216
1.5013731684
-0.8370753379
-1.0237494661
-0.2985572550
-0.6238234089
-0.6944757593
0.1617690371
0.1927089348
0.6359445295
-1.3573555300
-1.1960571494
0.3427311783
-0.8397282869
-0.6613177571
1.9107726028
-0.5175783042
-0.7827378565
0.6374842745
1.4906173410
-1.1135081145
0.5744303550
0.6257147581
-1.7248257245
-0.8229349472
-0.9238430725
-0.9355684792
-0.2044157837
0.6885144238
1.7121970051
0.1302806995
0.4855854504
-0.7048947487
-1.8781190013
0.0120979255
-0.9239935927
0.5158548233
0.5629686990
0.3667874500
-0.3647514396
-0.9747780788
0.3399206749
1.4929273991
0.7653313450
-0.6357285781
1.0406397658
1.5014717158
-0.0306224060
-1.9464050334
-0.7407671475
-0.7313466488
-0.3804612056
0.7718083731
2.5762916793
-0.5243387530
-0.0428034147
0.4276545005
-1.0928855312
0.0279654587
-0.0825650894
-0.5004280392
1.0026418468
-1.2350079317
1.1283125528
-0.3823986959
0.3190402136
-0.9476629404
-0.0199341761
