13 2 0.12
35 0 5 1 5 2 3 2 4 2 5 2 6 3 5 3 6 3 7 4 2 4 3 4 4 4 5 4 6 5 2 5 3 5 4 5 5 5 6 6 3 7 0 7 1 7 2 7 3 7 4 7 5 8 0 8 1 8 2 8 3 8 4 9 2 9 3 10 2 10 3
44 0 1 0 2 1 1 1 2 1 3 1 4 1 5 1 7 1 8 2 2 2 3 2 4 2 5 2 6 2 7 2 8 2 9 3 1 3 2 3 3 3 4 3 5 3 6 3 7 4 0 4 1 4 2 4 3 4 4 4 5 4 6 4 7 5 0 5 1 5 2 5 3 5 4 5 6 5 7 6 0 6 2 6 3 6 4 7 2
1 1
4 0
0 0 0 0 0 0 0 0 0 0 0 0 0
0 0 0 0 0 0 1 0 0 0 0 0 0
0 0 0 0 0 0 1 0 0 0 0 0 0
0 0 0 0 1 1 1 1 0 0 0 0 0
0 1 1 0 0 0 1 1 1 0 0 0 0
0 1 1 2 2 2 1 2 1 0 0 0 0
0 0 1 2 2 2 2 2 1 1 0 0 0
0 1 1 1 2 1 1 1 0 0 0 0 0
1 2 2 2 2 2 2 1 0 0 0 0 0
1 2 2 2 2 1 1 1 0 0 0 0 0
1 0 1 2 2 0 0 0 0 0 0 0 0
0 0 1 1 1 0 0 0 0 0 0 0 0
0 0 0 0 0 0 0 0 0 0 0 0 0
-1.4085951093
-0.1811308595
-0.0291422730
1.4073334576
-0.4524385071
1.5978498025
-1.0531094399
-1.4631464786
1.4530015796
-1.1011188393
0.1589233831
0.2946928727
1.7525358602
-0.7561928921
2.1087966438
1.4072476068
0.2059471189
-0.5780710471
-1.2326388820
-1.2718617397
1.4576774584
-1.0911348618
0.3078785614
0.1122496906
0.5907642881
0.0374305176
1.5252231586
1.5879537903
-0.4515208718
0.2319582485
-1.7776140076
0.8720238776
0.2418413921
-1.6434721504
-0.2873542897
0.3523828995
0.2422599186
-0.8846662247
-1.7071934783
-0.3762520918
0.9705346593
0.9350869070
1.8815264285
0.0932666950
0.2694194727
1.9298547983
0.5933992682
0.6268182717
0.3177888662
-0.1002413527
-0.6907349575
-0.2986279499
0.4389952830
0.8176356353
0.2180447189
-1.3613193576
-0.7807175439
-0.0606948305
0.3756351897
-0.1770329222
2.7547631009
-0.7628902583
-0.1642782685
-0.8715406937
-0.1439832970
-0.4933910216
-0.3698718890
-1.0609692495
0.4729123667
-1.0340917535
1.0926271321
-0.3447992121
-0.0496000036
0.4141857095
0.5706031266
1.6898309149
1.9265976519
2.1438498670
0.5391529711
-0.8369213551
0.9310642687
0.0726779509
-1.5398716343
-0.3907700179
0.8677083387
0.0537099925
0.4892457835
-0.5415937179
-1.6102117398
-0.5889134962
-2.2408855758
1.3582996468
-0.0579352070
0.2162679904
-2.1220610550
-1.0799321049
-0.1514047335
1.0777151449
0.5678381573
0.8991076798
0.2395823357
-0.8734806860
-1.6828551858
-0.5193145850
-2.0400037396
-0.4819707207
-0.5891123028
-0.8736521754
-1.7755889850
-0.5241036086
0.0662246563
-0.1024753899
0.1776763400
-0.7547700226
-1.0252751128
0.3153041798
-1.1525063006
0.2572652656
-1.4076770881
-0.4939216769
0.8235165836
1.5752081374
0.4024362451
-1.1961654364
0.7826718771
-1.2825227270
0.2174454710
-0.7196849675
-0.9068216347
1.6134307057
1.2156621337
-0.7886260757
-1.8082145764
0.8920062449
-0.1252818644
-0.2224831221
-2.2624200225
1.1024450972
-1.0940243828
-1.2175833855
-1.3466949815
0.6394143828
-0.5602118618
-0.5527325904
-0.7823651963
-1.3295028999
0.2451148467
0.8159015876
1.7407888102
0.5346882719
-0.6072139110
-1.3832609658
1.4165685254
2.3950165199
1.9843378595
-0.4968894622
0.9922729363
1.1366305592
-0.5916694522
-1.4501363447
0.9206797206
0.3113492752
1.1980118571
-0.9375802748
-0.1255086406
-1.0460570540
-0.3756001133
-0.1828873197
-0.3529776082
1.0853261819
0.7442603298
0.7281958909
-0.4307119528
0.6829844654
-0.2668252256
-0.2549765317
-1.1513842406
0.2363168017
-1.2270338331
0.0545951391
-1.6635719960
-0.0459197181
0.1460107758
0.1019962498
-0.9431719028
-0.0094649217
-0.8149575367
0.4811122638
1.0503016098
-0.0652077021
-0.7694531940
1.3821365066
-0.0167679176
0.1342132617
1.7871539046
-0.9160997822
0.9430062965
-0.6399027513
-0.2072092827
0.5255803402
0.1648410820
0.4396821440
2.5515754194
-1.0129901882
0.3680524095
-1.1940065154
-0.9643242061
-1.4334369148
-0.6434447168
0.8285127290
1.0119630335
-0.9388832636
0.4651493569
0.6034025643
-0.7565182830
1.5889505074
0.1940824956
-0.8052822901
-0.0532147426
-0.9323166833
-1.7122203302
-0.8916120257
-0.9159062377
0.7882252387
-1.1764677105
0.2566849170
1.0142922653
0.2659718022
-0.6986437088
-0.7656474362
0.4331093613
-0.6035315639
-1.1576293359
-1.2623730033
-0.9684766379
-1.0077384202
0.7983030885
-0.3764348916
0.8335669848
-0.6471546569
-0.8022964796
1.5437831057
-0.1663388247
0.0921807445
1.8863211456
-0.2047344338
1.1967518965
0.1860855458
0.9908101445
-0.8142406617
-1.6596395763
-0.0193413917
-1.7868163420
0.5127376630
-0.1268810563
-0.0630831652
2.2127219302
1.3917916652
-1.0002057913
-0.2675498380
1.3570760988
0.5196210432
-0.2411845070
-1.0950075160
-0.4594243177
-1.2409740747
-0.0469089099
0.9990906155
0.1378128623
2.2445562611
1.0955154287
-0.8043670249
-0.6530742507
-0.2527740201
0.7094950662
1.2165246398
-0.6874540389
-2.6602046668
0.6526879429
1.5157727829
0.0641001566
0.8139336164
0.7426000197
-0.9174560443
2.2120131095
0.0149481829
0.3555391499
0.0911979648
-0.2824126513
-1.8110916348
1.5769380927
0.2704209505
0.5328073873
-0.1652781149
-0.2166785879
-0.4749279663
-0.4663153418
-0.8161327014
0.2479682603
0.8535231349
-0.1208696701
-1.0205651746
1.4888664003
-1.1671117737
-0.2394595566
-1.2760628455
1.3800226857
-0.1445999705
1.3856806215
0.0263067876
-1.2356438160
0.4960873122
1.3181633287
0.7611589017
-0.1534738144
-0.1170109399
-0.9161588613
0.4152588579
-0.8045231435
-1.1456417645
-0.0544346684
-0.2513842966
1.0646779265
-0.6242238407
0.3622406353
-0.1159085782
0.9409659485
-0.9709239508
-0.9616680373
0.9087456559
-0.4763556623
-0.1807480247
-0.0250823160
0.5330361161
-0.2182960534
-1.2757294658
0.5649305444
0.2360719042
