17 7 0.17
13 0 1 1 1 2 0 2 1 2 2 3 1 3 2 3 3 4 2 4 3 4 4 4 5 5 2
14 0 1 0 2 1 0 1 2 2 0 2 1 2 2 3 0 3 1 4 0 4 1 4 2 5 1 6 1
24 0 4 1 4 1 5 1 6 1 7 2 4 2 5 2 6 2 7 3 0 3 1 3 2 3 3 3 4 3 5 3 6 3 7 4 3 4 4 4 5 5 4 5 5 6 5 6 6
20 0 6 1 1 1 4 1 5 1 6 1 7 2 0 2 1 2 2 2 3 2 4 3 2 3 3 3 5 4 2 4 3 4 4 4 5 4 6 5 3
15 0 1 1 1 1 2 1 3 2 1 2 2 2 3 2 4 3 1 3 2 3 3 4 0 4 1 4 2 5 1
14 0 3 1 2 1 3 1 4 1 5 2 0 2 1 2 2 2 3 2 5 2 6 3 2 3 3 3 4
11 0 2 1 1 1 2 2 0 2 1 2 2 3 1 3 2 3 3 3 4 4 3
2 9
1 13
5 7
5 8
11 4
1 9
2 2
0 0 0 0 0 0 0 0 0 0 0 0 0 0 0 0 0
0 0 0 0 0 0 0 0 0 0 0 0 1 0 1 1 0
0 0 0 0 1 0 0 0 0 0 1 1 1 2 1 1 0
0 0 0 1 1 0 0 0 0 1 2 1 1 1 2 2 0
0 0 1 1 1 0 0 0 0 1 1 2 1 2 1 0 0
0 0 0 1 1 1 1 0 0 0 1 2 1 1 2 1 0
0 0 0 0 0 1 0 0 0 1 0 2 3 3 4 1 0
0 0 0 0 0 0 0 0 1 1 1 3 2 1 2 0 0
0 0 0 0 0 0 0 1 1 1 2 2 1 2 1 0 0
0 0 0 0 0 0 0 0 0 0 2 2 2 1 1 0 0
0 0 0 0 0 0 0 0 0 0 0 2 1 0 0 0 0
0 0 0 0 0 1 0 0 0 0 0 0 1 1 0 0 0
0 0 0 0 0 1 1 1 0 0 0 0 0 0 0 0 0
0 0 0 0 0 1 1 1 1 0 0 0 0 0 0 0 0
0 0 0 0 0 1 1 1 0 0 0 0 0 0 0 0 0
0 0 0 0 1 1 1 0 0 0 0 0 0 0 0 0 0
0 0 0 0 0 1 0 0 0 0 0 0 0 0 0 0 0
-1.0979508806
0.6737354091
1.4357542735
0.6154924787
0.3063389487
1.8135535812
-0.8079758285
1.2776415330
0.4453888418
-1.0143164411
-0.6220107462
1.5724755590
0.3524052820
1.2467873972
1.9515535600
0.4447303784
0.8220287018
0.5278121618
0.4133574392
0.3434755162
-0.5508497748
-1.6318645318
-0.1547054150
1.7493179452
0.9908500675
0.5771810293
1.6607420577
0.7547334015
0.0455470989
0.7187362846
-0.9003160397
0.8324412644
0.4291039991
0.7821943614
1.4486931540
-0.9703506206
-0.2508539957
0.0498878772
1.3232317887
0.2127744118
-0.0816689078
-0.1060749589
-1.2865502431
-0.0806133802
-0.7427467625
-0.0824230119
0.4154496677
2.9058939016
0.1537610896
-2.1153601150
-0.3389515960
0.5780450571
0.5661007625
-0.9490156921
0.8990164230
-0.0117871367
0.8826627702
-0.7216429417
-0.0507249890
-1.1003764657
-0.6241227937
-1.8764556556
1.5620208146
-1.1196945839
-1.4879459086
0.2278240230
-1.7117766191
1.1850346927
-0.8573871087
0.9108583040
-0.5773519290
0.0773321033
0.8370244718
-0.4949646807
0.3665003137
-1.8364971410
2.3036286054
-0.2129417171
1.1028935215
-0.2243775604
-0.3450159044
1.3761770924
-1.5061080986
-1.0446717481
-0.4282488453
-1.3762726617
-1.1682249982
0.6152759993
-0.0298409480
-1.0252900893
-1.6443906148
0.6722528759
1.4288959651
-0.0571160258
-2.2554007344
-2.9545436665
-0.7627387909
-0.8267328792
0.5974560795
0.5440906277
0.0962872803
-0.8152344897
-1.2269173217
0.7222292975
-1.0389181077
1.6479721557
0.7015892895
-0.2693872841
-1.0093865829
-0.0240745669
-1.2231819549
0.3544669529
-0.5203996094
-0.4059240098
0.8898097624
0.5460304321
0.7566945486
0.3944900080
2.7974154830
1.9003830276
0.9387236886
-0.6113470367
0.0448142421
-1.1739300301
-1.4061755192
-0.3539160809
-0.0884771096
0.3888019842
2.5730758702
-0.5457259028
-0.7876861254
-1.9624075813
-0.3048148004
1.4489327538
2.4854089375
0.2712629404
-1.5393564624
-0.5329150890
0.6404669323
-0.3988097708
0.0228873181
0.1190467864
-0.5456153033
-0.4101082883
0.1908097944
1.6703093450
0.8567538608
0.4278625534
-0.4580800808
1.8414088615
-0.8624874093
0.0690907439
2.0829909962
0.7368377994
1.1793002501
-0.3970759728
0.8663051673
-0.3298078086
-1.1468991369
0.7553478724
-0.4524728246
0.5969629328
-1.0524080234
-0.8120750804
-2.0594201975
0.3702609220
-0.3775198001
1.5044864604
0.3385266794
-1.0103985821
-0.2462553351
-1.9281808073
1.1131156107
-1.0166479876
-1.7495592989
0.9200175376
1.6999917641
0.2502078810
0.5292265138
-1.0669979706
-0.1462766440
-1.5864273774
-0.6650308019
1.1382045438
0.4683011171
-0.7607097076
-0.7505757791
0.6622450995
-0.0621709403
0.6008944575
2.1145951364
0.9795341288
0.0100291042
-0.8312432583
1.2582891884
-0.9316807930
1.4874305447
1.5675268893
-1.2114972773
1.3819115080
-0.6699686050
-0.7498162483
0.4673494016
-0.6120605762
-1.2679016974
-0.1253614785
-0.8660010579
-0.8116096810
0.1484179133
-1.5525700933
-0.4115620173
-0.4635396774
-0.1802359646
0.3826945766
0.4674007942
-0.7877705538
0.4040353259
1.1315350453
-1.1058814733
2.1219113141
0.1123235613
-0.5127860694
-0.9738673708
0.5663309178
0.2507522837
-0.1067757969
-0.3762307142
-2.4331694991
1.5503104181
-1.2422068745
0.4083349833
1.5690791880
-1.4527093146
0.7915878853
1.2593508561
1.2265387433
-0.7048159636
1.9457758673
0.5142464233
-0.2175746807
-0.6173270486
-1.7820519323
-1.4317069362
1.0709574692
-0.5001632659
-0.0468559373
0.0509314293
0.2033015666
0.0588669942
-0.3943310954
1.3581025071
-0.1785289763
-1.2023247855
1.3424599518
-0.3698212430
0.1309579792
0.7431437149
1.7469110335
1.3265479621
0.6011602264
-0.9184089609
0.0530382574
-0.7352782633
1.8307524817
-0.8902681668
-0.8714086439
-0.0484064225
-1.5175393888
0.5372564381
-0.4769021916
-0.8090892070
-1.3670285906
-0.3173388797
-0.8777803744
0.1212174058
-1.5945319020
-0.7460180272
-0.9303531567
-0.4084596713
-1.5350356476
-0.4770769151
0.5357989691
-0.0322439957
1.3492743334
0.5336121425
1.0361237026
0.1744114837
1.2057398398
0.4577004317
0.8326709469
0.5134993065
-1.2782615896
-0.1574811954
-0.3656204046
1.7493836838
-0.0526007551
-0.6375561322
0.3641053940
1.5324446189
0.1087958247
-1.5277323587
-0.6881655435
1.6725646776
-1.2830513096
2.2240899121
-1.6504753160
2.1337511407
0.3913038207
1.2208049802
-0.4450629404
-0.6543963911
-0.3331625551
-1.9035446309
0.1240769166
0.2712022287
-1.1297191825
-0.2834148859
0.7840918489
-0.0057682520
1.2952930083
2.0752285402
-1.4900139954
-1.6941856799
1.1498455537
0.5559557580
-0.8283511738
-0.1986850180
-0.5693776370
0.5393094806
0.0596349470
0.6411426535
0.3818505663
0.1329566985
-0.7681038773
-0.0400526432
0.6164725176
1.4878854734
-1.8818543551
-0.0971583384
0.9215149981
-1.4070933804
-0.9973010295
-1.2430830296
-0.5702175857
0.9351271100
0.8027001120
1.1437978563
-1.6460901975
0.6973918608
-0.7959720905
-1.7995336174
0.5069410945
-0.3403105136
2.2261188175
-1.8896885062
1.1814315159
0.6983990063
0.0945826833
0.3913273556
0.3850402797
0.0862600467
-0.2463996241
0.4415209090
-0.7510797338
-1.9036950223
-0.4234881356
-0.3541837881
0.1495464347
-0.9343856409
1.4311705546
-0.1335289893
2.4357750159
-1.6123964108
-1.8538570034
0.3200393588
-2.1126886547
-1.0340304536
1.8721617291
0.7655957610
0.2561247886
-1.5514291110
0.9556615523
1.7048640223
0.0562985758
0.0246627035
-1.9247242498
-0.5545383088
-0.0771042122
-1.1040206693
1.4133509120
0.2858658763
2.4519274923
-0.5061614683
0.3147723577
-2.7097007502
1.8576321345
-1.0467918891
0.0029889861
-0.3471830298
-0.2514845604
1.2298371865
-1.8931672699
1.3953303057
-0.3306036956
0.8331731043
0.3709151610
1.1388674318
1.4242873354
1.1769040805
0.0363777432
0.0713719368
-0.2171973530
-1.6762848574
0.2785679245
0.9762553723
-0.0106072308
-1.5542084281
1.2250380701
-0.4006178637
-0.7247652766
1.2722613106
-1.1781522185
-0.2837693323
2.2929065586
-0.6323821434
-0.7731934946
0.1914077401
0.2755817642
-0.1841582974
0.4845557810
-0.8045449362
-0.4170468391
1.1250189164
1.5084002911
-0.4654452779
0.2881173836
-0.1646993406
0.5906414203
-0.3559193496
-0.2355175405
-1.7877879639
0.5632396490
1.9022656617
-0.3834780115
-0.0739499535
-0.6942745249
-1.3122868025
0.8893930907
0.5663586324
0.0964315999
-1.3139478989
-1.5263394402
0.3535393894
-1.3539022886
-0.1996177859
0.3680554855
-0.7389876117
-1.6254556163
0.9836681050
0.7779935222
-1.9251072815
-1.6963701950
-0.9699618566
0.1335128594
-1.3203635249
-1.3776929662
-2.4090358424
-1.6681152237
0.7361552544
-0.4779885838
-1.3729750182
-0.0424619494
1.0105217881
0.5016565084
0.3213148670
0.0302042573
-3.6616323151
1.1627571086
0.7266152476
0.0382874300
1.0364182494
-0.5937358609
0.7130083348
-0.8561748151
1.3689094616
-1.9892421746
-0.8671533982
-0.8162483484
-0.8336850170
-1.0579711419
0.7852317618
-0.2025850355
-0.5273261195
-1.4090930051
0.6740588173
1.2375879924
0.0595127433
0.4847545690
1.0747601763
-0.5019695155
0.4489115876
0.2990289965
0.9897275948
-0.0981928610
1.1638862344
-0.5564966641
-0.3968679313
0.0685373944
-0.9352850231
1.3993670790
1.6100977734
-1.1716199463
-0.0113107750
0.7745008547
0.3254415254
0.5262730457
-2.3232226582
-0.5270772140
-1.1943311342
-1.3819986493
-0.5865900110
-0.2029197611
-0.9546164147
0.7830578733
0.9690467722
1.4326383110
0.9163658441
0.3431669754
-0.3460187879
1.8028812406
-1.0402287398
-1.7973706710
-0.3390673682
-0.4660775481
1.0618884035
-1.4655710118
-2.7295399005
0.4720095557
-0.3168684444
0.3674991609
-1.4941590785
0.4048547646
-0.2449384448
0.3809887057
0.3182051668
-0.9524630393
-1.3658895269
0.0540908175
0.9676945647
-1.8162647396
0.7868102596
0.1803842087
-0.9656795651
1.2635832548
-0.8224307017
-0.2202079564
-0.0071934559
-0.5896479187
1.8878656306
0.7999010991
-0.5530121563
1.0058806086
0.0402542653
0.6281900893
0.0706637587
0.9577105083
1.4572186039
1.2596166124
0.4199583985
0.9746624585
-0.7422745928
0.4856235199
0.3010955370
0.4124248792
-0.9101289931
-0.0244916227
-0.2099768361
0.7317038680
