11 2 0.01
19 0 1 0 3 1 1 1 2 1 3 1 4 1 5 2 0 2 1 2 2 2 3 2 4 2 5 3 0 3 1 3 2 3 4 3 5 3 6
45 0 4 0 5 1 5 2 0 2 1 2 2 2 4 2 5 2 6 3 2 3 4 3 5 3 6 3 7 3 8 4 2 4 3 4 4 4 5 4 6 4 7 4 8 4 9 5 1 5 2 5 3 5 4 5 5 5 6 5 7 5 8 5 9 6 1 6 3 6 4 6 5 6 6 6 7 6 8 7 1 7 2 7 3 8 0 8 1 8 2
4 2
2 1
0 0 0 0 0 0 0 0 0 0 0
0 0 0 0 0 0 0 0 0 0 0
0 0 0 0 0 1 1 0 0 0 0
0 0 0 0 0 0 1 0 0 0 0
0 1 1 2 0 2 1 1 0 0 0
0 0 0 2 1 2 2 2 1 1 0
0 0 1 2 2 2 2 2 1 1 1
0 0 2 2 2 1 2 2 2 1 1
0 0 1 0 1 1 1 1 1 1 0
0 0 1 1 1 0 0 0 0 0 0
0 1 1 1 0 0 0 0 0 0 0
1.3607712264
-0.7563527531
-0.6664958118
-0.0442107818
1.0607338761
1.2452586814
1.3116121020
0.0457305146
0.5392290860
-0.3065109834
-0.3545792190
1.4868623456
0.0863426887
0.4918654911
1.8137959382
-0.3444567106
-2.2292797422
0.2778450815
-0.6749338192
0.4364818816
-2.0572920271
-1.3564293472
-1.0825167274
-0.0278803048
1.8961949940
0.3728546469
0.0761166351
-1.3411767765
-0.3952191258
-1.6529103448
0.1633421143
-0.9517887274
1.8014061057
-0.2493841897
1.2521182738
1.2398355991
1.8924764872
-0.4526137413
-0.6298664001
-0.3342812807
-0.2081824237
-1.0555144875
0.2314734458
-0.9059072925
-1.9645723064
-1.6248423525
-0.8923521492
0.3444031543
0.1754507291
-0.0834417545
-0.6260814495
-0.3555671028
-0.3698612957
-2.0862926902
0.2961413078
-1.4325125445
-0.2242398487
1.6203410836
-0.9536863445
-1.0387402279
-0.4436200699
-0.0614469929
-0.2742425402
0.8593258865
0.0305011760
1.0704158916
-0.0260723067
-0.1499810317
3.1860828953
1.0080760434
0.6570842848
1.9615404446
0.0413848388
0.5986415698
1.3141918549
1.3654031319
1.4964081651
-2.3703122960
-0.5307128714
0.3485057284
-1.2787458227
-0.1225222086
-0.0483056323
0.2830403220
-1.2920249988
0.3957404321
1.2144540984
0.6211349400
-2.1174792714
-0.3552764097
-0.2674468627
0.6621528131
1.1944924637
1.0596742348
-0.0408546144
-1.0874098586
2.1111076927
0.3638535374
0.9194632395
0.3675198802
-0.1195529332
0.9648708404
0.9766511396
-1.4545389253
1.2419361994
0.0579027786
-0.9815617133
1.1151778319
-0.5304509264
-0.5806592031
-1.9261545032
-1.1728586526
-0.8096991629
1.5744267955
1.2068713848
-1.6661955429
0.5879123464
-0.2979514072
0.5700757391
-0.5029542568
0.3379061126
-0.9177823109
1.4314344403
-0.5192631921
0.3048100218
0.4867347143
-1.1529554137
0.8708619283
1.0193096125
0.3490727160
-0.0766198789
2.2676611838
-1.0818884866
-0.3746390589
-1.5080485220
-0.1684454189
-0.3707345555
-0.4104058778
-0.8434192999
-0.8621905876
0.4093535092
-0.1394165110
-0.7459968512
0.3306653953
0.8314260519
-1.4648741436
0.4800513484
-1.3019358616
1.5325552358
0.6287628363
-0.7796754438
-0.9866863834
0.0910812693
1.7602864294
-0.5372368239
0.6519524953
0.2541586638
0.8829110409
0.0336727128
-1.0690807498
-1.9935161415
0.5379059747
0.3679743811
-0.0355153271
-0.7088064713
-0.6305671159
-0.6885180241
0.7408119870
-1.2461757169
-0.1037631124
0.9336998772
-0.0296503025
-1.4469428375
-1.0346116706
-1.5826069615
-0.3682547679
-0.0772781670
-0.9712978061
0.9023193532
-0.6359927385
0.0616046707
0.6235029265
1.1340610578
-1.1691061621
-0.4900470142
1.7006108634
-0.2979343865
-0.6242147344
-0.1744262036
0.8503284221
1.0740078027
-0.5888131973
-1.5869368823
-0.0116379588
0.2555230343
-0.7727729525
-1.0197903417
0.2853952809
-1.1135184888
1.0054200483
-1.8562568135
-1.8917948065
-0.7146412512
-0.2737900028
0.8577755350
0.2522406544
1.6693954476
2.0138526002
-0.9073053261
0.3511279519
-0.4858641890
-1.1248002259
-1.2997674871
0.5979263809
-0.6397893256
-3.3479964701
0.9826814550
0.2513832889
0.7640124089
1.6323291610
0.1700493812
0.2460012406
0.5119460745
0.4537534652
0.1088535063
-0.1459826468
0.0617299003
1.0618940016
-0.5146126404
-2.8434595184
-1.5686144621
2.0180810827
-0.1755668017
1.2608646153
-0.7619010935
0.1781294279
0.2078815370
0.7064000682
-0.5378281522
-2.1400270588
-1.3292542418
0.4278479802
