12 4 0.07
9 0 0 0 1 0 2 1 1 1 2 1 3 2 1 3 1 4 1
15 0 2 1 1 1 2 1 3 2 1 2 2 2 3 2 4 2 5 3 0 3 1 3 3 4 1 4 2 5 1
11 0 0 0 1 0 2 1 2 1 3 2 0 2 1 2 2 2 3 2 4 3 2
8 0 0 0 1 1 0 1 1 2 0 2 1 3 0 4 0
6 0
2 0
8 1
7 3
0 0 0 0 0 0 0 0 0 0 0 0
0 0 0 0 0 0 0 0 0 0 0 0
0 0 1 0 0 0 0 0 0 0 0 0
0 1 1 1 0 0 0 0 0 0 0 0
0 1 1 1 1 1 0 0 0 0 0 0
1 1 0 1 0 0 0 0 0 0 0 0
1 2 2 0 0 0 0 0 0 0 0 0
0 2 1 2 1 0 0 0 0 0 0 0
0 2 1 2 1 0 0 0 0 0 0 0
0 1 0 2 2 0 0 0 0 0 0 0
0 2 1 2 1 1 0 0 0 0 0 0
0 0 0 2 0 0 0 0 0 0 0 0
-0.2429243259
-0.3089941066
-1.8760668271
-0.3958827714
-0.4546526906
-0.7994412119
0.2357078763
-1.2317002893
0.4537475923
0.7855178044
0.9060203490
0.9635745608
0.2084132936
0.4726958809
-1.3141701396
0.1788926394
-0.6121637486
0.3389394341
-1.3358714340
-0.9379843178
-0.7326034148
-0.3843391213
0.1862297496
0.5690295849
0.2007212832
0.6783740144
-0.0107857300
-0.3869040791
0.6758747131
-0.1810623240
-0.4165360386
-0.4078433723
1.7915999614
-0.5672283981
0.6675282467
-0.0643338697
1.3188655984
-0.8607734304
0.9359461794
0.8041050144
-0.3282275626
0.8420393611
-0.3197804925
0.6703495783
1.7501375871
-0.4286675502
0.3073895389
-0.5636371408
0.7522732324
-0.8716232647
0.3561019477
-1.5698530378
-1.2584464531
0.7929843750
0.2367917234
0.8324712311
1.8063178303
-0.5251110171
0.0710618595
-2.3637767068
0.9475564990
-0.0287237564
-0.7142183358
-0.0674202886
0.2253100289
-0.3538604830
-0.2174155915
-1.7188760021
-0.1642886671
0.9241584533
0.2018305409
1.0561757906
0.5782585971
1.2050693021
0.9203426677
-1.2717539111
0.4664772536
0.4486053503
1.1515193181
0.5452689881
0.9117404806
0.1895126073
0.9741874426
0.6794087460
-0.5988412908
-0.6240154349
0.1909969247
0.8525214339
0.1711911282
0.1637196557
-1.0780804123
-1.0963059016
1.8976287008
-0.0711104848
2.9704914218
0.6518225395
-0.0933095024
1.0413222705
1.6643459283
-1.1248608216
0.0726262574
-0.4117988063
-0.6700104369
-0.3811809768
0.3563971688
2.1836039673
-0.6525352657
0.3055540612
2.8964469433
-0.5152078320
-0.0195273743
0.0467996224
0.9727540606
-1.1979135130
-1.5290250981
0.7243160129
-0.8847039426
0.3817007543
0.0972293955
1.0458383284
0.1704010131
0.8732732338
0.6921088865
-0.9006517858
-0.6447380555
2.0185571913
0.6660301407
-0.7500590951
-1.6075964697
0.9963136560
0.8620772106
-0.3825705922
0.6582490287
0.8911251163
-0.0671029784
-1.0319182680
0.0538074549
1.4066385123
-0.5462947562
0.6752935062
0.2582781836
0.2921483745
1.0278185069
-0.1174329990
0.6811589109
0.9822808250
-0.9968083720
-1.5262800334
0.4116573180
0.0420833530
-2.1978087220
-0.5887725025
-1.6067580274
1.3719935234
-0.5017290011
-1.0448404048
-1.8555779285
-0.9164446866
0.3197624781
1.0568482081
-2.2048472189
0.7659477075
-0.0298305386
1.2015783538
0.5508521326
-0.0408276331
0.0289872372
0.3725290098
0.5779423230
-1.9526387865
-1.4542106059
-2.5834415598
-0.5401913520
-0.0930055082
-0.6697105576
0.4219270201
0.4812592684
-1.0549169526
0.7023576228
2.9684405738
2.7302464033
0.6147677987
0.3258468725
-0.6808523347
-0.0901245217
-0.0835207454
-0.6500296181
0.2400447441
-0.2015956148
1.0324408550
0.7064192761
-0.3539827572
1.9970086231
0.6998215469
0.1167271150
0.7884427723
0.7998544558
-0.6079313448
0.5463230852
1.1187803942
-1.2129044286
-0.5949875907
0.7803715469
-0.4685665986
1.3233254768
0.8220672285
-0.0178132638
-1.0221569398
2.1046899438
1.4452254203
0.0588021061
0.6117218935
-1.3569153344
-2.3468756949
-0.3280838303
0.2078444931
-0.6863285354
-0.4082170113
0.2088121853
0.5353147927
0.4153865186
0.4910545802
0.6348984918
-0.7829630782
-0.0730002593
0.8312390696
0.1408041895
-1.4276899270
0.0127456556
0.0931397366
0.5331057839
-1.0015617480
-0.3183882216
-0.6009397846
-1.5519773596
0.0765078698
-0.0487427139
1.5293970682
-0.3475515546
-0.1877504708
2.0225937933
-1.1010129334
-2.3498437293
-0.6045198513
0.2062818705
0.9486058621
1.3516682460
-1.9757757922
0.3629559837
1.0086001990
1.1236809323
-1.0782442207
0.0503714921
0.3073348589
1.7539264942
-0.5235682062
2.3055656766
-0.1264832313
1.5087939758
-0.4257597915
-1.1848129638
1.0416641912
0.4117105849
-0.9254287396
-1.3871208827
-1.4573050805
0.4456433927
-0.4815711476
0.4151589219
-1.5847908220
-2.5919437165
-1.6491540818
1.7454867873
0.1034977948
-1.1025123532
1.2018240042
-0.5084397129
0.3522854239
-1.3917976255
-1.6541609713
2.0115651872
-0.7426484275
0.6715021034
-0.0755297349
1.1301078926
-1.5112074586
0.8251659594
-0.4674258577
