16 8 0.09
11 0 2 1 0 1 1 1 2 1 3 2 2 2 3 2 4 3 1 3 2 3 3
11 0 5 1 0 1 1 1 2 1 3 1 4 1 5 2 2 2 5 2 6 3 6
13 0 1 1 0 1 1 1 4 2 0 2 1 2 2 2 3 2 4 3 0 3 1 3 3 4 0
12 0 1 1 1 1 2 1 3 2 0 2 1 3 0 3 1 4 0 4 1 5 1 5 2
11 0 0 0 1 0 2 1 0 1 1 2 1 2 2 2 3 3 0 3 1 4 1
13 0 0 0 1 0 2 1 2 1 3 1 4 2 1 2 2 2 3 3 0 3 1 3 2 4 1
13 0 0 0 3 1 0 1 1 1 2 1 3 2 0 2 1 2 2 2 3 3 1 3 2 4 2
11 0 1 0 2 0 3 1 0 1 1 1 2 1 3 2 0 2 2 2 3 3 3
9 6
2 7
3 9
9 6
6 7
2 5
11 0
8 3
0 0 0 0 0 0 0 0 0 0 0 0 0 0 0 0
0 0 0 0 0 0 0 0 0 0 0 0 0 0 0 0
0 0 0 0 0 1 1 1 0 0 0 0 1 0 0 0
0 0 0 0 0 0 0 2 2 2 2 1 1 0 0 0
0 0 0 0 0 0 1 1 1 2 1 0 1 2 0 0
0 0 0 0 0 1 1 1 0 1 1 1 1 2 0 0
0 0 0 0 0 0 1 1 1 2 1 0 1 0 0 0
0 0 0 0 0 0 0 1 1 1 0 0 0 0 0 0
0 0 0 0 1 1 1 0 1 1 1 0 0 0 0 0
0 0 0 1 1 1 1 2 2 0 0 0 0 0 0 0
0 0 0 1 0 1 2 2 3 2 0 0 0 0 0 0
1 0 0 1 0 0 2 1 1 1 1 0 0 0 0 0
1 1 1 1 0 0 1 2 1 1 0 0 0 0 0 0
1 1 1 1 0 0 1 1 0 0 0 0 0 0 0 0
0 1 1 0 0 0 0 1 1 0 0 0 0 0 0 0
0 0 1 0 0 0 0 0 0 0 0 0 0 0 0 0
-0.7708975869
-0.5089760076
0.1082069056
1.6160743806
-0.4188284983
0.7794572483
1.2293116470
-1.4761423162
0.7146319309
-0.0280977765
-0.7526796851
0.3005056113
-2.6122542590
-0.9592804149
0.5853547046
0.8400784644
0.9152791781
-0.2023709423
-0.4500853128
-0.5081687801
1.3019904328
-0.0400649005
-0.4009701580
-0.8078968385
-1.0444678866
-0.9680384783
0.4345673934
0.5528963149
-0.2445231352
0.7216073026
-2.2121938789
1.4841277443
1.4349600573
1.4187610976
-0.8367891686
0.1273198201
-0.7679240793
2.0698739299
0.1026706951
1.0642911756
0.1503499760
0.3453998027
0.4342637447
0.7199157526
-0.0445207953
0.7165300673
0.1287918180
-0.6170404139
0.2789886652
-0.9416925593
2.2575547083
-0.3200191227
0.8299511529
-0.4679644873
-0.9337322311
-0.2803451443
-0.7587573485
0.2045001488
0.7606568425
0.1799897405
0.9244209191
1.0652634439
-1.6990910630
1.2462340337
-0.1476756907
-0.4107335842
0.4973203018
-0.5396613461
-0.0791766594
-0.7191456087
-0.4831894075
1.8695302257
0.3305794334
-0.7794192011
-0.3284181511
-0.4987101593
-1.0229495061
1.4264946170
0.3484516278
-0.4593469764
0.2897852697
-0.5011829692
1.6172837609
0.1757177213
-0.7492644521
-0.1083620977
0.0996067437
0.0610947873
-0.9564761510
-1.7566027058
0.2991725569
-1.2156589134
0.6849418720
-0.5989076029
0.0106324010
-0.5947851622
-1.2003489352
-0.1063237562
0.4257185918
-1.6319672000
0.5064376766
0.4545052302
1.5888713290
-0.4366924570
-1.3709888660
-1.4039108546
0.4013877266
1.2829179724
0.1812759707
-0.5668318655
-0.2970025021
1.8154090690
0.1019535923
-0.2436691097
0.5210752356
0.3011885830
-1.1336303543
-1.1089040201
0.5807303574
-1.8141990305
0.8411697053
1.1182474856
-0.4276813913
1.4575536587
-1.4164119612
1.3829228898
0.9089591297
0.5186834191
-1.0530972135
-0.9873806528
1.4608970216
0.4857552728
-0.8920759431
0.8506443292
1.2695027268
0.2189137878
-0.1186853284
-0.7938030408
-0.2778719756
1.6846866303
-1.7910870804
0.6277425370
-0.1048013808
-0.8769844154
-1.1880644559
-0.0265018528
-0.8327078199
-1.1821660739
0.7593925426
-1.4482437668
-1.5957737314
-0.0735805583
0.6531392761
-1.5871999330
1.7765710167
0.6934474436
-1.1472410769
0.5152430843
2.3578302592
0.6979419986
-1.0802045804
-0.2834115853
0.5652930796
1.0645381362
0.3386576157
-0.2606868442
0.7377663058
-1.0489663294
1.5333556970
-0.4511280722
-0.7388040111
0.6709152420
-0.2458797654
-0.2110544592
0.1900704431
-0.3837106203
-0.7107478503
-0.7858240472
0.9748804912
1.2770495099
-0.8378470994
-0.0609281983
0.2740228241
-1.4219761529
-0.3826140464
-2.3039415682
0.2981740733
0.1578206934
-0.6072845941
0.1935161909
-0.0551884528
1.8266777433
-1.0133052510
0.1715527349
0.8908919295
0.3787952431
-0.0217616163
-0.6447115701
0.2670253742
-0.7382521590
-0.5383050747
0.0390586182
1.0935604891
-0.7555997890
1.2371840780
1.4168853330
-0.4810265060
0.3814980223
-0.2639504474
1.5997318412
1.0157367695
0.9476104696
0.2900990062
-0.7456581177
1.3748348026
0.1213510756
-1.4780473092
-1.1781819788
1.9026111568
-0.7294401359
2.3021276232
-0.6385907028
1.1448744976
0.3257322111
0.1920746960
-0.6222513326
1.2646201891
-1.8419875103
-4.2111458681
-0.7685609798
1.0021842328
1.1487625066
0.4804356666
-0.0273003986
0.1912598274
-0.4024687963
-1.4389053524
-0.3562893753
-2.7537350068
0.7605770142
-0.7598891227
1.5252532664
-1.6785546727
-0.5627409205
1.0492202725
-0.4005519210
-1.6437230170
-1.3378231884
0.3556300544
1.7755831553
1.1520118078
-0.6500351058
-0.0074991307
0.7021194478
0.5864726836
-1.2614546758
0.8055386008
1.5505347795
-1.1468986808
-0.6248435509
1.0939213240
-0.2977124323
0.3411238038
-0.5223999033
-0.5025099831
0.3789570962
0.1284670773
0.9076946939
-0.7484248807
-0.1336895212
1.2567358064
1.2702103085
0.2040577486
1.9068358642
1.4014873980
1.5733218173
-0.6443693411
0.0221492432
-0.9457511288
0.2732362243
0.5496588350
-1.7172545259
-0.3432008832
-0.0044702239
-0.2496934546
0.8077506272
-0.4537028361
0.1742174447
0.6616285549
-0.0426777325
-1.5426361834
-0.2504826317
-0.1052064473
-0.6807606413
0.7088867399
0.6264308054
-0.6172405504
0.7442558628
1.3936336727
0.5082741854
0.0463138315
1.4205401733
0.9382143155
0.4790299575
0.6653049047
-1.1380078779
-0.3837049794
-1.3808727213
-1.4701719561
-0.8890158740
-0.1693188481
-0.4741324607
-0.2315026452
-0.1875381881
-0.2573099861
0.2685078043
-0.8021683091
-0.0446854879
-0.6611667420
-1.2813152774
1.4128459212
-0.3665943578
-1.9101161281
-1.3073575698
-0.8382251959
0.1271790847
0.5828916729
0.1599185850
-0.8396028460
-0.9290149420
0.5066508517
0.4145343830
1.6404490254
-0.4895084837
0.7508138458
-0.6290381168
-0.6181634563
-0.4706284005
0.2516354185
-0.1254416450
-1.5536172184
-2.5284634185
0.9773280055
0.2093526661
-1.5588406085
-1.5353536541
0.8579276700
1.1834388072
-0.7152435116
0.7810716884
-0.5378190222
0.4318798316
-1.4660893507
-0.0016616334
1.3540334469
0.9722344378
0.1159860499
-1.0550468670
-0.1073565143
-0.8159834545
-0.5791023680
1.3545361204
-0.4778032701
-1.6556166913
0.7242109941
0.7022942633
0.9647872503
-0.5548925574
-0.4596779497
0.8132903210
1.9687819366
-2.0765371232
-0.1639318804
-0.5016099663
-0.6029620304
-1.9237906988
0.6824158800
-0.0984042766
0.3728980074
-0.8960942989
0.2096949026
0.9208169709
-0.8190738136
0.5633374066
-1.0616123273
-0.8671297859
1.1238185970
-0.7035878712
1.0026017959
0.9177946995
2.8374763645
-0.3233989542
1.1079618097
-0.5793251722
-1.0352546580
-2.3780049773
0.5391005593
0.2051025730
0.0448947133
-0.8516662882
1.1812685429
-1.2969661054
0.1316964492
0.0547436332
-2.6806853762
0.6754059781
-0.8637107844
0.0992115869
0.2523852301
-1.1434220482
-2.4251536520
-0.0809783518
-1.4995863823
1.2219667811
0.4524519575
-1.8008107928
-2.0596865109
-0.4348144962
1.1511889326
-1.0918546000
-0.2312574710
-0.6755622140
-0.2828989318
1.0943310910
1.0114779877
2.3681877053
-0.4738640558
0.0905439832
0.1340956928
0.4815375767
-0.9856352114
-0.1009536280
-0.8418417637
2.2985889233
-0.3560920280
0.3563643087
-1.2297625969
-1.9315532830
-0.8983014183
1.2025660486
0.9855783890
0.2346001653
-0.8715548262
-0.9053549427
1.0487830451
0.8103384505
-1.2361619613
0.0579268880
0.8022538467
0.3743782454
2.4171431351
0.2851705436
-1.9147799754
-0.0033055756
0.3973372756
0.5921116201
0.8689008325
1.0344015534
0.3018799148
-0.0309267968
-1.4287982706
0.3935899815
0.0702185045
-0.2656833160
0.0858851620
-1.2639256263
-2.2429404139
1.0947680180
0.6250603843
0.8352808569
0.7462489457
0.6670245624
0.5812357520
-1.7737203137
2.5534999419
1.3728025919
1.2525149978
1.9682150035
-1.8684757403
-1.2935984187
0.0205753570
1.0729730093
2.0531913008
-0.5974232208
-1.6131207691
0.4724597228
0.7369680378
0.6604898093
0.8120105579
1.4772861186
-1.1055372172
0.9113817831
0.3487387127
0.5066268834
-1.2872596367
-0.6140308586
0.6154325153
1.2854572867
1.0508109958
0.8433854876
0.6663073258
0.2711995008
0.7427810941
0.5792318727
-0.8004945933
-1.7674349825
-1.3722907895
0.4621155514
0.9878814876
0.5420148261
-1.1717071875
0.4929514498
