16 11 0.05
5 0 0 0 1 1 0 1 1 2 0
5 0 0 0 1 0 2 1 0 1 1
5 0 0 1 0 2 0 2 1 3 1
5 0 0 0 1 1 0 1 1 1 2
5 0 0 0 1 1 1 1 2 2 2
5 0 1 1 1 2 0 2 1 3 1
5 0 1 1 0 1 1 1 2 2 2
5 0 2 1 0 1 1 1 2 2 1
5 0 2 1 0 1 1 1 2 1 3
5 0 1 0 2 1 0 1 1 2 0
5 0 0 1 0 1 1 1 2 2 0
1 10
1 0
10 0
13 9
2 4
8 11
3 13
7 12
1 9
6 8
1 6
0 0 0 0 0 0 0 0 0 0 0 0 0 0 0 0
1 1 1 0 0 0 1 0 0 0 1 2 0 0 0 0
1 1 0 0 1 1 1 1 1 1 2 2 1 0 0 0
0 0 0 0 0 1 2 0 0 0 1 0 0 0 1 0
0 0 0 0 0 0 1 0 0 0 0 0 0 1 1 1
0 0 0 0 0 0 0 0 0 0 0 0 0 0 0 1
0 0 0 0 0 0 0 0 0 1 1 0 0 0 0 0
0 0 0 0 0 0 0 0 1 1 0 0 0 0 1 0
0 0 0 0 0 0 0 0 1 0 0 0 2 1 1 0
0 0 0 0 0 0 0 0 0 0 0 0 1 1 0 0
1 0 0 0 0 0 0 0 0 0 0 1 1 0 0 0
1 0 0 0 0 0 0 0 0 0 0 0 1 0 0 0
1 1 0 0 0 0 0 0 0 0 0 0 0 0 0 0
0 1 0 0 0 0 0 0 0 1 1 0 0 0 0 0
0 0 0 0 0 0 0 0 0 1 1 1 0 0 0 0
0 0 0 0 0 0 0 0 0 0 0 0 0 0 0 0
0.1136410849
0.2993398595
-1.1561411838
-0.3255519033
0.2487868036
-0.4465890054
1.7761327142
0.1876125717
0.9880411417
-0.2675880862
-1.2433812758
0.3529333725
0.9648844969
0.1190664445
0.1270809028
-0.2993017379
-0.7469126503
0.0474059642
-0.3240619361
-1.6191029926
-0.5532896613
-1.0593565984
1.0542648750
1.0519290774
-1.9894871683
1.0302654474
0.2803023387
-0.2785091533
0.3285255099
-0.2029133508
-0.3313116531
0.3662721899
-0.0320551187
1.0393756396
-0.5430677089
-0.3562179876
1.6130186178
-0.3374705702
-1.4035230970
-0.6354612536
-0.7293641841
1.0518646308
-0.8341337050
1.0880672288
-0.6794395150
-1.4700973769
0.7773862006
1.4542915526
1.4725731499
0.2005799897
-1.7257234552
-0.6710492350
0.1483397960
1.4307218405
1.0450904669
0.1424963415
-0.6799325689
0.7233216042
1.4970647307
0.4170566327
-1.8206887800
0.4797653605
-0.3054776444
-0.0640463636
-0.8469094817
1.6501956162
-1.1382990072
-1.3600901562
-0.4927098347
-1.2760840559
0.4687111304
1.0368656425
0.1607932572
0.1378307428
0.8778694565
-1.3996801114
0.9460263989
-0.4543735894
-0.3761476015
-1.3872494361
1.7248735374
-1.9878050015
-0.0000459330
1.1580705555
-0.5367100163
0.4573896309
1.0654603301
-0.5805580841
-2.6622104517
0.4897208551
0.0223884422
-0.7815113837
-0.0723368813
0.3240348923
-1.6266624199
0.9873299381
-0.9446570972
0.8111004587
-0.0939730350
-0.4116472002
-1.6148562539
-1.9868100629
-1.1662731899
-0.9366886462
-1.0220211942
-1.3970835807
-0.5562771042
-1.6013364381
-0.2295898892
0.6362975598
1.1201318667
0.9346714435
0.6081459300
0.3284683835
-0.7354426064
-0.7256014978
1.3576002648
2.1297935049
0.1713448031
-0.7379874000
0.3168268954
-0.3767258123
-0.0218610885
-0.0736825343
-0.3458325665
1.1818819257
-1.5620437438
0.0419455399
-0.8035856577
-0.4115864160
-0.2153591653
0.6273247542
-1.0122158252
0.6616606388
-1.5700672125
-0.7715940684
0.3220432306
0.3864754401
-1.0583015850
-0.5275241491
0.5492884507
1.4864444529
0.2986960114
0.5929535512
0.3659049875
0.1614674407
-0.2460069064
-0.4517538274
2.5727259020
1.0373824937
-0.2114522468
0.2387815925
-0.2353424152
0.8045452983
-0.4275006207
-0.7374010208
-0.7392322596
-0.8216400235
-0.0037902374
0.2991269195
-1.6508386877
0.0973495962
0.8788743681
1.9935454508
0.3585033010
-1.2762664054
2.0227656916
-0.3198710936
0.0203488228
-0.7983969685
0.2377938666
-1.0550300539
-0.3820453259
-0.5338270374
1.9819333698
-0.4274992814
0.1357777364
-0.6675794760
-0.5413593004
-0.9684002085
-0.8310276533
-0.3171119696
0.2941565807
-0.9943534410
1.5623997757
0.7995558141
-0.0364824046
-0.1434789127
-2.2747930553
-0.1083844534
-1.4940831724
-1.9964891425
-0.1993656304
-0.3705156279
-1.2887593738
-0.2901680179
-0.2031458438
-0.3164571176
2.1566829109
2.8557255668
0.8484290059
-0.6973837248
0.9984240743
-1.2061618677
1.9559779672
0.3957364624
0.8838703367
0.3001146145
0.2862585932
0.8844845562
-1.7225524551
1.4154043925
0.8330429653
0.3674955404
0.3927011921
-0.1934591989
-1.9712251353
0.9905103379
-0.2228731760
-0.7406403059
0.8948076479
-0.9660245510
0.6101292967
-0.4735800710
-0.3706586290
-0.2886752634
-0.9352505440
-1.2899818121
-1.3955204554
0.2246908562
1.0867556271
-0.0988180116
-0.0447747008
0.1810307492
-0.7750674609
-0.4654379990
-1.4819375013
-0.1305701089
0.0531572403
-0.9019555315
0.4287023523
-0.3591080089
-0.6034722602
0.7627870759
-0.5565496419
0.3842043894
0.3369523694
2.3124596796
-1.0195070679
0.9704720906
0.0572710769
1.7315280617
1.3771715174
1.9669564766
-0.0217661922
-0.7621644197
0.2152344196
0.9787516281
0.1452912094
-1.6072579802
0.0020230350
0.6384097257
0.2400407591
-0.1177600493
0.3142849620
-1.0254940882
-0.0053274053
-1.1519233617
0.0755800082
0.4924982412
-0.4731742737
-1.1481120856
2.7236374344
1.5051415046
-0.8563812779
-1.7072601806
-0.8381430590
1.1642542918
-0.0254969084
0.4134464769
0.5936768329
-0.1203379248
0.6442737659
-1.5591789723
-0.3285374687
0.7435444699
1.5114560637
0.1514783905
-0.6475389638
0.8790022476
0.8097971750
-0.3005074127
-0.2140931198
-0.9238113419
-1.4465932710
-0.6670014783
-0.6658547153
-1.5289760845
0.3438517338
0.0160069489
-0.1201670015
-1.1718846220
1.0216235573
0.6664637563
0.1307639465
2.3912332408
0.4823343819
1.4277958223
-0.0087098794
0.8058735859
-0.7455437903
-1.6514173231
-0.9787025655
0.9507893192
0.2009209881
0.1793163350
-2.2699304882
1.3952485247
-1.1507945542
-1.1608699316
-0.1634525958
-0.0741677192
-0.9211155682
-0.4179935475
1.6900457082
-0.2244186213
1.2564687005
-0.9492251015
0.7353784992
-0.2586746517
-1.5164510984
-0.6354335301
-0.2169603390
-0.8413737020
0.6557627591
1.8283639134
0.6304405027
1.3471897503
-0.1290365684
-0.6161259408
2.2181878746
-0.3167226907
2.4399600265
-1.0443425049
2.4164735255
0.2745717165
0.9482214121
0.9452092881
1.3288070592
-0.0623013919
1.2996809219
0.5362374791
-0.3837837455
0.6339415324
0.0576723530
0.4993262805
1.5744054542
0.3255855742
0.5442376198
-0.2319050218
0.9555243514
-1.7905126711
-0.7682858344
1.4190411292
0.0516702028
0.6171464836
0.5483485153
0.3525737075
-1.2701861801
1.1255980139
0.0876793398
-0.3863109645
0.9484469387
0.7244378547
0.4703498183
-0.2156835620
-0.0982831359
-1.6243232226
0.5308869706
-0.8342903716
0.8365695838
0.3469542536
-0.8638700256
-1.8811728711
-0.9097029698
-0.2776029193
-0.4064165026
-0.5761278109
-0.6476640344
-1.8212114834
1.1385064568
-0.9148237348
0.5375270115
2.0156127085
0.8281244607
-0.0648841195
-0.5515305076
-1.5801256172
0.5309540149
-0.8639564861
-0.1610709697
1.3783247173
-0.0628481683
-0.4795530424
-0.4212924216
-0.0235441361
-0.1817026460
-1.2314028280
-0.3538478551
1.0652235714
-0.6608174849
0.7302365894
0.1233218727
0.3987803651
0.3114068827
-0.3006991405
-0.4140804264
1.8880327336
1.3493091251
-1.2588773788
-0.0991063297
2.0210160087
0.1884703265
-0.7221741649
0.1246116127
-0.5488449456
0.8097602491
-1.6292221573
2.1235749129
1.1759161217
1.0496447219
0.4986757622
0.8110712648
0.2029142879
1.1633863773
0.9297947591
0.4766082523
1.1500439322
1.1378020076
0.9464444150
1.2080248033
-0.0014434190
0.7269351113
0.2677667931
0.5163876985
-0.5065354522
-0.1835857407
0.8805125712
-0.2139321662
0.0608543482
0.7430205943
0.4917001947
0.4709253027
0.7768318735
-1.0079707940
0.6780444669
1.4529021349
1.0163191084
1.1600933206
0.4159635324
-0.4653134840
-0.8301093023
-1.2214081562
0.6012170207
1.1335280605
1.2836539000
1.3473670703
1.0292603222
-0.3475033312
1.7175348907
0.6800897021
-1.6146147380
1.7405768538
-0.6533597288
1.1872626524
0.4222114059
-0.5582317135
0.4974610140
-0.8137277797
1.2076522389
-0.0195798815
0.7131595598
0.2539806000
0.4250996618
1.5406480497
0.3200308793
0.1481510716
-0.0807550914
-0.8686621443
0.0027188908
-0.0392058297
-0.2137606172
2.0108924883
-1.6310470409
1.2270750165
0.1839562336
1.7938781775
0.1815086183
0.1594730217
0.4878625693
-0.6944706255
-0.5855647719
0.1443737120
-0.6434183364
-1.2075413553
-0.5202729024
0.3153194806
1.4318339408
0.2380498770
2.1064954402
-0.1140616704
0.0715413827
