17 2 0.20
58 0 7 0 8 1 7 2 6 2 7 2 8 3 4 3 7 4 4 4 5 4 6 4 7 4 8 5 5 6 0 6 1 6 2 6 3 6 4 6 5 6 6 6 7 7 1 7 2 7 3 7 4 7 5 7 6 7 7 7 8 7 9 7 10 8 1 8 2 8 3 8 4 8 5 8 6 8 9 8 10 9 1 9 3 9 4 9 5 9 6 9 7 10 2 10 3 10 4 10 5 10 6 10 7 11 2 11 3 11 4 11 5 11 6 12 6
48 0 3 0 5 1 0 1 1 1 2 1 3 1 4 1 5 1 7 2 2 2 3 2 4 2 5 2 6 2 7 2 8 3 2 3 3 3 4 3 5 3 6 3 7 3 8 3 9 4 3 4 4 4 5 4 6 4 7 4 8 4 9 5 4 5 5 5 6 5 7 5 8 6 4 6 5 6 6 6 7 6 8 7 4 7 5 7 7 7 8 7 9 8 6 8 7
4 4
5 1
0 0 0 0 0 0 0 0 0 0 0 0 0 0 0 0 0
0 0 0 0 0 0 0 0 0 0 0 0 0 0 0 0 0
0 0 0 0 0 0 0 0 0 0 0 0 0 0 0 0 0
0 0 0 0 0 0 0 0 0 0 0 0 0 0 0 0 0
0 0 0 0 0 0 0 0 0 0 0 1 1 0 0 0 0
0 0 0 0 1 0 1 0 0 0 0 1 0 0 0 0 0
0 1 1 1 1 1 1 0 1 0 1 1 1 0 0 0 0
0 0 0 1 1 1 1 1 2 1 0 1 0 0 0 0 0
0 0 0 1 1 1 1 1 2 2 2 1 1 0 0 0 0
0 0 0 0 1 1 1 1 1 2 1 0 0 0 0 0 0
0 0 0 0 1 2 2 2 2 2 1 1 0 0 0 0 0
0 0 0 0 0 2 2 2 2 2 1 1 1 1 1 0 0
0 0 0 0 0 2 2 1 2 2 2 0 0 1 1 0 0
0 0 0 0 0 1 0 2 2 1 1 1 0 0 0 0 0
0 0 0 0 0 0 1 1 1 1 1 1 0 0 0 0 0
0 0 0 0 0 0 1 1 1 1 1 0 0 0 0 0 0
0 0 0 0 0 0 0 0 0 0 1 0 0 0 0 0 0
0.5907492456
-0.2218117081
1.0080118282
1.0364412932
1.5020925260
0.8867247298
-0.3552371631
-0.9158573283
-0.5472027383
-0.7849822844
1.8457963747
-0.5531578412
-0.6137357602
1.4121357712
-0.6881176724
-0.1501242062
0.8340184667
-0.9689701536
-0.2641362352
-0.8490551225
0.8035900300
-1.2227477449
-0.5901699132
0.3368654323
-0.3428773137
0.5907755784
-1.7604271717
0.0777179116
-0.4344601979
1.2774784462
-1.4187886131
-0.2812754053
-0.4067725814
0.5073811128
-0.3446971618
0.4841575759
0.4176932193
0.3870388275
-0.3823884856
0.3562895519
-1.5942583081
-1.2470209657
1.9310971313
0.3600372716
-0.0157551937
1.2748275072
-1.0139938818
-0.8775073365
-0.3258151115
1.9950117076
0.3837778219
1.6659216549
-0.8653019760
-1.2419805644
-0.3445637534
-1.7406458842
-0.5216055834
-2.2189745498
0.3628885602
-0.7809113621
-1.4149143636
1.5670256188
-0.0879970483
0.4027995732
0.8293115416
2.0680440197
1.5042003658
-1.3446171306
-1.6501159137
1.0558878576
-0.0167748167
-0.7162871819
0.4375729997
2.4621042790
-0.1373272823
0.4227085227
-0.8528207891
1.1968663812
-0.7866361005
1.1706091853
-0.8715347947
0.2440456747
0.8058183920
-0.2257946770
1.3937390667
0.5822699449
-2.0024158106
0.0767139550
-0.5544944914
-0.1657250422
-0.2213130642
0.8223412023
0.7009836329
1.0320445909
0.2956145780
-1.0788677078
0.5425500763
-1.9721020023
0.5624760052
0.7366112156
0.6712620848
1.4814588794
0.5328913425
-0.5726165566
-0.9782903367
-0.7188490143
-0.3363326511
-1.1833322449
-0.2026374245
-0.6363529534
-0.4878581983
-0.6656993954
-0.0588065574
1.6174067204
1.0581270782
-0.8103784631
-0.2908527731
-1.2337179886
0.3561071771
0.4522048528
-0.2224756232
0.1231424634
2.6741944613
-2.0037971378
0.1299960053
-0.2873363232
0.4283941046
-0.6635856031
0.3893446355
0.0031526391
-0.4967397981
-1.0235463801
-2.1139121015
-2.2534301283
-0.7774333029
0.9190631395
-1.3751479494
-0.1924055915
-0.2017591466
-0.0556173637
1.5113483893
-1.7193802171
-1.6148422743
-0.7300697220
-0.8890010076
-0.9841503495
-0.7609917451
-0.6484463673
-0.8217114698
0.3479511519
-0.5447826245
-0.2534372807
1.0303923901
-0.1110658208
1.3272221014
-0.2779391713
-0.3054029688
0.0819613512
0.7973322174
2.0582733666
-0.8781255177
0.7730450127
0.8104543956
0.3533643418
0.2724345065
0.0393656666
-0.7079867447
0.5027748271
0.7063566036
0.3521294862
1.1930455918
0.8346386817
-0.3665838244
-0.9272539408
-1.0138754911
-0.7151150089
1.2198891495
0.8597402421
0.7046923916
0.6083723916
-0.7134911069
-0.0342415162
1.0248120711
0.7409403969
0.3524857294
0.1216771410
-0.2915315228
1.4757058667
1.2117263106
-1.3540655426
-1.1122704807
0.6959531543
-0.6705550725
0.3890262477
0.4765469300
-1.1259893394
0.6759987831
-0.0135955091
1.7536829840
-0.5876259945
-0.5053650465
-0.7364652508
0.4318317334
0.5408778000
-0.6317298391
-0.2360384411
-1.9627466768
0.0473187963
-0.7891955701
-0.6562030059
-2.6288749870
-0.8983018958
-0.4049546481
0.7144821384
0.7796242936
1.7499361241
0.8990998115
1.2064733273
-0.6506154016
0.8548793231
1.5604135327
-2.2274155683
1.0575550292
-0.4108454520
1.4145063547
1.6108869732
0.3540285905
-1.0034693187
0.8278498294
1.3192845366
2.4983625524
-0.8995518483
1.0605347976
-0.7863187348
-1.8909546308
-0.2628500682
0.3053055975
-2.4600000732
0.5361023060
0.3844539155
0.9344874139
2.1997153348
1.1502607037
0.1546825886
-0.5293222785
-0.0766186315
-0.1886753630
-0.0093147979
1.8616560592
-2.3522659211
2.3414276587
-0.3737643811
-0.9085892309
0.8426700032
0.0759493790
-0.7714665050
1.7233137681
0.9427416522
-1.1989036979
0.3467632661
1.2299195208
0.5685159342
0.3111684441
0.4587765031
-0.2313845724
1.1833266748
0.2316319067
-0.1484260482
0.9077608558
0.7883768690
-0.7851776216
1.5205907462
-1.6545245566
-1.2622246117
-0.4061779790
0.1455529225
0.2587057560
0.0235875439
0.1415550445
-1.6988779234
1.4587306346
-0.5703946422
0.0790445738
0.1821900849
0.3822788783
-0.8144617410
-0.9454670015
1.0369626258
-1.3436305154
1.7044433196
-1.0683602157
-0.7104270167
-0.2401480997
0.2675484357
0.3340611959
0.6170083430
1.0190636421
-0.9264416094
0.5638117566
-0.5001983513
1.0886214520
-0.6121645368
-0.1532237803
1.4883867953
-2.0177647743
-1.1411366231
-0.2692912033
0.7007589188
-0.3499524968
0.5073312355
-1.9141378318
0.7570468243
-1.2679951793
1.2418501472
-0.2335245952
1.4865528684
-1.3524247617
-0.1691007895
0.5394558471
0.3889563980
1.9380071109
0.8299508047
-1.2685844852
-1.5391878730
-1.6978692059
-2.1766148643
0.7926852026
-1.5510008711
-0.2094253953
-1.7557976765
-1.6887272635
1.2946753557
-0.6825341172
-0.3570432290
-0.6565493318
0.0462872504
-0.0164222530
-1.1960033525
1.1441708636
0.2645865229
0.7678531964
-0.2155325151
-1.9262661752
0.0460719512
0.6003716476
1.5681864848
0.4648283706
-0.7551181275
-0.5407966836
-0.7309057697
-0.4529251793
0.0128658611
-0.8517700526
1.1151533853
-0.0290756926
2.1215632918
0.5194136947
-0.2826999438
0.2825693600
1.3659910594
0.1155795320
-0.7604366484
0.0040094740
-1.7258763796
-0.0418563080
1.6070996855
-0.5404739521
-0.3148194410
0.6711821822
1.4138340729
0.9638359562
0.2162333078
-1.0575857484
0.4442874877
0.2236753489
-0.5015808141
-0.0201597819
1.0291129461
0.4743474154
0.9683841680
1.4046634898
-0.7633119737
0.1304908893
0.0178172648
0.5435432520
-0.0312976837
0.4355621853
-0.6417275873
1.7766717681
-0.6061575750
0.0123383607
0.8931729586
0.4066838658
0.7348527929
-1.0629846675
0.4741751688
1.4227564905
1.1065900966
1.1496639731
-1.2939502080
-1.1973898244
0.7341431123
-0.3291743026
0.3369342884
0.2901064368
-1.4082700589
1.4135095590
-0.8514146596
0.1009089715
-0.3079681029
0.0938630911
-0.0308801465
0.8383502728
-1.6891690140
-0.9339571717
-0.2892514370
1.3385896613
-1.3169030548
-0.3056254043
1.5616077703
-0.3375078013
-0.0882520035
-0.8205077179
-0.9995451857
1.0235986072
-1.4920809205
-1.2089169694
-1.7904174172
-0.7800909606
0.1049655931
0.8645821574
-0.1033168690
0.8158550951
1.1411917814
0.3646047426
0.5364321412
-0.0970723620
0.1551791949
-0.6238545780
-0.4662806655
0.7891375819
-1.2981724679
0.0929117737
0.0489604655
-0.0510237957
-0.6293357536
-0.5277592237
0.4787019296
2.2375340691
-0.2040437023
0.5054492256
-0.8560054251
0.8217649973
0.2965784333
0.0874937981
0.4263290568
0.1078434479
0.4903055251
0.1921851722
-1.0473609863
-0.2083439310
0.8877051436
-1.1630136862
0.2991117524
-0.4578446531
-0.7033109426
1.2994255625
0.7621324729
0.7094012127
0.3676744138
-0.3106292020
-1.7315321805
0.6242098176
-0.7869179372
0.0775413964
0.0665569093
-0.1879554392
1.5363829108
0.4399996332
-0.4608792822
-0.2079541197
-1.7138742082
-1.7180437512
0.6799475805
-0.1195958212
-1.3842511402
1.6091282024
1.8903001379
-0.7261729121
0.7156126233
0.6755933560
0.6970177794
1.5449852373
-0.0143730793
-0.7367792830
-0.0845154352
0.1182165670
-0.3267466224
-1.6808228301
-1.0131402401
1.1346851606
0.2136794191
0.9372077360
0.4186303881
-0.0627662804
1.2847266908
-0.8972943679
1.2959122451
-0.4034231670
1.1317773378
-1.7210200583
0.6731363244
-0.3047883507
0.5412530604
0.3948876351
0.3366777542
0.1201518794
-0.4555095044
-1.0303240375
-3.1037160209
-1.1649980602
0.0166137054
0.5350390157
-0.9672229553
0.7224655378
0.0956412072
0.2795592858
-2.5042281705
1.6151218411
0.6562266817
-1.4112829710
0.1727133830
0.1434424252
0.4750596226
1.1059386333
0.3620419771
-0.6946268601
2.4147231627
-0.5172326533
-2.7750919414
0.0976042634
1.1499522718
-0.0832933752
0.4524148113
-0.6600077537
-1.7308670289
0.7949014036
1.2163947517
0.6926129589
2.3710486394
-0.5526202670
1.4885803482
-0.6774440191
0.4582090322
0.1052025578
-0.8685630329
0.0157474852
-0.2358915588
-0.8197725737
-0.2093275172
-0.9916977864
1.0958759276
-2.0093182037
-1.1378393287
-0.0878254393
0.8997557899
0.4348641108
2.0836284357
-0.1580613099
-2.4763934582
-0.3412049607
0.5370754734
1.2692937098
-0.1857937265
-0.9534617849
-0.0343368263
0.7788054122
-1.5812254839
