16 6 0.19
18 0 0 1 0 1 1 1 2 1 3 2 1 2 2 2 3 3 1 3 2 3 3 3 4 3 5 4 4 4 5 4 6 5 4 6 4
23 0 4 0 5 1 4 1 5 2 3 2 4 3 1 3 2 3 3 3 4 3 5 3 6 4 0 4 1 4 2 4 3 4 4 4 5 4 6 5 2 5 3 5 6 6 2
6 0 2 1 0 1 1 1 2 1 3 2 1
14 0 0 1 0 1 1 1 3 2 0 2 1 2 2 2 3 3 0 3 1 3 2 4 2 4 3 5 3
26 0 3 1 3 1 4 2 2 2 3 2 4 2 6 3 2 3 3 3 4 3 5 3 6 4 2 4 3 4 5 5 0 5 1 5 2 5 3 5 4 5 5 6 1 6 2 6 3 6 4 6 5
22 0 1 0 2 1 1 1 2 1 3 2 2 2 3 3 0 3 1 3 2 3 3 3 4 4 0 4 1 4 3 4 4 4 5 4 6 5 2 5 3 5 4 6 3
2 2
1 9
2 9
7 11
9 4
7 5
0 0 0 0 0 0 0 0 0 0 0 0 0 0 0 0
0 0 0 0 0 0 0 0 0 0 0 0 0 1 1 0
0 0 1 0 0 0 0 0 0 0 0 1 0 1 1 0
0 0 1 1 1 1 0 0 0 1 1 1 2 1 0 0
0 0 0 1 1 1 0 0 0 0 2 1 1 1 1 1
0 0 0 1 1 1 1 1 0 1 1 1 1 1 1 1
0 0 0 0 0 0 1 1 1 0 0 1 1 0 0 1
0 0 0 0 0 0 2 1 0 0 0 2 0 0 0 0
0 0 0 0 0 0 2 1 1 0 0 1 1 0 1 0
0 0 0 0 0 0 0 2 1 0 0 1 1 1 1 0
0 0 0 0 0 1 1 2 2 1 0 1 1 1 0 0
0 0 0 0 0 1 2 1 2 1 2 1 0 1 1 0
0 0 0 0 0 0 1 2 2 2 1 0 0 0 1 0
0 0 0 0 0 0 1 1 1 1 0 0 0 0 0 0
0 0 0 0 1 1 1 1 1 1 0 0 0 0 0 0
0 0 0 0 0 1 1 1 1 1 0 0 0 0 0 0
1.7219088839
-1.0473307103
-0.4544009710
0.9195297830
0.4130098974
-1.5824560113
0.3608113246
-0.5514632043
-0.3313701205
-2.0803646162
0.7635010976
-0.0804851531
-0.8551289239
-1.6289857115
0.9732856644
-0.9832859935
-0.0107239846
0.7147787403
0.5448570194
-2.0656806790
0.7049353508
-0.1077431419
-0.0003614373
0.1239366515
0.1945081710
-0.4265354341
0.4470479072
1.4310025636
-0.6097531329
-1.1315685010
-2.2830027948
0.8541323419
0.7229728485
1.4036493506
-0.3015980377
0.2096200300
0.5497417805
-0.6255651440
1.9335883714
2.3370097345
-0.1590146145
0.2457883174
0.7614356869
0.2077821839
-1.1975155705
1.1558006640
0.1262299426
1.4320092702
0.3846573383
0.8611351380
-0.2630148115
0.3395462646
-0.4386423418
-0.8765310052
-0.2077737473
-1.3161169420
1.5570666990
0.9024423257
-0.6828135789
0.5906832982
-0.9631616981
0.6699117294
0.3577539955
-1.4579059408
-0.5364377003
0.5820859157
-0.1807934139
-2.6028308569
0.8981391178
0.3043955085
-0.8431603645
-0.4701793526
0.8602739595
0.5246329784
-0.5778646543
0.5865553937
1.2089013108
0.5284077075
0.1791170890
-0.5911740060
-0.0969051478
0.3913527559
-0.5033481034
0.1702112003
0.1870385153
-0.1284949599
0.2182954397
1.4985363015
-0.1054520313
-0.2848587310
0.0898936078
-0.2658504115
-0.4018636047
0.7604901555
-0.0419437409
-1.3211285080
0.4492548026
-0.1894989185
-1.1569501213
-0.2735585503
-0.6091191833
-0.1887663008
-0.5943553266
-0.8489274166
-1.5112719121
0.6776625598
0.1372950346
0.7179619820
-0.3413656398
-0.6828307213
-1.0203780200
1.6470422391
-0.4629704422
-0.0820151736
-1.0367489568
1.0525643867
-1.2516477457
0.6890109943
-0.4867661008
0.0407343498
-0.0762467884
0.0374709728
0.0364723625
0.3180744953
-0.9632205908
0.4566270217
-0.7857570458
-0.6194021075
0.1959824808
1.1791132703
-0.7931228920
0.1812199276
0.3986657464
-0.4558927291
0.0427979860
0.0228298100
0.9109187290
-0.1057614453
1.2025670712
-0.0834594804
-0.8223321726
1.1381836821
0.1869483538
0.3620088242
2.0536258268
0.3757585983
-0.0242883820
-1.6741193872
-0.4902335870
-1.3030583447
0.3461780714
-1.7141828537
1.0167632109
-0.7080891296
-1.2263626783
-0.3144069948
2.2124112896
0.1812401555
0.1131218504
-1.7022028952
-0.4339768257
-0.6180781419
1.0332174089
0.1986565561
-0.9797047893
-0.4669260468
-1.9060674582
-0.6049351493
1.5930269581
-1.8305751594
0.0506620725
-0.6163966402
-0.0581434063
-1.1069796466
-0.4390115985
-1.0662689683
0.7480328041
-0.3987890668
-0.5750806180
-0.8358061774
1.2378075276
-0.6831652952
0.5907091050
-1.0162490846
-0.4828740959
0.9272577181
-0.3935738076
-1.1451068455
1.4242039721
0.4116269609
2.2191746802
-0.8165358822
1.4805891598
-0.6211416200
0.8562674108
-0.4311633981
-0.9571479927
-2.5920431017
0.4347763495
1.3939766349
0.2782686881
-1.3128780386
0.8764629801
2.1429189644
0.2733789363
-0.2075819689
1.0754156439
-0.3380052586
-0.1140937954
0.6618783920
-0.0431215781
-0.9228077458
1.2214257789
-0.7258894456
-0.7114681491
-0.9214742483
2.5742376512
0.0389873973
1.2548102519
2.8864933035
0.1702977943
0.6675183318
0.1498937200
0.0108902040
-0.3650887324
0.0609105374
0.2853969860
0.6596983849
-0.1347157168
-2.5499604596
-0.5755281869
-0.4559242565
-0.4380549847
0.0526904884
-0.3033051560
-2.1530861837
-0.5265763940
0.8130416886
1.1694028886
-1.1742237605
0.5656098986
-0.5844649430
0.3847342075
1.3544709476
-0.5990965026
-0.7850673838
0.1473608720
-0.6216244436
1.2548436306
0.7868524356
-0.8091569580
-0.0105885215
-0.2663202487
-0.0798597298
-0.3415737000
-0.5525359784
0.1674668906
1.2699246966
-0.0891279146
-1.7511853227
-0.8633448296
-0.7295412264
-0.5647045299
1.4244717294
1.0123535614
1.1235733448
-0.1224028675
-0.3382250058
0.1633177839
-0.2932545109
0.5458036841
-1.5674594180
-0.8699789690
-0.0888552795
2.0390574274
0.4976519258
-0.4500119834
0.5161580534
0.1032343607
0.0019196569
-0.4961564250
0.8819729311
-2.2036254855
0.5925166028
0.1622795184
0.7913218725
0.0184154969
1.9334377740
0.0941322255
-0.1160096905
-1.0422008534
1.3497988428
-2.0376992737
0.1653775335
-0.1624392333
-0.3718426948
0.3856883204
1.5088471206
0.0806387686
-1.1722338008
2.0475327294
0.5225530449
-0.2569532825
0.2440712557
-0.0616103775
-0.2617157175
-0.3591364295
0.1234071408
1.4114768595
-0.8363847216
-0.1098709381
0.4073254204
0.4489741190
-0.7796242887
1.1530485917
-0.7566486839
1.3916802039
1.5029065469
-0.0234023200
-1.1447130521
1.6234942345
1.4170767212
0.4796552464
-0.3014020888
-0.5562555706
0.4184416653
-0.3024179241
-0.8292368462
-2.8809994791
-1.0979568161
0.8834090676
1.6259986067
-0.2928478699
0.2736159668
0.2604876936
0.7522893980
-0.0070707249
-1.0574988355
0.7826160055
-0.1885852819
1.4432919998
1.2660589541
-0.9946627628
-0.3801273700
-0.2434314296
-0.1926218605
0.7736698981
0.7372128218
0.7187793388
0.4244708965
-0.0638400927
0.9085814362
-0.0524868954
-0.0484784028
1.6545357003
-0.5099570210
-0.8618879542
-0.2627155374
0.3657445568
-1.2448345144
0.9989331389
-1.1411119510
-0.8423140720
-2.4093546497
0.5197166742
-0.5164288658
-0.1549134299
-0.3719692658
-0.3894722499
-0.0401213130
1.4720818718
0.8370923812
-1.3462897560
-0.7814146761
1.1796560388
-0.9782237464
-1.0552198099
0.8240506535
-0.6671226011
0.0518825915
2.6647735227
0.1538264732
-1.3432608639
-1.0930506253
0.4152624829
-0.5234306859
0.2540904720
0.0029982707
1.0116181286
1.4870526850
-0.6865175699
1.1852238707
3.3167772181
0.9211748391
0.2771547644
0.9520716017
-1.6542391468
0.1044253323
2.3700040415
0.0224897737
0.2910148915
-0.2924095012
0.9996333316
-0.6858128731
-0.1471818911
0.6762841625
0.6740893891
0.1851592983
0.0595826237
-0.0284846847
0.0779610733
0.8927350425
-0.0479206158
-0.3455477206
0.0645517524
-0.0617018416
0.5354914572
0.1029806800
-2.1781986828
-0.3918540307
1.0939955689
1.8867577475
0.6646278243
0.1779748686
0.8445983048
0.2310925638
0.5627872897
-1.4901909209
-1.2336442938
-0.8458904844
-0.4989401748
-0.1052884387
-1.4985605442
0.5583562549
-0.0003814224
-0.5250053089
1.2676945109
-0.1069792610
0.4541089460
-1.2395966602
1.8274020134
-0.3083987509
-1.7734882345
1.2200263999
-0.3556760877
-0.5827893462
-0.8088487860
0.3831146347
0.6656124087
-0.6510003316
1.4154345612
-1.5184251846
1.3126708539
1.1185794584
-0.3678280169
-1.3098813912
1.4317272344
-1.4283543552
-0.1427358170
-0.5997263724
0.2284454107
0.1695378402
1.8717381013
1.2539116484
-0.1230998942
-1.6445255827
-0.0285293442
0.0888574046
0.3692914347
-0.2010865892
-0.3634541714
0.9142358912
1.0217978369
0.5022903870
1.8568465413
-1.0586589628
0.1525889538
0.2357226454
0.4349196131
-0.4018009222
0.3318038383
1.1138163900
1.6786625116
0.7322642677
-0.5541698186
-1.7497275906
0.7473390199
-0.2831126239
-0.5014885165
0.2831823725
-1.0449259498
0.8068390240
-0.8428108054
0.5841889473
0.2101115640
-0.2211642214
0.1231773256
1.8386930076
1.1074220838
0.9366601835
0.1806566064
1.3197771116
0.6302264738
-0.9842050203
-2.1230783817
0.2442713279
-1.0739962238
-1.0090101259
0.2842828694
-1.2911775571
-0.2516627946
-0.6372179549
