20 9 0.08
13 0 0 0 1 0 2 1 0 1 1 1 2 1 3 2 1 2 2 2 3 2 4 3 1 3 3
13 0 2 1 2 2 2 2 3 3 0 3 1 3 2 3 3 4 1 4 2 4 3 5 1 6 1
13 0 2 1 2 2 2 3 1 3 2 3 3 4 2 4 3 4 4 5 0 5 1 5 2 6 2
13 0 4 1 3 1 4 1 5 2 1 2 2 2 3 3 0 3 1 3 2 3 3 3 4 4 1
13 0 4 1 4 2 2 2 3 2 4 2 5 3 1 3 3 4 0 4 1 4 2 4 3 4 4
13 0 3 1 1 1 2 1 3 1 4 2 1 2 2 2 4 3 0 3 1 3 2 4 1 4 2
13 0 1 1 0 1 1 1 2 2 1 3 0 3 1 3 2 3 3 3 4 3 5 4 1 4 3
13 0 0 0 1 0 2 1 1 1 2 1 3 2 3 2 4 3 1 3 2 3 3 3 4 4 1
13 0 0 0 1 1 1 1 2 2 2 2 3 2 4 3 1 3 2 3 3 3 4 4 1 4 2
8 1
10 9
0 11
1 7
9 2
12 2
8 0
15 11
0 8
0 0 0 0 0 0 0 0 1 1 0 0 0 1 0 0 0 0 0 0
0 0 0 0 0 0 0 0 0 1 1 1 0 1 0 0 0 0 0 0
0 0 0 0 0 0 0 0 0 0 2 2 2 1 0 0 0 0 0 0
0 0 0 0 0 0 0 0 1 2 2 1 2 1 1 0 0 0 0 0
0 0 0 0 0 0 0 1 1 2 2 1 0 1 1 1 0 0 0 0
0 0 0 0 0 0 0 0 1 0 0 1 1 1 0 0 0 0 0 0
0 0 0 0 0 0 0 0 0 0 0 0 0 1 0 0 0 0 0 0
0 0 0 0 0 0 0 0 0 0 0 0 0 0 0 0 0 0 0 0
0 2 1 1 0 0 0 0 0 0 0 0 0 0 0 0 0 0 0 0
1 2 2 1 1 0 1 0 0 0 0 0 0 0 0 0 0 0 0 0
0 1 1 1 1 1 1 0 0 0 0 1 0 0 0 0 0 0 0 0
1 1 2 1 3 2 1 1 0 0 0 1 0 0 0 0 0 0 0 0
0 1 0 2 0 2 0 0 0 0 0 1 1 0 0 0 0 0 0 0
0 0 1 2 2 2 2 0 0 1 1 1 1 0 0 0 0 0 0 0
0 0 0 1 1 0 1 0 0 0 1 1 1 0 0 0 0 0 0 0
0 0 1 1 1 0 0 0 0 0 1 1 1 1 0 0 0 0 0 0
0 0 0 1 1 0 0 0 0 0 1 0 1 1 1 0 0 0 0 0
0 0 0 0 0 0 0 0 0 0 0 0 0 0 1 1 0 0 0 0
0 0 0 0 0 0 0 0 0 0 0 0 1 1 1 1 0 0 0 0
0 0 0 0 0 0 0 0 0 0 0 0 1 0 0 0 0 0 0 0
1.5147997737
0.8757504680
1.0230558968
1.9893731642
0.9505183110
-0.5941081738
-0.5170414628
0.6188754615
0.0229934404
-0.2838186486
0.2344887483
0.1520685093
1.4876177376
0.2771838932
-0.9552506838
0.8254602205
0.1138364820
-0.2892467771
-1.2722394433
-0.3916355884
-0.6113662425
-1.1160705990
0.2601608746
-0.9675405213
-0.6334306617
-1.7709035593
-2.2732871661
-1.4293907299
-0.3428324319
-0.0233167469
-0.7510629071
1.3755946406
-0.0432138468
-1.0237970232
1.0285964314
0.1358116029
0.1818199675
0.4854052034
2.1176700335
1.9543760506
0.9798972303
0.0421797558
0.8159459037
0.3549029030
-0.2500406531
0.0982123879
-0.0660849989
2.1824297544
0.1682238299
0.1113577164
-0.8249334514
-2.5367687541
-2.0388481965
1.1409898288
-0.5683965719
-0.5522937538
-2.1718281306
-0.4502076373
0.2571845506
-1.1205218091
-3.4173275962
0.5761039047
-1.5362448773
0.6730177614
-1.4287565452
1.4815594486
0.1425365078
0.2576386431
0.9696981831
0.8182836697
1.0049464146
-1.1132632577
-0.6272811826
1.7845103095
-1.1743758214
0.0543522093
1.1568498197
-0.2967487452
0.0177916003
0.4678197649
-0.8275099973
-0.9688598806
1.2259291521
0.0327963167
-0.4339273755
-0.7771690747
0.0185502227
1.0488345821
-0.0025121495
-0.6315510047
-1.0068374227
-0.6005223750
-1.1939552835
0.4478904134
-0.1424464118
-0.3656243489
2.7666499810
0.6392955501
0.1139831815
0.4450399501
0.2091789843
0.6217248688
0.9477315176
0.2684637145
0.2448341662
0.4263161291
-1.6289700411
1.5290737409
-1.5600918285
0.1513396238
1.0433787096
-1.5129171741
0.7327245624
1.5339895784
0.6660398118
-0.0658245961
0.0022657611
-0.1012217877
0.2766861529
-2.2502362373
0.1143346834
0.2670292301
-0.6153205799
-1.9662430753
0.5319478022
-1.6269697286
0.7375621438
1.0110455241
-0.6396894572
-0.2546250838
-1.7414184523
-0.1508424539
-0.7398834004
-1.1902629962
0.4152270416
0.9703575331
-0.7104776685
-1.0103171758
1.4454675975
-0.3182129515
-0.5762722508
-0.1240120804
0.9382438804
1.9759225876
0.9311899304
0.0251337649
0.0028265619
0.7923776132
-0.7061100571
0.9187777654
-0.1254394461
-0.8179220176
-0.0234759502
-0.1753208657
0.6400976072
-0.5122714608
-0.6085510070
0.1265074382
-0.6662093252
0.6835249035
0.1473552465
1.1187011026
0.4469390464
-0.0737556848
-1.3042238023
-0.3984208774
-0.0274842330
-0.0686358465
0.3835468907
-0.2929485929
-0.1413489112
-0.1323943316
0.3925447931
1.0778350317
-0.6774865515
-1.2048093148
-0.7026383043
0.6479131971
-0.8688213143
2.0250142777
0.2166311542
1.3591103793
-1.4946252626
-0.5821143253
-0.5134835296
-1.0210016218
-0.5339464553
0.3653056629
-1.6546332019
0.0942506969
-0.6463395396
0.0514615140
0.5107267840
0.5465307963
1.5178676660
1.0774401072
1.1047852022
1.2392338185
1.7000775431
0.6230522296
-1.2756075819
0.8090710499
1.0248172550
2.5085510156
-1.4457193161
-1.0368001134
-0.0137796066
0.0863358697
0.7426561898
1.6807847777
-0.7145928125
1.6932155089
0.4576473781
1.0872872716
-0.7625835454
0.4702646961
-0.3691763556
1.4404621838
-0.6884434361
0.2150807328
0.2936403398
-0.9084051660
0.1024299175
-0.0933212698
0.8015937566
-0.1113659662
-0.2747357623
-0.7144737029
-2.2438079757
1.6418842734
0.1316450873
0.3193455334
-0.6537988475
0.5983362649
0.3273254275
-0.5958389134
-0.3171769223
-1.7016648340
-1.2538669612
0.1059852782
0.7556847857
2.0301097034
1.0658122359
1.3360618175
-0.2592804840
-0.2942345757
1.4909624697
-0.6139741630
0.1619397244
-2.1154813057
-2.5122527531
1.2874415240
-0.4312446991
0.1594774703
0.6730438666
0.1046413881
0.2970265466
1.2741778998
1.6123200535
1.5320745730
-0.0555000376
-0.9307537965
1.1130196168
-0.2341717519
0.4946570329
-1.5620749947
-0.5338707652
0.4149014279
0.4350608633
0.5427462219
0.6228519454
-1.8673394718
-1.1659099475
0.3074092862
0.5733851543
1.4636964348
0.2938756356
-0.3980809781
0.3865710672
-0.3363452371
1.0036778102
0.4941522966
0.7098404441
1.1138150845
0.7802391498
0.0897531098
-1.1808099163
-0.0700638678
2.2724887144
-0.2589689447
-0.1129052264
0.2272289579
-1.1471519794
1.0835753090
-0.4802897678
0.6128947787
-1.8775123304
0.4692741580
1.5591702860
-0.1127832146
1.2921026035
0.2065546576
0.2074389424
-0.3137278496
0.2811502547
-1.1818709278
-0.1711983993
1.1971881581
0.0007692170
-0.8442413243
1.3842126510
-0.2164633829
0.5829587240
0.6406361868
1.1210390419
-0.5993846377
-0.3877444987
-1.4217920656
-0.7799593099
-0.8616197958
0.3650217642
-0.0962932772
0.2880389902
0.1771704605
-0.7574089973
-0.8508545312
-1.2374719011
-0.6056435872
1.0349057387
0.5198489832
0.7424621756
1.3212453711
-1.1986985923
0.4201569773
0.3474462777
-0.6957083482
0.3169992270
-0.1356524608
0.0513916500
1.9184281880
-0.2036344438
-0.2287862298
1.4797840672
-0.9376098347
-1.3131265324
-0.7525679881
0.7874464358
0.4365918874
-0.8962213907
0.9227489298
-0.1069147392
0.3024471719
-0.0829492156
-0.6415717258
-0.5524242302
0.7370127265
1.0017044534
-0.0478113489
-0.2704186751
2.5444496808
-0.9341080648
0.3008153626
0.8230756224
0.2169528143
1.3580482024
0.2379853968
0.7175203961
-0.4954441800
-1.2857403439
0.8811565192
0.4805067892
0.7581935902
-0.2020499479
0.2170179134
-1.6418332114
0.8908095348
-1.1769388649
-0.6029169760
0.5079264423
-1.2036422756
0.8869571581
0.6811438142
-1.5382171978
-1.5233425360
-1.2430936276
-0.8004062149
1.5384048406
-0.7710324909
0.2202245566
0.6412523557
-0.3415004553
0.7435828761
0.7844586266
-0.0721734248
1.5414646625
-1.3468048471
1.8996403664
-0.7191103251
1.4926777971
0.5046238654
2.6947671100
0.1778840512
-0.0591666703
-2.2239961547
-1.1608915221
-0.5467146057
-0.7794757218
0.3652222701
1.8155913792
0.5964517803
0.2093487826
0.4567953242
-1.2801479559
-0.0652205255
-0.7818090566
0.3539438955
-0.6949831895
1.3988244136
0.4027820587
-1.3486819135
0.4395570641
0.5385847411
-0.7785109014
0.4683324467
0.7266844570
-1.0212574808
0.2519563731
2.8869442858
0.2183685577
0.2706848175
-0.8235203835
-0.7324493436
-0.7259687801
0.5803289813
0.3276467691
0.3907850986
1.2925263309
0.8656439206
-0.6291895873
0.4968988005
0.8617966422
-2.3504020192
0.1296684146
-0.6709273886
-0.8974040337
-1.9269891659
0.9787693129
-3.2021086057
1.5949363453
-1.2701841636
0.9865412621
0.9961155707
0.5929303698
1.0577267817
-1.6267464087
-0.4574048690
-0.5395575184
-1.6769253322
0.5586606180
1.0935034300
-0.1913480265
1.4317546747
-0.4015268820
-0.0994991169
1.3678954028
-1.3924129103
-0.0820543066
-0.3691487832
-0.4941007027
1.1343989170
1.5885028334
0.5392741911
-0.1371591019
0.0080426019
-0.9819091887
-0.3593473655
-1.5347248503
-1.8750139455
1.1518778680
0.4090146805
-1.6493973563
0.5367922734
0.4617682266
-0.1665349268
-0.6126994087
-1.7965948761
-0.3550121958
-2.4022993042
0.5636440805
-0.1522338954
-1.0866730092
-0.4651385341
0.9270717360
0.8443233487
-0.0610373325
-0.8410110223
0.2381280248
0.4847969785
1.5324782208
2.0458191129
-0.1825832988
-2.1622844226
-0.7375142622
-0.1975242860
0.2157184863
0.0237515853
0.6640340347
-1.1720523730
-0.6842919710
0.9108269910
0.5080704031
0.6385914147
2.1537730965
-0.1523734167
-1.2183270839
-1.1874717732
0.5977348981
1.7500778140
0.3821632766
0.5642057259
-0.0026308218
-0.1829592556
1.0481835804
0.5355422654
0.7393718055
-0.0166479919
-0.5371405585
-1.5425042019
0.3173201881
-1.0010484051
1.1686560954
-1.0190351172
-0.9951774632
2.1043401349
0.0689454590
-1.2214035295
0.9151097063
0.9739792187
-1.2163853730
0.2520663182
1.1391852807
-1.6014999289
0.3016510572
0.7054426922
-1.4693443775
-0.9181934910
-1.0818970045
0.7958579784
-1.2376529699
-2.0724923702
-0.4309798547
1.0836247184
-0.8625358042
-2.0743190589
-0.6570065426
-0.0876159989
-0.8621648852
-0.0094570899
2.1821910547
-0.5984979785
1.0691097971
2.3076786902
-0.1049819632
-1.0478447183
0.0457446252
-0.2836312743
0.7579860988
0.0961065400
1.9434921091
-0.1444542010
-0.8014666846
-0.9504791815
-1.7641131194
-0.0174654696
0.4394955797
-0.6565972913
-0.2193456771
0.7275545051
0.3891816020
-0.6024203878
1.7248604366
1.7059376863
0.8899344388
-2.2373981187
0.0332111270
0.9899049282
0.0508158631
0.1801654530
1.8733913397
0.4031826735
-0.6407530359
-1.1413089780
0.7385547146
-0.5826989384
-1.6035054736
2.0692899324
0.6327727349
0.2243026905
-0.6962497401
-0.3834531924
-0.5708309521
1.0527540474
-1.0397598303
0.5062213161
-0.3627766947
0.8327072593
0.3323939790
0.0376182336
1.0650128654
0.9052168119
0.8163947409
-0.2746505368
0.3709442632
-0.2770196304
0.9323768318
1.0806748385
1.2195270204
-0.2066053479
2.4054098063
1.4742860085
0.6743278446
-0.4788962789
-0.5258850841
2.1780512291
-1.2465313864
-0.2933495363
-1.2538545359
0.4953819169
0.1615068071
0.3327484654
-1.3828135947
1.5373207226
-1.3831785366
0.1963544998
1.3181253602
0.0023892095
-0.7368005837
0.1007138418
-0.2804176445
-0.4442458544
-0.1471019574
0.3654926628
-1.4542767261
-0.3107049770
0.2993646468
2.2423012445
-1.8265957580
1.1498728764
1.7346203341
-0.9521547873
-0.3014606851
0.8800987003
1.6995306949
0.3032931922
-1.2241178565
-0.6613164655
-0.4912554744
0.5978869327
-0.3456087676
1.0953811181
0.6003817257
1.1646517724
-0.8811028243
-0.6391866778
-0.5477403830
-0.1843366420
-0.7100020100
0.3275871421
-0.5208090664
-0.6241622692
-0.2894973545
0.2724225036
-0.4225286767
0.8274127958
0.6667452669
1.5404659499
-0.6991698673
-1.6128103290
0.3408316630
-0.5866610143
-1.7482630321
-1.7332867746
-0.6569534398
0.5290966105
-0.2120250187
-1.4468299636
-0.6034617382
0.0591848774
0.6971873976
-0.5978320000
-1.2544635918
0.5989369474
-0.8200510738
-1.1776964879
-0.4904507223
0.2360336442
0.6625640458
0.4812733307
1.7223381342
0.1614811093
-1.7097791529
1.6093088164
0.6308037426
-0.6475603259
-0.0391589867
0.7751908034
-0.0304341955
-0.0933636607
-1.2682353912
-1.4381503805
-0.2938127784
-2.7338082567
-0.0461722841
-1.6579451571
1.4505134917
0.0175174434
-0.0371835400
-0.6351439149
-0.2920349192
0.4552786513
-1.2484185349
-0.4368624961
-0.2693710509
-2.1411485791
0.7046122440
-0.1194831012
-0.5331194621
0.3297355821
1.0045664817
-0.5345346000
0.1507057373
1.6734712288
-0.2647470005
-1.0145204965
-0.0022189190
0.9626170844
0.1767417083
-0.7888352122
-1.4562322135
-0.3299354053
0.9183761916
0.0338053404
-1.5959002490
-0.0830110560
-2.4432117395
-0.7569640146
1.6366156144
0.7494020388
-1.0848341526
-0.4652147690
-0.9809726793
-0.2965228391
0.7582521145
0.0072800374
-0.1787467929
-0.4905154867
-1.0868661057
-0.9778860846
-0.7703927421
-0.0947175432
-0.3037367159
0.2330488885
-1.3458454821
0.0168103849
0.3579248262
-0.1514609325
-0.3546711064
-0.9165783409
0.6475903645
-0.2796459678
0.1551353382
-0.7133362204
1.0721960907
0.6283387354
-0.1838289380
-0.8423457606
0.8762538230
-1.2860671606
-0.1940582195
0.4728414251
-0.5533713344
-2.1822171497
0.5471418743
-0.6148716232
-0.6237917295
-0.4771067434
-0.2232261079
-0.0674494239
2.1690106950
-0.3569262109
0.9319664689
0.9586311135
0.5891379107
-0.2164953266
0.5612211957
-0.3570700072
0.2482170728
-0.5954888466
-1.5571990523
1.0704715335
