20 2 0.10
104 0 4 0 6 0 7 0 8 1 3 1 4 1 5 1 6 2 4 2 5 2 6 2 7 2 8 3 0 3 1 3 2 3 3 3 4 3 5 3 6 3 7 3 8 3 9 4 3 4 4 4 5 4 6 4 7 4 8 4 9 4 10 5 0 5 1 5 3 5 4 5 5 5 6 5 7 5 8 5 9 6 0 6 1 6 2 6 3 6 4 6 5 6 6 6 7 6 9 6 10 6 11 7 0 7 1 7 2 7 3 7 4 7 5 7 6 7 7 7 8 7 9 7 10 7 11 7 12 7 13 7 14 8 0 8 1 8 2 8 5 8 6 8 7 8 8 8 10 9 0 9 1 9 2 9 3 9 4 9 5 9 6 9 7 9 8 10 2 10 3 10 4 10 5 10 6 10 7 10 8 10 9 11 2 11 3 11 4 11 5 11 6 11 7 12 6 12 7 13 6 13 7 13 8 13 9 14 7
90 0 4 0 5 1 2 1 4 1 5 1 6 1 7 1 9 2 2 2 3 2 4 2 5 2 6 2 8 2 9 3 4 3 5 3 7 3 8 3 9 3 10 3 11 3 12 3 13 4 3 4 4 4 5 4 6 4 7 4 8 4 9 4 10 4 12 5 0 5 1 5 2 5 3 5 4 5 5 5 6 5 7 5 8 5 9 5 11 5 13 6 3 6 4 6 5 6 6 6 7 6 8 6 9 6 10 6 11 6 12 6 13 7 3 7 4 7 5 7 6 7 7 7 8 7 9 7 10 7 11 7 12 7 13 7 14 8 3 8 4 8 6 8 7 8 8 8 9 8 10 8 13 8 14 9 3 9 4 9 7 9 8 9 9 10 4 10 7 10 9 11 6 11 7 11 8 11 9 11 10
3 3
3 5
0 0 0 0 0 0 0 0 0 0 0 0 0 0 0 0 0 0 0 0
0 0 0 0 0 0 0 0 0 0 0 0 0 0 0 0 0 0 0 0
0 0 0 0 0 0 0 0 0 0 0 0 0 0 0 0 0 0 0 0
0 0 0 0 0 0 0 1 0 2 2 1 0 0 0 0 0 0 0 0
0 0 0 0 0 0 1 2 1 2 1 1 1 0 1 0 0 0 0 0
0 0 0 0 0 0 0 2 2 2 2 2 0 1 1 0 0 0 0 0
0 0 0 1 1 1 1 1 1 2 2 1 2 1 1 1 1 1 1 0
0 0 0 0 0 0 1 1 2 2 2 2 2 2 1 1 0 1 0 0
0 0 0 1 1 1 2 2 2 2 2 2 2 1 1 0 1 0 1 0
0 0 0 1 1 1 1 1 2 2 2 1 2 2 2 1 1 1 1 0
0 0 0 1 1 1 1 1 2 2 2 2 2 2 2 2 2 2 1 1
0 0 0 1 1 1 0 0 2 2 1 2 1 2 1 1 0 0 1 1
0 0 0 1 1 1 1 1 2 2 1 1 1 1 1 0 0 0 0 0
0 0 0 0 0 1 1 1 1 2 1 1 2 0 1 0 0 0 0 0
0 0 0 0 0 1 1 1 1 1 1 1 1 1 1 1 0 0 0 0
0 0 0 0 0 0 0 0 0 1 1 0 0 0 0 0 0 0 0 0
0 0 0 0 0 0 0 0 0 1 1 1 1 0 0 0 0 0 0 0
0 0 0 0 0 0 0 0 0 0 1 0 0 0 0 0 0 0 0 0
0 0 0 0 0 0 0 0 0 0 0 0 0 0 0 0 0 0 0 0
0 0 0 0 0 0 0 0 0 0 0 0 0 0 0 0 0 0 0 0
0.8026878284
-1.4835815694
-0.9000321104
-0.3466546009
1.1424532719
0.5022099697
0.1014922900
0.7566318309
2.5015021889
2.4204296366
0.6504131790
-0.4472191056
0.2515999299
1.6137786212
-0.0277054521
1.6216992379
-0.2004205299
-1.2841574608
-0.5358312681
-1.0132929724
0.0221852655
-1.1199320266
0.2665965423
-0.7838391749
1.6526046134
1.4499929799
0.6827149221
-0.7455372551
-1.1110026540
-0.6791428064
1.4504790472
0.8281692114
0.1239607692
-0.8994922168
1.1090529908
-2.0681032781
-1.8193312490
1.6718550510
1.1582373913
0.4755749825
-0.0359273059
-0.8202745415
-1.6196944250
-0.1751668074
1.1780831787
-0.4032327896
-1.1941581934
-0.3496037406
0.2438124441
1.6542086967
0.7666208182
-1.7730406701
-1.1216241699
-0.2517100192
1.1039172596
1.5939532986
-1.5460621857
-0.0281944037
2.6801633395
-0.1231151432
0.2840039884
0.5263686316
1.3879994053
0.3747007084
-0.2758452693
0.1841318702
1.4361465019
0.6787800110
-0.6911954032
0.7896963736
-0.3082557130
0.3042469530
-0.3875141649
-0.9642506551
-0.7761171385
1.3633731153
0.6484357427
-0.0634657185
-0.6695619869
-0.5568283069
0.7612219657
0.8497277340
-0.0465728433
0.7068446353
-0.2984063762
0.7068191550
-1.5334059206
0.6761689162
0.2911706514
-0.5109974149
-0.1285514445
-1.2649761371
-0.4881540447
-0.6284327575
1.0778033575
1.5390649918
-1.4079410363
1.4114151231
0.3781481490
0.1880835652
1.5173507219
-0.5087639412
-0.1894318374
-1.9148630903
-0.0264276234
-0.2576374126
-0.0178733303
-1.1404997321
0.0995792645
-0.0151477930
-0.4759493208
0.8189717056
-0.3663615776
-0.1124980876
-1.0532166825
0.5528402172
0.5705497354
-1.4264264825
2.7998550443
0.3556408598
-1.7863264473
-0.7347428617
1.2600032118
-0.0903295707
0.3884251958
0.0638344773
0.1013555185
-0.1342093772
-1.0181869795
1.1449663066
-0.7040404569
-0.0339482591
0.6366078240
1.0008975696
0.2733496293
1.2786070045
0.5891651678
-1.5771158750
0.1090402501
0.0816123037
0.2578692645
-0.2178588949
-0.4890550641
0.3579250919
-1.3578711677
0.0108474770
0.1517199874
-0.8832148530
-1.1177306164
0.5229653201
-0.6686254203
1.3781506518
-1.4619291786
0.0795274776
-0.3183668912
-0.5373926558
1.3177101459
-0.7493771418
-0.3351152691
0.5159215685
0.5460458750
0.4968982068
0.5424478109
0.6372340124
0.2608184147
1.1987909788
-1.2386469407
-0.2134761937
-0.8241389430
-1.1475235027
1.0726076015
-0.2720846999
0.2075691501
1.4276189130
2.0113678629
-0.7805676983
-1.4240247841
1.6631678894
0.6459068858
1.1645663015
0.8485769916
0.4894979901
-0.9002468336
-1.2986363730
1.6929651151
-0.4793968942
0.9159300721
0.5009797474
-1.9624963415
1.3145005768
-2.6841482290
-0.0656049899
-1.6064883099
-1.0896012020
-1.2256704807
2.0124538783
-0.9066013343
1.2055088193
0.0431988765
0.2368870079
0.1985852189
-0.7010525836
1.3432325328
-0.2994043658
1.0569800593
-0.6841687535
2.0098021304
1.5471618142
-1.4456777096
0.0147257922
-2.2781088088
0.4804472435
-1.2987164375
-0.9973309515
0.9778983906
1.1065507442
0.0774476866
-0.2205025806
0.2813139026
-0.0778393896
0.4889485732
1.3694608393
0.3745509787
-0.1205020414
1.8008225965
1.8928650581
0.7794731060
-2.1197790388
-0.8836422593
-0.0354074925
-0.2843310458
1.0669088148
-1.1812055398
-1.6471778364
-2.0875425205
-0.2621241834
-0.0259229851
-0.7821802326
-0.0270482844
-1.4922762196
1.9011334058
-0.9997987420
1.8728755203
-0.9854682119
-0.6445982769
0.7285648943
0.2629425413
0.1554987185
1.2019148096
-0.3883170136
0.4160651355
-1.3522731814
-0.3158428638
0.9281697885
1.5317721718
0.2129910984
0.7032523062
2.0893485011
0.2690813179
-0.2498743067
0.8497630897
-0.8415301513
-0.2848229210
1.2174687042
0.9481950063
-0.0666207894
0.0114444608
0.3169046480
-0.0964625177
0.4112615969
2.0567871953
-0.1646291280
1.2313629278
-2.3435129744
-0.1392923432
-0.4249888125
0.4436032450
-1.2752464710
-0.7762033548
0.4150180763
1.3868829791
-0.2191335044
-0.1453656649
-1.5467972457
-0.8043753590
0.2354003320
1.1147735264
-1.6009329577
0.3719981422
0.1729133104
-1.7873725279
-0.1692709526
-0.8210172271
-1.4342636282
0.8212027311
1.0630846248
0.4841120604
1.2167716803
-0.9575800873
0.7614339723
-0.3545777226
-1.8007688508
-1.3350344876
0.0171478778
0.8766703974
-1.8528894759
-1.2518735216
-1.4482295714
0.5516412706
-1.6624257347
-0.6278959946
0.7505455499
0.0438735162
1.3324365249
1.5581044400
-0.3118763482
0.0584097387
0.2510686579
-1.9152002939
-0.0088758350
2.2275761544
-0.5222568296
-0.9532723765
1.1265331504
-0.3514043901
0.5498326379
-0.3668008274
0.9556910227
-1.1198896305
-2.0671269889
0.7168574282
0.2911249481
-0.5497743933
0.1387527556
0.5160723406
-0.7940695784
-1.4552116529
-0.8810062812
0.2718307846
0.4728214609
-0.6864029800
1.3464158128
0.3505279904
0.3226348108
0.1885674630
0.4042204484
0.0142130519
-1.0443674592
-1.7835259497
0.1283662846
-0.8453673266
0.6521076981
0.0534559929
-0.4920940622
-1.0002105693
-1.5973911444
-0.7728626161
0.9960016862
-0.1767867384
-0.2966522252
-0.1761019616
0.1162930264
0.2604460480
1.8273074686
-0.2031958237
-0.9738259199
-2.5872812929
0.8401924702
-0.9363187658
1.0911515423
1.4221116779
-0.4579591007
-1.8015790931
-0.2474168043
-1.0786361177
1.4900047820
-0.0505367839
0.7913494019
-0.1318216853
1.3182883027
-1.4782570643
-0.2045985776
-1.0374811977
-0.2132507052
-1.3978035148
-0.1928282469
0.5306878505
-0.1374728318
1.2883928591
0.4377715617
0.7581750507
-0.4553058829
-0.4877269513
-0.2389604198
1.0986882118
-1.9996025015
-0.9464284776
0.8488619765
0.2833775432
2.5197160812
-0.3069857005
-0.6940308323
0.6177697277
-0.0569820804
-0.0822841566
-0.3729697048
1.5920815952
0.4704761844
0.9627418920
-0.6460825349
-0.3288578712
-1.1145888335
-0.6681268736
-0.9761325452
0.4384511595
1.3947639616
0.4327940420
-0.2978406285
0.2361599264
1.3028445418
-1.4197239075
0.1360482092
-1.1346489851
1.7923504051
-0.9064962455
-0.2158974467
0.4151513947
-0.9359947977
0.5009595737
-0.3238324172
-0.9528385669
0.0471279587
-0.2560813246
-0.5842062296
-0.0519770910
0.5893185698
-0.2614503491
0.5513191062
-0.1887829619
-0.0987170784
0.0283091652
-0.2262374192
-0.8757472684
1.5977963583
-1.2512291881
0.5060397465
-1.0629805716
-0.6108383440
-2.0590590326
-0.3477211616
-0.3547481713
0.7942612565
0.9001210229
-0.8341305987
-1.0345252875
1.7197546545
1.1409706753
-0.7316287535
-0.3382743058
-1.3773638089
1.3915451116
1.1428613777
-0.4176183402
1.0570396205
0.8511710756
1.4674386142
0.0535052381
-1.9583109478
0.4353242955
1.1721690376
-1.4284294070
-2.1226124190
-1.2471400519
0.7465452656
-1.5071260648
0.5457454369
-0.3577529385
0.2826089849
1.2493677917
-1.2699006399
1.1556460935
1.1083638365
-0.3212256134
0.2008929924
-0.4487469508
-0.9394351915
0.8512176027
-1.0319339341
0.6736765306
0.9387276971
-0.3213237023
0.9229959849
-0.3931378662
1.1505224678
0.2936583749
-0.7560770006
1.6490810099
0.0108083322
0.6184230812
2.0617298794
1.3108880713
-1.5214720418
-1.3560207529
-1.3875506783
-0.6843649105
0.3671636194
0.2174750719
0.4448506938
0.7125912883
0.4635617749
0.4884358676
-1.7568844863
-1.1890566951
1.1948336752
-0.1489159682
1.0080436128
0.8617214878
0.2416890529
0.7039023189
-0.6996792005
-0.1899176305
0.1674686882
0.1992805561
0.2734896259
0.0454634777
-1.6042434327
0.6845637450
1.0651710972
0.4558971504
-1.5736961105
1.4033813977
-1.8472685562
-0.4098614483
0.2653964366
-1.1336412387
-1.1731390874
0.0672919732
0.8582029765
1.0261042784
-1.3838373552
-0.1545080575
-1.2368369411
1.9179490304
3.3082280691
0.9091196884
1.0595472496
0.2334411433
-0.1257293694
0.2486075401
-0.4441973259
-0.0552359431
1.4186028894
-1.2380315770
-0.5091914101
1.7534612226
1.1275901269
-0.3878430263
-0.7648768633
-0.9428525116
-0.2239746277
0.1023213546
-1.9432766032
1.3354755475
-0.7687300328
1.0139957303
-1.2790211166
0.6952839263
0.2692030360
-1.4666702784
-0.3661330213
-1.0167901636
-0.1124988703
1.1411689836
0.1452041184
0.0027852748
1.1405214697
-0.3352999656
0.4335072288
-1.4735380980
0.5327889190
-0.2432818554
0.7270694385
-1.1826358638
-1.3053485525
-1.0957999381
-0.6310541480
1.3721825687
1.1214592845
-1.0749214522
-0.1460389690
0.3837345471
1.8677757321
0.3249718999
0.0032353197
-0.0057703571
-2.5997780778
-1.4655274958
-1.7316654421
-0.7862207782
0.1255491237
-0.2851615424
0.7948212244
-0.6616283363
-2.4177612103
-1.0963874277
-0.2749843846
0.2871931623
-0.9079312590
-0.3595030286
1.5847586392
1.8679990048
0.9229052230
0.1681160221
0.3202566790
-1.2192219177
-1.4952835284
-1.1051742779
0.5097239847
1.6466251749
0.6015625272
-0.7038582999
-0.5810503130
0.9566307769
1.9307398134
-0.2805678598
0.4019174978
-1.5575923893
-1.9178666131
-0.1068308636
0.2861584695
-2.3161567855
0.1893663152
-0.0154701602
0.3956047713
0.7706407289
1.2443630750
0.1620028148
-0.0732601295
1.5875063777
-0.9847474265
-1.0327527358
-1.6725454353
0.2611208272
0.6578672217
-0.8999936064
-0.7970474573
0.9518888926
0.3328735463
-1.0188837211
-0.8164901701
-0.3044299717
0.6599486380
-3.8415262465
0.4714359855
1.8639018479
0.0937098840
0.4739342296
1.1803674311
-0.6398557093
-0.8193096150
-1.0946774848
-1.4560874495
0.4227232145
1.4422699485
0.8362888442
-0.1620825669
-1.0585428879
-0.0501811300
1.8657440450
-1.1038350769
1.4360102294
-0.2793239824
-0.3090813609
-0.0635076897
1.6098959148
-0.2478212183
0.5728064942
-0.4612077400
0.7367685355
-0.6524611477
0.2979193220
-0.0246950592
0.7979117481
-0.3996482316
-0.6338571428
-0.7392602311
-1.7712447604
-0.5123102119
-0.6722885822
-0.4383186877
1.4517699009
0.6946796415
-0.2416040696
-0.2296849398
-0.8488393698
-0.0157885431
-0.3430241162
1.5075444244
1.0377891085
0.0453272996
0.1237985628
0.8477851139
-1.0487044074
0.6778598343
0.3256334986
1.3927298821
-1.0877858459
1.0789235305
-0.1379077817
0.1247178284
0.5052823673
-0.7959470042
0.2114038540
-0.2857619732
0.6821044753
0.4573772821
0.3725328447
0.9188779014
-0.8460069774
-0.8878218430
-0.8169975378
-0.0052603923
0.7994560767
-0.4962040649
-0.7286484699
0.1360467941
-1.7090729808
0.1753375234
-1.0393468376
1.2582762141
-0.4367786757
-1.2619135421
-0.1506648589
0.6986249010
0.5097062251
-0.8184190982
-0.5324492083
0.9121251317
-0.1585335352
-2.1844163957
0.3925692372
0.8681541851
0.6918840368
1.2485713186
-0.0427893255
-1.3539470456
-0.2058507163
-0.9499062940
0.4355272481
1.1933976523
-1.2134477886
-0.7366369785
1.5202537830
-1.4643297028
-0.2677822092
-0.8596956601
-0.3508087986
-0.2152672741
-0.5983257889
0.5805892778
-0.5012340752
1.8754533128
-0.3639878703
0.6374616107
-0.9604746486
1.5903250745
-1.5894360268
2.1717006300
0.5130812203
1.5481202923
-0.8551990229
0.7959799719
1.1658870478
-1.0169385454
-0.7766777439
-0.5547538008
-0.5002057119
-1.7225076098
1.0479999716
1.7581970327
-0.0187000590
1.3574732667
-0.4115776563
0.3798049355
1.2678604279
-0.2843738141
-1.0658111086
0.7982030688
-0.4908225496
0.0678319683
-2.2422680482
-0.9155536125
-0.9682508397
-0.3082617031
-1.8226765742
-1.7658460605
-0.3573016090
0.9893209597
-0.2334955029
-0.6765317900
