11 3 0.07
10 0 1 1 1 2 0 2 1 2 2 3 0 3 1 3 2 4 0 4 1
10 0 0 0 1 0 2 1 1 1 2 2 1 3 0 3 1 4 0 5 0
10 0 0 0 1 1 1 1 2 2 1 3 1 3 2 4 1 4 2 4 3
4 5
0 8
4 1
0 0 0 0 0 0 0 0 1 1 1
0 0 0 0 0 0 0 0 0 1 1
0 0 0 0 0 0 0 0 0 1 0
0 0 0 0 0 0 0 0 1 1 0
0 1 1 0 0 0 1 0 1 0 0
0 0 1 1 0 0 1 0 1 0 0
0 0 1 0 0 1 1 1 0 0 0
0 0 1 1 0 1 1 1 0 0 0
0 0 1 1 1 1 1 0 0 0 0
0 0 0 0 0 0 0 0 0 0 0
0 0 0 0 0 0 0 0 0 0 0
0.5731932519
0.4165332040
-1.0234766362
-1.2285248750
0.6884049209
-1.1857999565
-0.8150297509
0.7651248812
0.5537751384
-0.6243813076
1.9322729397
-0.8040104089
-1.1500025963
0.2622959645
0.3066540800
0.6940605633
0.8816025712
0.2040765388
-1.2670343209
-1.4053383737
-0.5170165964
-1.4198437699
0.5272990924
0.0408160234
0.2865938089
-0.0332397962
-0.3952818237
0.4830961053
1.2862985266
-0.9933609281
-0.1478760463
0.1148970571
1.5297169391
-0.5172148155
1.3936652450
0.8985738763
-0.3253938926
-1.3096966280
-0.5400958792
0.9126425635
-0.8119782858
-0.7257661271
-0.6905449712
-0.0396372017
-1.5012654350
0.2331793502
-0.6115701725
0.4112499786
0.5538465027
1.5531504059
0.6235654396
-0.5322814258
0.9455563407
-1.0137289161
-0.0998709599
-2.3110926005
0.2669591586
2.6583696013
-0.7021728022
0.8759971632
-0.6032568091
-0.6655831376
0.1510320673
-0.3036754326
-0.8870222666
0.3927819814
-0.4844454582
-0.1031719348
-0.4722649333
-2.2086345556
0.2702718514
-1.2718508227
-1.4205872956
-0.2851324229
-1.1281347904
1.3818922940
-0.7087775455
-0.2254243632
0.0295618328
0.7191580939
-0.6348398616
-0.7574614223
0.9644486399
-0.1921873746
-0.0028341731
-0.0619672957
0.8763178932
-0.8834055713
-1.7787461270
-0.1488053553
-1.8435457806
-2.0016760679
-2.3697961912
-0.2464029776
-0.5203390875
0.3430536350
1.7607576862
-0.7892542630
0.5913681149
-0.0462388641
-1.2240521838
0.1406703078
0.2174835924
-0.0781126087
-1.1357275053
0.2796557709
0.9385027216
0.6128443746
-1.0561930540
-0.7670402731
0.6197393433
0.7557626478
1.7941612653
-0.8942011870
0.3665443747
-1.0456025066
0.2314090357
-2.2640383569
-0.0087485906
0.2269027599
0.1231053325
0.4953140872
-0.2118423836
0.8452217041
0.2547974826
0.0930685213
0.3907736627
-0.1309856437
0.5692669299
-0.6088993178
1.4019391220
-0.0358099085
-1.0629170764
0.5981734412
1.8268016862
-0.2124713077
0.6575528333
0.4773237775
-1.8025217382
1.2142920613
-2.7454178851
1.1518901488
-0.4587681949
0.4536566880
2.2270498140
0.2211813260
0.2363676163
-0.5124742428
0.0412835688
-0.2000294095
-0.2431616650
0.0832323996
1.2606925969
1.2760475744
-0.4550929858
-1.5844071170
-2.5447062733
2.9111385063
-0.0036637749
-0.2398856374
-1.6939802610
-0.8593224157
1.5298421723
0.4483399567
-0.6165087014
0.1956915822
2.4429641627
2.0036903992
0.5744159467
0.4482270150
0.2800269847
0.1138575029
-0.5520064547
-0.9273560980
-1.3640752169
0.5677666194
0.9590922984
-0.7401006419
0.1668869333
-1.3570490749
-1.8971530465
-0.6765084386
1.1402189499
0.8195896077
1.0294796320
0.7333816144
0.9296500342
-0.3385935524
-1.4542913969
-0.8088912211
-1.3072539859
1.7585729701
1.4596869656
0.2762472424
-0.9265729911
-0.3922766043
-0.3598849662
0.6947922249
0.9916337892
-1.6918910765
0.9451002889
-0.9608664946
-1.0697761799
-0.7040121050
0.9763246616
1.0247975312
-1.2369308988
-1.0141729738
-0.4703862871
-1.5198516315
-3.0789854119
0.6298054640
-0.8651682545
-0.1585206802
0.8727565844
-0.5777481449
-0.2285959792
-0.1659856164
-0.7486928863
0.5234238783
1.8487287738
-0.4803006153
0.6251470881
-0.9945405132
-0.1199552620
2.1387892441
1.3367095502
-0.1773740905
1.3625182178
0.5770703139
-0.1704196375
-0.7728929418
-0.2501526070
-1.1987007829
-0.0712300501
0.1467477295
-1.8224159613
-1.0133949063
-1.0227595612
0.7766320428
-2.0059007733
1.4658334201
