16 3 0.10
18 0 1 0 2 0 3 1 1 1 2 1 3 2 0 2 1 2 2 3 0 3 1 3 2 3 3 3 4 4 0 4 2 4 3 4 4
19 0 4 1 3 1 4 2 0 2 1 2 2 2 3 2 4 3 2 3 3 3 4 3 5 3 6 4 3 4 4 4 5 5 5 5 6 5 7
26 0 1 0 2 0 3 0 4 1 0 1 1 1 2 1 3 1 4 2 1 2 2 2 3 2 4 3 0 3 1 3 2 3 3 3 4 4 1 4 2 4 4 5 1 5 2 6 0 6 1 7 0
2 7
9 0
8 2
0 0 0 0 0 0 0 0 0 0 0 0 0 0 0 0
0 0 0 0 0 0 0 0 0 0 0 0 0 0 0 0
0 0 0 0 0 0 0 0 1 1 1 0 0 0 0 0
0 0 0 0 0 0 0 0 1 1 1 0 0 0 0 0
0 0 0 0 0 0 0 1 1 1 0 0 0 0 0 0
0 0 0 0 0 0 0 1 1 1 1 1 0 0 0 0
0 0 0 0 0 0 0 1 0 1 1 1 0 0 0 0
0 0 0 0 0 0 0 0 0 0 0 0 0 0 0 0
0 0 0 1 1 1 1 0 0 0 0 0 0 0 0 0
0 0 1 1 2 1 1 0 0 0 0 0 0 0 0 0
0 0 0 2 2 1 1 0 0 0 0 0 0 0 0 0
1 1 2 2 2 1 1 0 0 0 0 0 0 0 0 0
0 0 1 2 2 1 2 0 0 0 0 0 0 0 0 0
0 0 0 2 2 1 0 0 0 0 0 0 0 0 0 0
0 0 1 1 0 1 1 1 0 0 0 0 0 0 0 0
0 0 1 0 0 0 0 0 0 0 0 0 0 0 0 0
1.3600782217
0.5330733591
-0.3173481529
0.0166833920
-1.0120121986
-0.4692507630
1.6996428053
1.3777569473
-0.6458799455
-0.2804182892
0.8754255245
0.9674125283
1.0541611093
-0.7042933462
0.6955965517
0.5804886104
0.5040610584
-0.5576047806
-0.3803937450
-1.8079579649
-0.0880207473
0.5033910517
-0.5914321050
-0.4092049465
-1.6537711690
1.1170565510
0.6220014515
0.8052452395
-1.5087606456
0.2145291474
-1.2580726751
-1.4963698926
0.3743222037
-0.5265762938
-0.3275323098
-2.4818879163
1.2258930132
-0.5318728798
-0.4014600447
3.2513711717
-0.6638274862
0.2553286065
-0.4118332473
0.7730019373
1.0310859479
-1.5189174843
-0.4211178225
-0.2421738711
-0.1415636337
-0.7745100017
0.5903217447
0.8726109269
-0.4866638587
0.1682235264
-0.5686645306
-1.1463545946
-0.1954557247
-0.8722542564
-0.5271599520
-0.3789881253
0.8778669018
0.5412759407
-1.0659867806
-0.6422771427
0.3276528927
0.5068648597
-1.7060669702
-0.0025458086
0.8873659598
-1.4977284914
-0.6847473402
-0.0560566053
1.1482885266
-1.7119679395
0.2266941626
-1.0745553642
-0.9067748783
1.2229731890
-0.0077979930
0.1484818984
-2.1685809066
1.0016507453
0.5482082730
0.1558217138
0.8449429779
-1.0241201337
0.2734310517
1.2126980216
1.0534955331
-1.5576727012
0.6077298940
0.4358626549
-0.8683253362
-0.0072173686
-1.4732969647
0.5106029873
-0.0006673538
-0.0767951967
0.8503765657
1.0847579161
0.5573499609
-1.8592582034
1.5389502407
-0.3911958472
-0.0235308315
1.3233891205
-0.1537336281
0.6819307718
0.3276163497
1.1362154183
1.4550024027
-2.4907771628
-1.0535021425
-0.6980698296
0.8601242932
-0.9046816186
0.2436826919
-0.4029516779
2.0653105909
0.7134579402
2.0777127329
-1.2629784074
0.3868753150
-0.0904227067
-0.0506981451
-0.4115658128
0.4505739466
-1.0287062192
-0.5370698834
0.2317317956
-0.3467450794
-0.5537031144
-0.2463547848
-0.7847721874
-0.4981490421
-0.1997125246
-0.2419870444
0.1249141019
0.9882812424
1.1099541120
-1.3732796803
1.5879155817
1.7934756408
-0.5998937178
-2.7594206063
0.2102580935
-1.2180541428
-1.5588994352
-0.7998316750
-1.6191673063
-0.1142788393
0.8866419868
0.6237663870
0.2449160958
-0.3041259404
0.9466229633
0.0412594598
-0.0210229790
-1.1113566211
0.8371568391
0.7339766268
-0.2922186641
-0.7053712019
0.0943007673
0.5090449694
0.1587510582
0.3216528510
1.2026876374
0.5260377303
-0.4317132795
-1.1715540589
-1.5339321268
-1.0034767484
-0.2344965674
1.2020152382
-0.9932577266
-0.3670819193
1.7664272811
0.2680931646
0.4332934033
-0.3092943276
-0.1841120121
-1.3829491720
1.0326982131
1.2694616464
0.0616649480
-0.0556629568
0.1516785262
0.7340318360
-0.1508817936
0.9020079551
-0.4413418433
2.0993010272
0.1707239196
-0.6097852353
1.2285150869
0.1331987072
0.5719346564
-2.0288889122
0.8665084925
-0.1184688817
-0.5172334084
1.8081145433
-1.0906255325
0.1138008258
0.3913402866
-0.1991515001
0.1995948334
-0.4622239666
0.0125369941
-0.8932211208
0.7318753328
2.7762723801
-0.2604351520
1.4868754858
0.3348260383
0.2890297641
0.8922101136
0.5968032322
-0.7348080724
-1.9511276088
0.6734761399
0.4136572907
-1.6768755670
-1.4892003800
1.3082463025
1.7023695858
-0.3777840725
-0.3041740141
0.9944893435
-1.3611262670
1.2686079364
-0.2074136248
0.7162060177
0.6720852426
1.1027688836
0.9810912106
-0.5818970391
-0.0402730073
-0.6161011957
-0.2290733590
1.2799674560
-1.7501809051
0.0726921695
2.0332342529
1.2029486362
-0.7767461023
0.6134564653
-1.1336642651
-0.7596331485
-0.3011348265
-0.9078699354
1.9825784468
0.3096793954
-0.5312935675
1.6795768732
-0.5542335304
-0.7665649122
-1.7932147008
0.5363289085
-1.6736423255
-0.7988588377
-0.2343598909
1.0730193124
-0.9950595828
-0.6086489628
0.3602727476
0.9643311445
0.3466157557
0.3766389126
0.6553027916
1.6906910034
-1.9327608728
-0.8036068598
-1.9541979869
-0.7179008705
-0.2985501556
0.5569890652
-1.0936794097
-0.3119213147
1.2898664993
-0.0040458059
-0.9172151383
-0.0630190843
-1.0991796235
1.0050681037
-1.3355628991
-0.2737547164
-0.2132727838
-0.0557220667
1.1095179375
-1.0831109122
0.0599295243
-0.3435169205
0.6916675292
-1.1111200867
-1.6346763925
-1.4436005775
-1.2075802898
2.1800055778
-0.8126664813
0.0304069163
-0.7753291027
-0.7960738110
1.4169727023
1.1039460458
0.0394749045
-1.1387763323
-0.4720835316
0.2935464605
-0.1189949137
-1.5499844986
0.8765746263
1.2316457189
-0.0743415317
-0.5042973616
1.0756134337
0.4072368296
-1.0360856069
-1.6723039131
0.6434393597
-0.9087051807
-0.5341648231
0.6607030687
-2.3990873870
0.6934132858
0.7065991162
0.5153685481
-1.3560696706
0.1716635843
-0.7194662304
-0.3685866599
0.6352223175
-0.0810342101
0.5263388695
-0.2028031543
-1.3528722978
-0.0000721766
-0.8872438987
1.4829840207
1.1062021398
0.3680224455
0.1571338546
-0.7139735564
0.9737887589
-0.8421303099
0.6226845275
0.1199719622
0.2659136643
1.7409801566
0.8864423954
0.8116732400
0.4884044676
0.6845442193
0.1284961886
-0.1209000890
-1.0658623721
-0.5016242482
-0.2388420990
2.3074178307
-0.3550653980
-0.2984607494
0.9071419804
0.0957650714
-0.8401078955
1.1781260132
1.8934569716
1.1732793070
1.2834812328
0.7955269065
1.7729661671
1.1662855343
-0.0161863744
1.3742906252
-0.7502233600
-0.5430770818
0.8962856952
1.0146381990
-1.8140443184
-0.0539794122
0.6977270674
-0.6594325662
1.5126783070
-0.3563161952
0.8392229045
0.2766338023
0.5605799144
-1.6755116541
-1.4601983420
0.6396574124
1.9307114281
-0.6330614089
1.3272203162
0.0937492768
-0.7816234400
0.6676051340
0.2892879806
1.4588100572
-1.8587030622
0.7212397098
0.6216377042
0.3800630054
-3.0994336107
0.0677253269
-0.4730587397
0.9476631756
0.3771776269
0.3386650090
1.5968981416
0.0136000687
-1.3454783446
0.6892493255
0.0283479175
-1.2224091036
-0.8841406897
0.4380742674
0.5056893430
1.0432106312
0.2487952855
-1.5187020461
-0.6922365872
-1.0582951699
-0.8031501362
-1.3483416177
-0.3109589421
2.7461146315
-0.4785825159
-0.2719510055
-0.5115805357
-0.4518406336
-1.2007312396
0.6311117813
-0.4173250220
-0.2267436252
0.9816212195
0.7301356080
0.1438641435
1.3554905212
-0.1227267826
0.6891984639
1.8780165633
0.3632398227
1.3736048770
-1.0465212655
0.6701238100
-1.4824823821
1.1107482600
0.3674428394
0.8850195638
-0.8585523922
1.5313040167
0.5921932984
0.7791558825
-0.0496651983
-1.1163592582
2.9317292699
-0.6970625283
-1.1577974110
1.0593877298
0.2846392200
0.9110558943
0.1306751377
-0.7649908597
-1.3596186174
0.9945101511
-1.1499776160
-1.0725891487
1.0494553792
-2.1159061046
-0.7371793953
0.0502955922
0.0977824034
0.3362954506
-0.1631770882
-1.6507378916
0.0793063500
0.1839021161
-0.0636734700
-0.2745968845
-0.5533440034
0.5967231844
-0.0010628142
0.1949602316
-0.2549699126
-1.8825775975
1.1362863280
1.0057867449
1.4016904753
-0.7657711057
-0.5420608462
-0.0574318544
-0.5575811036
0.2863305700
-0.1289638312
-0.9491638432
-1.1429084288
-0.4057125889
-1.5400676616
-0.5985566875
-1.6296782236
-0.2919083302
-0.8013303964
-1.5301099616
-0.2586120256
-0.7136455581
-0.1048595675
0.8615376959
-0.0417633557
1.1848760313
-1.5962593064
-0.0852768299
-0.6916282039
