15 10 0.04
7 0 1 0 2 1 1 1 2 2 0 2 1 2 2
6 0 0 0 1 1 0 1 1 1 2 2 1
6 0 1 1 0 1 1 1 2 2 0 3 0
9 0 1 1 0 1 1 1 2 2 0 2 1 2 2 3 1 4 1
8 0 1 0 2 0 3 1 0 1 1 1 2 2 0 2 2
7 0 1 1 1 1 3 2 0 2 1 2 2 2 3
8 0 1 1 1 2 0 2 1 2 2 3 0 3 1 3 2
5 0 1 0 2 1 1 2 0 2 1
7 0 0 0 1 1 1 1 2 1 3 2 2 2 3
7 0 1 1 0 1 1 1 2 1 3 2 1 2 2
1 2
1 12
8 11
10 0
0 4
4 0
0 0
3 3
4 1
3 3
0 1 0 0 0 1 1 1 0 0 0 0 0 0 0
0 1 0 1 2 1 1 0 0 0 0 0 1 1 0
1 1 1 1 2 0 1 0 0 0 0 0 1 1 1
1 1 2 1 3 1 0 0 0 0 0 0 0 1 0
0 2 1 1 2 1 1 0 0 0 0 0 0 0 0
0 1 1 3 3 1 0 0 0 0 0 0 0 0 0
1 1 1 2 1 0 0 0 0 0 0 0 0 0 0
0 0 0 0 0 0 0 0 0 0 0 0 0 0 0
0 0 0 0 0 0 0 0 0 0 0 0 1 0 0
0 0 0 0 0 0 0 0 0 0 0 1 1 1 0
0 1 0 0 0 0 0 0 0 0 0 1 0 0 0
1 1 1 0 0 0 0 0 0 0 0 1 0 0 0
1 1 1 0 0 0 0 0 0 0 0 0 0 0 0
0 1 0 0 0 0 0 0 0 0 0 0 0 0 0
0 1 0 0 0 0 0 0 0 0 0 0 0 0 0
1.3682595535
-0.0818237932
-1.1178911485
-0.9126610377
-2.4171422602
-0.0268179111
1.6594514298
-0.6489650278
1.4852555859
0.0267449594
0.6020368822
0.4370811813
1.0429347767
0.8452946023
-1.3536029646
-0.3280878981
2.4567839769
-0.2262653424
0.6059514315
-0.0338521113
0.2003504742
0.2506341506
0.5940880909
2.0368624348
0.5213940319
0.0323305613
0.0557533625
-0.1454910956
0.6237675101
0.0293367715
0.0454419120
-1.1329225286
-0.1254890012
0.1449961965
-1.3956212381
-0.1133262748
-0.8176761208
-0.0248173082
0.1027394952
1.3560855160
0.6280712370
1.4891480568
0.3004983084
-0.5089014236
1.3656268562
1.1802381344
0.2257806934
0.4594207758
-1.0107132155
0.2199222049
1.3658709530
-0.1665499253
-1.4738253684
-0.8888280126
-1.2348210262
-0.4625686082
-0.0060577370
-0.9233420165
-0.7578024193
-1.6729806467
-0.1621135305
0.6230038962
-1.3701508749
-0.1153335355
-0.7784558234
-0.0522511142
0.5542767474
0.2840890217
0.4004920064
-1.8987392705
-1.1728690019
-1.9483029807
-1.9609150435
0.9700130537
0.3884360444
0.1361421941
0.5732936081
0.2286103547
0.9605971936
-0.3839492244
-0.0584921990
-0.2389075613
-1.3420330734
-0.0355814147
-0.3314232242
-0.6438263657
1.4801493121
-0.3196961092
-0.0702284314
-1.4822703291
-1.9919870845
-0.4955170744
1.4039264393
1.3475212411
-1.0125017872
0.1782007897
0.6946666589
0.5014816519
-0.4760953468
1.1349627504
0.1218391920
1.1729767714
-1.2869999198
0.4208437457
0.4770484453
0.1023570145
-0.0286103928
0.2915258441
-0.3297280934
-0.7820178412
-1.1681533542
-0.5884726922
-1.0763432913
0.6030310956
0.0507946123
0.1997772366
0.5338459242
-0.7579712191
-0.7513246620
-0.3000834134
0.5912248966
0.2696209124
1.0840217152
0.9086552632
0.4530815622
0.4536144763
-1.4665649802
0.3810517115
0.5618362358
-1.0133249613
-1.1834777851
-0.1559453405
-1.0525435075
-1.2041899521
1.2148054839
-0.6847516389
0.6343197784
2.1295054748
0.2349478244
0.3938936544
-0.7846240679
-1.9457797095
0.1234822286
-0.2284868153
0.9510823679
0.3894313971
-1.0070103984
-0.0206418289
1.0593720312
-0.8958277882
-1.0682414621
-1.1751542559
1.7656702056
0.5784009316
0.2680079627
0.4399560094
0.7018392921
-0.0257247104
0.2162721462
0.7478419740
1.0798209074
0.9853944014
0.6859779179
1.0232193863
-1.3498373226
0.2590134034
1.4838656533
0.7965833373
-0.0011866871
0.4252171395
0.3421140450
-2.0236595033
0.1967363479
0.1635048515
-0.5015068425
0.5527259874
0.0677469001
-0.0764771731
1.2346628273
-0.4753747808
1.5036174755
-1.5110030920
-0.6278621180
0.1795681922
-0.2917762953
-0.3000282632
0.3157172310
0.5510424711
-0.6928706735
-0.7841305942
-1.4601750798
-1.7618656138
0.8468574969
-0.2373818531
0.2179848840
-0.2417559290
-1.0990848947
0.3802013977
0.3691379090
-1.7468635690
-0.1705462318
-0.5902796597
1.3695035227
0.6428911614
0.2567491243
-0.6249397965
1.4790912850
-0.5991044489
-0.3523322965
-0.3414321140
1.0427414898
-0.5735597280
0.1548780150
-1.4838048694
0.6832121130
0.0457656045
-0.1711038868
-1.4961320294
0.3627785420
0.3926171386
1.8691338725
-0.6304021170
0.0739219712
0.6521156623
-0.4834086779
1.1378010230
-2.2171494090
2.1420544744
0.7118019833
0.5042870736
0.3847129010
1.7262579577
1.1275118127
-0.8540291232
-0.3463313333
0.9612233339
-0.2331825391
0.5402125454
-0.2538948840
-2.0144115379
-0.2069309232
-0.4525705607
-0.1983235316
0.7841532348
-1.1176635272
0.1674589043
0.9990325365
3.2651449505
2.4350117865
0.3235417735
1.0022862602
0.3666057357
1.3501362375
0.4301745064
0.1541213477
0.2255381931
-0.9414290448
1.3892650392
-1.4464518589
-0.1893490891
0.0183182559
0.5790221889
0.1393965103
0.5933081291
-0.2616535975
0.8727360722
1.3979153937
0.1391982060
-1.1475347645
-0.8101759245
-0.9598824250
-0.8722866458
0.9190094869
-0.8407483780
-0.3571994751
-1.2583793225
-0.1126233270
2.0570193687
0.7496922651
1.1965752108
0.8562023363
-0.9564930672
-1.6818549739
-0.5731860611
1.0163861325
1.0925673077
0.0765951682
-0.7365189591
0.7924877432
0.7940912641
-0.1843198639
-0.4999764455
-0.1609831009
1.6512183596
0.0889135977
0.6018860237
0.2298852653
0.8075072118
0.0999197281
-0.2782870323
-1.4242907619
0.6384771608
-1.1089584631
0.9393960802
0.7748436130
-0.6969553287
-0.7734096982
0.5868096371
-2.0432690082
2.8322958955
0.5916539364
0.2934673558
1.5200662749
0.0497971130
0.5355404999
-0.0758526906
-1.3722884528
-1.7903227811
-0.3081531063
0.8946657351
-1.3998679731
-1.5595799751
-0.7652388132
-0.5271068413
-0.1732438513
-0.2701458055
2.2857039263
-0.9894768653
-0.3803796447
-0.4426372616
0.7062971225
-0.5622378166
-1.2250958764
1.5693975595
-0.6709325949
-0.2974896331
1.5403383322
-0.3084290234
1.4146374136
0.0089983875
-0.5133828689
-1.7515222027
-0.6402894590
-0.3310569862
1.3291434278
1.0207238783
-1.5346006444
-0.1226422591
0.7210619885
-1.8748958748
-0.1221006358
-1.0760249333
0.2484744932
1.1852638543
-1.1415130966
1.0913035530
0.6031930605
-0.0227658664
-0.6725750370
-1.1355272529
-0.5642766820
-0.9639404800
0.4244124577
0.1515542765
2.1920096049
1.1913745247
1.4171627700
-1.1917947694
1.0062835012
-0.3465832577
1.3537274023
-1.8631108104
0.0924852980
-2.1167801548
0.7190207350
1.1718054769
-0.1959210162
-0.3657046202
0.2747223716
-1.4921031129
-0.0492284024
-1.4479870929
-1.0726674636
-1.7253619849
0.4849640189
1.3536425700
1.3200381865
-1.6036745685
-0.7824715434
-0.6276114362
1.2390597990
0.1113725940
-1.4424763874
0.3781502471
0.5054474005
0.9990760988
-0.0766769720
-1.6375935060
-0.9125104684
-1.5896128843
0.7886933260
2.1870186821
0.7072927051
0.1831934563
2.1947177741
0.2408825810
0.4248285563
0.4397536778
-0.1503153510
1.7743183501
0.7194158335
0.4998730183
1.1310594992
0.4986251190
-0.2421686695
0.6343614250
0.3654251360
-1.4283248829
0.4148779005
0.6279865370
0.5900559290
0.2820254167
-1.0258810027
-1.0780680819
0.2400336807
-0.7411539819
-0.9208862317
-0.3588446983
0.0490702371
1.1092307377
0.8018210674
0.4756176415
-0.2649653464
-1.1667436110
1.6532331059
0.9526473468
1.3650256608
2.0070778525
0.4483654918
-0.1313500979
-1.3289007214
0.3253787556
-0.8628231426
-0.9539989442
0.7708862786
-0.8709442188
-1.1849639566
1.2512764786
-0.8046206087
1.3950864893
