18 14 0.04
6 0 0 1 0 1 1 2 1 3 1 3 2
6 0 1 0 2 1 0 1 1 1 2 1 3
6 0 1 1 1 2 0 2 1 3 1 3 2
6 0 0 1 0 2 0 2 1 2 2 3 2
6 0 0 0 1 1 1 1 2 2 1 3 1
6 0 2 1 0 1 1 1 2 1 3 1 4
6 0 0 0 1 0 2 0 3 1 1 1 3
6 0 0 1 0 1 1 1 2 2 1 2 2
6 0 1 1 1 2 0 2 1 2 2 3 1
6 0 1 0 2 1 0 1 1 1 2 1 3
6 0 0 0 1 0 2 1 0 1 1 1 2
6 0 1 1 0 1 1 2 1 2 2 3 1
6 0 2 1 0 1 1 1 2 2 1 2 2
6 0 0 0 1 1 0 1 1 2 0 3 0
1 12
2 7
10 14
11 3
14 8
5 6
7 14
5 8
14 1
4 7
16 0
11 7
5 5
13 15
0 0 0 0 0 0 0 0 0 0 0 0 0 0 0 0 0 0
0 0 0 0 0 0 0 0 0 0 0 0 1 0 0 0 0 0
0 0 0 0 0 0 0 0 1 1 0 0 1 1 0 0 0 0
0 0 0 0 0 0 0 1 1 1 1 0 0 1 0 0 0 0
0 0 0 0 0 0 0 0 1 1 0 0 0 1 1 0 0 0
0 0 0 0 0 0 0 2 3 1 1 0 0 0 0 0 0 0
0 0 0 0 0 1 2 2 2 2 2 0 0 0 0 0 0 0
0 0 0 0 0 0 1 1 0 1 1 0 0 0 1 1 1 1
0 0 0 0 0 0 0 0 0 0 0 0 0 0 0 1 0 1
0 0 0 0 0 0 0 0 0 0 0 0 0 0 0 0 0 0
0 0 0 0 0 0 0 0 0 0 0 0 0 0 0 1 0 0
0 0 0 1 0 0 0 0 1 0 0 0 0 0 0 1 0 0
0 0 0 1 0 0 0 1 1 0 0 0 0 0 1 1 0 0
0 0 0 1 1 1 0 0 1 1 0 0 0 0 0 2 2 0
0 0 1 0 0 1 0 0 2 1 0 0 0 0 0 1 1 0
0 0 1 0 0 0 0 0 0 1 1 0 0 0 0 1 0 0
1 2 2 1 0 0 0 0 0 1 0 0 0 0 0 1 0 0
1 1 2 0 0 0 0 0 0 1 0 0 0 0 0 0 0 0
-0.1798254846
1.1945577325
-0.9639248047
-0.6161778382
-0.7948377122
1.0275057966
-0.0925553595
-0.0417359588
-0.0443962219
0.4438531682
-0.8084071806
1.7540313397
1.4885299039
0.4487522495
-0.7281000050
0.5508256066
-0.8334125620
1.1707563441
-0.3938985457
0.2862852275
0.2348753002
-1.5476687182
0.2368101258
1.4438411155
-0.7456067353
-0.1091746768
-0.4082458493
-1.2927048818
0.4945183449
0.6634222855
0.8952956975
-0.3351854449
1.0860121068
-1.5581333038
-0.4315316862
1.5574308470
1.5295833934
-1.3185715433
1.2967377934
0.5447618082
0.2434556958
0.1345462785
1.8112628778
-1.4670190019
-0.6287240846
0.2795508939
-0.5860438760
-0.0908734788
0.3622799754
1.0180475443
-0.4069732064
0.1435733791
-0.5745272158
0.8572275877
-1.2502056972
-0.4362279705
0.4079999932
1.1700687164
1.2557350944
-1.3282752397
-1.5478989298
0.7338228251
0.1810679337
-1.9177442275
1.2161143994
-1.5348378965
-0.1305477304
-0.0859904338
-1.1268585378
0.3882641265
0.1425104079
-0.4898240432
0.8612836665
-0.0816883012
-0.2219108376
-0.9936693531
1.4564082322
1.7166439497
0.6417381331
0.5725346453
0.2818024248
-1.1552425452
1.6211895729
0.9660767371
-1.7215449272
0.5488298018
-0.0135168058
0.2145999483
1.2494500597
-0.7406511406
-0.1365807570
1.6360000690
0.2886288178
-0.8031155861
-0.2900666618
-0.3078669602
-1.3956577332
-0.5873628648
-0.4988870699
-1.1833998658
0.0177329966
-0.6306865648
-1.2088932353
0.2159252792
1.6484936496
-0.0460975581
-0.1060695340
-1.3287912656
0.6574121843
-0.5723237593
-0.0499395182
-1.1434750358
-0.1942177706
-0.5311428669
0.0367910700
0.6753034099
-1.3677463399
-1.2337401319
-0.4938790324
0.7416494927
0.7617445190
-0.4242305450
0.3699261867
0.5825234318
-1.0156473823
0.4619727906
-0.8776988979
1.3022951695
-1.4809552574
-0.0234947597
0.4630370854
0.3294368795
0.8342489106
0.8118529143
0.6230380677
0.3186730510
-0.7471054801
-1.7677437267
0.2258548936
-0.1931215057
1.1143302694
0.0489369228
0.9025669872
-0.2856021924
0.4316867309
0.3836622331
-0.6948458520
0.2247502561
-0.6238894641
-0.2766338637
-0.2195501254
-0.4648342286
1.2233898965
1.3817877978
-1.0055458377
0.6303694439
-1.1909462746
0.4709561267
0.1774648142
1.4633655729
0.9711193222
-1.4205744357
0.2446779556
-0.7564691875
0.1475644175
-0.5535257587
0.7224329596
1.0596050754
-1.7568862056
-1.1704497524
0.1945035595
-0.0473640608
0.7939623850
0.1291871487
-0.0040482615
1.2333732639
-0.6964984473
1.1826488984
-0.1405886482
0.1566532939
-1.3316453080
0.2579241223
1.2214903335
-0.9465069031
0.8922305258
-0.1593092780
-1.3977485688
-0.9387567420
-0.4834488686
0.4881800488
0.4510071670
0.9961690806
1.4311666878
0.5587053317
-1.3515404818
-1.2530194033
1.0513372715
0.0777462038
0.7034540850
-0.0030261950
0.8645611863
2.2619195946
-0.0437959259
-2.2984161634
1.2889507600
1.5576087443
0.6308288698
1.2891759479
-0.3962226172
-1.0792560302
0.4557512467
-0.7650235622
-0.7439723210
-0.9654629037
0.6941932903
0.3372875889
0.6960476922
-0.3989399099
-0.1357589237
-0.4787487838
-1.7165015104
1.0917307595
-0.2490374107
-0.2605812369
-1.4706955473
0.0726590056
-2.7814050178
0.6756439712
0.8200790500
-1.2007602990
1.2473212834
2.5278433954
-1.1643108473
-1.7150389444
-0.2047015871
1.9467475105
-1.6957848508
-0.5361082709
0.1322975367
-0.2793915121
0.2787661578
0.6593934305
-1.0265580508
0.1959761096
0.5600425419
-1.8320344382
-1.8792286055
-1.1553303682
-0.7804633056
0.1248481763
-0.6174532488
-0.0654009455
0.1548965515
-1.5770804528
1.7913012005
-1.2009050924
-0.4394610364
-0.4114340129
-0.0604971644
0.1176575755
-0.2368354994
-0.2763335605
-0.6868562477
0.0598029173
0.5246080717
-0.5412453013
-1.6087452111
-2.5751227322
-1.3264242393
1.5626725744
0.4506153316
0.5826116901
0.1837110033
-0.7532368983
1.5977614814
0.1460828782
-2.1102317050
-0.5651176557
0.5998583803
0.5491122837
-0.0194075995
-0.8755023077
-0.4573610833
-1.1313700590
-0.4198348503
-2.5705550808
0.3291544400
0.7874110572
-0.7664523981
1.9016767876
0.7445950994
-1.0446217175
-0.4483782918
0.2310912022
1.0956896296
0.7963425466
-0.1260845651
0.4340087842
-0.0590707040
-1.0812050072
1.8051662409
0.2898509139
-0.8755269660
-0.0575437400
0.3695336113
0.1848146931
-1.6709169576
-0.0477155137
-0.5604631739
-0.4248342085
1.4903804240
-0.7381750751
-0.0874440621
-0.8794118435
1.4263793809
-0.6072846528
-1.6203109034
-1.4269490749
0.3407856933
-0.7985232269
0.0186042198
-0.2359383957
0.8322546144
-1.1672593512
-0.3610849272
0.7797574051
-0.0949569086
-0.2207553687
-0.9845474938
-0.7493713757
-0.4407831538
-1.2381889214
0.5183503142
-0.9463474062
-1.0245814120
0.2620857697
-0.3652353330
1.4828514469
0.3614567531
-1.3123656265
0.1614698464
-1.7760143644
-0.5837653740
-0.3779583688
-0.3995087738
-2.5052283217
-2.6583781332
-0.9313433633
0.7858062031
0.8412699540
-0.5019661300
-0.8132357326
-1.1103575132
0.5453286046
-0.8064218474
1.9117608835
-0.4154798097
-0.9347244920
-0.2259455659
0.8338992557
0.6529691864
-1.1412652525
-0.1576706804
-1.3399577579
0.1312131923
-0.4927660676
-0.0069889847
1.5550979901
1.7483081620
-0.6372797603
-0.0003060365
0.8222873433
1.7722612440
0.1741979606
-0.9676297242
1.9592785783
-1.9639125068
-0.3755475303
-1.0663387703
-0.9759765007
-1.1023457895
-0.3577796599
-1.5060085085
0.4498050618
-0.3955432424
0.8861730696
0.0316753391
-0.3536069027
0.5187292836
0.3217250689
0.2058709737
0.4903482133
-0.5039957567
0.0490987596
0.4852250985
-1.5238077876
-0.2834002234
1.8677896364
0.0471150799
1.2251630442
-0.9710331046
1.9291025955
0.0891236322
-1.1414434103
0.7063351424
2.0846759316
-0.2040416662
0.0599934275
0.2297096762
0.6617993157
-1.3481576436
-0.4139878333
0.7092918086
0.0387741187
-0.4566596572
1.4110682545
0.5589437575
1.9994544056
0.7294664398
-0.9235437062
2.8916603032
-0.4781155428
-0.3029908704
0.7324388540
-0.3722973735
0.7808755251
2.6616753084
0.9234429556
-0.6119547850
-0.6272882187
-0.3652659357
-1.3662778124
0.6801815110
0.3552189067
0.5854618749
0.9636331379
-0.2081919839
-0.8335238630
-0.9934142650
1.3063041187
0.0852094630
0.2717921650
-0.6588739826
0.3260243133
-0.0917088757
-0.6371324279
-0.3645088635
0.5182599394
-0.2328758546
0.1983500211
0.5200205149
0.7626221347
-0.2142527410
0.7598092295
-0.3528773449
1.5996858436
-1.6830689298
0.0882766797
0.5731259783
-0.1084288033
-0.3986813690
2.3329075195
0.0651018708
0.4029298688
-2.1576832153
-0.3566495384
1.2743824916
0.7103984128
-1.4232562962
0.5786140006
-1.3550907671
-0.6871968081
-1.4582618119
0.3050792062
-0.0665443866
0.8540180130
-0.6277965845
-0.2025666388
0.4048152507
-0.7613699963
-0.6121939619
1.6868877010
0.1701842378
-1.7085664767
-0.7940779307
0.3948757024
-0.7785189273
-0.9692963073
-1.6655457794
-1.8075743433
0.2881921180
-0.9444052733
0.3972221270
-1.2330823582
0.6068754970
0.7106880141
0.0685241374
-0.1300483626
-1.7769406758
0.0593914405
-1.5344465563
-1.3807911861
-1.0099196354
0.2959683681
-1.8456540717
0.5649385862
-0.4191323507
0.2943995286
-0.3428920307
0.8041458313
1.7148988031
-0.9630345115
0.5081959772
-0.4759054560
-0.4132011428
0.2692841828
1.3638818237
0.2017585669
-0.1328591642
-2.1476155899
0.7280932376
-0.6126430025
-0.3324646800
0.6300850156
-0.1366438423
-0.7184956577
0.0895290702
-0.6261335064
-1.4514470954
-0.7063008090
2.2624718371
1.7575572412
0.6798264735
-0.9611728370
-1.0099112925
-2.4968855438
-1.4571787167
0.5229185913
0.3786574203
-0.5619978490
0.0199601060
-1.3896178711
2.1615029891
-0.2340089162
1.0660368261
1.0350994742
1.8573516223
-0.3331875541
1.0886105548
0.8269254893
0.0810644630
1.5198996299
-1.0280783534
-0.3473605808
-0.3463501528
0.0837358984
-1.4356949264
0.6384423327
0.8897077320
-1.2521410034
0.6317119329
0.5637810066
1.6105452255
-0.4418566532
0.3092829325
-0.0735716939
0.6491748442
-0.6517775470
-1.2796295195
-0.4659062644
1.2943672598
0.6352547319
-0.4091114700
0.4922972780
0.3422335656
0.0736940040
1.0940998355
-1.6833578312
-0.5454821342
0.5834491301
-0.0033814065
-0.2096742321
-0.4783365691
-0.0544627017
-1.2215534293
-0.3853118862
2.0918147545
-1.0084400832
-0.6436383087
-0.8786372220
-0.9167285623
-1.2714168054
0.9856806413
1.6014488871
-0.6236495305
-1.3178800799
0.0411694468
-1.0202959219
-0.1742664341
0.8505929525
0.2517006271
-0.4551338586
0.7674569567
1.4795814039
0.4651644216
0.6831073786
-0.4554938619
0.7292015443
0.4454951560
0.5409048097
0.9745015649
1.1297688022
0.7535169323
-0.2776396802
0.0335700650
-1.2889976995
-0.6158511281
-0.1087508665
1.0689946179
-1.3614088842
0.1793998886
2.2394779215
0.7994373029
0.7126664687
-1.1298755405
-0.1178780045
-0.9841579649
0.3618469794
0.2737358415
-1.2875069129
0.1994474969
1.3719731443
-0.0844013625
-0.4208231455
-1.2151890294
0.6514191584
0.1601569080
-0.2742446346
-1.1872155720
-1.8420454032
1.5441748415
-1.4394764470
-0.3300858529
-0.7012065221
0.8957162303
1.2255530135
0.2941514994
-0.2657781088
