10 5 0.08
9 0 4 1 4 2 2 2 3 2 4 3 0 3 1 3 2 3 3
7 0 1 1 1 1 2 2 0 2 1 2 2 3 2
9 0 3 1 2 1 3 2 0 2 1 2 2 3 0 3 2 4 2
10 0 4 1 2 1 3 1 4 2 0 2 1 2 2 2 3 2 4 3 3
7 0 1 1 0 1 1 2 1 2 2 3 1 4 1
6 2
1 2
0 3
4 2
4 2
0 0 0 0 0 0 1 0 0 0
0 0 0 1 0 1 1 0 0 0
0 0 0 2 2 1 0 0 0 0
0 0 1 2 1 1 0 0 0 0
0 0 0 1 1 1 1 0 0 0
0 0 1 1 1 1 1 0 0 0
0 0 1 2 2 1 2 0 0 0
0 0 0 1 0 1 1 0 0 0
0 0 0 1 1 1 1 0 0 0
0 0 1 1 1 1 0 0 0 0
-1.1545285099
0.3374424875
-0.2399545800
0.3785610413
1.0593690974
0.4865957299
-0.5070107632
0.8123463687
0.2288678133
-1.6218779777
-1.6418714146
-0.4878980056
2.1493932666
-0.5045697187
-0.0852729350
-0.2507307621
0.1655058727
1.3353475943
0.7151710228
-0.9050790300
-0.0755323133
-0.4546886312
-1.0836566542
0.1678875196
0.4989812980
0.3927290823
-0.2511544711
0.8714492694
-0.5437684739
1.1877952108
-2.6764099596
-0.2150219851
-2.6384339911
-0.6458980194
-0.4124186801
2.4148484813
0.7448334003
0.2959799345
-0.0418386853
-0.8752930732
0.2726535175
-0.1927192790
0.2878839581
0.1179375645
0.8589446591
1.0069611304
0.7780413024
1.3912522101
0.1644800154
-1.9861254948
-0.6359213066
-0.2612677787
0.8695230674
0.7553718142
0.3132930583
-0.9815787151
1.0944355287
-0.4375921408
0.4410838028
0.0600848027
-0.0383217338
1.5193877216
0.6514350074
0.0988691946
0.6210812748
0.2293280549
-0.5126257108
0.5114907712
-0.6636286976
-0.6578459933
-0.0532983368
2.0971377398
0.2363885894
-0.6663162356
-1.1297672739
-0.2867488225
0.5635865691
-0.2954673072
-0.2899569685
1.1630830481
3.0032991192
1.4262754814
-2.3932438759
0.3380413617
0.6381444298
0.6794800778
-0.6999273964
-0.4062506493
0.3675768328
1.6759864269
0.6754658979
0.5476838805
0.1126443020
-0.5365827758
-1.4700366928
0.3064396687
-0.0201118369
-0.1174481791
2.3396257030
-0.5048674122
0.5020255717
-0.1813480762
1.0431058550
0.2885328303
-0.2732420144
-0.3198237283
0.6061918418
1.6686917884
-0.8133423416
-0.0460748787
-1.3683768780
0.6798467072
1.1545290135
-1.0677403675
0.4125799149
1.7234405697
1.2476683240
0.9031548256
-0.5367010339
0.6149525470
-0.7528421654
-3.0552725100
-0.0334759787
-1.5711121782
-1.5912103907
0.0770364811
-0.4072013655
-0.5769241171
-0.0436731668
0.6827612043
2.0413093599
-0.1542807526
0.4490432171
0.4835162082
0.1925999810
-0.2608553300
0.7048199392
-0.8155165444
-0.6811959026
1.1639585685
2.0648389648
-1.5235568594
-0.9255154975
-0.2485271781
3.3875929556
0.2481034875
0.9386549195
-1.5652781366
-0.3859930150
-0.4084421008
-0.5013055014
-1.8572164463
0.2669007967
1.3983641399
-0.2929316808
-0.5888669983
-0.4229505494
0.6292168530
1.6074052130
-0.5235510182
0.6434556365
-0.0830921758
0.1617765532
-0.3597623621
0.7374340585
-0.2079118399
-2.0971315360
-0.5351643440
0.2003541015
0.6980348183
0.1357511545
-0.8049778540
1.1254830017
0.8371089598
1.3401591607
-1.3791068608
-1.0663087957
-0.0654266252
1.3297312731
-0.7744398781
0.1998673665
-1.7898992925
-0.0792801160
-1.7025789228
0.2413010933
0.4459436198
-1.1117913804
-1.5132468298
0.6242435303
-0.3157440916
0.2538002930
0.3532652446
0.2945632342
-1.0242831357
0.9115935573
0.2861537121
0.9481966347
0.6631250143
0.4980104325
0.2565152150
