10 5 0.01
7 0 2 1 2 2 0 2 1 2 2 3 2 3 3
9 0 3 1 2 1 3 1 4 2 1 2 2 2 4 3 0 3 1
9 0 2 1 1 1 2 2 0 2 1 3 0 3 1 4 0 5 0
10 0 1 1 0 1 1 1 2 2 1 2 2 2 3 2 4 3 1 3 2
8 0 3 1 0 1 1 1 2 1 3 2 3 3 2 3 3
2 6
6 4
1 0
4 5
3 3
0 0 0 0 0 0 0 0 0 0
0 0 1 0 0 0 0 0 0 0
0 1 1 0 0 0 0 0 1 0
1 1 0 0 0 0 1 0 1 0
1 1 0 1 1 1 3 1 1 0
1 0 0 0 0 1 2 1 1 1
1 0 0 0 0 1 2 2 1 1
0 0 0 0 0 0 2 2 1 0
0 0 0 0 0 1 1 0 1 0
0 0 0 0 1 1 0 0 0 0
-1.9329781104
-0.1951877566
1.3112098034
0.9164844537
0.3963636231
0.8463259628
0.2060852300
2.1738623231
-0.7483110799
0.7244987725
-1.4526825094
-0.0450578078
0.7623843553
0.0353133315
-0.5545216238
0.2233482526
0.0190125067
0.2620363813
-0.7709315754
-0.3275087396
-0.2753807894
0.2915447870
1.1336843640
2.5632159942
-0.6899869691
-1.7585114528
-0.5915550005
0.0359162601
-0.5180523825
2.5450441060
1.3911087388
-0.0784945817
-0.8483440315
-0.5416269697
1.8799718057
-0.7996469221
1.5460763941
0.0167836351
-1.0970115080
-0.4844329896
-1.4614104817
-0.6182055968
0.7344697877
-1.2248386261
0.4548160414
-0.8474301946
-0.3914393585
1.5653331950
-0.0783147344
-0.2195187487
-1.4734669982
2.0393899384
-1.1209312457
-0.4468139669
0.0515901823
-0.8994582373
-0.4316388007
0.5951595221
0.0564044869
-0.2804161847
1.7483777936
0.3288583652
0.0310933880
-0.7396573829
-0.3516252094
-0.3493637176
-0.2170528126
-0.9130757418
0.3922440604
0.6341474574
1.9636104807
1.1390853022
-0.3926212563
0.8070443861
-0.9500702881
0.4352346867
-1.5151494552
-0.5225314250
-0.6388730302
2.1787985010
1.4354958644
0.4744977998
0.6243608961
-0.4915279680
0.3050314330
-0.6376969824
-0.1216901768
-1.7254983627
0.1919102506
0.4034201151
-2.1670008874
0.0246559504
-0.6408944929
0.2148299660
-0.0860260770
1.0664929318
0.8928749215
-0.1797271854
-1.6875751441
-1.1702332306
0.3667493489
-0.8098531535
-0.6104520187
0.6344430378
-0.0966489553
1.2376980840
0.4638699299
-0.2623404711
0.2598596015
0.5255936266
0.0513544859
-1.5282921616
0.2756320206
-0.1586866991
-0.0281391547
0.7682348253
1.6420704083
0.8484832612
-0.1980327946
0.6015679899
0.1016114028
-0.6338240858
2.3593453515
-0.2869294633
0.4474339651
0.2050491734
-0.9258334312
-0.9691153907
1.0876303153
-0.5588103681
0.4348830008
-0.3928009012
-0.7883736155
0.6481090009
2.5683408451
-0.6352780955
-0.0312527225
-1.4705210273
0.6388387638
-0.1436325283
-0.3789993046
0.9853898778
-0.1027174569
-0.1837936401
-0.2248811204
-0.7163374723
1.3810585717
1.8552534907
1.0153354668
-0.3301459356
-0.3953627982
-0.3403160822
-0.2554917873
0.7502505824
0.5976834407
-0.4835478180
-0.9656824241
-0.5357740302
-1.0337087737
0.0008802829
0.8669326470
0.7964451649
0.1418866926
1.2482057702
0.0919886261
-1.1190358553
-1.7649488175
-2.0664401040
0.3834290912
1.0964330291
2.7350486891
-0.9775797547
0.2241414616
0.0203590342
-0.6028027125
1.5710791544
-0.5575513459
-0.2295165397
-1.0075403170
1.0375157565
-2.0561831848
0.1002719585
0.2216181140
0.5485119065
0.1061020370
1.0681746384
0.3787095759
-0.1421041658
0.7411608744
-0.5020532047
-0.7074757187
0.1769079398
0.9219843095
0.6879327610
-1.0377051740
1.4642196807
1.2518738775
0.7170732712
0.9554152655
-0.6804322975
