11 5 0.14
8 0 0 0 1 1 1 1 2 2 1 2 2 3 0 3 1
11 0 0 0 1 0 2 0 3 1 1 1 2 1 3 1 4 1 5 2 5 3 5
14 0 3 1 3 1 4 1 5 2 1 2 2 2 3 2 4 3 0 3 1 3 2 3 3 3 4 4 2
9 0 1 1 1 2 0 2 1 2 2 2 3 3 1 4 1 4 2
7 0 0 0 1 1 1 1 2 2 0 2 1 2 2
6 4
2 3
0 4
4 5
0 2
0 0 1 1 0 0 0 1 0 0 0
0 0 0 1 1 0 0 1 1 1 0
0 0 1 2 2 2 2 1 1 0 0
0 0 0 0 2 2 2 2 2 0 0
0 0 0 0 0 0 2 0 1 0 0
0 0 0 0 0 0 1 0 1 0 0
0 0 0 0 1 2 1 1 1 0 0
0 0 0 0 0 1 2 0 0 0 0
0 0 0 0 0 1 2 1 0 0 0
0 0 0 0 1 1 0 0 0 0 0
0 0 0 0 0 0 0 0 0 0 0
-0.4306280915
-1.0015283678
-0.0218257893
0.1535867181
-1.2995306658
-2.3379895153
1.1443750965
0.0887770238
-0.6298374073
-0.9938152307
1.7576371516
-1.3460955597
0.6559906674
-1.5119454088
-1.0645003858
-0.7221165146
1.2151462390
-0.3027794674
0.5131138200
1.5756889281
0.0423625289
-0.3546278816
-1.0285659530
0.0796075196
2.7247921381
-0.1253791813
-0.5621322648
-2.5417368353
0.1755214460
-1.4870064435
1.2714162232
-0.4406973597
0.8409007131
0.2225997007
-0.5160964670
0.3971802501
0.6718752600
1.8188931179
-0.5438550754
-1.8142490863
0.1164990481
-1.2887034471
-0.8727644017
2.0863457979
0.2728373302
0.2655357288
0.1378135580
1.8391217425
0.0854948435
1.4465198715
0.1170458556
0.5412385998
-0.9339106755
-0.6537055423
-0.4219769566
-0.8434636334
1.0340711914
-0.0206036378
-0.6445658930
-0.7105519079
1.1241346161
1.3287518525
0.4914091733
-0.5718889325
-1.2470711551
-0.1992946891
0.7384399891
0.2666502445
0.6813818386
0.4654744040
0.5838821777
-0.0066280958
-0.2938759177
0.8964088608
0.5034671008
-1.2832326831
-3.4905227695
-0.5455739897
0.9658402339
-0.9646122494
1.0480314174
0.1588156809
-1.6808397011
-1.0141173745
0.7524375376
-1.4838262678
0.0308875022
-0.2524225007
-0.5599883525
-1.1976053114
-1.1384066521
-0.4013526215
-0.4371199205
1.2662196263
0.7343611139
-0.9533130486
0.7480044584
-1.1355288165
-0.8929370591
0.6072624009
0.2916741161
0.5783401253
1.3271190778
-2.3736178934
1.1832414804
1.2083998501
2.5197784345
1.1268651665
1.9699174799
-0.0652445428
1.4145947464
-0.2906024973
-0.1601060170
-0.8064201775
-1.0043927434
0.0463434755
-2.3699851286
1.1361261566
1.0643208454
-0.2948081463
-1.6936041528
0.6864811244
-0.1193005680
-1.4526033043
-1.1455428601
-0.7522487416
-0.2276091505
0.1075273865
0.6117252889
-0.5513061763
0.7563182206
0.1986737685
-0.3719899675
-0.9634356151
-1.1660376263
0.2004909822
0.4515048357
0.6853910715
-0.1140827154
0.0772929169
0.0223555409
-1.0677280618
-0.5479998802
0.0953776554
-0.0831167581
-0.1401607689
-1.5488240913
-0.6799209494
0.6048620656
0.8085514865
-0.7966993528
-0.2311037400
1.2239506732
-0.1292672590
0.1945239713
-1.0385352417
-2.0943978095
0.2037670973
0.9752151431
-0.0008847791
2.0793808222
1.3993234178
0.8090261665
-0.4126696608
0.8990057782
0.2890353171
2.5157781457
0.8838269816
-1.2055670943
0.2287234801
-0.1918731696
1.2924330942
-0.1206596287
0.3068504497
0.1825535366
0.7556875351
0.5994578161
-1.0089227416
-0.6668350158
-1.0602339543
-0.4744526361
0.2427195664
-1.1724944699
0.1469136773
-0.4712419201
0.3559948913
0.3932861049
0.3059437571
0.6369721587
0.0547184113
1.0188767699
-0.8323669274
-0.5995031780
-0.4405666976
-0.0838729693
-0.8175327607
-0.8890269361
-1.8762428938
-0.7089128834
0.1021827247
1.7263163838
-0.8222615355
0.1816937918
1.3274995322
-0.1893178795
-0.8269795186
0.4534402008
0.4363944375
-0.9988484470
0.6217935748
-0.2818895977
0.5371117326
-0.5408931274
1.5172318926
0.4869076580
-0.2180055191
-0.7543650478
0.6357786201
0.3811376287
-0.9004563373
-0.8829338170
-1.0281474163
-0.8540879338
-0.6434952329
0.8817139232
0.4411171134
-0.7007804111
0.7431887111
1.4984487962
-1.3164864898
0.2696087207
0.2459675911
-0.4360869474
0.2279991165
1.4107890323
-0.4485563240
1.0567832891
-0.3436201126
0.5100967851
1.5055525544
0.6409681224
0.0120908460
