13 3 0.13
21 0 3 0 6 1 3 1 4 1 5 1 6 2 2 2 3 2 4 3 0 3 1 3 2 3 3 3 4 3 5 4 1 4 2 4 3 4 5 5 3 6 3
16 0 2 1 2 1 3 2 0 2 2 3 0 3 1 3 2 4 0 4 1 4 2 5 1 5 2 5 3 6 2 6 3
19 0 3 1 3 1 4 1 5 2 2 2 3 3 1 3 2 3 3 3 4 3 5 4 0 4 1 4 3 4 4 4 5 5 0 5 1 5 2
0 1
6 0
7 7
0 0 0 0 1 0 0 1 0 0 0 0 0
0 0 0 0 1 1 1 1 0 0 0 0 0
0 0 0 1 1 1 0 0 0 0 0 0 0
0 1 1 1 1 1 1 0 0 0 0 0 0
0 0 1 1 1 0 1 0 0 0 0 0 0
0 0 0 0 1 0 0 0 0 0 0 0 0
0 0 1 0 1 0 0 0 0 0 0 0 0
0 0 1 1 0 0 0 0 0 0 1 0 0
1 0 1 0 0 0 0 0 0 0 1 1 1
1 1 1 0 0 0 0 0 0 1 1 0 0
1 1 1 0 0 0 0 0 1 1 1 1 1
0 1 1 1 0 0 0 1 1 0 1 1 1
0 0 1 1 0 0 0 1 1 1 0 0 0
-1.1162931311
-2.1087567278
1.5075078716
2.0200886352
0.6315112941
0.6849539732
1.5574518834
1.2574270521
-0.0689006858
-0.2207699010
0.5799120844
1.0226566165
0.2373608802
0.1140391967
-1.1431109552
-0.5246413226
0.9233895855
0.1395768342
0.8184457637
-1.0113109794
-0.3165001263
0.6130177040
-0.6532362609
2.8035022154
-2.1148452071
0.4336243320
-0.9511134742
-0.2748845227
0.2256560259
0.3097071605
0.5979782801
1.0154621295
0.1763485231
-1.0422972249
-1.0589629694
-1.9223443148
0.6130159979
0.4899419104
0.1600099825
0.7523614491
-0.1435141862
-0.3906699117
-0.9920027588
0.9804819675
0.0519170590
0.1300162307
0.6522701134
-1.3033408507
0.8197822853
-1.8344075750
-0.6908040227
-0.4317121728
0.7064304618
0.3725307472
0.4192260421
-0.6703470095
-0.1000865676
1.7800619811
0.3621794274
-0.7330940623
0.5704677577
-0.7547135263
0.3870802126
0.0183325062
0.9612184398
0.3219843080
-0.6902642676
-0.4016885063
-0.8106746648
0.6507201658
0.3523800424
-0.6537252697
1.4710996217
1.4950668068
2.1905914822
-0.7684519718
1.3642797969
-0.6252715818
2.4568624152
0.1824213993
-0.7489427318
0.7899725603
0.3596069400
1.3988380733
-0.4658513534
1.1281252858
0.4425836291
-0.3672930000
-0.0387443481
-0.6152538863
0.0329067542
0.4281633156
-0.8563588952
-0.3532050855
-0.4849838939
1.0590461696
-0.4834850064
-0.2633164199
-0.4030201368
0.6848201577
0.0732386786
-0.7480031602
-0.6170349641
-0.8008271603
-0.3457807328
-0.4755928148
-0.8105623797
0.2246735658
0.5109677604
-0.9803518050
1.0728210631
0.1479249264
-0.3224797608
0.0200135550
0.2394330957
-1.0730476226
-0.4389914105
0.4417525334
-0.6802128526
0.4586179458
0.9212196766
1.5674781592
-0.1183189333
0.0052856952
-1.7786096089
0.4720137830
0.7169795794
-1.0863386043
1.0418362664
-0.2439961335
-1.4435311204
-3.0996676983
-0.5612474695
0.2199155052
-0.5708245114
1.3936556555
-0.2709959770
0.1977580654
-2.2656599759
-0.0600600595
-0.3706986186
1.0082665964
-0.7120178742
0.5784654311
0.2837207391
-0.1194957417
0.7826845297
-0.6049674548
1.6955524747
0.8737124417
-0.0853032892
1.8488807556
-0.1442078189
0.3854286054
0.6015761560
0.4021817409
-0.5447298900
-1.3467917426
-1.3534254753
-0.9992607922
-1.7907218196
0.1171941806
-0.2071310652
0.3072177304
1.0660368133
1.9347083039
1.8655067432
0.8603825096
-1.0696110679
0.1098284580
1.0314615411
0.6617903132
-1.0818732805
-0.3562587486
0.3704308087
1.3730325955
0.8368525243
-0.3096634069
-1.3767934425
-1.5524929214
-0.3709770172
-2.0379058589
-0.9869702754
-0.9010651321
-0.9359091905
-1.7294481885
0.7359598878
1.1583012398
-2.1423082413
0.4437850993
-1.1329447449
0.9009137017
2.2039082792
-0.4200755503
0.8664162003
-0.9294523904
0.9850260788
0.4486905234
0.7074868572
1.7030929143
2.2512397162
1.3967208940
1.3660180365
-0.4072900897
-0.0099121741
1.2053691280
0.6411628163
0.6943712045
0.3833090666
-0.8607561153
0.0360792082
0.8727323050
-0.1606108575
1.5928691882
-1.5413895154
3.1382800770
-0.1020273622
0.2154232980
1.0932275516
-0.7181036682
-0.1484111117
-0.3525739198
1.6415523188
0.2348077530
-0.0418631038
1.3795091391
0.4541003503
-0.3929805521
1.4641623169
-1.8020002714
-1.4033864642
-0.4480159586
0.0636339306
-0.9092750897
2.4593687445
-0.7665472438
-0.8573727292
0.5468840229
0.1593454750
-0.0156492251
-0.0483835310
0.7625087127
0.4583258273
-0.6519457397
-1.7281039351
1.2709781334
-1.1134488883
-1.4572433584
0.1989726414
-1.0043378663
1.5673103132
0.0557386084
-0.8746017117
0.4675913760
-0.3820630143
-0.0224021011
0.1787224984
-0.0760190690
0.8698265233
0.3556358782
0.7291283226
-0.1988954626
-1.2722519056
-0.2481514462
-0.8391320603
-0.3880105545
0.5730133441
-0.1094430865
-2.0412780515
-0.6024521730
0.5104819479
0.8361951375
3.1170301330
-0.1764483975
-1.6716820442
-0.4362370733
1.6163715620
0.2132953854
0.0685388027
-0.4336816282
-0.4760695026
1.9856692510
0.7960678993
1.9347471876
1.0343759698
0.4867639018
0.7308789829
-1.2214636986
0.3477218451
1.4326220902
1.5283358053
1.4871611436
1.4173473206
-0.3108003559
0.4073593389
-0.7308134654
1.2511921234
0.4569428279
-0.2944586841
-0.4053606326
-0.6515744065
-1.5465223033
0.4709629519
2.3430580621
1.1665864554
-1.4652230453
-1.5385383682
1.2092904308
-0.0475828499
1.0884352259
0.9091398290
0.5685650713
1.2528939807
1.2188035833
0.1938467426
-0.7755083538
-0.5729293299
-0.2952812618
-0.1319623886
-0.5740343228
0.0170355783
-0.4457738363
-0.0914758093
1.3609846944
0.3366359239
0.4863835389
0.1808559425
1.0275334059
-1.5728150640
-1.0227745423
-0.6517419751
0.5830857583
-1.3947172111
0.4685013889
1.3181229708
-0.1787876037
0.5575181342
0.3855483064
