18 3 0.12
43 0 2 0 3 0 4 1 2 1 5 2 2 2 4 2 5 2 6 3 1 3 2 3 3 3 4 3 5 3 6 4 2 4 3 4 4 4 5 5 1 5 2 5 3 5 4 6 0 6 1 6 2 6 3 6 4 6 5 6 6 6 7 7 2 7 3 7 4 7 5 8 0 8 1 8 2 8 3 9 0 9 1 9 2 9 3
43 0 5 1 4 1 5 2 0 2 3 2 4 2 5 2 6 3 0 3 1 3 2 3 5 3 6 4 0 4 1 4 2 4 3 4 4 4 5 4 6 4 7 5 2 5 3 5 4 5 5 5 6 6 0 6 1 6 2 6 3 6 4 6 5 6 6 7 1 7 3 7 4 7 5 7 6 8 3 8 6 8 7 8 8 8 9
44 0 5 1 5 1 6 2 4 2 5 2 6 3 3 3 5 4 3 4 4 4 5 4 6 5 2 5 3 5 4 5 5 6 0 6 1 6 2 6 4 6 5 6 6 6 7 7 1 7 2 7 3 7 4 7 5 7 6 7 7 8 2 8 3 8 4 8 5 8 7 9 3 9 4 9 5 9 6 9 7 10 2 10 3 10 5 11 2
3 10
9 3
0 4
0 0 0 0 0 0 0 0 0 1 0 0 0 0 0 0 0 0
0 0 0 0 0 0 0 0 0 1 1 0 0 0 0 0 0 0
0 0 0 0 0 0 0 0 1 1 1 0 0 0 0 0 0 0
0 0 0 0 0 0 0 1 0 1 0 0 1 1 1 0 0 0
0 0 0 0 0 0 0 1 1 1 1 0 1 0 0 1 0 0
0 0 0 0 0 0 1 1 1 1 0 0 1 0 1 1 1 0
0 0 0 0 1 1 1 0 1 1 1 2 1 1 1 1 1 0
0 0 0 0 0 1 1 1 1 1 1 1 1 1 1 1 0 0
0 0 0 0 0 0 1 1 1 1 0 2 1 1 1 0 0 0
0 0 0 0 0 0 0 1 2 1 2 2 1 1 1 1 1 1
0 0 0 0 0 0 1 2 1 1 0 0 1 1 1 1 0 0
0 0 0 1 0 0 2 1 1 1 1 1 1 1 0 0 0 0
0 0 0 1 1 1 0 0 1 1 1 1 1 1 0 0 0 0
0 0 0 1 1 1 1 1 1 1 1 0 0 0 0 0 0 0
0 0 0 0 0 1 1 1 1 1 0 0 0 0 0 0 0 0
0 0 0 1 1 1 1 1 1 1 0 0 0 0 0 0 0 0
0 0 0 0 1 0 1 1 1 1 0 0 0 0 0 0 0 0
0 0 0 0 0 0 1 0 0 1 1 1 1 0 0 0 0 0
0.1539302310
1.7624191844
-2.4182459838
-0.5773165330
-0.8825378688
-0.1423004108
-0.1284788924
0.6604091110
-0.6214840456
0.3421252643
1.0692351213
-0.5201988990
1.9160583255
-0.1251346261
0.8344125457
0.0937447603
0.9878660856
-0.7048553663
2.8810661868
-0.2617662860
-0.2149418563
1.0310041013
-0.5258859426
0.1584429859
0.5443904473
-2.0560622748
0.0024437874
1.0005875156
0.2193045960
-0.7313086773
-0.6144735305
2.2526776223
1.2703517782
0.1724961748
1.5783274126
-1.7890819971
-0.0493717505
0.9598792199
0.5970143391
0.0037049851
0.7258685358
-2.4197000649
-0.6251298036
1.4334713244
1.0872300295
0.2777937667
1.0275777857
-0.7640266268
1.0512984771
-0.0301233146
0.7332319222
0.4938252810
-1.3792326164
-1.0873286689
-0.7882816253
-1.5552427181
1.5504017472
-1.4026624838
-0.7770473684
-0.7265327276
1.6519994860
-0.1539138262
-1.3027953489
1.2742582894
-0.4312303626
-0.3829768681
-0.4469988784
-0.8039473589
0.0567769512
0.3844551548
-1.1071656054
0.7347290746
0.2203242799
-0.9027508488
-0.8115291465
0.3816907377
0.2963986707
1.3170591275
-0.7078378801
0.1160442859
1.1282086526
-0.7251693236
-0.3959444374
0.0206595768
-0.0922676410
0.6181533087
1.2455366893
0.5842273742
1.1043153005
0.9863280587
-0.2466987894
-1.0955098507
0.2459405257
0.9105247960
-1.5802133645
1.2545997242
-0.5847451790
-0.5893598622
2.7691971110
0.3515292300
-0.6680810698
-0.6722041696
1.0105677605
-0.5762671749
0.4715740773
-0.5721960382
-0.1769617980
1.2909719158
1.1828934131
0.0225691576
-1.2094405954
0.6106599212
-1.9124070527
-0.6565678763
0.9520527658
0.5275868263
1.2912292536
0.5043382594
-0.4614202045
-1.6328757583
1.2310168883
0.0616600611
-1.0318921652
-1.2523034933
0.2934535083
-0.4019677859
-0.7472783985
-1.3237186376
1.0494668202
2.1066512135
0.2988166900
-2.1906260474
1.6688218030
-0.4790712857
0.3088912787
-1.0386823168
-0.4493497116
0.5368495479
-0.7972379851
1.7647565675
-1.4191490499
-1.7922636277
0.0786589948
-0.1005026470
0.7203028643
0.5489805615
1.9048220598
-2.2593254226
-0.1141800258
0.3177892838
-0.7184756267
0.5505827894
-1.5860359447
1.2800404289
0.9425240143
0.7189656140
0.8103211400
-0.9540559193
-0.3334978234
-0.0933444511
1.3379724407
-0.6335030988
-0.0717970937
0.3657732302
-0.3470947045
0.2373311502
2.1283865806
1.5920392774
-0.5397217236
-0.1124990623
1.6548975165
0.1957310383
-1.6001821891
1.2284744887
-0.4609115656
-0.7992453137
0.6555488977
-1.1816503809
-0.1638284432
-0.9743590182
-1.0065773003
2.1969596278
1.1147928225
1.2553832802
-0.1385076349
1.8038141222
0.2645132036
-0.5948089240
0.6740665626
0.5063452489
-0.9423074588
1.7094464542
-0.7993990139
0.2292079420
-0.9314742267
-0.7091499846
0.0041744031
0.0781194590
-0.2007065146
-0.4119738972
-0.1882964155
2.2110897157
-0.3538725238
-1.5812868332
0.2266480339
0.1115682930
1.1748235258
-0.8819544371
0.6536594328
-0.6760875289
-0.4498690082
0.2233575592
1.7987821367
-0.6135013692
0.6547796270
-1.1145886824
-0.9520115293
-0.0956006056
-1.4693230140
-1.5833070425
-0.2811417895
0.1610185683
-1.2981748855
0.8634296075
-1.6373525988
0.6452247049
-0.1364097726
1.3991316981
0.9693314014
0.8989727507
0.7689554559
0.3687321504
0.0954192462
-0.6659467486
0.1671725924
-0.3645073095
0.5506431310
-1.4404717043
0.6106485112
-0.5451932718
0.0766978869
0.0729012248
0.4407652676
0.4120676956
-0.8128867123
-0.8016636409
-0.4547232024
0.5422789389
0.7400876811
-0.8669036119
-1.3585396277
-2.1335733007
1.2860216560
-0.6638257341
1.9051021863
0.3299915313
-2.2444596416
0.2482364241
-1.9639422130
0.8118115861
0.2122831014
-1.2095509997
-0.5609609497
2.3705755478
-1.0335965303
-0.4291068492
1.1040237283
-0.0844703414
-1.2913250822
-1.5392089595
-0.3789873755
-0.0048305844
0.2669877664
-0.7050202111
-0.7232429853
-0.2185691109
-0.1937195336
1.0376645795
1.0626078052
0.0838520493
0.7824573936
0.7572254118
0.9928310072
-1.5522618468
1.6424272824
-0.5161214799
2.2381240957
-0.2947639346
0.2551703459
-1.2675178229
-0.0091045263
0.0696950085
-0.6038679373
-0.0518629099
0.2050313113
-1.5238196732
-0.3107629932
0.1962324163
-0.4488655854
1.9275263850
0.6323397758
0.4404603653
-0.0936764306
0.8807104644
-0.9708210543
1.9902010346
0.3608317738
0.4462208857
-1.8774321052
-0.0806146095
-0.8859984809
1.2737491083
0.3023720576
-1.1221180670
2.1003089386
-0.2879066736
-0.6833127119
-0.4288937924
-0.5019151847
1.5050633223
0.5282035743
-0.5047854958
1.3865094549
0.2464432197
0.7668551610
-0.2969036650
0.4908801898
0.0519462662
-1.4356229931
-0.9633141726
-0.9167047978
-1.2574642028
-0.7161967281
0.3693291138
-0.6504930368
-0.8442816778
0.6633685221
1.6047531602
1.0429907395
0.6016689390
1.2061855920
-0.5963448936
2.1552726010
0.7305835163
0.6599889408
1.0309408858
-1.2109751483
-1.4008661872
0.5945121383
-0.2483174578
0.2637866507
-0.4465816930
0.3973792089
0.8089711602
0.5764872597
-0.4503660377
1.2252811158
1.2590349892
-0.0855120101
-0.0946898672
-0.1414521992
0.7135550210
0.2385728969
0.3667220513
-1.8813189644
-0.0968045399
-0.5364199878
-1.0429194070
2.9266943742
-1.0485303979
0.5366740372
0.6349215960
1.7935401655
0.4510537161
-1.6890114985
-1.1775142293
0.5168817807
0.8412861139
1.0514802127
-0.0788862110
-0.3220110465
0.7050013772
2.7928092708
0.3982584826
1.3118107234
-0.1158566974
-0.3476101822
0.5628149795
0.6422866191
-1.6598748356
0.2943967599
-0.2578429587
-1.0120509208
1.1510374950
-0.0730366628
-1.9358855979
-1.0155478003
0.1555973413
0.1030366536
-0.2843628037
-0.7594086887
1.4345293883
0.0982771850
0.9000845564
0.8498403990
0.0728752528
1.0813143983
0.8121643491
1.2038172648
0.1402269979
-0.0779871548
-0.8851235329
-0.3230101236
-1.2964934621
0.3884701128
0.8726095790
0.6377740374
1.5388980154
-0.5797371500
-1.2332145878
-2.0725658321
-0.9478255025
0.2906557748
1.3634123556
-0.8166833638
0.1465780120
1.8599234213
-0.1639155386
-0.4623294993
-0.8806773922
0.2888783472
0.6024086078
-0.3649709266
-0.1763532164
0.5279981478
-0.2447085389
-0.6072984298
0.5039928551
0.6523768654
-0.1675633541
0.5258857451
-1.0506554674
-0.6102405838
-0.1224297999
-0.3144053875
1.1182595019
2.6020006802
0.3806149702
-0.5918593985
1.8167950508
-0.8197865537
-0.3874480859
0.4191991956
0.2287217184
-2.6369088960
-0.2242378884
0.7613107255
-2.1968063169
-1.7959478836
-2.5551949503
0.1956276589
-1.3713560791
-0.4221607866
-0.5524390828
0.9881846300
-0.7703553819
2.4719373531
-0.4545946899
1.9161908200
0.6115430650
0.3618824910
0.7821131580
-1.0602183450
-2.1870173399
1.6613068483
-0.7904136263
0.6293745526
-0.0318137922
-0.6415370541
-0.0770543493
0.5123683095
0.0976285068
-1.0834346089
0.1362846578
-0.3295191070
0.5669602485
0.3742921841
0.6032223336
-0.6598266105
0.3604118635
-0.5456116740
-1.1819422482
-0.8598060190
-1.2181175410
-0.3144315837
0.7570418252
-2.2487227835
0.0908420587
-0.7806878050
-1.0850060510
-0.1753153889
-0.8806799402
-0.1913771712
-1.6817087418
-0.5277592196
-1.2282182439
0.1016306892
-1.1840886290
-0.0461374216
-0.2832112293
-0.3609695596
-0.8112129246
2.7559930078
0.2570057717
-2.3846205986
0.7883975921
-1.2954551225
-0.4494646536
1.1932975887
-0.8217471626
-0.5817531568
-1.2149632659
0.3889518701
-0.5858164350
2.1816638773
-0.7879542464
0.6321220089
-1.0470715521
0.6506755884
0.2878777019
0.2494807881
-1.7715540618
-0.4858354590
-1.0906252784
1.2488652771
0.2215881031
0.9971824297
-0.2361752035
-1.1460400637
-0.2837257765
0.7141357191
-0.5246595186
0.8323182268
1.4023534665
-0.1351198313
0.1576628732
0.1383672490
0.8804912885
0.3589274491
-0.5894348974
0.5322718699
-1.7880085760
1.8289802788
-1.5540298471
0.9450271161
0.8451499083
0.5734958282
-0.8970736153
-0.6093516488
-0.5966736786
0.8495473903
1.0874876695
0.1111938871
-0.6282156068
1.3921985978
-0.1979883246
1.0134456607
-0.5432216644
1.0914966346
1.3671156325
-0.2208004714
-0.5951001903
0.4082559931
-0.1370273640
-0.4493282234
-0.3102994562
1.3126867482
0.6938690087
0.2798306092
0.1307947513
-0.2890549427
1.0794147903
-0.3999997667
1.5577030965
1.1732711133
-0.8156683631
0.6658485743
-0.6484974339
0.0674366917
1.3032392069
-0.3474368857
0.0473471054
-0.9342197293
0.9634813091
-0.2152336197
-0.8924511934
-0.1688555241
-0.8039015538
0.7944497203
-0.1384945151
-0.9680991141
-1.3924691269
0.1764417033
0.6328046140
-0.2071862915
0.0339564142
0.8804702672
0.5849612302
-0.8356995581
-1.0965590698
-0.1896716272
-1.2394384523
-0.1696285182
-0.2612080617
0.4001816391
-0.4017653883
-1.1719097785
-0.8975226795
-0.8689260064
0.9545302431
0.7448705608
0.3586866407
1.0200624944
-2.0553551990
0.6569121754
-0.5463342367
-0.3095469764
-0.0694406150
-1.2307853425
0.3535143460
0.1611001823
-0.2908612232
1.5056784414
-1.8961741887
-0.4383295947
-1.6552858430
-0.5225464622
-0.7227923468
-0.1288968762
2.0627617193
-0.4471114639
-0.4763004010
0.1035050847
0.4491937712
-0.9912398381
-0.2266849189
-1.8887041841
-0.6270737064
