18 5 0.18
9 0 2 1 2 2 1 2 2 2 3 3 0 3 1 3 2 4 2
15 0 2 0 3 1 2 2 1 2 2 2 3 3 1 3 2 4 0 4 1 4 2 4 3 5 1 5 2 6 2
12 0 3 1 0 1 3 2 0 2 3 3 0 3 1 3 2 3 3 3 4 4 1 4 4
12 0 2 1 0 1 1 1 2 1 3 2 0 2 1 3 0 3 1 3 2 4 0 5 0
14 0 2 1 1 1 2 2 0 2 1 2 2 2 3 2 4 3 2 4 2 4 3 4 4 5 2 5 3
6 3
5 10
1 7
0 6
11 3
0 0 0 0 0 0 0 0 1 0 0 0 0 0 0 0 0 0
0 0 0 0 0 0 1 1 1 1 1 0 0 0 0 0 0 0
0 0 0 0 0 0 1 2 0 0 1 0 0 0 0 0 0 0
0 0 0 0 0 0 1 2 1 0 1 0 0 0 0 0 0 0
0 0 0 0 0 0 1 1 1 1 1 1 0 0 0 0 0 0
0 0 0 0 0 0 1 0 1 0 0 1 1 1 0 0 0 0
0 0 0 0 0 1 0 0 0 0 0 0 1 0 0 0 0 0
0 0 0 0 0 1 0 0 0 0 0 1 1 1 0 0 0 0
0 0 0 0 1 1 1 0 0 0 0 1 1 0 0 0 0 0
0 0 0 1 1 1 0 0 0 0 1 1 1 1 0 0 0 0
0 0 0 0 0 1 0 0 0 0 0 1 1 0 0 0 0 0
0 0 0 0 0 1 0 0 0 0 0 0 1 0 0 0 0 0
0 0 0 0 1 1 0 0 0 0 0 0 0 0 0 0 0 0
0 0 0 1 1 1 1 1 0 0 0 0 0 0 0 0 0 0
0 0 0 0 0 1 0 0 0 0 0 0 0 0 0 0 0 0
0 0 0 0 0 1 1 1 0 0 0 0 0 0 0 0 0 0
0 0 0 0 0 1 1 0 0 0 0 0 0 0 0 0 0 0
0 0 0 0 0 0 0 0 0 0 0 0 0 0 0 0 0 0
0.6021826507
0.8786182919
-1.3335079652
0.7233758368
-0.7931906582
0.6219654872
-0.0243384663
0.8747530682
0.5035976513
1.4895678239
1.4735358131
-0.4298050934
1.2703955304
-0.9759401624
-1.4803329753
0.2873947741
-0.6773179111
-0.5274597307
-0.4476017869
1.0293498158
-0.9269366031
0.1218943370
0.4517075383
-1.6892715232
1.7971980135
0.3784558529
-1.8340922571
1.6492360770
-0.2937310765
-0.8491734530
0.2428107295
0.1810106906
1.0154049870
0.6750259866
0.6532968092
1.8426046848
0.0325996626
-1.3052198246
-0.7060163440
-0.7370861511
0.4033502180
-1.7451078974
0.2136660973
-1.1690482898
-0.6838612740
-0.0149408879
-1.8982485688
0.3101405203
-0.3881158057
-0.5973697983
0.5561595612
0.5365837113
0.6065838709
-0.7331430142
1.5356616490
1.0458587582
0.4854001730
-0.4832989069
0.5668204221
0.1231051048
1.5666944120
-1.1577337775
-0.0732879405
1.7247186821
-2.2775267611
-0.4016668329
1.0447701514
0.0957539463
-0.7428752944
1.1544992174
-0.4318236835
-0.7975921748
1.0693962292
2.4311877284
2.0824797965
1.0114222055
0.1726808786
-0.3204011693
0.8703383008
0.4665820193
-0.3560194524
-1.0549768845
-2.0111178833
-0.9355028454
1.1495489006
-0.6317466081
0.1930096586
-0.3572700372
-1.2623719947
-0.1045314014
-0.6624634059
-0.7387073114
0.5475187640
-1.4585964054
-1.0933567274
-0.9993981363
0.9826999176
0.9202963577
-0.0272366631
0.3504949819
-2.0007775730
-0.4342626117
-1.3946983274
0.4471409346
-1.3455004854
-0.0835289401
0.7143626763
1.3887275369
0.3829845096
2.0937815199
0.1809343480
1.5960678006
0.7092489263
-0.7528578442
-1.1042427000
1.6400765928
0.4322108194
0.1518811214
1.3956747013
0.5395991134
-0.8283349264
-2.0435016743
0.5781428068
-0.1221591639
-1.1914761597
-1.1771038921
-0.8806201717
0.0937984988
1.4283452351
0.7274081957
-0.6759542278
-0.0614759522
-0.1551676483
-1.7685890248
-0.5084654014
0.1399030948
0.0194782817
-1.4006670394
0.2377250035
-0.9553227975
-1.5737300439
0.7576434645
-0.9201776295
0.7673765742
-1.3142983293
0.3947839298
-0.8397102455
-0.0602482970
-0.2216572055
1.1089541390
0.6795850019
-0.5210109913
0.0919262690
0.4096809289
1.0988139168
-0.3409854371
0.2218272341
-1.7926963545
-0.2026211370
-0.9138881194
0.2408763010
1.0522852524
1.5010492363
-2.0751137720
0.2201351297
-1.0528066037
-0.0443737087
1.5901825830
-0.7437506777
0.3309108277
-2.0172490752
-1.1764143372
-0.6199468520
-1.1818017916
-0.1501756653
0.5253406074
0.5328177308
0.7102345868
-2.4386304623
0.1525636555
0.2819047986
1.2973887629
0.7932144286
0.9329592497
-0.9128770257
-0.8155022245
1.3205638134
0.5949702772
0.0237873830
1.2109605269
-1.0176774552
0.3815192988
-0.1405522479
1.6943690878
-0.3658293256
0.3584268001
-1.3783455636
-0.0770183980
-0.6864312466
-0.3917926254
0.6297502366
-0.4423488394
0.5336645580
-1.2368574000
-1.5927119863
3.0051881736
-0.3295707051
0.3996791367
0.0829221267
0.7374756467
1.2779932643
0.8471729300
-1.4646882318
-0.1666181794
1.2706279794
0.2272192686
-1.0453602900
0.0368985354
-0.0527189920
0.1077141444
0.4324971282
0.3738372794
-0.8270649500
-1.3128368955
0.6189495386
0.7228775837
-0.0356523691
0.0761892413
0.2745086673
-0.3201397742
0.6024388010
-0.2562860207
-0.6854179770
-0.7523781410
-1.4882848271
-1.4263772092
-0.5840840828
-0.6631208012
-0.0916166435
-1.4442605396
0.5519233683
-0.7475866189
0.1212483725
-0.0156668034
-0.3994777960
1.7532848672
0.1799205651
-0.5871421245
1.8364027590
1.3113677614
-1.2039449508
-2.4226647876
0.9289525075
0.8258007323
0.0284546083
-0.3745857561
0.0519195946
-1.1887332307
0.2431828234
0.2622163890
1.6751425558
1.6464244321
-0.1022993537
-0.0889780265
-0.4276203872
-0.3621056463
-0.2055615276
1.4567936567
0.4624697470
-0.0818702330
1.8812641376
-2.6717693359
0.6733112708
-0.3663700100
0.7264254647
0.3278008741
1.8672533880
-2.1050832862
0.2718118822
-2.0822407083
0.4950217103
0.2965480780
0.2147586218
0.7165705450
-0.5126101326
0.2056122085
0.8182612478
-1.2246824493
3.5633253648
0.7701614415
-0.3090796056
0.4858797443
0.8220360086
-0.2104348084
-0.0594043899
0.1099960312
-0.5160811526
-0.4450927460
-0.9969463807
0.8194542064
-0.0296590845
-0.2377570121
-0.4435409759
-0.9774892216
0.3393791725
-1.8163087341
0.2155742917
-1.0123385042
-0.5056875324
0.3185170816
0.3143465361
-0.1227345640
-0.5476059687
-0.5553801273
0.5302335401
0.0144656907
0.4380806537
-0.9858203167
-0.2410951808
0.7663046874
-1.5344924583
0.3934195150
-1.6129884585
0.3224498448
0.0740040721
0.0396150800
-0.5579917526
1.1000734988
-1.3720277596
-0.2225790514
0.2505785896
0.3294152000
-0.9405347450
0.0885994462
-0.1390081173
0.9307823706
0.1769780880
0.7273614000
-0.5097831578
0.4703593041
-1.5016914683
-1.3294153269
-0.2085986814
-0.9549181200
-2.1777868248
-0.7438601943
1.0206402214
1.4417850284
1.2421760609
1.0995873969
-1.8026402100
-1.0376624883
0.1029547219
-0.5793162283
2.1786579436
1.3731998016
2.2182557837
1.8465044034
1.8350019806
-0.0781911287
0.0050272648
0.9062107548
-0.2137414682
0.7838396583
-0.2716112597
-0.5079093971
0.3672203082
0.7631275784
1.5553086235
-3.0144099867
0.4372627619
0.8945652073
0.0074039262
1.1502912507
-1.0017759572
-0.6927359091
-1.5069180991
-1.3486031558
-0.5058193248
0.6557883934
-0.1586618585
1.4999541428
-0.0287702104
-1.0043730678
-1.1660809053
-0.6264649143
0.3560085135
-0.9791952841
-0.3747065064
-0.6722892468
0.5563453720
0.0605259692
-0.9944021978
-0.7093546794
-0.1810336220
0.5758659283
-0.5281651744
2.0368007676
0.5050936226
-1.6743693941
0.7668928259
-1.4204297051
1.4728677412
-1.4056594178
-0.0979484101
-1.8366967954
0.8497721705
1.1000594156
-0.2794472107
0.6171085954
-1.1133615955
0.7098628692
1.7682540137
-0.9521194536
-0.8116696804
-0.2537781535
0.4270796566
0.8749751192
-0.9976938789
-0.3227849565
0.6012115845
1.0040259781
1.2783138849
1.1165341139
0.2019905854
-0.8107602102
0.0678411107
-0.7534366325
1.8003705923
0.5129827541
1.5640784143
-0.8783336606
0.7997794483
-0.0764531576
0.5543535949
0.3146133252
0.4284758286
-0.5804674492
0.1076155896
0.1210560098
3.0668736577
-0.2729564156
1.4203156219
0.3986254473
-0.4715411897
-1.5026646796
0.7313405690
0.5912847964
-0.0684253734
-1.1596721098
0.1195464663
0.3754289643
-0.5938783842
-0.2391808392
0.1706786104
-0.9588314521
-1.2840674853
-0.8621036036
-1.0836852298
0.7359744733
1.1036122371
-0.6816209586
-1.8609238583
0.1161933145
1.4163219543
-1.0341162201
-0.1791833082
-0.7321168473
0.3813809387
0.0581617184
-0.4877510127
-0.0757265059
1.2672421166
-0.3293799892
-0.4083347943
0.2980332129
-0.0304444227
-1.9673988328
-0.0849290953
-0.4332523785
0.2888524419
0.2714962523
-0.3437286658
-1.9556538145
1.0423570220
-0.9542043063
-1.4708142601
1.0180665703
1.7581496218
0.6343840139
0.1181482646
0.8120399892
2.2559995509
0.1365407018
-0.5429942907
-0.5973759628
-0.5955639831
2.0298261080
-1.6162162657
-0.1218263550
0.3110518731
1.1648833774
-0.7813053439
0.6668345493
1.6472780330
-1.3414172423
-0.8575175480
0.1084891670
-0.1538812975
0.6872341507
0.2782256310
-0.8102483078
-0.0609360887
-0.1144227744
1.3248374697
0.4768981926
0.0234279388
0.0200944737
1.2901022349
0.4054497260
0.4949996802
-1.5313002142
-1.8847329285
0.1146298112
0.6998828251
-1.3425459277
0.0222898325
-0.6648753092
-1.4843396746
0.1346713473
0.2497325489
-0.2868727205
-1.8729147527
0.5262222400
0.6828120763
0.7868668843
-0.1618051272
-0.1336960618
0.4575208129
-0.2036746899
0.0709040142
-0.5960714417
1.3758168743
1.9537358936
0.9282127027
-0.2686095996
0.5947992393
-0.0064367547
-0.2551553125
0.3273791433
0.1863395277
-0.0608577954
0.1940114539
-1.1778926573
0.5962884013
-0.0902225944
0.1781917932
-1.3543927870
1.9080312576
-0.4828952290
0.4456499922
-0.9963246409
0.5066469334
0.3169182673
1.7374147738
-0.5820186079
-0.7241911021
-1.2539423560
1.4946537837
1.5362071286
-1.2690290076
0.6167740754
0.7742589955
0.0858083080
0.1877772997
0.2559335084
2.3518660056
0.3447757323
0.1061725730
-1.1144192833
0.7361795249
1.1033915280
-2.9478137317
-0.0548033973
0.2026573784
1.4032455069
0.2297717609
-0.0614366007
-0.2457961281
-0.1199079283
0.2804475920
-0.0987184093
-0.1264816753
0.7478138619
0.6305567766
-0.2838506920
0.0022450803
0.6809375084
-0.8477402244
-0.1025067228
0.8629912750
0.3171232297
0.0903091062
-0.5753761880
0.8417803533
0.0961915199
0.8663719146
0.7568859440
0.2419259890
-0.9229419649
-0.8054233360
-0.3676080261
-0.5667462123
-0.8454309959
0.1391133368
1.5603303500
0.8576530594
0.7875590941
-0.1935166260
0.5777394592
1.8541894434
0.1399782894
1.0090803666
-0.8470974068
-0.4627122919
-0.9831831722
0.7046760126
0.6507365906
0.5931432474
-0.3133614615
-0.5488617619
0.1048142776
-0.2538225067
-0.3633173032
2.0465113012
-0.0268534947
0.3260976116
1.5779247482
-2.0784555997
0.2537926126
-0.4988426070
-0.0664880565
-1.1493980894
-0.6545628732
-1.1071752804
-0.0118326216
-0.9862565002
1.8403754752
