12 4 0.05
16 0 2 1 0 1 1 1 2 1 3 2 1 2 2 2 3 2 4 3 1 3 2 3 3 4 1 4 2 4 3 5 3
17 0 4 1 4 2 4 2 5 2 7 3 4 3 5 3 6 3 7 4 2 4 3 4 4 4 5 4 7 5 0 5 1 5 2
11 0 3 1 0 1 1 1 2 1 3 1 4 2 0 2 1 2 3 3 1 3 2
10 0 1 1 1 2 0 2 1 3 0 3 1 4 0 4 1 5 0 5 1
1 7
6 0
5 6
2 2
0 0 0 0 0 0 0 0 0 0 0 0
0 0 0 0 0 0 0 0 0 1 0 0
0 0 0 1 0 0 0 1 1 1 1 0
0 0 0 1 0 0 0 0 1 1 1 1
0 0 1 1 0 0 0 0 1 1 1 0
0 0 1 1 0 0 0 0 1 2 1 0
0 0 1 1 1 0 1 1 1 1 2 0
0 0 1 1 1 0 1 1 0 1 0 0
0 0 0 0 1 1 0 2 1 0 0 0
0 0 0 0 1 1 1 1 0 0 0 0
0 0 1 1 1 1 0 1 0 0 0 0
1 1 1 0 0 0 0 0 0 0 0 0
-0.8520440695
0.6363970813
-0.7492271034
0.6236779988
1.4341842697
-0.4569025070
0.5407284322
0.9872094223
-0.5096347394
2.5160072091
-0.5064370682
0.8912597699
-0.3058102146
-0.1188889221
1.3517043992
1.2887762987
1.1042244596
1.5207464232
-0.5506939229
-0.2063695208
-1.0281262993
-0.9028084399
0.1036491374
0.2258274973
1.0158022570
-0.0176690864
-0.5252029894
-0.4202750747
-1.0517528138
-1.9165004294
0.1577628226
1.3961545058
0.9255499229
1.1954003972
-1.2415039718
-0.0066652158
0.6711346456
-0.7811053776
-0.9604801918
0.2493534107
-0.1756087534
0.6079661901
-1.3816200318
1.2018813555
0.3456242557
-2.0493188894
-0.3952742940
-0.1265552320
0.4894063118
0.0446853160
-1.5155014734
1.6312938393
1.0191267504
-1.5287837077
0.7611958890
-0.3235294227
2.3313740948
-0.4139002559
0.1573095627
-0.7016885410
-0.0557784537
-0.1518185017
0.6317451424
0.6442073067
1.5016789674
-2.3481014492
-0.9864324499
0.6724688447
-1.3118119916
-0.0326022932
2.2189832070
-0.2785952929
0.5906150580
0.6658029537
0.6681654715
0.4052932994
0.1571400302
-0.1750041461
-0.9666023136
0.6781932522
0.1604553974
-0.7204544096
-0.4510210168
0.1371479165
1.2895641706
0.8685657406
-0.7500164034
-0.3337374802
-0.3360956324
-1.0970434255
0.6474223755
1.1757780724
-0.0287439571
-0.5348223351
-1.1177983763
-1.3323406262
0.2995268875
0.6988825524
-0.3485829814
-1.3806666854
-0.8208247972
1.0777293395
-1.0302887913
-1.0054149055
-0.0406415445
2.2246410700
0.1481290219
-1.3217886720
1.1078144131
-0.2947785409
-0.1160255647
-0.1778943751
0.5388917940
-1.9020287893
-0.5783055573
-0.6035805645
-2.0965312666
-0.4328918259
0.7480162228
-2.3017561526
0.3012637052
-0.0271272034
0.4525998007
-0.0724206687
-0.6852884558
-0.7950319387
0.6535146984
1.9050952301
0.3399591432
0.2199208121
0.3167480158
-0.1236046912
-0.4245957206
0.6255569531
-0.0221489986
-0.1899449995
-1.9326390303
-0.4771520677
-0.1153201116
2.2245468389
0.6147488666
-0.5723705030
0.8865571496
0.1169773187
-0.3037152741
-0.6483538316
0.6501115225
0.3105481938
1.0843909860
1.3108198754
2.6365316716
0.4016549236
-0.5186840163
-0.6502536881
-0.2534062901
0.0206620206
1.2792809507
1.2099753352
-1.8364269150
0.4758478093
-0.7359711326
-1.1460218217
-0.9047459687
-1.0059962975
-0.4767476959
0.9955361226
-0.5186627798
1.0560220841
0.0707869824
0.0911534505
-0.0842521100
-1.7364647258
-0.3698108194
0.1534438919
-0.0244184151
-0.0698862866
-0.2783247414
-0.0519672950
1.4824539935
0.3399846031
1.4250354365
1.0754948990
-2.2507821236
0.9359875662
-0.8097764519
0.5624797267
1.0002877119
-0.3178786580
0.9481424426
0.0211767252
0.6087122112
-0.3734358151
0.1270687248
0.1549613855
-0.8511732016
-0.8168209617
0.6098043648
-0.9610580563
0.4357474118
-1.8871802389
0.2391255303
-0.4291980434
-0.2633333056
-0.7469929159
-2.4642665556
-0.2398181739
1.4536981275
1.6282590415
-1.1064791626
1.5758701471
0.6815609661
-1.0014574458
0.2666036148
-1.9199725023
0.7639971022
0.1906930387
-1.9504950937
-0.4318152250
0.5020618524
1.9280394534
-0.7602546173
-0.4201828187
-0.8736865381
-0.7976552862
0.1191839944
0.5613381942
1.8990396130
1.5553080437
0.5229693028
-0.2434962367
0.0361899372
0.2548974440
-0.4000798322
-2.6999085100
0.1533195331
-2.0964154231
-1.4198086439
-0.6175563438
-1.7359469447
-0.6788476445
-0.7420226192
0.3002856412
-0.6641094556
1.4118767185
-0.9640776980
-1.8390116892
0.6247527138
1.8974463421
0.7014132234
-0.0285148614
-0.2314526474
-1.7385756702
0.9465346124
0.6571833891
0.6016277459
0.5388718780
0.3368297499
1.1589729504
-0.9290532509
1.1086991724
0.6005142405
-0.3000463436
0.7333167830
0.1921937510
-0.0645564274
-0.2116913042
1.7161348355
-1.6012699696
-0.4310615122
0.6705523177
0.5225516506
0.7925860213
-0.9872196860
-1.0184955403
-1.3693178574
-1.1249071337
-0.0723677768
1.3403620883
0.5481058390
-1.0496100563
-0.4082498651
0.4856174608
0.8903327529
1.4121749390
0.9296774331
-0.0156917316
-0.1401893092
-0.4297810724
