18 10 0.07
12 0 1 1 0 1 1 1 2 1 3 2 1 2 2 2 3 3 0 3 1 3 2 4 1
12 0 2 1 0 1 1 1 2 1 3 2 1 2 2 3 0 3 1 3 2 3 3 4 2
13 0 0 0 1 0 4 1 1 1 2 1 3 1 4 2 1 2 3 2 4 3 0 3 1 3 2
13 0 1 0 2 1 0 1 1 1 2 2 0 2 1 2 2 3 1 3 2 3 3 4 2 5 2
12 0 1 1 1 1 2 2 2 2 3 3 0 3 1 3 2 4 1 4 2 4 3 5 3
13 0 0 0 2 0 5 1 0 1 1 1 2 1 3 1 4 1 5 2 1 2 2 2 4 3 2
13 0 0 0 1 1 1 1 2 1 3 1 4 2 1 2 2 2 3 2 4 3 2 3 4 4 2
12 0 3 1 0 1 1 1 2 1 3 1 4 2 2 2 3 2 4 3 3 3 4 4 3
13 0 3 1 0 1 1 1 2 1 3 2 2 2 3 2 4 3 2 3 3 4 2 4 3 5 2
14 0 7 1 6 1 7 2 6 2 7 3 0 3 1 3 2 3 3 3 4 3 5 3 6 4 6 5 6
0 8
4 6
4 0
6 7
11 7
10 12
2 5
9 0
0 1
1 9
0 0 0 0 1 0 0 0 0 1 0 0 0 0 0 0 0 0
0 1 1 1 1 0 0 0 1 1 1 1 0 0 0 0 1 0
0 0 0 1 1 2 1 0 0 1 1 1 0 0 0 1 1 0
0 0 0 1 1 0 1 1 2 2 1 0 0 0 0 1 1 0
1 1 0 1 2 0 1 1 2 3 1 1 1 1 1 1 0 0
0 1 1 2 1 0 1 2 1 2 0 0 0 0 0 1 0 0
0 1 0 1 1 0 0 2 2 1 0 0 0 0 0 1 0 0
1 1 1 0 0 0 1 2 2 2 0 0 0 0 0 0 0 0
0 0 0 0 0 0 0 1 2 1 0 0 0 0 0 0 0 0
0 0 0 1 0 0 0 0 1 1 1 0 0 0 0 0 0 0
1 1 1 1 1 0 0 0 0 1 0 0 1 0 1 0 0 1
0 0 1 1 1 0 0 0 1 1 0 0 1 1 1 1 1 1
0 0 0 1 1 0 0 0 1 1 0 0 0 1 1 0 1 0
0 0 0 1 0 0 0 0 0 1 1 0 0 0 1 0 0 0
0 0 0 0 0 0 0 1 1 1 0 0 0 0 0 0 0 0
0 0 0 0 0 0 0 0 1 1 1 0 0 0 0 0 0 0
0 0 0 0 0 0 0 0 0 0 1 0 0 0 0 0 0 0
0 0 0 0 0 0 0 0 0 0 0 0 0 0 0 0 0 0
-0.4881145543
0.6804740624
0.7682899568
-1.2320552786
1.5764902425
0.0311356461
-0.8023597736
-1.0400373629
2.0093243559
-1.0529888512
-0.0298203908
1.7506083848
0.0405444278
-1.2839460105
-0.6063735168
-0.6248068680
-1.1256593207
-0.7768148522
-0.0525973179
-1.0186674090
0.2769838037
2.6237249054
0.8997330965
0.0799132163
-1.1971070388
-0.2384440247
-0.2523510293
-0.9086497711
-1.8697222208
1.8895843361
0.1320391954
-0.4109173346
0.0619520662
-0.3400936781
-0.4411914204
-0.0537227974
-0.6597232207
-0.3696759075
0.0590526024
1.2745483878
0.4733830439
-0.9627040762
-2.6553100200
-2.9382112693
-3.4636781079
1.5908695834
-0.8714983796
-1.8202728884
-1.0808175290
0.3900955962
-1.3084722248
-2.3504125403
1.2388708515
-0.9437783523
-0.8778074969
-0.6017565739
0.8200817973
0.4633853452
0.3163558827
-1.3973559599
-0.1653218451
0.1727701891
-0.1503533441
1.7136468663
0.0804287291
-1.1921248597
-1.0404190392
-0.6460620108
0.0613452647
-0.5438462717
1.6784296057
0.0893009012
-0.1907449907
0.0757127563
0.2481994909
-1.0527406718
0.3153241192
-0.0476888771
0.5804994891
-0.0371002777
0.3790334960
0.9386697369
0.7360654264
-0.9570434678
-2.0761377388
-0.0587713249
-0.0959921820
0.1943618391
-1.2949203688
-1.8381940856
1.8363404655
-1.3872857355
-0.3829693278
0.4261042961
0.6220196796
-0.5330383889
1.0175564737
0.0833055156
0.7487128769
0.0319825928
1.5404595067
-2.9283541153
0.1024946198
-0.3513168774
1.9223044941
-0.8948728968
-0.2877000448
0.4863717208
0.8423466750
0.8964334671
1.0639945309
-0.7494618406
0.4756990404
-0.4621863055
-0.0339222007
-0.2284360166
0.0799926378
-0.7568315124
0.1435880980
0.8086643526
2.0174560423
0.3847699318
-0.6867571611
0.4421458404
-0.0762142168
-0.2657063021
-1.1093290650
-1.4755273680
0.7834720568
-2.1611446165
-2.2394108857
0.8510496913
1.1494943678
-1.8958238488
0.4493460123
1.4498428349
2.5394475102
1.6734017210
-0.6339566906
1.5584762129
0.3940235610
-0.8341449601
-0.3412351031
1.2809738205
2.5366803419
-0.8104902719
-0.0652749649
-0.3327165205
1.3316778000
0.1916648872
2.1700197943
-1.4525288881
-0.9847131291
1.5944723788
0.0304756072
-0.6027612155
0.7685058321
-1.1047082241
2.8570982602
1.2084178439
1.1157310311
-0.3264205313
1.4440132715
-0.0035529169
-0.7134434498
-1.0027147353
-0.3307044238
0.2107778748
1.6181431781
1.6227838994
-1.1779655735
-1.0103115719
-2.6918047334
0.9134385936
-0.3567001426
0.7624565856
-0.7388129782
1.3762946246
-0.5587530529
0.1920056994
-0.3804596810
-1.0356873372
1.0938029784
1.1668530567
0.6969049419
-1.8087081570
1.1658657031
0.1059011254
0.6831857402
2.3656105214
0.4411850752
0.6093930234
-0.7868360819
0.2077677805
-0.9354494651
-0.0963347703
0.9505982278
-0.9901735460
-1.9825393047
-0.3308160974
-1.0245298625
1.5308351524
0.4096658229
-1.0372875501
-0.6038002343
1.8110294861
0.3645650962
0.6584706526
0.2320561971
1.3119472543
2.9205227505
-0.1656831707
0.7476466356
-1.1789696930
0.0562686087
0.2864012126
-0.4686835565
-0.5492922248
0.7451869454
-1.2389003963
0.9838430695
0.8797122293
-1.9445274943
-0.5908045139
-0.2606684913
0.4471762543
-0.2975451634
-2.8082929930
0.4088092362
0.0323284042
-0.6711699302
-1.8238247839
-0.2342888678
-1.0511674388
1.2091153762
-0.6949943457
0.7622964988
-1.4717398190
0.6502209863
-1.9424116463
0.4244872262
-0.0302243257
-0.0519409479
-0.8816172920
-1.4007599497
-0.4399039654
-2.6419164072
-0.3780450810
2.4139175415
1.0578075028
-0.1421673975
0.1237167338
0.3395790783
2.3714547817
-0.4941554335
0.1935098517
0.9322101431
-0.1764517479
-0.2312409459
-1.1196181578
-0.1389604033
0.2141426976
-0.2769789308
-1.6126018114
0.7327162488
-0.6584733495
-1.1083007638
-0.6890204094
-0.1332344911
0.2978436900
0.0397859643
2.5307533936
0.6770481189
-0.9573167826
-0.6236813348
0.3822179700
-0.4863911648
0.9951380083
0.4291081320
2.5358670389
2.2537188633
-1.9623072778
-0.2069753888
1.1477766504
0.3869777884
-0.2139036792
0.9723419171
-1.4621958902
-0.6327635281
-0.5401743807
-1.6109662570
-0.1219989586
0.3076442931
-1.6998643120
1.7115387575
-1.1389361718
1.0814614185
-0.5617612906
-2.4616123743
0.4629846771
-0.7168141494
-0.7505777192
1.0200394835
0.2796609025
0.3324901429
-1.0706476679
0.7505774367
-1.9684257881
-0.2039957620
0.0544002345
-0.7560238820
-0.1473467199
1.2284046187
0.9223019167
-0.0715201933
-0.9168510756
1.8284459186
-0.3672456061
0.6542097529
0.2125897051
0.9540443344
-0.3386724501
-2.0103546718
1.1491520391
0.2404416846
1.5349228597
-0.7236735246
-0.1608050355
-0.2722916637
-0.6484299595
-0.2405231973
-0.8143085159
0.4743326299
0.5634912866
0.4547479370
-0.3311247331
-0.7182693281
1.2034917846
0.9541096926
0.0098098261
0.8532924892
0.8913917339
-0.4315717790
-0.1491733134
0.1855997909
0.8269749485
0.4893908362
-0.8443478768
1.6620091331
-1.7191141522
1.2091057651
-0.4742780992
-1.1344324467
-0.3766513676
0.7633659905
-0.6636210694
-1.5322236005
-0.1103021492
0.2975337139
-0.2549865403
0.2389454054
-1.9042854405
0.1319257860
0.1773121223
0.7005047724
-0.9470308762
-2.2216063642
-0.7405624566
0.4680669821
1.2550638110
-0.7162914334
0.4412565116
0.4808386847
0.1282612096
-0.1656263497
-0.6932097124
-0.3923437125
-0.9242956743
1.3305853114
-2.1867430342
-1.3511488371
-0.9097344313
1.3510199248
0.7082818521
0.9747919290
0.0164582024
0.3607510042
1.5039187569
-0.0707961897
-0.3499505890
1.4419690648
0.6543547130
0.0549958111
0.1033589223
-0.4443236733
-0.3258779560
0.1649372591
1.0289131439
-0.5289506638
-1.7224388666
-1.3862830075
1.2356566884
-0.2206934625
-1.0462839617
-0.3683709956
0.1729345404
-0.3962218082
-0.4856034472
-1.1983936604
0.2370881588
-0.2303325935
-1.4030158354
1.0601971234
0.7909877412
0.7143057133
-0.7301532855
-0.0106743475
-0.4247491997
-0.3120533879
0.3856704869
-0.1881286284
-0.9372129605
0.0025077829
1.3313373101
0.5476869078
-0.5109976857
0.8477001549
0.1019917389
0.8092737796
0.8719397844
0.8501193752
-1.6634513415
-0.8742750982
0.2546717520
-0.3501582652
-0.8043249070
1.0941367872
0.0863172587
0.7579408926
-0.3563258704
-0.3125654283
0.8352798216
-0.3815548999
0.5113446702
-0.2258380844
1.4407000461
0.1211408664
-0.3479146531
0.4384934814
-0.7832111865
0.2353636101
0.2857827102
-0.2315576323
-2.3335299279
-0.4751178827
0.9379778144
-1.0969552018
0.8064487385
-1.1267572335
-0.3747391726
-0.2971729653
0.5046671716
-0.2839457118
0.5408044292
0.4367991339
-0.6671898074
0.7440562908
0.5224977072
-1.1822547767
-0.0074990414
-0.1583598266
-0.4847540870
-0.5209324749
-1.2885876740
0.9011569452
-2.1827743424
0.0174021697
1.3786089757
0.2218349266
2.1885733924
-0.3977612706
0.7904719089
0.9233066177
1.8727222138
-0.0353955330
-0.6013737964
-0.6294286225
0.9080769318
1.3932819943
-0.2430753478
0.6994564601
-0.1003509389
1.3257809199
-0.0748502070
-0.8409853658
-0.1467215728
-0.0264974569
2.1084072148
-1.1235904860
-0.0298486334
1.4717694888
1.1068616383
-0.0403702895
0.8335628103
0.1886213431
-0.1129359110
-0.6270292306
1.2537795002
1.2769427367
-0.4248805930
0.6015806413
-0.1983056100
-0.7938958888
1.3292221681
-3.0391236805
-0.7990046689
-0.3523378775
0.9969597103
-0.7818613842
-0.0565967492
-1.1431090312
0.1407476383
-0.0554401355
0.4313720441
-0.1838407652
-1.5174258744
0.6674598043
1.0043906465
0.1143941026
-0.9767349010
-0.9333129590
-1.5764935537
1.3118631980
1.4858886714
0.4156320347
-0.1806685877
0.0826902589
0.1841280669
-1.2521352819
-0.6059209487
-0.2749704406
1.2437631286
0.0845179979
0.0238743352
0.0474139135
0.2998692956
-0.4938314602
-1.2662065179
-0.7714802549
0.4464749291
-0.4024953421
-0.0556887413
-0.4511073945
0.0372861400
0.5697853308
-0.1552815616
0.6777681580
0.4062370608
0.8327151577
-0.2310215429
0.3264321667
-0.2569594382
-1.0972771192
0.0479443422
-1.3622039988
0.2299255464
-1.0632597223
1.8044295292
0.1046381021
1.4551063634
1.9068763538
1.4458158264
0.0812956684
0.7416274618
-0.1176838402
-0.1237871639
-1.4156339313
0.9661967946
-0.9871866175
1.4167691856
0.7400392153
-0.0549100392
0.6336755384
-0.3663954443
0.9079045179
1.5987305578
-1.1367174236
-1.2368677952
0.1972263067
-1.2615683212
1.3939833194
0.0714246160
1.5854781273
1.2326188221
-0.5204585375
1.0659167893
-0.1959726292
0.9468983190
0.0981522923
1.0792851439
-0.4502508262
-1.3418684824
-0.6376436312
0.1479826145
-0.9454292750
-1.0055210668
1.7741859394
-0.7618974970
0.2981005090
-2.0993164246
-0.9086563854
0.6853909483
-0.4035865709
1.5946298066
-0.9411047382
0.4448159428
1.8719212323
0.1307707015
-2.1498600046
-0.6636511175
1.5891717399
0.3518437229
-0.5707964318
0.4595152378
-0.3461513101
-1.1600487978
1.2645119505
-0.4399871607
-0.6764448870
-0.8020655666
1.3173998760
-1.1793149704
0.2677367199
0.3311737527
0.6049246234
0.5724011430
-0.5308330610
0.1073924274
-1.7389293381
-1.1569899868
-1.7330123987
-0.0161969866
1.7857123039
1.0993250844
-0.8432357059
0.6588412415
0.0298943120
0.7850264448
