19 6 0.02
22 0 3 0 4 1 1 1 3 2 0 2 1 2 3 3 0 3 1 3 3 3 4 4 1 4 2 4 3 4 4 5 0 5 1 5 2 5 3 5 4 6 1 6 2
21 0 3 1 2 1 3 1 4 2 0 2 1 2 2 2 3 2 4 2 5 3 1 3 2 3 3 3 4 3 5 4 2 4 3 4 5 5 2 6 2 6 3
28 0 3 0 4 0 5 1 3 1 4 2 0 2 3 2 4 3 0 3 1 3 2 3 3 4 0 4 1 4 2 4 3 5 0 5 1 5 2 5 3 5 4 6 0 6 1 6 2 6 4 7 1 7 4 8 1
26 0 3 1 3 1 4 2 0 2 3 2 4 2 5 2 7 3 0 3 1 3 2 3 3 3 4 3 5 3 6 3 7 4 0 4 1 4 2 4 3 4 4 4 5 4 6 5 2 5 4 5 5
21 0 4 1 3 1 4 2 0 2 1 2 2 2 3 2 4 2 5 3 0 3 3 4 0 4 1 4 2 4 3 4 4 5 0 5 1 5 2 5 3 6 2
23 0 2 1 1 1 2 1 3 2 2 2 3 2 4 2 5 3 3 3 4 4 1 4 2 4 3 4 4 5 0 5 1 5 2 5 3 5 4 6 4 7 4 7 5 8 5
4 0
10 4
1 2
7 10
12 7
9 13
0 0 0 0 0 0 0 0 0 0 0 0 0 0 0 0 0 0 0
0 0 0 0 0 1 1 1 0 0 0 0 0 0 0 0 0 0 0
0 0 0 0 0 1 1 0 0 0 0 0 0 0 0 0 0 0 0
0 0 1 0 0 1 1 0 0 0 0 0 0 0 0 0 0 0 0
0 0 1 2 2 1 0 0 0 0 0 0 0 0 0 0 0 0 0
0 1 1 2 1 1 0 0 0 0 0 0 0 0 0 0 0 0 0
1 1 1 2 1 1 1 0 0 0 0 0 0 0 0 0 0 0 0
1 1 1 2 2 0 1 0 0 0 0 0 0 1 0 0 0 0 0
0 1 1 2 1 0 1 0 0 0 0 0 0 1 1 0 0 0 0
1 1 1 2 1 0 0 0 0 0 1 0 0 1 1 2 0 1 0
0 1 1 0 0 0 0 1 0 0 1 1 1 1 2 2 2 1 0
0 0 0 0 0 0 1 1 1 0 1 1 1 1 1 2 2 1 1
0 0 0 0 1 1 1 1 1 1 0 1 1 0 1 1 1 1 0
0 0 0 0 0 1 1 1 1 1 1 1 0 0 1 1 1 1 0
0 0 0 0 0 0 1 2 1 2 1 1 1 1 1 1 1 1 0
0 0 0 0 0 0 1 1 0 0 1 0 0 0 0 0 0 1 0
0 0 0 0 0 0 1 2 1 1 1 1 0 0 0 0 0 1 1
0 0 0 0 0 0 0 1 1 1 1 0 0 0 0 0 0 0 1
0 0 0 0 0 0 0 0 0 1 0 0 0 0 0 0 0 0 0
0.0749623912
-0.6463156011
0.6558261049
-0.9107311148
1.4441806291
0.4014427891
-0.0223202093
0.0176334314
-0.1676333694
0.6030482605
1.5542378030
-1.5404568572
0.4479634859
-2.3227494064
0.3258633149
0.9517038414
-0.1770342810
-1.9929950743
-0.6406880269
0.7501543885
-0.6767528508
1.3854514248
0.5288745485
-0.5349194889
0.5353402608
-0.4163024196
0.6449648899
0.5045399869
-0.5308024578
-2.0155233927
0.9958146223
-0.1206492944
0.0789923832
1.3157178447
-0.1558360016
1.2690830957
0.2546076267
-0.6231303719
-0.2579094869
-0.4651541761
-0.6525402276
-0.3501956226
-0.0503932774
-1.6464571378
0.3240580948
1.4399435673
0.3803150746
0.1044385506
-0.6011199281
1.5830702073
-0.3535022875
0.0480831801
0.2613536547
-0.1175351997
-1.1056537201
-1.5118676887
-0.0633351420
-0.6725817278
-2.1878153334
-0.1447222601
-0.7082259496
-0.0785372899
0.4941135719
0.3130598316
-0.4584476020
-0.0021913273
0.1437993414
2.0570184167
-0.5686302034
-1.2374192727
0.0857470511
-0.9940946796
0.0926883727
-0.9588382863
-0.6862432569
-0.1491175396
-0.0806055932
0.7707856803
-0.7516507554
-0.2214849146
-0.4983540466
-0.2869194103
-0.6170702746
1.0193874284
1.2157941124
-0.8773114493
-1.7681927774
-0.9651056820
-0.3138290176
1.1920320355
-0.4375762635
0.7734203109
-0.5938750569
-0.0741337355
-0.0891836028
0.7319270110
-1.7396817737
2.2816295437
-0.0962200152
0.2332087329
0.0834457758
2.6074142207
-0.6375887589
1.6712776435
0.0697881885
-0.1283130897
0.2586004492
-0.6548564644
-0.7773527749
0.7649909584
1.0265172033
0.2069771751
-1.1316526328
-0.3253648191
-0.3055546938
-0.0034172363
0.8895555849
-0.8618429043
-0.7583547657
0.3627918818
-1.2437816794
1.0294358657
-0.4740959336
-1.0479897880
0.0641122355
0.1993555516
-1.2629055754
-0.1121166285
-0.4482614964
-1.0940217344
-1.8991634052
0.3462659941
-0.1871624259
-1.8499817420
-0.6634380180
-0.0487923594
-0.1975577193
-0.4312367610
0.5979173301
0.3366566837
0.0734175256
1.9817832465
0.0268902546
-0.2901549590
0.6663743125
-1.0303967066
-0.7265479959
0.7812061605
0.8540332143
-1.5579286185
0.2835078170
-0.2994033738
0.5869635922
-0.6627717783
-1.2369246691
1.4812734951
1.4208230366
-0.0010496123
-2.0246489519
-0.1553211895
1.2049766968
1.3375163819
-0.7887383240
0.5338677276
-1.3033753485
1.1712954445
1.2911679893
-0.2931846851
0.2402435373
0.1250932624
-1.6712993685
-0.0593795276
0.4880801407
-0.8669338466
0.1889773808
-1.1233483205
1.1484197407
-0.7551438441
-0.8202734790
1.2314407651
-0.1898901152
-0.7530618568
0.6084360957
0.4319632452
0.0875313433
2.3049572003
0.1106598597
-1.4567149362
0.2935340647
-0.0326443667
0.7326889290
-1.6611625767
1.8306052453
0.2859549265
0.6499186087
-0.2738772993
-0.0001685808
-0.0438587200
2.0678355144
0.3656533964
0.3340618851
-1.0114651980
-1.0043163313
0.9262854827
-0.2380120747
0.4667272996
-1.6227374123
0.1076054122
-0.3742490903
-0.3319458979
0.3646205486
-2.5530966435
0.3074008436
0.5381539486
-1.4382907271
0.0487470298
-0.5547929713
0.6758558447
-1.1713030091
0.3764636674
1.5355388469
0.4655094086
0.1031338715
0.9335033093
0.9345624793
-0.6569025281
1.5652720938
-0.7711366484
1.2607881208
-0.0719491498
-0.3575697906
0.7000805708
0.3846275306
-0.6719957982
-0.6909568073
-0.9207770568
-0.8236868759
-0.3079256709
-0.0134407928
0.4212567962
1.3860572174
1.6269668811
-0.6916840517
-0.5724469002
-1.5383248293
1.0967936799
0.8200400343
-1.5824616968
-0.9430038569
0.3114955981
-0.0247048587
-0.3434537128
-0.9011320676
1.8006479137
0.1373202233
1.3699825503
-0.0146338864
0.3045227725
0.3804726517
1.0143503163
0.0323929785
-0.2401124299
-0.3609194299
-0.0648798645
-1.4730181706
1.2186537816
2.5595831145
-0.0409982775
-0.3210980029
0.0354622802
0.6928405375
-0.1627288879
-0.9775128434
-0.6971634808
-0.1750421387
0.8924869958
-1.7182635168
1.7616722379
0.7758788869
0.9597174612
0.0948106977
1.4640299615
2.2268905318
0.7687193748
-0.7424337182
0.1431968102
-1.3078280530
-1.3206576961
1.0946301822
0.1011737739
0.0887331685
1.4076697216
-1.0197716824
0.3777639191
-0.3224657002
-1.2413778990
-0.9302399268
1.1570401251
0.4591760353
-0.1645505894
-0.0406822678
-0.3512114972
1.5064145727
-0.6231742039
-1.4514953053
0.6079001978
-1.2421569335
0.2768405293
0.0089429084
-0.0780964880
-1.8313322109
-1.2049073234
0.6458445693
1.2715870647
1.0621731611
0.0114114572
0.5043430399
-0.2952945891
-1.0601542111
-0.0113468157
-0.9627990117
0.4199285306
1.4018247518
-1.5391561503
0.6262263140
1.0310922878
-0.4315118619
0.4144713202
-2.5599034935
-0.1918363574
-0.5767001457
-1.0544369199
1.7795407767
0.4573884480
-0.3713601629
0.4173543658
-0.3910386673
1.1488787444
-1.3115436222
-0.8070078951
2.0720885837
-0.1575562269
0.5785368713
0.4465233463
-0.1031368096
0.0497129654
0.1114545974
0.5115927244
0.9623082863
1.4127634655
-0.8522235938
1.5505682171
-0.5483013522
-1.9100058883
-0.6461412606
0.4006402944
0.1011876478
-0.4742836821
1.6727554343
0.7180059688
-0.2935696420
-0.2640549861
1.2325944818
-0.2614887351
0.7905251886
0.1654763466
-1.3618611102
0.4642755204
0.4351865027
0.3909815080
0.3891721976
0.5069884434
0.3165388479
-1.5545997088
1.9921695355
0.8105292024
-0.8091622528
0.0313141201
0.7762702385
-0.5778593624
-1.7729872848
-2.1365945648
0.1531165482
-1.3181805872
-0.5062958221
1.7240349469
0.8825694564
-0.9692912443
-1.3757120895
0.4204839805
0.4439205340
0.9936302325
1.2166507421
0.3703918508
-0.1980157076
-0.6363091074
-0.2278941357
0.7516920299
0.9066990837
-0.4290355828
0.7383999546
-0.7726461173
-1.1768797127
0.7008383406
0.2054811118
1.0219278101
-1.0748412280
0.6883177353
0.1635491590
-1.2505335085
-1.4650375776
-1.4273253675
-0.6001309247
0.7802068975
0.0990874405
0.4208328536
2.5034001712
-0.6808376087
0.4203030604
-0.7493574328
-0.7126649909
-1.5327219312
-1.3940299359
0.0690243925
-0.3292728263
2.7707563355
1.0817600293
0.8488285587
0.1063742212
-0.0150009726
0.5293232388
0.3327872663
-1.1315080496
0.6937424890
-2.1174639550
0.2410200624
1.0259543264
-0.4377666858
0.1376733514
-0.6617191353
0.7205764852
-0.9453494062
-1.6452553611
-0.1866600509
0.9505464019
-0.0788442007
0.5707711184
1.0929682362
1.7279736450
0.1950287897
0.6200983130
0.7869412715
0.9097985829
0.9072768371
1.0056224576
0.3447967716
0.2437469883
0.7142841087
0.3136344878
-1.2739497495
0.5338791305
1.2442862129
-0.7724558430
-1.4900240181
0.0735353993
-0.2825112283
-0.7410465927
-1.3934917641
-0.3835895047
1.5122518148
-0.6337827443
0.4968791330
1.7205458031
0.0737517421
-0.7528939535
1.0029335561
-0.5809938205
-1.1802081009
0.3293081946
-1.8197846117
-0.8149555795
-0.6857086676
0.0206736362
1.8694462969
0.9557031591
0.3214974094
-0.1314628837
-0.4965669047
0.0248801858
1.3950537863
0.2759517769
1.1922464681
-0.2195955831
0.4766803683
0.9944252239
0.1968457092
-1.7406251394
1.5253358104
-2.9733698815
-0.3372388098
-0.0863409673
-0.3218508976
-0.1576678564
-0.0830722299
1.3168629438
-1.2464996334
-0.2492736401
0.4819887021
0.6476898900
0.5545280230
-0.3094321336
-1.4459949038
-0.5395777868
-0.2056128737
-0.7113883549
0.1626942190
-0.0291881978
0.1226103304
-0.2082879093
-0.2595020074
1.8977432958
-0.0863626381
-1.3145902840
1.1695443070
-1.9450508041
-0.9765553837
1.3229735877
0.4817080131
-0.3350351065
0.9028487582
1.6528153799
0.4874794737
-0.3306201605
-0.9910247896
-0.3661318810
0.5683167560
-0.5825843890
-0.2273463274
-0.7707761981
-0.8054054913
0.5436283492
-1.7999899465
1.8557836846
1.5480634423
0.4243736861
-0.1825097015
1.2096143417
-1.0000215961
-0.2917702078
1.8188532287
-2.2602389953
0.8182356048
-0.4476922772
-0.6348446636
1.7597222458
-2.5467721749
-1.4284133571
-0.5486076901
1.1665108903
-0.7314805016
0.5127563760
-1.2822761494
0.5582528733
0.4543070768
0.8788368062
-1.0525600801
0.7131146722
1.5855268198
1.7171050391
1.1568076876
1.0663238495
-0.6410185511
-1.5976420719
1.9185953191
-0.0559897713
-0.9009966314
1.9151546857
-0.0128468630
-1.3482737259
0.3803910550
-0.9547224330
-0.4492072449
-0.2806464643
-1.0302190693
0.0613124777
-0.7007219099
0.1420097117
0.5264577473
0.4970756277
1.1229157491
-0.0512111916
1.7860751242
-2.3692417550
0.9708279149
-1.4221468846
1.2079183593
1.3712672565
-0.4687349513
-1.4294301335
-2.0888505568
-1.7781427123
-0.2569844802
1.3207889632
-0.7750151141
-0.6595968357
-1.5814212297
1.6954544350
0.3057939045
-1.2796534665
-0.2636896666
-1.8324653612
-0.8590001980
-0.3459101289
0.0304483826
0.2084536510
-0.3951915994
2.4809290758
-0.3476963120
-1.6277022475
1.3264193514
0.8667995906
0.0695496033
0.2844721041
0.2096534046
0.3286558270
-0.9456429634
0.4461370748
-1.0527956982
-0.8483301738
-0.0609135284
0.3483679285
0.5337981771
0.2157289522
0.2776519683
-1.1560584148
-1.4644066265
0.5519209014
-0.8733903041
0.0258372235
-0.8747720500
-1.4438512321
-1.3695528375
-0.5868783993
0.4100892422
-0.4612959146
-0.5555362012
-0.6098114511
0.7348536904
-0.3163098531
-0.3091822504
0.1981647235
-0.5564686536
0.3265838861
-0.6353068420
0.9641773018
-0.5952110219
0.6748952845
-0.0927184442
0.6435332691
-0.1041432427
-0.4278359660
-1.2959775544
0.5148814405
0.6483701921
-2.1607773358
-0.0591810624
-0.1806873789
-0.9712460277
-0.6102843693
0.2601303657
-0.7234939691
-0.8817197270
0.5164909703
-0.3730514556
1.0644106350
-0.2051152281
-0.7392981975
-0.3281112526
-2.0480082129
-0.9859455452
0.0466925002
0.7296765043
-0.6059699401
1.1687111415
-1.2192158297
-2.0126169195
1.8254130387
0.6102230515
2.6488607251
0.4048314540
-0.5602835790
0.9288632726
1.5590844717
1.2840922041
0.2308183475
0.0010254265
-0.7395202672
0.2774759738
-0.6864193527
0.5351021797
0.6024313223
-0.3419354609
-0.1100974502
1.2020989267
-2.5167180706
0.3697922338
1.1254329132
1.8001057553
-1.2148065189
1.2634412076
-0.7906189538
-0.1872039232
1.3033986989
-0.6403323182
1.7738849369
0.6376769950
1.4137036439
0.3611753567
-0.2845814180
0.6079247068
1.5193151939
-0.6001962096
