12 3 0.04
18 0 3 1 3 2 2 2 3 2 4 3 1 3 3 3 4 3 5 4 0 4 1 4 2 4 3 4 4 4 5 5 3 5 5 5 6
13 0 2 0 3 1 1 1 2 1 3 1 4 2 2 2 3 2 4 3 1 3 2 4 0 4 1
19 0 2 1 0 1 2 1 3 1 4 2 0 2 1 2 2 2 3 2 4 2 5 3 1 3 2 3 3 3 4 3 5 4 1 4 2 5 1
0 4
1 2
1 4
0 0 0 0 0 0 0 1 0 0 0 0
0 0 0 0 1 1 1 1 0 0 0 0
0 0 0 1 2 1 3 2 2 0 0 0
0 0 0 0 2 3 2 2 2 2 0 0
0 0 0 1 2 2 2 2 2 2 0 0
0 0 1 1 0 1 1 1 0 1 1 0
0 0 0 0 0 1 0 0 0 0 0 0
0 0 0 0 0 0 0 0 0 0 0 0
0 0 0 0 0 0 0 0 0 0 0 0
0 0 0 0 0 0 0 0 0 0 0 0
0 0 0 0 0 0 0 0 0 0 0 0
0 0 0 0 0 0 0 0 0 0 0 0
-0.1143190562
-0.2063736456
0.2980964781
-0.7302851768
-0.2837837056
1.6769128688
0.5724434351
-0.6300050276
0.5836947850
0.3188253584
0.6571032451
-1.3587144384
-0.7346581191
0.1241053042
0.6112557987
0.6569953312
0.7238214582
-1.8009803764
-0.5945743650
-0.4838477688
0.6170184659
-1.3728156191
-0.1593908744
-0.5245863536
0.9332545097
-0.4903922279
0.1449931316
-0.5877206179
-0.1744302923
-0.0165030279
0.3505763915
1.4693635923
0.1487285985
1.3135242610
-2.3523952416
-0.6363504627
0.9703178153
2.1144549814
1.0685643400
-0.2121657141
2.5345606146
1.5360320657
0.1730298567
-0.5163906673
-0.5781541103
0.4053811876
1.9426483570
1.1978242215
-0.1354724687
0.8976933992
0.1037412557
-1.7759261941
-0.0988668504
-1.5224698268
0.0862434391
-0.1251943896
0.2167708784
-1.5314670965
0.0863601629
1.2830425337
0.2108233788
0.7082046409
-1.2331720550
1.3448924130
-1.6054031343
-1.5730786531
0.7231226541
-0.1766698351
-1.1579555753
0.2238970013
1.4037686564
0.2107153340
1.6233159092
0.9892649835
0.5149016871
0.2939207758
-0.3951889885
-1.2173796929
0.6474298930
-1.3999275855
-0.3751225374
-0.5226515955
0.1704449870
0.1003736199
0.1992465865
0.5785614002
-0.2197755836
0.9108895563
0.5302249033
0.1833189318
0.7705037140
1.1597521152
-0.6646213144
1.7597160620
0.7539652196
1.2685312179
1.0002606919
-1.3223669375
-1.4065930918
-0.3269259724
-0.9824382502
1.0609773284
-0.5331245192
-0.7072963092
-0.6176593524
0.8287737214
-0.8591582784
-0.3230884664
-1.9749315252
0.9823249186
-0.8681533974
-0.5370885229
1.0406547200
1.3350401752
-1.6054233182
1.0446078058
-0.8770148567
-0.8317782671
0.8404629644
-0.6089537764
-0.4133212372
0.1947853712
1.7225656440
0.7217704502
-0.9196424197
1.0891560584
1.3357351377
1.5789110975
0.4430892875
-1.6965323127
-1.6404218604
-0.4842388850
1.4059739445
1.6578706026
0.1490293427
-0.0847091463
-0.9290942423
-0.9897428676
0.7042276237
0.0543784091
1.4910758278
-1.9076977325
0.3851982061
0.4261946748
-1.3409062320
-0.0483991886
-0.9682696999
1.2278944985
0.6698063402
-0.9141752493
0.1928353286
0.0059173195
1.0040672634
1.0442087641
-0.5361540687
0.0769009164
-1.0005581188
-0.4280026434
-0.5092672442
0.7975067952
-2.1341032739
-0.1955161982
0.3355754040
-0.7252868740
-0.0431899593
-1.3960076996
0.7950530257
-1.2327370353
1.9570057220
1.5466162413
-1.0234054646
0.9232413095
-0.3253145151
0.2126464672
1.1914242562
1.3494626840
-0.7102926043
-0.2915960489
1.5514436579
-0.6382660050
-0.6597448411
-0.1247344534
0.5950458838
-0.0046343877
-1.6661405847
1.4337576642
0.1221480154
2.0064475196
0.3824633178
2.0116519325
-0.3390633138
0.6892793707
0.0677655106
-0.0389218067
-0.8599332379
1.6819245046
0.5040326288
0.3523287764
-0.7902231918
2.2183289169
1.2091100233
-0.1292417878
-1.7004450634
1.4171116575
-0.6533060632
-0.0407201830
-0.1702656409
0.7269079342
-0.3157540739
1.5281181493
0.8487011222
-2.0809967831
1.1644562310
-0.3552033365
-1.0951587102
0.2028565650
-1.3852079112
-0.6327211632
-0.0558971514
0.4789735696
0.6312863949
-1.1641088672
-0.0716452051
0.6369758296
1.1930848150
0.3517032745
-1.7733076487
0.3030872521
0.3594621275
0.6447504346
0.1999131377
-0.5279125470
1.3264300494
-0.9511727039
-1.2275505183
-0.6191724438
-0.2967623724
-0.4050496455
-0.5484701258
0.3937808698
2.4369995783
2.3884578246
-0.0387210551
-0.4384849555
0.5074088346
0.0668982658
-0.7169180502
0.9104357071
-1.3247720243
0.4103698099
-1.2975833274
-0.5038915880
-0.5714387719
0.5541179770
-0.7957846501
0.2399090143
1.1103235110
0.8444496285
0.5031451890
-0.7314792392
-1.4893853565
1.1553459353
-1.6283008143
-0.1740141345
0.5430438020
0.7361787892
-0.1830092728
0.2454481748
0.2725304666
-1.1074529674
-0.3473385630
0.3140299945
0.2470378214
-0.3938839577
-0.1887628103
-0.5962541693
0.1433959381
-1.4405763884
1.4066886876
-1.1154756026
1.5074239735
1.1087318420
-0.4656649137
-0.9457413798
0.6724375997
-1.1639462164
0.4872502750
-1.0962390353
