13 5 0.10
23 0 4 1 3 1 4 1 5 2 4 2 5 2 6 3 1 3 2 3 3 3 4 3 5 3 6 4 1 4 2 4 3 4 4 4 5 4 6 5 0 5 1 5 2 6 1
17 0 1 1 0 1 1 1 2 1 3 1 4 2 0 2 1 2 2 2 3 3 3 3 4 4 2 4 3 4 4 4 5 5 3
15 0 1 0 2 1 0 1 1 1 2 1 3 1 4 2 2 2 3 3 0 3 1 3 2 4 2 4 3 4 4
18 0 3 1 3 1 5 1 6 2 3 2 6 3 2 3 3 3 4 3 5 3 6 4 0 4 1 4 2 4 4 5 2 6 2 7 2
15 0 2 0 3 1 0 1 1 1 2 1 3 2 1 2 2 2 3 2 4 2 5 3 1 3 3 3 4 4 3
1 4
1 7
8 1
4 6
5 1
0 0 0 0 0 0 0 0 0 0 0 0 0
0 0 0 0 0 0 0 0 2 0 0 0 0
0 0 0 0 0 0 0 2 2 2 1 1 0
0 0 0 0 0 0 0 1 2 2 2 0 0
0 0 0 0 0 1 1 1 1 2 2 1 0
0 0 0 1 1 1 1 1 1 3 2 2 2
0 1 1 1 2 1 1 0 0 1 1 0 1
0 0 1 1 1 2 1 0 1 1 1 1 1
0 0 2 1 1 1 1 1 1 0 1 0 0
0 1 1 1 2 1 0 0 1 0 0 0 0
0 0 0 1 1 0 0 0 1 0 0 0 0
0 1 1 1 0 0 0 0 1 0 0 0 0
0 0 0 1 1 1 0 0 0 0 0 0 0
-1.9320281959
-1.1957508984
0.2988723794
-0.4381729643
0.4800002497
-0.2976221159
-0.2535625353
0.4434332924
1.5440877254
-1.1145866571
-0.8483068559
-0.0850327649
-1.4751928796
-0.7590201825
0.2447345959
-0.1351314537
-0.0050216157
0.8546086719
-0.4357472749
0.4739775430
0.1284580331
0.6945327659
0.1690383202
0.1970339075
1.7097035560
-0.5894349595
-0.9049235018
2.1290914526
-0.8000793348
1.6737218626
-0.0284869650
-1.1150421617
-0.7973182534
-1.6131785401
-0.0964438595
2.1945977029
-0.1213131561
-2.3888670078
-0.2739698144
-0.2771791422
-0.8819034014
-1.3734823372
-0.1429015743
0.7317223736
1.1832819339
-0.1398046703
-0.2232941397
-0.2779965588
0.1413266087
-0.2757442291
0.1290375815
0.5717538772
0.5643636334
-1.9060723806
-0.2145862885
0.4937741027
0.2456241173
2.0181106474
-0.9501907960
-0.2089072537
0.4509137009
0.3071136397
0.6018236817
-0.3853684193
-0.3633753693
-0.1372136324
-1.3276656594
0.6173684514
0.0950290313
1.0023433024
0.8202759211
-1.0253041139
0.6934068122
-2.7592655988
0.6075858046
0.7769729466
-0.1420815206
-1.5550428056
-1.2775489849
1.0999188502
0.8315915700
0.0914888065
0.5174835780
-0.7580582909
-0.5161944776
-0.8486803185
0.6926385957
1.5794140933
0.7659423221
-0.2861673794
-0.0032080388
0.8118955576
-1.7247353781
0.1777789964
0.6900033212
0.6118176103
1.0432889897
1.5793730229
1.1277497648
1.8887383924
0.8613994449
0.0998525113
0.1828976565
-0.5518055299
1.1271643354
0.0319622174
0.7080204090
0.1817365479
-0.2845184858
1.0835112780
2.0772378402
-0.3015784949
1.4911535117
-0.4295159860
-0.1328987672
1.9510630602
0.3704407512
1.8948894619
1.0698568867
-0.9258373114
-1.6936251332
-0.6725955597
0.9278666904
-1.0717370470
0.7856356481
-0.6865075035
-0.4290279350
1.0589418202
0.3984140546
0.2720510985
-0.0564521591
1.5755625985
-0.3331462145
0.4456023824
1.4222001142
1.3252547599
-0.5016091004
-0.1509863339
0.5435321649
-0.4653905976
-0.5557321679
-0.7228516830
-0.1839543053
0.7710152372
-0.1487911262
0.9410062391
-0.8885336470
0.1996341987
-0.6535229325
1.1673377474
0.8177106558
-1.0940405015
-0.8474661873
-0.5384514831
0.8984236729
0.2526392269
0.8044898432
-0.3601006013
0.8080187956
0.7886994327
0.0018651718
2.5130559663
-0.1667472126
-1.0674605145
-0.1975847279
1.1097740049
0.6098474119
2.5176218380
-0.0979481754
-1.9486228958
-0.0209632045
0.4179725176
0.2097761144
1.1189126566
0.3122656352
-0.7473886536
-0.3904172927
-0.5205527419
-0.1585435586
0.7627829052
-0.6440587988
-0.0833259265
-0.6196918331
0.4560569703
-1.2369060427
0.1278561021
-0.8254837063
0.1955924808
-1.4782429142
-0.2560694486
1.3305909589
-0.6914733372
-1.1909400526
-0.1514209328
-0.3014333400
0.7718525903
-1.1140526529
-1.5656760788
0.0206312045
-0.2136132655
-0.3026517018
0.3171127325
-0.6543128114
0.5122804685
1.6973863404
-2.3118749785
0.1541666500
-1.2306083109
-0.6279459411
-1.0855020890
0.8455686503
0.5880678353
-1.1132395074
2.3441170629
0.0297802322
0.1383532052
-0.6344679686
-1.5796363410
-0.0087954272
-2.7558929277
-1.0544122731
-2.9117191750
-0.0621623057
0.3301852826
-0.0485568089
0.7862971986
-0.6478814125
-0.1710803181
0.0349994849
-0.0957115582
-0.4891582211
-0.0999653284
0.0039917259
-0.4628081261
0.1079787215
-0.5100068242
-0.5285165740
-0.4218844093
-1.0381343169
-0.9220412595
-1.0617314514
-0.1897497594
-0.3712814724
2.1375993432
-0.6728107626
-0.4826090417
-0.3522847992
-1.7302434596
-0.9520035739
1.3296586131
-0.8061530465
0.7488054424
-0.4241943503
1.4433899049
-0.5697716964
-1.6582692879
-1.0694995422
0.3181674384
-0.3429537706
0.7562502973
0.4838077705
-0.4422275374
-0.1752948824
-1.7913932905
-2.3748042665
0.9843392569
0.8559492992
-0.6752619465
1.1608357462
-0.0170780820
-0.5991902312
0.1070336200
0.1169750842
1.5191146395
0.8580784656
0.9324883899
0.7320402295
-0.2768282402
2.1765302228
-0.8679306792
-1.4093735132
1.1614639093
-1.1671892881
-0.4990699941
-1.3909888821
0.8298333300
0.2754341804
-0.9095714810
-1.3406844622
0.3571359836
0.4239800535
-0.9255951141
0.4285692562
1.7666039497
-0.9157892528
1.2450486417
-1.8198039082
0.0780218063
-0.3647952517
0.4672914245
0.1262461436
-0.6207959015
-0.1220871372
-0.3501443127
1.0038805505
1.8307143492
1.4150965653
-0.5592590858
-0.6575105963
1.5675772425
-0.6325439921
0.3588793362
-0.1974403911
-1.4170523827
0.8493334169
0.1702722734
0.5928754064
-1.3076650286
-0.2969319150
-0.4208029160
-0.2048152912
0.2530406815
-0.1893215105
-0.0728185732
-0.9428520397
1.9536457987
-2.4643347588
0.0153147675
-0.3096006758
0.0141444920
-0.1297639234
-0.2470862498
1.2235543979
0.1554901558
-0.9341491060
-0.0560172160
-0.6543118261
0.8141768254
