19 9 0.17
7 0 0 0 1 0 2 1 1 1 2 2 2 3 2
14 0 2 0 3 1 0 1 2 1 3 1 4 2 0 2 1 2 2 2 3 2 4 3 2 3 3 4 2
20 0 2 0 3 0 5 1 2 1 3 1 4 1 5 2 0 2 1 2 2 3 0 3 1 3 2 3 3 3 4 3 5 4 1 4 2 4 4 5 4
18 0 3 1 1 1 3 1 4 1 5 2 0 2 1 2 2 2 3 2 4 3 1 3 2 3 3 3 4 4 2 4 3 4 4 5 4
19 0 1 0 3 0 4 1 0 1 1 1 2 1 3 2 0 2 1 2 2 2 3 3 0 3 1 3 2 3 3 4 1 5 0 5 1 6 1
10 0 1 0 3 1 1 1 2 1 3 2 0 2 1 2 2 2 3 3 1
8 0 0 0 2 0 3 1 0 1 1 1 2 1 3 2 1
6 0 2 1 1 1 2 2 1 3 0 3 1
4 0 0 1 0 1 1 1 2
13 14
12 4
13 12
5 5
5 9
10 12
6 13
0 6
17 9
0 0 0 0 0 0 0 0 1 0 0 0 0 0 0 0 0 0 0
0 0 0 0 0 0 0 1 1 0 0 0 0 0 0 0 0 0 0
0 0 0 0 0 0 0 1 0 0 0 0 0 0 0 0 0 0 0
0 0 0 0 0 0 1 1 0 0 0 0 0 0 0 0 0 0 0
0 0 0 0 0 0 0 0 0 0 0 0 0 0 0 0 0 0 0
0 0 0 0 0 0 0 0 1 0 1 0 1 1 0 0 0 0 0
0 0 0 0 0 0 1 0 1 2 2 1 1 1 0 1 1 0 0
0 0 0 0 0 1 1 1 1 2 1 1 1 1 1 1 1 0 0
0 0 0 0 0 0 1 1 1 2 1 1 1 0 1 0 0 0 0
0 0 0 0 0 0 0 1 1 1 1 0 0 0 0 0 0 0 0
0 0 0 0 0 0 0 0 0 2 1 0 0 1 0 1 0 0 0
0 0 0 0 0 0 0 0 0 0 1 0 0 1 1 1 0 0 0
0 0 0 0 0 0 1 1 0 0 0 0 1 1 1 1 0 0 0
0 0 0 0 1 0 1 1 1 0 0 0 0 1 2 2 1 1 0
0 0 0 0 1 1 1 1 1 0 0 0 0 0 1 2 2 1 0
0 0 0 0 0 0 1 1 0 0 0 0 1 1 1 0 1 0 0
0 0 0 0 0 0 1 0 0 0 0 0 1 1 1 1 2 1 0
0 0 0 0 0 0 0 0 0 1 0 0 0 1 1 0 1 0 0
0 0 0 0 0 0 0 0 0 1 1 1 0 0 0 0 1 0 0
1.8725143493
0.3638937169
-0.1119735172
1.0189158171
-0.2958905686
1.5916543933
0.4903378625
1.0146187950
0.9544066031
1.2961170687
0.6725806365
-0.8358452666
0.5504771424
-1.8315277492
-1.2342304237
-0.3844610375
0.2822733916
0.2865499960
0.9150640767
1.4128688318
-0.1774743319
0.8980937751
-0.5332735254
-0.2690147692
-2.3092503668
0.0458107099
1.1646557409
0.8631969969
-0.2901101563
-0.7867755807
1.0404572005
0.0375687988
0.1407030701
-1.1093872856
-0.9970633723
0.5048124341
1.6533226992
-1.7416904664
0.4143369020
-0.5135559029
0.6751386763
-0.6764759454
-0.9566868769
-0.5359007150
0.8383208988
-0.4042371486
-1.1326043201
1.7329756475
2.2862681188
-1.9867900605
1.2704145524
-0.1203514897
0.4576248119
-0.4060320623
0.8956103365
-0.0408617665
-1.8056302919
0.3580631145
0.9046139009
-0.7622148935
0.0397675521
-2.3414148721
0.2141810229
0.0683160697
-1.2669973704
0.6016713685
-0.1995562815
0.6823236663
2.1942360513
0.1104885135
-1.2654158832
2.3336280782
0.9623152882
-0.2812283357
0.9871330080
0.5903207085
-0.7674410251
1.4098038628
-0.1192923859
0.1709133157
-2.3198004602
-0.4780670751
-1.1706863818
0.4763073028
1.7350092151
0.1822187644
-0.5855096915
-2.0724011524
0.4680641436
2.2009565630
-0.5138090600
-1.4149741719
0.0354627520
-0.1708707997
1.6577732166
2.1680316117
-1.4802632870
-1.1276305833
0.1925219675
0.4782269352
-0.4034420228
1.5154506899
1.2504243801
0.1906527555
-0.5419708493
-0.8113622586
-0.5487053425
-1.3153325884
-0.2138280587
-0.9203860180
2.2378742435
-0.5144073680
1.1018818259
0.4254236822
-0.1412256238
1.1618134380
0.6543090100
-0.7992448269
-0.4283886290
-0.6701709958
1.7225818706
1.0949534076
-0.9818571031
-1.0087558850
1.2899704095
-0.1832844105
-2.4238929473
-0.1343111143
-0.4874525718
-0.4420728709
-0.7664527456
-1.0878044268
-0.2107920009
1.7701173946
-0.9630138352
0.5745383741
0.7072195676
-0.0042181571
0.7454448292
0.6754365807
0.6506678044
1.9028600193
-1.3138899192
-0.1173089802
-0.3198543508
0.6017495707
2.1637763696
0.0980011377
-0.5981996595
1.1099815438
0.0969013421
-0.5499219777
1.5580128698
0.4119715670
0.4692459712
0.0218611695
-0.7075388494
1.0456373171
-0.0462099452
0.9633042209
0.6906456941
0.8208718813
-0.7726510330
-0.4453432716
0.1419897733
1.4270196253
-0.4157256921
0.0840861399
1.1868443783
0.1490120377
0.0094661035
0.4441082229
0.4251990000
1.9733314764
-0.7629927811
-0.4947526436
-1.4754935309
-0.0742481945
0.8052324912
0.3566243680
0.4029252490
-0.4406041544
-0.1517672747
-0.6259328063
-0.3833159309
1.9163397382
1.3215227091
0.8335402223
0.3270421741
-0.0795911277
0.6779713864
-0.2821362774
0.8921297294
0.8688799432
0.1876050917
-0.2239741099
0.8247834764
1.1255739242
0.8133868218
-0.1074754543
-0.0388350239
1.1578795575
1.2035199287
1.2200941715
0.3614886700
0.2502416682
0.1535944095
0.6418469193
-0.3429554264
-1.8613535008
-0.0766179248
1.4315952947
-1.0947933054
-0.3090908114
1.3742630886
0.0769440388
-0.5362301685
-0.4710295449
-0.2653387616
-0.5942362264
-0.0915223458
-0.0098031836
0.2246105586
-0.2910722892
2.9903080016
-1.8085544845
0.3888758372
0.4758777893
-0.2338043880
0.4302290644
-0.1008854307
-1.1741592237
-0.8702997005
0.2182198003
-0.6297388693
-0.1829631751
0.5912308986
0.0667651528
0.2078049996
0.3512513986
0.1655683161
-0.7008105659
-1.6118745214
-0.8768928048
-0.5453264013
1.4884143390
-0.6095511900
1.0415900926
-1.0120307266
-1.2729297818
0.1931254964
0.4367611377
-1.1943873487
1.4320208048
0.2504882017
0.1045280383
0.4339761300
-0.6394934826
0.1330057356
-0.4898199163
0.4702977987
0.1400310933
0.8822230739
-0.4360096511
1.0824013346
0.3759148552
-1.0869157080
0.0768161179
0.2512756295
1.6851181214
1.3955446707
-2.1209972873
-0.8518071120
1.0721324201
0.0173789307
-1.0639646117
-0.8038989143
0.1342848495
1.0114994677
0.6524057249
-2.6349359849
0.2636763703
-1.0712437199
-0.6508054540
0.0067152602
-0.3423664303
-0.2234603191
-0.7846040093
0.5465882515
-0.2814016374
-0.2196664726
-1.0187370787
-0.1129457063
-0.7832656948
-0.4276738991
0.0363943053
-0.0838692742
1.2939647761
-0.4591676289
-0.8353590508
-1.3353747681
0.0530929058
0.6127643090
-1.3301535774
0.1642766365
0.2958062241
-0.6064109421
0.4258843528
-0.5900653952
0.2743896248
-0.8208105472
0.6042623378
-1.3027717911
0.3346270065
0.8684434438
2.1362288290
-1.8080923932
0.8489006373
-2.3777881128
0.9437008736
0.3854192640
-0.8840904561
1.8521248613
-0.4925794896
-0.3884325549
-0.4350628915
-1.9352287373
1.2834069260
1.4134614156
0.7122179333
0.8846550936
-0.1112172849
1.2674612248
1.7044635061
0.5038194152
-0.2049882058
0.5353062825
2.1558763945
-1.6437876245
-1.5732316225
0.6650203050
0.1935766427
-2.4416626132
-0.5580994604
-0.5389248112
-1.7742798765
0.4962620632
0.0624629605
-0.8045408105
-0.4030457766
-0.3738891917
0.4541415530
-0.3458855233
0.7157179247
-0.5428999306
-0.4850885810
-0.8103826128
-0.2854537857
-0.3827032413
0.9484904949
-0.3074534092
1.8320749100
-0.8903400478
-1.1597339172
-0.0780339574
0.5083550432
-1.1502665871
-0.4645863640
-0.0754109470
1.2182280966
-0.3941545387
0.8131290783
-1.1812867889
-0.3646192098
0.1608219030
0.0496811109
0.8451186579
0.9870893452
1.9366191196
-1.0108272027
0.8533776589
-0.3870583121
0.5359117253
0.0097718796
0.9694297011
0.4565481901
-1.3105753413
0.8528468133
-0.4345990211
-1.8329909328
-1.2292552685
1.1066935458
0.0944227426
-1.8465961147
-1.4240259004
-0.4037166461
1.0485849314
-0.4451223783
0.2137944280
0.2488242553
0.6548186452
-1.9609155772
-0.2413579458
0.5254607225
0.6712441349
-0.0070460809
-0.6308541040
0.3542047679
0.1619124615
-1.0449186535
-1.0345909131
0.2423910202
-2.1956248128
-0.6770233155
1.1568532553
-1.6719919763
0.7204780999
-0.9709200814
-0.7673090229
-1.1823860234
-0.6934133971
0.4629165934
0.8426182388
-3.7830001611
-1.7192038370
-0.2400784335
-0.4505991121
1.4869996847
-1.0516181152
0.4632424925
-0.4529812735
0.3359057204
0.0273622622
1.0288907689
0.5038344354
0.4088005113
0.6011084540
0.4215254547
0.8935221700
-1.1114206697
0.1369433358
0.7737047712
0.1768297263
0.2569064298
0.1637635752
1.4245194106
-0.1277919243
-0.0932975262
2.0881249814
0.5275963463
1.0695757656
-1.0882688592
-1.5171291703
-2.1089976530
2.1380597325
-1.0074796608
-0.1135456635
0.4643640766
1.3488195575
-0.0690177147
-1.0748737522
-0.3581960673
-1.5568260878
-1.1279439179
-0.4899708891
-0.6935180446
0.9384538262
-1.2618620981
0.3098559217
1.0161805255
-1.5003750028
-0.9129404591
-0.6815792551
-0.4169469032
0.4068945593
0.7030892319
-0.9090831804
0.3098470851
2.2958832477
1.1186333284
-0.0591598542
-0.5633387504
0.2485089165
0.3023940681
0.0024714021
0.4940922766
-1.3070816787
-1.1096631796
-0.8334023530
0.3600490778
0.7132969465
-1.1052517251
0.2287831045
0.8731221772
-0.1879557246
-0.3894590354
-0.1772422630
0.0713803026
1.1042092655
0.4827211575
0.9333585254
-0.0034023216
1.5026794416
-0.0044593082
-0.2767524286
1.1815146628
0.2120023081
-1.0826429697
-1.1085306309
0.4294612920
1.1788713007
-0.0391784618
-1.8032322184
-1.0530110720
-0.3983029926
0.1928670694
1.5127082159
-0.4422807979
-0.4301475530
-0.6953074161
0.3190458540
-1.4441795736
-0.5817674723
-0.4326734590
-1.9139503376
-0.5815770853
-0.9023161399
-0.6926463203
-0.8469876850
-1.0738830575
0.3342900971
-0.0501596837
0.5493069997
-0.1442184755
-1.6773725221
0.4813549330
-0.1373596681
0.0678072235
-1.2671880112
-1.3935453520
-1.1678235492
1.3495261243
1.3524171213
0.3739116372
-1.5053081882
0.9159039073
-0.0105320617
0.1477424159
-0.0990719310
0.5793516050
-0.6083905560
0.8008725790
-0.1063296026
0.6780778825
-0.1558152665
-0.6500569919
0.5807580075
-1.0785310465
0.6686581852
-1.9282622811
-0.3719087253
1.8988893071
0.8396921589
-0.2387483149
-0.8696141341
0.2396658867
-0.3064335370
0.0231439146
-0.8444704446
0.3828620539
0.9712041232
-0.9077573687
-2.4742154770
0.5092897659
0.1475443274
-0.0021053361
0.8435256067
-1.2138075636
-0.8392808616
0.4695699032
1.5635035467
-0.8840766283
1.3051325453
0.5328187514
0.6879550134
0.6509926026
1.0087120248
-0.6498096436
1.9782650651
0.5494843524
0.2981228796
1.7872953959
-2.5547550196
-0.0355417196
-0.2962101871
0.0071763678
1.1552731414
-1.0826093855
0.2895210575
1.5607411512
-0.2283484212
0.0551675573
0.4552598307
-0.1466635134
-1.5210400769
0.6496672845
-1.4235357942
-0.3189308334
-0.7583559893
0.3241817476
-0.0093454269
1.5913246919
0.0719695207
-0.3112688747
-0.0869610945
-0.0301275205
0.3169636791
0.1745212915
-0.3412368259
-0.8230165426
1.1202818803
0.7834398491
-0.9077069761
0.2870941424
-0.5086892053
-0.8308418125
1.4427836275
-0.1747598846
-2.5341759300
0.9473786540
-0.6229038298
0.7874462459
-0.3683406686
0.5919574304
1.7215098381
-1.5480628517
-1.5773229061
0.0527217225
0.5424058508
-1.2727561710
0.1072678184
-0.0851871354
-1.1345456774
0.5411962254
-0.2969557900
1.0328386294
-0.0160680496
-1.0458066050
0.8852258968
-1.4161814500
1.5529020758
1.8863557846
0.3476230724
-0.8483506217
-0.9330618662
1.0406514098
-0.9620184640
0.7233587548
0.1319828947
0.7893558292
-0.9921357287
-0.4211568792
-0.6854969810
-0.2057422148
-0.6321185656
-1.2123806155
0.2052889650
1.4045412065
0.5026163442
0.6330448743
-2.1837649168
-0.6863673201
0.9711890890
-0.0781510489
-0.3089131105
0.7705540906
-1.4637080329
1.0578576095
0.0189064841
-1.1569484450
0.0553117811
0.5436323132
-0.2409290790
0.3947368907
-0.7941808312
0.0512159352
0.1590250172
-1.1349592176
-1.4172156757
-0.1171616982
0.6038496825
-0.0687802721
0.1060149590
0.2063549596
-0.8489182512
-1.6278469673
1.2004429110
0.5387240112
0.5866367331
0.3835535354
-1.4690454424
1.2664895119
0.4445632919
-0.2564694514
-0.0015164831
0.0824099831
1.2539762535
0.2234611791
0.4610970699
-1.4488148427
2.9568358920
1.9216942075
-0.4181386690
0.3700279862
-0.3258450462
0.6728240118
1.2404254842
0.5108450082
-0.4910914279
0.2670202628
-0.9258371324
-0.0009859181
