10 3 0.07
13 0 0 0 1 0 2 1 0 1 1 1 2 2 0 2 1 2 2 3 1 3 2 4 2 4 3
17 0 0 0 5 1 0 1 1 1 2 1 3 1 5 2 0 2 1 2 2 2 3 2 4 2 5 3 0 3 1 3 3 4 3
10 0 2 1 1 1 2 2 0 2 1 2 2 2 3 3 1 4 0 4 1
4 4
4 4
0 5
0 0 0 0 0 0 0 1 0 0
0 0 0 0 0 0 1 1 0 0
0 0 0 0 0 1 1 1 1 0
0 0 0 0 0 0 1 0 0 0
0 0 0 0 2 2 2 0 0 1
0 0 0 0 2 2 2 1 0 1
0 0 0 0 2 2 2 1 1 1
0 0 0 0 1 2 1 1 0 0
0 0 0 0 0 0 1 2 0 0
0 0 0 0 0 0 0 0 0 0
0.2956664217
-0.0646377221
-1.4256963725
2.5165307029
-1.3846881236
-1.7555653773
0.4129563670
0.6561080001
-1.1373461168
-0.5402049989
0.3518003203
0.4766141546
-0.5778942482
-0.1434611460
0.2980673683
2.0630500688
-0.6259111390
0.2043084256
0.0803594504
-1.0647244159
-1.4408677900
-1.9251324849
-0.1720632956
0.4793906584
0.0411202403
0.9550084713
-2.5142471311
-1.1451832923
-0.6878009583
-0.1834796481
-0.7393211880
-1.0201792112
0.5667664465
0.1804730500
-1.2855399262
-0.2623277837
0.4551936095
-0.0634425843
0.0515556874
-0.1803056131
-0.9281161600
-0.5935461296
-1.3197520023
1.4389247826
0.6377662686
-0.3970629658
-0.8826859575
0.3858434216
0.9232177851
0.9838408365
-0.0382272474
1.4496603116
-1.6615955480
-1.4870789879
0.4721492999
0.9590689149
0.7333181607
0.2510298259
1.2112168112
-0.5524178646
-0.7968782928
0.4918059092
0.4559242684
-1.6475239471
1.2739474441
1.8063433082
-0.6191049053
0.0814111561
-2.1490094448
-0.4192926028
0.2282857305
1.2841969573
-0.3473040529
1.8009113051
1.1520815931
0.5723824694
1.7645737327
-0.5011494743
0.3496266896
-0.7135861455
-1.9271530240
1.3726175234
-0.4223426358
1.6521395135
0.3550976523
-0.1967270912
-1.6845717528
1.4208247084
1.0946282801
-0.7675813738
-0.2728230538
-0.4625520839
1.5236969944
0.2198139110
0.3730142400
-1.6296958000
-1.3351006363
-1.3156914133
-0.4428486641
0.1453273951
0.8031397959
0.3940739636
-0.9289067680
-0.5567981519
-0.1027172670
-0.1505595552
-0.7509410093
1.2970471301
-1.2722574911
0.1517686697
-0.9542800958
2.0255298148
-0.3754754421
0.7429471065
0.7167021448
-0.2009891535
0.3891431694
-0.7446819112
1.2499081484
-0.2448783565
-0.1099109028
-2.0774973218
-0.6909056227
1.1319127015
1.7048263407
0.5958473542
-2.4293235393
0.7903365063
-0.3149622974
-0.3409348928
-1.1496928187
0.2856864209
0.7463199894
-2.4402747364
1.3246097621
1.3967264310
-0.4427993112
1.2607287962
0.5682065932
0.3884398762
-0.2340429417
-0.0895767668
0.0431833392
-0.3353394252
-0.7103065760
-1.6596399012
-0.2248658231
0.0896327331
1.0966588941
0.2513533180
1.3006683696
-0.3191218496
0.2850496299
-0.2108940714
0.9244216396
-0.5822118160
-0.2622921750
-1.3745455475
-1.6829561383
-0.1636969538
-0.0686488987
-0.5923411073
-0.4004774404
2.5496705789
-0.1862485578
-1.0951055627
-0.2470048304
-0.7045291928
0.9747300435
-0.4693898219
-0.5997909170
-0.1456864846
0.4133732237
0.4376975800
-0.6789799357
0.1323413507
-1.8068022501
0.6879629285
0.5026854054
-0.9493876287
1.4731101396
0.9158306943
-0.1841877704
-0.2162549417
0.7442081956
-0.1138610126
0.1773956527
1.8041783243
1.3958707441
0.9963651074
-1.5865724771
1.2490528912
-0.9797474242
0.0700935818
2.1961730985
0.0103146542
-0.8415073634
0.2769718738
1.2456507405
0.9474979294
