10 3 0.01
8 0 2 1 1 1 2 1 3 2 0 2 1 2 2 3 2
8 0 2 1 1 1 2 2 0 2 1 2 2 2 3 3 3
11 0 2 0 3 1 2 1 3 2 0 2 1 2 2 2 3 3 1 4 1 5 1
2 2
3 3
3 6
0 0 0 0 0 0 0 0 0 0
0 0 0 0 0 0 0 0 0 0
0 0 0 0 1 0 0 0 0 0
0 0 0 1 1 2 0 0 1 1
0 0 1 1 2 1 0 0 1 1
0 0 0 1 2 1 2 1 1 1
0 0 0 0 0 0 1 1 0 0
0 0 0 0 0 0 0 1 0 0
0 0 0 0 0 0 0 1 0 0
0 0 0 0 0 0 0 0 0 0
0.2683585839
-1.1230706923
0.6747729952
-0.6580563765
-2.5939545309
0.9902504332
-1.0974412699
-0.9429721820
0.6202109921
-0.0116509025
-0.8691759125
-0.0181326124
0.7392610853
-0.8401586504
-0.2798130562
0.4168223786
0.3972722110
0.4641465284
-0.8775974685
-1.7569415892
1.5990956741
0.9903492049
-0.5242137874
-2.0204837842
-2.1598920365
0.8690937669
1.2423118210
-0.5453482535
0.9626180065
-1.5675455369
1.3034694185
-2.5568869168
0.9879697743
-0.1732079857
1.6016020027
0.6028301675
-0.1634121001
0.6399734508
-0.6299957244
-1.2891796615
-1.0872983661
1.5052840967
0.5396699517
0.4925140669
-0.6816995583
-1.7207428796
-0.3704009670
0.0115899770
-0.6667583268
0.1254015476
0.8402249534
0.4227135781
-0.8621084247
-1.4087709896
0.0622224159
2.2569567096
-0.4039164920
0.2670517281
-1.1427673995
0.1588763995
0.0265334906
2.2797193766
0.8250905512
0.6334263365
0.1519658546
-1.3529701094
1.9050102211
-1.9563195115
-0.4818930945
-0.4582559777
-0.8519381396
0.9011928450
2.3899918258
0.2041321340
0.8129255336
0.7573825106
-0.7649632951
0.4617119694
-0.3899950256
-1.4873466926
0.8371957704
3.2588044260
-1.5744978273
-0.1668856391
0.2623718347
0.4268812453
0.6977546456
1.0908720373
1.3346244384
-0.1123991220
-1.3462556922
0.8513769061
0.6974472083
0.8625053244
1.0460838472
-0.5576221806
1.4554292327
0.8306027880
-1.1859445557
0.6187606798
-0.8795568456
1.6633472834
-1.2961144281
-0.5110163553
0.0682851915
0.0271845956
-0.7140241728
1.0649917831
1.5166657396
1.4937715004
1.0055096109
0.0253889293
-0.2890499969
0.8301414685
-0.1073735761
1.9203207034
-0.4544027682
0.4749394080
-1.1936701750
-0.1718041372
0.8245565800
-0.4382868749
0.3379360661
-0.3407880156
0.4258684149
0.6906036067
0.1674052684
0.4363466779
2.2895969493
1.6865054635
1.2696519659
0.9883685981
-1.3438519576
0.4033797861
0.5638051120
0.1036547483
0.1797198940
-1.7813262181
1.1909171316
-1.4334784933
0.7151431125
0.1794025188
1.3570272503
-1.1484089699
0.2393262608
-0.1133897303
-0.2066786089
0.8553455243
0.5460492078
1.7460915713
1.0182033253
1.8836005404
0.2896570149
1.7644052056
-1.1599963641
-0.4563546264
-0.5973799144
-0.5726753841
0.8580278910
-0.0549503499
0.5286970834
-0.5356743819
0.2980924970
0.6020119651
-1.0271840576
0.4761882265
-0.1948175777
0.9956375919
0.0448885326
0.5188535018
-0.2397105741
-0.0888646961
-0.3541865160
-1.0458072272
-2.0205595329
0.7486370344
0.9319015879
1.0281261664
-0.5086023344
-0.0442254282
0.0965714183
-0.6865880861
-0.8751410534
-0.0745928978
-0.1254816484
-0.0933500816
-0.8617138342
0.0845654480
-1.7551968352
0.8491075593
0.5390483134
0.7225389521
0.0445689634
0.2792725591
-0.3198902765
1.1793237821
-1.8011570244
-0.9563490173
1.6882170188
0.1990686355
