20 3 0.13
24 0 3 1 2 1 3 2 1 2 3 2 4 3 0 3 1 3 2 3 3 4 0 4 1 4 2 4 3 4 4 4 5 5 0 5 1 5 2 5 4 5 5 6 0 6 1 7 1
41 0 0 0 1 0 2 0 3 1 0 1 1 1 2 2 0 2 1 2 2 2 3 2 6 3 0 3 1 3 2 3 4 3 6 3 7 3 8 4 1 4 2 4 3 4 4 4 6 4 8 5 2 5 3 5 4 5 5 5 6 5 7 6 2 6 3 6 4 6 5 7 2 7 3 7 4 7 5 7 6 8 5
37 0 6 0 7 1 6 1 7 2 6 2 7 3 5 3 6 3 7 4 5 4 6 4 7 5 1 5 4 5 5 5 6 5 7 5 8 5 9 6 1 6 3 6 5 6 6 6 7 6 8 7 0 7 1 7 2 7 3 7 4 7 5 7 7 8 3 8 5 9 2 9 3 9 4
1 1
1 6
2 0
0 0 0 0 0 0 0 0 0 0 0 0 0 0 0 0 0 0 0 0
0 0 0 0 1 0 1 1 1 1 0 0 0 0 0 0 0 0 0 0
0 0 0 1 1 0 2 2 1 0 0 0 0 0 0 0 0 0 0 0
0 0 1 0 1 1 2 2 1 1 0 0 1 0 0 0 0 0 0 0
0 1 1 1 1 0 2 2 1 0 1 0 1 1 1 0 0 0 0 0
0 1 1 1 1 2 2 2 1 1 1 0 1 0 1 0 0 0 0 0
0 1 1 1 0 2 2 1 1 1 1 1 1 1 0 0 0 0 0 0
0 2 1 0 1 1 1 1 2 2 1 1 0 0 0 0 0 0 0 0
0 1 1 1 0 1 1 1 2 1 1 1 1 0 0 0 0 0 0 0
1 1 1 1 1 1 0 1 0 0 0 1 0 0 0 0 0 0 0 0
0 0 0 1 0 1 0 0 0 0 0 0 0 0 0 0 0 0 0 0
0 0 1 1 1 0 0 0 0 0 0 0 0 0 0 0 0 0 0 0
0 0 0 0 0 0 0 0 0 0 0 0 0 0 0 0 0 0 0 0
0 0 0 0 0 0 0 0 0 0 0 0 0 0 0 0 0 0 0 0
0 0 0 0 0 0 0 0 0 0 0 0 0 0 0 0 0 0 0 0
0 0 0 0 0 0 0 0 0 0 0 0 0 0 0 0 0 0 0 0
0 0 0 0 0 0 0 0 0 0 0 0 0 0 0 0 0 0 0 0
0 0 0 0 0 0 0 0 0 0 0 0 0 0 0 0 0 0 0 0
0 0 0 0 0 0 0 0 0 0 0 0 0 0 0 0 0 0 0 0
0 0 0 0 0 0 0 0 0 0 0 0 0 0 0 0 0 0 0 0
0.0266132785
0.6933835765
-0.3652092610
-0.7709666734
0.8607738791
-2.1500157066
-0.7353478747
-0.7053987241
0.0466831224
1.0646217145
0.7053172866
0.4204310477
-0.1986421388
0.4957900716
0.1328875949
1.6759477937
-0.2147329704
-1.0493056444
1.2137215230
1.9759181230
0.4508474696
0.0740887808
0.1554730979
0.1487684148
1.1645724176
-0.0163799957
0.0323303605
0.9963385306
-0.0306575735
-1.5099986801
-0.9923469250
-1.4094887325
2.1107541421
-1.2326573363
-1.2223093070
0.0448911647
0.5744828337
1.8575134921
0.4007594849
1.0628190308
-1.1984621202
0.6474197204
-0.3934034943
1.0044319790
1.4862275673
0.1648748552
-1.4292117469
-0.4806868458
-1.8151681497
0.2256040413
-0.8692811021
-0.8163185276
-1.6199238665
0.0009339850
-0.4108543812
0.1081225609
0.8367361141
-1.6439447564
-0.6439285716
-1.3332355945
1.5495729314
-0.8880153212
0.5139857592
-0.9030000262
-1.5735238850
-0.9378343633
-2.5267516990
1.5161435406
-0.9030162465
0.5680213520
-0.5635348834
0.0884382034
0.9559281403
0.2225760393
0.7784927464
-1.1207898426
2.1725763318
1.3940200500
1.8747231410
0.0398906009
0.4287644985
1.3277618910
1.8691906506
-0.7231679587
1.4526677235
-0.0386258363
-1.2006304055
0.5095935248
-0.8301763421
0.5796642430
-0.4282763387
0.4930432252
-0.6332805883
-2.0481863054
-0.8599621383
-0.7379345524
-0.4783661753
1.3214195919
-0.4572507603
0.0086560936
1.1869216141
-0.2106432350
0.0822219680
0.5779376718
-1.2903344455
0.8043333594
1.7508994899
1.3323639850
-0.6152296976
0.0941919564
-0.1531959412
0.5043562369
-1.2927656431
0.2040733413
-0.5175568633
-0.3934111878
-0.4174886315
-0.1655130770
0.4362305040
-1.3566745764
0.6968892520
0.0790267327
1.9889404298
-0.8549047841
0.2062361545
-1.1138176728
-1.1806474001
-0.3919459801
1.3563608525
-0.0018172038
0.3511723183
0.4711514188
0.7094625413
-0.8412533026
-0.2080087720
-0.7676753593
-1.0697785051
0.8749708005
-0.3359748823
0.3492547977
1.3097942023
1.1689257761
-0.2038958094
0.7228808761
1.3843936287
0.6176093352
0.0222844886
2.6060057505
0.7791196734
-1.0285110353
-0.2874491094
0.8675074158
0.7271608027
0.0415821233
0.2682798040
-2.0392169676
-1.5663122328
0.2704162406
1.1084088200
1.0330594334
-0.1309196833
-2.0453837599
1.8460140122
0.9225833366
-0.1527614584
0.2109178416
1.2317651640
0.6839552544
0.8241939699
-0.6123184748
0.0717500897
-1.4365823468
0.8668238164
1.1970661206
-0.6165777514
0.9460582084
1.1798004610
-0.2903720193
-0.2142505300
1.0303863010
1.0255195441
1.4921397321
-2.1025826297
-0.8038304702
-0.4318281357
-0.3607112826
1.1983914645
-0.2244691656
0.9515216111
-0.3814099623
0.4940913927
-1.5855072497
1.6106192098
-0.3746060165
0.6709133925
0.3481044739
-1.3955255141
-0.1284396314
-0.5759295689
-1.1304915414
-0.7119464115
0.9052737815
0.1828649237
-0.7725179698
-0.2508625860
0.0421076283
-0.1648382973
-0.7006113666
-1.4134798173
0.9710180616
-0.1826254163
1.7396000735
3.9013077075
0.2385738533
-1.4535619874
0.9450273543
0.2842485076
1.3325983161
-0.8102253550
0.1796170148
0.4959489271
0.1573128879
-1.0546056814
-0.5779397721
0.1673299911
-0.9122560786
0.1463705031
-0.0409231586
2.5114429786
2.2133575883
-0.3385261924
0.5941452304
0.2053970605
-0.0572922330
1.5048649837
1.4368217828
-1.3613030717
0.6780612534
3.4348995649
-0.9264540946
2.6521935764
-0.3651433736
0.3920732137
-0.3874544708
-0.5134084684
1.0374299732
2.5548063007
-2.0259694436
-0.6855142573
-0.3523368502
-0.7835990276
1.2605156583
0.4830819181
-0.5474871893
0.8830200637
1.2143569457
2.0402155961
1.7945113789
-0.4441436528
0.0740175221
-0.1878011814
-0.2659472301
-0.0253648474
-1.4979250517
0.3743378827
0.7024156804
1.7437324468
1.3200407971
1.1231005038
-0.0434248061
-0.4335909744
0.1881725023
0.1570512107
0.3316356265
-2.0688123578
-1.1729737382
-0.3460295987
-0.4488180841
-0.5630587581
0.8211235512
0.0831322109
-2.3640513782
-0.7002205844
0.5746168494
1.7894456656
0.2143453938
1.9371731098
-1.9305623075
-0.5651125412
0.1344106786
-2.1272507928
-0.1515739516
1.9308095349
-1.3522076142
0.0417558179
0.4452395410
-0.8729482894
-0.4699210022
0.7729879061
-0.1713484208
0.9550768515
1.2420352291
0.7230090399
-0.6460998755
0.6890864699
-1.5008331435
-0.1097393102
0.9068263352
-0.6272334898
0.2652460842
0.9491848220
0.4088758538
-0.7957144527
0.9711282868
0.8663796531
-0.8482761448
1.4649027102
1.0381271011
1.3246752492
0.9875593035
-1.2597346805
0.6450291209
2.3870834574
-2.3888886799
0.9351374045
1.3126779935
0.2882706822
0.3176243812
-0.8772902221
-0.2845017663
0.7722402535
-1.1028392567
1.1789148548
0.1852908225
-0.6369051819
-0.7439120754
1.2736441636
-1.0632584760
0.2799826718
0.6302582748
0.4939368799
1.4979020337
0.1708602708
-0.7624937119
-0.1612666916
0.9839692452
-0.6776013275
0.7505624418
-0.1186452470
0.3437932715
0.8865594727
-1.6190036791
-0.5948247335
-0.1242156366
-0.6039021766
-0.5401139168
0.4571065875
1.7728680788
0.0139915733
-0.9886083094
1.4336777796
0.4036483543
-1.0473148359
0.4374717079
-1.0138487513
0.4018940226
0.9178955152
0.6725986613
0.4174899060
1.1645411298
0.4375354977
-0.7804138704
0.8286498136
-0.4520967888
-2.4379407528
0.8812384709
-0.4483482812
-0.3425758142
0.9646509009
0.2668791880
0.0973778443
1.4373020261
1.6076365956
-1.1897843313
-0.2693135624
0.0959190857
-0.5881716308
-0.3729356338
0.1830331777
-0.0993288432
-0.2941559206
0.3021786125
0.0123543129
0.6518857079
0.1932967080
-0.2514537693
0.1876384178
-0.1560304216
0.7325269562
1.9236821716
-1.0914767555
-0.5745041560
1.2381169870
-0.2957508362
-0.6213035715
0.4858390806
-0.9209465932
-1.1643669717
0.0264193646
-2.2270644726
2.6733487469
-0.1721765264
-0.7331224257
1.2428233809
-0.6299368772
0.5599244049
-0.4828758575
0.5279320468
-0.7085387487
0.3376339942
-0.0805875820
-1.2884846981
0.2572922142
0.3696134089
-1.1356106148
1.7317862460
2.1294398216
-0.6417642021
-1.1390502873
0.3063412405
-0.4251061945
1.8796166079
-0.9068855598
-1.9460714679
0.0743055838
-0.1085102714
-0.5523311200
-0.4417318428
0.0934807575
0.5307041243
0.5724691926
2.6566098480
1.5544273379
-0.8275055975
0.7205468577
0.3743314450
0.1026770933
0.6290827697
-1.6748343392
0.8050354280
-0.2283190833
-0.7191717170
-0.3477142857
0.0273802069
-0.1583611975
1.7211372242
-1.0106706564
0.0094794620
-1.2351294378
-1.2322780437
-0.0761775955
-0.8489336073
-0.5089748246
-2.4837487552
0.9485947387
-0.6366333138
0.2411881821
0.3800471035
-0.2238923436
-0.8049914573
0.3978176750
-0.0759993234
-0.6932995865
-0.4584207069
0.2630570553
-1.1315253980
-0.9002280904
-0.5316362568
0.0799248189
0.0893369932
-0.3232811579
-0.0176429438
0.0217175299
1.3055073642
0.6106624244
0.2996007332
-1.0486775739
-0.8263860007
-1.0274188266
-0.9450713805
0.3378181040
0.1739843753
0.2574006725
-0.4244940563
0.7482596888
0.9104923782
0.3747693842
0.2185407341
-0.5681776639
-0.0184278000
-0.2447825368
0.0179237241
0.2071496489
1.1743560289
0.1965780723
0.0560686282
-1.0240288840
-1.0774341006
1.7680088300
2.0810181959
1.9181643127
-0.2558993170
-0.3077505550
-1.5157841037
0.1166323505
-0.2430364363
-2.2659725537
-0.1533154485
-2.9902244247
1.2553875629
-0.5240885883
-2.3224986678
0.5088766369
0.9480200777
-3.2701106245
1.3827315037
-1.6437352965
1.7514538864
-0.1840632097
-0.7624430332
0.3164324831
1.4252022327
-1.1885171930
-0.1656136569
0.8563567059
-0.3656199995
2.3300725727
1.0841693409
-0.3721975347
1.2015714769
-0.8533334553
1.3537906618
0.3336384364
-0.8069263697
-0.1997427288
0.8434970278
-0.8011759666
-0.4689789139
-0.1120539554
-0.5459008510
0.3584357073
0.7381880770
0.4631865954
-0.6094823432
-1.8797390690
-1.0309666063
-0.9277526219
-1.3341948453
0.4816085046
0.4638551499
-0.2711739209
1.6785199168
-0.2919703156
1.4981518504
-0.1363316819
2.8187587110
-1.0915482271
-2.2148314274
0.0625442295
-0.0090688557
0.8222338749
-2.5490766632
0.5584881299
0.4670635068
-0.9048614714
-0.7341521479
-0.1271388820
-0.1878146436
-1.5942571422
0.2502814944
1.2313697652
-1.0825176463
-0.8380164410
0.4973882209
0.7378212567
-0.5195294682
-1.4344562509
0.0029787297
1.0340597818
-0.4645031006
-1.2090885458
0.7886430660
0.5028721273
-0.2757090440
2.0054047321
-0.2802784830
-0.0895988736
-1.4085036069
0.8107526903
0.5791340408
0.7517236406
0.5884906310
-1.7280957918
0.1995057025
-0.3277702459
-0.2239560732
1.7432694268
1.0841637576
0.0541661513
-1.0876580899
1.4766737415
0.7696131734
-0.7013090059
-0.4343760596
1.3281936714
0.0769711350
-1.1195268427
0.4400004914
-0.5477702693
0.9064338177
-0.1785871539
-0.9666483838
-0.1857607047
-0.2971476940
0.1697449077
0.0209534620
-0.2663684515
-1.1892927942
0.5087442449
1.3121822884
0.8452908089
0.8819054199
-0.0981039298
-0.4630882773
-0.7242852332
1.0863477623
0.0272047869
0.9525842153
-0.2976768430
-2.2539973940
-0.6209131248
-1.0179716418
-1.1378661454
-1.4128342023
0.7992947505
-2.0024106251
0.3789206833
0.6467629033
2.5797582032
0.4287249329
-0.5068649220
1.1069486194
-1.2135337271
0.3883975819
0.5148241481
-1.5577952328
-1.4269603340
0.9770739453
-0.5006414349
-1.0243802775
0.6764039193
2.4153689377
-0.4997455960
0.0998058084
1.3523768983
0.2946038287
0.0625954055
-1.4421648580
-0.3523667070
-1.0511108368
-0.5708590363
-0.0188570844
2.2209792691
0.5248143514
-0.9405865851
1.1547037274
1.5933557619
2.3955760091
-1.5794086809
0.4356209680
-0.6078048053
-0.1154246664
0.0912218894
0.0010874910
0.7979163281
0.2068440679
-0.4666045825
0.3277395741
0.7044627550
0.1731956355
-0.5467793974
2.1429074785
1.7275454142
0.3358298051
-0.5444278593
2.0323081889
-0.3193173976
-0.7222387985
1.3061913632
1.1088516739
-1.4954579150
0.9231412306
0.0154623401
0.8808912721
-0.2674297029
-0.1428975925
-0.6397609834
0.4779286426
-0.0039691904
0.9043002413
-0.2914674314
1.7954286658
-0.5599490483
1.0324326965
-1.1923661030
-0.2726523916
0.0509139965
0.6038934155
0.7594153220
0.1379104281
-0.9119708921
1.5508760729
-1.2050284601
-0.3771143879
1.4621469193
0.3372006105
-1.7587527322
1.3139581809
-0.3152607118
-0.7451985341
0.3594080743
0.1599305585
-0.0484203278
-0.7003710814
-1.6410887335
0.8667467678
1.0164064132
-0.5018883755
-1.4394131320
0.3658578235
1.1822578869
0.0995102571
0.5938355675
-0.9413464649
0.5122664285
1.0216046113
-0.2861275272
-1.4659988539
1.4578168518
-1.7277703001
-0.7894399414
-1.9447351028
0.4692497484
-0.3364597250
1.1600139753
-0.1473921151
0.7375106420
-0.2141608190
0.5768109148
-0.0810554900
0.4379569515
-1.2588791553
-0.3252780293
0.8237508987
-1.0122477898
0.0856192356
0.0958071632
-1.4068180979
0.1719437714
0.6293910183
-0.1781937452
0.0863525549
-0.8123626637
-0.3193608769
-2.8529421045
0.1325913198
1.4568941773
0.7227415418
-0.9898329187
-1.4931489152
0.5154696247
0.7127618673
1.1210379959
1.0321919453
0.6057648857
-0.5084003001
1.7756320119
0.9730591450
-1.9679964765
-0.0991380295
-0.6489902669
2.0641562870
1.0593427006
-0.4700654132
0.1916386438
0.5081185651
-0.1785474399
1.0632495048
1.4906440037
-0.2314784275
