15 5 0.03
18 0 6 0 7 1 2 1 3 1 4 1 6 1 7 2 0 2 1 2 2 2 3 2 4 2 5 2 6 3 1 3 3 3 4 4 4
17 0 2 1 0 1 1 1 2 2 2 3 1 3 2 4 1 4 2 4 3 5 2 5 3 6 2 7 0 7 1 7 2 8 2
17 0 1 0 5 1 0 1 1 1 3 1 4 1 5 2 1 2 2 2 3 2 4 2 5 2 6 3 3 3 4 4 3 5 3
17 0 2 1 2 2 2 3 1 3 2 4 0 4 1 4 2 4 3 4 4 5 2 5 3 5 4 5 5 6 2 6 4 6 5
18 0 4 1 0 1 1 1 3 1 4 1 5 2 1 2 2 2 3 2 4 2 5 3 1 3 2 3 4 4 0 4 1 4 4 5 1
3 3
5 2
8 4
4 3
8 3
0 0 0 0 0 0 0 0 0 0 0 0 0 0 0
0 0 0 0 0 0 0 0 0 0 0 0 0 0 0
0 0 0 0 0 0 0 0 0 0 0 0 0 0 0
0 0 0 0 0 0 0 0 0 1 1 0 0 0 0
0 0 0 0 0 2 1 1 0 1 1 0 0 0 0
0 0 0 1 2 2 1 1 1 1 0 0 0 0 0
0 0 1 1 2 1 1 1 0 0 0 0 0 0 0
0 0 0 0 2 1 0 1 0 0 0 0 0 0 0
0 0 0 2 2 2 1 2 0 1 0 0 0 0 0
0 0 0 2 3 3 2 3 3 1 0 0 0 0 0
0 0 0 0 2 4 2 3 3 1 1 0 0 0 0
0 0 0 0 2 1 0 2 1 0 0 0 0 0 0
0 0 1 2 2 0 0 2 0 0 0 0 0 0 0
0 0 0 0 2 0 0 1 0 0 0 0 0 0 0
0 0 0 0 0 0 0 0 0 0 0 0 0 0 0
-0.2355307569
-0.4933095271
0.3548284281
-0.4352811497
-0.4841124545
1.4572898060
-0.8933398824
-0.0590962618
0.7140941253
0.2300988674
0.8398876774
-2.4608491491
0.5271460086
-0.1816868354
-1.8919103263
-0.0774096955
1.2349085025
-0.4259429435
-0.4920989838
-0.5432759557
-0.4133034542
1.6439043260
-1.0176766755
0.9687435380
-0.1018437324
-0.3228822122
0.9796380857
-0.1909685091
0.0724624147
1.1414606477
-1.0326446245
-0.0050747686
2.4651852729
-0.4659565233
0.3479784494
-1.1254170173
0.2449819865
2.2269955033
1.5859200891
-1.4188476365
-0.0849636583
0.4354853510
0.2066638775
0.4996041280
-0.7118677586
-0.8805108560
0.2879483205
-0.1457647994
-1.4080610583
0.2930485051
-0.5460661072
-0.2599348855
-0.4351362999
-0.4026699713
0.3006084146
-0.1183320217
-1.8808290414
-1.7655428117
0.2300909562
2.3436906371
0.8812929268
2.3019566817
-0.7965487774
0.3935323300
-1.3023379860
-0.8684669167
0.4207836686
-2.1149309033
-0.6210376590
-0.6858230306
0.3874244610
1.3234802904
1.0641070872
-1.0220249145
-0.9740051168
-1.3684897679
0.5234671118
-0.7895749081
0.5443486440
0.4362980349
1.0004535949
-0.5059700689
0.6994850143
-0.6360648467
-0.0819834349
0.1900306523
-0.4933361296
0.2554385866
0.0178741190
0.6105997856
1.5036470157
-1.2572252549
0.1319326532
-1.8255842825
1.6585792670
0.2030601012
2.4839881598
-0.5380650185
-0.5491821096
0.6107706227
1.3885975799
-0.3330560542
0.0124452381
-0.4897717118
0.7361645057
-0.1618390130
-1.5286903765
1.1647783275
1.4042164624
0.0505681611
-0.6564491963
0.0000196077
0.1855436352
0.2895665549
0.6349671120
0.6933311595
-0.1880979693
-0.6910530799
0.7672913987
-0.4871348634
-0.5884738238
1.0889629524
0.0640911657
-1.5528694471
-0.0132053427
-0.0643663587
0.2563111726
0.6340237894
-0.1697279981
0.6946454189
0.7252163815
0.2903209742
0.7557686569
-0.2378205266
-0.7818721530
0.0602389189
0.3046646789
0.3085056731
-0.2972419132
-0.7500129946
2.9154421478
-0.2781130420
0.0884976520
-0.4094383675
1.1210288306
-0.8777992076
-0.4320524283
0.3568930014
-0.6546772130
-0.6074820494
0.7596999482
1.7154233707
0.3717348575
1.1835230235
1.5393325686
0.4786814722
-0.1313793226
0.7395487729
1.4122929983
-0.4909730059
0.5729555889
-1.3950576349
-0.6532653316
0.3159193783
1.5572496729
1.3212715580
0.1146300110
0.2334173238
1.3892071143
0.3589960242
-0.2869286321
-1.2083244060
1.2129539789
-0.8309027478
0.3279160055
1.5493418853
0.3283900239
-0.5165657747
0.8140553014
0.7085085898
-0.2492329276
0.1086787522
0.8723046421
0.8242770636
1.1670806949
0.6122818712
0.0899582588
0.4750934978
-0.0744225265
-0.1070143475
-0.5267880626
0.6348517155
0.2903624112
1.1933637684
-1.3905085357
0.1014028164
0.3101278526
1.8530825374
-1.6149264742
-0.4581831355
-0.6667470272
-0.8041817862
0.3199542577
0.1263125215
1.0480028463
-0.7658333707
-0.1533118671
-0.3159401695
1.0313943334
1.3805562938
0.9909768683
-0.2701929279
-0.0074081812
0.6461144438
-0.6945441571
0.9054142933
0.0364230388
0.5023473413
0.2798629524
-1.2648104000
-0.0995876880
0.3326533850
-0.0235938921
0.1714429834
3.0879046363
-0.1473181170
-0.0911585402
-0.6833871831
0.4231364683
0.7972261307
2.8911874283
0.7692350787
-0.5653326963
0.3651249109
-0.2823204972
-1.5392908139
0.2559803324
2.0515207480
1.9015379326
-3.1171858668
-1.1933220372
-1.2258502856
1.4537097369
-0.2759287162
-0.3168750782
-0.6853007450
-0.4097614351
1.1169671823
-0.2641821256
-0.4600753843
-1.7548213560
-0.9444433283
-0.4292247120
-0.3021742791
-2.1648635588
-1.8184787878
-1.0121802627
-2.4793689656
-1.5505810146
-0.1357999584
-0.7366340315
0.8725872245
0.8135105702
1.8215229536
2.1931604438
-0.7346185796
-1.4033318327
-1.0838561430
-1.6235816342
-0.4200707048
-0.9005152544
2.0159775902
0.9019432664
-1.3680320036
-1.0904222821
-1.6823001184
0.8520633117
-0.8086632259
0.3812990491
-0.7260293227
1.0235659100
0.3750612585
-0.4486741470
0.2379460313
0.6855038097
1.4614483019
0.3911775645
-0.7553671901
-0.5945783498
0.3206081249
1.1384450280
0.3320306441
-0.2769405059
-0.0497631480
-0.0868935197
-0.5747668670
-0.0154604658
-0.8288075909
-0.7474805842
0.3887999798
-1.0440266261
-0.3309998136
0.5651227263
2.4941288149
-0.8762369324
0.0697004075
-0.9297915945
0.7509493772
-0.3224627070
0.1746460199
-0.4637535437
-1.5697656476
0.8235149564
-0.2623018067
1.1841399799
-0.8097353704
0.9777184915
1.3637010040
0.6127524916
-0.5755418912
2.0962981695
-1.5046819281
0.0311039208
-1.4495581746
-1.5269745612
-0.4454511611
1.1535782884
0.5514657432
0.0748321655
-0.7657574188
1.1795922446
1.5499855903
1.2040823573
-1.0762871996
-1.7129776041
-1.4832773133
0.6206143479
2.4133487805
-0.5377278732
0.0052097883
0.2127445302
-1.0492646758
-0.7929350900
-0.6817148495
0.1824988042
0.5528134434
-0.6873385778
-0.4291751644
-0.5725293282
-1.5631927416
0.5269601061
0.1336505377
0.5008548817
-1.4103221451
0.6399647632
2.3942479013
-0.4687608675
0.2938029560
-1.0271748969
0.3860838850
-0.5227688401
0.1336742693
-0.5278607300
0.3344976453
0.2389513668
0.5169553613
0.6068264513
0.8483124842
-0.8332709279
-0.5962703103
1.0632192827
-0.0010275865
-1.6784676183
0.2879877651
0.0695953138
0.7179749219
0.1822275955
-0.6269457193
-1.0381879031
1.1423753739
-2.1051886230
0.4632161160
-0.2802433966
0.4611079302
0.0854288209
-1.5986970798
-0.9225625137
0.7962346642
-0.4385939663
0.1084163147
-0.6403453077
1.3488072094
0.9108680891
2.3860421678
-1.3439317640
-0.9890049494
-0.6688910652
-0.0301985179
-0.8574576146
-1.2522969506
0.1492386286
-1.4253833419
0.6384307851
0.8525002350
-1.1067153891
-0.8248838058
0.2083977203
-0.4029847223
-1.1710246616
-0.7607547841
-1.2545750092
1.1835414124
0.5050021958
0.5672477939
-1.7555775359
-0.5314108038
-0.8129801122
-0.0460357564
-0.8983730433
-0.1045642498
-1.0249531106
0.8492163643
0.7781003821
-0.4005299770
-1.2904900819
0.4977942621
0.5796842464
-3.0058944385
-1.3555691390
0.1558577637
-0.3672122925
1.2483590180
0.8842088468
0.4122379688
-0.1306782077
-0.0718338702
0.4609811693
0.0159829987
-0.3904688716
1.5341170200
0.2462951173
2.3702414139
-0.0703680021
-1.0929780265
1.6254655820
0.2264497830
1.4637446445
-0.9918125693
-0.5901452398
-0.1332133411
