15 2 0.12
50 0 5 0 7 0 9 1 4 1 5 1 7 1 9 1 10 2 3 2 4 2 6 2 7 2 8 2 9 2 10 2 11 2 12 3 1 3 2 3 3 3 4 3 5 3 6 3 7 3 8 3 9 3 10 3 12 4 0 4 1 4 2 4 6 4 8 4 9 4 10 4 11 5 5 5 6 5 7 5 8 5 9 5 10 6 6 6 8 6 10 7 8 7 9 7 10 8 8 8 10
68 0 7 1 6 1 7 1 12 2 7 2 8 2 9 2 10 2 11 2 12 3 7 3 8 3 9 3 10 3 11 3 12 4 3 4 4 4 5 4 6 4 8 4 9 4 10 4 11 4 12 4 13 5 0 5 1 5 2 5 3 5 4 5 6 5 7 5 8 5 9 5 12 5 13 6 2 6 3 6 4 6 5 6 6 6 7 6 8 6 9 6 10 6 12 7 3 7 4 7 5 7 8 7 10 7 11 8 3 8 4 8 5 8 7 8 8 8 9 8 10 9 1 9 2 9 3 9 8 9 9 10 7 10 8 11 8
3 0
1 1
0 0 0 0 0 0 0 0 0 0 0 0 0 0 0
0 0 0 0 0 0 0 0 1 0 0 0 0 0 0
0 0 0 0 0 0 0 1 1 0 0 0 0 1 0
0 0 0 0 0 1 0 1 1 2 1 1 1 1 0
0 0 0 0 1 1 0 1 1 2 2 1 1 1 0
0 0 0 1 2 1 2 2 1 2 2 2 2 1 1
0 2 2 2 2 2 1 2 2 2 2 0 1 1 1
1 1 1 1 1 1 2 1 2 2 2 2 0 1 0
0 0 0 0 1 2 2 1 1 2 1 1 1 0 0
0 0 0 0 1 1 2 0 2 1 2 1 0 0 0
0 0 1 1 1 0 0 0 1 2 2 0 0 0 0
0 0 0 0 0 0 0 0 2 1 1 0 0 0 0
0 0 0 0 0 0 0 0 0 1 0 0 0 0 0
0 0 0 0 0 0 0 0 0 0 0 0 0 0 0
0 0 0 0 0 0 0 0 0 0 0 0 0 0 0
-2.2133690907
0.2732169304
0.6878105787
-0.3039359051
1.6225802444
-0.2241803947
0.0506013350
0.7657565237
-1.7503505819
-0.2843577312
-0.3270649995
-0.6390995797
-0.2936040470
-0.6616091578
0.8737000708
0.1850769206
2.0042647249
0.9460988897
0.2269038226
-1.4255322066
1.0878861829
-0.7235116860
0.2300810662
-2.0869110386
-0.0567921695
-1.2842213905
0.1847038945
-0.2545349601
0.6671163134
-0.3252855816
-0.1896946747
0.2799608692
-1.8699453715
-1.1018913464
-1.0491485039
0.4723048493
2.1068780402
0.0631743706
-0.9315681775
0.6765530167
3.6641543884
0.1231344117
-0.0701435091
-0.0721311967
0.3283877887
-0.1283840331
-1.4626047000
-0.2130733356
-1.2743117310
1.9986848628
-0.5887185435
-0.6945933841
-0.5491175576
-0.4349399025
-0.5829099556
-0.5676639639
-0.5545062558
-1.8091573259
-0.1434759116
1.1083038405
0.2009515577
1.0972761964
0.5194722111
1.5141268293
1.2486033787
-0.0054428516
1.9886879432
0.4208469086
-0.9827736384
0.8696829481
-1.8459425798
0.0164531546
-0.5369155202
-1.1855322888
2.8234878153
-0.1801903146
1.0643960258
0.3343515056
-0.1571255482
0.1157988907
1.9490112670
1.0439387868
1.5043616178
0.1141115603
-1.0868646311
1.3065019307
0.9284994892
1.2122257120
-0.6165889091
0.4832083120
-0.8808507960
0.1744077823
0.4977398039
-0.1479371097
-0.8253923913
0.9231988753
0.5770952926
3.1659578349
0.6279722135
0.0987149382
-0.7019679830
-0.3573769004
0.8325164702
1.4261232758
-0.7704803227
-2.0128538523
-0.8324540011
-1.2012614818
0.1063987645
0.3866095083
-0.2050265070
0.7653958841
-0.9829824267
0.9905732730
1.4386636956
0.3150673535
0.9004154565
-1.3793158696
1.3057485536
0.6955497361
0.4987512462
0.1874587347
0.5230275585
1.2881392250
-1.9425126231
-0.1259407628
1.0346072409
0.2002403799
0.4378800683
-1.0338346957
1.1944259925
0.0938579503
0.4461475726
0.2447013539
0.3178399900
0.5822112726
0.3809714693
0.1077198566
-0.0000715244
0.1256376359
-1.9317986717
1.0914974218
-1.6837852646
0.9537505456
0.0706440483
-0.2556584973
-1.2740131254
1.0119551472
-1.9785999571
0.9028163985
-1.7980650708
0.1975825380
-0.0840271782
0.8080334493
0.9201723404
-0.5741118946
2.0689812101
0.5238999412
-2.1639915839
0.7675177258
-0.3567376636
1.6429986536
-1.2226963042
-1.1870336458
-0.7920076758
-1.0992338477
1.8835178460
-1.1794050089
-0.0099489925
-0.2225056685
0.8424853638
-0.9264713918
-1.0745468587
1.5282193085
0.1070596054
0.4350790541
0.0556451299
0.6490301965
-0.8623104212
0.1410505572
1.0289316547
-1.9090269724
-1.8686432181
-0.1169664557
-0.1425470048
0.0493583640
0.8266096859
0.9438253478
0.5365175896
-0.5598418196
0.1270355204
-0.1746803473
1.1483093534
-0.1594041685
1.0288961191
-0.1231548133
0.1525382964
1.9308901539
2.2768988308
-1.1546558517
0.5546074577
1.2102008397
-0.2475280645
0.0126944629
-0.5030010723
0.7761845286
0.1906998095
1.1858089995
-0.2955752952
-0.4650526942
0.5467475436
1.4307933699
-0.5121725364
0.7565532801
0.0820577202
0.1363463240
-0.0900264670
-1.8758766491
-0.3727688221
0.5130915469
1.1589688840
-0.0745085420
-0.0393171047
-0.5500299110
0.0974137889
-1.3277414358
-0.0538315311
0.5286082070
-0.3941639149
0.4228046435
-0.3506910782
0.1001411339
0.4095011951
0.8583242471
-0.5455876248
0.4894214815
0.1312832671
0.8007565118
1.5185835883
0.1287734706
2.1398231287
-0.5226115162
0.8418016534
0.7805370948
-1.2483425500
-1.4306073516
-0.3170426959
1.1748486580
-0.9100230124
0.0317502302
-0.0666318366
-0.2978347080
0.3645433640
0.3129634736
-0.2096817733
0.0658585584
-1.5198810484
-1.9249946623
0.3782170294
-2.9441025985
0.1411784919
-0.1281761090
-0.9235233103
0.0795220215
-0.5519496397
0.6971255141
-0.7951531957
-0.0383801825
-1.0913227480
-1.1896917386
1.3430074916
-0.5811313078
-0.7741967594
-1.3083136754
-1.2315055144
1.5283233145
0.4301872004
0.9232608643
-0.5190534180
1.4107171729
0.4587298053
0.4705783419
-0.7677096812
0.6421184265
0.5719378028
-2.3982959402
0.4281963876
2.0196975131
0.7457191457
2.2637436616
0.0222668342
-0.7670585365
-0.1383539436
1.7279660868
1.1894701543
0.8440070009
-1.4270912882
0.7871272955
-0.6162527842
-0.0358967989
-0.3959132618
0.4647406877
1.6287963049
-0.7159749403
0.3266270284
-2.0959320731
0.9703622749
-0.2559694130
-0.6321112150
0.3007891676
-0.5550800140
0.4239611929
1.5767377186
1.6957253516
0.0176996749
0.7773925278
1.1287419459
-0.1385434982
-0.1378516001
-0.5001181700
0.4625945946
-0.2844786574
-0.7834052336
1.2290672951
0.2958279238
0.9261509040
-0.9487709882
0.7882780304
-0.0900886274
0.2378353845
-0.4127510864
1.6985807809
-0.9341950796
0.2863106158
1.1322091754
-1.2042940608
-1.2678983570
-0.2395231724
0.5157077772
-0.9927484084
0.2698359742
0.7736193091
1.4812740678
0.7788256352
0.9784961080
0.0855325694
-0.7520352341
-0.4769587905
2.3559490256
0.7277729597
-0.4956046983
0.5531507219
-0.3139224045
0.6320834316
-0.2109604926
0.7848157246
0.3327973295
0.3692206221
0.4559643223
-0.5551497921
-1.6493315243
-1.2806824905
0.7284087066
0.0235506944
-0.8326728919
-1.1187398104
-0.5869873075
1.1945984311
0.6651561203
1.0164236208
0.4194296950
0.3876330860
-0.7570309494
2.3704750548
0.2389238877
-0.1880050451
-0.3858282411
0.4497058201
-0.5610211318
-0.2844700909
-0.7769406532
-0.7595786524
0.0431482881
0.0165119334
0.4290956081
0.7475643932
0.2697169764
1.1190616330
-0.7226112694
0.7387050704
1.0809142611
-0.0952421887
0.4785442462
1.0870985776
0.2862893773
-0.7689166203
0.8111555985
-0.9568210116
0.5063136749
0.1463758511
1.7453127798
-0.1089256658
-0.6675277767
0.6609287193
0.1080776436
-1.0623753626
-1.9448071836
1.4146481699
1.4253354551
0.2513196205
2.2155600826
1.6727802278
1.0142013253
0.5051206087
0.8294681300
0.8408341545
0.4346024247
-1.5199022961
0.0911169427
-1.1683855342
0.0400224174
-0.4662243046
-2.2864494169
-1.4401338104
0.2769638538
-1.4842163347
0.4762298151
-0.8628275811
-1.0844479977
0.0930287295
-1.3631349583
0.6093606744
-0.7636519922
-1.0458386941
-0.0857578823
-0.2828782384
-0.5049619619
-1.0543747128
-0.2893524328
-1.0187070166
-1.3605848492
0.0171709974
-1.0901984505
2.0590485961
0.1503679535
-0.7298367301
-0.4716309265
0.4537733982
0.2831035255
-0.2921608326
