14 5 0.01
6 0 0 0 1 0 2 0 3 1 1 2 1
9 0 1 1 0 1 1 1 2 2 0 2 1 3 0 3 1 4 1
13 0 3 1 0 1 1 1 2 1 3 2 2 2 3 2 4 2 5 3 0 3 1 3 2 3 3
4 0 0 1 0 1 1 1 2
14 0 3 1 3 1 4 2 2 2 3 2 4 3 1 3 2 3 3 4 0 4 1 4 2 5 0 5 2
9 8
4 2
0 1
9 11
0 6
0 0 0 0 1 0 0 0 0 1 0 0 0 0
0 1 1 1 1 0 0 0 0 1 1 0 0 0
0 0 0 1 1 1 1 0 1 1 1 0 0 0
0 1 1 1 1 0 0 1 1 1 0 0 0 0
0 0 0 1 0 0 1 1 1 0 0 0 0 0
0 0 1 1 1 0 1 0 1 0 0 0 0 0
0 0 1 1 0 0 0 0 0 0 0 0 0 0
0 0 1 1 0 0 0 0 0 0 0 0 0 0
0 0 0 1 0 0 0 0 0 0 0 0 0 0
0 0 0 0 0 0 0 0 1 1 1 2 0 0
0 0 0 0 0 0 0 0 0 1 0 1 1 1
0 0 0 0 0 0 0 0 0 1 0 0 0 0
0 0 0 0 0 0 0 0 0 0 0 0 0 0
0 0 0 0 0 0 0 0 0 0 0 0 0 0
-0.9729110423
2.0661692019
0.0396413245
0.0198550698
-0.5036797031
0.3799875189
0.7271884617
-1.4958109828
0.7239776783
1.0991187248
-0.8359717892
0.2877828713
3.2397423026
0.2736591798
0.0305508658
0.6569692398
-0.3855646560
1.8847409021
-0.8604910007
2.1675468496
0.4523260150
-1.3580890856
-0.8540586489
1.2485127376
1.0088370277
0.4894555033
-0.0279857915
-0.5174177012
-1.8723009356
-0.2492612635
0.2140477507
-0.3218944036
-1.0686266923
0.9474610758
0.2995776985
0.0225070094
-0.0993044279
-1.2894019468
1.1231533229
0.0909683429
-0.0033801400
0.1806873790
0.2906641215
-0.3197329424
-2.0188320354
0.6826313119
-0.6839727161
0.9615023839
1.3842276460
0.1753031383
0.0988601377
1.0124019069
-0.6552197929
0.3792945431
-0.9915330594
0.9036388081
-0.1281655091
0.0309140825
0.3483267271
0.1983701920
0.7728886001
-1.5440954024
0.1282729413
-1.0256004274
1.5987239481
-1.2772027779
-0.9335917752
-0.1917631959
-0.8096515794
-1.6161192001
-0.7028509581
-0.5102221107
-0.1869960717
-0.3632483863
1.2665096175
0.4800273545
1.2091585985
2.1062475505
0.3507808815
-1.5321221763
-1.7058573734
0.0452058613
-0.1124649789
0.4865569719
0.1357142866
-0.5077840807
1.3445046906
-0.2598612750
-0.1788913638
0.0457473069
1.6389209868
1.7529005080
-1.1226076710
0.5141688208
0.0450924503
2.1810019492
-0.5109241665
0.8524228818
0.9824591162
0.0060591451
-2.5681895985
0.4582651787
0.1926510091
-0.9960434267
-0.3702064196
0.8347576621
1.6758044332
0.0192269292
-0.5137098798
0.1738696234
-1.5821774489
0.3871849202
-0.2005893358
-2.5259542284
-0.9266213039
1.5423824954
0.6690617067
-0.1738906952
0.6159272640
-0.5986269489
-0.8258406059
0.6008231456
1.3274017869
-0.6586770823
-0.2628319772
0.0937819650
-1.6316061067
-1.1813371359
0.0328285865
1.3819021837
-1.5545002870
0.1938091838
-0.1382894332
0.2334434211
-0.0415177379
0.1002333956
0.3488073733
0.2091416833
0.4646093634
-0.8622121850
-0.4084920182
0.8128844397
-0.4911660010
-0.4673434353
-0.9707705547
1.0786086481
-1.7520457856
0.7463537274
-0.0224148017
-1.9530714946
2.4966815834
-0.4374913267
1.4194878750
0.7276724552
-0.4860251802
1.7853559339
-1.9813310230
0.1028950503
-0.8222408302
1.2713447059
1.1017633419
0.9615087913
1.3058418124
0.3445065066
-0.0998649767
-2.3262851736
1.7691418199
-2.1457240721
0.3428559182
-0.3409645369
-1.3761468080
0.9317498596
-0.0608349108
0.2889289452
-0.3543850247
-0.0028600335
0.2806681307
-0.0497765908
-1.3086164820
-0.8973456796
0.0834746418
-0.1692231902
1.1275037901
0.5652146853
-0.0438193460
-0.7521894329
-1.2647329740
-1.1248102676
0.1089411994
-0.6506614934
0.6678547527
-0.9120683298
0.2638867593
0.8543821614
-0.7810363596
1.0829466072
0.4729866452
0.7848335007
1.9372362106
-0.0689642206
-0.8783639453
-1.2526070154
1.6073920650
-0.6481884627
-0.9847291034
1.9068225494
1.1418706986
-1.7909090732
1.5247470354
0.4462983896
-0.5275414690
-1.5028713506
0.7428843709
-1.2539382336
2.3440078703
-0.6658487227
-1.0404084661
-0.4595245247
-0.0688848882
-0.4440717255
1.2283806968
-0.6463302186
0.6823151933
0.2071473755
1.0956455319
-0.6880888552
-0.7557625178
1.2204260175
-0.7460190533
-0.5668362912
0.1420672715
-0.0008209082
0.4256221813
1.6560061016
-1.6685058871
-1.7284568484
-0.2663989652
-0.6198984746
-1.1946360672
-0.9849577668
-1.6875992461
0.4380061438
0.4793100212
0.4559291798
0.7025504312
1.1470908324
-0.9616954228
0.2425227551
-1.0972322359
-0.0173624776
-1.2801155868
0.5812812588
-0.9546631170
-0.3844623261
-0.2507043348
-0.2702885373
0.2600802119
-0.2357279232
-0.5490020293
-0.2339682649
0.1112690540
0.7586185008
-0.9429264438
0.9698125823
0.3459783626
0.0374651568
-0.1048756141
0.5649918918
0.5064074427
-1.7831152341
0.2618087884
0.5314633557
0.6784054357
-0.0564421922
-0.4637211549
0.6495986732
-1.0195770623
1.6627751579
-0.3379084645
-1.5070548638
-0.4637343091
-1.3896358666
1.4738157598
0.4234782576
0.5429829034
-2.5323589456
1.5115399810
1.1556890393
1.4173670605
-0.5569394883
0.5766859104
0.2263447478
0.9264072541
-0.9610894104
-0.2307094673
1.1203701747
1.5413213941
-1.3169869735
0.2284461864
1.8877276140
-0.0877808492
0.7207560187
-1.3289191076
1.3604218790
-0.5602630356
-1.1474737346
-0.1428412430
0.2046547786
0.9624534367
-0.8926616876
-0.7725296059
-0.2684072916
-0.3438423678
0.5482586304
-1.4316822339
-0.4303093459
1.1322394948
-0.0934113149
-0.3686468099
0.6892105935
-0.0866247220
0.4593247516
0.0319602998
-0.5747856029
0.2416586799
-1.2524386019
1.7724302590
-0.3523787914
0.7536610491
0.1216611748
1.3624466298
0.9476220137
2.1184097038
0.1705367900
0.3618729953
-0.1222981427
-0.2385606595
0.0991195420
0.5517135928
-0.4494674647
-1.2878404119
-0.2606376647
-0.9907050707
-0.7181398473
0.0844756842
-1.1197963232
-0.7628032741
-0.4483642252
1.8357619321
1.2104857093
-0.1707722531
0.6529538291
0.5377546309
0.5041325104
1.9949171708
-1.2397205858
-0.6692995534
0.0369458144
-0.1252199832
1.0636154623
1.5966519546
0.8074614507
0.4496973588
-0.4417912980
1.7812443630
2.6950726155
0.7319686822
0.1721008404
1.3035446805
0.2577375316
-0.7045816197
-0.0123917687
0.7854364035
-0.0210095499
0.5646076980
1.0417619938
0.0001414318
-0.4586927013
-0.1894096215
-0.1303817033
0.9996499355
-0.7427303139
-1.3753636711
-1.3384517694
-0.0784031626
1.1683091280
-1.7133086549
0.1059716346
-0.1181208905
1.1545755232
0.6290245127
-0.2818665231
