17 8 0.16
21 0 1 0 2 0 3 1 3 2 1 2 2 2 3 2 4 3 0 3 1 3 2 3 3 3 4 3 5 3 6 3 7 4 0 4 1 4 4 4 7 5 4
24 0 1 0 2 0 5 1 2 1 3 1 5 2 2 2 3 2 4 2 5 2 6 3 3 3 4 3 5 3 6 4 1 4 2 4 3 4 4 4 5 5 0 5 1 5 4 6 1
23 0 2 0 3 1 2 1 3 2 2 2 3 2 4 2 5 3 0 3 1 3 2 3 3 3 4 3 5 4 1 4 2 4 3 4 4 4 5 5 2 5 4 5 5 6 5
20 0 3 1 3 2 0 2 2 2 3 2 4 2 5 3 0 3 1 3 2 3 3 3 4 3 5 4 1 4 2 4 3 4 4 4 5 5 1 6 1
21 0 5 1 4 1 5 2 2 2 3 2 4 2 5 2 6 3 3 3 4 4 2 4 3 4 4 5 0 5 1 5 2 5 3 6 0 6 1 6 2 7 0
11 0 2 1 0 1 1 1 2 2 2 2 3 2 4 3 2 3 3 3 4 4 3
12 0 0 0 1 1 1 1 2 1 3 2 1 2 2 3 2 3 3 4 2 4 3 5 2
21 0 1 1 0 1 1 1 2 2 0 2 1 2 2 3 0 3 1 3 2 3 3 4 1 4 2 4 3 4 4 5 1 5 2 5 3 5 4 6 2 7 2
6 2
2 8
9 8
3 8
8 7
3 0
8 11
5 8
0 0 0 0 0 0 0 0 0 0 0 0 0 0 0 0 0
0 0 0 0 0 0 0 0 0 0 0 0 0 0 0 0 0
0 0 0 0 0 0 0 0 0 1 1 0 0 1 0 0 0
0 0 1 0 0 0 0 0 0 0 1 2 0 1 0 0 0
1 1 1 0 0 0 0 0 0 0 1 2 1 1 1 0 0
0 0 1 1 1 0 0 0 1 1 1 2 2 2 1 0 0
0 0 1 2 2 1 0 0 2 3 3 2 2 2 0 0 0
0 0 0 1 0 1 0 0 2 3 2 1 2 1 0 0 0
0 0 0 1 1 1 1 0 1 3 1 2 2 0 0 0 0
0 0 1 1 1 1 1 1 1 3 2 3 3 1 1 0 0
0 0 1 1 0 0 1 0 0 3 3 3 3 2 0 0 0
0 0 0 0 0 0 1 0 0 0 3 2 1 2 1 0 0
0 0 0 0 0 0 0 0 1 2 3 2 1 2 1 0 0
0 0 0 0 0 0 0 1 1 2 2 1 1 2 0 0 0
0 0 0 0 0 0 0 1 1 1 1 0 1 1 0 0 0
0 0 0 0 0 0 0 1 0 0 0 0 0 1 0 0 0
0 0 0 0 0 0 0 0 0 0 0 0 0 0 0 0 0
1.6859776283
-2.1391502761
-1.1027505720
0.2098643803
-0.4222968107
-0.3638898384
-0.7320162541
2.2386530080
0.3509590073
0.8736666523
-0.8828909794
-1.2769607914
0.1392573381
-0.1133542166
-0.1409400320
-1.0163305900
0.3076688428
2.4533229787
1.0771576547
-2.1397761251
-0.6225434889
-1.6125053173
-1.0070260707
0.6446377455
0.3467245282
0.2350482400
0.3322130384
0.9190043721
0.5786589163
0.5842064525
-0.6809578141
-0.1335377698
-0.6594005691
1.4818264031
-0.4494687581
-0.0002446859
-0.6936598905
-0.7377632445
0.8419725945
0.8052266407
-0.0607664082
2.4869356200
2.0480003383
0.8309547329
0.6151664852
-0.0291683691
-0.6800722547
1.6225933690
0.8389376431
-0.9578918459
0.5455916429
0.1759354732
0.0150737201
-0.4096848792
0.6342475273
2.2545951538
0.9431841572
0.6945721742
0.7260784072
-0.8873111703
1.0729428288
1.2295777824
0.0709403832
-0.4282189299
0.9002320048
1.3536894164
0.8570703034
-0.3781936085
-1.8619588780
-1.8791449710
-0.0079776064
0.5746839797
0.3325077991
0.6941037073
0.0460825921
1.4782024430
0.7651355752
0.4514198990
-0.3932289933
-0.0830870502
2.1117180800
-0.6112418028
-0.1068554519
0.2868012159
2.2644686497
-0.2703210955
-0.4025195333
-0.4225117778
-0.4116671502
-1.8605796471
0.4348451363
-0.2406202790
-0.5715772111
0.6458618674
0.6459425625
0.9360901586
-2.0824376520
1.2739600376
-0.4549165238
0.9293325874
0.6643928776
0.2446326244
0.1732532901
2.0245470422
0.1518500244
0.7056547609
0.4835948966
0.5944732390
-1.2865796985
0.5539945856
-0.5905737646
-1.4095216593
1.4755344631
0.2607552436
0.3829262980
0.6482703013
2.0961827324
0.0962161352
-1.6666794234
1.2628331675
2.2996707921
0.7817938906
-1.5929888525
1.0108682319
-0.0105192847
1.8209933328
2.1523566799
1.0559290154
-1.7999500998
0.1293345300
-0.6849672188
-0.5572140260
0.7321324427
-0.2236613313
0.7730853741
-0.5173852925
0.1685809623
-0.2806612990
-1.6248949606
0.5088957964
-0.0344513190
1.0642910269
0.0033847829
-1.2659186445
-0.2538796843
0.6862550436
1.1435755212
0.7010833632
-1.4242841633
1.1923645465
2.3418322782
0.6063888298
1.9064725880
0.2203851005
-0.4092304894
-1.4267443661
0.0391415892
-0.3500185361
-0.8264561509
0.8115247225
0.2081946977
0.4176713485
0.0716986128
1.9775393889
0.2583522555
-1.6778994987
1.1764214804
-0.9278929795
-0.0685100878
0.4224175082
0.2284464232
0.6269470295
0.0705918890
-0.5081292410
-1.8815971847
-1.2954971169
0.7414585794
-0.3123787938
0.8492060919
-1.3664558413
-0.0380013336
2.9156739265
-0.6358160727
-0.1024798943
0.6660459748
-0.4556141929
0.0762232986
0.3247966911
-0.7279547737
0.4652117891
0.3791870849
-0.5009033433
-0.5737378264
-0.1960338154
0.3385122630
-1.3903021041
1.6788173503
1.5678191733
-1.9953035024
0.4502211553
0.9066602017
0.6752339423
-0.8033040301
-0.1900910755
1.6411432289
-0.7182844573
2.8224142964
-1.0131879924
-0.4503638365
-0.2566624935
0.4975243739
1.0051410591
-1.6471488710
-0.2016492586
-0.4478328595
-1.2187821305
-0.5153337206
-0.7715961709
-1.5117966938
-0.0945326426
-0.8405579393
2.2757026800
1.4350993934
0.5285282026
-0.9777336893
0.4126084792
-0.2262876017
1.3018365208
0.6563962505
-0.9194261723
1.4324498985
1.3175476044
1.6146225018
0.0520460998
-0.9985177543
2.8858449613
0.7438413226
0.7262891275
0.3337775251
-0.6636117814
1.9857711919
-0.0459874399
0.6407433505
-0.1782847315
-2.3570780813
0.2331560730
-1.4578368208
1.1215753940
0.7207582240
1.9052626491
-1.2063498643
-1.8063041655
-0.0349375715
-1.0434226187
0.7021430702
0.3500293820
0.9037490778
0.2966043876
0.7462038098
1.3239886876
0.3597134303
-1.9914020677
0.5932221161
-1.5591299543
1.1140341863
-0.1107304107
-1.1441210997
-1.7308565898
1.0512619105
-0.8201978613
0.3824815325
0.8840626049
-0.0368155024
1.4502188008
-0.6666760728
0.8570632378
1.3268944016
0.9331155325
0.7965210158
-0.0275456544
-1.2441528319
0.6179707077
-0.4004459575
-1.1613535410
-1.5191903421
0.1035367436
0.0237754902
1.0572685780
0.3295948003
0.5061046152
0.3241969518
-0.4006209256
-0.0538797586
0.7861313160
-0.3269006901
2.1673533043
1.1210883830
1.8368437360
-0.5869497302
0.4878273654
-1.0905378154
-3.0850392694
-2.2602756918
-1.9811373796
0.6133248017
-0.8788764645
-0.2936798007
-0.0552280073
-0.3397932192
-0.6699407846
-1.1187828863
1.8260083048
-1.6835528140
-0.4725800105
-0.0311846645
-0.0459054549
1.1941262920
1.1431186219
-0.6273901430
0.8043269665
0.9766084174
-1.8131398419
0.6265859603
-0.7496227457
-1.5439997691
0.4130707156
-1.0446560523
0.7623088889
-1.3045127461
-2.8059589908
0.1683116938
0.8555095036
-0.7227298445
-2.0892828145
-1.1184736088
-0.7061154757
1.1488421825
0.2706871164
0.2767473229
0.4402779107
-3.9229128831
-0.3636528751
-1.5272816095
0.9942231176
0.8996268184
1.2360091201
-0.6352297684
-0.6699494046
-1.2602711906
-0.8309372314
1.3064149164
0.6019803296
-1.4460125316
-1.1248797232
-0.7003899829
-0.8181010759
-0.0367448391
-1.4718196327
1.2693024579
0.9975640996
-0.3775451118
-0.3586732480
0.7567386855
-0.0665849888
1.6133891091
0.3773010675
0.3200230374
1.0841907375
1.3522793004
-1.4955876196
-1.3189501126
-2.1501057022
1.5497611173
0.1381830286
-0.1132200753
0.8369217813
-0.6959339345
0.8565620502
0.9062869485
0.5058305114
-0.7370660394
-0.9804992566
0.0739549934
1.6690068286
-0.1557456598
0.0652103872
-0.3855185420
-0.4735546588
0.1833466419
-0.5001598137
-1.5545144239
-0.1374354504
0.2633463805
0.2351138442
0.1164974396
0.9315823594
0.6240783379
0.5675081106
0.5368518919
0.7024756019
-1.7716089801
0.6571395003
-0.5411761459
-0.5047979951
-0.6670908329
-1.5118930398
0.3891753937
-0.7691478834
-0.7603262626
-0.1355300052
-1.0991637757
0.5573349683
-0.5425237354
0.5786311028
2.2166023762
1.6130059025
-0.8953174126
-0.0325755943
1.2685225972
-0.5946036144
1.0449056711
0.4768158792
-1.0523184160
0.2459917900
1.6850535540
0.1011595359
0.3389023225
-0.2027174556
-1.2229403096
0.7287111471
0.2537028154
-2.0788165392
-0.9571151805
0.0527841324
-0.2432645519
-0.8477960543
-2.0916994696
-0.2705940188
-0.0447061626
1.9876126567
-0.3391172583
-0.7499312406
-0.7694848367
-0.2093976834
0.3789013001
-1.4692066642
-1.0800822436
0.4989062572
1.0708222627
-0.5708217890
-1.5766066909
-0.9212596737
0.6581517495
-2.1261221259
-0.5303201948
-0.5018262536
0.5301100253
0.7259534497
0.0163355990
0.3242519753
-0.1272491343
0.2388137573
-2.1684027007
-0.6884312061
0.2546345417
0.6863678643
0.2251805927
-0.8644026020
0.5123431768
-0.4692756913
1.1306980125
-0.0899520494
0.7844768410
0.7303927963
0.1688023015
-0.9769168072
0.6973006729
0.4869710214
-0.4014926684
-1.1328479336
1.2039288283
-0.1847039556
1.4956504885
-2.4955288152
-1.5792408488
0.8885523982
0.2464834053
-0.7898997698
-0.8190913373
-1.1202393188
-1.0786070204
0.3752161600
0.6549595746
1.5306125165
0.9065172003
-0.2067933962
-1.2464584179
0.9481480921
1.0991194789
-0.2530101358
0.3800832816
0.6851463743
-1.6920253200
0.5437607957
0.4858356073
0.0096829448
-0.0980350548
-1.0369406935
-0.4674706121
-0.8250668027
-0.8950366511
-0.4281089931
0.6005697396
1.5286897966
0.2456822135
0.1822210796
-0.6715775933
-0.3743016035
-0.1273981866
0.6721152959
-0.8354850363
0.7560073546
0.0133636973
-0.3098881833
0.2433614497
-0.6989810492
-1.0674731855
-1.1165111796
-0.6881189376
-0.8831310546
0.9795242837
-0.3306827589
0.9996225256
1.5385370636
1.2561756445
-0.3721640352
-0.2976700785
-1.1602200112
1.3820636452
0.3987525578
0.4651920964
-1.5546828616
-0.4376769148
-1.1873433831
-1.2223274621
-0.1183200102
0.3018641889
1.1684379367
-0.0215254229
-0.9541007876
-0.2135670673
1.5767168956
-0.3682256517
2.5116579936
0.2656727634
-2.0756189664
1.0475450153
-0.8228364027
0.1968934051
-0.7613918280
-1.4349158601
-0.5280954420
0.6849491540
1.5083277540
-0.6527425421
-0.7109783078
-1.0774614140
-0.3810903512
0.9510123641
1.4265631058
1.0449563089
0.4301740935
-2.1669233831
0.4888897944
-1.2581925391
-0.7331773566
-0.2087222675
-0.5864166373
