15 3 0.10
30 0 1 0 2 1 1 1 2 1 3 2 1 2 2 2 3 2 4 2 5 3 2 3 3 3 4 3 5 3 6 4 0 4 1 4 2 4 3 4 4 4 5 4 6 4 7 5 0 5 1 5 2 5 3 5 4 5 6 6 3
32 0 3 0 5 0 6 1 3 1 4 1 5 2 1 2 2 2 3 2 4 3 3 3 4 3 5 4 1 4 2 4 3 4 4 4 5 4 6 4 7 5 2 5 3 5 4 6 1 6 2 7 0 7 1 7 2 8 1 8 2 9 1 9 2
37 0 0 0 1 0 2 0 3 0 4 1 1 1 2 1 3 1 4 1 5 1 6 1 7 2 1 2 2 2 3 2 4 2 5 2 6 3 0 3 2 3 3 3 4 3 5 3 6 4 0 4 1 4 2 4 3 4 4 4 5 4 6 5 1 5 3 5 4 5 5 6 1 6 5
6 6
4 6
3 4
0 0 0 0 0 0 0 0 0 0 0 0 0 0 0
0 0 0 0 0 0 0 0 0 0 0 0 0 0 0
0 0 0 0 0 0 0 0 0 0 0 0 0 0 0
0 0 0 0 1 1 1 1 1 0 0 0 0 0 0
0 0 0 0 0 1 1 1 1 2 1 2 1 0 0
0 0 0 0 0 1 1 1 1 2 2 1 0 0 0
0 0 0 0 1 0 1 3 3 2 2 0 0 0 0
0 0 0 0 1 1 1 2 2 3 2 1 0 0 0
0 0 0 0 0 1 0 3 3 3 2 2 1 1 0
0 0 0 0 0 1 0 0 2 3 2 1 1 0 0
0 0 0 0 0 0 1 2 2 1 1 1 1 1 0
0 0 0 0 0 0 2 2 2 1 1 0 1 0 0
0 0 0 0 0 0 0 1 1 1 0 0 0 0 0
0 0 0 0 0 0 0 1 1 0 0 0 0 0 0
0 0 0 0 0 0 0 0 0 0 0 0 0 0 0
-1.4052566016
1.1361477549
1.3535700738
-1.2544439964
-2.1949967391
-0.1119237314
0.6240839551
2.0751196704
-0.0070386688
-2.1192425404
-2.5452218355
1.4380716388
-0.0116970699
-0.1143089226
-0.5623387501
1.2206044599
0.6959736927
1.5558273058
-0.9367864750
-2.3268336458
0.6230672279
-1.3200590108
-0.6710021892
0.2804562326
0.5570886708
-0.5524773160
-0.1784673960
-0.5298963706
-0.8688171252
-0.5173450798
-0.8769645390
0.1501689663
1.4724181542
-0.3099644260
0.6313627566
1.6912668704
-2.0517467207
-0.1106077743
1.1317507072
0.3658013061
-0.9642247490
-1.4820722979
-1.1098697744
0.9108602850
-2.1885538323
-0.1901640810
-0.9345642749
0.3424638761
-0.0571497843
-0.6777680887
-0.1532264778
-0.7106365664
-0.2472456228
-1.2458688087
-0.3527654331
0.4276807364
0.1987184722
-0.6398573966
-0.2745680591
0.7606497757
0.4115226853
1.1611331651
-1.2780013319
1.0463550161
1.0089859910
-0.6394780963
-1.5024176835
0.4962407494
-0.1523892821
-0.1943296653
-0.5785932193
-0.7558911227
-0.1157902431
-0.3475555860
-0.8647963055
-0.8607272166
0.3070764856
-0.5643369116
-0.8755134228
1.0752296106
1.6276998881
-0.2868918728
-1.0890855360
-1.0336622236
-0.8908176362
-0.2569010281
1.2091486229
0.1080561138
2.6150388862
-1.5245743079
1.1836507111
-2.1551076334
-0.1137375094
-0.0575400904
-0.6412402077
0.1094896081
-0.3367420409
-0.3450149150
1.5017367882
0.6490758184
-0.0776446518
0.5111118071
2.8218770086
0.4387776031
0.7189242896
0.0621037638
-0.2162109360
-0.4055013221
-0.1765095272
1.5939388764
0.8815623064
-0.0277814769
0.4446654205
-0.3357189762
1.5228826716
-0.0097925399
0.3272330029
-0.6256446793
-0.0092206997
-0.4056778182
-0.2203790194
-0.4912664559
-0.8278820825
-0.2723562841
0.0848702734
0.2362850221
1.9801724002
-0.2268483296
1.5572981097
0.3032386111
-0.5499113006
0.9148821611
1.7780483158
0.7125064952
-1.8570179840
0.2585679703
0.8242171794
-0.2345031185
-0.1543857474
-1.0078395127
1.0164165005
-0.1917411233
-0.5903033980
0.0309944708
0.4400070761
-0.3998654509
-1.9836453112
-0.5738479157
0.5461515324
-1.3704640984
-0.2870055368
-0.2065218436
-0.9627314934
-0.2147778985
0.0848560699
-0.8720105796
0.7191285594
0.7883364186
-1.6207403495
-0.3845205214
-0.9985923692
-0.2797835799
-1.1267026771
1.1885914159
-1.1532384082
-0.8883724606
-1.2040958789
1.4403854619
0.1637318651
-0.5880353629
0.9441303133
-0.5572719264
0.1287063378
-0.1811788634
-2.9822557837
-2.4073646713
0.7533473468
0.1454420549
0.8738448420
-0.0603768929
0.9813660037
-0.0090478053
-0.5507267982
0.2632195849
-0.0605092559
-0.0837703814
-0.4068724374
-0.6931449651
-0.8455266117
0.3793486647
0.9214888813
-0.3051878166
-0.0939175692
1.3513948814
0.4967780087
0.8604257714
-0.2684158347
0.3398612650
-1.4755043295
-0.5246662542
-0.5664305907
0.2980433086
0.3831785439
0.9198130071
-0.9376833394
2.5585633365
0.7678501773
0.6481156362
-0.3151264362
-1.8731487953
1.6467914341
-0.6428279894
0.6204709352
-0.2836880363
0.8235377517
0.0253519178
-0.4257583338
-0.5555942037
0.9160454120
1.2596632686
-1.6070519337
-0.7171613681
-1.5803173168
1.2388215857
0.2549874250
0.7979951829
-0.2709602678
0.4579035000
-0.8631223198
-1.4455739096
0.4883932443
-0.2775027540
0.2167624209
0.5120904728
1.4391244538
0.6516126297
-1.1854199843
-0.3975034333
0.7681703935
0.2966093061
-0.5922015064
1.4586843470
0.5371464101
0.5669719339
-0.3210271563
1.7262172159
0.7456905510
0.6917451633
1.8813480504
-0.2658770268
0.3757285975
-0.1770785745
0.4542770825
-0.7706212401
1.1900417110
0.5293685221
-0.2129480514
0.8812328274
-0.4875906430
-0.6639895881
-0.5748868090
-0.2141042137
-1.0136535369
1.0519771182
1.1301766660
0.3776048469
-0.8882919119
2.3855231230
-0.5426327498
0.3537716661
1.1565533070
-0.8748334172
1.4520067798
1.5412972143
1.4010203816
-0.5000240158
1.1885141682
0.7992584066
-1.1770599083
1.0101190258
-0.7527414354
-0.1696940741
-2.0177174103
-1.2679333899
-0.7888945299
-0.9171852223
-1.4290065594
0.7093653405
-0.6482971123
1.3495504421
1.0499496853
1.1366446403
0.2013742708
-0.5884508076
-0.8325329033
-0.1733256198
-0.2325013057
-0.9324922532
-0.7563527688
0.6367569600
0.7355413895
0.1935280247
-0.1276311557
-0.9875697940
0.9860817489
0.5295439397
-0.5660907987
-0.9175092834
1.1964848831
-0.2927276852
-0.2296781648
0.0215306511
0.6913077762
0.4424094913
0.1802333067
0.3560661595
0.0370418673
-0.6152539054
1.0287406301
0.3393996721
-0.5955739544
-0.2149247753
-0.8213091308
-2.1977537446
-1.1888762483
0.4291902018
-0.7590831535
-0.0193702557
-0.8365785683
-1.5831604368
-0.1912933102
1.0535845276
1.8807236209
0.3005856287
-0.5259809453
0.6668973799
-0.6607862683
0.3678835962
0.4527362169
-0.7466718641
-0.4986156067
0.8719727761
1.1064518728
1.0500883650
-0.4117953380
-0.2043728627
-1.0099658421
1.0430295301
-0.4856585519
1.3300769504
-0.4890688800
0.7538091262
-1.2767417217
-0.3923692676
-1.4622822786
2.2190844995
-1.0396234555
0.9074836605
0.2854349837
-0.8035954086
0.4109084103
0.6058351706
-0.3681265650
-0.5487151060
-0.6550929713
0.3684704966
-0.2982270821
0.4987388364
0.7412167952
-0.7665068871
-1.2415944085
-0.7972375510
-0.8149413296
-2.7533719064
0.8436035139
-0.4939256679
1.5648181066
-0.6658524768
1.5990928770
-1.5792943954
0.8817044191
-0.4866481086
0.0849210364
1.0910943436
0.1805878807
0.2912343480
0.5421094886
-1.0912447113
-0.4574901177
1.2804739739
0.5884263522
1.4059597350
-0.9396040948
-1.1119924872
0.0659034961
-0.6971681122
0.0412217060
-0.3149697964
1.4738549570
0.1644255233
1.1104016905
0.5577568597
0.7649756510
0.4185825650
-0.2997138637
0.4305970696
-1.3455276227
1.2964293060
0.2874380090
-0.2526057943
1.1594878127
1.1236059399
0.1496436526
0.9097641734
0.1816578775
1.1231515695
-0.9175497763
0.6645932999
-0.1336609806
-0.8342456783
-0.9238111777
-2.1889444002
-0.2935675680
-1.1746104696
-0.3958088579
1.4482574232
0.8410542984
-0.7059447582
0.8122355369
0.5156313331
-1.8595612532
-0.9019303153
-1.2452475630
2.5976297724
0.1566179328
-1.6773306258
0.6237451212
0.9876747321
0.0731459319
1.1219693309
0.5666495677
-1.4015689749
1.0623870816
1.4244036350
-0.5732647060
-0.0461155421
-0.6842765057
-0.2493020314
0.2406138640
1.9911116997
