16 3 0.13
28 0 0 1 0 1 1 1 3 1 7 2 1 2 2 2 3 2 6 2 7 3 2 3 3 3 4 3 5 3 7 4 3 4 4 4 5 4 6 4 7 4 8 5 3 5 5 5 6 5 7 5 8 6 6 6 7
44 0 5 0 6 0 7 0 8 1 5 1 6 1 7 2 4 2 5 2 6 2 7 3 4 3 5 3 6 3 7 4 2 4 3 4 4 4 5 4 6 4 7 4 8 5 2 5 3 5 4 5 5 5 6 6 0 6 1 6 3 6 4 6 5 6 6 6 7 7 1 7 2 7 3 7 5 7 6 8 1 8 4 8 5 9 5 9 6
34 0 3 0 5 1 3 1 4 1 5 1 6 1 7 1 8 1 9 2 0 2 1 2 2 2 3 2 4 2 5 2 6 2 7 2 8 3 1 3 2 3 3 3 6 3 7 3 8 3 9 4 1 4 2 4 4 4 5 4 6 4 7 4 8 5 6 5 7
3 1
4 3
1 6
0 0 0 0 0 0 0 0 0 0 0 0 0 0 0 0
0 0 0 0 0 0 0 0 0 1 0 1 0 0 0 0
0 0 0 0 0 0 0 0 0 1 1 1 1 1 1 1
0 1 0 0 0 0 1 1 1 1 1 1 1 1 1 0
0 1 1 0 1 0 0 1 3 2 1 1 1 1 1 1
0 0 1 1 1 0 0 2 3 1 2 1 1 1 1 0
0 0 0 1 1 1 1 1 2 1 1 0 1 1 0 0
0 0 0 0 1 1 1 2 2 2 1 0 0 0 0 0
0 0 0 0 1 1 2 2 2 2 1 1 0 0 0 0
0 0 0 0 0 1 1 2 2 1 0 0 0 0 0 0
0 0 0 1 1 0 1 1 1 1 1 0 0 0 0 0
0 0 0 0 1 1 1 0 1 1 0 0 0 0 0 0
0 0 0 0 1 0 0 1 1 0 0 0 0 0 0 0
0 0 0 0 0 0 0 0 1 1 0 0 0 0 0 0
0 0 0 0 0 0 0 0 0 0 0 0 0 0 0 0
0 0 0 0 0 0 0 0 0 0 0 0 0 0 0 0
0.1745936813
0.5149505897
0.7783010595
1.0341197676
-1.2005146125
-0.9439539766
0.1059019812
-0.0016330001
-0.4082468047
-0.5311501094
-1.2090838133
0.2417073757
-0.1649510536
-1.3201935434
0.2278486844
-0.8485425222
1.6826100866
0.3843249059
-0.5742305828
1.4744836604
-0.5480856147
-1.5325981387
-0.5862078789
-0.6746426947
-2.1538643786
0.8871438189
-0.8138617747
0.2702985993
0.8205510804
-1.5106431495
0.6402805669
0.5854790894
0.7220242873
-0.7016598749
2.0581293454
0.9896995552
-1.5013929130
-0.8335058118
1.7897372047
-0.5165987375
0.8176200358
1.6115196548
-0.5640798033
1.4269670318
1.7257101232
-0.0176165440
0.5710536628
-0.4984133572
0.8335217008
0.3820825557
0.7255945931
-0.7139320001
-0.0159084839
-1.4926090093
0.1950750833
0.2573916019
-0.6375942402
-1.2406277951
-1.1067379225
-1.4964971861
0.9206636630
1.6233311002
0.9365409391
-1.6482302624
0.3299156895
0.7976125344
-2.3438885652
2.5013622145
0.3532461628
-0.3184506148
-0.3912540532
0.4185477176
-1.2238474930
1.1727084928
-2.1861117530
1.7278972776
-0.7662422402
-0.4950451173
1.8135439662
0.1383493558
-2.1922703964
-0.1829794714
0.3649327926
0.8332313570
-1.4858389275
-0.6821704814
-0.0694384634
-0.2044156196
0.1342692308
-0.3416147728
2.1881277763
-1.1913549664
0.8278408499
-0.4117729079
-0.5117423520
-0.8762258485
-1.2735924903
0.2727111922
0.8673424641
-0.0773354439
-0.5219731931
1.1722523206
-1.3053727342
-1.4865991637
-0.9175444271
0.9888445228
1.5207927408
1.1919611939
-0.2393411239
-0.6451753292
0.9546465182
-0.3904933385
-0.3534177456
1.5616186390
-1.4496767126
0.1273130875
-1.1043514011
0.8575165734
1.3472692505
1.7684318629
1.5432522844
0.5718360967
-1.0171387882
0.7872227491
2.3586708698
2.2493366107
-0.2497268566
0.7889551321
0.0121592998
0.8235812173
-0.6079420107
2.3184074830
0.0606317833
-0.0442266308
3.0291139023
-0.9925520341
-1.2563780107
2.7143628512
-0.7582879035
-0.7853138945
0.4322841973
-1.1711502008
-2.7918025482
2.3803156684
-0.2433726817
-0.8089449058
0.3337929218
1.6721970224
-0.7871949483
-0.3648782008
-0.2388419457
0.7745518181
0.4000549654
-2.3229249850
0.6240060414
1.5566106226
-0.3889354470
-0.6891954368
-1.5650741260
-0.4861188849
0.2964869354
0.2448570052
0.7748666974
1.8315517256
-0.6911332004
1.1969630758
-1.4730615226
1.3027119716
0.6961920145
0.1976028946
0.2591133196
1.2097007686
1.0948557141
-1.7400528923
-0.5710562908
-0.9655248449
1.5311728112
1.0581327348
0.7125586081
0.4221233101
-0.1971646612
0.2863237634
-1.1687721056
-0.9326213551
-0.5813949128
0.3842684823
-0.2974034127
1.6101645037
-0.3563280298
-0.5182109968
0.2173644882
-0.6160553401
0.4703902084
0.7680660752
0.5130567487
0.1392527779
-0.8973259165
0.2521827885
-0.8703964364
-0.2849222254
-0.5441281712
-0.0109568746
-0.6547837721
2.0929894353
0.0845222921
-1.2365200182
0.0420085479
0.6009204396
1.4059440566
-0.9158169447
-0.5623870682
0.5652746957
0.1551432106
-0.7882162467
0.8847314503
0.7602973848
0.6124810532
1.4903993414
0.1555572085
-1.2641762155
-0.1716630729
-0.2159149799
1.6387486934
0.2116276820
-0.2183654520
0.2210939975
1.0880947429
0.4723808991
-1.5108475567
-0.2898402391
-0.2013683745
0.9681261558
0.7033605550
-0.0997957136
-0.1487932308
-1.4271835278
0.4254484268
-0.1912608189
-0.9614517602
2.1556132147
-1.9783538855
-1.0873840486
0.1841464468
1.7922868092
-0.7707733202
0.2822659473
0.9620542321
-0.8029962572
-0.0031877422
-2.1083116141
-0.2645352128
0.7309995514
0.5995117380
0.0968621410
-0.9638685577
1.5330436407
2.1295123591
-1.2281438794
-0.4407087882
-0.6723296750
0.6303065091
-0.4324965246
-0.7273494131
0.0694312811
1.5145990986
-1.0601054163
1.0137790959
-1.0065752176
0.4663365623
-0.9082058241
-0.1374163630
-0.8137455338
-0.9015736871
0.7832497427
-0.4433020117
-0.2373568460
0.6202095824
-0.1324618349
-1.1555101998
-1.6288656347
1.2581260274
-0.8220697715
2.1861609953
0.2788640143
-0.3401787727
0.1805679643
-0.2073702581
1.1707410940
0.9185572996
-0.6043409515
0.8556261472
-0.3609786459
1.3526168076
0.3569849015
0.0102350873
1.1771298592
-1.0090585517
-1.0828194641
-0.1167180658
0.8082943186
-1.4385300000
-0.3350604070
1.0050491644
-0.9212863926
-0.9479546732
-0.0980720883
-1.1971160751
-2.1377074214
0.6154272416
0.6822013116
0.0564128914
-0.5791102007
-0.5157613138
0.3640746232
0.3371116736
0.3482496248
-0.6777367727
-0.0620379987
0.6417030992
-1.9476083735
-0.2783736219
1.1469822727
0.2268190440
1.5197075718
0.6215397730
1.2116067723
-2.1692482214
1.3188217290
0.0409692791
-0.0211419677
1.2301551495
1.8828943753
1.0367334955
0.1313954513
-1.0727608874
0.0310022674
1.3115405155
-1.9669099444
0.9714065531
0.3156240918
1.0205976437
-0.8174919435
0.1594442128
-0.8533547807
-0.1990912677
0.0440451831
-0.6120216692
0.2588351842
-0.5489417512
-0.7267614593
0.5722636177
0.4279877054
-0.7190211012
-0.0812778163
-1.9627508740
0.5653399713
-1.0199389555
1.0491555453
-0.1611600118
-0.1091500267
-0.6340589555
-0.0218975349
0.2898432027
-0.0860746868
0.5010327200
0.0828460174
-0.1999871036
0.5285708044
-0.9539871602
-1.7010862994
-0.0671672158
1.6600346425
0.5092768713
-0.2111570145
0.1154929835
-0.9057486648
-0.7841142645
-0.0510203741
0.6837055339
-0.1934135184
-0.8126519546
0.5930919847
-0.0001730028
-0.0732269859
0.8453352429
-0.1560021108
-0.4214816380
-1.1668479860
0.0851122412
-1.4943684947
2.5148550292
-1.2613406855
-1.2202763670
0.8650848751
-0.3496088493
-0.7697130901
0.1905586317
0.0914432878
0.3564226806
0.8063548168
1.2661638584
2.2830587484
0.0911128714
1.4208963002
-0.6980670532
-0.8319296776
-1.1107792356
-1.0906087657
-0.6925544437
0.1613664468
0.7601701586
-1.3672646337
0.5039301486
-1.8808078544
1.2400786234
0.0534254806
-0.0098735692
0.2441893834
1.5830476065
0.1024396588
1.6798950406
0.5355191628
0.2827869092
-1.2155781737
-0.7183525284
0.0644802478
-0.1431299898
0.4553814919
1.1700221517
1.1490724548
-0.2928592698
0.8540475294
-0.2048135776
1.4216976292
-0.0073958019
-1.0833348935
0.6407562270
1.2483721973
1.3298580845
-1.7670741923
0.7726004072
-0.6656522879
0.2323351513
-0.9736551032
-1.6036257980
-0.1123857533
-0.7658493487
1.0883373010
1.3940619862
0.4664099220
-0.4044720585
1.5497692519
1.3568607855
0.1585872526
-0.5314459643
-0.3653776606
-0.5510416905
1.4618296429
0.3968280073
-1.5692787994
-0.0687227479
0.6436696847
2.0749512075
-1.1234487538
0.2655688697
-1.7556945502
0.5391611459
-1.2415091613
-0.3564150670
1.6483082953
-0.1844501760
0.3852075693
-0.4346393062
-0.5128903780
0.4036730399
0.4485323239
0.3459452881
-0.1708342966
1.3686005350
-0.3948927844
0.9043234792
-0.1559826820
1.6403755040
0.0638981966
0.9984325328
0.5685467172
-0.2845939622
0.3332596873
-2.2217571176
0.4421901315
-1.3852766856
-0.7101891806
-0.4502908017
0.2552276839
-0.5166164170
1.0797182543
-1.4416398331
0.0453211904
-0.6542237416
-0.0878181621
-0.1919394520
-0.7021717869
0.5636150626
-0.4995600877
1.3968436276
0.5279971473
-0.2946747016
1.8544772067
1.1170610350
-0.7551599928
0.1857001738
0.7530976285
