12 2 0.19
33 0 0 0 1 0 2 0 3 0 5 1 1 1 2 1 3 1 4 1 5 1 6 2 3 2 4 2 5 3 2 3 3 3 5 3 6 3 7 4 3 4 4 4 5 4 6 4 7 5 2 5 3 5 4 5 5 6 2 6 3 6 5 7 2 7 5
30 0 1 0 2 1 1 1 2 1 3 1 4 2 0 2 1 2 3 2 4 3 1 3 2 3 3 3 4 4 0 4 1 4 2 4 3 4 4 4 5 4 6 5 1 5 2 5 4 5 5 6 1 6 2 6 4 6 5 6 6
1 3
1 0
0 0 0 0 0 0 0 0 0 0 0 0
0 1 1 1 1 1 1 0 1 0 0 0
0 1 1 1 2 1 1 1 1 1 0 0
1 1 0 1 1 0 1 1 1 0 0 0
0 1 1 1 1 1 1 0 1 1 1 0
1 1 1 1 1 1 2 1 1 1 1 0
0 1 1 0 1 2 1 1 1 0 0 0
0 1 1 0 1 2 2 0 1 0 0 0
0 0 0 0 0 1 0 0 1 0 0 0
0 0 0 0 0 0 0 0 0 0 0 0
0 0 0 0 0 0 0 0 0 0 0 0
0 0 0 0 0 0 0 0 0 0 0 0
0.5846040897
-0.1104759225
2.0722935310
0.3035426848
0.1566196228
1.2610957993
1.4282191009
0.3421820159
1.3623376294
-1.0600280443
0.8786262080
0.6915230442
0.3609832027
-0.8203586418
-0.7484548491
0.9188356426
0.3267898827
0.3387084296
1.7456475453
0.8283307451
0.2405574849
0.6500068525
0.0654782413
0.7901404880
-1.0808354860
0.2050528675
0.0192426963
-0.1793284369
0.8032805218
0.8329579322
0.7798435310
-0.2121554434
1.9969768603
1.3316176192
0.7932761453
-0.2792179141
-2.1737772887
-0.3018000965
0.2421687065
0.2645592130
-1.3179113055
-1.5374769711
1.4413033975
1.3436632812
0.8492128279
-0.2393769028
1.6723834825
-0.3945937314
-0.5016357566
0.1751545041
-0.4406404928
1.5495360475
0.6585331651
-0.5006284148
-0.4853437743
-0.2698952784
-1.2784726856
0.5943595917
0.9244538091
-0.9485354510
0.2714841853
2.8085575382
1.1098307564
-0.3855552064
0.9177359651
-0.6253050547
1.2409333938
-0.6410191487
0.3713307439
0.6689948420
-0.9943282261
-0.2379520450
-1.1076432323
0.2559569331
-0.2110807539
-0.9932887829
-1.6220334954
0.3394309178
-0.4365336876
0.1336403911
-0.5610541942
-0.4639031742
1.6212814741
-0.1504362340
2.2516805229
1.0953200641
0.1129679023
-2.1170020737
-0.8128407860
1.9837605819
-0.7831357611
-0.4829385609
-0.2139778041
-0.2729778839
1.0015128533
1.0932596140
0.0414756721
0.0740832460
-2.0444028384
-0.6498539564
0.7942951729
0.4859061005
1.5978365028
-0.5751069576
1.7159601483
2.2074798777
0.2463794838
0.5901372894
0.1990638214
0.5103194467
-0.9908908740
-1.5146917511
-1.0411693603
0.6814692720
-1.6935147952
-0.5047995391
-0.0340858110
0.9424531228
0.3683325253
-2.2804931266
1.3047481509
-1.5856626641
-1.0709984701
-0.8301096745
-0.1820360241
2.3618035624
-0.0274007383
-0.3878101189
-0.4637699502
0.2650685452
0.4656848881
-0.2971649647
0.4860870995
-0.2952717229
-0.2007242102
-0.6486186389
1.0673241503
1.2287516700
-1.5039842098
0.8206055294
-1.1425196577
-1.1213128266
0.6716141470
0.7854347549
0.7500387291
-1.0114358538
0.6660051405
-1.1253488104
1.8472593214
1.5094167779
-0.1993629762
0.5875133793
-0.0476749758
-0.6048869770
-1.1689206059
-0.1531992269
-0.3091448157
-0.0420386108
-1.4858328468
-0.8381054059
-0.6189077080
1.7384805749
-0.4259611987
-0.3045085241
2.1904164506
0.7488506800
0.4545940029
-0.7016245843
-1.5387539236
0.5614821625
-0.4624723917
-0.9097109177
-0.9618356961
-0.0626749443
-1.3225079749
-0.4890561989
-0.6438117099
-0.5953792111
0.0541654862
-1.9887339507
0.0895140834
0.4224778100
0.8156135053
0.8549842472
-2.6047487466
0.4336998757
0.9432039477
0.4601509199
-0.2398681070
0.0148790432
-1.3928641419
1.3303455583
-0.0619662701
-0.9425309284
1.7363241318
-0.6454612510
0.9726801420
0.4298235991
0.9281815424
0.0247798329
0.5385924352
-0.5312963740
-0.7873966103
0.0666336518
-3.0976153623
-0.1698834276
-0.1438258521
0.0640536063
0.7660213026
0.2063377419
1.6039289225
-1.0140318761
-2.4202362208
0.3498162859
-1.9686438775
0.4225960063
-0.5140566732
-0.1275526810
-0.3575055646
-1.2761754857
-1.2729408599
-0.5341166117
0.9760928767
-0.1100340711
0.6229682639
0.7246378643
-1.1134605877
-1.4332551049
0.8945748754
-0.5201044577
1.9652537588
0.0077362338
1.3186958177
0.9072727251
0.2349796722
0.3403070694
0.9315421144
0.5944318331
0.4327089472
0.3430098188
0.6133483940
0.1768555163
2.0551697573
-0.3962518781
-0.0605964523
0.6504541086
-1.5297645776
-0.2826433556
0.4715954297
1.3223433545
1.0293933419
0.6812017518
-0.0227008509
-1.0762975285
-0.9638665788
-0.9323347284
0.9522393981
1.0545646787
0.9800726307
-0.9600299558
-1.2704110935
0.7989981896
-0.5816278196
-0.5670036358
1.3614784566
-0.1455417320
0.4809775237
0.9770733353
0.8420653537
2.0268666854
-0.0292147130
0.5314497054
-0.0215037915
1.6389800604
-1.7136646619
-0.6900714111
-0.3495824589
0.3262161270
-0.7531036731
0.5627536150
0.9515815144
0.5227559089
0.9995763090
-0.2517108868
-0.9003288476
0.6383390715
-1.2508274495
-0.0186205618
