12 4 0.16
8 0 1 1 1 1 2 1 3 2 1 2 2 3 0 3 1
10 0 0 0 1 0 2 0 3 1 2 2 0 2 1 2 2 3 1 3 2
12 0 2 0 3 1 2 2 1 2 2 2 3 2 4 3 0 3 1 3 2 3 3 3 4
9 0 0 0 1 1 1 1 2 1 3 2 0 2 1 2 3 3 0
3 6
7 6
5 3
8 7
0 0 0 0 0 0 0 0 0 0 0 0
0 0 0 0 0 0 0 0 0 0 0 0
0 0 0 0 0 0 0 0 0 0 0 0
0 0 0 0 0 0 0 1 0 0 0 0
0 0 0 0 0 0 0 1 1 1 0 0
0 0 0 0 0 1 1 1 1 0 0 0
0 0 0 0 0 1 1 1 0 0 0 0
0 0 0 0 1 1 2 2 1 1 0 0
0 0 0 1 1 1 1 2 2 0 0 0
0 0 0 0 0 0 1 1 2 1 1 0
0 0 0 0 0 0 0 2 2 0 1 0
0 0 0 0 0 0 0 1 0 0 0 0
1.8355829884
0.5009278718
-1.3028236769
0.7906132107
0.3149282197
1.9952170962
-0.3581776625
0.5094786140
-1.0904064781
0.3026556230
0.4755459136
-1.0196776383
-0.3279808745
-0.8540305997
-0.5515820860
-1.1918864673
-0.0584199920
-1.1087437578
1.1396665294
0.5419852487
-1.5732515565
0.2391784044
-1.0545664173
0.5014816399
1.9756939371
-1.1024694860
-0.2555265548
-1.3793193279
0.4889614671
0.8530602099
-1.5242788056
-1.3152802848
-0.5215649152
-0.3012378924
0.4174282997
-0.9534818485
0.3725693526
0.0925296823
-0.4364909040
-0.5946814061
1.7500647057
-0.5563366739
-2.4921757367
-0.7130102928
-1.5017909730
-0.5039192323
0.9481284330
0.0190975898
-0.3245565400
0.2496106367
0.2160263325
-0.3989873996
-2.3477853117
-0.6628457247
-0.5834866184
-1.0116454233
-1.4651879879
1.2594034323
-0.2211649504
-0.2225260156
-2.6760107517
-0.7363542787
0.5765714077
0.4606815662
0.6107858757
0.3174292517
-1.2782567135
-1.4212769589
-0.5653715191
0.1541627549
-0.4307817229
-0.2874776581
-0.0631490477
1.7462259348
-0.2477004196
0.8994728362
-0.9774706056
-0.1772922055
2.0368559862
1.0241773988
-0.4263564875
0.0182526388
0.3657922429
-1.8670392963
-0.8753514420
2.1995154633
1.3082767403
0.4532307171
0.9533088156
0.1311007610
1.3485159995
0.8396383162
-1.7156704328
-0.7583095306
-1.3999148796
-1.5465948449
-0.1648953338
-0.5059139240
0.2844433482
0.3872341332
0.8174672250
0.3214662690
-0.6247164000
-0.3046632898
0.3682804199
-1.2221867923
0.6213105157
-0.4693290936
0.5033227951
1.0360578303
-0.1328907450
-1.1236691256
-0.3408862354
2.0002218226
0.8122368997
1.2671393512
-0.9637386593
0.9917197039
-0.7735767096
-0.0361522380
0.5957566565
-1.1544998079
1.2034413564
-0.5543869932
0.0667857178
2.1030581571
0.3192023559
1.1996710720
1.1491298280
0.3886845763
1.1391226512
-2.3144636108
-0.7084058165
0.4053193611
-1.7928173349
-1.6081840937
-1.3958565588
-1.1834777673
1.0478053112
-0.5041030683
-1.2177118327
-0.3363150748
-0.6420875609
-0.9225595699
-0.7362834494
-0.2265652708
-1.9185324952
1.0438066845
-1.3251485828
-0.2382999883
0.0741026313
-0.6194143024
0.1746514947
-1.0897245598
0.4687962116
1.3126661196
0.3654125247
0.3727324898
-0.2107724094
0.6067184064
1.2134321604
0.5908357401
0.4501147457
2.0352644883
0.2259347678
-0.7187122876
-0.4549760218
-0.2102574208
-0.7747493534
0.5256601818
-1.0613979447
-0.4157183509
-0.0839352078
1.3092387242
0.6067267175
1.8842493975
1.0923537788
-0.6104050125
-0.2640306229
-0.4214929910
-0.5750687014
-0.0010768059
-0.6226101893
-1.7049703539
0.3613033870
-0.2704164769
-0.2524154671
0.7771752919
1.8606937208
0.6435220872
-0.3996952570
-0.1102166840
0.1839695070
1.2155974963
-0.0967118154
0.0101190475
-0.3362988818
-1.0222789337
0.9309528346
-0.1849620539
-1.1352923496
-0.5627306895
-2.2373288284
0.8531089453
-0.2268433014
-0.3392726163
0.2288112524
0.7719165348
0.5807284846
0.4079054079
-0.4844449651
0.7677829993
0.3425088927
1.0084166128
-0.3381295225
-1.4582421622
-1.7591533454
-0.7513374994
2.6965698149
0.0770377107
0.9723131334
-0.9181513822
0.9200580837
-1.0015432978
-1.5105639903
-1.2517147510
-1.1312971198
-0.8468803997
0.1920732101
1.1044781318
-0.3480589468
1.8344742017
1.2695726932
1.9356959185
-1.0891429614
-0.8207428462
-0.7292043363
0.3341163914
-0.3983015688
-0.2422480706
-1.4972085220
-0.6917892824
0.9673747199
-0.0279485118
-2.2165271479
1.9246459660
-0.0051535092
1.7957531092
-0.8021521740
-0.4326669021
-0.7746903268
-0.1899810652
1.6974402094
-1.3959735063
-1.5887686680
-0.9785581797
-1.5538252425
0.7592949894
0.9464722056
0.1120028400
1.6160926234
-0.8944136232
0.4132429011
-0.2205595103
1.6122215149
0.1485322287
0.4041522931
0.9699109229
-2.0302821224
-1.3564156460
-1.8035744718
0.3060861953
-2.1454180661
-0.3407401991
-0.6500471043
-1.0469768821
1.9684577942
-1.5971085537
-0.0882869962
-0.4885170863
0.1776772334
-0.3915971060
-1.9090532254
-1.0787408098
0.7301816122
0.4080181985
-0.5008936020
-0.4244980822
