10 4 0.01
8 0 2 1 0 1 1 1 2 2 2 3 2 3 3 4 3
8 0 0 1 0 2 0 2 1 3 0 3 1 3 2 4 0
8 0 1 1 1 2 1 3 1 4 1 5 0 5 1 5 2
7 0 3 1 1 1 2 1 3 2 0 2 1 2 3
5 4
1 1
1 7
6 1
0 0 0 0 0 0 0 0 0 0
0 1 0 0 0 0 0 0 1 0
0 1 0 0 0 0 0 0 1 0
0 1 1 0 0 0 0 0 1 0
0 1 1 1 0 0 0 0 1 0
0 1 0 0 0 0 1 0 1 0
0 0 0 0 2 1 1 1 1 1
0 0 1 1 1 0 1 0 0 0
0 1 1 0 1 0 1 1 0 0
0 0 0 0 0 0 0 1 0 0
1.5426959503
-0.1073313940
-0.5698625852
0.9609798246
-2.6857293976
-1.2801229663
0.1060856780
0.0387116691
-0.4358452374
-0.0185320618
0.3056890140
1.8579207747
0.4300083809
-0.1699973687
0.1458402463
0.6652362756
0.4610388148
0.9198432415
0.0876928078
1.1076312864
-1.1760090723
1.0594802760
0.5867924615
1.9987222095
0.5288154544
-0.1844088904
1.7507410946
-1.1575628947
-1.1191521240
1.1641331745
0.3256486821
-2.1695845297
0.8890644764
-0.4076917978
1.9891328631
-0.6710863375
0.1889501703
0.0825967401
-0.8108189254
0.9001432864
0.6393429814
-0.5059986504
-1.5936337777
-0.8625507349
-0.2668576700
0.1132080475
0.9181152098
0.0482653808
-0.4010224854
0.8998343000
-0.7537281766
-0.2597008158
-1.3434952220
-1.8352124722
0.1849539982
0.2679871066
1.0004732576
-0.9517912264
-1.0630780338
1.0604588671
-0.0589750244
0.0562949964
1.3344784443
-1.2430310010
-1.6641797208
-0.0708691316
-0.4527862952
-0.2131501061
1.1095295333
0.5635732973
-1.4410223709
0.0608566037
0.1321030844
0.3680006931
-0.7697334136
0.3493688902
-0.2328217584
-0.1544432338
0.3181048318
0.6357682604
1.5283387612
-0.6814446067
-0.4760152095
0.1056814763
0.5144613394
0.2610396266
-0.4479413719
-1.6938535303
-1.2778006933
-0.7377422532
1.1356183806
-0.1888817358
1.4663574846
1.2589005785
2.2399442663
-1.1711778240
0.7227530795
1.3050934452
-1.6293456228
-1.0056153138
-1.0531609664
-0.6171803641
1.5244767860
-1.8111975417
-1.2810641857
-0.3188753250
-1.9136074364
-0.1180114820
0.9541180724
-0.8303833768
-1.3319704911
0.8480666679
0.3900648301
3.1598672726
-0.4054865846
0.0003591100
0.3380089900
1.4754417584
-0.5002349513
1.3181010788
0.1434971625
1.2907971338
0.1971495445
-1.0795185854
0.8172536983
-0.5476229347
-0.0863011551
-0.1084428249
1.6187065104
0.2340846114
-2.1143425053
2.0961709686
-0.2976703725
-0.5034694391
-0.1434305383
0.4621931969
-1.3926927410
-1.5717449365
0.5264561691
-0.9314441244
-0.0984014958
0.9976820115
0.4472758980
-1.6416765048
0.1997838392
-1.9271445002
-0.5153638841
1.0620676135
-0.6087980609
0.1729033110
-0.0628644032
-2.0649413432
-0.0821866711
1.3754574911
1.1156772654
1.4964032633
0.3780810394
0.9785626211
-0.8505200594
1.0175742147
-0.4654978989
1.0836354155
-0.3044453979
0.0429336968
-0.4169087958
-2.1482569271
-0.5359480002
0.1555273494
-1.8287868297
-1.4856400158
2.0854602441
0.6194835067
0.1787985179
1.2360538542
0.9983036352
0.5362777911
-0.1495749406
0.9058448133
0.0444549118
0.7373772178
-0.7356715122
1.1802272395
-0.3937037377
0.7857468444
1.1780731741
0.6285117547
-0.4473409031
0.4554937620
-0.1405994688
-0.3162466105
0.2129355191
0.1494219335
-0.9200058968
-0.8918211909
-1.0308340378
-1.1408548772
-0.1519027129
-2.4198988838
0.5952945371
-1.4779237899
