14 4 0.13
20 0 3 1 3 1 4 2 0 2 1 2 2 2 3 2 4 2 5 3 1 3 2 3 3 3 4 3 5 3 6 4 2 4 3 4 4 4 6 5 4
24 0 3 1 2 1 3 1 5 1 6 2 2 2 3 2 4 2 5 3 1 3 2 3 3 3 4 3 5 3 6 4 0 4 1 4 3 4 5 4 6 5 0 5 1 5 3 5 6
21 0 1 0 2 0 4 1 0 1 1 1 3 1 4 1 5 2 1 2 2 2 3 2 4 2 5 3 2 3 3 3 4 3 5 4 4 5 3 5 4 5 5
24 0 3 0 4 1 3 1 6 2 3 2 4 2 5 2 6 3 2 3 3 3 4 3 5 4 2 4 3 4 4 4 5 5 0 5 1 5 2 5 3 5 4 5 5 6 2 7 2
8 4
8 3
8 6
3 1
0 0 0 0 0 0 0 0 0 0 0 0 0 0
0 0 0 0 0 0 0 0 0 0 0 0 0 0
0 0 0 0 0 0 0 0 0 0 0 0 0 0
0 0 0 0 1 1 0 0 0 0 0 0 0 0
0 0 0 0 1 0 0 1 0 0 0 0 0 0
0 0 0 0 1 1 1 1 0 0 0 0 0 0
0 0 0 1 1 1 1 0 0 0 0 0 0 0
0 0 0 1 1 1 1 0 0 0 0 0 0 0
0 1 1 1 1 1 2 2 1 0 1 0 0 0
0 0 0 1 0 1 2 2 2 2 1 1 0 0
0 0 0 1 1 2 2 3 3 2 1 1 0 0
0 0 0 0 1 2 2 2 3 3 2 1 0 0
0 0 0 1 1 0 2 1 2 1 2 0 0 0
0 0 0 1 1 0 1 0 1 2 1 1 0 0
0.1389637998
-1.6471390727
-1.0566913866
-2.2049420140
-0.0388273136
0.7205306349
0.2122068634
0.3889245730
0.0401023636
-1.3673127644
0.6447515698
-1.1141688761
-0.0565827259
-0.9673544362
-0.0027120435
0.2610557986
0.4508600179
0.2840858921
0.3356208714
-0.4967108146
0.9371925065
0.0813350030
-0.1202378380
-0.0442477807
0.8050983673
-0.6560900623
0.6324372274
0.0946330085
1.6509801545
1.3580505068
1.2478182806
1.1152539189
0.3498629598
-0.1218778575
-1.3384802803
0.8364035310
-0.3483082566
2.8209142010
0.4913684422
-0.7006237966
-1.8218061895
-0.0095422270
-0.3537523484
0.6078048751
0.2195070885
0.5260293919
0.1530638597
-1.6980655209
-0.7139338859
-1.1148023146
-0.9209757607
-0.4581569667
-0.5327493054
-0.3974408048
-0.1861673209
1.2839719537
-0.5100279746
1.8846146834
-0.2508936426
2.0688764177
0.6185133551
0.8585886004
-0.5075557942
0.3670981425
-0.2584923689
-0.0826188423
1.0425449007
1.6860683624
0.1638973008
0.8418763566
-0.8907385047
0.6029517918
-1.8344564513
0.5964119504
-2.7880732513
0.0946922115
-0.5216597833
-0.7588932489
1.0009714537
1.3070989630
-0.0250504295
-1.2912654612
-0.1017132494
2.2578450129
-0.5344493999
-0.2159135560
2.1388137452
0.1202000705
0.4973316020
-1.1965978071
1.0663222517
0.1517658906
0.8746746725
0.0314700996
-0.1942563375
0.6272846444
-1.2570671574
-0.4073143558
1.0846465348
-0.1938938071
-0.0002814116
0.3250378045
0.9626456779
-0.7258387945
-0.4332907930
-0.0699595853
-0.2210835464
-0.2941457642
-2.2975222527
0.1462216559
0.4784531715
-1.1039941762
0.2862197509
0.9735403466
0.8839319077
0.0138436497
0.6727019537
0.4493756429
0.5457028862
-0.1616384205
0.1556345183
-0.9150868018
0.2734935055
0.7045475170
0.9650327600
-0.1815242793
-1.2223829872
-1.2631781296
-1.7643115997
-1.7916950634
-0.2610509278
-0.3690420122
-0.4586324570
0.2258979237
-0.9832531682
0.0554684424
1.1755885048
-1.0301191831
0.1590770801
1.1795301727
-0.0561851339
0.5827621889
0.2738728366
0.8260327809
1.1541833701
-0.0415407414
0.4886464164
0.0763083325
-0.1159260157
1.9262185198
-0.4176316287
1.2007715811
-0.1588047139
-0.1570168877
-1.5213585635
-1.0700168381
-0.1689715602
1.3450199345
0.9112135268
-0.9152254528
0.9009320526
-0.7893175733
0.6091618664
-0.7235165214
0.3520653758
-0.5260807780
-1.0616857476
-0.8128138829
-0.4161423865
0.9432495830
0.4750941053
-0.1355425798
-1.3150255242
-0.5085159341
-0.3664776097
-0.5611254912
-1.4995219186
0.3427064203
1.6046287130
1.2480761234
-0.6770573989
1.0358488892
-1.0553906995
-1.1084245189
-0.5444969127
0.2545079921
1.8038446013
0.7031031179
1.6613933989
0.0010456003
-0.5401444974
-0.2323173556
-0.6639750740
1.5419286053
2.2975904684
0.8680588689
0.0266363828
0.2333871787
-0.9992092506
0.1041771093
-0.6529384285
1.0421585773
-0.8850400572
-0.6934830736
1.3648975696
1.1930039992
-1.2599379047
0.1007645142
0.7279292058
1.4344425455
1.8044419649
-0.4950684653
-2.2864680545
-1.5074877803
-0.5690909938
-0.2417978200
-0.9276977442
0.0421599174
-1.2158762954
-0.4469421560
0.9448191545
1.3104543267
-0.9956290297
0.0820999706
0.7481254384
1.1219659900
0.1930416200
-0.0453925975
0.7651826303
-1.5040143687
-0.4353056857
1.0960346491
-0.9546783075
-0.0399225987
0.3734268702
-0.0855404889
0.3631531018
0.4260875469
-1.5155571104
0.7973673158
-0.2065519134
1.0762853050
-0.6029706936
-0.6737515918
1.4122227699
0.3671030258
0.1410884027
-0.4637487067
-0.3408879186
-0.4798604373
-0.6419110821
-0.9717640034
-0.9928828463
-0.8829337621
0.6953705229
-0.6845914762
-0.3781916507
-0.0195436105
0.8021214776
0.3230046164
0.4389923415
0.0881572713
0.3582731268
-0.7241996909
-1.0031933516
-1.0286458420
0.6512614755
0.0563779767
-0.3309916256
0.3857191073
-0.5029148792
-2.3306286422
0.5304520234
0.3888913080
1.3483008290
0.0446499378
0.5819794702
-0.4408367282
0.8727432006
0.7340661048
0.5554217746
0.2333075960
0.4312122708
-0.5736621340
-0.4389082794
-1.5374629558
0.1576425232
1.8761068468
0.6278115496
-1.0213959978
-0.7280470545
-0.0939523514
-0.8546622289
-0.2956025043
1.1499211602
-0.3339447127
-0.5289601000
0.5071287627
1.4461288091
1.0671517734
1.0053537845
-0.0273914916
0.7408051130
1.6500451482
0.4368520553
0.1324557770
-1.4558279967
0.3096844201
0.7337733857
0.4093687401
-1.2606637029
-1.1829148034
1.3003834708
0.8235224009
0.8221541252
-0.2506467529
-0.5608328299
0.1980948983
0.3822608815
0.3712346722
0.7243664021
-0.6603030839
-0.0831793825
0.7007190233
-1.7123377108
-0.9150094137
2.4282208873
-0.1698922920
0.0112146143
-0.5845113770
-1.0889339251
-1.6795144462
-1.7075330757
0.3232304810
1.0903821938
2.2664509885
0.9184632782
1.1636003976
-0.4171539644
-0.0860455800
-0.1784083979
-0.7336523514
-0.2607607428
-0.4491423655
-0.2800052913
-1.2587291249
-0.8330622126
0.6269187404
-0.4875198083
0.9708123886
1.3927733717
0.8680416044
1.1057498981
1.4951937928
0.8295001357
1.0428216309
0.3363907212
1.0751971345
-0.1568850589
0.1249319566
-0.3324468067
-1.0655672506
-0.7672119763
-0.2514160920
-1.2989959321
-1.0209493210
-0.1713605162
-0.1984461939
-0.3382711550
1.2088416425
-0.1489867865
-0.5543210725
-0.6991794899
0.2197899790
-0.6657082712
1.2694525849
0.4121409106
0.5740424993
0.9037518581
-1.9845443277
-1.6574620175
0.9478558090
1.2405077952
-1.9768502730
-0.0661031950
0.0376299771
0.2319690804
-0.2922869093
-0.7617170991
-2.6109235729
-0.3156914415
-0.9252983684
