10 4 0.01
10 0 3 0 4 1 2 1 3 2 0 2 1 2 2 3 1 3 2 4 2
10 0 1 0 2 0 3 1 0 1 1 1 2 1 3 2 1 2 2 3 1
10 0 2 1 2 1 3 2 0 2 1 2 2 3 1 3 2 4 0 4 1
10 0 1 1 1 2 0 2 1 2 2 2 3 3 0 3 1 3 2 3 3
4 2
2 4
5 0
3 5
0 0 0 0 0 0 0 0 0 0
0 0 0 0 0 0 0 0 0 0
0 0 0 0 0 1 1 1 0 0
0 0 0 0 1 1 2 1 0 0
0 0 0 0 0 2 3 0 0 0
0 0 1 0 1 3 1 1 1 0
0 0 2 2 1 1 1 1 1 0
1 1 1 1 1 0 0 0 0 0
0 1 1 0 1 0 0 0 0 0
1 1 0 0 0 0 0 0 0 0
0.3946677216
1.2003992476
-1.9008081520
-0.7930236112
1.7472345531
-0.3827908321
-0.9804642412
-0.7081546526
-3.1113642521
1.5302502122
2.2433423837
0.6146166511
-0.3071082263
-0.0736377491
0.8521180703
-0.4306067904
0.0323983840
1.1037823535
-0.7786493051
0.3289311121
-0.9829106202
0.6038485832
0.0838054084
-0.6177271523
1.1987960991
-0.0954840040
0.5068796761
-0.0332367268
-0.6785559870
-0.9200463677
-0.9720029031
-0.3125743658
-0.3511837035
-2.5872859278
-0.7151555467
0.5419069126
-0.9061821226
-0.8386331620
0.3838474928
-0.0817410377
-0.2260410569
-0.4193409271
-0.2998947844
-0.3887472195
0.1266410838
-0.7598471631
-1.3914549253
-2.1842970747
-0.2201273716
0.1538694697
-0.8304543537
0.9923199218
-0.3440457452
-0.2728921121
2.9221895746
-0.7617114661
-1.5207673303
0.0827823333
0.4033464593
-0.5330301568
0.2501379495
-1.4659226272
-0.6886557509
1.2195841227
1.0565249593
-0.5266724644
0.9672855198
-0.4461146478
1.0588291922
0.1867884601
-0.3395565987
0.6081593328
0.1659969459
-0.5050621763
0.8195947722
-0.8894811868
-2.0576399255
-0.0156252415
-0.9914492505
0.1496596198
1.0572700923
-0.9327607426
-0.7509638399
-0.7751643567
1.1453337724
0.5471110941
-0.5526589543
0.2899989184
1.3726868231
0.0382356957
0.3737514740
0.5400965456
0.7332436514
-1.3499258256
-1.4554317847
-1.3283216347
-0.7403555194
0.6246312839
0.3487797292
0.5050744067
1.0450539651
2.0563530137
1.4586358242
0.9818888286
-0.4908754828
-0.4032871592
0.6493022115
-0.7120657097
-0.0259278276
1.0696863941
-1.4474987145
1.3088198376
-1.2064744670
1.1875854674
0.3482261475
1.0658920233
-0.5013266560
0.2005283668
1.5592770535
1.9278257191
-0.5764235579
0.9122401429
0.1616357494
-0.4490561035
-1.6821427330
0.1560142218
-0.0219057023
0.3249134256
1.4852344388
-0.3596621064
-0.8918470841
-0.1432653714
-0.6451134603
-0.4024584005
-0.6526963938
0.5184840703
-0.2647102143
1.5347398143
0.0291135557
-0.0985249430
-0.0226388939
1.0021179274
-0.2939226592
0.1491413044
1.5997798743
0.0091119704
0.2498487071
0.5327385434
-1.8054432787
0.5692831877
-0.4005771114
0.4375851284
2.1860259952
0.7325061658
-1.1247073065
0.5262164641
1.1747893065
-1.4979448238
0.1082619947
0.2360352054
-0.5794412079
1.6882803282
-0.4830030261
-1.4148992010
0.5216618242
-1.6657170928
0.0501837077
-0.0530144693
0.1549337303
-0.3760061269
1.8576537584
-1.4126179863
-0.5580336663
0.0299482501
0.8195248517
-1.0229030111
-0.4446604609
1.6451735935
-0.1648720732
0.5755236358
0.5956770298
0.0987420396
-1.3576565328
0.2484714211
-0.6420278345
-1.5143392899
0.5174714475
-0.7658755407
0.1834074019
-0.4438608242
0.1417003216
-0.4187170146
1.3328840308
-0.2353332986
0.9267338764
-0.8204518488
-0.4697940756
0.9155431137
-0.7587580316
2.0228494706
