19 14 0.20
6 0 0 1 0 1 1 2 0 2 1 3 1
6 0 0 0 1 1 1 2 1 2 2 2 3
6 0 0 0 1 0 2 1 1 1 2 1 3
6 0 2 1 1 1 2 2 1 3 0 3 1
6 0 0 0 1 0 2 1 0 1 1 2 0
6 0 0 0 2 1 0 1 1 1 2 2 2
6 0 0 0 1 1 0 1 1 2 1 3 1
6 0 0 0 1 1 1 1 2 1 3 2 2
6 0 1 1 0 1 1 1 2 1 3 2 1
6 0 0 0 1 1 1 2 1 3 1 3 2
6 0 0 0 2 1 0 1 1 1 2 2 2
6 0 0 0 1 0 2 0 3 1 3 1 4
6 0 2 0 3 1 0 1 1 1 2 1 3
6 0 2 1 1 1 2 2 0 2 1 2 2
10 17
15 5
8 12
8 10
8 6
12 5
13 13
12 9
0 15
0 12
16 13
8 9
10 0
9 13
0 0 0 0 0 0 0 0 0 0 0 0 1 1 0 0 1 0 0
0 0 0 0 0 0 0 0 0 0 0 0 0 1 0 1 1 1 1
0 0 0 0 0 0 0 0 0 0 0 0 0 1 0 0 1 0 0
0 0 0 0 0 0 0 0 0 0 0 0 0 1 1 0 0 0 0
0 0 0 0 0 0 0 0 0 0 0 0 0 0 0 0 0 0 0
0 0 0 0 0 0 0 0 0 0 0 0 0 0 0 0 0 0 0
0 0 0 0 0 0 0 0 0 0 0 0 0 0 0 0 0 0 0
0 0 0 0 0 0 0 0 0 0 0 0 0 0 0 0 0 0 0
0 0 0 0 0 0 1 1 1 1 1 1 3 1 1 0 0 0 0
0 0 0 0 0 0 1 1 0 0 0 1 2 2 1 2 0 0 0
0 0 1 1 0 0 1 0 0 0 0 1 0 0 1 1 0 1 0
1 1 1 1 0 0 0 0 0 0 1 1 0 1 1 1 0 1 1
0 0 0 0 0 1 0 1 0 1 1 0 0 0 0 0 0 1 1
0 0 0 0 0 1 1 1 0 0 1 1 1 1 1 0 0 0 1
0 0 0 0 0 0 0 1 0 0 0 1 0 1 1 0 0 0 0
0 0 0 0 0 1 1 0 0 0 0 0 0 0 1 0 0 0 0
0 0 0 0 0 0 1 0 0 0 0 0 0 1 1 1 0 0 0
0 0 0 0 0 0 1 1 1 0 0 0 0 1 1 1 0 0 0
0 0 0 0 0 0 0 0 0 0 0 0 0 0 0 1 0 0 0
1.6402811785
0.2527726664
0.8186319258
-0.2379782590
0.4949242538
-0.4559540160
-0.8393891820
-1.2770816329
-1.8287181001
1.3344544622
-1.4647122248
-0.5050807536
-0.4579982109
-0.2342285080
-0.2699841294
-0.1576294294
-0.9984712619
1.2369343611
-1.0411059349
1.6594177513
0.1282168130
-0.1451431191
-0.5714451010
1.9326677530
0.7672241534
-0.9038338731
1.3690615997
2.1992087748
-0.2544253311
1.6444693911
2.0678135860
0.3645646311
-0.2689469436
0.2572364074
-1.4100919185
1.1151831542
-0.2320936308
-1.2080405612
0.3339161254
-1.0360707540
-0.7474251394
-1.2675668826
1.0952166192
0.3922322991
-0.9072355383
0.9339557181
-1.1402419517
-0.4376204219
-0.2300117973
1.2335175305
1.4425296397
0.7409331690
0.3699722775
-0.3458649674
-1.6406869962
0.0380581023
-0.0593147926
0.2416274054
-1.5433413634
1.1050099772
-2.0719653914
0.5151691669
0.0479402721
0.0309899762
0.5481579957
0.6448731146
-1.0651282083
0.1602313687
2.1256058784
1.3165724570
1.6495961146
0.3959615936
-0.2476117973
-0.0439562665
-1.0631519393
-0.8643537330
-1.7153401040
-0.1903377755
1.3145481503
1.0625138397
-0.3945049270
-0.9210655654
0.0947416577
-0.3535095852
-0.2733574899
-1.2540304880
0.1347191863
-1.4298250917
1.2970457384
-0.3449775414
2.7763763624
0.5447911994
-1.4027610434
0.7327129903
-0.7880097846
-1.1297592579
-0.5300610936
-0.7412758472
1.2343915877
0.8062493865
-0.3462802973
-1.4262422076
-0.3235388548
0.2641266314
-0.4439076905
0.2746159532
0.3268460496
-0.6605596869
-0.2636782333
1.8708908106
0.7938073953
0.5109075685
1.5552323842
-1.6932473787
-0.5099101501
1.0760507612
0.3787557979
0.0096264197
-0.0390177795
-0.3287978272
-0.1157072827
0.5072607534
-1.1254511941
-0.6946298747
0.1512106263
-1.6853087342
-0.6946338042
0.2582092471
-1.6282493037
0.4649695310
0.6111053801
0.7913538374
1.1315573006
-0.9138662131
0.0078288847
0.4742837964
0.1290344346
0.5297007738
-2.5731590456
-1.0690960914
1.0600922741
-0.8142880942
1.1925199862
1.0084708792
0.1086085975
-1.0861464819
-1.4964857040
0.9066760248
-0.7175738695
0.6003275903
-0.3034608035
-0.3167622789
1.5948804226
0.8981429423
-0.2487485169
-0.3736011709
1.9369073934
-0.5336208784
0.5566113446
-1.7956766937
-2.3866426003
-0.6784482501
1.2744057206
1.7101109850
2.1384003246
0.3438268130
-0.8208110468
-0.6335021262
0.5646324859
0.3730330882
1.7067601580
0.0738728798
-1.8196966659
1.1300880285
0.3153829763
-0.1603972705
0.6660396440
0.6325276142
-0.4598545581
-1.8700583211
0.0755252211
0.8614862810
-0.4171438568
-2.3154425160
0.8903395264
-1.2105458209
-1.5190733335
0.5562869899
0.4241819500
-0.3772357722
0.7714291191
0.8325152720
-0.9734125377
1.4560927211
-0.5199061067
-0.3173189176
0.3689816018
-0.5976996392
-0.2719734551
0.0975138307
-1.1636722898
-1.7790216326
1.1193428663
0.9631133027
-1.2857726858
1.2747387973
-1.6414921145
-0.7718355559
-0.5883367506
-0.4574030721
0.9417914995
0.9871097028
-0.7833463089
-0.7205674389
1.0826380072
-1.6114412404
-0.5864625959
-1.1754293225
0.3299709535
-0.2294320517
1.6658494111
-1.8684823358
0.2933244463
0.9961180624
-1.8083791605
1.2458388160
0.4436608411
-1.1950355213
-0.3492217998
-0.5757184516
-1.6346134759
0.0061036792
0.2519623834
0.2752561254
0.4417280604
0.5487548768
-0.8977327555
-0.9279413112
-0.2060899666
-0.5837423613
-0.4696545479
0.5716278397
0.2652282929
-0.6821805072
-1.6726922684
-0.4347807412
0.9148065845
-0.9448046317
1.6525268337
0.5606634910
-0.1849097114
-0.0973657252
-0.8325813916
0.6935567136
-1.0704133210
1.2252380272
-0.4953611382
-0.5220213627
0.5324256523
-1.2630043794
0.4155793767
-0.4987589490
-0.8883596914
2.1093915237
0.5502796837
0.3405003409
0.0763013669
1.0806228082
1.5587460237
-1.3114429228
-0.9250517030
-0.3387978322
-0.2061914065
-0.3922847926
-1.1910008893
-0.8344272278
0.8093441210
-1.3546118062
-0.1696384609
-1.9778106337
-0.3793501174
0.2601713348
0.0207975582
-1.0435554593
-1.2923381288
-0.5137204386
0.4490431849
0.6083252013
-0.1103297235
0.6347271606
-0.0275167629
0.3707411276
-0.1244882609
0.5018995129
-0.6540864885
0.1004319242
-0.1179391399
1.0863869218
-0.9991460526
0.3985248573
1.5303602846
-0.0374104573
0.4917371099
-1.2362973776
0.4526116866
-0.4002107245
-0.9249880921
-0.0987973835
0.8720310853
0.8289867411
0.3105388572
1.5759560842
-0.0931174797
0.5536481772
-0.4616870277
-0.1296856191
-1.1947262979
-0.0445828139
-0.7147851058
-0.7409036303
-1.3130452936
0.5514335273
0.3361245319
0.2624190227
-0.2182239424
0.4260667413
1.2170624743
-1.0120951016
0.6361275095
-1.1001615844
0.2683056810
1.7288308244
-0.8306847948
-0.9881098161
0.0276672658
0.6795643888
0.6370779612
0.2557547750
-0.0913901321
0.3231921685
-0.6196008527
1.6085088849
-0.1464252002
0.5761788485
-0.7105910839
0.0609156377
-0.0468618401
0.5187942400
-1.5081980748
1.4582038312
-0.4438507416
1.8984369005
0.7744972072
0.4432466776
-0.0349511236
-0.5818374102
-1.3849678202
-1.1518921008
0.4660045040
0.4781957252
-1.4149055497
0.8739350554
-0.1486466971
0.5393899374
0.7569532280
-0.1212927504
1.8282030287
-0.2196968012
-0.7825555387
0.7793678404
-1.0950368432
0.6441697102
0.1006962705
0.0454138484
-1.2934388507
0.6747318993
0.7449015008
-1.8048441987
0.1387165361
-0.6187169478
0.8018292444
1.7841109410
-0.7229940512
-1.3433518707
0.6074988055
1.5084810911
0.0046270266
-0.4532073825
0.3083948593
-1.5129554207
-0.1271641732
-1.7754305678
0.5955842888
-1.1048003500
0.3631019588
-1.1481203554
0.9424669693
-1.2133608158
-2.0759027493
0.3530216742
-0.5979149966
0.0431332936
-0.3860346819
-0.9834032888
0.8994323716
-1.1881569991
-0.6739713543
0.1840271241
-0.3786416407
0.3275997341
1.1253628800
0.3027918224
0.3592438703
-1.3356278471
-0.1509957988
0.0364926152
-1.4051972571
0.1096302595
-0.2332372461
-0.7303635277
1.6091021512
1.8117077114
0.9050072803
0.1627879231
1.5051528290
0.7657571481
0.4453617653
-2.3318562915
-1.3308953825
-0.5931424010
-0.0588764894
1.7541147851
-0.3292646419
-0.5816690025
1.3865192566
1.3809586512
-0.2099320596
-1.6873205139
-1.4455878568
1.4916637245
-0.7880773270
0.8924488519
-2.2488224210
0.2755712216
1.0070542654
-1.4075893347
-0.3824707969
-0.0980589615
-0.6673097286
-0.5026911842
-0.2767096807
-1.2435882424
0.9656668596
0.2480023376
1.3762744254
-1.0465483894
0.9630952569
0.1561742926
-0.7134121628
-0.3044052740
-1.1010469435
0.5455958834
-0.0734696450
0.5743318595
1.2725672719
-0.1312977663
-0.5948516148
-1.9420780926
-0.8663911863
0.7869264575
-0.2406061652
-1.6190014837
0.5749470576
1.8607737830
1.4895558404
0.2763286068
-0.7952752289
-0.7428597541
-0.5110409119
0.7720517673
1.2793116965
0.4279502160
-1.3495896479
-0.7532765439
-0.2595964255
0.9431106456
-1.8366209008
0.9906203219
0.5821543702
0.2668936480
0.4737650915
0.2283626093
1.1019561661
1.6423489771
0.9723456387
0.3959861254
0.4795983911
0.2021393477
-0.6225565818
0.5156532425
-0.5054330576
0.0743211536
0.9634770386
-1.4073164420
1.0144030530
0.2836350763
-1.0845995696
-1.4436788415
0.3898651914
1.6200176554
-0.6338647745
0.9492861398
-2.0610551246
1.2064140159
0.9705308454
1.6732940946
0.9555787923
-1.0631714261
1.3458977090
0.3276142315
-0.6939823843
-1.3938972868
0.5200704756
-1.3807296278
-0.4600222039
0.2748673424
-1.1857053128
0.2066172475
-0.1120618775
0.7563950952
-0.3819376773
-1.0357991333
-0.5723916499
-1.2231492733
0.7593915658
0.1618661814
-1.0306588655
-0.2614480490
0.3664444532
-0.8544033479
-0.3186472952
0.6284913926
0.0992936553
-1.0941562587
0.1254173343
-0.7810553806
0.4406796597
0.4359019130
0.1448724467
-1.2930072977
-0.4208592561
0.6752273469
-0.7721627016
-0.1441758110
-0.4782269501
0.0477864165
-0.6667823175
0.1083669861
-0.9633347106
-2.1377195945
0.9657963661
-0.3517170505
0.8390001555
-0.9266482105
-0.5210656845
1.0004696385
-1.4444596968
-1.7733397346
-0.4767199772
-0.5522049690
-1.8599982410
0.7507583057
-0.2774679406
0.3086054063
1.2044642398
0.2133716354
-0.4498628997
1.4777138592
0.2423110319
1.7801994918
-1.1957202149
-0.5612460773
-0.6520632693
0.0450315161
0.8297597132
0.5446257643
1.3904863619
-1.4435573510
-1.2354193451
-0.0613147619
-0.4822343030
1.1973562974
2.6901552723
-1.8309336323
-1.1706329736
-0.2765037324
1.4196374136
-0.6950067016
0.1313597417
-0.6109970521
0.3961250546
-1.4333803910
-0.8690293008
-0.1186831249
-1.4672406381
-0.6345274485
1.3470295461
2.2352965335
-2.2774857725
-1.0189298510
-1.2268169824
-0.0566886402
0.2929230480
1.5056589647
-0.2377511081
-0.6252628788
0.7215123892
0.4474905315
2.3511165886
0.2929095199
2.9488273706
-0.0044504167
2.1417828401
-0.3488627831
1.3651623985
0.0921452139
1.3751324191
1.3785047827
0.2466886620
1.4807872024
-1.0831146727
-0.6266306929
0.3846196638
-1.5109465131
0.8500417156
1.9958890293
0.5038263898
-0.4182505597
0.1163852763
-0.2264200606
-0.2569768777
-1.6930617537
2.4475986658
-0.2380775780
-1.0687605756
0.4552931669
0.4360801268
-0.0727365924
-0.7314760119
0.7946341766
-0.2578487028
-1.3007341747
-1.2741003238
-0.8067919127
-0.8805983570
0.5942622533
2.0303882136
0.0773022984
-0.5781536464
-1.5858862444
0.6084838507
1.9589618957
1.3215731986
0.6994885648
-0.9339106079
-0.2331949140
-1.5132870609
0.3670296138
-0.9889399573
1.2185988476
0.4312714470
1.5867115548
0.7263590585
-0.9238719937
1.7723748935
0.9262724339
0.6765404781
1.2630567784
0.4252348034
-0.1700834995
-1.1897163214
1.3938402029
-0.0394426245
0.9865230815
-0.6314102423
-1.1158644703
-0.2179558552
-0.6423036418
-0.4483783172
1.0833150563
0.3654034385
-0.3569379052
0.8338792326
0.1203475691
0.3216371446
-0.6539831254
-0.8759252718
0.9174803552
-0.0776489447
-2.0405545938
-1.0789236231
-0.6083174521
-0.1082339181
0.7477377842
0.6947990966
0.2919070043
-2.1607828931
-0.1619155153
-1.3207824549
-2.8448364782
0.9929637606
0.0530157673
-0.9787031023
1.6194649492
0.3610667829
0.9517763476
1.0794729722
-0.3652221893
0.0271350043
-0.9093458867
-1.3394972356
-0.7496308627
