15 8 0.08
9 0 0 1 0 1 1 1 2 1 3 1 4 1 5 2 1 2 2
10 0 0 0 1 1 1 2 0 2 1 2 2 3 0 3 1 4 0 4 1
8 0 1 0 2 1 0 1 1 1 2 1 3 1 4 2 0
10 0 0 0 2 1 0 1 1 1 2 1 3 1 4 2 1 2 2 3 1
8 0 1 1 1 1 2 1 3 1 4 2 0 2 1 2 2
8 0 1 0 2 1 0 1 1 1 2 1 3 1 4 2 1
8 0 0 0 1 1 1 2 1 2 2 2 3 3 1 3 2
9 0 1 1 1 1 2 2 0 2 1 2 2 3 1 3 2 4 2
8 1
6 7
12 8
8 8
2 2
11 7
10 11
2 6
0 0 0 0 0 0 0 0 0 0 0 0 0 0 0
0 0 0 0 0 0 0 0 0 0 0 0 0 0 0
0 0 0 1 0 0 0 1 0 0 0 0 0 0 0
0 0 0 1 1 1 1 1 1 0 0 0 0 0 0
0 0 1 1 1 0 1 1 1 0 0 0 0 0 0
0 0 0 0 0 0 0 1 1 0 0 0 0 0 0
0 0 0 0 0 0 0 1 2 0 0 0 0 0 0
0 0 0 0 0 0 0 0 1 0 0 0 0 0 0
0 1 0 0 0 0 0 1 2 1 1 0 0 0 0
0 1 1 1 1 1 1 1 2 1 1 1 1 0 0
0 0 1 1 0 0 0 1 1 1 1 1 1 0 0
0 0 0 0 0 0 0 0 1 2 0 0 1 0 0
0 0 0 0 0 0 0 1 1 2 2 1 1 1 1
0 0 0 0 0 0 0 0 2 1 1 1 2 1 0
0 0 0 0 0 0 0 0 1 0 0 0 0 0 0
0.7664807864
1.6295690145
0.7216477141
-0.3418240939
-2.9946591568
-1.3878240644
1.2444310058
-0.0596246908
-0.5227000634
0.3337445651
1.0774154161
-0.2177719644
-0.7956974444
-2.0038965193
-0.6563221003
-0.4935639448
-0.5791328323
0.8606478972
0.3654598971
1.7569296689
-0.1981008219
-1.3594403295
0.6772412808
1.4873078207
0.8073861342
-0.7597468725
-0.9535581185
0.1408710253
-1.7395830517
0.0011647866
1.2390882622
1.0450209367
2.6212450403
-0.0941161974
0.2423048798
-0.2798057549
0.3015152890
0.4971158145
1.1765653375
-0.2844558628
2.4604564468
0.5505514347
1.5386343072
1.0826658154
0.0207199271
-0.8280990653
0.7012971032
-0.2610036624
1.5040088888
-0.3505317252
0.3475962724
-0.6206749020
-1.1884628460
0.7201786504
-1.4432647763
-0.8923176296
0.6339315444
-0.7838548525
0.1890449118
-0.3193341968
0.3670609519
1.2098770622
-1.2853353371
-1.5072350786
-1.1312432047
-0.0815980728
-1.0801364023
-0.4862549219
-0.2807520031
0.5456281419
1.5292959360
1.5932384158
-1.2484291481
0.0788757325
0.3563735550
0.6567371968
0.7006680247
-2.5150496770
0.0743757668
0.6053868181
-0.0082375923
-1.0774242667
-1.9839908085
-0.9037453312
-1.3682628751
-1.2174512757
1.1430679425
1.4623901596
-0.3885395543
-1.0629194784
-0.2803174288
-0.7735135167
1.8561185011
0.7636369557
0.7283738265
0.7366691847
0.9691357465
-1.1370539121
-1.9862779274
0.6227318823
-0.7433273110
0.1257987028
-2.0075441932
0.8907261540
-0.6471111109
0.6038506055
-0.4010393670
0.3155772034
-0.4727376450
0.6033666538
0.0808677753
-1.7313205543
0.5892232699
0.4238143893
0.0057655615
-0.2783787052
-0.0658759931
0.0198729642
1.2137035188
-0.6074137549
0.4993186308
-0.1521710918
0.2321989818
0.4475438121
2.3140561801
-0.1589692859
0.6883030381
-0.8409035468
-0.4300482482
-2.3452840612
0.4923313313
0.8985208499
-0.4351693775
-1.5666046797
1.0484359905
0.5012735905
-0.0736942663
-1.2872033789
1.7130209774
0.9407668736
-0.3652086177
-1.3605898507
-1.8206473277
-0.5057148137
2.1084914022
-1.2519183559
0.9771684370
0.1998553185
-1.2925290774
0.7776528080
-1.4199129061
-0.5699743697
0.5244226335
0.1086598590
0.6794526647
-1.0280058904
1.1798988133
0.2144527428
0.8258109544
-0.1964683831
0.6601030822
0.9798044028
0.4428875318
-2.6771565018
0.4109141229
0.0940416172
1.4796147847
-0.9699700662
0.4217390275
0.0250072059
0.8809635999
0.1203452870
-1.0195271576
-1.2288299944
-0.6083224625
-0.8397063824
-0.0828625283
-1.6097022808
1.0279901501
-0.5182666538
1.9132949085
-0.1604704034
0.9346519875
1.1288080483
-0.0307071859
-1.4525303725
-0.0079791306
0.8528613875
1.7030565973
-0.9760223556
-0.7936138503
-0.9045982687
0.2489613742
0.7716488435
0.9664833068
0.1218531862
1.0257955704
-1.4245890625
-0.4170169952
-0.0126520825
1.3401626848
-0.9561085195
-1.7421246680
-0.6425942140
0.8593758221
0.4481947716
1.5802608074
0.1831873800
-1.5379921585
1.2173276483
0.2163524327
0.4425494854
-1.2896905555
-0.8258600719
1.7062035198
0.0021284762
0.3446318459
-0.9506476377
-1.0000181548
-0.4724360294
-0.6055990132
-0.8742775656
-0.5277850877
0.9189888830
-0.2694358608
0.8918479156
-1.7247076523
0.5813882129
-0.5540779519
-1.3721718570
0.1256469396
1.1287529349
0.1777948655
0.5780875772
2.7965378730
-1.4816345913
-0.7322465850
-0.6945894065
0.3663770217
0.5767988830
0.1450384373
-0.3236744014
-0.6419221672
-0.7987514897
1.5290618732
0.6612023376
-1.1166383928
-0.0926846780
-1.4222264434
-1.3069198875
1.6324614461
0.6055612914
-0.1172762167
-0.4456142489
0.0707103093
-2.3916364106
0.8601472109
0.5781979446
1.1501729707
-1.2103027878
0.9276145754
-1.0435333583
0.7976489906
1.1213181636
1.0877149542
1.3987115710
1.8348599273
-0.8605793966
-0.4380081831
-1.3166385613
-0.6662174505
1.5333898659
1.3490551821
-1.0211473835
-0.4464715606
-0.5264518772
-0.5419830446
-1.2637418278
0.6363016862
-1.1950096782
-1.6726869570
0.2809591568
-0.3895510897
-0.9323078154
-1.4636676670
0.6664525916
-1.3910236051
0.9138467093
1.1227751148
-0.6129138622
-0.2940642697
1.0002739668
-0.6332284205
0.4332630681
-0.8508717494
0.0841098966
-1.0063471125
0.0208697128
0.7358149214
-0.9011744572
-0.8483231120
-0.1520690882
-1.3818869238
-1.0091053504
-0.6346178667
-0.7010671505
-0.3905646302
-0.0946131357
-1.2059747378
0.0947828508
-0.3776184061
0.5382979388
1.3893168940
0.7214581526
-1.5178486270
1.4410208422
-0.4898676821
1.0054706419
2.9644629746
-1.2377137173
-0.6614054918
-1.6135920879
0.1646383627
0.0195036044
0.3151521334
1.4504967824
1.4032587606
-0.3415893797
-0.6723820614
0.4902951417
0.4357585112
-1.0146416760
-1.8544087395
1.4905865764
0.6794006039
1.1274449915
-0.2018202276
-1.0976074498
-1.4142790287
0.1120861572
1.2515454036
0.5545865584
0.9269142982
0.1529112168
-0.1317531818
0.9809270394
0.6560600082
0.6110169820
-0.3484803535
-1.7301361506
0.0349971776
-2.2075977109
0.9348128883
1.0535851617
-1.3937096245
-0.5220795671
0.9861178549
-0.7245178189
1.3775276524
0.5291617715
1.1231254124
0.3750043834
-0.5475094710
0.1910562534
-1.4420446875
0.2428944476
-1.9837943158
-0.1671159219
-2.6532389465
0.3677163910
-0.9474616128
-1.8605548960
0.2715770994
-0.7231709933
-1.0147487061
0.4168894244
-1.4287241858
-1.5060066736
0.6806218261
-0.5059224042
-0.2894193919
-1.2380364054
1.5967080844
-1.8996212166
-0.9317487482
0.6978617068
-0.3594281422
-0.2917896059
-2.6212876822
0.3800089101
0.0859488487
0.1341175808
0.9464152884
-0.8044124053
0.5076453780
0.7046200267
-0.7243791414
-0.4898137425
-1.7516111692
0.1803651754
0.2896706244
0.5440249010
0.5704460537
-0.7324518199
-1.4622321321
0.9238750864
-1.4504512342
0.8218613869
-1.6137355677
-0.4933302130
-0.5983800575
0.2023717489
0.5260458061
0.3960157020
-0.0093723556
-0.5795615238
0.8433191882
-0.4652463358
-0.9986868835
-1.3930315420
0.4634577129
0.9277956035
-0.2002517674
0.1320225500
-0.4488280306
-2.2042126289
0.3631731679
-1.2208510567
-0.3962412086
-0.8015585437
2.0612232205
0.8848313095
-0.0230662935
0.0697119528
-0.9744646045
0.1072444121
-2.5989379652
-1.1544017185
-1.9039613110
-1.1389605976
-1.4514967753
-1.0794152357
-0.6107897848
0.6014357232
-1.1119919406
-0.7438759735
1.2788735782
-0.3261169151
-1.1040919256
0.1134536530
