18 7 0.07
16 0 1 1 0 1 1 2 0 2 1 2 2 2 3 2 4 3 1 4 1 4 2 4 3 4 4 5 0 5 1 6 0
16 0 6 0 7 1 0 1 1 1 2 1 3 1 4 1 5 1 6 1 7 1 8 2 3 2 4 2 7 2 8 3 4
16 0 0 0 1 0 2 0 3 1 1 1 2 2 2 2 3 2 5 2 6 3 2 3 3 3 4 3 5 4 2 4 3
16 0 1 0 2 1 1 1 2 1 3 1 4 1 5 2 0 2 1 2 2 2 3 2 4 3 0 3 2 3 3 3 4
16 0 0 0 1 0 2 0 3 0 7 1 2 1 3 1 4 1 5 1 6 1 7 2 2 2 3 2 4 2 5 3 4
16 0 2 0 3 1 2 1 3 2 0 2 1 2 2 2 3 2 4 2 5 3 1 3 3 3 4 3 5 4 5 4 6
16 0 3 1 3 2 1 2 2 2 3 2 4 3 0 3 1 3 2 3 3 4 2 4 3 4 4 5 2 5 3 5 4
11 1
11 1
11 1
11 0
8 2
6 1
3 13
0 0 0 0 0 0 0 0 0 0 0 0 0 0 0 0 0 0
0 0 0 0 0 0 0 0 0 0 0 0 0 0 0 0 0 0
0 0 0 0 0 0 0 0 0 0 0 0 0 0 0 0 0 0
0 0 0 0 0 0 0 0 0 0 0 0 0 0 0 0 1 0
0 0 0 0 0 0 0 0 0 0 0 0 0 0 0 0 1 0
0 0 0 0 0 0 0 0 0 0 0 0 0 0 1 1 1 1
0 0 0 1 1 0 0 0 0 0 0 0 0 1 1 1 1 0
0 0 0 1 1 0 0 0 0 0 0 0 0 0 0 1 1 1
0 1 2 2 2 2 1 0 0 1 0 0 0 0 0 1 1 1
0 0 1 0 2 2 2 1 1 1 0 0 0 0 0 0 0 0
0 0 0 0 1 1 2 2 0 0 0 0 0 0 0 0 0 0
0 2 3 1 1 0 1 1 1 0 0 0 0 0 0 0 0 0
0 3 4 3 2 2 1 1 1 1 0 0 0 0 0 0 0 0
1 2 2 3 4 2 1 1 1 1 0 0 0 0 0 0 0 0
1 0 2 2 2 2 1 0 0 0 0 0 0 0 0 0 0 0
0 0 1 2 2 1 0 0 0 0 0 0 0 0 0 0 0 0
0 1 1 0 0 0 0 0 0 0 0 0 0 0 0 0 0 0
0 1 0 0 0 0 0 0 0 0 0 0 0 0 0 0 0 0
-1.0570013512
-0.9328984144
1.0007112461
-1.2340843611
0.9758443921
-2.0983651577
-0.7168635860
1.3546690795
-1.1345405354
-0.0556189195
0.2218051718
0.4690171006
-0.0425171866
-2.1694952329
-1.8911455514
1.4484701983
-0.8104424359
0.6699095345
1.5277138779
1.2284977898
1.4761157781
1.1591966586
0.2506036348
-0.7091270875
1.6610710434
-0.6454050284
-0.5875891214
0.1586985749
-1.1657362014
-0.9049021129
1.3328290501
0.2779195607
1.3697721746
-1.0963988320
0.1567925198
-1.1294330170
-1.0714429255
-0.4372259145
-0.1801689977
1.0663717908
-0.2769223191
0.6375921299
-1.1357462687
0.1621752902
-0.2952089790
1.3674047735
0.6167000642
1.9389610346
-0.1711524507
-0.7638520904
-1.6369501080
-1.1506790396
-0.8991362273
0.9691340115
0.4842277307
-0.0317043378
1.2146583716
0.3610862446
-1.6041158063
-0.1162162970
0.1545117952
0.0058870920
0.3778459134
-1.4147633361
-0.2363303956
-0.9809213688
-1.2425114600
1.5101337493
-0.6777024848
-0.9061672873
-0.4799289378
0.1295835627
-0.6911494119
-2.3014022883
-0.5273596008
1.1799709042
1.7717561443
-0.5696477625
0.6434128428
-2.6895399829
-0.6550528296
0.2957295586
-0.1493363208
0.1095663383
0.0107433140
-0.7704062032
-1.9140987178
-1.4370069273
0.6624817138
-0.0559106225
2.7684242811
0.0236178367
0.7182728248
-0.0515992275
-1.2505414475
2.6922589556
-0.0184868309
0.8768014569
-2.1448570038
0.9196841940
1.4875214918
0.1605743878
0.7769041803
0.6249526801
0.4818500203
1.1206786232
0.7494256820
1.9810324478
-0.3816596377
0.0843154555
-0.3115805574
-1.0094128551
0.7548934862
0.6835984978
0.7787890273
-0.7527907861
0.2578892139
0.9031030241
0.9051843241
0.7715204837
-0.8262632799
1.6299637724
-2.1030087289
-0.9483647807
-0.4728240325
0.7239214701
-0.1230413373
-0.8580909324
-0.8480034072
0.5716574053
0.6521134222
-0.5226932527
-0.1506081622
-1.3679342886
0.3391959856
0.3785857580
1.6690743619
-1.3144530785
1.4688442690
-0.0908411084
-0.0482507107
-0.5965858454
0.5372591050
-1.5558206470
-1.5032233611
0.2483423817
-0.9114765363
-0.3427832168
-1.8015516018
0.3780991572
0.5847314636
0.6938622156
1.1493389291
-2.1933902157
-1.5316400421
-0.8799328956
-0.8443468978
0.0453768196
-0.5468545674
0.1279072497
0.8669969129
-0.3945254747
0.2819144191
-0.1035565144
1.9582821416
0.7704119979
0.5711713164
0.3254498748
-1.1059033705
-0.3547024189
0.0151354678
1.6790485908
-0.5022471946
-1.7908569201
1.1688495097
-0.3251176173
-0.7862740343
-0.0444606101
1.3139070435
1.6982188370
-1.3856522578
-1.8699724852
0.1102370203
0.1126516343
1.7613149076
0.6345870225
0.3430680497
-1.3033845431
0.4699162161
1.1375492592
2.4174725118
-1.1412895244
-0.4576598125
-0.1721688452
0.5705240880
0.3022439555
-1.2009631190
-0.8375634231
0.2790871472
-0.3397484152
0.0125791445
-0.6797639604
1.2153389446
0.1933091414
-0.2494410685
-0.1974782506
-0.4035768330
-1.7761400192
-1.1801332294
-0.4174872738
-1.0452119967
0.5586179165
0.4134399442
-2.3379072559
-1.2040350226
1.3911226514
0.5748651200
1.1013761483
-0.1711725081
0.1945924046
-0.7143283961
0.5934921131
0.1152765453
2.2811310319
0.7042707992
-0.7190937862
-2.0756420303
0.9517739381
1.8682685350
0.4049611224
-1.0874049686
0.5651247006
0.9919494190
1.2181782358
1.3662376310
-0.1953300541
-1.5098816728
0.3476675178
2.0271657274
0.7764493124
0.9739093998
-0.9058863977
-2.0866483462
-2.0543516503
2.2573144071
1.9281521905
-0.0356575242
0.1412339065
-1.0100423376
-0.2968161873
-0.3835351547
0.8284168319
0.3116295058
-0.6668312953
0.9126302035
0.2782160131
-2.2978745214
0.6487738535
-0.0043397116
0.0677881857
-0.1457135998
1.6637013084
0.5837350195
0.7659931855
0.3140908562
-0.4545786417
0.4236957095
-0.9959325343
0.0112708090
-0.0370859996
1.2874555963
0.3093070818
0.2625599653
1.1974958848
-0.1828810077
2.0764609648
-1.1447768084
1.6059166652
0.7123773952
-1.1083494528
-0.4099118266
-1.0604290523
0.5260381576
0.6709425257
-1.1118352723
-0.3539042601
-0.1183944718
0.7043821647
-0.0141229691
0.8063528058
0.2193205669
0.3483164905
1.0632867507
-0.6088160061
0.1193372263
-1.3243980575
0.5156215710
-0.3251529399
0.4631292980
0.3922025455
0.3786889490
0.5162542865
2.4650561642
0.0070587876
-0.6090180304
-1.4999018202
-0.1523236866
0.0115763679
-0.5229216528
1.5255154382
-0.3674442311
0.3164240295
0.8612443254
-1.2167906852
2.5373479483
2.1170614915
0.1418907246
1.3964464700
0.7365963106
-0.6758713246
1.9692365059
-0.3666550000
1.4119916759
-0.4943494323
-0.5128156709
0.6828413657
1.4382186227
0.9868030104
-1.0969644623
1.5021808678
-0.3993056544
2.3363004736
-0.0954628414
0.3851677017
0.0680244563
-0.8612247500
-0.2043582827
-1.3672147549
-1.2943955242
0.8561249334
-1.5946854403
0.8790468680
1.4340782865
-0.1328171742
-0.8199006438
1.7839821946
-0.0683622966
-0.3684546288
1.8474342758
-1.3703254034
-0.3677411547
1.5592707786
1.0950901836
1.4643478012
-0.9252068682
-0.6637844141
0.5119293533
0.5561219872
-0.4401486223
0.1195660612
-0.2695516763
-2.3317715130
0.5384167282
0.2600866322
-1.6360650876
1.8227916253
1.4354324719
0.8037402999
0.9680428539
0.1980717738
-0.4715443275
-0.0333269239
-0.1722035297
1.3943849649
0.7256894347
-0.2195279189
0.1281055945
-1.6100687794
-1.4013850570
-2.6440362869
1.0122437005
0.4260756213
-0.0204170288
0.3838230400
0.2161139753
-0.1082543274
1.2770066641
-0.1911469833
-0.7914426125
0.1158908310
1.9787484391
-0.4900517057
-0.3700743388
0.3386729048
0.7761794101
0.5570076921
0.4969542072
0.0503254244
0.0388902294
0.5593828706
-1.7741339303
-0.4885092013
0.6203756804
0.2190510865
-1.8673535274
0.3680769259
-0.8136164168
-1.1389789562
0.5823365908
0.1151111770
-1.9711175572
-1.8474966669
-0.1972660399
-0.5158186923
-0.5670927048
-0.0643772316
-1.8798984958
0.7984835937
-0.6008776959
-1.3199360538
1.3878724509
-1.7265308174
0.1415384365
-0.9276943253
-2.1125428146
1.1623040408
-0.4053654439
-0.1916629442
1.2908864148
1.0549370883
1.4388993046
0.6762975074
-1.2893155229
0.3408023356
0.4080028957
0.3758242343
-1.2433171731
-2.2389789131
1.1558922586
1.0297420129
0.3470435216
-1.7280998169
-0.0340619924
0.6356420141
-1.5779921760
-1.6210337242
0.7993962320
0.8095020935
0.6072283910
0.0995548905
-0.3506847551
0.1881143910
-1.0706047304
-1.4409431814
0.8435726626
2.2887157240
-2.1628709652
-0.7155744548
-0.5653416899
-1.2134696947
-0.7960314834
0.6264105513
0.7507246385
-0.0972289525
1.7386544312
-0.2219035115
-1.3603483601
-1.8251514832
2.3734099412
-0.3370566671
0.9475986383
0.8785803322
0.8007465152
-0.6318140288
-0.8699217331
0.1271251452
-1.9320128967
0.9866592922
0.9080310517
-0.0225601818
-1.1509734789
-0.3541718838
-0.8397195297
0.4412990771
-1.1317944693
0.3453527253
0.3431833871
-0.1425063672
0.0971927859
1.4080627508
0.4524463138
0.0423292265
-0.4449541851
-0.1986522428
0.7485879598
0.2725386411
-0.1773138187
-0.8676382367
-1.0044324813
-0.9834478553
-0.1131615360
0.8772255731
-0.0256275031
-0.5549380097
0.8046301518
-1.0146053547
-0.1383295419
-0.3297249577
1.4974050948
-1.6950166454
-0.7595353411
1.2914079503
-0.2389270211
0.6426433740
-1.2658312377
-0.3222214096
0.5142728368
-0.7944428152
1.8419597853
1.0123206319
0.2453934919
0.3434461063
-1.2110622132
-0.0827996400
-0.6859176212
0.7306529199
-0.2027416874
-0.0054943209
-1.9788990884
0.7922848402
0.9672775353
1.1213800953
-0.3603288846
-1.5588618048
-1.2761021449
1.3993176521
0.8654461449
0.0144692768
-0.0628792814
-0.2775671683
-0.3528493004
0.3508109374
0.6648483972
0.0287469065
1.9166481587
0.9282778296
1.2264403219
0.5319607472
-0.4523483950
-1.6190198067
-0.9698922808
1.4405093852
-0.9318122349
-0.5391994946
0.3516540394
-0.0127643730
0.4580279947
1.3817315385
-0.0735233828
0.0701609264
0.0571996579
-1.2794574123
-0.3704279349
-0.7774806253
-0.5464852967
-0.2208691315
0.7793024358
-1.7155046145
-0.2179197588
0.3522134695
-1.1719031840
0.5241550728
-0.0092936157
-0.2264126387
0.9754273301
0.1628528770
0.6126208807
0.9597384961
-0.3479411898
-0.0389460970
1.5786908760
1.6617511540
-0.8058911241
-0.4735985764
1.8963762823
-0.6891340565
0.4042606696
0.3301257195
0.3888097041
-1.9406464475
1.7098410772
0.3484786955
0.7537855763
-0.5933066969
-1.4157524850
-0.3113205514
-1.1111632552
-1.4724102707
2.6861408838
-0.6323315210
-1.0407798834
-0.6878950552
2.1138023569
-1.6446912161
-1.1426160035
0.2074877717
-1.5881165160
0.8319959321
-0.2774912140
1.8818576160
-0.1874533512
0.1029248593
0.7391774821
0.4964568603
-0.3412180205
1.5906528698
0.4310538037
0.7368726794
0.6976384852
1.1909634358
0.4325116284
-0.4197358126
-0.2138342694
-0.7414745225
0.4732961641
-2.6698623961
-0.9234978436
1.2585638718
0.6163297272
0.5766189376
1.3124726963
-0.5986928092
0.8558117088
0.9282869975
-0.1630528003
-1.2219888274
-0.5226953886
-0.2303025479
0.1231837008
-1.3185110022
-0.0145750788
-1.2647774219
0.5762216836
1.0793856898
0.0241470407
-1.5553909643
-0.5523892086
0.3050352642
