19 9 0.17
9 0 0 1 0 1 1 2 0 2 1 2 2 3 0 3 2 4 2
14 0 0 1 0 1 1 1 2 2 1 3 1 3 2 4 0 4 1 5 1 5 2 6 1 7 1 7 2
12 0 2 0 3 1 0 1 1 1 2 2 0 2 1 2 2 3 0 3 2 4 2 5 2
14 0 3 0 4 1 0 1 1 1 2 1 3 1 4 1 5 1 6 1 7 1 8 2 2 2 3 3 3
13 0 3 1 0 1 1 1 2 1 3 2 0 2 1 2 3 3 0 3 2 3 3 4 1 4 2
5 0 0 0 1 0 2 0 3 1 2
9 0 1 1 0 1 1 1 2 2 0 2 1 2 2 2 3 3 2
13 0 2 0 3 0 4 1 0 1 1 1 2 1 3 1 4 2 0 2 2 2 3 2 4 3 3
9 0 1 0 2 0 3 0 4 1 1 1 2 2 0 2 1 2 2
10 4
9 13
1 13
2 9
4 15
8 13
13 1
8 0
0 9
0 0 0 0 0 0 0 0 0 0 1 1 1 1 0 0 0 0 0
0 0 0 0 0 0 0 0 0 0 1 1 0 0 0 1 1 0 0
0 0 0 0 0 0 0 0 0 1 1 1 1 2 1 1 0 0 0
0 0 0 0 0 0 0 0 0 1 1 1 1 2 2 2 1 1 0
0 0 0 0 0 0 0 0 0 0 0 1 1 1 0 1 0 0 1
0 0 0 0 0 0 0 0 0 0 0 0 1 0 0 2 1 1 1
0 0 0 0 0 0 0 0 0 0 0 0 0 0 0 2 1 0 1
0 0 0 0 0 0 0 0 0 0 0 0 0 0 0 1 0 1 1
0 0 1 1 1 0 0 0 0 0 0 0 0 1 1 1 2 1 0
1 1 1 1 1 0 0 0 0 0 0 0 0 1 0 1 0 0 0
1 0 1 1 2 0 0 0 0 0 0 0 0 1 1 1 0 0 0
0 0 0 1 1 1 0 0 0 0 0 0 0 0 1 0 0 0 0
0 0 0 0 1 1 1 0 0 0 0 0 0 0 1 1 0 0 0
0 0 1 0 1 0 1 0 0 0 0 0 0 1 1 0 0 0 0
0 1 1 1 0 0 1 0 0 0 0 0 0 0 1 1 0 0 0
0 1 1 1 1 0 0 0 0 0 0 0 0 0 1 0 0 0 0
0 0 0 1 0 0 0 0 0 0 0 0 0 0 1 1 0 0 0
0 0 0 0 0 0 0 0 0 0 0 0 0 0 0 0 0 0 0
0 0 0 0 0 0 0 0 0 0 0 0 0 0 0 0 0 0 0
0.4611414603
1.0357951236
0.1295385710
0.0952184008
-0.6886779201
0.3766282564
1.2884586804
-0.6014596415
1.0545420084
1.1797094893
1.2508339785
-0.7511857747
0.4180663065
0.4106628462
0.0464387839
-2.6777036978
-1.6944593685
1.3339312536
-0.9362168889
-0.3500492897
-1.6109190433
-1.0329579506
-1.1909069683
0.9213788675
-0.4084965782
-0.5631788377
0.3257476107
0.2926176460
-0.4819453696
-0.5999903484
0.5311356465
1.8936843015
-0.0722890068
-1.4404351238
-0.9022923215
0.7136859757
-1.3572806672
0.0208346514
-0.1417280216
-0.0914319216
1.4914529144
-0.1694553395
-0.0968903308
1.1813693163
-0.2626703434
-0.0226991860
0.0096234487
-1.1583001281
1.6709616623
0.5301339872
1.8068289025
-0.2439974094
-0.2456326895
1.3501236577
0.7783216008
-0.5758394050
1.4153434875
0.7235159227
0.9884343457
-0.1507924415
-0.8994393921
-1.5179531412
-1.6102163637
0.0430391793
-0.7625475774
-0.2317575729
0.1220743043
-0.2888673621
-0.0670827727
0.4869325130
-0.3528084955
-0.7151979441
0.1176481108
-0.3590941330
0.3366131748
0.1128687081
-0.5486344812
-1.6101066179
-0.7226916067
0.9330041997
1.4344079757
-2.3579614847
0.9491928678
-0.0048022619
-1.0191275595
1.6522648256
1.6365201402
0.9118969894
-0.3464336420
-0.7175034736
-1.7516441460
0.6022890140
-0.7185478959
0.6909463513
-1.0887216440
0.3236919873
1.3125585586
-0.8534849651
0.3957411500
-1.8272417542
-0.0162534307
-0.3074951520
0.5441485012
0.1036888550
-0.6553806435
0.5347172524
-0.4306910640
-2.1390089702
0.4176504557
1.9489571051
-0.0586930581
-0.5848057363
-0.3383167660
-0.0164319849
0.7579566036
0.2895424243
-0.5703936327
-0.1477774706
0.4906231680
-1.1023482528
0.6055531937
1.5247236206
-0.1673940785
0.8585537688
-0.8705743593
-3.4383393735
-2.2014313699
1.3029492955
0.5565844768
-1.7326334839
1.7607213547
-0.5159312812
-0.3462822329
-1.7071029574
0.8251779660
-1.6157102987
-0.5318608611
1.3272544718
-1.0177264744
1.9838533280
0.9877488265
-0.7902997281
0.3483923087
0.7964889573
0.2377460162
-1.3647498510
-0.1351631203
-0.4287773701
-1.1407497831
-0.7676175048
1.8464556195
0.4953711812
1.0926072561
-0.5949774608
-0.2508137965
-0.6578317707
-0.3728153592
-2.6968930786
1.6273484665
-0.0101591256
-1.0020413751
0.5144228704
0.7846294376
-0.7942881782
0.3719988393
-0.5123860666
0.0337212719
-1.2122708686
0.0197306725
-1.6694248290
0.5528588868
0.2485092727
0.2916763384
-0.4056270277
0.6146934725
-2.5117724717
-1.5735985809
0.2731329062
0.9685712631
-0.1643110602
0.8402474459
0.1119721198
-0.2165092123
0.8760942995
0.9928845410
-0.7650166794
-0.3336975761
0.6017187858
1.1333238920
-0.3682124292
0.2505107262
0.0942046976
0.4231326473
-0.5347288330
-0.5388421419
0.8418957940
0.4065105126
0.1116614901
-0.1819830049
-0.1445228846
-0.2954469441
2.0869242348
0.3295266712
0.0589045066
-0.6028611908
-1.0716215410
-1.6365140365
2.7148716777
-0.7270438225
0.3434370393
1.8781995515
-2.6909731024
1.7593436447
-0.0318864029
0.6797306662
0.6149679030
-1.0970827823
-0.4252375855
-0.0577300280
0.3048167252
-1.0815715232
0.9239478768
-0.6082018926
0.5685482381
-2.2246373883
0.2357132121
0.2988928743
-0.2231466894
1.2620118938
-0.4899409014
1.2249808587
1.2448829146
0.1292649713
0.6726000951
0.8244035039
-0.2243437611
-0.2076944395
0.6866847406
1.4848654573
-1.1845416032
-0.3754348555
0.3948626043
1.4783737523
-1.0238054227
1.0286729274
0.1881932275
1.5973147498
-0.1777714632
-1.0691574674
-0.7157137414
0.0968047770
1.1933657893
-0.7380254641
2.3265973177
-1.4607952634
-1.6507439193
-2.1343049426
-1.0668245042
0.3272233131
1.1471563094
0.3519476892
-0.2752422817
1.8450671627
1.6240223465
0.1674188508
0.0860876286
-0.2610404399
1.0033337749
0.6380361044
-0.3414631711
0.4993766949
0.9382546703
0.8647297654
-0.2186081741
-0.6742577705
0.8999655271
-0.4144898697
0.1258920023
0.3629886981
-0.1074432272
-0.7941471485
-0.1619412421
1.1039610206
-1.9652559842
-1.9197826193
0.0741323426
-0.5924813519
-0.7970148221
-0.4906987568
-0.1644820507
0.5837859090
0.4115230029
0.6842295321
1.2432465875
0.9210313148
-1.2503826120
-2.1150272630
1.6957016093
0.0566694774
0.3794449050
1.2902949122
-0.3084137413
-0.1406449804
1.0329110898
0.4547476002
1.0470065566
-0.5495024922
-0.2133098162
-0.8451268573
0.7748076326
0.8214502064
0.1369631493
0.3267143213
0.2636312081
1.9542331453
0.4034131715
-1.0943377937
-0.7532584974
-0.7107106777
-2.6246734955
0.5619358222
1.3957169097
0.8645646151
-0.7354062294
-1.2267757735
-1.6466284979
-1.0480219030
-0.2310812990
0.7688334682
0.4914160616
0.6834135018
3.0332830241
-0.7684113109
2.9536918060
-0.0083711977
0.0707322417
0.7427488048
-1.4823235635
-0.1881722076
-1.3260638135
-1.1151881303
0.8116095202
1.1394205814
1.8905965473
-0.7342020809
0.4763159762
-0.2951899310
-0.7318443376
1.1646893362
-0.3877830853
0.2829572338
2.2342441200
-0.2619731323
-0.4366066543
1.2216984280
-0.3809800330
-1.5453986318
0.1942529599
-0.6493758716
0.3172484932
0.0122825572
1.2956706170
-0.8519111079
1.4210529014
-1.2738783817
0.6651261411
0.4633094896
0.0322727862
-0.8331919473
0.8167967416
0.1877885517
-0.3466866800
1.3799783411
0.7916668050
1.5849797190
-0.0891647096
0.4721230297
1.0361914431
1.8088816560
0.6102401184
-1.6687321804
0.9278901740
0.2199884942
-2.8099543161
-0.3873702727
-2.6259123232
0.6772554416
0.6912110901
0.7699385183
0.6366574691
-1.1432392244
1.0636276550
-0.1113273799
-1.4808696275
-0.1792932911
-2.5511799781
-0.1811966462
1.1144826962
0.6553434558
-0.4195087448
1.0160768413
-1.6652491862
-2.5517782111
-1.1460251985
1.2555573262
0.6832472926
-0.3986005543
1.1691562646
-0.3740680554
0.8895475987
0.0108557030
0.6654173882
-1.3011449174
-0.3928426224
-0.1627304063
0.2158526579
-0.7760460295
-1.3245805027
2.2358728155
-0.6235547005
0.7931476454
-0.7845783666
0.3128830091
-1.2284246512
0.3680182207
0.0422047780
0.8483367171
-0.5713077278
-1.1364095557
0.5993232491
-0.7536691492
-0.7658871596
1.2832757466
-0.8188051206
-0.8679158030
-0.0660275751
-0.4510577530
0.2969430357
0.0664691788
-0.8023170750
-0.5140602230
0.1118608186
0.3693179017
0.1932793816
1.3137898366
0.8780607083
1.5161654554
-1.1750806106
-0.5606943042
0.3936878101
0.6989095360
0.3576817644
1.3558908592
0.4982059488
-0.9150588648
-0.3512831895
0.5707546524
0.6468338025
0.5403344704
0.2396969204
0.4585406469
0.2481534624
0.7199805798
0.5175789915
0.6203358805
-0.7104850240
-0.5392364884
0.2664054173
1.9412920977
1.9083692847
-0.6719903380
-0.4804918177
0.6651666116
-0.4600041174
0.1040916920
0.7471154543
-1.0033496268
-0.6455494905
0.8431341037
0.6944545780
-0.7601687860
0.6247337024
-1.3297539110
0.1326032663
-1.9514107459
-1.0190111236
0.9679773664
-0.3644269051
0.8319694572
-0.8933648334
0.8722288325
0.7186138401
0.9356434708
-2.1770773518
0.0194605154
0.1051489143
-1.6140278404
-0.9599835282
0.0382942256
0.1401489339
-2.0990332553
-0.9595456229
0.5156765874
-0.4261732928
-1.0593339970
-0.8279020142
0.6884410645
-0.1647092237
-0.7480485028
-0.0460562972
-0.0945813425
1.1438326080
0.8054093800
0.0839739830
-1.0541691558
0.0634814538
0.2521855653
-0.0450296193
-1.1549575373
1.7309740395
-2.2707868325
-0.5516230394
-0.2735928863
0.9858267560
-0.3828378740
0.9353480932
2.0388076414
0.1438366542
-0.1535183791
-1.2115730541
0.3312244742
1.1121977766
0.3814905260
0.7426295237
-0.3557352091
0.8939542197
-1.5723959637
-1.2578022046
1.8211442846
-1.9027870793
-0.4632857414
0.5358323596
-0.4367780821
-2.0311305647
-1.2591520864
0.0321942745
-1.5416372582
0.6680003105
-0.2544114124
0.4706388957
-1.6002665072
0.3485804397
0.9406106166
-1.3865155953
1.2206404605
-1.0154206642
-0.8873249693
-0.7774498865
-0.9451777582
-0.5397880103
-2.4153380862
0.0599564843
-0.2319356477
-0.1796589350
-1.5213806282
0.2214370324
-0.7601262933
-1.0706536642
0.3868643637
-0.7191231722
-0.0539498467
-0.6490865928
0.5493924691
-0.0005826599
-0.5037012872
0.1812700987
0.0685569204
-1.3912850550
0.7884071630
0.7747655892
0.3010000994
-0.3969793556
0.1527940498
1.0160180637
-1.3114103943
-1.6062751244
-0.4302243959
0.8624831446
0.4482638355
0.8785359327
0.0694542836
0.1672241258
-0.5113665390
-0.0884200185
-1.2826678357
0.8620606622
-0.4291225235
-0.6883464749
-1.1279656784
-1.8656875063
1.2154143892
-1.0094018378
-0.0164912996
-0.9727497399
0.0237597473
1.4828510364
-1.9039268641
0.2594395203
0.6168748013
0.4631886712
1.2469629496
-0.1407915730
-0.1013681739
-0.1384807333
-0.2761019390
-0.9427804535
0.5690628414
-0.0726699486
0.5635856682
-0.2944333864
-0.3818797797
0.3942097559
0.8043775033
0.3518871387
0.4956951181
-0.5191902898
0.6245558835
0.4613567975
-0.5457028491
0.4844219999
0.9367069024
0.7065202306
0.3858214904
-0.6785511789
0.7361992169
0.1931825085
-0.9716850554
-3.1059365448
0.9132130676
0.8633961619
0.5324811158
0.9130818172
-0.8492161184
1.4898370090
-0.2515707306
-0.5850318120
0.8127340867
0.5454748879
0.2050732333
0.5531350876
0.3075304082
-0.8917786960
-0.4306809533
-0.2651287980
1.7679887033
-0.6635675940
-0.1555265358
-1.3990944509
0.6718605655
-0.4811438193
0.5753071413
-0.4892459441
-0.0893075448
1.2854033448
-1.3829808583
0.2170960923
-0.2626823106
-0.3756145801
0.2954260965
-0.0322125226
0.9717690474
-1.5799044539
0.1057573309
-0.1847060283
0.2292867223
-1.1518276483
-0.4110557924
-0.3353936210
0.9631067639
2.0912234463
0.9155200926
1.0965272311
0.8620656635
0.1797163335
1.1338841269
-0.1630403220
-0.3250423653
-0.3575325157
0.3875322371
1.4325268560
-1.4156961064
0.8089608642
-0.2433508239
1.0384493654
-0.8711371610
1.0149388956
0.5214635101
-0.6756343900
1.2304283673
-1.7359951181
0.3377435300
0.6247666537
1.0953112567
-1.3381723268
-0.0360677947
-0.1787493010
0.2894256046
-0.6599597708
0.8046139674
-0.4617402552
-0.6200630100
0.7567865920
0.8240161672
0.8867571120
0.7109961967
-0.2310328067
0.4800375673
-0.6527946606
-0.0976129531
-0.8902891257
-2.4085679998
0.7856679504
