17 10 0.12
7 0 0 0 1 1 0 1 1 2 0 3 0 3 1
7 0 1 0 2 1 0 1 1 1 2 1 3 2 2
7 0 0 0 1 0 2 1 0 1 1 1 2 2 2
7 0 2 1 2 2 2 2 3 3 0 3 1 3 2
7 0 0 0 1 0 2 1 1 1 2 1 3 2 2
7 0 0 0 1 1 1 1 2 1 3 2 1 2 2
7 0 0 0 1 0 2 1 0 1 1 1 2 2 1
7 0 2 1 2 2 0 2 1 2 2 3 1 4 1
7 0 1 1 0 1 1 1 2 2 2 2 3 3 2
7 0 0 0 2 1 0 1 1 1 2 2 0 2 1
7 9
6 8
1 4
4 4
7 13
9 1
11 11
8 11
11 2
9 11
0 0 0 0 0 0 0 0 0 0 0 0 0 0 0 0 0
0 0 0 0 1 1 1 0 0 0 0 0 0 0 0 0 0
0 0 0 0 1 1 1 0 0 0 0 0 0 0 0 0 0
0 0 0 0 0 0 1 0 0 0 0 0 0 0 0 0 0
0 0 0 0 0 0 1 0 0 0 0 0 0 0 0 0 0
0 0 0 0 0 0 1 0 0 0 0 0 0 0 0 0 0
0 0 0 0 0 0 1 1 0 1 1 0 0 0 0 0 0
0 0 0 0 1 1 1 0 1 2 2 1 0 1 1 1 0
0 0 0 0 0 0 0 0 0 1 2 0 0 1 1 1 1
0 1 1 0 0 0 0 0 0 1 0 1 0 2 0 1 0
0 0 1 1 1 0 0 0 0 1 1 2 2 2 0 0 0
0 0 1 2 0 0 0 0 0 0 0 2 3 1 0 0 0
0 0 1 1 1 0 0 0 0 0 0 1 2 1 0 0 0
0 0 0 0 1 1 0 0 0 0 0 0 1 0 0 0 0
0 0 0 0 1 0 0 0 0 0 0 0 0 0 0 0 0
0 0 0 0 0 0 0 0 0 0 0 0 0 0 0 0 0
0 0 0 0 0 0 0 0 0 0 0 0 0 0 0 0 0
0.2118445752
0.7499544482
0.7637977607
0.3842715224
1.5739182281
-0.8924896415
-1.1943564365
1.7491649609
1.0945738527
-0.1139865645
-0.0486160222
0.5355303392
3.0341372696
-0.1308528130
-0.2141341516
0.1091682069
0.7249954655
0.3173196802
0.3299843965
0.3245279436
0.5018721313
1.2730017027
-1.2016676130
-1.3925644954
0.9573294472
-0.5460501337
-0.8733999254
-1.2235026020
-0.6758691505
-0.1686252388
1.3912640896
0.9910197060
1.5496132637
-1.8591943606
0.7632587524
-0.5393890053
-1.3278259565
0.8183023350
-1.4727202342
-0.0108859472
2.5304327435
0.1475008932
-0.9231198756
-0.9233759238
0.3987017536
2.2011151504
-0.7676001929
-0.4321045938
1.2149288672
-0.4887056237
-1.9032932054
0.7319574996
-1.3148968282
-2.9845043215
1.1498049857
1.5025911664
-0.4912915150
-0.2941013506
0.7247784149
1.0890354688
1.4845238839
-1.6607723496
0.3125212552
-0.1079969604
-0.5843129776
-0.2664364009
-0.4559496131
0.0136759447
1.6586657311
0.3993624345
0.0432982967
2.1904759862
-0.7125742048
-0.2376188861
0.9016843013
0.1703245225
-1.4379104545
1.7783431217
-1.1001572434
0.1731364016
0.6149222986
1.9721462467
0.2266914753
-0.1706249361
-0.1796962443
-0.2263195641
-0.2305510748
0.1209909447
-0.1679563542
-0.5690775091
-1.5327788613
0.3940788822
0.5154245937
0.9581423773
-0.4054757902
1.8691945727
1.0683576444
-0.6821676729
3.2654983647
0.1174471740
0.0438727198
-0.1336566349
-1.7446723735
0.2706690537
0.0817175919
-1.6113039115
0.4652877736
-1.5047652638
0.0692513642
0.3633690143
-0.7784258915
-1.7175507806
1.0691393718
-1.4758032662
1.0088645893
1.8088014801
0.4723683829
-0.9373328663
0.7913931910
-0.1312467659
1.9679993722
-0.4090737409
1.6205730127
1.7402321866
0.3705295254
0.6074003820
0.3302315745
1.0106053958
-0.4433473380
0.6039194177
-0.9952136219
0.5350015371
0.4267583320
-0.6556133114
-0.3889399880
-0.1354054159
-1.3581752068
-0.2559473929
1.6402289103
0.2919432792
-1.2690050642
0.8948134471
-0.5360113896
-1.5194516642
-0.8865224139
-1.1442359965
-0.6285403545
-0.5393043171
1.2254547462
0.0430332655
-0.8572259758
-0.5363808500
0.5723815572
-0.7442797846
-1.1417525100
0.0992572944
-0.9259140199
-0.4146909550
-0.6240130049
0.5634273714
0.0654992860
0.7567831913
0.3519476255
-1.9034847230
-0.2269515006
-0.7403258728
-0.4810632821
-0.5883354926
1.9186611741
0.3673067057
-3.5369700976
-1.2679730107
0.4735542764
-0.3196311437
-0.5436270766
-0.9847594003
1.0226262924
-2.1843153209
0.3983038477
-0.3020075834
0.8019196101
0.7771358711
-1.4018876336
1.8670732807
-0.5396029357
-0.4552997917
0.1793285542
0.9221797390
0.0705130304
-0.1531520622
-0.3962019498
0.0813622219
0.6251523310
0.5200256383
-0.0609551399
-0.5024296229
-0.4608185123
-0.6272935671
-0.7158958799
-0.8960596302
0.1758189692
-1.1924201968
0.8192263059
1.1961752781
-0.5618452988
-1.7323312728
-0.2600742923
0.2457158514
0.1603282700
1.8322071521
-1.1233616067
-0.3070969892
-0.1132100244
-2.0210557349
-0.9649069548
-0.9270646989
1.2787175945
0.8176121414
0.3939189281
0.8297154938
0.1007276625
1.4988023540
-0.6101228300
1.3223972329
-0.0368957707
1.0270176878
0.0887039956
-0.5408225322
-1.8036542315
-1.0506637216
0.1257868065
-0.2610819860
0.5334536922
-0.3300723116
-0.3717842461
1.3841363045
0.0993508310
-0.7447507100
-0.9825834291
-0.6149862827
-0.2793249222
1.9156627197
-1.6349174359
-1.2009487240
0.1406217486
0.0283331814
1.8180463682
-0.1416085177
0.9829340315
-0.5101552065
0.9950915816
0.0775712853
1.9511207796
-1.1989142514
-0.3872835761
-0.1364886979
-0.2921350986
0.2260779178
-1.5803794784
0.4933848451
0.9185669447
-0.5869841406
1.0653998711
0.6755124943
1.2175795834
-0.0956428771
1.3507793077
0.1464002120
-0.0956754267
1.9148072598
1.4684772204
-0.4996583131
-0.6217429055
0.3599768580
-2.0444253333
-0.7492676211
0.1651822542
0.1274707945
-1.6182621481
0.8690365455
-1.1747950350
-1.1864268740
0.7013295096
-0.6013956096
0.0907407479
0.6588569275
0.9820071160
-0.6521421730
-0.6969786340
-1.7953133942
0.4848925826
-0.3149538146
-0.4269239847
-1.4718601530
0.6202378197
-0.1953745355
0.8102461983
-1.9959465440
1.3902366288
0.9745384921
1.2284517632
0.5768325057
-0.3120264133
0.3046102344
-0.5066698583
-1.1705361296
0.5074191274
-1.4571954282
-1.8531268948
1.0741118048
0.6911065984
-0.0639425785
-2.2001375552
0.1430591271
-0.3616516155
0.1362665967
-0.6831974915
0.5072934382
0.4732916953
-0.9777065433
-0.0882530901
-0.0372045996
-0.7507433001
-1.1675217858
-0.4797002683
-0.1223290190
0.4755502250
0.8259470041
-0.2368565019
-0.5041724837
0.2485896071
0.1457889364
-0.9878319012
0.9613529176
-2.4957279140
-0.0625072966
0.1665698378
-0.9968964124
-0.6217857180
1.4357756742
-0.8247695328
0.7400988411
0.1850011297
-1.0940728462
-1.0929596014
0.3384977856
-0.1160689072
0.6136068186
0.0101612932
0.5292959274
-1.7472242689
-0.6174550739
0.4989548078
-0.3280741402
-1.1087860307
-1.7178924440
-0.9109614036
-0.8563393424
-0.1807293673
-2.1303486039
-0.1008923495
-0.4311360992
-1.2687996613
-0.3712881774
-1.5109943062
-1.8256599413
0.6335664967
1.1579501380
0.2488695146
-0.9245155130
0.1263194716
1.7792895728
0.6805801704
-0.6681436264
-0.4666125815
0.7864412292
0.6495343638
0.4935271252
-0.3383687169
-0.1127936411
-0.5961937633
-2.1643681791
0.0592499414
-0.4902870308
0.2358258488
-1.7275923352
-0.9887855050
0.6217748470
-0.9752897584
0.7410178073
2.0150232836
-0.0003256863
1.1839817120
0.0558932356
-0.1789893265
1.6318394662
-0.6446313402
1.4286495941
-0.1393783985
0.6046524963
0.8320848058
0.1714767507
-0.5815718681
-0.8683612576
-1.0587246457
1.3566336841
1.3584990743
0.4600857893
2.4486565836
1.6314298322
-0.0333616016
-0.2154159828
-0.4701037192
-0.8859614100
-1.8876591795
-1.0300290340
0.1540897777
-0.0645744957
0.5644952625
-0.3756020821
0.5091023601
1.6847176523
0.4539002719
-1.9777764956
1.9781654126
0.5663211823
-2.1595050981
-0.8896626227
-0.3526716985
-0.6249910703
-0.9897950374
-0.8244487875
1.1546273815
0.1613723812
-0.1471627903
1.3449311584
0.1957519202
2.5325193026
-0.3857917791
-0.8312449152
-0.7869932611
0.1738649586
0.8121119625
-0.3868466102
-0.6343481503
-0.1974241895
-1.2666885369
-1.1475313476
-0.8040022184
-1.2893306490
-0.8925172032
-0.8399614246
-0.5195264470
0.1581655690
0.5099849175
-0.0608479624
-0.5582386508
-0.5573993951
-0.0019477616
-0.5037845784
-1.8894904645
0.7327874312
-0.5687105383
-0.3912353340
-0.4644090229
-0.6237113453
-0.5327812907
0.5527154773
0.2822166957
-0.7487301017
-0.0747625102
0.7331373829
0.3477905740
1.0190757276
-1.0168328503
0.8437577625
1.5770074290
0.3647007580
0.8471814464
0.7600620995
-1.4851285921
0.4425365980
-0.3766807112
-1.0780762028
-0.3117414875
-0.8135109508
-0.0086809054
-0.6834677791
0.7848462815
2.2155866403
0.5298356101
0.2047140692
0.1332195576
0.1225986793
-1.1424474978
-0.5624548008
0.3986101252
0.9255005691
0.4532694904
-0.1999624849
0.1089251625
0.4173807615
-0.0071161293
0.8343988177
-2.0300777493
1.6356778789
0.1237007742
0.4598549093
-1.1127097415
0.1511200336
1.0547420817
0.3798960256
-0.5248432161
0.5661265019
-0.2017433951
1.6529660106
-2.3413458273
0.9516659349
0.3327839756
-0.0081566153
0.0321144809
0.6537126464
-0.0969232117
0.4821336139
0.3461046492
-1.2825027752
1.4388743662
0.0931773271
-0.4900735633
0.3781377009
2.3981410681
0.1847279831
-1.1066277834
1.8305053960
0.3654162537
-0.6088795396
1.9181699510
-0.4535717189
0.0837333501
0.9058350998
-0.0713903036
0.3498528588
1.2151574320
0.4412954870
0.8728557051
-0.0353009212
0.8894281300
0.4650091702
-1.3694237296
-0.6790602657
-0.0730032479
-0.8805412196
1.4632364950
-0.0985908483
-0.1526648479
-0.0077125318
-0.0499110686
0.3759742528
0.1086523864
0.7430804782
-0.6351240332
-1.4008494684
-0.0038649675
-1.3248379319
1.5331580726
-0.5696760051
-0.4868665782
-0.6199131325
0.3681180981
-2.5606698507
-0.0819631512
-1.0116844609
0.8341056204
1.0615996261
2.3481469968
-0.6174937607
0.4422236098
0.0028081691
