11 5 0.09
11 0 3 1 3 1 4 2 2 2 3 2 4 3 0 3 1 3 2 3 4 4 0
10 0 2 1 2 2 1 2 2 2 3 3 0 3 1 3 2 3 3 4 0
8 0 1 0 2 0 3 1 0 1 1 1 2 2 2 3 2
9 0 1 1 1 2 0 2 1 2 2 2 3 3 3 3 4 4 3
10 0 2 0 3 1 2 2 0 2 1 2 2 2 3 3 2 3 3 4 3
5 0
4 6
6 2
3 6
0 5
0 0 0 0 0 0 0 1 1 0 0
0 0 0 0 0 0 0 1 0 0 0
0 0 0 0 0 1 1 1 1 0 0
0 0 0 0 0 0 0 2 1 0 0
0 0 0 0 0 0 0 1 2 0 0
0 0 0 1 0 0 1 1 2 1 0
0 0 0 2 2 1 0 1 1 2 1
0 0 2 2 2 0 1 1 1 2 0
1 1 1 0 2 0 1 0 0 0 0
1 0 0 0 1 0 0 0 0 0 0
0 0 0 0 0 0 0 0 0 0 0
1.2125642044
1.4027465641
0.9974668004
-0.7604628301
-1.1240261143
2.5119505882
-0.7455596633
-0.4093026792
-0.0127562392
0.7815783208
-1.4133212893
-0.6682938661
-1.1523204642
2.1460375787
-1.0247920631
1.0435967133
-0.6652539435
0.1633406160
-0.1836950111
-0.5223410411
-0.4079693466
0.4369630432
-0.8761228952
1.0969853842
-0.5862923636
-0.3340433321
-0.8135623096
-0.2054128446
-0.1148432639
1.0332336797
-0.7561730236
-0.8407036525
-1.4023507660
-1.5595338965
-0.8536807413
-0.7465717260
0.0032789827
1.0165550657
0.3333576765
-0.9275089703
1.2067815014
0.0760681940
-1.3870754537
0.5945442202
1.1407182187
0.9774102207
1.8189332696
-0.2786640887
-0.9553535786
-0.2979820964
-0.1065955348
0.2924104189
-1.3430841099
0.2449820111
-0.3536337488
-0.3617630855
0.1288561822
-0.5299123420
-0.4173465633
-1.0639556464
0.3763837943
-0.0402890469
1.4797400871
2.6346731424
-0.7717252551
0.2447810755
-0.7042056357
0.1181502314
-0.8134323311
0.4153820755
-0.1047109470
-1.7245176003
1.1435918847
-0.6019324846
0.0295662773
-1.3518212437
-0.5719312655
-0.1001747518
0.6285416952
0.2224583321
-0.6484498473
-0.0169245030
0.5118300448
0.6149902966
-0.7738368272
-0.3014386392
0.4577378069
-0.4604833157
0.4808130739
0.4409066477
-0.8638470616
0.2236384255
0.7131833686
-1.0543375924
0.7234357483
-1.3773429235
-0.0660903052
0.3919998385
-0.7737776808
-0.3933905908
0.1895653223
1.0652372983
0.3884312576
0.7944287426
-0.9235614464
-0.2457206471
1.6723395773
0.2962402720
0.8144690003
1.1030108831
-0.1306465031
2.0048092372
1.2242333733
-0.7058886685
0.8445736476
-0.8272970218
1.6627191175
0.9343093339
-1.1762604425
-0.1618390371
-0.4932510597
-2.0533132913
0.3112391697
-0.0931698603
0.2845264573
-0.3982281232
-0.9139817842
-1.5611104768
0.8749031338
-0.6042929569
0.4493748721
0.4083584649
-0.0704501202
-0.7295103699
-0.2634786993
1.0640159128
-1.2218937564
-0.4105163864
-0.6377153161
-1.4237967777
-0.0628620879
-0.6395148349
0.0722824798
2.3714225497
-0.3416661970
0.0488789521
0.9648442853
-0.3221785891
0.8912146968
1.3429246324
-1.1241105303
-0.6910586635
-2.0591558067
0.7471138984
0.2240625359
-0.5164412831
-1.7731444271
-1.4125301546
-0.3561546889
1.8487884871
-1.6377632353
0.6480552118
1.2551049564
-0.8723350841
-1.1206788504
-1.6108846598
1.2964311622
0.8839285699
1.1172555682
-0.8843674402
0.1214029004
-0.8469874056
0.5270263034
0.1254570477
0.0879198867
-0.6942161721
1.5074882260
-1.2193734975
-0.3181026683
0.8127725313
-0.4725610026
-0.0780441410
-0.8810020155
0.2839578915
-0.9899841844
0.6288248854
0.9734806846
-0.0174654856
0.7288424510
1.8580436577
1.5558114822
0.8672362770
-1.1194831755
1.3026129049
-0.0266139222
2.1915911475
-0.0325500398
1.3845002084
0.3169344108
-1.0348680959
0.3460188651
0.9359767011
0.9952928666
-1.6356479123
0.2136397345
1.5363041593
0.6087551611
0.5997466139
2.6041091675
1.2484923094
0.2800325261
-0.8355523971
0.8544359732
-0.5220559304
0.1992435645
0.0712722697
-0.2419216099
-0.7107499531
0.1757141536
-0.4155769602
0.7983784100
0.7489975239
0.8245895758
2.1050238211
-0.3471513262
-0.0398450394
-0.2480121432
-2.2628966229
-1.4872582618
0.6037428766
-0.3370249827
1.1042715955
-0.5210457028
-0.9710485506
0.5223406203
-0.8384629178
0.9211842379
0.2255426733
0.5131304472
-0.3105414567
0.4238573209
-0.3582151901
