12 4 0.05
7 0 1 1 1 2 0 2 1 2 2 3 0 3 1
7 0 2 0 3 0 4 1 0 1 1 1 2 2 1
7 0 2 0 3 1 2 2 0 2 1 2 2 2 3
7 0 0 1 0 2 0 2 1 3 0 4 0 5 0
4 1
9 4
0 0
4 8
0 0 1 1 0 0 0 0 0 0 0 0
0 0 1 0 0 0 0 0 0 0 0 0
1 1 1 1 0 0 0 0 0 0 0 0
0 0 0 0 0 0 0 0 0 0 0 0
0 0 1 0 0 0 0 0 1 0 0 0
0 0 1 0 0 0 0 0 1 0 0 0
0 1 1 1 0 0 0 0 1 1 0 0
0 1 1 0 0 0 0 0 1 0 0 0
0 0 0 0 0 0 0 0 1 0 0 0
0 0 0 0 0 0 1 1 2 0 0 0
0 0 0 0 1 1 1 0 0 0 0 0
0 0 0 0 0 1 0 0 0 0 0 0
-0.2847148006
-0.2639802674
-0.3238554355
-0.2610613572
0.1224961427
-0.2912112873
-0.9011476526
-0.1467833183
0.5093338672
0.3313603647
-0.7226783021
-0.0701352779
-0.6280843433
0.2279673920
0.2086818092
0.6448256057
-0.1039978618
0.3358920365
0.6319574684
0.9979650704
2.0448064420
-1.7540094656
0.9951751405
0.1049660645
-0.0753059798
-0.7409101135
-0.8199557833
-0.9629215630
0.5054277668
-1.8970730807
-0.3393165367
-0.5771678372
-0.3155084840
-0.5432608763
-0.9484001530
1.6487063130
-1.2484829086
1.4205908327
0.7738615101
0.2677892620
-0.5145514225
-0.2768212440
0.1379317934
-0.0022091216
-1.4271324495
0.2746538682
0.1285800161
-0.5857612114
0.1359535513
-0.6769695575
-0.6406981248
1.5091949688
1.9495005150
-0.7261549559
-0.4483098164
-0.6481981554
-1.2166367119
2.3185737301
-2.5408856099
-0.2019006111
-0.3673261902
-0.3564572412
0.6191449630
-0.8297166990
0.1930609577
-1.0552311277
0.0701298886
0.5936537879
-0.0286083653
0.6887373319
0.7890781686
-1.3830205654
-0.0304714313
0.4131653823
0.7324894438
-0.0516520091
2.8567634535
-0.4772806284
0.3848035366
-0.8989840369
0.2529350742
0.0260302891
0.5486296867
-0.4877083083
1.4170898740
-1.2703002693
0.3792061582
1.1236750157
0.6449334297
-2.4823202055
-0.1726876795
-0.1925698629
-1.6943034443
-0.9466008685
0.5406463284
1.3037280135
0.6664483655
-1.2367265693
-1.0341523902
0.6477109386
-0.6173345721
1.3924826449
0.2877427360
0.2517616461
-1.0311467409
-0.8130213848
0.4561792647
-1.8004405919
-1.1054892786
0.1905524783
-0.2010803238
-0.9256727551
-0.1705247838
-0.0585378433
-2.5818733630
-0.9971153822
1.0624408605
0.0336506322
0.4232920104
0.6003643952
-0.6691988148
-0.3581046527
-0.5941090794
0.6002469284
-0.0714150071
0.5472726335
1.0258823143
0.2258459353
0.3011570389
-0.2097899510
-2.2581110380
0.4497719068
0.1218849510
-0.1052358038
0.6729661280
1.3640011215
0.3087893083
-0.7533303446
0.3064902150
-0.1427818726
-0.6843044884
-0.5214181707
0.3687589297
0.8096234244
0.0468173835
-0.5081460086
1.3062169059
-0.3733464738
0.5496619187
-0.2997288686
1.7301327387
0.1591821143
-1.4138074832
-1.1097494866
-1.3771539195
0.1785331021
-0.1786250886
-0.6159406741
0.3312725761
-0.3637888499
0.9368570288
-0.4571729417
-1.8829301606
0.5376363531
-1.0492972936
2.1356772241
-0.7107162647
-0.6344762557
-0.5613845910
0.0753010600
-1.2240967294
-1.1707848687
-1.2574231187
-0.2840519194
1.6100704888
0.0064216208
-2.6808166251
-0.3025933435
0.1206762135
-0.1946146806
-0.7784316684
1.7436936940
-0.0251243835
1.0640633043
-0.5060629859
-0.8916082069
-1.6125503417
-1.7826540480
1.4391698388
-1.0867954273
1.9752228593
1.9371588872
-0.2936727297
1.8898989187
0.9640022923
-0.0470503869
-1.4169257241
1.6895065857
0.3008419016
-0.4606493536
2.0772237852
0.7945360785
0.6938913119
-2.3439269359
0.3564636641
-0.4074781192
-0.3905451582
-0.2499495307
0.3283909331
0.3327480500
0.4784696224
-1.3525170832
-1.1900249307
0.5978434957
0.8434683069
0.2183174507
0.9839299231
1.3153510075
-0.6542280698
2.1344669256
-0.2497149953
0.7227977437
1.2720158683
-0.1820756288
-0.1388561633
-0.6364492574
-0.5116079266
-0.4844518989
-1.1346979368
-0.3626857042
0.3531175169
-0.4708017336
0.4168496060
-2.0917525875
-0.1838757997
0.7450676964
-0.9116181404
0.5317112261
1.7456310563
0.3329406002
-0.7544690095
1.4515560251
0.1958678674
-0.6397602553
0.6317976277
-0.6929485894
0.5835538007
-0.8693859468
1.1583028054
-0.2629667696
-1.8601798097
-1.3093677355
0.2175166279
-0.8478255255
-0.0733532254
1.0646191033
0.6541290772
0.9571495164
-0.6872278418
-0.9919297369
0.4303589562
1.3456812160
0.7938383912
0.7344624033
-1.2145406316
-0.1132080506
1.2402945450
0.3871046766
1.2584236320
-0.9863820095
0.9068581609
-0.7822581040
-0.4157432949
0.7837279722
-0.3265987026
-0.1409906219
-1.5004766271
-0.7040714994
-0.9211800209
-0.4804894420
-2.1294631892
0.0768695949
0.4390059889
0.3497321737
0.1910792030
-0.1241195191
0.7755698095
-0.1810619361
