15 11 0.05
5 0 1 1 0 1 1 2 0 2 1
5 0 1 1 0 1 1 1 2 2 2
5 0 0 0 1 0 2 0 3 1 1
6 0 1 1 0 1 1 2 1 2 2 3 2
5 0 0 0 1 1 1 2 1 3 1
6 0 3 1 2 1 3 2 0 2 1 2 2
5 0 1 0 2 1 0 1 1 1 2
5 0 0 0 1 1 1 1 2 2 1
5 0 1 0 2 1 0 1 1 1 2
7 0 0 1 0 1 1 2 1 3 0 3 1 3 2
6 0 0 1 0 2 0 2 1 3 0 3 1
9 9
8 4
2 3
11 8
5 5
11 11
13 9
0 8
3 0
11 4
3 5
0 0 0 0 0 0 0 0 1 1 0 0 0 0 0
0 0 0 0 0 0 0 0 0 1 1 0 0 0 0
0 0 0 1 1 1 1 0 0 1 0 0 0 0 0
0 1 1 0 1 1 0 0 0 0 0 0 0 0 0
1 1 1 0 0 1 0 0 0 0 0 0 0 0 0
0 0 0 0 0 2 2 0 0 0 0 0 0 0 0
0 0 0 0 0 1 2 0 0 0 0 0 0 0 0
0 0 0 0 0 0 1 0 0 0 0 0 0 0 0
0 0 0 0 0 1 1 0 0 0 0 0 0 0 0
0 0 0 0 1 1 1 0 0 0 1 0 0 0 0
0 0 0 0 0 0 1 0 0 1 1 0 0 0 0
0 0 0 0 1 0 0 0 0 2 1 0 0 0 1
0 0 0 0 1 1 0 0 1 1 0 0 0 1 1
0 0 0 0 0 1 0 0 0 1 2 2 1 1 0
0 0 0 0 1 1 1 0 0 1 2 1 0 0 0
-0.5959363185
-0.9146097781
-0.6987600109
-0.1231105847
-1.0002762735
0.3916187618
-0.0336622642
1.6221978331
1.3133459313
-0.2531025985
-2.2501435677
-0.0729042881
-0.7669360985
-0.1329676137
-0.3273802009
-0.5890811718
1.3951339928
-0.3845826733
-0.8040972492
-0.5002134855
0.3344256899
-0.7447640530
-1.0830337776
-0.0102710070
-1.2328626542
-0.3221170298
0.5506686678
-1.9914492253
-0.7453358875
-0.1837599098
-1.3564387857
1.3680193732
0.8957378461
-1.1942455215
-0.7417146291
-0.7375144968
0.6842127011
-1.5372938400
-0.9855782029
-0.6386939332
0.3264536242
1.1902004946
-0.2996346440
-0.6089710131
-0.8912280757
0.5789309685
-0.1548205069
-0.7203759206
-0.5594571087
-0.5616855385
-0.6381640182
2.2844389365
0.2093730975
0.1655027165
-0.6574476171
-0.5817696481
0.0836040273
1.4492445758
-1.3343192200
0.2558448284
-0.3769036649
-1.0929997677
1.7179578103
0.8266846271
1.7141560143
-1.3137252827
-0.2314973237
0.5576268926
-0.8013321528
0.2800357554
-1.1996765111
-1.0997253707
-0.8271151869
-1.7445867269
-1.2717068724
-0.1043090818
0.4137919781
0.0817543975
-1.3439532220
1.6156131137
-1.7837019018
-0.4587607046
-0.6795640466
0.0850017670
0.4838306542
1.3892894393
0.5788183676
0.3235191062
-0.4376381362
0.0003755314
0.7984781474
-1.0678596757
0.6728852509
-0.3566273013
-1.4934193283
0.9849943981
-0.3266000531
-0.4110863781
2.1117327332
0.2581873666
-0.2841667123
-1.0974884923
1.0879543179
-2.0483539565
0.2957295342
0.5449680090
-1.2008090586
-0.3005377053
-0.6129597451
-0.4941463077
0.7772084322
-0.2630993367
0.4552604358
1.5918581182
-1.8594603255
0.1699988092
1.3916629434
0.4996871691
-0.5043398076
-1.0105658585
0.1974771709
0.2323635315
-0.0901086293
-1.4627871431
1.2080982127
0.6822878444
1.7941863912
-0.5418122328
0.9230443113
-1.0885627324
-0.6265639879
-1.8346278499
-0.8294825701
1.3681650670
1.1538528586
-0.1118828536
2.2278964245
-0.7316812785
-0.4107187576
-1.5376588203
-1.5907728415
0.7920082518
0.0300771875
0.9547236257
-1.0715903855
-1.1431778410
1.7812889880
-0.5760457413
-0.7070531615
0.4041077362
-0.8834214500
-0.0115076968
-1.4908553305
2.1974082202
-0.4102594514
0.4748655487
0.4006488631
2.4027188965
1.5759267904
-0.0184830662
-0.2290048492
-2.6847728275
0.4179305136
-0.1558010502
-0.7638989115
1.1739209083
1.6500010359
-0.5141790213
-0.5511392251
-1.3025389785
0.4574223964
-0.3047238183
-0.0538552355
0.8896488578
-0.4525808489
0.2077120758
-1.2322350964
0.8256674362
-0.6920596736
0.8633633253
0.6441551904
-0.1978487157
0.0764332971
-1.4712660196
1.3002271836
-0.0283651458
-0.2263061157
-1.2528689673
0.3210894150
0.9206874278
-0.4500199920
-2.6056378930
-0.0588408849
0.0758589781
0.7094749485
0.8327662587
-0.5798998838
-0.6475515703
0.0668712600
0.2287840995
0.3143608037
0.1903163989
-1.4597592272
0.1942593945
0.5742216657
-0.2636174213
2.0988235558
-0.6983839774
-1.4820515524
-0.1639854042
0.6437855365
-1.2765341448
-0.0148972178
0.4552773497
-1.0778781111
-1.0718781862
-1.3622339513
-0.9671450071
0.0267499365
-0.5561111434
0.9420086074
-1.2778640884
0.1506096175
-1.8232192121
0.8131244466
0.5459024456
-1.3924516853
0.6489886078
-0.5638526457
0.7244326746
-0.0178392003
1.0287300853
-0.4083633361
-1.3296342568
-0.5027859099
1.9696953005
-0.8159631142
0.1889106209
-0.3656260412
1.6172339215
1.3870776483
0.8228285110
0.6508338915
-0.1154346099
1.3669953308
0.0045029679
-0.2867981254
0.2369375647
-2.3389327765
-1.3412090321
0.1148676339
0.0023704629
0.2089572387
1.1687119748
0.4098128851
-0.9084376885
0.1032778123
-0.4052704063
0.5111673960
-0.7687815388
0.4838166960
0.1286239856
-1.0236287661
-0.0647216958
-0.3243193767
0.7358877150
-1.6231565110
-1.7796652798
-0.1604248939
0.5969891700
0.5526606991
-1.6057699844
1.5181449813
-0.3798529511
-0.8826982676
0.2642292819
0.2274080300
0.7572526767
1.2964157502
0.2274133377
0.7963453446
0.2882987255
0.0095019758
-0.0280008018
-0.0100268489
-0.4509748297
-0.9451941821
-0.8725444926
1.3599385083
-0.1260450950
0.4241808652
1.5209239652
-0.0780139479
-1.4628330418
0.8718471863
-0.0074508729
0.4204729654
-1.4358216002
0.3020669137
1.9652461785
0.5118905159
0.1297661966
0.5437326555
1.1341179932
-2.3497412454
-1.0157196283
0.4637461736
-0.4284276123
-0.9260305423
-0.1210618796
0.9443456302
-1.0200626705
-1.1802356533
-0.3836045328
-1.3612653526
0.2854066820
1.2088880984
0.5214957367
-0.4345991763
-0.4348701485
-0.6800609787
0.3770197640
-0.1373524307
-1.1072722033
0.4417623482
-0.5397216285
-0.4618083737
-0.1593650548
0.3869722881
0.1662003510
-1.4440378133
0.9210558319
1.2967546726
0.0563033011
-0.1794007874
0.5593201081
-0.4065303582
-2.0190142753
0.7744182431
-0.5376082732
0.3963199854
0.2550437864
-1.0329930133
0.8184205620
-0.1879201444
-0.9762737154
1.6151060927
0.4029745123
-0.2390443300
0.3845384389
-0.6541743879
-0.6855243566
0.3310956609
-1.7515415491
-0.6599276867
-0.9758747432
-0.3417795592
0.7672710348
0.1594962111
0.2181213314
-0.3139989114
0.6849089547
-0.0050099740
-0.6972897680
-0.0910639090
-1.1077999779
0.3021084093
-0.5226376230
0.6223303140
-0.3537822140
-0.8718941902
-1.2690965045
-1.1649857386
-1.2871441646
-2.0734884889
1.3050660362
-0.0527806115
0.7729504947
-1.4726693837
-0.5849430199
0.0150447909
0.9545935363
-1.1369273137
-1.6828561950
-0.0418088686
0.4583892288
-1.4903031508
1.6835242348
-1.6812102857
1.9365994986
1.0863923844
-0.7102687549
-0.4351322593
-0.0533240489
1.0115494645
-1.1689911884
-2.0191437171
0.8038795052
-0.3626457788
-1.8712682659
0.4176668323
-1.1834332404
-1.2520546624
-0.8292327635
0.9594254527
-1.5095661818
0.0029897437
-0.7609199052
-0.0253907390
0.5826750191
0.9121361970
-0.2836194871
-0.0796410708
0.9965015048
0.2259667987
-2.0274751886
1.0261176637
-0.2090543611
-0.9070481809
1.2876441304
-0.2749012533
0.6014208957
1.1910581088
-0.3480163140
-0.7074239986
0.4290314456
0.7584093610
0.3849171207
-0.6301520666
-1.7141638492
-0.6936233426
0.4207608025
-1.7241691591
0.6747589834
-0.8789310940
-0.0578601338
0.2176891223
-1.7013528866
0.5851663388
-0.4181423271
0.2440400637
2.6612900597
-0.0900724069
0.3918795700
0.4401574517
2.1457998793
0.4246643495
0.6272259391
0.3328990731
0.8963661346
