10 5 0.09
9 0 2 1 2 1 3 2 2 2 3 3 0 3 1 3 2 4 0
8 0 2 0 3 1 0 1 1 1 2 2 1 2 2 2 3
10 0 1 0 2 0 3 1 0 1 1 2 0 2 1 2 2 2 3 3 1
10 0 0 0 1 1 1 1 2 1 3 1 4 2 2 3 2 4 2 5 2
9 0 1 0 4 1 0 1 1 1 2 1 3 1 4 1 5 2 1
5 6
4 1
6 0
3 2
0 3
0 0 0 0 1 0 0 1 0 0
0 0 0 1 1 1 1 1 1 0
0 0 0 0 1 0 0 0 0 0
0 0 1 1 0 0 0 0 0 0
0 0 0 2 2 1 1 0 0 0
0 1 1 1 1 0 0 0 1 0
0 1 2 2 2 0 0 0 1 1
1 1 0 0 1 0 0 0 1 1
1 1 1 1 1 0 1 1 1 0
0 1 0 0 0 0 1 0 0 0
0.3153352073
1.8457159926
1.5816242222
0.0068864231
1.3486844768
-1.5135849313
0.0136127720
-0.3282273630
-0.4522278654
-1.2085890185
-0.5766359516
0.0085588313
0.0736599992
-0.0618983055
0.6170101904
0.8730387023
0.3599483970
0.8481633463
0.2409874520
-1.5199222918
-0.4054728122
0.6554036089
0.2939195862
0.0574831761
0.0894357879
-0.7738943186
-0.4366279164
0.3291803357
1.1282245552
0.4829220962
0.5370128776
0.4164715687
-0.6215159724
0.5421431841
0.1695836540
-0.2602318731
0.9056294188
0.5304088350
1.5298322890
0.5381821339
-0.6238999941
1.4109713054
0.0227880515
-1.7178581878
-1.0264734395
0.0392013716
0.1642689040
-0.6056860451
-1.1493090928
1.8814240417
-1.8522953092
-0.2574632526
0.8848389765
1.1759409253
0.1945764989
1.4242709015
0.4038908374
-0.2314347696
1.2958302386
0.9592272849
1.1188030879
1.2919104783
0.3687575880
-1.5558215755
0.9953159053
-0.3818033297
0.2514702520
-0.5013958331
-0.1914785705
-1.0537731593
-1.2546892094
-0.6821361820
2.5835201831
1.2227335584
1.0598278815
-0.5255960492
-0.9059978810
-2.4118759406
-0.4148982038
2.2833622920
-0.8469706296
1.2510000082
0.4728451530
-0.5567863691
0.7994354758
-1.6026347212
-0.7568911961
1.2776773919
0.9859289926
-1.3721347961
0.8942506253
0.4184448939
2.3545038097
0.8106802601
-0.6362052272
0.4966518967
1.5777731527
-2.0328766160
-1.6757796733
0.7560498532
-0.2225074877
-0.1250860716
-0.9434623969
-1.5688275623
-1.7966466649
-1.9442847522
-0.8616662484
0.8710265017
1.1447777830
-0.9318581665
0.9397952476
-1.2763515642
0.0405647288
2.5332233946
0.3128667683
0.9419750322
0.3601425568
1.7813698771
-0.3985644211
-0.2162270313
1.5212255833
0.7901359124
2.3589793759
-0.0960411446
-0.5048477854
-0.5785999203
0.3770309944
0.1406981597
-0.1936517441
0.7209380662
-1.6331600914
-0.6035522911
1.5428838372
0.2632287788
0.5738573738
0.0833584954
-0.1656326663
-0.7743697603
0.5046324693
-0.8132814702
0.4785360372
-1.0043121992
-0.0496000695
-0.6420483489
-0.9846203213
0.5637988635
0.4873393712
-2.6427736954
0.5284579385
0.8667893180
-0.8723137330
-0.2795096851
0.8698563422
-0.6135112811
1.0609715424
-0.5236069014
0.3774951891
0.2884075441
-1.9141645754
1.4121987469
1.5471570077
0.0545556282
1.2888887586
0.4552932967
0.6395232320
0.4190640258
-1.0139818304
0.3375111222
-1.5348774128
-0.7842490878
1.8395945809
-0.2595085123
0.2705289472
-0.3663194369
-0.2308551166
0.0392810526
1.9002187028
1.1224813584
-0.9080699415
0.9029898160
0.3317726435
0.9038738232
1.6599258098
0.4959305241
0.2340697393
0.2167158997
0.7026211316
0.0263454702
0.1603488483
0.9562020972
-0.1679401072
0.3566738752
1.0522026000
-1.0433807480
-1.3138308500
-1.0312623651
-0.1188086517
-0.2516724005
-2.1527780760
-0.8198461315
