15 3 0.05
35 0 7 1 4 1 5 1 7 1 8 2 4 2 5 2 8 2 9 3 4 3 5 3 6 3 7 3 8 3 9 4 4 4 5 4 6 4 7 4 8 4 9 4 10 5 0 5 1 5 2 5 3 5 4 5 5 5 6 5 7 6 3 6 6 6 7 7 7 7 8
35 0 5 1 5 1 6 2 2 2 5 2 6 2 7 3 0 3 1 3 2 3 4 3 5 3 6 4 2 4 4 4 5 4 6 4 7 5 1 5 2 5 3 5 4 5 5 5 7 6 0 6 1 6 2 6 3 6 4 7 2 7 3 7 4 7 5 8 2 8 3
35 0 3 0 4 0 5 0 6 1 0 1 1 1 2 1 3 1 4 1 5 1 6 1 7 2 0 2 1 2 2 2 3 2 4 2 5 2 6 3 0 3 1 3 2 3 3 3 4 3 5 3 6 4 1 4 2 4 3 4 4 4 5 4 6 5 1 6 1 6 2
6 2
6 5
6 6
0 0 0 0 0 0 0 0 0 0 0 0 0 0 0
0 0 0 0 0 0 0 0 0 0 0 0 0 0 0
0 0 0 0 0 0 0 0 0 0 0 0 0 0 0
0 0 0 0 0 0 0 0 0 0 0 0 0 0 0
0 0 0 0 0 0 0 0 0 0 0 0 0 0 0
0 0 0 0 0 0 0 0 0 0 0 0 0 0 0
0 0 0 0 0 0 0 0 0 2 2 1 1 0 0
0 0 0 0 0 0 2 2 1 2 3 2 1 1 0
0 0 0 0 0 0 2 3 1 1 3 3 2 0 0
0 0 0 0 0 1 3 3 2 3 3 3 1 0 0
0 0 0 0 0 0 1 3 2 3 3 3 3 0 0
0 0 1 1 1 1 2 3 2 2 1 0 1 0 0
0 0 0 0 0 2 1 2 3 2 0 0 0 0 0
0 0 0 0 0 0 0 1 1 2 2 0 0 0 0
0 0 0 0 0 0 0 1 1 0 0 0 0 0 0
0.2050086968
1.3934062657
-1.5247178091
0.4616558444
1.2452005500
-0.1895474672
-0.9597991261
-1.3488993760
-0.4536563377
0.0313240318
-0.2807927803
2.4632035874
-2.0122467210
0.0857849900
0.4758043802
1.0081344510
-0.5112196187
-0.0688411046
1.9114799571
-1.2301068563
-0.6463223643
-1.7038503566
2.4295164595
-0.2910297797
1.2495631561
0.2914161950
-0.3045532137
1.9050929908
-0.3668326806
-0.0865195814
-0.2980518523
0.0982046274
1.7625572770
-0.6860867269
1.9813687410
-1.0573705853
1.2527256859
0.1006435142
-0.8385596620
0.0586562362
-0.8984337057
0.0214024727
-0.1148961654
1.4270092608
0.4891243491
-0.7431684486
-1.0775793573
-0.6816435714
1.9119878277
-0.0155807548
-1.3819608593
1.1318043575
-1.1655049057
0.4446294635
-1.1626030706
-2.1690056374
0.0898129161
-0.8646234147
0.3646421928
1.2051472575
2.2304408242
-1.7285754109
-0.2466695672
-1.0043415583
-0.8445046394
-0.6531816902
-0.8624129737
2.0234898211
0.4538200996
0.1010306838
0.1526252613
0.9744175056
-0.4418108876
-1.5956569218
-0.1803417215
0.0202692587
-0.7399030388
0.4924829132
-0.4489899488
-0.1669477902
0.1775238125
-1.3214988309
1.4730336728
0.1250021840
0.1706468477
0.4358192021
-0.7053599670
1.4298949583
1.7262257711
-1.8833010000
-0.2293053673
-0.4696570170
0.2837935726
1.2120242311
-0.1297078536
0.1998664687
-1.6435848014
-0.5247250606
0.6287394951
1.6974971629
-0.6951621822
0.2526019530
-0.1208264120
-0.2840583866
-1.2290123915
-0.6908872284
-1.2261459378
1.2883831064
-0.4406123299
0.2418205930
-0.1079086687
1.0517460855
0.2613069475
-0.7982038674
0.8101963235
-0.7566374414
-0.0059914014
-1.6398867430
-1.3071406330
-0.9177954106
-0.7082363729
-0.2960541954
0.4412819217
-0.7275550925
0.6792535384
1.5088240331
0.9738653099
1.6638772639
-0.3921992957
0.0358877537
-0.8630581671
0.1499818932
0.0124783924
0.1533804699
2.3253720492
1.5143658900
1.1570228334
2.2654452588
-1.6104202543
-1.5273257287
-1.5346447790
-0.9513257158
1.8038569447
-0.5334084158
-0.7035048615
-0.6383965328
-0.9848517809
-0.1624982359
0.6968401261
-0.1000109504
1.3617648368
0.1183619998
-0.5510381380
-1.9090318128
0.0958269760
-0.4481261784
2.2201461209
-0.4167680979
2.0483696968
0.0051826722
-0.7498979138
-0.1259461569
-0.2054205395
-0.8292703877
0.1273215050
-0.6296123065
0.0325045397
0.6227648035
-0.2212516503
-0.5717618493
-0.3950162733
-0.8774068297
0.1667078078
0.1677112834
2.1817724337
-0.7011312283
-1.0877082232
1.2618099856
-0.2827089150
-2.1198844696
-1.6059562495
0.6855841065
1.0308287628
-2.7950624552
-0.8680999171
-0.1225955508
-3.4068815417
1.8494640879
1.3714895118
-0.5167836660
0.3974291387
-1.2697082132
0.9268127891
-1.3832868387
0.5646153822
0.2781489654
-0.7381251773
-1.3784264952
-0.7179213919
0.0542217545
-1.2244402662
0.5604892403
0.0140089054
-0.2619609115
0.5727984957
-0.3048612723
1.1561828370
0.0261977103
-1.3760121979
0.3022854209
0.1274425995
-2.0728465770
-0.2237385652
0.6279575573
0.3241828635
0.3570544560
-0.1281682349
2.3481972495
-0.7190432152
1.4129430053
-0.4420149078
-0.6964188068
-1.1714889890
-0.7698941497
-0.5475003651
0.1791598472
-1.0123990744
-1.9785469146
-0.8619694396
-1.1922524914
-0.5878375921
1.1837842562
-1.0301641944
-1.3392118482
-0.3228765479
0.4985368648
2.5345076313
0.4826780582
0.0629469774
0.7965866942
-1.3546269405
-1.3476698358
0.7351601156
-0.3823108471
-0.5732872015
-1.3262547549
1.7963179309
-0.1642800777
-0.4339593764
1.9846445381
0.6917141631
-0.9386834137
0.2741495791
-0.9666077897
-0.6862585823
0.4492472032
-1.0968826597
0.9078857168
-1.4710373775
-0.7065879848
-1.1333528918
-1.1250200677
-0.1779864406
-0.9988000961
1.7787064757
-1.2478581686
0.5686482840
0.1313449300
-0.9634419894
-0.1670251362
1.1826988112
0.1357062526
-0.4161939643
-1.6777442916
-0.4641833157
-1.4658024433
2.2591394210
-1.1524469273
-0.1835886937
0.1087408965
1.3264243427
-0.6951242475
-0.3084701284
0.9545273693
-1.4317891188
1.9457749980
0.7370615060
-0.8243181887
1.2868594416
1.4877523591
-1.2462345158
0.2839337653
-0.8800873732
0.5982634945
-0.4968322291
1.2835015020
-0.5279101441
-0.4662924360
-0.6481679551
1.8910731852
1.0953544626
-2.1730720699
0.8242898940
0.6979078892
0.0131467148
-1.0395342106
-0.4414130630
-1.0838402323
0.5073959208
1.3756643703
1.0008825914
0.3947987191
-0.3300297983
-0.0242176021
0.3966740052
0.1180985372
0.4479844316
0.2965452404
-0.1010829559
0.4422904722
0.9461205622
0.4579286285
0.8860448039
0.2993360069
-2.5486680256
-0.4969170232
0.9654705946
-1.6713392750
-0.7569307758
0.8868283628
-0.4642253889
0.0000993689
-0.7604866587
0.3260805369
-0.7575156807
-1.1945337788
-0.5146779228
-1.5557136490
-0.7962544404
-0.7184713421
-1.2730976411
-2.0462306998
-0.0914917137
-0.5977233379
0.1157515052
0.3205209709
1.0443826563
0.5750474200
-0.4411703728
-1.3742640685
0.8792556741
0.3968226637
0.6267617846
-0.8321973196
0.7118633007
-0.5757356240
0.4396216875
-1.3956703405
-0.0917328866
0.1686085040
-1.2919971822
-0.0191786898
0.3856594702
0.6522443010
-0.5239185527
0.9680273002
-1.1494951295
-0.1799416073
-0.2511312303
-1.2475894127
0.2307501669
-0.7162505541
0.8324130538
-0.1477381787
-0.5925867558
-0.4190013446
-1.2686360605
-1.5639543234
-0.6161554104
0.1347285329
1.0415449285
0.0811567948
1.4699224944
0.2029610800
-1.1524678920
1.9313624003
-0.7077004446
0.5297027442
-0.3083328190
-0.5709318635
0.2274190433
-0.8124518683
1.0299643364
-0.2010605044
-1.2008684130
-0.5205839221
-0.9849069304
-0.1334985503
-1.1820884544
1.1447034186
0.0459495116
0.5416055133
-0.5565496933
1.1605598419
0.8944223495
0.1642951475
-0.6724795120
-1.5482309275
1.4339094676
1.6094688619
-0.3033863297
0.6830707542
0.2393360097
-1.0555332471
-0.4097852643
-0.1691051297
-0.7391537123
0.6659595419
1.5449109695
0.0450667016
0.7786492733
-0.1262641505
-1.1744942540
-0.4198852429
-1.6700714663
-1.7286080618
-0.8181642488
0.3801038026
0.0933987782
0.4196049963
0.5623033559
0.3920625352
0.9719937321
-0.5879558796
-0.2379755582
1.2103571831
-0.5234490787
0.9011952859
1.4130886691
-0.0395406792
1.0332960096
-0.0878869937
0.2331469234
2.2684108559
1.2607547885
-0.8800019983
-0.6572990017
-0.5030638300
0.9256625441
1.5768970318
