20 6 0.17
10 0 1 1 0 1 1 2 1 2 3 2 4 3 1 3 2 3 3 3 4
19 0 4 1 4 1 5 2 4 3 0 3 1 3 2 3 4 4 1 4 2 4 3 4 4 4 5 4 6 5 4 5 5 6 4 6 5 7 5
6 0 0 1 0 1 1 1 2 2 1 2 2
9 0 1 1 1 1 2 2 1 3 0 3 1 4 1 5 1 5 2
22 0 1 0 4 0 5 0 6 1 0 1 1 1 4 1 5 1 6 1 7 2 1 2 2 2 3 2 4 2 5 2 6 2 7 2 8 3 2 3 4 3 6 4 6
5 0 1 1 0 1 1 1 2 2 2
14 6
5 0
6 8
0 5
9 9
4 9
0 0 0 0 0 0 1 0 0 0 0 0 0 0 0 0 0 0 0 0
0 0 0 0 0 0 1 1 0 0 0 0 0 0 0 0 0 0 0 0
0 0 0 0 0 0 1 0 0 0 0 0 0 0 0 0 0 0 0 0
0 0 0 0 0 1 1 0 0 0 0 0 0 0 0 0 0 0 0 0
0 0 0 0 0 0 1 0 0 0 1 0 0 0 0 0 0 0 0 0
0 0 0 0 1 0 1 1 0 1 1 1 0 0 0 0 0 0 0 0
0 0 0 0 1 1 0 0 1 0 0 1 0 0 0 0 0 0 0 0
0 0 0 0 1 0 0 0 1 1 1 0 0 0 0 0 0 0 0 0
1 1 1 0 1 0 0 0 0 1 1 0 0 0 0 0 0 0 0 0
0 1 1 1 1 1 1 0 0 0 1 0 0 1 1 1 0 0 0 0
0 0 0 0 1 1 0 0 0 1 1 0 0 1 1 1 1 0 0 0
0 0 0 0 1 1 0 0 0 0 1 1 1 1 1 1 1 1 0 0
0 0 0 0 0 1 0 0 0 0 0 1 0 1 0 1 0 0 0 0
0 0 0 0 0 0 0 0 0 0 0 0 0 0 0 1 0 0 0 0
0 0 0 0 0 0 0 1 0 0 0 0 0 0 0 0 0 0 0 0
0 0 0 0 0 0 1 1 0 0 0 0 0 0 0 0 0 0 0 0
0 0 0 0 0 0 0 1 0 1 1 0 0 0 0 0 0 0 0 0
0 0 0 0 0 0 0 1 1 1 1 0 0 0 0 0 0 0 0 0
0 0 0 0 0 0 0 0 0 0 0 0 0 0 0 0 0 0 0 0
0 0 0 0 0 0 0 0 0 0 0 0 0 0 0 0 0 0 0 0
0.1372068508
1.2368457835
0.2968047606
-0.7960189731
-0.1455467663
0.0196167298
-0.8393000413
-0.0768757957
-0.9126107595
2.0131648263
-0.5839969254
-0.0969806532
2.0427149226
-0.9828404131
1.8587352948
0.8263788341
1.5933804818
1.5949333768
-0.0744248946
0.1391083551
-1.1045028761
1.2265617280
-0.6072477868
1.0773660440
-1.2857749841
-2.4116570660
-0.3408863488
1.5330388665
0.8014729401
2.1800039438
-2.7576714166
-1.1557962694
-0.7982692449
1.1315348749
0.5025339923
-0.8102498974
-1.2571537749
0.3786315613
0.2770329618
-0.5358793876
-0.5927734550
0.5715631759
0.0413742902
0.0594810062
-0.4041150591
0.8010879285
-0.2744755310
1.9136634268
0.2053992124
0.0014191464
0.4341172518
-0.5437046815
0.0848209353
0.6882870912
-0.0533793739
1.6932073421
-0.8468668568
-0.6270878421
0.2404001817
1.2035530323
1.8753791753
1.4912084989
-0.7142368527
-1.0420144155
0.3603655149
-1.7721966608
1.5413348488
-1.2640805969
-1.1942545822
0.4524107351
-0.8736394873
-0.4799539053
0.9452445121
0.2520815693
0.0276368690
-0.1676908851
-0.1060618357
0.5100067772
1.9900692880
0.0614242665
-0.8058618445
-0.1850866639
0.8913952973
0.7135638705
-1.5555248364
-1.1246711280
-0.0309903504
-0.0769796425
0.0795184001
1.5913954600
1.6532791346
0.5855016484
0.7097272162
0.3149528036
1.8628750325
0.0125978703
0.7371827594
-0.7471391227
-0.9946819457
0.4208421553
-1.7231713752
0.3911259708
-1.1517783048
-0.6159293780
0.0633101571
-0.8825026809
2.3634108076
-0.0448864854
-0.8555931602
-0.7351882981
-0.0145620081
-1.2680797590
-0.0170853565
0.0132474362
-0.1908707109
0.0905778321
1.6241620590
0.1813956956
-0.1045658192
1.0902287525
1.5806361320
-2.0340232328
1.6410017999
-0.4621781076
0.6836606948
-0.9639258004
0.0771680375
-0.7394572970
0.0209995207
2.5569201238
-1.0878069605
0.5134860512
-0.1727987830
-0.4128282870
0.9790570507
-0.4405201778
-0.5226550679
-0.3317397789
-1.0655004701
-0.5869370121
0.9841268635
0.0020648884
0.9164328038
-1.4532319140
1.0711692225
0.6166868818
0.6241932997
-0.4994144361
0.6561603211
-0.0139956530
-1.7953804360
1.8813663346
-1.0448654785
1.6216051357
2.9869978865
-0.0909215513
-1.2541883831
-0.7070490007
0.9559489086
0.3086577623
1.1324804264
0.1399576578
-1.4591877609
0.3673313036
1.2997133864
0.6313673789
-3.0166682428
0.0865068623
-0.2782484983
-0.6303724446
-0.1585976254
-0.2807047148
1.5800501106
-0.7564630659
0.6558266586
1.0955956320
0.8054195823
0.2059429924
-1.2820953994
-1.5266239394
0.7717937721
1.0148924683
-0.7003569623
0.7519043421
0.1830351677
0.6208600378
1.7083151442
0.3631496717
2.0901421178
1.0064890805
-0.0733653330
-0.7073463384
-0.5185158516
0.9442059375
-0.5579862292
1.1093518896
-0.0714085210
-0.0292553517
-1.9368660818
0.4405530248
-0.9542260266
-0.4258022314
0.5652387443
-0.9637767724
0.9207642234
1.3328960750
-1.0218398318
1.0240311952
0.3883323235
0.7657312082
0.4225852938
0.3072658427
0.3999693024
0.1079003267
-0.5189012260
-0.4424345661
0.4695295528
0.9143582144
-0.2637232373
0.2343833257
0.7184982459
-0.9917133678
-0.6911799514
-0.5027658237
0.2650682097
0.5184185057
-1.8215994124
0.0880155909
-0.4501463451
-0.8832537511
1.9457618177
0.4412006822
-0.5599054043
-0.6693936944
-0.0474744461
0.6493817719
0.7321435520
0.3422454459
-0.6602324876
-0.2088131301
0.7173603901
-0.2000053832
1.0253117257
0.6941339293
-1.2173945633
1.9602359707
-0.5494547789
0.6163418912
1.7358246155
-0.5103577701
-0.0887895650
0.1170417235
0.5603696140
-0.1794618219
0.1898079076
0.3868948688
-0.5720837799
-0.8171262714
-1.3500058127
0.2409173109
2.2579766381
1.7876195163
0.9047920645
-1.4359510456
-0.2887577859
-0.3935322263
0.2408226376
-1.3610911345
-0.0605582439
1.0503967338
1.0956902793
0.2203380908
0.1789662766
0.6538393006
-0.5948227816
-1.3075655327
0.1729000375
0.6129423009
-0.0307694880
-0.9962268125
-0.6986485079
1.9007973184
0.5470878169
-0.4176337928
-0.5693315637
-0.9865050654
1.1356190510
0.0541783203
1.2660644218
0.6359688747
-1.3785538466
1.4455497023
2.2647890482
-0.3860900535
-0.6677833182
0.4709958747
-0.8484811615
0.0392994181
-0.2237276138
-0.4258036237
0.0843258076
-2.1229604128
-0.6919221396
0.5563168160
-0.6014491147
0.1448894536
2.3959355030
-0.6848422239
2.3858499734
-0.4882728512
-0.5830971474
-0.0765054492
-0.7316412920
-0.0195686244
-2.0272252152
0.4576456892
0.6023757055
0.4676412611
-1.6779678530
-0.9787798402
0.2037358981
2.5354973683
1.0744057367
0.5591461612
-1.0471393059
0.9787590850
1.2626059819
1.2410960675
-1.4789358380
0.3289497790
0.0792455573
-0.2998032323
-0.3228827373
0.2522437587
-0.3419035723
1.3314324035
0.2256879046
-1.2283617084
0.2389781935
-0.1295891720
-1.3745413702
0.1631680576
-0.4988760994
0.6271080603
-0.9868771101
0.2531778829
-0.8473927524
-0.1656445614
-1.8955242578
0.3261889998
0.2480417290
-0.5322994850
0.7665744682
-1.6451890446
1.4125526763
-0.2355412827
-1.0130267740
0.3021175368
1.9872519627
-0.8705053659
-0.4811753349
-2.2798464671
1.0228219821
0.8353209136
-1.2263323463
-0.6392302878
1.3276466035
0.1378067348
0.1478168546
-0.1798915679
-1.2064743169
-0.8601293801
-0.9270211326
-0.7505740479
0.3434312530
0.2125681674
-0.3020287768
-0.9486613277
1.4041989574
0.8980506459
-1.4107492757
-1.4329068778
1.3343657268
-1.0666129855
-0.0428825391
-1.9739633250
1.9616102177
1.0383786708
0.3063414813
0.2711016782
-0.4288088702
0.3853190392
-0.7033452551
1.1129188238
-0.9927088639
-0.0326035924
-1.2829891782
-0.4091974467
-0.5851242493
1.0186795172
-0.1751602796
-0.3529408611
0.1749567351
-1.2062390415
-0.5986187490
0.2534978819
0.1501146794
0.7842181902
-0.9745518095
0.3879182886
0.5312441340
0.9775481407
1.1824275768
0.8084594068
-0.9278817175
-1.0995168275
0.6883539389
0.6153804436
0.0416390300
0.6432111718
0.2566824677
-0.1825532466
-0.7431625838
0.1597831449
1.1858900450
-0.4993528027
-0.9573690016
1.4949753674
-0.3799071477
-0.2164329013
0.0850617205
-0.3362841349
0.0279813944
-1.9020365330
-0.3888718783
0.6570467595
-1.3943732541
0.6635428589
-0.9973850578
-2.1335218283
-0.7814268551
2.0064741938
-0.9626716325
-0.2133135982
-1.5210381672
-0.6790426166
-1.2780408772
1.4908765554
-0.9956444425
1.6906178414
0.1117651451
1.9047620828
0.5811694070
2.1432928719
0.8670658735
-0.7658585444
-0.7952138039
0.0043980164
1.2471037190
0.1345232337
-1.1860916253
-1.4487216867
1.8979392330
1.1045239274
-0.4071004556
0.4987779308
-0.5379166101
-0.6302187571
1.2581434028
0.9953099790
-0.3456184973
1.0140466035
1.0464867989
-0.7859571110
1.3683019575
0.4983573148
2.2200218822
1.5703426463
-0.7219366435
-2.1478089025
0.3631471864
1.9784697631
1.1166729678
-0.0565085625
0.3141028374
-0.8302212018
-1.7073634907
0.2248877009
0.4031802950
-0.7247476217
-1.4303897688
0.8105175832
2.9565012558
-0.3627749534
1.0499480172
0.8415067737
-0.4624002923
1.2841130838
-1.5113822619
-0.0451557002
0.8821903987
0.3366011540
-0.7522764071
-0.6512672169
-0.6857535654
0.2635467762
-0.1784259161
-1.7601504732
0.6765910066
0.9684134904
0.6787416420
-0.6510439112
1.1966840197
1.7782548868
0.7316215978
-0.2208330609
2.1023836727
-1.0009909340
0.3896676984
0.1981820589
-0.1109893716
-0.5322987775
0.6992101080
0.2115977841
-1.9633704399
0.3731465257
0.1550978077
0.8094078521
-0.5821983335
-0.2012072220
0.6845710915
-1.4158680891
1.3954951720
-0.1144155423
1.5228447502
0.0877237269
0.3906363171
-1.3971293107
-1.3127408163
-1.1406271564
0.2696625502
-1.3094733099
-0.5742382803
-0.2064820249
-0.1013082018
-0.8988614488
-0.3360727640
-0.9099756122
-1.8867248440
-0.9329884102
-1.6576525719
-0.9660659814
1.2295582302
0.5428130380
1.0632429797
0.5614855040
1.1493101306
0.7401301643
-0.0386632122
-0.3227789439
-0.6868591634
1.0789763432
0.4726639198
-1.1093623674
-1.2119419328
0.1645316986
1.7065003206
-0.6913930007
-0.8020089769
-0.6546186442
-0.8541372020
-0.3503461408
-0.0116903769
-1.0207472009
1.5714574667
0.2092265048
0.0064242755
2.4681938558
-0.0153082586
-0.5522348471
0.1417580792
-0.9170410713
1.5670842562
-0.3102351643
0.6244350557
1.0795859572
0.3032066956
-1.0695914754
-1.0259855310
1.0038504743
0.4260583091
-0.3625296779
0.5115959334
0.9199838934
-0.4567365276
0.3634945418
-0.2023131014
-1.4623380390
-0.4130625099
-1.9841575683
0.4267079460
0.7897892381
-0.3045115135
0.2749164535
1.1016366736
-1.1583013596
-0.1671577981
-0.7184482828
-1.0932770901
-0.7943982423
1.0148652963
0.7845578652
-0.1002898470
0.2857779376
-1.2123147929
0.9753093277
0.7228574688
-0.4171548126
-0.8789264558
-0.1824287917
0.0818549496
-0.7361889971
0.5807004451
-1.4814321020
0.3710489827
1.6910885165
-1.5695745952
-0.3583097542
-0.0663355078
-0.2805677391
-2.0518770627
0.5973854017
0.3067430592
-0.1129784199
-0.6999423829
-1.8984283940
-0.7579592294
0.9811459481
0.4659335647
-0.5023954278
0.6487034021
-0.1119529371
-1.3870458251
0.3227433967
0.5092036117
1.3722816748
-1.8665422563
-0.6742031786
0.9736079849
2.4471170551
1.1023322993
-0.3396824280
-1.8413866512
0.5858910829
0.7241758756
1.2754100660
0.1098374009
0.2194128065
-0.8468573709
-0.0569491737
-0.3463378054
-0.3996349856
1.1574981587
-0.0629863241
-0.2256361411
1.4781624386
0.2159576177
-0.2661861236
1.2992246618
0.6046049272
-0.9321789535
-0.2708778606
-1.6184825389
-0.5127596359
0.1363426240
-0.0250617350
-2.2416597728
-0.1027633207
-0.6629804994
0.1982289463
1.4707015801
0.7079042555
0.3344870111
0.8669870447
-1.0186611193
-0.2747954802
1.0428520437
0.6541380327
0.7766768947
0.6086399352
0.0050249231
-0.6388464755
1.8270377183
0.0375924189
0.2843880496
-1.5153714269
-1.0281590994
1.2982164469
1.5769303879
1.8735495817
0.7716372270
-3.1717209172
-1.2295403188
1.5852427754
1.2287259914
-1.5283118430
0.8259931821
-0.2942516352
0.7245661199
-1.6156040315
-0.5394902074
-0.8122746596
-1.4313971454
-0.0577785231
0.6513900467
-1.1941032911
0.0488477246
1.5210393619
-0.4519873545
-0.3138406775
0.7581274108
-0.3219255839
-1.0427063788
1.3567189364
-0.5391499252
-1.8410713236
0.7531023027
-1.2515057380
1.6965458643
0.3652004959
-0.9497299637
0.7424626076
-0.1932698081
-0.4937488957
1.9109454548
1.5076101819
0.1795289434
0.0607395131
1.5133574890
0.5036423943
-1.3544375250
1.5402071816
-0.8970743642
-0.9505646240
-1.3467399634
-0.0148734818
-0.4976158926
-1.6850772590
0.1372815363
0.6874128570
0.1757733245
-0.7471696806
-0.0765936107
0.5001687881
1.0799625625
-0.4486845134
-1.0981093277
-0.5731339646
0.5940517581
-1.0091329771
0.9239153316
-0.0970517174
-0.5293445805
-0.2505847222
-2.0951320720
-0.1549546718
-1.1589165138
-0.4780563962
-0.1391293402
1.0911074590
-0.2930900734
-2.0044997791
-1.3022534046
-0.0486294278
-0.3270747168
0.7280128983
1.5671939522
-0.2099359142
0.4187690124
-0.1122342771
-0.8482828230
-0.8226928891
0.3182568825
-0.4839614865
1.2806366295
1.1379450762
-1.8806958479
1.5960859731
0.0495227414
0.1453100588
0.4070784680
-0.0044715259
-1.3620390993
-0.2454172793
-0.0953770731
-0.8132917590
-1.4866465713
1.0644984503
-1.0457598816
0.1000948295
