20 4 0.16
70 0 0 0 2 0 4 0 5 0 8 1 0 1 1 1 2 1 3 1 4 1 8 2 1 2 2 2 3 2 7 2 8 2 10 3 2 3 3 3 4 3 5 3 6 3 8 3 9 3 10 3 11 4 2 4 3 4 4 4 5 4 6 4 7 4 8 5 2 5 3 5 5 5 6 5 7 5 8 5 9 5 10 5 11 6 3 6 5 6 6 6 7 6 8 6 9 6 10 7 4 7 5 7 6 7 7 7 8 7 9 7 10 8 4 8 5 8 6 8 7 8 9 9 5 9 6 9 7 9 8 9 9 9 10 10 6 10 8 10 9
20 0 2 1 2 1 4 1 5 2 2 2 4 3 1 3 2 3 3 3 4 4 0 4 2 5 0 5 1 5 2 5 3 5 4 6 1 6 2 6 4
41 0 2 0 4 0 5 1 2 1 3 1 4 2 1 2 2 2 3 2 4 2 6 3 1 3 2 3 3 3 4 3 6 3 7 3 8 4 1 4 2 4 3 4 4 4 5 4 6 5 0 5 1 5 2 5 3 5 4 5 5 6 1 6 2 6 3 6 4 6 5 7 3 7 5 7 6 8 5 9 4 9 5
63 0 8 0 9 1 7 1 8 1 10 2 5 2 7 2 8 2 9 2 10 3 4 3 5 3 7 3 8 3 9 3 10 4 1 4 2 4 3 4 4 4 6 4 7 4 8 4 9 4 11 5 0 5 1 5 2 5 3 5 4 5 6 5 7 5 8 5 9 5 10 5 11 6 0 6 1 6 2 6 3 6 4 6 5 6 6 6 7 6 8 6 9 6 10 6 11 7 1 7 2 7 3 7 4 7 5 7 7 7 8 7 10 8 2 8 7 8 8 8 10 9 9 9 10 10 10
7 0
7 11
1 5
8 7
0 0 0 0 0 0 0 0 0 0 0 0 0 0 0 0 0 0 0 0
0 0 0 0 0 0 0 1 0 1 1 0 0 0 0 0 0 0 0 0
0 0 0 0 0 0 0 1 1 1 0 0 0 0 0 0 0 0 0 0
0 0 0 0 0 0 1 1 1 1 0 1 0 0 0 0 0 0 0 0
0 0 0 0 0 0 1 1 1 1 0 1 1 1 0 0 0 0 0 0
0 0 0 0 0 0 1 1 1 1 1 1 0 0 0 0 0 0 0 0
0 0 0 0 0 1 1 1 1 1 1 0 0 0 0 0 0 0 0 0
1 0 1 0 1 1 1 1 2 1 1 0 0 1 0 0 0 0 0 0
1 1 1 1 1 0 0 0 2 0 1 1 0 1 0 2 2 0 0 0
0 1 1 1 0 0 0 1 1 0 2 0 0 1 1 2 0 1 0 0
0 0 1 1 1 1 1 0 1 2 2 1 2 1 2 2 1 1 0 0
0 0 1 1 1 1 1 1 1 0 0 2 1 1 1 1 1 1 0 0
0 0 1 1 0 1 1 1 2 2 2 3 1 2 2 2 1 0 1 0
0 0 0 1 0 1 1 2 2 2 2 1 1 2 1 2 1 1 1 0
0 0 0 0 1 1 1 2 2 2 2 1 1 1 1 1 1 1 1 0
0 0 0 0 1 1 1 1 1 2 1 1 1 0 1 1 0 1 0 0
0 0 0 0 0 1 1 1 1 2 1 0 0 0 1 1 0 1 0 0
0 0 0 0 0 0 1 0 1 1 0 0 0 0 0 0 1 1 0 0
0 0 0 0 0 0 0 0 0 0 0 0 0 0 0 0 0 1 0 0
0 0 0 0 0 0 0 0 0 0 0 0 0 0 0 0 0 0 0 0
1.6058247891
1.1102688226
-0.9559271069
0.1582006297
1.3130918249
0.8717743442
0.0884690186
1.3570096952
-0.2009111969
2.4729071520
0.5809933269
0.5529899427
0.4924775093
-0.9141898379
1.7095129308
0.4404416564
1.0255953545
0.1302605693
1.2267705390
-1.3289806321
-0.2548803207
1.3309221393
0.2210947981
0.7116547565
0.4238592603
1.4554744420
1.7181183537
-0.5474716013
0.2536889665
0.6063499037
0.7354269652
0.2875851023
1.2358509650
-0.2055799778
-1.1181843527
-0.5969784561
-0.0633866017
-0.6941400612
0.5230334655
-1.0767723261
-1.0587429823
-1.0355691912
-0.3453773691
0.8620329106
1.0321895711
0.2098579685
-0.4877965697
-0.3654083668
0.6862600534
0.5863224728
0.8313484337
-0.9236316142
-1.0881271709
-0.2307910249
0.6508352290
0.0728581870
-0.7564525348
-0.5303632890
1.5215606747
-1.9481387448
0.2775089601
0.1162296566
-0.7474882331
1.2266937526
1.8005503584
1.4565961081
-1.0421445209
-1.2572560460
-0.5627495360
-0.0418272575
0.4291302265
0.8177002888
2.0869288584
0.8452219099
0.6429522491
2.3548314735
0.0937010460
-0.7671609561
0.2049474745
-0.2079813756
-1.1971946749
0.4335854587
-0.8612661336
1.9613627711
0.6268587468
-0.2979716418
-0.4124729507
-0.5490055165
0.5960380174
1.3949252059
-0.1891299388
-1.1646784679
-1.1496667097
0.2369108295
0.0287882805
0.0880742274
-0.4084136189
-0.6514834209
1.2672261319
0.8489325968
1.5877200360
-0.6094849837
0.5233669053
1.3089469509
1.0012455008
2.0065393204
-0.1047929448
-1.4373854864
-0.1706386311
0.2552047651
-0.2085131898
-0.4017140154
1.1684159005
1.2309566152
-1.7457699700
-0.1520366963
-0.9027691320
-0.3806522326
0.1474467153
1.1496880441
0.2445472050
-0.7719471384
0.2332653382
-0.5674338153
1.4899225931
0.3430481006
1.0912159190
0.4520595942
-0.1845824046
-0.9292373549
1.0935980228
0.9182901981
0.7642033735
0.7541440098
-0.2593357831
0.5989102361
1.8795202541
0.1489024350
0.3323004288
2.6971438972
0.9728148172
0.5894194301
-0.0522437484
-2.7171986629
0.1509266959
-1.3014450327
-0.7421995552
-1.4373862413
-0.3572261577
-1.6774545340
-0.5025715225
-0.7119417352
-0.6782502155
-0.7051549175
-0.3123565758
-0.1093110680
-0.0326674090
0.6387928778
-0.6563476310
0.8079991541
0.3296073940
-0.4321057080
0.8491524931
-0.7078590848
0.1916764440
1.4490893472
1.0355391518
0.7177161971
0.9143055708
-0.8853986538
-1.6696691499
-1.3446773481
0.0645078875
-0.5100522846
-1.0939357237
0.4613963711
0.0325778807
-0.1061918951
1.1337944962
0.6882329468
-0.6895718239
-0.1885337198
-0.7914960433
1.2537356815
0.5216544288
0.8528632113
0.1872417921
-1.3324860489
-0.0314015863
1.0118958357
-0.9008210261
-0.6909378016
0.5990466865
-1.1483976601
-0.6226235681
-1.3857400879
-0.5786812486
-1.4246613835
-0.4993150216
0.1743155706
2.4738048998
0.2037019568
-0.0245166688
0.4105049382
-0.4490804115
1.3603300093
0.6031300658
-0.6640998151
-0.1221766912
0.2003001214
-0.3562937180
-0.1531126680
-0.1307727288
-0.7328469678
0.1891692903
-0.9981417972
-0.7213624086
-0.1630020828
0.3295029130
0.9882622674
1.4296070745
-1.6818519110
1.5339329536
0.2626065711
-1.0123356360
-1.8025776949
0.2618319953
-0.4661497537
-0.7000455731
-0.6811761056
1.3110217632
1.3505652932
-0.8101345534
1.3098908716
2.8474446610
-1.4288084950
-0.1967998203
-0.2664670966
0.5637603632
0.1911213429
0.5300622133
1.0386947059
0.3579787609
-1.1594237125
0.5637575985
0.2447427673
-0.2075270570
-0.5888438184
-0.9577307193
-0.1646810405
0.3556720245
-1.1342145587
0.0154000265
-0.5553911625
0.3236663386
1.3728640948
-0.0929290230
0.3651193880
-0.9658596992
1.2588056744
-1.9409212758
1.2584348097
2.5474035875
0.3916467623
-0.7007894234
-2.3645625948
0.5656383217
-1.6657258515
0.3968936159
0.1757866357
0.6649134290
-0.3734585111
-0.3654312164
-0.6407126889
-1.6469182292
-0.5536333364
-0.8625010406
-0.3277403497
0.9828420337
-2.0306635190
0.4471053863
-1.5474382496
-1.5748921235
-0.3147378247
0.5981728874
-1.2220044797
-0.2844818241
-0.8887188749
0.1622784477
1.9150287705
0.4174869602
-1.2472656852
-1.8591568762
0.1265565656
0.0489801520
-1.5119780576
-0.9722628094
-1.1468558740
0.5873871889
-1.8225288425
-0.1052117389
-0.9986367906
-0.5681276044
-0.3658584062
-0.4487313467
0.4381270194
-0.0802575625
-1.1553034756
-0.2171137219
-0.6993915131
1.1422732955
-0.2067840320
-0.6191959695
-0.7362559026
-1.4994794678
2.0332900698
-0.4839590848
-0.3390474732
-0.6493856104
0.5670918804
0.8768975645
2.0815052573
2.0113977467
0.2722819726
1.2450648118
-1.7169495076
0.5303315537
-1.3658430271
-0.3991178276
-0.3887870020
-0.8998174727
1.0628151151
-1.0764270570
1.3836761056
1.3388739925
-0.8743731018
-1.2199836193
0.1978704789
1.9091373336
-1.2639597601
-0.7275379504
0.7632334310
0.0865740593
0.1208852735
-0.4856924970
0.0012019489
-0.5955904078
0.5583343092
0.5206602283
-0.2391493752
2.5239281997
0.4759950613
-1.6365273242
-0.5507800595
0.1955936091
-0.9911781534
-0.3866544259
-0.5605933511
-0.3129534149
0.0078489140
-0.0197092766
-2.0193963702
1.3112655028
0.8007843824
-1.0972342130
-1.9225127805
0.2643968000
-1.2187400266
1.1318998728
0.5490233673
-1.4934359727
0.8827116337
-0.8445261124
0.2331364196
1.4173580349
-1.1243722723
-0.4841158368
-0.8397170447
1.1415793820
1.1878840179
-0.0715736647
0.1935205209
0.5582900037
0.1199220024
-1.2582010490
-0.4030846131
-0.9153107395
0.5539077632
-0.3436964372
-1.5167503386
0.4386358432
-1.0431923821
0.3936195173
-0.6678823529
0.4836825633
-0.9897647346
-0.7644957541
0.7190911531
0.7302994541
-0.9889254705
-0.9221526742
-0.0379822178
0.4443515628
-0.9238098228
-0.9959928339
0.5977598005
0.4336823216
-0.7023778045
-0.0676087033
-0.7791406712
2.1678865071
-1.5767147865
-0.9270871772
0.2861079173
0.6982009820
-0.0370983030
1.8350146681
1.3997474496
1.4510416010
1.5310194947
0.2325090880
1.6084175996
0.4342208293
1.9963277168
0.6956272282
-0.0022240767
1.4005834204
-0.5723620570
0.6510567864
-0.0522077764
-0.6215436629
0.0361607759
0.2244444698
0.1593497567
0.1258718750
-2.2300970924
-0.3625968980
-1.6902205976
-1.8739509397
-0.2569445193
-0.6156551191
-0.9119766171
0.6550989779
-0.7789651324
0.0247421651
0.7276684282
0.4962988807
0.9378812212
-1.5609623576
-1.4301903436
0.0511335857
0.1651548232
-0.7192294134
-0.9811173754
-1.0178067157
-0.7067890574
-0.0760991514
-0.1318690244
1.5656752824
-1.3158846180
0.9609657173
0.3507218815
0.2396109481
0.4870373854
0.0722379477
1.2963833966
0.2694239110
0.2985188503
0.3025786915
0.8277164466
-1.0859503163
-0.4681027091
0.7799621050
-1.1560436693
0.2918559690
-0.9120817267
-0.9109476242
-1.1056472482
-0.6769120546
-0.2373908680
-0.7657173215
-1.4777667854
-0.0782227520
0.0055591132
-0.2090934372
-1.3706433208
0.4096311340
-0.2588137683
-0.5244253771
-0.4116818889
0.5793935422
1.0536404419
-0.5257463535
0.1882702772
-0.1721996519
-1.0617684249
-0.7022411713
0.7638807147
-0.6557267472
1.6956133336
1.0266162020
-0.1877284179
-0.8602712273
-0.2992894146
1.1558444437
-0.5920606862
-0.2154566365
-0.2127174912
0.3724986831
-0.8755111880
-2.4271399000
-0.8016016648
-0.8134047624
-1.8868871944
1.0569603956
-0.4781034131
0.8763920748
-0.4726728216
-0.2948607064
0.8438880145
-0.6085745538
0.4231782744
0.5328451984
0.6494252280
-0.1315604044
0.4541708900
2.0454818101
0.3538389314
0.3353252125
1.0900780169
0.4542030826
-0.0502554594
-1.3928284681
-0.2909512410
0.0920267035
-1.4485700198
-0.1390706887
1.1296134793
0.3522540076
-0.4042445914
-1.1321365054
-2.5682378468
-0.2926694375
0.0846142438
0.5985937695
-3.1679186872
1.0298751972
0.4363930828
0.4986869891
0.3266238172
-0.0397233336
0.2661861013
0.8810090872
0.1656909153
0.2651152317
1.4429565440
0.2978940872
-1.7891306251
-0.3232651663
-0.6098512615
0.3451463317
-0.6438670345
0.7609096394
-0.6716929366
-0.4154047792
-0.6098091764
1.6425398292
-0.6196658046
1.5053435168
-1.0402979161
-0.4180738223
-0.3379563968
0.9119166784
-0.1160043240
-0.4863438482
1.2722250783
0.9836446422
-0.6086945973
0.1639710735
-0.0637138368
0.5842901138
-0.0961870841
0.5903949932
-3.0816186067
1.6323940555
0.0824602804
-0.8886257629
-0.0048402774
-2.0315427483
0.1442048088
0.3591158682
-0.9981749171
1.2783549602
-0.0243154607
0.6420551859
-0.6276216444
1.0967231220
0.0281887437
1.5891863911
0.5612421501
-1.1900589584
1.0350040424
0.6475695343
0.2441860601
-0.5298014008
-3.7450984027
0.9994406569
-1.4467113481
1.2714400599
-1.2587523020
-0.8468264440
-0.2458159573
-0.7311826743
-1.2993127899
-0.4987898196
1.6921680682
-1.4972992857
1.6072115158
0.2896721286
0.8700856345
-0.2881153019
-0.2046869121
0.9033160724
-0.3319399035
0.1749961690
0.0540945167
0.1360043905
0.5827413419
-0.8761379901
0.6227805701
-1.2658164689
-1.2430192485
-0.9464548487
1.1152183908
0.7814830879
-0.8026961031
-0.0319772732
0.7462863018
1.4130923586
-1.0134633940
0.8283091339
-0.0987735579
-0.4667892244
1.3876734020
-0.4894707352
-0.4605872531
-0.5572976386
1.3577061527
-1.0405463018
0.2110298499
-1.9491034056
-1.0118360508
-0.3988328362
1.0030894621
0.4113807567
-0.3007846818
-1.2685090869
-0.6761503187
-0.5510775495
-0.3872286813
1.8061179379
1.4617356199
-1.3773732158
1.0293638592
-1.1704517474
-1.0205711988
-1.5499501885
-1.0204305884
0.1233791693
0.7764165612
0.4310390723
0.9662098055
-1.9981832357
-0.1288409503
0.1678666979
-1.3892002725
-0.5707378289
-1.0694041469
0.3807005781
0.5472010426
-1.5514763850
-2.5298728485
-0.0628261531
-3.7385404975
0.6554972497
-0.6900195716
-1.5422866731
-2.4866342164
-1.0443094019
-0.3702566241
-0.7156541733
-0.0969671904
-2.1181798813
1.1195890383
1.3003436943
-1.4100395002
-1.8607897806
-0.1922048222
-2.6895481809
-1.0307426239
0.0214097660
-0.5313718981
-0.2143301437
-0.2820882466
0.3129934895
1.1761521287
-1.2644229882
0.0115381352
-0.6021994047
-1.2818760479
-1.0635608666
-0.6490125039
1.1854296456
-1.6678105417
0.2510163055
0.0485799631
0.5491344994
-0.3614479561
-0.0993976466
1.8768593320
-0.9834905374
-0.1376828342
0.0870120465
-0.4331564284
-0.0437768926
1.1816452851
-1.5439478857
1.2094379122
0.5869443138
-0.5567578893
1.3245365868
-1.6773488281
-2.1164697163
-0.7465262180
0.5116993534
-0.2588757695
0.0452506680
0.1238834328
-1.0265280630
-2.1174345614
2.3753522999
2.2959771447
0.5572334869
-1.3766882156
-0.6666911934
-1.3995202593
-0.1678930304
1.1474069431
1.1085899563
1.9214559592
-0.7743308685
-1.3567736082
1.6936014159
-1.5995954574
0.4366984476
1.1682078323
0.9444203096
1.2903868652
1.4508945593
-0.1630510729
-1.0329706771
-1.4537924050
1.6755628164
-1.0899062343
-0.9236789297
1.4718230969
-0.4821042222
-0.6055644807
0.7820897177
-1.3291158938
-0.7772319070
0.5919784162
-0.2564661925
-1.6317794125
-0.8647760451
1.5542280358
-1.2113696115
0.1716021402
-1.1086835458
0.5977318839
0.7819418683
-0.4299217685
0.2043307332
0.7002567852
-0.5142870136
-0.9896755564
-0.7817745999
0.1407252568
1.6947810720
1.3089355772
-0.8255714716
-1.7123168594
2.5509959905
1.0476189416
-0.9141632758
-0.9574885496
0.3013815763
0.1988642970
-2.4584136515
0.1064009011
