17 4 0.03
24 0 3 0 4 1 1 1 3 1 4 1 5 1 6 1 7 2 0 2 1 2 2 2 3 2 4 3 0 3 1 3 2 3 4 3 5 4 1 4 5 4 6 5 1 5 2 6 2
10 0 2 0 3 1 2 1 3 2 0 2 1 2 2 2 3 2 4 2 5
7 0 0 0 1 1 1 2 0 2 1 3 0 3 1
13 0 1 1 0 1 1 1 2 1 3 2 1 2 2 2 3 2 4 3 1 3 2 4 1 4 2
0 2
5 9
1 7
1 12
0 0 0 0 0 1 1 0 0 0 0 0 0 0 0 0 0
0 0 0 1 0 1 1 2 2 1 0 0 0 1 0 0 0
0 0 1 1 1 1 1 0 1 0 0 0 1 1 1 1 0
0 0 1 1 1 0 1 2 1 0 0 0 0 1 1 1 1
0 0 0 1 0 0 0 2 2 0 0 0 0 1 1 0 0
0 0 0 1 1 0 0 0 0 0 0 1 1 1 1 0 0
0 0 0 0 1 0 0 0 0 0 0 1 1 0 0 0 0
0 0 0 0 0 0 0 0 0 1 1 1 1 1 1 0 0
0 0 0 0 0 0 0 0 0 0 0 0 0 0 0 0 0
0 0 0 0 0 0 0 0 0 0 0 0 0 0 0 0 0
0 0 0 0 0 0 0 0 0 0 0 0 0 0 0 0 0
0 0 0 0 0 0 0 0 0 0 0 0 0 0 0 0 0
0 0 0 0 0 0 0 0 0 0 0 0 0 0 0 0 0
0 0 0 0 0 0 0 0 0 0 0 0 0 0 0 0 0
0 0 0 0 0 0 0 0 0 0 0 0 0 0 0 0 0
0 0 0 0 0 0 0 0 0 0 0 0 0 0 0 0 0
0 0 0 0 0 0 0 0 0 0 0 0 0 0 0 0 0
-1.2789617635
2.1148265991
-0.5086037166
-0.9873645660
1.9108225222
0.0813354551
0.4138284079
0.0968095403
0.3840524265
0.4082378485
0.1458471927
-0.1391171246
-0.0440214837
0.8597159359
-1.2622860100
1.1346057180
-0.1164159598
-0.6789106704
0.3617804143
-2.0522338302
0.5725176402
0.1928617738
-0.7981054196
-0.2630438101
0.2394440628
-0.6791327308
0.9494205973
-0.1509004110
0.7514197671
0.1566987636
-0.8835791754
-2.8359381620
-1.1128683317
0.5703757868
-0.6729734336
-0.1010833477
-1.0416440577
0.0242057607
-0.6661210859
-0.8197763377
0.3424285822
0.4687130887
-2.3229740404
0.2061963140
0.9121903848
0.0377008064
-0.7078495059
-0.4592122234
1.0644116150
2.1401244713
-0.7979162948
-0.5084356747
1.1517554491
-0.1406624372
-0.0554580052
-0.6880568814
0.6780661897
1.0170064618
0.2649562315
0.8373421997
-0.1352935279
0.5348076051
0.7899863581
0.2050802834
0.3172491721
-0.6138103540
0.1135470255
0.8169262908
-1.3922647844
-0.5891747715
-0.5639627447
-0.1666988785
-0.5050584869
-0.0678124218
0.5550047078
-0.5693805431
-0.1323963005
-1.0364018828
-1.3821324683
0.5286940772
-1.5070988263
-0.1932109508
-1.5663988982
1.6748405049
1.0201921790
-0.3410260426
-1.3097596083
1.5776051832
0.6319842967
0.6844571613
0.4879891451
-0.0154176915
-0.5924558480
-0.6997740241
-1.2405525612
1.3165551291
-1.5691908753
-0.5757227834
-1.4203675622
1.0805388557
-0.0009104099
-1.9336660442
0.6939928584
0.8699851801
-1.5878611668
-0.5764145570
0.2215692840
-0.6457275881
0.1784348884
-1.0604738101
-1.0222391163
0.9178465837
0.5724066151
0.2407212263
-0.1402518615
-1.2133983107
1.3941722302
0.8456942935
1.0451387604
0.9513846820
0.2952531281
0.0143612158
-2.3578426467
-0.1144598287
-0.5990638354
-0.0952535566
-0.0934306983
0.4506879116
-1.0018790488
-0.2825651505
-0.0220985233
0.9424606278
0.5905200479
0.1765710542
1.3467506387
-0.1453643033
0.0651606793
2.6464482933
-0.1464653921
0.1093563320
0.6320574097
1.3631390965
-0.3747066537
1.0310805146
-0.4730208687
0.6844020184
-0.4905422958
1.0166144412
2.2590041201
0.2598377290
1.0757383470
0.3872827544
-0.8006204213
-0.5065641382
-0.1291572280
0.5057562943
-0.3451381487
-0.7957895740
-1.5341495448
-1.3269372961
-0.5792316537
0.9140320453
-0.8241778620
1.0998786254
1.0099322793
1.3578543711
-0.6995039552
-1.5789497473
0.4592220312
2.0464148495
0.2028772293
-0.3719007537
0.1101230323
1.8277295877
0.6940864799
-0.6696805450
-0.6901517213
-0.9220992421
-1.0408009868
-0.0069731723
0.7966620974
-1.0634251332
-0.7187955851
1.5658305062
0.2168406050
0.1963136422
-0.5788811977
0.3915433707
-0.5577398467
0.1234895789
-0.3697809308
0.4283150734
-1.2996946802
-2.0509150868
-0.4744663438
0.3211095141
-2.5292679777
2.5121244305
0.8505684144
-0.7496555908
-1.1006868187
1.6423107619
1.0817028611
-0.5078439201
0.7447090519
-0.8456938549
0.2115613220
0.9758389172
-0.2904041647
0.1063514061
3.0050132406
-0.3203533716
0.2625879900
-0.7068879083
-0.0755345422
-1.5488975167
0.3028921557
0.0522179670
-0.1246445482
-1.6881227515
-1.0127906276
1.5670890849
0.6380648174
-0.3716624006
0.9680100750
-0.9015802328
0.1070371804
-0.4504192894
1.3529852103
-1.0108943952
-0.5593767855
0.2651941080
-1.3015948979
0.7322454971
-0.3982403221
-2.0360124756
-0.2387218641
1.1059238490
-0.4775837863
-0.6034468172
0.0096387675
0.3644190659
-0.9139610231
0.0049730902
0.0076161431
-0.1964152382
0.4387032913
0.6201625605
0.7013874769
-0.4870918653
0.9161129329
-1.7290161060
-0.5858903752
-0.2541494990
0.6129086117
-0.6751092452
1.0428771709
-1.8435839217
-0.0168225074
-1.4779796091
0.4715603040
0.5338481942
1.1784272788
0.6234351094
-2.1302214553
-0.4964584875
0.9144229085
0.3559161421
1.2047353959
0.5835516626
1.6025997141
-0.8000110515
-0.0037147221
-0.1956169380
-1.4848467984
-0.4779996278
0.7344894441
1.1620109123
0.8672436988
0.2180062046
-1.0714999696
1.0846291842
-0.8132729019
-0.9655351022
-0.5441621207
0.3087540083
-0.7243251155
1.3411865212
0.9867926227
-1.2890926348
-1.0625111210
1.5017286073
-0.0308144168
-0.2441594386
-0.5534111335
-1.8328999113
-2.3738629985
0.6212590435
1.5202808041
-0.6595170558
0.8283461023
0.6798279568
0.0271189517
0.8950380086
1.4081866339
-0.3562458347
-0.0845129683
-0.9557514152
-1.4614636173
1.0603437100
2.0739048630
0.4405690718
2.2108413876
-0.9445201222
0.0083922746
-1.3313987929
0.6025137912
-0.3449355642
-1.4869899177
0.9325596014
-0.1021065330
0.3990206283
0.0621947522
-0.2293971214
-1.5503399786
-1.7847542768
-1.0043290612
-0.0590655200
-0.4705818774
0.5049178394
-0.9981285448
-0.2870837735
-0.5772391902
-1.4061545085
0.9616589605
-0.8959941920
0.3699402996
-0.3665193763
-1.4353275379
0.8018877437
0.1083412164
0.0446868613
2.4834151338
-0.4915579407
-1.6710267827
-0.0176836957
0.8678751269
-2.6876777609
-0.8507382378
-0.3920937063
0.0203661026
-1.1306102053
1.7155154153
-0.6554965864
0.9376351636
0.3531071286
-0.9485905401
-0.5163311296
1.4694311667
-1.5422635476
1.1758861166
0.2082570935
-1.0314019657
-0.8393457377
0.3209694435
-0.4053857169
-0.8750249534
0.1684945721
0.1478723162
0.2939040211
-0.0633245438
-0.5291100466
0.7284434502
1.6685543080
-0.5373150168
1.9770621417
0.6355382269
-1.3113703627
-2.2223257029
1.3049312152
2.4419038051
0.3855931456
1.0618828336
2.0357814381
0.1575504184
-0.9563570434
-0.3879796198
0.9012428514
-0.0652448798
-0.7172356815
-1.5049645083
2.5549060088
0.3223771726
0.5310008456
-1.0674839774
-0.7171875418
-0.4279119271
-1.3029431953
-0.5893811657
-1.5617903480
1.1529519683
-0.7463145059
-1.0671361552
-0.3968797478
1.2648842483
-1.1980254288
-0.7111481504
0.5389667991
-0.2191314203
-0.6295713916
-0.3752049194
1.0803678874
1.1120600872
-1.5812537255
1.7305809886
-0.9673114335
-1.2094830306
-0.3450149909
0.1177624288
0.0186230086
0.8289208762
-0.2008754753
1.9858450263
-1.1193277523
0.1851569864
0.6483815038
-0.6705750493
-0.1846685608
-0.1603855084
0.7208413755
-1.7941636909
-0.6083710510
-0.4244768307
1.0055269868
-0.1600710585
0.0050301154
-1.9567007674
-1.1472231188
-1.4380524907
0.2676283220
-0.0233519777
-0.8651693299
0.2524401356
-1.1478761906
0.1944634938
-2.7099307299
0.4806748268
1.3923496086
0.4836932491
-1.1735187834
-1.0478933873
0.9053030138
0.6903294723
-0.2199173272
-0.2325090683
0.7243803653
-0.9440265615
1.8344864256
0.7034600568
-0.1461349865
-0.0296427110
0.2706473828
-1.6968382631
-0.9488920381
-0.4977399591
0.7655479128
-1.5320034961
-2.2003105648
0.3963488161
0.6153342665
1.4813116123
2.4519008194
-1.0733473182
0.1999743568
0.8122239953
-1.7655114601
-0.8232886160
-2.1543765582
0.2029601475
-0.0013806204
-0.3625949327
0.4342676358
0.2795134004
-1.2149086998
-0.6975265027
0.5204044335
0.3769028585
0.5212189124
-0.5371658836
-2.6698502953
0.4297497042
-0.2077948459
-0.3618127646
1.2143642861
-1.6480045865
0.7830089864
-0.9481520306
-0.6335860006
-1.0968113571
-2.3585322448
0.2926417387
-0.9442712764
-0.6941963825
-0.1342280605
-0.8106847625
-1.7148349650
0.1039495661
-0.4730877766
1.1961441521
0.1746785628
1.7624785566
-0.0745012946
0.1762261129
-0.5395427746
-0.4041506426
0.9987679388
-0.0352473389
-1.2627803488
-0.3004058918
2.7404149927
1.3621787889
-0.4063718537
-0.7716442812
-2.6872008573
-0.4408940789
-0.1528865704
1.2406441038
1.1636955410
0.3974764590
-0.0722050429
0.4002787432
0.4501387951
0.0183233495
-0.2409349803
0.6651029714
1.5208968316
-0.9596578691
-0.9571301317
0.7246913062
-0.0367381544
0.4334326035
-0.6006550107
-1.6436481792
-0.6354853508
0.3921199437
0.2682649217
1.7047432303
1.3486466077
-0.3402536790
0.3585037629
-2.6083177782
0.2842181700
-1.8186565824
1.4697833038
-1.1849575742
-0.2626837461
1.3957195182
1.4612575750
0.7744620771
-1.6890412660
-0.9057598753
-0.4341692440
0.2937304084
-0.6545847369
-0.5874865495
-0.2679560899
-0.6567964582
-0.0126943632
-0.1700514629
1.2440768503
-1.0507239589
-0.7847699030
-1.0211346282
0.2111315651
-0.1042170636
-0.6214132769
-0.4551108601
0.0626836786
