20 15 0.06
8 0 1 1 1 2 1 3 1 4 0 4 1 4 2 5 2
10 0 2 1 0 1 1 1 2 2 0 2 1 2 2 2 3 3 2 3 3
9 0 1 0 2 0 3 0 4 0 5 1 0 1 1 1 4 1 5
5 0 0 1 0 1 1 2 1 3 1
6 0 0 1 0 2 0 2 1 3 0 3 1
7 0 1 1 0 1 1 1 2 1 3 2 0 2 2
7 0 1 1 0 1 1 1 2 2 0 2 1 2 2
4 0 1 0 2 1 0 1 1
5 0 2 1 0 1 1 1 2 1 3
10 0 1 1 1 1 2 2 0 2 1 2 2 2 3 2 4 3 0 3 1
10 0 3 1 1 1 3 2 1 2 2 2 3 3 0 3 1 4 1 5 1
11 0 1 1 0 1 1 2 0 2 1 3 1 3 2 4 0 4 1 4 2 4 3
11 0 3 0 4 1 2 1 3 2 1 2 2 3 0 3 1 3 2 3 3 3 4
10 0 0 0 1 0 2 0 3 1 1 1 2 1 3 1 4 2 2 2 4
12 0 0 0 1 0 2 0 3 1 1 1 2 1 3 2 0 2 1 2 2 2 3 3 3
10 1
7 11
4 0
2 12
1 0
16 5
14 8
15 8
4 11
0 15
1 14
13 3
7 3
15 0
7 0
0 0 0 0 0 0 0 0 0 0 0 0 0 0 0 0 1 0 0 0
1 0 0 0 0 0 0 0 0 0 0 0 0 0 0 0 1 2 0 0
1 0 0 0 0 0 0 0 0 0 0 0 1 0 0 2 1 2 1 1
1 1 0 0 0 0 0 0 0 0 0 0 1 1 0 2 2 1 0 0
1 2 1 1 1 1 0 0 0 0 0 0 0 2 1 1 0 0 0 0
1 1 0 0 1 1 0 0 0 0 0 1 1 2 1 1 0 0 0 0
0 0 0 0 0 0 0 0 0 0 0 0 0 0 0 1 0 0 0 0
1 1 1 1 0 0 1 1 0 0 0 0 0 1 0 0 0 0 0 0
0 1 1 1 0 1 1 0 0 0 0 1 1 1 0 0 0 0 0 0
1 1 1 1 1 1 0 0 0 0 0 1 1 1 1 0 0 0 0 0
0 0 1 2 1 1 1 1 0 0 0 0 0 1 1 0 0 0 0 0
0 0 1 0 0 0 0 0 0 0 0 0 0 0 0 0 0 0 0 0
0 0 1 0 0 0 0 0 0 0 0 0 0 0 0 0 0 0 0 0
0 0 1 0 1 0 0 0 0 0 0 0 0 0 0 0 0 0 0 0
0 1 1 2 1 0 0 0 0 1 0 0 0 0 0 0 0 0 0 0
1 1 1 3 1 0 0 0 1 2 2 0 0 0 0 0 0 0 0 0
0 1 1 1 2 1 1 0 2 2 1 0 0 0 0 0 0 0 0 0
0 0 1 1 2 2 2 1 1 0 0 0 0 0 0 0 0 0 0 0
0 0 0 0 0 1 0 1 0 0 0 0 0 0 0 0 0 0 0 0
0 0 0 0 0 0 0 0 0 0 0 0 0 0 0 0 0 0 0 0
-1.9515949277
-0.5843521758
-0.3605124236
0.5676446413
-0.0625948548
0.8631893196
0.4699669063
2.4793723839
-1.4109160721
0.0905193803
-0.1070792053
-0.6231422301
-0.0499195554
-0.4068609791
0.0681868733
-0.1416745395
-1.0954724369
0.6719014442
-0.1521420496
-0.5688713857
0.7801880395
3.1421084104
-0.3346596468
0.3650610694
0.9825675414
-0.9003936364
2.0618038277
1.6693724215
0.1501960706
0.0805004205
0.6589464793
0.5561229232
-0.8955035669
-0.2303403795
-0.0919814633
-0.4498369759
-1.2783031246
-0.3259649700
-1.7325287559
1.1494778554
0.2640997349
0.0506282041
-0.0360250152
0.4018662251
-0.0777541928
0.5079554861
0.1173318923
0.2047155754
0.2150005558
0.5569501964
-0.1330010471
0.3518829629
1.0056312371
0.3704248266
0.4207680936
0.4608015229
-1.2754467493
2.0459946323
-0.8521913738
-1.3329174134
0.7940158527
1.9669287175
1.5186217824
1.7544707632
1.3576497078
0.2221222331
0.3256823045
1.0391863154
-0.7048663380
0.7450466550
1.5246602205
-1.0932558873
0.3119110199
-0.2423602884
-1.2762194528
-2.2157592630
-1.9422490780
0.5916263698
-1.7188690239
0.3033334977
-0.1843723069
1.2982642726
0.3285857815
0.2919037317
0.3460205662
-0.9553529668
-0.8617888903
-0.5738337463
-0.7351341911
1.2005363745
2.2058859360
0.6651997951
2.3011087719
-0.4934496703
1.2828676906
-0.7861216223
0.6416671903
0.0424179897
1.0927578496
-0.3237043999
1.6955873148
-1.9214641201
-0.7665059193
-0.4469044019
0.4179618925
-1.9955430220
-0.1920300882
0.0446204259
-0.6697571558
0.6894311849
1.2317675506
1.1105214228
0.4387485893
-0.6489220553
-1.7783862533
1.0285535350
0.7176101314
1.6263759951
0.5452134990
1.0604247190
-2.4829853516
-0.7281828512
-0.4329856586
0.5035068381
-0.8202339732
-0.6423389886
-0.3045627718
-0.6408958367
-1.2514355386
-0.2841263955
-1.8237852049
-0.1467146103
1.5342371548
1.3372847178
1.3206234215
-0.6906984502
-0.4619068900
0.0783530478
-2.2765760669
-0.8102971976
1.1560345958
-0.1892021250
0.0524153446
1.7896415088
-0.0264504863
0.7557635422
-0.3859403243
0.1171190658
-0.2248962882
-1.5437452549
-0.5964555837
-1.8694868204
-2.5889626136
2.5618547009
-0.4226536758
1.9559339884
-1.7968388620
0.3532279030
0.7436960475
0.2758774987
0.2899375760
-1.2406608592
0.6594965391
-0.7049225680
-2.2240433994
0.1697571079
0.6718129263
-1.3633846650
0.0552192865
-0.0930576334
-0.5025106502
-0.9624251085
-0.2557659013
-2.1462275232
-0.1538326015
0.0169302209
-0.1422922945
-0.5792349887
0.4194389767
0.0691128296
-1.2740371179
-1.3130175665
-0.4295726724
-1.0950224252
-0.2225136353
2.3918382098
0.7382808844
-0.0690152926
0.2793967003
0.9355580002
1.1997549135
-0.0516626351
-0.1154590545
-0.8823241509
1.9075067640
-0.7025059186
-0.9466018789
-0.2342262539
0.3619956201
-0.6051382450
-0.3255699180
-0.7712714398
0.1327118142
1.2746925794
1.6265175248
0.9451026256
1.0149939457
0.2984680618
0.0457008936
1.0955142089
0.0375485555
0.9781610422
0.7287161688
0.9871876536
-0.6444592268
0.6075941987
-0.9755379410
-0.2123185630
-0.5028806163
-0.6270042743
1.4564542417
-1.3618040150
-0.7777435925
-0.0424384356
-0.5301478483
-1.1356449069
-0.7393193359
-0.2283635918
-0.7074145536
0.5312963526
-0.5788508532
0.5123559487
0.6679216095
1.3894369877
0.8139151766
-0.5067260049
-1.5025999438
0.2789556742
0.7467010198
0.4932306245
-0.4828923869
-0.3217117585
-0.4448133803
-0.7631097445
-0.0460908435
-0.7312941929
0.8520511900
-0.2846945344
-1.1373783069
-0.6494714684
-1.2104486071
1.7009436648
0.8673909661
0.6411668188
0.0411653700
1.4106461459
-0.7337919323
1.8356838278
-0.1496347941
0.6176739397
-0.1297440449
-0.6960482516
0.8333614341
-0.1115912654
-0.0387253012
0.3237916811
-0.6770281961
-0.3850226900
1.0937321788
1.7777953827
0.5878966860
0.3547123080
0.4250257133
0.9076651162
-2.1845083012
-0.8245311819
-0.3992828761
-0.5249332584
0.5398393853
1.7053459203
-0.4008136549
0.9574849885
-1.6000534713
0.4036922804
-1.8194192380
-1.1670326490
-0.8486399336
0.2111383972
-0.3116080280
0.5275136654
-1.0779081884
0.6310246130
-2.5521445069
-0.1514437003
0.8399079530
-0.6119674040
0.1904733051
-0.0404089524
0.3220623642
1.6292013214
0.2374758700
0.8451978859
-1.3606683354
-1.1314384656
-2.0915787733
-0.9022424651
-0.1958494002
-0.3883756279
0.6760841717
2.8959477582
-0.5376034242
-0.9662308103
1.1435229797
-0.2112308892
-0.4156395564
1.5482133365
-0.5463244144
-1.1170158274
0.9920249497
-0.3361959655
-1.4191801598
0.0481909053
-0.5228413899
1.4929694300
-0.1573355583
-1.4021001138
-1.0874044748
1.8591856101
-0.6291715638
-1.0834333165
1.3887213042
-0.3308360461
-1.0610769017
1.0720174623
0.7399260691
0.7707242707
-0.4523815741
-2.4673309753
1.1208540176
1.6468477645
0.2675837611
0.2951360213
1.0083976656
-1.2974975748
-1.8598416647
-0.3848248921
-0.0574683286
-0.9809414057
0.7510763936
-0.3823857963
-0.7725423037
0.0932375865
-1.4305855742
0.8546249861
-0.7043288909
-1.3113173212
0.0197145543
0.4081902782
0.0326126728
0.6954521675
0.2564962476
-0.8507558618
-1.0465765754
0.8778674244
-1.4337648426
-1.7322550402
-1.4651796145
-0.1472970013
1.0032063559
-0.4598349497
-1.4144949302
-0.8275769847
2.1424288944
-0.5167841330
-0.6965261352
1.8364795083
0.1663473874
-0.6683932083
-0.2615718082
-0.5259816538
-0.6991448324
0.3501158367
-0.9184764433
-2.0593544962
-2.8410228657
-0.2377357568
0.4342447879
-0.9818391379
0.1441601840
-0.1016395880
-2.3295606518
0.1494032787
-0.4808796985
1.2378667099
0.8819895779
-2.4039047922
1.5100400871
-1.1047295258
-0.0697801873
0.1514196921
-0.2113210187
-0.8657154483
0.5644976219
-1.2744314827
-0.7257230659
1.9448798389
0.1712737132
-1.5842207811
1.5581304793
0.8680815659
-0.5665756714
0.4341925702
0.5519088316
-0.7895958795
-0.0050842462
0.2908197165
-1.1218450908
1.0124674544
-0.1741626369
0.1875290963
-1.0323376851
-2.6478894818
-1.2762541337
-1.7105413628
0.2982057070
1.2375923527
0.2321606978
-1.7386863341
0.0828365499
0.5196844966
-1.6260000412
-0.9242539632
1.0846131456
-0.4259153314
-0.8227134653
0.8293267379
-0.2931335597
0.5514217277
-1.5956467770
-1.3125627410
-0.0794123997
-0.9450313012
1.4077316544
-0.0159038600
0.5730753249
-1.1598516230
0.3305646092
0.8432349439
-1.0826362281
0.4763049594
-0.0188818424
-0.7368533131
0.0140829665
-0.0493828189
-0.3549965187
-0.1620657290
0.2084273659
0.1200762831
1.0677690658
-0.9036792322
-0.7213011077
0.9618514864
0.6504268681
-0.3375778033
0.5263931842
2.6063345445
1.1689656042
-0.0124298374
0.3012488186
-0.2275534142
1.6969442132
0.2913560607
-0.8125090882
-1.2052299242
-1.2214181974
-1.6296972579
1.4237176757
1.4975014238
0.9686990754
0.3530182383
-0.6464681314
-0.1570317140
0.4365925373
0.6001054314
0.8129241345
-1.1650211482
-1.2361480639
0.1984849397
0.2840960302
-0.2950118862
1.1099399875
1.3981291945
-0.3064657186
0.3678436068
0.8010746644
0.0113424926
-1.0597918780
0.8612240511
0.2809997602
1.4390464934
2.0932819230
0.5263039041
-2.1922549974
-1.0755198268
-0.6223751499
-0.8949817197
0.3173547852
-1.6511777787
0.8582842835
1.0570533082
1.6575121221
0.9611532857
-0.0988702950
-1.0392828063
-0.4312634603
1.7022365054
0.5951929268
0.0483593979
0.4821214560
-0.1334385093
0.3784908788
-0.6853659132
-0.4165077489
0.2073270506
0.2009860702
0.0277319429
-1.4511210507
0.9627366611
-0.5786333135
0.2396358055
0.3603109023
0.0519529894
-1.2002396565
-0.1924447637
0.3681273385
0.6853175947
-0.6714061499
-0.9474948789
-0.3721705195
0.1963346260
0.9104539415
-0.4188372288
-1.6960196813
0.7609979324
-0.7004737392
-0.3869366349
-0.2248292889
-0.6561995960
-0.2789648751
1.1587317091
-1.3369104056
0.0074848067
0.0673234290
-0.5461080634
0.2954894895
-0.7389057449
1.1342249730
0.1788596908
-1.0468170000
-0.0969543305
0.8579986539
-0.2465250844
0.9295610735
0.9415715282
0.2865458281
0.3145338545
-0.8989579329
0.9932743232
0.3515885724
0.2680621789
-0.3806527971
-0.8865550707
1.1938132019
-0.0913505459
1.0282615124
1.1722856730
0.9030995164
0.3042539356
0.0246931336
-1.1673787756
0.5383070603
-0.7687611665
-0.0807811220
1.3397061707
0.1149646012
0.2363455936
0.7966260152
-0.9351460319
0.3754969212
0.7040661369
-1.3437010536
0.2871544630
0.2349032154
0.5028407627
-1.2369401572
-0.7997819660
0.3946491374
0.5956389164
1.7586096400
-0.7965213394
-0.0676601195
0.8091067215
-1.3922180481
1.9141344813
0.2122660673
0.4383054462
-0.6478821767
0.4735653241
0.2503229638
0.7809268773
0.5908328472
-0.5405532420
1.2376524643
-1.9177995666
-0.0715281610
1.1394878369
1.1235239619
1.9605038312
1.0754815761
0.3195350087
1.7862668301
0.1731940698
-1.7202325111
0.2425540375
-1.1736380404
1.1692119016
1.3012722794
1.0878314433
-0.2495532842
0.4860146239
-1.1416862626
0.6249324322
0.8148217759
1.3836583413
-0.1110305475
-1.1454130373
-0.9126622182
0.5391425008
0.0052338460
-1.0409049507
-0.5720222823
0.4682362292
0.6953192937
-0.6801853152
-1.0219819036
0.1604548539
-2.1838774508
0.6890855188
-1.1457998953
1.0542738879
0.1632989845
-1.2547442925
2.6557402713
1.3917312513
-0.0308240715
0.0784140676
-0.4468460315
-1.0932076911
1.6976707960
1.2266383380
0.9722641056
1.3542351960
1.1139868095
-0.4436321079
-0.3522821753
0.3560848176
-0.2742223404
-0.0357141792
0.9758960704
0.4166939436
-0.8482450458
2.3052609372
-1.2365851631
1.8993300749
0.3821187797
0.3060845880
-1.4647701535
-0.6102239650
-1.1077704616
0.0587247253
0.7436787469
0.9632305987
-0.4008521593
0.5990909174
-0.7308677727
-0.7812724734
-0.0780491329
-0.1362618961
0.2253858568
0.5497112336
-0.0859785270
0.3553231312
-1.1983592899
-1.7360906488
0.3226941072
-1.4667355220
0.0938091719
-0.2343757121
0.8867430933
-0.0410391159
0.5931195913
1.1787148010
-0.1973831102
1.1946726087
-0.6229113450
-0.3330118221
-0.2128870679
-0.1432993865
-0.4449298534
2.0352260069
-1.2539398929
-0.3241244695
0.5113456702
0.8632102768
-1.0199151592
0.0017011037
-0.7462719076
1.0562668737
1.1560086862
1.5703099787
-0.0253877407
0.5506307315
0.7945901166
-0.5556799902
-1.1714191873
1.3858475276
0.3961022775
0.7880477962
-0.4317700995
-0.0828322109
0.5438976019
0.9640091808
0.3801315868
-0.6489875876
-0.6496066157
0.4418534580
1.5696165136
-1.1576036712
0.6170236407
0.9564437046
2.0822589726
-0.4316199030
-0.2497489765
-1.2011118575
1.0741223434
1.3536709272
0.2605649362
-0.5596473783
-1.3592867568
-0.8442074373
0.2459539595
0.8888618637
0.1230971417
-1.0441733793
-0.6588311642
0.4367385231
-0.5759423443
1.1250300341
0.3569901581
-0.6251178877
0.7199090213
0.1798237206
0.5085770639
1.4869246874
-0.1669490361
-1.2823357124
-0.5614076590
1.8034673123
-0.7278471252
0.8612173730
-0.7929416330
0.8537473281
0.9971487946
0.7667327658
-0.0525156748
0.4227480000
1.4367247549
-0.9585314527
1.5885869118
0.3847098259
-0.9795020988
0.5379958388
-0.0213625082
0.2647641688
-0.0698341985
0.9598788676
-1.5350544525
0.0379991656
1.9416748267
0.2056355565
-0.3911884101
0.0911067694
0.7497361604
0.0856237505
1.0315718906
-0.5249716196
-0.0328683229
-1.2590462412
-0.9745199075
-1.1760332894
