13 2 0.01
41 0 3 0 4 1 0 1 1 1 2 1 3 1 4 1 5 1 8 2 0 2 1 2 3 2 4 2 5 2 6 2 7 2 8 3 4 3 5 3 6 3 7 3 8 3 9 4 4 4 6 4 7 4 8 4 9 5 5 5 6 5 7 6 5 6 6 6 7 6 8 6 9 7 4 7 5 7 7 7 9 8 9
53 0 7 1 7 2 3 2 4 2 5 2 6 2 7 2 9 3 1 3 2 3 3 3 4 3 5 3 6 3 7 3 8 3 9 4 0 4 1 4 2 4 3 4 4 4 5 4 6 4 7 4 8 5 2 5 3 5 4 5 5 5 6 5 7 5 8 5 9 6 3 6 4 6 5 6 6 6 7 6 8 6 9 6 10 7 3 7 4 7 5 7 6 7 8 7 10 8 4 8 5 8 6 8 7 8 8
0 2
4 2
0 0 0 0 0 1 1 0 0 0 0 0 0
0 0 1 1 1 1 1 1 0 0 1 0 0
0 0 1 1 0 1 1 1 1 1 1 0 0
0 0 0 0 0 0 1 1 1 1 1 1 0
0 0 0 0 0 0 1 0 1 2 1 1 0
0 0 0 0 0 0 0 1 1 2 0 0 0
0 0 0 0 0 1 1 2 2 2 1 2 0
0 0 0 1 1 1 2 2 1 2 1 2 0
0 0 1 1 1 1 1 1 1 1 1 1 0
0 0 0 0 1 1 1 1 1 1 1 1 0
0 0 0 0 0 1 1 1 1 1 1 1 1
0 0 0 0 0 1 1 1 1 0 1 0 1
0 0 0 0 0 0 1 1 1 1 1 0 0
1.6708867266
-0.4536713472
1.1279496741
-0.8114318855
0.5038421129
0.5894440100
-0.1953615218
-0.7029235465
1.5932773931
0.2653653979
1.7877228399
0.6250039058
-0.2388306622
-0.9639903121
-0.1673254375
0.2723836645
0.4594517689
-1.5973690943
1.0694854593
0.8824786352
0.8681375021
-1.9758093973
-1.7685886685
-0.5024825497
-0.6492153875
-1.2013407956
0.7357384307
0.7323493077
-0.9546037559
-0.2150586624
0.6231453274
1.6103354753
-0.6378360958
1.0575193813
0.3047282089
0.8585489765
1.2980761686
-0.6552823217
-0.4481254659
0.6118575562
1.8716692382
-0.6287713823
0.0411321833
-2.7966482185
0.3540666559
-0.9843919212
-1.4906048856
0.1247160156
0.5790567926
0.7606356935
0.6836277512
1.5202500350
2.0169864326
0.1981328619
-1.0612537719
0.0679207833
1.5965896790
0.5375832753
2.3125935678
-0.5602358904
-0.9568683101
0.5171650607
0.0092568840
-0.9548291366
0.0007042414
0.5373946162
0.4703195185
-1.4983345038
-1.0253578762
-0.4836480711
-1.0202656579
0.3966881230
0.1881977631
-0.5344436150
-1.5597318117
-0.0295671511
0.3439219446
-1.4848936513
0.5646688371
-0.7100871503
1.1031617442
0.8493185882
0.5318151674
-0.5367946631
-1.6949269086
-1.6285774089
0.4958390150
1.7715153614
0.0472725762
0.6985250025
1.0487885786
1.3444984117
-0.5239312847
0.9682251418
-0.3908232057
1.2105194023
1.5426424218
-0.8572791343
1.3136085217
0.8507673086
-0.1425503295
-0.1521064493
-0.1370877338
-0.0436086545
0.3459135362
0.4011682116
-2.4021049259
-1.2600212369
0.6559274328
-1.9968457511
0.5702758579
-1.5111834554
0.8921176842
1.3968991609
-0.8016835399
0.5013603930
-0.4525948638
0.2167568631
0.3644235016
-0.3161380573
1.2062202303
-0.9605864794
2.6146519415
0.3335355247
0.2629219012
-1.0958544423
-0.3906859704
2.3605340873
0.3233676690
-1.3273544929
-2.4315528323
2.0137632735
0.9235677517
0.2508570569
0.6824928030
-0.2947928293
-1.6301573720
-0.3012479616
-0.2058061049
0.8009694832
0.0595221825
0.0775878028
0.1836403123
-0.9081118727
-0.6788870321
0.8716938568
0.8857846889
0.4303441982
-0.8466634694
1.3835809174
0.0808263366
-1.9724760269
-0.0333877578
0.0701075994
-1.0059580732
0.3512011681
0.5223205968
1.7244892725
0.5131450969
0.3780629906
1.3776648380
0.7084183325
0.8152575943
-0.1135490848
-1.4795325066
0.0782000956
-0.6921033302
1.5690867512
-0.9730809780
0.3406860552
1.5148160243
-0.2429379643
-1.8469581253
0.7243469274
1.5143180418
-0.3964598369
1.0013560456
0.7826168088
-0.8213602200
-0.8658912984
1.0749462837
0.8708939541
0.0226568466
-0.9661175542
-0.9191389119
0.3523294209
-0.0131972614
1.9718772322
-0.4772210767
-0.5685582823
-0.5325310536
0.2111112762
0.9519126622
-1.6585892968
0.2271725872
0.9326429677
-0.1935799601
0.8277660252
1.0107664643
0.4535939291
-1.2109354470
-0.8357554840
0.3081747478
-0.6758549249
-0.3211146643
0.2651320008
1.7376013361
-2.4019282305
1.3677584295
-0.2086862943
-1.3436730145
0.2805167982
0.1559804531
-0.8014374604
-0.5347588271
-0.6777820588
-0.0447224647
-0.0946663705
-0.9923410121
-1.6198537717
-0.0690106417
-0.7236183781
1.1344221953
-0.4087953945
-2.3575567019
1.1977044870
0.3648880363
0.4406661689
-0.1472674980
-1.2032133352
-0.6973254988
-0.0086090537
1.4969364900
0.9894052620
0.2726863533
0.5744541346
-0.9759449963
0.4097035318
0.8038969136
0.8222836422
0.6377701320
0.5858359181
-0.6706021675
0.8582575844
-0.0688834433
0.1190635814
-0.6164886102
-0.9855083396
0.2706422157
0.4098593040
-0.1484227915
0.2932657011
0.5490480551
0.3001985597
-1.7483754269
0.2166655919
1.0241153913
-1.3993596212
-0.5102067489
0.6206025312
0.9715001884
0.1042181336
0.9827383875
-0.5878032787
-0.9389131828
-0.3197191798
-1.7454760622
0.2833156688
-0.9512489115
-2.3288920274
-0.9786983340
-0.5145422332
-2.3680762052
-0.8197202173
0.6438796671
-2.1313107448
0.9312263689
-0.7163072697
1.2810616281
-0.1489185044
0.2081863951
0.9699569841
0.9520930539
1.7330990283
0.1901882943
0.0682373637
-0.6862133474
-1.3977613171
-0.0505645287
-0.5074796959
-1.3314595329
0.7633942308
1.4834340035
-1.5951131911
1.1754832728
-0.9948236282
0.3784585402
1.2161369408
-0.4915312316
0.4356880479
-1.3310101822
-0.4075168653
-1.1906879474
-1.3685109880
0.1037159180
1.1608443973
0.1151608048
-0.5207131930
-1.2780495205
0.9506866303
0.9049252765
0.2646278668
1.0378923332
-1.2838030429
-1.1983735680
0.6692545250
0.2986359560
-0.8025045912
1.7763961534
0.8601967914
1.2329019357
-0.3540621785
-2.1042452540
-0.3699523515
-0.8466116182
0.1210566730
1.9209552635
-0.2308320626
-0.1057788517
0.4876355873
-0.4130586838
1.0752400572
0.5114129611
1.1935402796
0.7301794456
-1.0678591731
-0.2104924046
0.4594271945
