15 8 0.03
10 0 1 0 2 1 1 1 2 2 0 2 1 2 2 2 3 2 4 3 1
10 0 0 0 1 0 2 0 3 0 4 1 0 1 1 1 2 2 0 2 2
10 0 1 1 1 2 1 3 0 3 1 3 2 4 0 4 1 4 2 5 2
10 0 3 1 0 1 1 1 2 1 3 1 4 1 5 2 0 2 1 3 1
10 0 0 0 1 1 1 2 0 2 1 2 2 3 0 3 1 3 2 4 0
10 0 0 1 0 1 2 2 0 2 1 2 2 3 0 3 1 3 2 4 1
10 0 1 1 0 1 1 1 2 2 1 2 2 3 0 3 1 4 1 4 2
10 0 0 1 0 1 2 1 3 2 0 2 1 2 2 3 1 3 2 4 2
10 10
3 0
1 7
4 1
4 9
4 2
7 11
9 10
0 0 0 0 0 0 0 0 0 0 0 0 0 0 0
0 0 0 0 0 0 0 0 1 0 0 0 0 0 0
0 0 0 0 0 0 0 0 1 0 0 0 0 0 0
1 1 1 1 1 0 0 0 1 0 0 0 0 0 0
1 1 2 0 1 0 0 1 1 2 1 0 0 0 0
1 1 3 1 2 1 1 1 1 1 1 0 0 0 0
0 1 2 1 1 0 0 0 0 2 1 1 0 0 0
0 0 2 1 1 0 0 0 0 1 1 1 1 0 0
0 0 0 1 0 0 0 0 0 1 0 1 1 1 0
0 0 0 0 0 0 0 0 0 0 1 0 1 1 0
0 0 0 0 0 0 0 0 0 0 1 2 3 1 0
0 0 0 0 0 0 0 0 0 0 1 2 3 1 0
0 0 0 0 0 0 0 0 0 0 1 2 2 1 1
0 0 0 0 0 0 0 0 0 0 0 1 1 0 0
0 0 0 0 0 0 0 0 0 0 0 0 0 0 0
0.9680293146
-0.9730929110
-1.3619794259
0.2202753681
0.9126373661
1.5922467137
0.6071888706
-1.0615866407
0.3142103172
-0.8654822957
-0.6041799512
-1.2421623810
-0.0001430651
-0.1951753787
-0.3466020828
1.0674069052
-0.7717077720
0.7805185602
-1.3874866962
-2.2497415415
0.6588774637
-0.6824546782
-1.3757602542
-1.8163933320
1.8062950823
1.2984113641
0.8880713508
0.2420201280
1.4424172782
-0.2084390309
-1.1730826886
0.7480711794
-0.3630294988
-0.2150012937
-0.4199103252
-1.6737061674
1.6859588489
0.1362668484
-0.7118223632
-0.0918634771
0.2422966738
0.6393966222
0.1478353157
0.8315055806
-0.3449538075
-0.6289725492
1.7359631432
-0.2456878159
-1.6035774498
-0.2993693160
1.1955363330
-0.9364034562
-0.3239909570
0.7105810937
0.0751855380
-0.2153140793
-1.4370400022
0.0938831940
-1.2991595088
-0.7880748163
-0.9065534075
-0.6642418101
-0.4426152255
2.2589719819
1.5209192310
0.9557091034
-0.9160898079
-0.1157453728
-1.0239032942
0.1409415817
-0.6211777788
-0.5338579666
1.7975560138
-1.2220438781
-0.6220187396
0.0459328075
-1.5254021393
0.1861876703
1.0509463917
-0.4124255851
0.0179356608
-0.2008492279
0.5003824155
-1.4831533285
1.7184619194
-0.5610114008
0.6711516930
0.2757014550
-1.4162832561
0.1786198115
-0.1483491465
-0.5502211543
0.4364337345
-0.1659225376
0.3660456442
1.0337730941
2.0984421741
-1.0874650290
-0.3937059480
0.5441743073
-1.2970167332
-0.6795398017
0.8955772656
-0.4544464904
-0.6642606897
-0.8654398581
2.4478422916
-0.7167366375
1.0894672218
0.3934186005
-1.7144121524
-0.9890144074
1.5177625302
-0.4421408111
-0.2174663124
-0.2184011585
-0.7499351947
0.3624004601
0.3757375763
0.5439198975
-1.4322742250
-0.5132778910
0.6256976774
0.0917154613
-0.1065338028
0.8562468200
-0.0543116438
-2.3273219378
-1.0883228025
1.6615882034
-0.5509752436
-0.6987660239
-0.4232847801
1.5829164292
-1.5169046940
1.4894416069
0.9288967021
0.5022565079
-0.6564328462
0.8967583175
0.5485164140
0.3415783148
1.1350805537
0.6575089403
1.3882616936
1.2803958400
1.2671135444
1.0989033541
-0.4400164618
-2.5879051739
0.3430825790
0.1525660764
-0.4563339433
-0.4454610449
0.5563816944
-1.1880941156
1.2084344157
0.6827614722
-0.7962818456
-1.5937764026
-0.2248116842
0.7266179319
-0.2328377849
-1.8119694615
0.4880208731
-0.0234868473
0.8658648743
0.9574869398
0.6217623252
-1.1067582313
0.6536662864
-0.6954740824
-0.1304254996
-1.0561842363
-0.1641566879
-0.8179004241
1.0445759864
-1.0868467579
0.8367787053
-1.3961104940
-1.4657443935
-0.1625329453
-0.1392016670
-1.5960968249
-1.3987660315
0.3073489842
-0.5814384771
0.7335681715
-1.7406188204
1.3815957393
0.2043174648
-0.2046119971
-0.3471107983
-0.0335916803
-0.4653951658
-2.4129122214
1.8102866129
-0.0176603072
0.3342666956
0.2226199001
-1.2695481955
1.2457744460
-0.5927861517
1.1650898184
-1.8010608438
-0.9748577726
-2.1390665727
-1.1235504593
2.0749523665
-1.0865887747
-0.4146895199
2.2743588030
-0.1497216421
1.2271447239
-1.0493095483
1.0144534434
0.5345658498
0.9134129533
-1.6691760887
-1.4735558835
-1.0668447630
0.3711645153
-0.4469540840
-1.3783961503
-0.1708698991
-0.5492782398
0.4745438530
-0.2229907052
-0.2857125262
-0.1998532929
-0.7383932993
2.3964077673
0.2660622368
-0.0328095847
-0.5414028275
1.6502444745
-0.0282556842
-0.2098578680
-1.7406660351
0.9075063218
-0.6708466552
-0.0856624245
-0.9300997571
-0.2023922444
0.2080349456
-1.1693856438
-1.2134010635
-0.7721492888
-2.1080981851
0.4467441119
-1.2305036436
-0.0173910621
-1.6539640807
1.7642888146
0.8587687552
-0.8925857585
0.5005345448
0.5635107502
0.2116921179
0.6528408920
-0.4380051896
0.5498051868
1.1163279571
0.6322552386
-0.7435898725
-0.2445002147
0.8117436129
-0.7831420234
-0.9174211690
0.5824416393
0.6354412510
1.3645514619
0.6881047146
0.2947763944
-0.1275797502
0.9116367018
0.5877903942
-1.5517085243
0.6778875363
1.1481432985
-0.2574683176
1.3046505071
-1.6419435674
0.0528792866
-0.4535363597
0.6444027587
-0.9029337572
0.9354662915
1.2077685834
0.9351589674
0.0297614777
0.2094686069
-0.5286018764
-1.8003051439
-0.0287530587
-0.5541817858
-0.1352442149
-1.9117292782
-2.1694798637
-1.2759737130
-0.3386600834
0.8728353567
1.1912813548
0.9310405182
0.7788990263
0.2930061193
1.9299496498
0.2807024298
0.6602651220
-1.0343335878
1.7082418113
2.7266451012
1.0438319674
-0.0909062747
-0.1850122058
1.5272336625
0.3544995082
-0.3112324091
0.4139463926
-0.4135968777
-1.1545516479
1.5052157499
1.1239811679
1.4429342630
-0.8065873470
-0.4883658901
0.0716941536
0.3310397682
0.2557918994
-0.1063791247
-0.7451910396
-2.3067160865
-1.5226103844
-0.5511102689
0.1001229106
0.1691328901
-1.4319391488
-0.5940112989
-2.8364255584
-0.5441369149
0.9994326329
-0.3677111921
0.6763062541
1.0029917170
-1.1978627774
-0.0467053258
-0.5374998831
0.2591478010
0.2679056079
-0.8085098540
1.2160435518
-0.5467090888
1.3162601035
1.1627345694
-0.9624031046
-0.7363019582
0.6069528244
0.7812845545
-1.2664861205
1.1438499674
-0.1798797529
-3.0061181528
0.8017995013
-1.5902295141
-1.4075886119
-0.8175667829
-1.2785361677
0.2391517378
0.8369951244
1.9398943451
0.1877575144
-0.2214266778
-0.7747911942
-1.4905680284
-1.0660911761
0.0060188224
1.6864951120
0.0628339691
-2.4750515953
-0.1641679581
1.6210253979
-1.1362678657
-0.1526463135
-0.2267763288
-1.3659246404
0.1939237409
0.3500989098
-1.5020348717
0.0565809075
0.1770729542
-1.5212032439
2.0762202295
0.0780590500
0.8822598969
-0.1836522326
-0.5503237189
0.3784199802
1.3468500948
0.7695827212
-1.3178656703
-0.0249942225
-1.0559801977
-0.6116596087
0.6358575155
1.6251326853
0.3572341674
1.2423214881
-1.0585995808
0.1734171116
-0.6575136362
-1.1006739997
0.9563826214
-0.2474886625
2.0101941327
-0.8838100357
0.3078146440
-0.7461539805
0.2497846128
0.5193384080
1.5359878742
0.6263409477
1.2327993456
-0.2066426553
1.3067590962
1.2024141437
0.9127964233
-0.7085371697
1.4534908888
0.3689004280
-0.1517774269
-1.2261655958
0.0243805671
-0.2713870638
-1.0036077811
0.1502259724
0.3360546984
0.3825863916
-3.3907613889
-0.8261201305
-0.1036029562
0.0672954631
0.2576385112
-0.2789836425
0.4860727164
-0.8306055622
-0.5399484517
-0.3700012470
-2.5958396541
-0.1133716997
0.4623402031
