11 2 0.07
16 0 0 0 3 0 4 1 0 1 1 1 2 1 3 1 5 2 0 2 1 2 2 2 3 2 4 2 5 3 2 3 3
15 0 2 0 3 1 0 1 1 1 2 1 3 1 4 2 1 2 2 2 3 3 0 3 1 3 3 3 4 4 1
2 1
1 1
0 0 0 0 0 0 0 0 0 0 0
0 0 0 1 1 0 0 0 0 0 0
0 2 1 1 2 2 0 0 0 0 0
0 1 2 2 2 0 1 0 0 0 0
0 2 2 1 2 2 1 0 0 0 0
0 0 1 1 1 0 0 0 0 0 0
0 0 0 0 0 0 0 0 0 0 0
0 0 0 0 0 0 0 0 0 0 0
0 0 0 0 0 0 0 0 0 0 0
0 0 0 0 0 0 0 0 0 0 0
0 0 0 0 0 0 0 0 0 0 0
0.6697529969
0.1075074017
1.8823935917
-0.8196529699
0.7512988677
-0.4863648480
-0.1220744133
0.4384674320
0.8204325378
-0.0326613931
1.6404291110
0.9089684473
1.6965549833
-0.0560474165
-0.1699637865
-1.8821344520
-0.4745201987
0.5288112143
-1.8615554269
-1.3555534506
-0.1824329977
1.2910864427
-0.7555500147
-0.9525615833
0.2130693860
0.7418008318
1.4727556901
0.4374794875
-1.4844296348
0.1045284553
-0.6954974793
-1.7902959025
-0.6431961642
0.5053264136
-0.9427112320
-0.3387963075
-0.7997261579
-0.1767533472
0.0920544259
1.2760962248
0.3634011217
-0.5063364015
-0.4359222885
0.6758596082
-2.7938476066
-0.4135544443
0.1678992297
-0.2273954832
-1.2137502257
0.6769660169
0.3783975083
-0.3835762783
0.5863085388
1.5169511967
-0.6903153438
-0.8293613456
0.2713544484
1.3437563281
-0.6859808412
-0.2071416361
-0.4652427511
-1.2740992650
1.7384539270
1.6895987726
-0.3692385393
0.1871141338
-0.6139421374
0.9175315822
2.2979155315
0.6676238279
0.8389664091
0.5062348750
2.6073700535
0.2021576595
-0.3947857277
0.6458191014
-0.5335980326
-0.2027644266
0.4656602715
1.4299161226
-0.5392871906
1.1814661084
-0.5378657187
-0.5132405732
2.0889514962
0.7137223393
0.1931010334
-0.4279409872
-0.4713503968
-1.0171989741
0.5296593391
-0.8142431982
1.8251430160
-0.1414102001
0.8620062114
0.2955837171
-0.2547379601
0.2276772658
0.5091967050
-1.2931301476
-1.6117603258
-0.9897582530
0.1253406131
1.1272368153
-0.9726994343
0.3242466129
0.3716009985
0.9447860078
0.4025526919
-0.8055440949
-0.1111436142
0.5926785513
1.6842724245
0.6337611066
0.3256762593
-1.6010184095
0.2735901463
-1.2682374761
-1.1355446683
-0.1142302046
-0.2536668291
-0.5358227627
0.8423710498
0.5688508694
-0.3469960603
0.7441562857
0.6994369615
0.5015800112
-1.0918332051
0.8913858197
0.8024951399
-0.1410017596
1.0862316439
-0.5318551453
1.5571990911
1.7123356498
2.1600465019
0.4113721285
0.0293492024
-1.5785148672
1.9467613765
0.0711844240
-1.0686494633
0.5088935288
-0.4449790049
1.4075424381
-0.9351412694
-0.0004586903
-0.0207210622
-0.4921747130
-0.2143329788
-0.4412822875
-1.1314953957
2.2930137687
-0.7537484671
0.4875462526
-0.5188808562
-0.9580642270
-2.3112821078
-0.5902431809
-0.3109212175
-1.1775360059
0.6740499548
0.2787618766
-0.9626995302
0.6715178619
0.0283529716
-0.2188678083
-1.0627325170
-1.2074552954
0.7952640164
0.9598235451
1.3951375061
0.6085964243
0.3384344129
-0.4637194870
-0.3168452297
0.4150988424
-0.9931501780
-1.2784702072
0.0216187966
1.4863771734
-0.7953878467
-0.3110603815
1.6829751348
0.7884297385
1.2550067467
-1.0203639123
-0.4563787577
-0.2857835371
-0.1983532357
-1.3281765809
0.2475105334
-0.0160170307
0.3049292051
0.5087223151
-1.9081415590
0.6099102974
-0.7371595125
1.2097537743
-0.3065988761
0.2910400226
-0.0454399350
-2.1996668110
0.7702014443
1.5694198011
-0.6871751989
-1.2027159351
1.5623466768
0.7798763195
-1.2775508026
1.7042216392
0.2566157917
0.6771534486
-0.2234583397
-0.1409502018
0.6217696343
0.6730946474
-0.2074046651
-1.8529325790
0.7407749512
-1.6507589610
-0.9207101071
1.1442851544
-0.7690269674
-0.1645564303
-0.5676018277
0.6996584292
-0.0851743408
0.1770949196
-0.2953347351
0.2099761064
0.0907652587
-0.0848823642
-1.8591788687
-1.0658263238
-0.1254042768
0.4016442605
-0.9254599564
-0.4124590406
0.7716536763
0.2224842427
