10 5 0.02
4 0 0 0 1 1 1 1 2
8 0 2 0 3 1 0 1 1 1 2 1 3 2 0 2 1
5 0 1 1 0 1 1 1 2 2 1
9 0 3 1 2 1 3 1 4 2 0 2 1 2 2 3 1 4 1
11 0 3 1 2 1 3 1 4 2 0 2 1 2 2 2 3 3 0 3 1 3 3
5 5
7 4
6 2
2 2
6 1
0 0 0 0 0 0 0 0 0 0
0 0 0 0 0 0 0 0 0 0
0 0 0 0 0 1 0 0 0 0
0 0 0 0 1 1 1 0 0 0
0 0 1 1 1 0 0 0 0 0
0 0 0 1 0 1 1 0 0 0
0 0 0 2 1 0 1 1 0 0
0 0 1 2 2 1 1 1 0 0
0 1 1 2 2 1 1 1 0 0
0 1 1 0 2 1 0 0 0 0
-0.0965938239
-0.5374016082
1.1278751739
-2.0658330759
0.1395016216
0.6629895075
-0.7444808476
2.0874712506
0.0198042046
-0.7462424661
0.3881418026
-1.4161674612
0.4205811804
0.1707221413
0.4853847790
-0.9988501174
-0.3632637859
0.0077609762
-1.4863308234
-0.3787632063
0.2400873692
-1.2449867264
1.4016594047
-0.7208433081
0.4061568257
-0.4252486296
-1.2497132005
-1.4432932345
0.3184880820
1.8279588139
-0.3136464042
0.4013215044
0.3877635205
0.6213257114
1.5827754821
0.8413403396
1.3819909496
1.2393275291
-1.6263591637
-0.9112548995
-0.8448865093
-1.3467121425
0.4232697958
-0.1968427966
0.8037407372
-0.0444220560
-0.2705904530
-0.2826486032
-2.6411984531
-0.2076804479
-0.1738072139
0.7028456899
-0.9853764456
-0.3443658420
-0.2598671960
1.5126779319
-0.0732082664
1.1979722126
0.5536860662
-0.1402243505
0.6687950030
1.1130192787
-1.7355513947
0.5399385675
-2.7656146957
0.1218256763
0.1953552584
0.3089486213
0.3024167302
0.5847590134
-2.0899306177
-0.1568220206
0.3998129385
-0.8616531965
-0.0295531988
-0.7871993065
0.3238220675
-0.1449613415
-0.6640667950
1.0539743380
-1.3585887373
-1.4301050685
-0.8994039159
2.7120816309
0.7572332997
-1.2125752661
0.1907270124
1.2228428195
-2.4578137252
-0.0972770613
-0.0538269905
1.0055214300
-1.6356889881
-0.4943495011
-2.3682587631
-0.5997199136
-0.3439264211
0.9980132211
0.3496266178
1.4628689841
-0.6060323660
0.0316354056
-1.3688520860
0.1080598156
-0.1425943819
0.7618502643
0.8215641823
-0.1063884328
-0.7955405256
-0.7863356967
-0.3985237955
-0.3893807551
-1.0461918503
-1.3649206383
-1.0835883723
-0.3515423334
0.9744454722
0.1455095850
-1.0262954386
-1.0774153252
0.3413970566
0.7071963118
-0.4077221011
0.0272264082
-0.0584766875
0.2576396775
-1.5869392793
0.0890413147
2.8059412200
-0.2174558051
0.1737619096
-0.5899293929
-1.0157043219
0.3124735968
0.5860152327
0.6342501639
0.9312623125
1.5464315000
-0.1724569731
-0.3583953665
2.0937875701
0.0654667229
-0.2007052532
-0.0911331708
1.8198203471
-0.8009019279
-0.1018809642
-0.9808630021
0.5510602451
-0.1638942643
0.4947920187
-1.1604130344
0.1587376543
0.2132211273
1.0584494465
-0.8496309951
-0.8895991472
0.9605791269
0.7821882602
-0.2916180164
0.7801529056
0.2982209658
1.5270513841
-0.8724833459
2.6439426362
-0.4125902528
0.4732146249
0.4233116972
-0.3237984906
1.0703596728
-1.0985184339
-1.3257371003
-0.2908891218
1.8504759613
-0.2321941201
0.5871610769
-1.3267601887
-0.2756858104
-0.3912407181
-0.7135263108
-1.1976884197
1.4954248066
-1.9678207313
1.0435746671
-1.1601763973
0.8703090833
-0.5419356337
0.5437502715
-0.1114229686
0.1987027733
1.5136132533
1.2235301064
-0.3453058452
0.4735713467
-1.1808562356
-0.4364058447
-0.6425867762
0.1159963459
0.4360126484
1.7704741049
