11 4 0.18
13 0 1 0 2 0 3 1 0 1 1 2 0 2 1 2 2 3 0 3 1 3 2 3 3 4 1
7 0 0 0 1 1 1 1 2 2 2 3 1 3 2
11 0 1 0 2 0 3 1 2 2 0 2 1 2 2 2 3 2 4 3 1 3 2
8 0 0 0 3 1 0 1 1 1 2 1 3 2 1 2 2
5 7
0 0
7 6
0 0
2 1 0 1 0 0 0 0 0 0 0
1 2 2 1 0 0 0 0 0 0 0
0 1 2 0 0 0 0 0 0 0 0
0 1 1 0 0 0 0 0 0 0 0
0 0 0 0 0 0 0 0 0 0 0
0 0 0 0 0 0 0 0 1 1 1
0 0 0 0 0 0 0 1 1 0 0
0 0 0 0 0 0 0 2 2 2 0
0 0 0 0 0 0 0 1 2 1 1
0 0 0 0 0 0 1 1 2 1 1
0 0 0 0 0 0 0 1 1 0 0
-0.1740617648
1.4248830539
0.4642604787
0.1963526663
-1.0680521424
2.3880352054
-1.1638218536
0.6072307000
-0.9326988541
0.4566515392
1.6402691758
-1.1029917254
-0.4841887474
0.4053709393
-0.6006640981
-0.4393279509
0.5994883435
-2.4483340166
-1.0697951579
-0.4462876107
2.1223470797
-0.2094892733
-0.5273616946
1.4181493504
0.5345882404
-0.1728413910
-0.2309784227
1.3431693452
-0.0383054410
-0.3898843885
-0.0501284322
-0.2072751548
-0.4991402930
-0.8688838073
1.3730555901
-0.2225471452
1.4562788599
-0.5205227097
1.1015665999
-0.3795718057
0.0872475713
-1.0551000190
-1.2059341050
-0.9530691408
-1.6315782745
1.1744515995
-1.0315210929
-1.6014057560
0.4225392037
0.3328616189
1.0551590720
0.2076508183
0.5341031135
-0.4099887701
2.5911837122
-0.1160235085
-1.0264751207
2.2981669088
0.1233804492
-0.1437073637
1.0468789964
-0.0515206478
-1.0005571801
-0.7334830969
-0.6586429890
0.4554750740
1.7312950598
-0.4006856361
-1.2730919959
-0.7238313176
1.5965709252
0.8874372848
-0.1743057179
0.9514544550
-0.2927723494
1.5837593729
1.1286492579
-0.1151920945
-1.5004891182
0.7371524386
0.7706200827
-1.2114566290
-1.0723781561
0.3697497672
-0.6869783656
-0.6158979571
0.6878466888
-0.9374236773
0.4527822697
-0.1789112393
-1.1725852454
-2.4590357962
-0.2665597506
-0.2191515323
0.4775835980
2.1214726313
-1.0594418399
-0.9760235638
-0.8194469494
1.1262251541
-0.4573565390
-0.4736026408
0.6811855094
0.2117914707
0.6035185058
0.0576837218
-0.0044879856
-1.7685324010
1.0278535737
2.2242779682
-0.3997363236
1.4072978033
-0.5213522916
1.0592294017
-0.5505095067
0.1865511399
-1.5115898629
1.5029218881
0.4125791573
-1.0279236667
0.6597166760
0.0317594045
-0.1589566229
-0.3780160377
-2.0555488451
0.3699515768
1.2240552267
-2.4557818047
0.4822030901
-0.5404801015
0.6151373827
1.0527150042
0.1645041176
-0.7455296363
1.0343422463
-0.2799248751
2.2122014310
1.8618912471
-2.1670896852
-0.0452892776
-1.6863754657
-0.4997234661
-0.7359338260
1.1122908786
1.0181273955
1.0416779901
1.6499996930
-1.0119300110
-0.1727494855
-0.3348911089
-1.1387890858
-0.5703892908
0.8898212809
-1.0189830448
0.4811259854
2.1349938290
0.8026785928
-0.2366156208
-0.5968156899
-1.4533485207
1.4333706252
0.4868555340
-0.2157663909
1.1478380144
1.0124766364
-0.6136335125
0.1464362511
-1.9376495059
-1.1179290521
-0.1362539999
-1.6436916641
-0.0907360035
-1.0088575422
0.4533978662
-0.7339140486
1.0513811480
-0.3537327183
-0.1413315242
-0.0446639402
0.3137318213
0.3682979000
-0.9240286307
1.7093823049
-0.7934106146
1.2942561554
-0.2417990251
0.1071874653
0.2430726185
-0.6518044882
-0.6663099304
-0.7134166194
-0.3668323571
1.3642318353
0.3602006726
0.2095886344
-0.9826379934
-0.9444435022
-1.7181897996
-1.0361589581
0.2055583323
0.0170104776
1.1558289647
-2.5275637556
0.3267554698
0.3296822776
-0.6614540615
-2.3849768734
-0.6318643856
0.0433837230
0.8679489749
-0.4202333987
-2.3765036943
-1.5211241450
0.7417679722
-0.9260308477
-0.4327095965
-0.5255779419
0.2491379100
0.3501622264
0.8065589143
0.9242523012
0.7173552164
0.6411977409
-2.0716535324
1.3296068312
0.0044775404
-1.0674251833
0.2668013921
0.6464650447
-0.5465212044
-0.3272233335
-0.6783782524
-0.2768832906
1.9813008225
1.4380304692
-0.3296669860
-0.3817564016
-0.0627549259
0.6059183654
1.4480400107
-1.5777506635
0.2517131859
