11 3 0.03
11 0 0 0 1 0 2 1 1 1 2 1 3 1 4 2 1 3 0 3 1 3 2
15 0 3 0 4 1 1 1 2 1 3 1 4 2 0 2 1 2 2 2 3 2 4 2 5 2 6 3 2 3 3
19 0 1 0 3 1 1 1 3 1 4 1 5 2 0 2 1 2 2 2 3 2 4 2 5 2 6 3 1 3 2 3 3 3 4 3 6 4 1
1 0
5 3
6 0
0 0 0 0 0 0 0 0 0 0 0
1 1 1 0 0 0 0 0 0 0 0
0 1 1 1 1 0 0 0 0 0 0
0 1 0 0 0 0 0 0 0 0 0
1 1 1 0 0 0 0 0 0 0 0
0 0 0 0 0 0 1 1 0 0 0
0 1 0 1 1 1 1 1 0 0 0
0 1 0 2 2 2 1 1 1 1 0
1 1 1 1 1 2 2 0 0 0 0
0 1 1 1 1 0 1 0 0 0 0
0 1 0 0 0 0 0 0 0 0 0
-1.5236230420
-0.0224261752
-0.1715359209
1.3374146471
1.3060325695
-0.5809519579
-0.8137082779
-1.1006935551
1.6766538120
0.6188841402
0.8643224697
-0.4983227672
0.8526635574
0.6613046648
-0.1493619384
-0.4108092882
0.4782108946
-1.7918401965
0.1627526933
-0.8316192994
0.6518341823
0.7004015665
-0.9761755445
-0.4952519091
0.8676920054
-0.1216242583
-3.0218382328
1.2360287877
0.5931508352
0.6519361244
0.4245179958
0.3427958846
0.3777828114
-0.4581505014
-1.9420382864
-0.7838025568
-0.4311682517
0.6821212069
1.1926999423
0.1783712380
0.6182300732
2.1570595400
0.5270515394
0.8092667191
-0.2721849852
0.2632526461
0.0036035401
-1.3502501973
0.9377072655
0.3976738085
0.1872611331
0.4561510831
0.9444432426
0.4515045620
0.7986185004
-0.2950486159
0.3212304284
0.4168043802
-1.6439587950
-1.4258083936
-0.3688520951
-0.3386232159
0.4395188541
-0.5174759712
0.3554104069
-2.2121110452
0.2006470092
0.4186255082
-2.1066493253
1.6525148328
0.2874923145
0.5959607463
1.8877805002
-0.7614637169
1.5791413759
0.8294496779
-0.9954453436
-2.5110983279
-0.7707528957
-0.4489577405
-0.3220370247
0.4108254311
2.0878584247
-1.2928454052
-0.9689124046
2.3409685144
-2.9269433103
0.3901375301
-1.4959632102
0.1915695317
-0.5712294859
-2.4002711722
-1.3734703330
1.0023575657
-1.7082064216
-0.1223490378
-0.1477190865
-0.9471340793
1.4371650168
1.8086440832
0.0653573456
0.6170252991
0.6828712573
-1.4768646053
0.8401658925
0.6560319969
-1.0209806318
-0.4029615740
-0.9090126807
-0.3764564991
-0.1969476499
-0.4842304397
0.8911174217
-0.0989091076
0.9173718013
-0.4783544732
-0.8647258943
-0.6301791569
1.8026045651
0.0911183836
-2.2785154249
-2.4985793097
-0.0143144071
-0.8183288435
-0.5133052120
-0.5706881022
-0.7807402862
0.2920127578
0.3730940232
-0.6493636075
-0.9811779185
-0.8170415084
0.3652323690
0.0788223095
0.6455531901
-0.5852897569
0.4831561329
-1.4567491440
0.6830439389
1.0082045117
-1.5962676305
-0.2139782532
0.5931317338
0.0357000546
-0.3505854650
0.3619632254
-1.6480628993
0.7634270417
1.4883011582
0.9659730781
-0.0019890745
-1.0270183809
0.2233636525
-1.5916453084
0.7876710718
-0.2017340304
-1.3403200271
0.2737969233
-1.1487784681
-1.0493586090
0.3429122508
-0.4945127779
1.1541525305
0.0304803801
-0.5804149321
-1.2408471391
0.3827390332
1.0737054910
0.9800083253
-0.9937158909
-1.7901406295
-2.0833972214
-0.0102104509
0.1437926653
1.2480589468
-0.1866730418
1.3747766493
-0.0997124996
1.3895248547
1.8045332752
1.6489694146
-1.3322380730
-0.3306598149
-0.7489006619
-0.9639893929
-0.6711506894
-0.7333108125
0.1895813039
0.7756320581
-1.0340081209
1.4420674678
-0.1795362601
1.5629914814
-0.2346033975
-0.1147519440
0.4886870256
-1.2418851702
-0.8981878135
-1.2375230531
-2.6457573698
1.4762419744
-1.6540919051
-1.6717449400
-0.6543740248
0.5911593313
1.5904490113
0.8547188367
0.0245101439
-0.1097913735
-0.2849548904
-0.3423278744
-1.0955503568
1.0090704593
-1.5548426549
1.4171031992
-1.4318584079
-0.8167866522
0.0943878358
-1.2364611275
-0.5720705304
-0.1536555449
1.4338324013
-2.3075236202
0.2892553390
0.3536332348
0.4654253096
-0.6583724999
0.2791308519
-0.7797668979
-0.5580284724
-0.2745478168
0.0924660992
-0.1142053092
-1.1156733974
1.4362119122
-0.4927331102
-1.1222115252
0.2148611143
-0.4474260540
-0.8490851214
0.7764753673
-0.2809495836
