17 13 0.20
9 0 1 0 2 1 2 2 0 2 1 2 2 3 2 4 2 4 3
10 0 2 1 0 1 1 1 2 1 3 1 4 1 5 2 0 2 2 3 2
7 0 0 0 1 0 2 1 0 2 0 2 1 3 0
7 0 1 1 0 1 1 1 2 2 1 2 2 2 3
10 0 1 0 2 0 3 1 1 1 2 2 0 2 1 2 2 2 3 3 0
6 0 1 1 0 1 1 1 2 2 1 3 1
7 0 0 1 0 1 1 2 1 3 1 3 2 3 3
9 0 1 1 0 1 1 1 2 1 3 2 1 2 2 2 3 2 4
8 0 1 0 2 1 0 1 1 1 2 2 0 2 1 2 2
12 0 0 1 0 1 3 2 0 2 1 2 2 2 3 3 0 3 2 3 3 3 4 4 3
12 0 1 0 2 0 3 1 0 1 1 1 2 1 3 2 3 2 4 2 5 3 3 3 5
11 0 1 1 1 2 0 2 1 2 2 2 3 2 4 3 2 4 1 4 2 5 1
11 0 0 0 1 0 2 0 3 0 4 0 5 1 0 1 2 1 3 1 4 2 2
5 11
9 4
1 4
8 11
8 4
12 14
10 4
11 12
8 0
8 8
7 9
7 4
3 11
0 0 0 0 0 0 0 0 0 0 0 0 0 0 0 0 0
0 0 0 0 1 1 1 0 0 0 0 0 0 0 0 0 0
0 0 0 0 1 0 0 0 0 0 0 0 0 0 0 0 0
0 0 0 0 1 1 0 0 0 0 0 1 1 1 1 1 1
0 0 0 0 1 0 0 0 0 0 0 1 0 1 1 1 0
0 0 0 0 0 0 0 0 0 0 0 0 1 2 0 0 0
0 0 0 0 0 0 0 0 0 0 0 0 0 1 0 0 0
0 0 0 0 0 1 0 0 0 0 1 2 2 1 0 0 0
0 1 1 0 0 2 1 1 1 1 1 1 2 1 0 0 0
1 1 1 0 1 2 3 1 2 0 0 2 2 3 2 0 0
1 1 1 0 3 2 3 2 2 2 1 1 2 1 2 0 0
0 0 0 0 3 2 2 0 1 0 1 1 1 1 0 0 0
0 0 0 0 0 2 1 0 0 0 0 1 1 1 1 2 0
0 0 0 0 0 1 1 1 0 0 0 0 0 1 2 2 2
0 0 0 0 0 0 0 0 0 0 0 0 0 0 0 1 0
0 0 0 0 0 0 0 0 0 0 0 0 0 0 0 1 0
0 0 0 0 0 0 0 0 0 0 0 0 0 0 0 0 0
-0.5104780739
-0.8839578617
-0.5509473034
0.5723658219
0.4578383950
0.4608955965
1.2302489726
-1.4372143784
-0.4286229531
-0.2168690005
0.1255519300
-0.2039603080
-0.1959059946
-1.5359542566
-0.2288896258
-0.1330494437
-0.6459902489
0.0699592381
0.8891939758
-2.2103496832
-0.8761230340
0.9960437176
-0.0775729363
0.3087839100
0.0190486778
1.4103502157
1.5726069779
1.0761019024
-0.2379089634
-0.9742423992
-1.7893142009
-1.3595503489
-0.2253795171
0.2019597988
-1.4187317659
2.1110193091
2.8365547261
0.4002137768
0.4956658876
-0.3947497739
-0.0176810277
-0.1088226698
0.4516898883
0.1123108762
0.8544210128
1.3826416399
1.1790064329
0.3996538405
1.3503660167
-0.1587810455
1.2119755878
-0.9788748517
1.5566070404
0.1084992637
1.4032397529
1.3075757016
-0.9230014221
-0.3347748272
-0.1710261508
-1.1411598506
-0.1785195439
-0.4241880920
1.3989870445
-0.4336687885
0.8112714743
-0.4567906741
-0.6105721373
0.2801961805
-0.3724780984
0.1690772937
-0.4491508718
0.5055580093
0.3560969054
1.0261178305
-2.1031321742
0.3064602949
2.9936383348
2.0134545658
-1.7589396376
1.2277266290
0.1538328583
0.7684783760
-1.8833914383
-1.3648669051
-0.4184010627
2.2417546885
0.3376560720
1.1322968191
-1.3560653884
1.0033861610
-0.1728823157
-0.9013958689
-1.2336767346
0.3696008518
-0.2820133855
-1.5150755989
-0.3966746137
1.3810840176
-1.1834069836
0.6068977130
-0.4788474915
0.8736671088
-2.0468135143
0.3868381324
-0.2652037371
-0.4624431367
-0.2154065953
0.8096271882
0.1475820629
0.1063474789
1.0804618005
1.2832678798
-0.4573084652
-0.0472555525
-0.9764522605
0.7599712419
-0.4650552244
0.0992360488
-0.2258366537
-0.2323825350
-0.3372833306
-0.9225965068
-1.2575505402
2.8330969479
-0.4927300625
0.7883797855
-0.7463413945
2.8111461294
-0.2303505673
0.1761584345
-0.7786092149
0.0001825510
0.3210990595
0.4151831618
0.2253737334
0.3831082901
-0.8904034278
0.1778701875
-0.8351414032
0.6165781874
0.3844440236
0.8514620061
-0.9033191622
1.0826609009
0.9113769591
0.0037691575
0.5419875195
0.8204252218
2.2417293894
0.2586055215
-1.7566639657
0.0565730003
-0.3565767600
-0.2610141408
-0.3788228028
0.2610338451
0.5813219679
0.0860772499
-0.1730737632
0.5137973525
-0.3403387391
1.4535641860
-0.8888135980
1.1363390633
-1.4022645386
-1.0793940302
0.3978471605
0.2176272617
-1.8645680193
0.2466916446
-0.6226494984
2.1481618521
0.6827559344
0.2282281297
0.9670722264
-1.5370097498
1.0143253736
-0.0704592626
-0.2091174944
0.5569807963
-0.6599173300
1.2771725045
2.1683414303
1.6872222243
0.4951724259
-0.0963703342
0.6301622853
1.2201474380
0.5209002731
-0.6462561475
2.1985259679
-0.2949150692
-0.2694264958
0.1474924429
-0.8120681868
-0.8129721846
-0.3108114528
1.4853960126
-1.5259593649
1.3499075975
-0.5447511356
-1.0602433226
-0.1842225164
1.5963019269
-0.6976718738
0.5427197762
-0.7459026044
-0.2045688337
-1.4248286877
0.2267760505
1.1404433060
-0.7648133181
0.4684267981
-0.0828280403
-1.0494264311
-0.8254436831
0.1008653035
-0.8504059810
-1.0137573573
-0.5109152994
-1.1102265450
-0.6856270751
-0.6622629577
0.1207406980
-0.4906798116
0.4530997321
-2.7016502685
0.1951327194
-0.4316363732
-0.5935082718
-0.5795232273
-1.2660292403
1.3208661057
-0.3579993784
1.3118407526
0.6962041722
0.4998830011
0.5542756746
-1.1546100041
0.0475278419
-0.8819976695
-0.7826202998
2.3263172658
-0.2407463761
-0.0970563834
-0.2579873070
0.2721618942
1.0367422501
0.3414139971
1.3329951659
-0.1389486021
-0.9697812745
1.1987092874
0.4591632620
-0.6835832630
-2.5193321910
-0.7856966243
-0.8172281683
1.0004234596
-0.1900821658
-1.2437281786
1.2058359552
1.3613231479
1.1265137297
-1.1495417257
-1.2637014137
0.6252869148
-0.1578700882
0.2315237762
1.8261209903
-1.6696799021
-0.1337629473
-0.3303614423
0.0474383365
2.6709924583
-0.2322379976
-1.4168222499
0.9784591966
0.5435279673
-1.1371495551
-0.0528436944
-0.8464382983
1.0350490198
0.8210706325
0.2445434896
-0.1965763168
-0.3856859753
0.5431976131
-0.8776157367
-2.2505992007
-0.8141314890
-0.5947044048
-0.9011917231
2.2923875374
-2.8438748041
1.0067991273
1.9568821069
-0.0358139687
-1.7703115155
0.0861693388
0.2846972341
-0.2138929532
0.9349798206
1.2861530902
-0.5567726690
1.1377794429
-0.5472791164
0.6227042420
0.0105613192
0.9832779104
0.5709228502
0.3145168733
-0.8150123298
0.4419663152
-1.3272029224
0.3706305923
1.3828466689
1.8449897749
-0.3991814140
0.3075562301
1.7413444729
0.5792157910
-1.6627506562
0.2461844187
-0.8373572623
0.0654596284
-0.4932367566
-0.2050156901
1.8973806052
-0.0052371638
-0.8846550566
-0.3849122246
0.4645222545
-1.8166619821
-2.2444432356
-0.0895445352
0.5662715108
0.4077113370
-1.4233336630
2.2479675749
-1.1103959400
0.9440639525
-1.4883519277
0.6368144220
0.9493522409
1.8408515443
0.4299877413
0.8030186726
-0.6341654312
-0.3965750748
-0.5517438507
-0.3439740205
0.8979296483
-0.0608147080
-0.9451508714
0.3616080926
-1.9879595492
-1.9331349946
0.6726890893
0.7106445072
-0.1180436450
-1.3904291191
-0.2364142444
-0.5828716837
0.8087845798
-1.8773765459
-0.5170146566
-0.1012514965
0.1025154566
-0.4173741136
-0.2677632048
-0.2485052845
1.4789194261
-0.1573268060
-0.8662230872
0.4607482661
0.5455336827
0.6418182012
-1.4560267624
-1.4745365494
0.2518565998
-0.2046847403
-0.2222357749
-1.1013678624
0.0009540604
-0.9216037913
0.6777714029
-0.1138408164
-1.0768599052
-1.4108811824
0.8713727359
-0.7099721684
-0.2849645581
0.6984029438
-0.9333091247
-0.7758313704
-2.5507671098
-1.4185741542
-0.9052743385
0.4863270129
-0.1406534383
-1.2614652584
0.5764674981
1.1230354807
-0.4253978775
-0.4788676818
-1.3403010252
0.6554395815
0.0024803516
-1.5412022330
0.0548800560
-0.6153583888
0.8097701089
0.4166532596
3.2077673159
0.0269799646
-0.8003940567
-1.6464764094
-0.9492788626
-1.3179020554
-0.3581792900
0.3803782459
0.9801883725
0.4745667697
0.9949394334
-1.1984287772
0.6589147748
-0.7100454295
-0.0212367451
0.6456842013
-0.5968049520
-0.5828839002
0.7889568679
1.2278415292
1.8847873302
-0.3622619515
0.8878250320
-0.1600833809
-0.1117662396
-0.9876365314
-1.0511261954
1.5480603056
-0.3512322100
1.5002731783
-0.7010588019
0.0496536402
1.4185633518
-0.7181298846
0.0267763652
-0.8117165346
-0.3229979433
-0.4074118887
-0.5643880176
-1.1071826837
-0.3522348520
3.2389821917
1.1856429589
-1.5530250703
0.0064390720
0.6959019199
1.3821736836
0.7095517920
0.3766231782
0.1974414353
-0.2595646439
-0.9924780507
0.5414596681
-1.2273199640
0.3297454186
1.7454034357
0.0807805483
-1.6479529964
-0.3145620222
-0.9147368572
-0.6261887591
-1.0997944725
-0.4237681728
-0.0788248140
-1.6959006341
0.6326827957
0.4737946992
0.9072718167
-1.3943761162
0.5541821895
-1.4445830763
0.1108379035
1.5128276971
-1.1831911793
-0.7490246573
-0.7014911142
1.0264797509
-0.5449411763
1.4980845229
1.0320564673
1.1639801536
-1.1657657168
-1.2092004478
-1.4170735018
1.0313704734
0.1725405649
0.5117084038
0.0197369209
-2.6757747966
0.8828690261
-0.6516001940
-0.2458960361
-0.5911249659
-0.1120480973
-0.0721904994
-0.5915162870
0.2998836736
1.9664660618
-0.0410518485
1.1398746313
0.9746659884
-1.6283734101
-0.4661273171
0.4676361648
1.5410346479
-1.2882859672
1.2341356158
-0.0652834360
1.1467470860
1.0259487469
-0.0566086256
1.8763513091
-0.8833601735
-1.5929220471
1.1369555373
1.4627367665
-0.2525007223
0.8747738931
-0.6133388056
-0.1781225447
1.8780387227
-0.7667545494
-0.4977648371
0.6409980293
0.0857064200
1.6328908289
-1.2518986492
0.9287973042
0.4004299974
0.2073239335
0.6900156152
-2.2875038758
-0.9432644404
1.0826553511
0.7963215776
0.6319661132
-0.1218100361
-1.3910792496
1.2614074588
-0.1188641615
0.2544803366
-0.2407169827
0.0735218811
-0.7925727206
-0.7102420008
-1.5242229348
-0.6072024084
-1.6937720047
-1.0886479270
-0.4720079861
0.6979390036
-1.8762574180
0.2109405538
0.1145538828
0.3208918473
-0.6101979364
1.1246700136
-0.0411277314
-0.2771235611
0.1782412506
1.8961919280
0.2761070717
1.0538190601
1.3223344316
