20 12 0.08
13 0 1 0 2 1 0 1 1 1 2 1 4 2 1 2 2 2 3 2 4 2 5 3 3 3 4
13 0 1 0 2 0 3 1 3 1 4 2 0 2 1 2 2 2 3 2 4 2 5 3 0 3 4
13 0 0 1 0 1 1 1 2 2 1 2 2 2 3 3 1 3 2 4 0 4 1 5 0 5 1
13 0 0 1 0 1 2 2 0 2 1 2 2 3 2 3 3 3 4 4 1 4 2 4 3 5 3
13 0 3 0 4 1 1 1 2 1 3 2 0 2 1 2 3 2 4 3 2 3 3 4 2 4 3
13 0 1 0 2 1 1 1 2 1 3 1 4 2 0 2 1 2 2 3 1 3 2 4 2 4 3
13 0 2 0 3 0 4 0 5 1 2 1 3 2 0 2 1 2 2 3 1 3 2 3 3 4 3
13 0 1 1 1 2 0 2 1 2 2 3 1 3 2 3 3 4 2 4 3 4 4 4 5 5 2
13 0 0 0 1 0 2 0 3 1 0 1 1 1 2 1 3 1 4 2 2 2 3 2 4 2 5
13 0 1 1 1 1 2 1 3 2 1 2 2 2 3 3 0 3 1 4 0 4 1 5 0 5 1
13 0 2 1 1 1 2 2 0 2 1 2 2 2 3 2 4 3 0 3 1 3 2 4 0 4 1
13 0 1 0 2 0 3 0 4 0 5 1 0 1 1 1 2 1 3 2 1 2 2 2 3 2 4
3 3
13 7
11 14
9 11
8 3
15 8
9 1
12 2
11 14
14 1
0 12
12 3
0 0 0 0 0 0 0 0 0 0 0 0 0 0 1 0 0 0 0 0
0 0 0 0 0 0 0 0 0 0 0 0 0 1 1 0 0 0 0 0
0 0 0 0 0 0 0 0 0 0 0 0 1 1 1 1 1 0 0 0
0 0 0 0 1 1 0 0 0 0 0 0 1 1 1 0 0 0 0 0
0 0 0 1 1 1 0 1 0 0 0 0 1 1 0 0 0 0 0 0
0 0 0 0 1 1 1 1 1 0 0 0 0 0 0 0 0 0 0 0
0 0 0 0 0 0 1 1 0 0 0 0 0 0 0 0 0 0 0 0
0 0 0 0 0 0 0 0 0 0 0 0 0 0 0 0 0 0 0 0
0 0 0 0 0 0 1 1 0 0 0 0 0 0 0 0 0 0 0 0
0 0 0 1 2 2 2 0 0 0 0 1 0 0 0 0 0 0 0 0
0 0 0 2 2 0 1 1 0 0 0 1 0 1 0 0 0 0 0 0
0 1 1 1 0 1 1 0 0 0 0 1 1 1 2 1 1 1 0 0
0 0 1 2 2 2 2 1 1 0 0 0 0 1 3 3 2 1 1 0
0 0 0 2 2 1 1 0 1 1 1 0 1 1 1 1 2 2 1 1
0 0 2 1 2 1 1 1 0 0 1 1 0 0 1 1 1 0 0 0
0 0 1 2 2 1 0 1 1 2 2 1 1 0 1 1 0 0 0 0
0 0 1 1 2 1 1 2 0 1 1 2 1 0 1 1 0 0 0 0
0 1 1 0 1 0 0 0 1 1 1 0 0 0 0 0 0 0 0 0
0 1 1 0 0 0 0 0 0 1 1 0 0 0 0 0 0 0 0 0
0 1 1 0 0 0 0 0 0 0 1 1 0 0 0 0 0 0 0 0
-1.1398796842
-0.0073001869
-1.8916726275
0.7034736645
0.6517182623
0.9277477629
1.3927512813
0.9508683640
-0.1303271762
0.8130068775
-0.2741126031
-1.3641383956
-1.4583449024
0.1638633082
-0.1222525407
0.1411616160
1.6629546892
-0.4506228966
0.3502586751
0.8597458085
0.5203865416
1.8243954771
0.9360622107
0.4000160535
-1.7689834218
-0.6369716005
-0.5387554827
0.8042027860
1.7433324720
-1.2771467917
0.1456602874
-1.4453606355
0.5319763518
-0.5027195209
-0.5765747239
0.3721660678
0.1353067545
-1.1331881992
-0.2227996242
-2.2431432212
2.9321175533
0.9212880506
-0.2751821916
1.1241742558
0.0973981361
-0.6147483716
0.5166252901
-0.8409249432
0.8019328282
-1.0552212734
0.5729964218
-0.2952276312
-0.8435779951
0.2518841582
-1.2040199257
-0.3546636032
-0.9607773853
1.6007695915
-0.4441410704
0.3482186802
-1.1180101851
0.0336352916
0.5364185387
-0.4372094111
-1.3116492104
-2.0288735663
-0.3803069987
-1.1643978360
0.5144217810
-0.9008605027
0.6271873025
-1.1839022515
-1.7789446246
-0.7665326970
-0.3432372430
1.2601994863
-0.5307574438
-0.4724642513
1.4546232993
0.4325251753
1.6449781673
-1.3755839787
0.7484837462
0.1395148842
-1.8074659219
-0.4236633158
-0.7531331148
-0.0420859867
-0.2652052742
-1.4677029680
-0.8912065689
-0.7337528337
-1.1340831722
0.2485279720
0.5000169787
0.5918818293
0.2396052439
1.4236024092
1.2242440350
-0.7495664866
1.0848883153
0.8749197044
-1.1432578088
0.1640498206
-0.5540249159
1.0647163592
0.1410319154
0.3961848657
0.3670403102
-1.1160867094
0.1359821011
-1.2730944612
-0.5259891367
-1.3262121759
-1.6847480983
-0.2629005922
-1.1806176885
0.2628011745
-0.1650612895
-0.7614259842
0.8123459049
0.7083566077
0.1621573514
0.0639293445
-0.1340908671
0.6756558470
0.4777378105
0.0569558765
0.3483528556
-1.5378496985
-0.5840207276
-1.8846786483
-1.1848030530
-0.2671474968
1.4670595129
-0.4210768186
0.1780224104
-0.3922116574
-0.0411515110
-1.3411899014
-0.9271739685
-0.6634462010
0.4130650666
-0.4320988332
-1.1291959731
0.2229366738
-0.6334906243
-0.0218462690
-1.4148322483
2.3581985266
-0.0874247122
-1.2873459237
-0.2694123957
-0.6255816491
-0.2889862623
0.7547415388
-1.0816926988
1.5454187233
-1.0948134036
0.1863509126
-0.9652217080
-0.4209192034
-0.0743637476
-0.9359351364
-1.2647444805
-0.3467522643
-1.9629409646
-0.5142076537
-1.2084034551
0.2063055449
-0.8519775772
-0.1542041219
0.1830805921
0.8824837922
1.2205300673
0.9717270089
1.6993844045
1.3087588589
1.1565020105
0.4286183302
0.2609285645
-0.6792861609
-0.6789796424
-0.3288871457
0.5526805261
-0.0028151612
-0.8696106693
0.4954532484
-0.3952307097
-1.0074563906
-0.6455873204
-0.0118354303
-2.7036001632
0.5951663427
0.8193060813
1.8247024516
0.6885091908
2.1055126782
0.5565776404
-0.4997511360
-1.6870557633
-0.8919272101
-2.1659431186
-0.2420794082
1.8911263265
-1.4896261520
3.3973025007
2.6673495628
-0.2834693572
1.1041235056
1.1754305147
0.5702007077
-0.1274915783
-1.4404799957
1.1426076293
-0.9306923938
-0.2952130148
-1.0297937309
0.8359615417
0.0949217318
-2.1088685300
0.3821162531
2.2651369869
-2.1606006546
-1.6056618804
-0.2203244474
-0.4149662282
-0.1831750353
-1.1562982263
1.1504727948
-1.2150984013
-0.6910730614
0.1658340048
-0.7826811101
-0.4241793556
2.7044025895
0.2816748321
0.3503955657
0.6990171397
-0.8746918113
0.7878177983
-1.7267515187
-0.6564282689
-0.1780373795
0.2423576983
-0.8166300873
-0.5699867880
-0.5187411328
0.8203343897
-0.0531606422
0.9448876443
-0.3426376250
-0.2040568026
-0.3608662194
-0.1148159437
1.0324395808
-0.3713269109
0.3428052328
0.3067816729
-0.2602060034
0.2698220012
0.0510189537
-0.0975451876
-0.2507526257
1.5161443487
-1.1671509127
-0.4658320801
-1.1236651805
1.8676960038
0.1440145809
-0.7711181497
0.0408332555
0.3459675289
0.9393793842
0.2738808110
-0.7048932162
0.6335329912
1.0238942708
1.3951814585
-0.3265293782
-1.0292055792
-0.8118446186
-1.2651689275
-1.3346624365
-0.7409186950
-0.3194681173
0.6377117118
0.7367702770
-0.6996787462
0.6652736064
-0.0546435677
-0.3951539143
-1.1317084708
-0.6821675649
0.5634054506
-0.8499821231
0.9308339607
-0.3823455082
0.2294410848
-0.7100220518
1.5910040474
-0.5902127201
-0.5487477190
1.1304673686
0.4487718184
1.4592703832
-0.9684168452
0.0260755097
0.0744696202
1.3323344060
-0.0430874599
-0.6306116105
-1.4067578542
-2.0955040707
0.5606227830
-0.1335824179
-1.0790180118
0.9828551783
2.2160674685
2.3599921865
0.2722780433
0.3085967082
-0.9909641405
-1.0289907572
0.0256048555
0.2483500359
-0.1174923056
-0.1359978031
0.6961405860
-0.6236145268
-0.4778933530
1.1432240038
-0.3888858091
1.0000989731
0.1688252215
-1.3124713966
-0.6263541180
0.0046587073
-0.4731137301
0.0220188950
1.2535988907
-1.9977711100
-0.3212769386
-0.2240770406
-1.4605310301
0.6402490182
-0.0884795334
-0.6590253487
0.6018963094
-1.1412141543
-1.4042355959
-1.8402285859
0.3944529566
1.4021812020
1.3664314263
2.3277400788
0.8215186514
0.7030616227
-0.0721321524
1.3833736373
0.1265672201
-1.1095295585
0.8186767539
-0.0931120242
-0.0255802727
0.6972923106
-0.8754775940
0.8128812235
-1.6523573513
0.3859604249
0.3362599648
-0.9565099841
1.1006326957
-1.1795107070
-0.2222105441
-1.0754036572
-0.1230294747
1.1681020819
0.0559701376
0.7408687540
-0.2988176704
0.3326268343
1.2433910862
1.3014932247
-0.6637827840
-0.8536360047
-1.9801430018
0.5465239500
1.3027661443
0.4876063017
-1.5192769288
0.9748554698
0.5654990413
1.1891858143
-1.5866163658
0.9628075419
-1.0104697430
-0.0119182028
-0.4043191470
-0.1817882814
0.9969473039
-0.2452814056
1.4878964506
-0.8057546496
0.6987527285
0.2370697536
-1.6341099869
1.2045288624
1.1461541643
-1.1938071075
0.4000600310
0.6692925380
-0.9640083358
0.0464970529
1.9882994263
1.0959789930
-0.7743614578
-1.1970767154
0.6114933053
0.3276183659
0.0890631844
0.6636574171
0.0963690331
-0.3393301587
0.2962772890
0.1423629980
0.5712775895
-1.8591971795
1.3806614255
0.1209585676
0.6204477586
-0.7706988947
0.5984776553
-0.0614550726
-1.5025361769
-0.8524109533
-0.1037978257
0.2306477522
-0.7200836872
2.4332728284
0.0007325302
-0.1963262809
0.7024183324
0.2705132637
1.0076367773
-0.0324989598
-0.2224189046
-2.0098054671
0.0418619474
1.3489905254
0.2707204241
0.7064336948
-0.0491916441
-0.8840851014
1.1138157690
0.0296785711
2.1856826621
-2.0400407023
1.3677032972
0.1209422759
-0.6309679813
-1.3591405388
1.0122071441
-1.4444663054
-0.3149147620
0.9270229455
0.0949383675
-0.3842904608
-2.2338184248
-1.4737393008
1.4739311687
0.1149893275
0.9761560362
0.6909254007
-0.7366336061
-0.7961613306
-1.1686344763
0.2281688925
-2.1569987708
1.8123156464
-0.6017455310
-0.6464014988
-0.7086835900
0.9831014203
0.4069720158
-0.8133543880
-0.7921125335
1.5156157359
0.4840283998
-0.8161651137
-0.3431686233
1.3408939588
1.1464610275
0.6490385139
1.0840192630
1.9978195950
-1.1442833748
-1.7236280446
1.1224232413
-1.1364145371
0.1806189901
-0.1694762193
-0.4642677122
-0.6158644889
0.6544460196
-1.0603945505
0.7037240841
1.0445143901
2.3032382545
1.9390877749
0.1893046742
0.1549091002
-1.2844235724
1.5915107233
0.0999368164
0.9855363894
-0.9384262636
-1.3205534400
1.2985915338
1.2770342682
-0.3992247395
-0.6378203802
0.9266677330
-1.2926134274
-0.2181513394
-0.1911331796
0.8011255621
0.1457573686
-1.6327676063
-0.3750990534
0.9446756359
-0.0244518120
-0.3073442122
-0.9807855241
-0.9234985397
0.6929903487
-1.1586946945
0.1954491148
-0.2899004864
-0.0289275032
0.6696925898
-0.5437844802
0.8202439600
-2.1150525845
-0.6867140119
-2.1388125140
-0.3567560153
0.8737899306
-0.0814293798
-1.5072927052
0.1533129105
-0.6267314560
-1.4184398364
-0.3498720132
-1.5039492885
0.9678406230
-0.6938548617
0.0002924725
1.4780153908
1.8799711401
1.1206358412
-0.0742597657
0.7299519909
-0.2974455765
-0.4857748457
0.2049156309
0.3572756062
-0.9811422557
-0.8969795506
-1.4210334594
1.4491015850
-0.4999146693
-1.1470484676
-1.3691596547
-0.1334099335
0.7714051899
-0.0195835680
1.3445581130
0.9027914762
-2.0491743740
0.7818578421
-0.1978579461
-0.2449108357
0.8516436272
1.0225722624
-0.8592535823
1.8185447314
0.9436475786
0.2528905545
1.1331146471
-1.1052756308
0.5722299235
0.1086817799
0.3448491576
-0.4096239946
0.4083879256
2.7187653415
-0.4548334248
1.3681702383
-0.1138204453
-1.2509078981
-1.0428553064
-1.6421879982
0.5095463111
1.2618301049
-1.4581727657
0.9816532771
-0.2049422754
0.5660937106
0.6315046717
1.5185809864
1.8584068210
-0.0288366952
0.0452212660
0.2237357057
2.8764995599
-0.5626125738
-0.3567034385
-1.3662485521
-0.6181729316
2.4424221996
-0.8912216945
1.1708722699
-0.8208191319
1.0017402706
-2.6020848705
0.9481730159
-0.1411248055
0.3839444177
-0.5194032631
1.9518788979
0.8707126097
-0.8034188410
-1.6050598144
0.3162170724
0.9596755164
-0.2874680569
0.3328362883
0.4975087307
0.0459993586
-0.4264462856
1.7990672867
1.4703275095
0.0108945700
0.1479430605
-1.4361790979
1.2855953617
-0.1574187720
-0.8341141716
-0.8670213052
0.6909388718
0.5523816962
0.3123050808
-1.0329612774
-0.5225937462
-0.8971576267
0.0578209389
2.1892051059
-0.0536002724
-0.2635665377
-0.3981352294
0.9056965120
1.6860116435
0.6376840012
0.4339755650
0.5137981874
-1.2957503211
1.0654654580
0.3638147657
-0.1230761193
-0.5202072980
0.1877231710
0.7208621626
0.3029666928
-0.8498473289
0.3781736275
2.2657877555
1.2840697512
0.0954119038
-0.2805770612
-0.4207397681
-0.1199043939
-0.0255943955
-0.0603826599
-1.9936834018
-1.7492327672
-1.3993253051
-1.5954488945
-1.2541941696
-0.2476015147
0.0700498483
-1.8167017765
-1.3980502003
0.3386220033
-1.8859631137
-1.1815757009
-0.2976709994
-0.5683439020
0.5057773546
0.8935343526
-0.5040715842
-1.9857089136
-0.5438498975
-0.0797454725
1.3683178939
-0.5596587314
1.9879401315
0.5348714946
0.2665133110
0.6526365740
0.4169809728
0.3086038359
-1.0698473273
0.2486983800
0.9695199170
1.5248786169
-0.0407359307
-0.2542489209
3.7499320428
1.3259278015
1.6294760238
-1.3078576303
0.5388818388
1.3115775039
-1.1153906366
0.0135034466
0.3949050175
0.9296299598
1.0967052218
-0.2980868104
-1.2910317972
0.4837960784
-1.1680581499
-0.1369857723
0.7236437661
0.0382334150
0.7283982392
1.2370614880
-0.1088449468
-0.9674824108
-0.3544697126
0.3129402678
0.0814368195
1.2801909935
0.9679637399
1.2063347641
-0.8063390581
-0.0966302952
0.1076412107
0.1773249254
-1.1809040468
-0.3761539956
-1.2542900642
0.3691759738
-0.2535713107
1.3237958946
-0.2183970905
-0.9961357260
-0.6355010524
-0.6069823201
0.0471267155
0.0870198034
-0.4262756006
-0.7846886587
0.6637337526
1.0370900271
-0.4251420283
-0.5017368149
-0.2028654423
-0.0660444188
-0.0794460319
2.7474305880
-0.6241200569
-1.1312954225
-0.7389352536
-0.1353316871
-0.3716161175
-1.1575053646
-1.5215803607
-0.4580236459
2.7804205495
-0.6477801877
0.1194082782
-0.1403578235
-0.1349161338
-0.3620454278
0.7352075661
-0.8771371202
0.9288876581
2.2734289654
-1.3490195774
0.6335195549
-0.3972732534
-1.2804974336
-0.4490321299
0.6912660329
0.9527775017
1.1300003029
0.0912534138
-0.2163727425
