11 4 0.08
9 0 0 0 1 0 2 0 3 1 0 1 1 2 0 3 0 4 0
9 0 1 1 0 1 1 2 1 2 2 3 1 4 0 4 1 4 2
16 0 4 1 1 1 2 1 4 2 1 2 2 2 3 2 4 2 5 3 0 3 1 3 2 3 3 3 4 4 2 4 3
19 0 1 0 2 0 4 1 1 1 2 1 3 1 4 1 5 1 6 2 2 2 3 3 1 3 2 3 3 4 0 4 1 4 2 4 3 5 3
2 0
0 8
0 4
2 0
0 0 0 0 0 0 0 0 1 1 0
0 0 0 0 0 1 1 0 2 1 0
1 2 2 1 1 1 1 1 1 2 1
1 2 1 1 2 2 2 1 1 1 0
1 0 1 1 0 0 1 1 1 1 1
1 1 1 1 0 0 0 0 0 0 0
2 1 1 1 0 0 0 0 0 0 0
0 0 0 1 0 0 0 0 0 0 0
0 0 0 0 0 0 0 0 0 0 0
0 0 0 0 0 0 0 0 0 0 0
0 0 0 0 0 0 0 0 0 0 0
1.8546292619
-0.2617408248
0.6590858240
0.1509541329
-0.9132185129
0.4108030797
1.0707823488
0.7465914559
0.5930173313
0.7803475695
-0.7356417081
0.4182849806
0.1111313111
-1.0984351274
2.2525498713
1.3212853850
-0.4936333129
1.3315362056
-0.9277097530
-0.7204981073
0.3937992094
0.7469955412
0.4159092051
-0.0474891211
0.0941458607
1.3809495977
-0.4043859074
0.1885835625
-0.4100698042
0.4070513965
1.0606837751
-0.7604863506
-1.2995020696
0.5158678109
0.2332205519
-0.0253393583
-1.2500300841
0.6986599999
-0.4290384272
1.5924398987
0.7906416236
-0.7178433365
-0.7976442004
-1.0251355954
-1.8224248663
0.4364456727
1.1364540133
1.4239157512
0.0988114700
-1.5069901125
0.7976711697
0.0066888367
0.0653638964
-1.3397313107
0.3804482004
-0.6796591302
2.4638298729
-0.3206111246
-0.0201704375
0.2049309141
-0.4208304586
1.1825469100
-0.3131112568
-0.3189111033
-0.6092134329
-0.2692138274
-1.2914519392
0.5829763100
-0.7250941430
-0.4384371278
-0.7837989706
1.2328665216
1.7627609562
-1.8267336868
-0.3051775489
1.7934935103
-0.0367409304
0.4754326930
-0.2753510805
-1.2071925632
-0.2294266928
0.6505763877
-0.8468954563
-0.4764316235
0.6660975012
-1.3333477160
-0.2888672298
0.2653967495
0.4118539654
0.9796637355
-2.6777216572
1.2152804452
0.4635862853
0.7127811386
-1.3005116618
0.8768457130
-0.6182528941
1.0005340999
0.1829828818
1.3659398382
-1.1168349453
-1.4778370485
0.2822884725
-0.2872136920
-1.5903322403
1.7677499557
2.0473838853
-0.6026539158
-1.0379764892
-1.4443641961
0.4885272931
-0.0844251556
-0.0273837427
1.1845922692
0.5168839057
-0.5424483537
0.3013095643
1.3618420122
0.2425151166
0.9042630554
0.0044628767
-0.4477483977
-0.9500974838
0.8171396687
0.7281448473
0.3363681463
0.3785641275
-1.0640697678
-0.3441379858
-0.4351047913
-0.4717521095
0.9105934445
-1.1288392535
-1.0875740461
-0.3084615941
-1.0039944966
-0.8571036402
0.0757231486
-0.4099093571
0.5969170477
0.3785877821
-1.6143607551
-3.4858062488
-0.9212003375
0.6956311067
-0.9678624283
-0.4836617124
0.1721310344
0.6145958152
1.2302249464
0.7486793749
-0.5133607189
0.2667551823
2.1508510573
0.4953100563
-0.2427972369
-0.0516000535
-0.2727452925
-1.1791409996
1.4086688479
-0.7061973624
1.1927925199
-0.8254827975
-0.0898193363
0.2201251290
0.6299473652
1.6213075557
0.8005126086
-0.1068427658
1.7460011219
-0.2579727512
-0.9374185519
0.8213466727
0.6306852378
0.9719802056
-0.3782748254
0.2673549773
-1.2609465085
-0.5908754638
-0.0419520833
-0.4604805279
2.9156790565
1.6525141003
-1.0008713184
-0.4921244144
-0.6403161103
-0.8230415083
-0.4126787154
-0.1671646621
0.2278197206
-0.7732684846
-0.0696102381
-1.6722511173
1.4069011746
-0.1760916174
0.1119451953
1.6977030118
-0.4856283008
-1.4759597430
0.4746678328
0.6468150287
-1.7887544744
0.7262175070
-0.6345803892
1.6383745199
0.3091971970
1.3243093826
0.1250798189
-0.3665648044
-2.3786508727
-0.4049553342
-0.1662860078
-0.0191365480
2.8608094595
-0.0174352043
0.6269909171
-1.7887277270
-0.0225189240
-0.5058822945
0.1390229547
0.0215745434
-0.0589389331
-0.2382068061
-1.7528146017
1.9885624019
-0.8034676548
-0.3884262939
-1.2628866943
0.6296687873
0.1149052674
-2.5163511917
-0.5690229692
-1.0614963144
-1.2134308665
-0.3373729881
-0.4937985751
-1.2613917711
-1.1565390730
1.7688144971
0.8399103768
-0.3487143078
-0.5362994931
