10 2 0.04
14 0 0 0 1 0 3 0 4 1 0 1 1 1 2 1 3 2 0 2 2 3 1 3 2 4 2 5 2
10 0 0 0 1 0 2 0 3 1 1 1 2 1 3 1 4 2 2 2 4
2 4
2 2
0 0 0 0 0 0 0 0 0 0
0 0 0 0 0 0 0 0 0 0
0 0 1 1 2 2 0 1 1 0
0 0 0 1 2 2 2 1 0 0
0 0 0 0 2 0 2 0 0 0
0 0 0 0 0 1 1 0 0 0
0 0 0 0 0 0 1 0 0 0
0 0 0 0 0 0 1 0 0 0
0 0 0 0 0 0 0 0 0 0
0 0 0 0 0 0 0 0 0 0
0.4381839071
-1.7550644510
2.0450983431
-1.6838723661
-0.4297957957
-0.1593574774
-1.0359819675
-1.1328352067
-0.1712871621
-0.5774647196
2.6790868903
1.4852770160
0.1972627385
2.8216369867
-1.0208052913
-0.0914567546
-0.8846728938
0.3976787025
1.0761675093
0.9363340194
0.8606218364
0.5522480614
0.5213591987
-1.1555579256
-1.0958974509
1.2686271827
0.3899260596
-1.3708870892
-0.8765468288
-1.0120184065
-0.2489338046
1.3678190799
-0.5837561145
2.4580571207
-0.5854058267
-1.1351483149
0.3650162529
0.7298919981
0.7373117886
0.0898488099
-0.9636611369
-0.3750655492
-1.1825340426
-0.4569085688
1.6276144335
-1.2867482437
-2.2079968933
1.2170131923
1.5194879163
0.9020100292
-0.0304157645
-1.3401102915
-0.5559640248
-0.7955541475
-0.9916659973
1.3001538919
1.0276402295
0.5011193192
0.2702548673
-0.1370952082
-0.1646195573
0.6983812700
-0.2244324543
1.3070100821
-0.1516710947
-0.5269042910
-1.5719484275
0.2581046825
-0.4715496511
1.2474842783
-1.5177770575
1.1350802347
0.2877754427
1.3055546840
0.0933016810
1.2583921909
-0.7434530208
-0.3109282191
1.7031099433
0.3781187338
-0.0057642237
-1.1493764274
-0.4124733142
0.1195009515
-1.0189214297
-0.2140851172
1.1995415768
-0.6308017598
-0.3271670400
-0.1639442593
0.3755307684
-0.2704424143
-0.6822332580
1.6509518207
1.8801338351
0.0044786857
-0.2033440655
-0.3241090843
0.2049439626
-1.7065658092
0.1637098069
-0.8049721265
0.6753641674
1.1409534411
-0.7724353939
1.6274398803
0.0275513492
0.4328358992
0.8654714241
-0.3367641029
-0.9710341058
0.5905010872
-1.6435011337
1.0692187299
-2.0343566771
2.1326187708
0.7020259023
0.5159976462
0.5384946137
0.0590260561
-1.2566821702
-0.8731871416
-0.4056296410
0.3962380406
-0.0477559374
1.4637294761
1.1335601020
0.1991359855
1.9276377912
1.5464327176
0.9662875422
-1.5263805770
-1.6932556813
1.3235967675
0.2661355060
0.1050933143
0.1565074526
0.2910424198
1.1018491000
-0.4091381181
-0.6193733323
-1.4242922518
1.0262780828
0.7256955796
-0.1274021422
-1.2570727890
-0.9579677471
2.3487405603
-1.0830346597
0.9883436863
0.5769042014
-0.6259185062
0.1303048627
2.1016954891
1.3043361766
1.2434750617
-2.1399621429
-0.4925075040
-0.0253286725
-0.2063468436
-1.8390620860
0.1980011059
1.0045909637
-1.0579723126
-1.3423015800
-0.9218587533
-0.2400493118
1.2971128330
1.0381540329
-0.0837104346
-0.4218483860
-0.9947908995
0.4284053918
0.7136468633
-0.3467576093
1.6236852529
-1.0911807167
-0.2975031927
-1.3461833435
-0.5523822395
-0.6839715771
-0.1254064572
-1.2917169253
0.4541603895
-0.3620534772
0.3802651308
0.7084343553
0.2933723932
0.7040135132
-0.0372875561
1.7113944206
-1.2518831946
2.1384117037
-0.2253249782
-0.4157953674
0.5289087327
-0.6708989831
1.8410432260
2.3808897347
-0.1529364251
