13 8 0.08
5 0 1 1 0 1 1 2 1 2 2
4 0 1 1 0 1 1 2 0
6 0 2 1 0 1 1 1 2 2 1 2 2
6 0 0 0 1 1 0 1 1 1 2 1 3
6 0 0 0 1 0 2 0 3 1 0 1 1
5 0 1 1 0 1 1 2 1 2 2
4 0 0 0 1 1 0 1 1
5 0 0 0 1 0 2 0 3 1 0
2 3
0 9
7 0
10 8
6 4
1 7
7 0
10 6
0 0 0 0 0 0 0 0 0 0 1 0 0
0 0 0 0 0 0 0 0 1 1 1 0 0
0 0 0 0 1 0 0 1 1 1 0 0 0
0 0 0 1 1 0 0 0 1 1 0 0 0
0 0 0 0 1 1 0 0 0 0 0 0 0
0 0 0 0 0 0 0 0 0 0 0 0 0
0 0 0 0 1 1 1 1 0 0 0 0 0
1 1 1 0 1 1 0 0 0 0 0 0 0
2 2 1 0 0 0 0 0 0 0 0 0 0
0 1 1 0 0 0 0 0 0 0 0 0 0
0 0 0 0 0 0 1 1 2 2 0 0 0
0 0 0 0 0 0 1 0 1 1 1 1 0
0 0 0 0 0 0 0 0 0 0 0 0 0
-0.1381358669
-0.2592453638
-0.4165771988
-1.5467516747
-0.9363345055
-0.0803725740
1.0843770592
0.7473415622
0.4547293954
1.1816765390
0.0463685213
-0.9146999784
-1.0587362334
0.1300664437
-0.5181927630
1.4186766975
-0.0747197217
0.9844921858
-1.6495942859
0.9466818751
-0.2725594316
0.3943265253
2.2906619813
0.7264530762
0.2734955356
0.2038245864
0.8003912850
-0.9808171936
0.4272963013
1.3321863730
-0.9170887140
0.1474876909
0.3232648323
0.1432010751
-2.1179019597
-0.6064053144
-1.3179620930
0.3698365617
-0.5930252927
0.3537119987
-0.2991740162
0.0391750271
0.1457806540
1.2939766323
-0.8823982141
0.9553974554
1.4741583412
-1.3205025027
-0.1014145951
0.1059301631
1.6513274651
-1.0947280636
0.8770565685
0.0853679748
-0.5652287737
-1.1208823499
1.6607753055
0.8505697301
0.7821356616
1.4619483883
-0.2408338211
-1.4053170438
-0.2308060310
-1.4455439318
0.3016462319
0.7378001623
-0.4441514949
-0.9497528537
0.7932361389
1.1961363909
0.3878694810
-0.4209200615
-1.5337130300
-0.0042140252
-0.9875863415
-0.1225720117
-0.9750340868
0.5371920578
-0.3586035684
1.6831549625
-0.3089693973
-0.0709516128
0.3548173285
-0.0831189555
-0.6785433598
-0.9803138287
-0.3247962391
-0.1498411697
0.2877387780
0.6839312357
0.4828499505
0.7972479850
-0.4350658614
-0.1622229376
-0.4111639929
0.5417696033
0.5231283822
-1.1910136293
-0.8445477444
-0.1627060697
-0.8864826440
-0.0837258844
-1.8801056779
-1.3806301521
0.7693452463
0.3177581567
-0.8008279315
0.3711383192
2.2062242570
0.8713078734
0.4642898811
0.5008364054
-0.9002598765
-0.4615695215
0.9767765853
-0.1013602739
-0.5372660825
0.3746035772
0.6046167261
0.5671387599
0.7751887181
0.5832398222
-1.4619165948
0.4631559076
0.7715609128
-0.6970323696
-0.9241664973
-0.1988265924
-0.5891334354
-0.6368159473
-0.0060158382
1.1904491940
-1.3311333992
-0.9630085427
-0.3584405567
1.1696823449
-1.1830012246
-1.5530062136
-1.4973949961
-0.3097103469
-0.1424894167
-1.0259900769
0.1342993012
0.3157867632
0.6596607056
0.4929318315
-0.4983401235
-0.8527996304
-0.8325905407
-0.8554563992
-0.5766445240
-0.4026718920
-0.2387682732
-0.8317190808
-0.3972749494
-0.1166285309
1.5478187490
0.6783169165
0.6390962669
0.0202601172
-0.2359375221
-0.0710705808
1.4004507634
0.5685928989
1.0207812596
-0.1930856043
-0.2937388887
1.5785806021
1.3700532681
0.2842066054
-0.1937695907
-0.3705546417
-1.2958346803
-1.9062123602
-0.5591327470
-0.7487150374
1.2033101932
-1.8055514714
0.3463516341
0.0737498539
0.5848185523
1.3721241747
1.3000240010
0.0428172809
0.0718332210
1.3189552643
0.1884375904
-0.9500843678
0.2835919816
0.1218144291
0.7978832791
0.3979603627
-0.1605043276
-0.9261907417
-0.8172195135
-1.4281786734
-1.2476023370
-0.7023683752
-0.0219921773
2.0072552205
-0.8106367128
-0.3245175429
1.1169436786
-0.0470258209
-0.4458813151
1.0311237266
-0.3586252267
0.8837019278
-0.9457396827
-0.7155929799
0.7572748240
-0.5528895609
0.3410859562
-0.5905114572
0.3774707150
2.1895693935
0.3194182450
0.3262076591
1.0223780498
-0.4256454883
0.9259332779
0.7692600583
0.6992286590
-0.5578535474
-0.4838170214
-0.5935066811
-1.6112887101
1.1360800439
-2.4017348514
1.2445658986
-0.2100560876
-0.2169720493
0.2712562348
0.4191507702
0.2025293736
-0.2072024580
-0.6646561122
-2.6954359717
-0.8564061221
1.3087984746
-0.4966152737
1.7801113193
-0.4420612887
-0.9475116944
-0.2731262547
1.0962594322
1.5747282458
-0.1452460003
-0.6835753652
0.7773682499
0.2669282365
0.6921569540
0.2133120300
0.9536714526
0.6817183634
0.2435808111
0.7667145587
0.6114549436
1.2826386560
0.1810379917
1.2305282077
0.9656019563
0.3006318327
0.3889183388
-0.2731749488
-1.9207418811
0.3831976735
0.5781692233
0.0359116566
-0.9733777772
-0.5587246358
1.1578473722
-1.7667626804
0.5350793025
0.5334015905
-0.0140675097
-1.0580575396
1.3890871114
-0.8442575748
1.0654637940
-0.0056326255
0.5915706592
-1.1424567421
1.0738708559
0.0256570199
-0.2471307097
0.1888995413
-0.8942530977
-0.2230542433
-2.2090468500
0.6717178463
0.6115501108
1.9826199000
0.4231555046
0.2102087602
-0.9352814206
1.2168486650
-1.2186614304
-0.0799993125
0.8555656863
-1.4944284496
-0.6285526751
-0.6682753164
0.0725347407
-1.2241036492
-0.6900217660
0.0669173922
0.3380602709
0.8288285097
-0.4627476459
-0.9612900835
-0.2129927992
0.9704323499
-0.5816198371
-1.3094878936
-1.5440558801
-0.8848312697
-0.3671173197
1.0715173177
0.5343916425
-1.9994385906
1.4757997459
-0.3526846129
0.8950711240
0.2025439164
-0.1606328310
0.4052453577
-0.8052944283
-1.9095266465
-1.1336686588
-1.9353085826
-0.4198900406
-1.0157689768
-0.4365857406
0.3652303576
0.1645205691
-0.1385725513
-1.4117475478
