16 11 0.20
5 0 0 0 1 1 0 2 0 2 1
6 0 0 1 0 2 0 3 0 3 1 4 0
6 0 2 1 0 1 1 1 2 2 0 2 1
6 0 0 1 0 1 1 1 2 2 2 2 3
6 0 0 0 1 0 2 0 3 0 4 1 2
5 0 0 0 1 0 2 0 3 1 1
6 0 1 1 0 1 1 2 0 2 1 3 1
4 0 2 1 0 1 1 1 2
6 0 0 0 1 0 2 1 1 1 2 2 1
6 0 3 1 0 1 1 1 2 1 3 1 4
5 0 0 1 0 1 1 2 1 2 2
11 8
4 11
5 6
1 7
3 8
5 5
10 4
4 4
13 12
2 11
4 1
0 0 0 0 0 0 0 0 0 0 0 0 0 0 0 0
0 0 0 0 0 0 0 1 0 0 0 0 0 0 0 0
0 0 0 0 0 0 0 1 1 1 0 0 0 0 1 0
0 0 0 0 0 0 0 0 1 2 2 2 2 1 1 1
0 1 0 0 0 0 1 0 0 0 1 1 0 0 0 0
0 1 1 0 1 2 2 1 2 0 0 1 0 0 0 0
0 0 1 1 0 0 2 1 1 0 0 1 0 0 0 0
0 0 0 0 0 0 1 1 0 0 0 1 1 0 0 0
0 0 0 0 0 0 0 0 0 0 0 1 0 0 0 0
0 0 0 0 0 0 0 0 0 0 0 0 0 0 0 0
0 0 0 0 0 1 0 0 0 0 0 0 0 0 0 0
0 0 0 0 1 1 0 0 1 1 0 0 0 0 0 0
0 0 0 0 1 1 0 0 1 0 0 0 0 0 0 0
0 0 0 0 0 1 0 0 1 1 0 0 1 1 1 0
0 0 0 0 0 0 0 0 0 0 0 0 0 1 1 0
0 0 0 0 0 0 0 0 0 0 0 0 0 1 0 0
0.5624049500
-0.4666158016
-0.1022446191
-1.0197998150
0.2739220868
1.0848962338
-0.9010639818
-0.3077356098
0.7164134559
0.5900963471
1.3001971372
1.5172448344
0.0431243801
-2.1816537592
-0.2502339249
0.7348768557
1.8199913918
1.2509135420
1.0717898007
0.8947049274
-0.5691247067
0.3188227981
-0.4959831054
-0.8882388919
-0.0239256918
-1.0892918369
0.9153967475
0.8912797890
-1.0095910792
0.3771320627
-1.5526763086
-0.0513650991
0.6657530370
0.2730046696
-3.0173917618
-2.7685617319
-1.2831227010
0.0258195403
0.1427017744
-1.4123988708
1.2464835895
0.6897213395
-0.1383133109
-0.6637844396
-3.2604770446
0.4898769406
0.5453742107
-0.1098381998
-1.5111692508
-0.0116382387
-1.3005611782
1.1670433886
-0.3681937487
1.1997507618
0.5182419043
-1.0821745526
-0.0133427590
-0.5625023571
-0.0213728854
0.1957622725
0.5615339561
-0.2229017089
0.9994671478
1.0272428013
0.0202836788
-0.4590306517
0.2822054653
-1.5681227669
1.3519263858
1.1302817895
0.0713647650
0.2380604560
-0.7215081582
1.3058854405
0.5220730614
0.4355008297
0.9573031318
0.8365235366
-2.0569717633
-3.1258263790
-0.3352219695
-0.1964058373
-0.5185166904
0.3965756050
-1.9834407456
-1.1665865987
0.2751184527
0.6867813812
0.2414916741
0.2693947700
-0.5514067321
0.8432112198
0.6579553705
-0.6268688406
0.2942690326
-0.7821950853
-0.1852819524
0.2875190370
0.0833930033
-1.6706762402
1.5631920555
1.5561916853
-0.9882746643
-0.5083022542
1.1650278267
0.8660334114
0.3331142136
-0.9457018365
0.0049205369
1.0188122115
-0.6737634729
-0.2051091380
-1.2998043453
-0.7723922589
1.2263799089
0.5457109417
1.0377108242
0.1494912806
1.2777190925
1.2044493121
-0.9087568146
0.2063823405
-1.7790922788
-1.3999588739
0.1337830191
0.6362549270
-1.3832351563
0.3648016408
0.9649161668
-0.3348390319
1.4588698711
-0.9731958373
-0.5580370585
0.0586892013
0.6375958067
0.6907376159
-0.1425271854
0.8022361190
0.6450839947
0.2886602489
0.6879185930
-2.0035881685
-1.3214154936
-0.1499665970
-3.1270337912
-1.0690716649
-0.0190928019
0.2649080346
0.9551035759
-1.0861141233
-0.3499002104
0.5691712069
-0.3773941115
-0.3364267530
-1.8176753589
1.1469688308
-0.5381420789
0.1923217991
-0.9824351823
1.0534408492
-0.0970660333
-0.7093923132
-1.2095619256
-0.3394186499
-0.0783084431
-1.4178496375
-0.8717878580
-0.5831321352
0.3749419403
0.8033370945
-0.1706721183
-0.6437260351
-1.0664724372
-1.8189687963
0.0465705659
-0.6966864321
-0.6708946063
0.2248273941
1.5894974403
0.8759652397
-1.0373726127
0.2438642968
0.2333113839
0.3197746781
-0.6370177694
0.3236217359
-0.0344786435
0.7923955762
-0.0711692292
-0.9452626156
1.6215376844
-0.8523938489
0.3915424539
1.9982493503
1.2941079921
0.1485729908
-0.4200517022
0.6499492045
-0.5929553455
-0.5459395178
-0.1312474294
-0.9253173064
0.0336473207
-0.5214332326
-0.7208998696
1.7659300710
0.6277793533
-0.0911495889
0.5394932106
-0.0119008823
-1.1246367600
1.4717695549
0.2211769516
-2.1434112855
-0.7244164519
-0.3101114440
1.7433784489
-0.0196337053
0.2491784723
1.3022928764
0.2320023618
-1.9086904798
0.6597540275
0.2136565164
0.3692855142
-1.2060114182
-0.5966884140
0.5265224163
-0.1652337116
-0.5768056875
-0.1132843225
-0.8015422017
0.5554016463
-0.6401890747
-0.4125741563
0.4181777291
-0.0204986220
-0.5997760263
-1.3361746485
1.0434853604
-1.9686676995
0.3859068561
0.1755338492
-1.3425297277
1.0920223598
1.3542007620
0.7473967986
0.5764647497
-0.5401711526
-0.5526925382
1.4682119182
-0.6504817508
0.0153273223
-0.0335812477
-0.4745362968
0.2973767334
0.9714870583
-0.5586103027
0.6368735700
-0.4237088019
1.9528015611
0.8497084671
0.3054740413
0.2273305943
-0.0473206430
-0.7286218493
1.2323439166
-0.1075306235
1.3712911671
0.6614456887
1.1325976849
0.5083510857
0.3781744142
0.5210459124
-3.5185682172
-0.9519100663
-0.9256368491
2.1253739933
2.4787779617
2.7929027611
0.3489389483
-0.0578982032
-1.8701546612
-0.1418186927
-0.3415607096
0.8869783206
0.1445253325
1.9701805619
0.5429500282
0.3643025628
1.1419354094
-1.0885143660
2.6637637431
-0.0890544023
-0.5910204688
0.1114756087
1.1834741140
0.5858844468
1.2464286442
0.3456896204
-0.0462454375
0.3961255119
0.1787242987
1.1349532186
1.4005274532
-1.1755388501
-0.9350016033
0.7449410988
-0.5594524177
0.6575468524
0.2569192481
1.0089420137
-0.2010182753
0.9725722126
-1.4046027137
-0.7179382093
0.7309684950
-1.1367780518
-2.0140272331
-0.7374058526
-0.1030715159
-0.5846804546
-1.5379385978
-0.0942785502
0.8698648115
0.4687388954
0.6903902215
0.6314756083
-0.5457209295
-2.6434104335
-0.0623321877
-0.8630065040
0.4670327145
-0.9741226457
0.0890323555
-1.1185091545
0.5277747838
-1.4142653868
1.2792905188
1.0164049776
-0.2981703613
1.7886044768
-1.6239272088
-0.7109697128
-0.1091589676
0.5396204245
1.7903820749
-1.7318824762
-1.0242044525
-1.6915429048
0.5131702308
0.6930607840
-0.6780316664
0.1058301863
-0.6180275923
-0.7289671082
1.5105874151
-0.2271056545
1.6614014824
1.3740947740
-1.2311324895
-1.3930335193
0.9529191898
0.5971807221
0.1825934141
0.5420880714
0.1354660149
0.3491317254
-1.2630572151
-0.3379011201
-0.4692645862
1.3045009543
-1.5007731452
0.4895602078
0.8706088835
-0.6851930334
2.0469897848
-0.4015263911
1.2078675850
0.8398588819
-1.6098668336
1.0411312875
-0.2547943342
-0.4804839027
0.8591452941
0.7510420796
0.5479663963
0.3724804593
0.3979344876
0.2421399723
-0.6677978430
0.5240532056
-0.2753242365
0.5555982000
0.9051947466
0.6673405761
-0.3618225803
0.1743153681
-0.2440144945
0.5730211737
-1.6090368050
-1.0026038728
-1.7686672078
-0.4699863088
-1.8962405646
0.2731441199
0.5057589315
-0.0241339118
1.6312659339
2.0423947121
0.4149604331
-0.1072989263
-0.1708319529
0.0277687484
-0.0501090507
-0.4406888094
0.1693391426
0.7271729233
-0.7565008784
0.8030223477
-0.8796128368
0.6623943244
0.2936625837
1.1459573739
0.9346345471
0.2830789884
-0.8183995476
-0.8540518021
0.6254742442
-1.4334266342
0.0303345131
0.1589755996
0.0279828175
0.0530568809
0.2768863630
1.6608131125
2.3445304095
-0.7051324088
0.3784160321
0.4385738842
0.0988558068
1.3554428895
0.6654179933
0.1010245467
-0.2170096384
0.1940374588
-0.4089660129
-0.0966295023
0.4483843900
-0.8001126353
0.5486469921
0.1629149696
-1.3168106174
-1.4397469056
-1.0766434666
0.4475044157
0.5640483033
-1.0100273991
0.8402733889
0.2325636483
0.2143012370
-0.6491540638
-0.4431209768
0.8473686310
1.4499089932
-1.1415398749
-0.0552110583
-1.2935557716
0.8802763226
-0.4545211271
0.1227892272
0.4319689827
-0.2689517100
1.2687768146
0.0664359466
-0.4425780820
0.6378981049
-0.2420378367
-0.5208945485
-1.3092084815
1.0547042888
0.1450106308
0.5324921631
-0.5947993594
-0.4565423538
-0.8979505630
0.5966675356
-0.3712877037
-0.2961475911
0.8262829593
1.2191332649
1.4015284774
-0.6471648876
-1.1662397732
-0.5815617522
0.7887782202
0.6164729310
0.2147585804
-0.2559080251
0.0694170615
1.2102272045
0.6607327502
-0.5950172138
-0.9723552223
-2.0639555140
0.6647149646
-0.4746003369
0.9463386594
0.1423928117
-0.4166598677
0.8157128659
-0.6934870523
