10 2 0.18
17 0 2 0 3 0 4 1 0 1 1 1 2 2 1 2 2 2 3 2 4 3 2 3 4 4 2 4 3 5 1 5 2 6 1
18 0 2 0 3 1 0 1 1 1 3 1 4 2 1 2 2 2 3 2 4 2 5 3 1 3 2 3 3 3 4 4 2 4 3 5 2
0 5
0 0
0 0 1 1 0 0 0 1 1 1
1 1 0 1 1 1 1 1 0 0
0 1 1 1 1 1 1 1 1 1
0 1 1 1 1 0 0 1 0 1
0 0 1 1 0 0 0 1 1 0
0 0 1 0 0 0 1 1 0 0
0 0 0 0 0 0 1 0 0 0
0 0 0 0 0 0 0 0 0 0
0 0 0 0 0 0 0 0 0 0
0 0 0 0 0 0 0 0 0 0
-0.2637758334
-0.1150973764
0.3237174028
0.7008306078
0.0816679635
-0.6226572635
0.7429017322
-0.0347125321
1.0086407022
0.9108843109
-0.1674637338
0.0894523167
-0.0354102081
0.4906561301
1.0746435106
1.6812205222
-1.1986029076
0.4239042719
0.6333314755
-0.1105925990
-0.8780321816
-0.8092054062
-1.1183420591
-3.2630599954
-1.1341656260
1.3283341362
1.8240949055
-0.9301177605
0.4846552467
2.2833542738
0.7357138035
-0.6366094466
0.0805771127
-1.2567184068
-0.5842796051
-0.6892859721
-0.4346534841
-0.5221022819
-0.1675069184
1.1820383483
0.1036464017
0.1040715033
-0.8262551027
1.0102739386
0.0272322106
0.2501288337
0.4903014054
-1.9430515460
0.3385495952
0.2699800034
-0.3615731581
-0.1450204240
-0.9416530713
-0.2687242414
-0.0921773781
0.6301368509
-0.5674128315
-0.6377097963
0.5857659429
-1.3315461295
0.4543947879
-0.4359402556
-0.0347140230
0.3526703397
0.2246646280
-0.4777541633
0.5865004031
-1.1409429436
2.1998484923
-0.4995823251
-0.7136432736
0.8512995106
1.8507391205
-1.0231118270
1.0573712164
1.3135572773
-0.0518465362
-1.0688875945
0.3007353894
-0.1684541889
0.1071586500
1.4332447417
-0.9159895085
-1.8742041514
-1.5459310059
0.1618215531
2.5262200659
0.4129901200
0.4089752614
3.0537102635
-0.2891674834
-0.2902574309
-0.8053913464
0.1029599013
0.1341905736
-1.6324345461
-0.6214707216
-0.0291051099
0.1213055594
1.2573542686
-0.9643311729
-0.4818899743
-0.2199853348
0.2977230182
-0.5595245284
-0.1549298359
0.6112912159
-1.2655482034
1.4197042782
-0.0325142841
0.3724552720
-1.4223400604
-0.0908573924
-0.3485657952
-0.6055133013
-0.2909632620
1.1459552696
-0.0006048162
-1.5257650894
0.3019947949
2.2183684922
1.0690372290
-2.7267487431
0.1106025708
0.2888810922
0.8785308473
-1.1489673765
0.5058701494
-1.2232372394
-1.0056951095
0.0510939482
0.6824384634
-0.7988695776
-0.9338683020
1.3549062904
0.8142780442
-1.0527624727
-0.7643115148
-1.0071795245
-0.3638625661
-0.3602380531
-0.9663513396
-0.0877848184
0.1421546357
-1.0112430418
0.2044893981
0.7966833891
0.9654779482
0.1816762340
0.6039021453
0.2588395216
-0.1936723169
0.1036525614
-0.2860693637
-1.3143396184
0.9341659361
1.0859206005
-0.2687186379
-0.1007832422
0.7765173777
-0.6611982553
-0.6188483620
-0.6522962203
-0.6209531341
2.3358762358
-2.6407132375
1.0520285830
0.6343592463
-1.1912095168
0.9019713464
0.8340120640
1.1744682909
-0.2712565102
-0.5884989792
0.9318728050
1.3611997645
2.0361805596
0.7596913969
-0.2669157502
-2.2673654743
-0.5273910138
0.0227977982
-0.4179266016
-0.1141143855
-0.0891789418
0.1423767265
-0.3268298752
1.0460927556
0.9368645337
-0.1983362069
0.3439342302
-0.6858540363
0.9333222031
-0.5450521532
-1.4568126273
0.8735138254
-0.8265568003
-0.3037580576
-1.5400985969
-1.5699840160
