16 5 0.02
12 0 3 0 4 0 5 1 2 1 3 1 4 2 0 2 1 2 2 2 3 3 1 3 2
11 0 0 1 0 1 1 1 3 2 0 2 1 2 2 2 3 2 4 3 1 3 3
11 0 2 1 1 1 2 1 3 2 0 2 1 2 2 2 3 2 4 3 1 3 3
10 0 1 0 2 0 3 1 0 1 1 1 2 2 0 2 1 2 2 3 1
14 0 4 1 0 1 1 1 3 1 4 1 5 2 1 2 2 2 3 2 4 2 5 2 6 3 1 4 1
7 6
4 0
1 8
7 9
10 8
0 0 0 0 0 0 0 0 0 0 0 0 0 0 0 0
0 0 0 0 0 0 0 0 0 0 1 0 0 0 0 0
0 0 0 0 0 0 0 0 0 1 1 1 0 0 0 0
0 0 0 0 0 0 0 0 1 1 1 1 1 0 0 0
1 0 0 0 0 0 0 0 0 1 0 1 0 0 0 0
1 1 0 1 0 0 0 0 0 0 0 0 0 0 0 0
1 1 1 1 1 0 0 0 0 0 0 0 0 0 0 0
0 1 0 1 0 0 0 0 0 1 2 2 1 0 0 0
0 0 0 0 0 0 0 0 1 2 2 1 0 0 0 0
0 0 0 0 0 0 1 1 1 2 1 1 0 0 0 0
0 0 0 0 0 0 0 1 1 0 1 0 1 0 0 0
0 0 0 0 0 0 0 0 1 1 0 1 1 1 0 0
0 0 0 0 0 0 0 0 0 1 1 1 1 1 1 0
0 0 0 0 0 0 0 0 0 1 0 0 0 0 0 0
0 0 0 0 0 0 0 0 0 1 0 0 0 0 0 0
0 0 0 0 0 0 0 0 0 0 0 0 0 0 0 0
0.0285837252
-1.7179505600
0.2748663055
-1.5590558637
-0.3299870351
-1.0274008908
-0.8098425638
0.1760185451
0.7193673857
0.7855415691
1.1674396400
2.5846127435
-0.4379895143
-0.5204156461
-1.4148723160
0.7117475207
1.0168832605
-0.6743651953
1.1037570866
-0.1915965715
1.0575166834
-1.4154229668
0.5335245457
0.9947888676
0.5937539105
-0.5966622873
1.5546411511
0.4079337923
-0.2873407101
1.0500736069
0.0995019192
0.0970006288
-1.3879521431
-0.6568784205
1.4958563108
0.3208269183
-0.0324323632
0.6785161291
1.8840300928
-0.1280740524
0.6658584319
-0.8089212004
1.1896703493
-0.3609652828
0.2422714787
-1.4753499189
1.5115257747
0.6281633881
0.3690698856
-0.6907903217
1.8815436955
-1.3890531112
0.3922637118
0.0518300350
-0.8143983374
0.9415166433
-1.7271102859
-1.4090337262
-1.5879870290
0.1555348518
0.2350735099
0.4068750675
-0.2887048917
-0.0277080084
-0.6046748257
-0.8760327112
0.8467080158
-0.2411233815
1.1292325197
-1.1086507689
0.9260381904
0.8688976795
-0.3547096889
-0.7789144543
1.0592330405
0.6910205588
-1.3403684759
0.5461787646
1.4010312670
-1.3377841831
1.3173620971
1.5348981413
-0.3478914985
0.2356900472
-0.4782406523
-0.3494709264
0.9840280079
0.6041362511
0.4263175485
-0.0554146130
0.8468391296
0.5352862135
-0.6314754591
-0.8245060607
-0.2446524608
-0.9379059211
-1.2768001124
-0.1799600869
-1.9665198022
1.1807720790
2.7284604750
0.4573730877
-0.8221234565
-0.2352546943
-0.1669531592
0.6574575959
0.2627856884
-0.4207751082
1.3936639669
-0.1128240080
0.0059382220
-0.7235623727
-1.1117271707
-0.6607616034
1.0955398210
-0.7817234811
0.7726036406
-0.4074827535
2.2960523754
0.7009188416
0.3383134922
0.3140859281
-0.3584478526
-1.5985837268
0.7872203277
0.9163757458
0.3901014842
-1.7977822939
-1.5887539272
-1.1119394322
0.0409698433
-0.7170565847
-1.2607600079
-0.0915181712
0.1312400364
0.2469919401
-0.5841759045
0.6828161352
0.3099338278
0.7982169907
-1.1626040724
-1.0536808129
-1.5972378228
-0.7695450047
-0.9359076369
-0.3305719830
0.5488191280
-0.7118611727
0.0243846421
0.9548425323
1.0038710942
-1.7723402401
0.3704401311
0.7532316415
-0.4509676144
-0.9182165969
0.1009166964
0.8800078526
0.8884889469
0.5686542370
0.4775678814
-1.3422106161
-0.6073062775
0.5798511835
0.4172223607
0.0461397661
0.4229002871
0.7697350387
0.4462522528
0.6975158936
-0.6198210319
0.0064411879
0.2401555539
0.0555932149
-0.4455384257
-0.3819084425
-0.2256184252
-2.1170727432
-0.5495042167
0.0086460703
0.0739043634
0.3193035892
0.8911419558
1.0336488453
1.0267949798
0.2860265420
-0.6889085168
-0.6642924452
-0.0165053302
0.1792642238
0.5886685841
-0.0791186984
1.4926629850
-0.2910423413
0.9543260983
-0.5852626001
0.0922706385
-1.2248346864
-1.1123049539
0.5891360943
0.7147372983
0.7139287494
0.3705578707
1.4203085287
-0.0642064318
-0.4619058786
0.6958139116
0.0372045127
-0.1562132612
-0.9715427863
-0.8558825292
-1.6553570664
0.3314527754
1.2671836196
0.8485667411
0.7150113159
0.7229081566
-1.0680582994
-1.5375846319
-0.1454161168
0.9522966735
1.5694385934
-0.1943291252
0.8379871686
-0.4880265803
-0.2682715849
0.3514269763
0.2088770083
-1.0462442898
-0.3645098054
1.4652537429
-0.3114311771
1.3902284414
0.0969032787
-0.0441527744
-0.1197842314
0.6620069654
0.6180496254
-1.2409430472
0.3292523187
-0.4449826120
0.9222272175
1.1076700922
1.8918354043
0.2774479863
0.0238750754
-1.3889585592
-1.3298687827
0.1739065290
1.5023784648
1.2519655304
0.5275191968
0.4208223034
0.3424761039
0.3203477796
-1.0576280769
1.2652937865
-0.0505471076
-0.7045982499
1.5033704942
0.3407800453
0.7622359770
0.2734032200
0.0778296150
0.6463408173
-0.5210679880
-1.5187976211
-0.1499114651
0.6354605215
0.6018376233
-0.6251245905
0.9102281770
-0.3912694572
-0.3381620582
1.3255212908
0.4263454138
1.1396042439
-1.6840116294
-0.6937802459
-0.3043207270
-1.2308548076
-0.4813918311
0.1436940648
-0.7561215278
0.6679021302
1.0644319236
-0.9359749044
-0.8077929755
-0.0330706421
-0.1948123484
-1.4507040665
1.2069649281
-0.5893017598
0.3768093565
0.1132364901
0.7850340811
0.6249296153
-0.2848208266
-0.4030077294
1.9919657639
-0.9585671667
-1.8335412691
1.1988384608
0.2381212805
0.8449156001
0.4890992610
-0.8465813831
-0.7409936103
-0.2639706616
-0.0045103258
-1.0832355624
-0.5246303297
0.1236248444
-0.1944483438
-1.0794197970
-0.5639944572
-1.2429191214
0.0584915942
-0.3522443569
-1.1535628283
1.6702699683
-0.8864282071
0.3776381385
-0.4965860736
1.0435119441
0.7233451283
0.2436998735
-0.6781505021
-0.2233517464
-2.9548800035
-1.3107704378
-1.1990886596
-0.7379301064
1.3735180069
-1.1537574758
-1.1205402239
-1.2996166977
0.6025469668
-0.3967206316
-0.9465926500
-1.4658901989
-1.6926049308
-1.6258374147
0.0478654375
-0.9162862744
0.5073208338
-2.3473475201
-0.7503551633
-0.1284241843
-0.4443708901
0.2992062837
-0.7611434099
0.8566994273
-0.3907524620
0.2170155537
0.4426409534
1.0163319094
2.3139240047
-0.1795579950
1.7663230217
0.3977071035
-0.9017603527
0.7500394460
0.1376541871
-0.7721367620
0.2575731239
-2.7626146619
0.5531699555
-0.5234742198
1.3206426029
-0.5199528711
-0.4093433760
-0.3838859870
0.9087907046
0.3629459963
1.5955993673
-0.1156511000
0.0108013355
1.1876907013
1.2055495334
-0.3380104884
-0.4913960876
-2.2174168502
-0.3300469470
0.4124371656
-0.5419346641
0.1698869386
-0.9623489860
-1.0047275604
0.4140378973
0.8772335823
-0.3065743849
-0.4820054558
1.1690726455
-0.2333378810
0.0133681417
0.0463401564
-1.6582734207
0.1327764250
-1.2925305106
-0.5287808865
-0.3786018316
-0.8200871184
-2.0543248408
3.3223941371
-0.6172217974
-1.3886740438
-0.2274488815
0.7173375514
-0.3739239042
2.1587775625
1.0456805272
-0.6815765205
0.0267742253
1.4247623589
0.0196491067
-0.1673270738
-0.2686826109
0.6518261632
0.1071890817
-0.2899528175
-0.9946980182
-1.1735407348
-1.5340146159
-0.6145157060
-1.5878838167
-0.3395224157
0.1643451158
-0.3738853659
1.0851335430
0.0965675976
-0.6813285446
-0.2105336961
0.4657028779
-0.7961302576
0.1966980202
-1.4346067996
1.1442888490
-0.0678251102
0.2955993676
-0.1382451813
0.4403612157
-0.2204797975
0.5069911013
0.4823656391
1.6589025136
0.3624183205
0.6012037818
-0.8489227269
1.0994967289
-0.7737919911
0.6143828659
-1.1235663725
0.2520621207
1.0373029367
-0.2248032463
0.8677746120
-0.1071382284
3.1050345223
0.6487654222
0.5963471498
1.2411927274
0.4837611561
-1.7908668386
-0.6817953068
-0.6361045036
0.0675214578
1.3184111377
0.0958991884
0.5366555287
0.0528728908
1.0467596651
0.2035492688
0.9084824277
-0.2131324848
-0.8571883521
-0.9184436575
0.4948255740
-0.3303993020
0.5090679110
0.1577446662
-0.0884872724
1.1368546506
-1.3798810684
-0.9244705840
0.0610050309
-0.7051553977
-0.8012976385
0.8583238870
1.6426155641
-1.6254008396
-0.7807370844
0.9153418540
0.2296223479
-0.3490038794
-0.8011144455
1.0387544477
-0.0204494065
-0.6677515816
-1.8665084394
-1.9646701117
0.1201500141
0.1375867218
-1.2786125547
-2.3747486689
0.2888203359
0.0017223552
0.7140281347
-0.8899357391
0.6712669580
-0.6836179883
1.0711423461
