19 10 0.17
7 0 1 0 2 1 0 1 1 1 2 2 2 2 3
7 0 1 0 2 1 2 2 0 2 1 2 2 3 2
10 0 1 1 1 1 2 1 3 2 0 2 1 2 2 2 3 3 2 3 3
8 0 0 1 0 1 1 1 2 1 3 1 4 2 1 2 2
7 0 0 0 1 1 0 1 1 1 2 2 0 2 1
9 0 1 1 0 1 1 1 2 2 1 2 2 2 3 3 2 4 2
10 0 1 1 1 2 0 2 1 2 2 3 1 3 2 4 0 4 1 5 1
8 0 0 0 1 1 0 1 1 1 2 2 1 2 2 3 1
7 0 0 0 1 1 1 1 2 2 2 2 3 2 4
9 0 1 0 2 1 0 1 1 2 1 3 0 3 1 4 1 4 2
5 14
2 10
9 15
0 6
4 3
2 4
0 11
13 12
0 0
14 9
1 1 0 0 0 0 1 0 0 0 0 0 1 0 0 0 0 0 0
0 1 1 0 0 0 1 1 1 1 1 0 1 0 0 0 0 0 0
0 0 1 1 1 1 0 1 1 0 0 2 2 1 0 0 0 0 0
0 0 0 0 1 1 1 0 0 0 0 0 2 1 0 0 0 0 0
0 0 0 1 1 1 1 1 0 0 1 2 2 0 0 0 0 0 0
0 0 0 1 1 1 1 0 0 0 0 0 2 0 0 1 1 0 0
0 0 0 1 1 0 1 0 0 0 0 0 0 0 1 1 1 0 0
0 0 0 0 0 0 0 0 0 0 0 0 0 0 0 0 1 1 0
0 0 0 0 0 0 0 0 0 0 0 0 0 0 0 0 0 0 0
0 0 0 0 0 0 0 0 0 0 0 0 0 0 0 0 1 0 0
0 0 0 0 0 0 0 0 0 0 0 0 0 0 0 0 1 1 1
0 0 0 0 0 0 0 0 0 0 0 0 0 0 0 1 1 1 1
0 0 0 0 0 0 0 0 0 0 0 0 0 0 0 0 0 1 1
0 0 0 0 0 0 0 0 0 0 0 0 1 1 0 0 0 0 0
0 0 0 0 0 0 0 0 0 0 1 1 1 1 1 0 0 0 0
0 0 0 0 0 0 0 0 0 1 1 0 0 1 1 0 0 0 0
0 0 0 0 0 0 0 0 0 0 1 0 0 1 0 0 0 0 0
0 0 0 0 0 0 0 0 0 1 1 0 0 0 0 0 0 0 0
0 0 0 0 0 0 0 0 0 0 1 1 0 0 0 0 0 0 0
-0.3108129220
1.2602502941
0.3541165065
0.4400134363
-0.6640045159
1.1205236129
1.2701731431
-0.9652946022
-0.2664350320
0.2205825221
-0.3212874613
0.7157697560
-1.2083802699
-1.0852735814
-0.4154235032
-0.7949245842
0.3652727801
-0.2260406953
-1.6326730967
-0.7929771991
0.1084752151
1.4972045796
0.8989807313
-1.3770577127
-0.2806192530
0.8301916204
1.0827776990
1.0009767803
1.3224427684
1.6806352615
0.3072469281
1.2572346351
0.0329177349
0.2338912178
-1.4490643341
-1.6081738557
-0.3999537817
1.5853642138
-0.1120855855
-1.7142388079
-0.0741084837
0.9100277553
-0.7261417371
0.6844232985
1.8555090111
0.1542418482
-0.1959004854
-1.1206940872
-1.1048692300
-0.5090661945
-0.2652900384
-1.6295384111
-1.0445113994
0.8686599173
-0.2551745726
-0.4628273464
0.6690838143
0.0024579705
1.2524356560
0.8562475176
0.5043064961
0.7895281897
-1.2864103511
-0.0439756752
0.5856549831
0.2172643649
-1.8979391028
-0.2242948418
0.0431249178
1.0224255958
-0.1943208365
0.3961361399
0.2013428369
-0.1471676057
-1.9148857742
-0.8329771245
0.3206814575
-0.1893616350
0.0101337755
2.0991305149
-1.8794964878
-0.1273957779
0.4891952111
-1.2582557702
0.1846813093
-0.0718413275
0.7143365805
0.5487075368
-0.5320767579
0.8025000297
0.7274151813
-0.2587974795
0.8584901919
1.7852576988
0.2646828227
-0.5245797036
-0.5509580937
-0.8782387975
0.7944506464
-1.3465785504
0.5538286544
-0.5922320445
-0.7740778332
0.2119698948
1.6705604293
0.7089048751
0.6095841671
0.6220300213
2.3236423179
1.0152914726
0.4823711174
0.3950527737
-2.7809112632
-1.6724767026
-0.4279821176
0.5029330933
0.7554102420
0.5714883936
-1.0281594602
-0.7077442918
-1.3098101548
-0.8330654092
-0.4289611631
-0.7569218846
-0.5316934731
-0.7960927350
1.2626797808
-2.1323539461
0.9620922672
0.6065929581
1.6302366361
-0.3076374287
0.7465376299
0.5545898693
0.2640284028
0.0580057252
-0.1284446596
-0.3433519036
-0.5686790880
-0.2124457862
-0.5413972100
-0.5195293585
-2.6813773008
-0.6246246043
1.8179466085
-0.0645586100
-0.7971939298
0.3567912170
0.0631233745
-0.0805370588
-1.3877511665
-0.4799521574
1.1931698197
-1.6280622593
-1.6284044550
0.0772946994
-0.1300064339
0.2088936415
-0.0619866564
-1.1793317884
1.0706171811
-0.0353491952
-0.2162555216
2.5404616461
-0.4584897392
0.2340603971
2.2130109269
-0.7938421931
-0.3696154832
-0.0933072698
-0.1557730865
1.4636866026
0.4728826795
-0.2422468320
0.0293273942
-0.0626208674
-0.2932970297
0.0452207187
-0.3467432588
-0.0394506095
-0.3469918332
-0.7344581349
1.7698574038
1.1643046110
-0.1319441358
-1.2740239443
-0.5700081957
1.1655216407
0.2315706392
-0.3653222779
0.8867015105
0.7754371558
0.3118664534
-0.0981059956
0.7964412326
2.0518857311
0.8846578944
1.1459804571
0.4867128764
1.9734612346
-0.2146230115
-0.8644664208
0.3210935200
1.3150688014
0.7915800766
-1.0649458710
0.4581846631
0.0740939769
1.5461641374
0.9340433920
-0.1765625043
-0.1040344242
-0.2035778315
-1.0216294002
-0.7438167774
0.2729768475
-0.5961122107
0.2063149802
0.1812787941
0.1379136362
-1.9749565020
-0.4655714658
-1.9257254390
0.4853027914
-0.5522407166
0.3677791692
0.1151348493
-0.2839979305
-0.3500032647
-1.5317237644
0.5930198325
-0.1568732101
1.1307492581
-1.6941528978
-1.5004574435
-0.0312881613
0.3242188087
0.6077835919
-0.9942470731
1.0424433497
0.5198693460
-1.4059817694
1.0622550606
1.3417888745
-0.2368450751
-1.0845115835
-0.1848759529
0.2008440115
-0.0865482651
-1.2680177190
-0.8309914382
0.9493405380
-0.1742146043
-0.6884189621
-0.7675355112
0.0641876033
-1.4681587282
0.6089391459
0.4136434359
-0.2931200828
0.0369915060
0.4178591644
-0.3503637260
-0.2858621192
2.7314505970
0.0896002576
0.7478355965
-0.2641037748
-0.2746530494
0.8705773040
-1.7208887607
-0.5995206115
-1.1926006826
1.1270427253
0.8234637094
0.8874163348
1.1414855507
-1.5437523686
-1.7222136258
-0.3053396477
1.1573167974
0.1595474660
3.1488001424
-0.4886137937
0.2840760382
-0.3711738379
0.4519313510
-0.2451106268
-0.5133933055
-0.1790363760
-0.3314686286
0.9520910167
0.5295061919
-0.1254825131
0.4216361942
2.2092588315
1.9768359632
-0.7453620842
2.6919236488
-0.6490448852
0.5991514660
-1.4364990410
0.4809997264
-0.3573880127
2.2834620060
0.3818149023
-0.4785791365
1.5634399436
1.5561028777
-0.4236621069
0.2876436617
0.1325699549
-0.2494127993
-0.2032406636
-0.1146143632
-0.4269785056
0.0839191126
-0.2159927151
0.6226736378
-0.5087256770
0.0804281041
1.7353278955
0.6371268088
-0.4827585619
-0.6444801149
0.4880835742
0.8116798509
0.9904520608
0.4221418983
-0.8026560298
-0.2795785368
-0.6922389146
-1.7791775027
-0.1686176554
-1.2107401430
-0.1254532575
-0.0153392128
0.0577004004
0.0241941704
-0.4122602191
1.8660359614
1.8264712142
1.8356451505
0.1766325869
-0.3629947517
-0.5665040131
-0.8322963648
0.5270691934
-1.7759025380
-1.6056550319
0.4208187864
-0.6262764243
-0.8131557441
-0.5419790338
0.5100602903
-0.2196677969
-0.5174964424
1.0346846087
1.0607605350
-0.1078107952
-0.0559814078
1.3844397270
0.1935156844
2.2631151953
-0.1668103649
-0.3752025525
0.4896037170
-0.1057253408
0.1000043476
1.4701380438
0.0079587360
1.7658474405
-0.2324147054
-1.6318911365
-0.7826656049
-1.2995719462
-0.0479215105
-0.7579955639
-1.4470792646
-0.6205888531
-1.4334175160
0.0433719544
-0.4653237342
0.1104177552
0.2796428089
-0.5854517807
1.0922453828
-0.1599913887
-0.1826687270
0.9955050443
-1.5414848155
-1.6712144469
-0.4399371753
-0.4408694417
0.3648201270
-0.0425839788
-0.3425992000
-0.1698247455
2.1539964798
-0.4938842414
0.0707926616
-1.4829876506
0.8123728459
-1.8948820090
-0.2813726562
1.1894573536
0.4888094885
0.2746978594
0.2619684620
0.1926358767
-0.6741017133
1.1228334563
0.1092546512
-0.4615908951
-0.5211458414
-1.4427915564
-0.1286300328
-0.6475814870
-1.7837467067
-0.7090258743
-0.7256285979
0.5683343999
-0.6761615240
1.4239889594
0.0074003550
-0.5019819259
2.0640467091
0.4716082856
-0.7783361876
0.3973712846
-1.6474428647
-1.2002591078
-0.0914207535
0.4155650365
-0.3852892854
0.4785126414
0.1011921990
-1.5840608133
0.0037243084
-0.9498504768
-0.2778509910
-0.7119899749
-0.3500452185
0.0382742974
0.1193016644
1.1656333671
-1.5780151482
0.0548122562
0.3537309557
-0.0658946703
-0.4586918954
1.6448623841
-1.1136639202
0.8031182685
-0.7223262799
-0.0770268281
-0.1439370865
-0.2378690876
0.8067234213
0.7988516332
0.1607460745
0.3700400731
-0.9051360435
-1.0989002742
1.7735477592
-0.6719946125
0.0714662560
0.7476491630
0.7514570375
-0.4421371889
2.4426557378
-0.5650558227
-0.3442061991
0.8162110031
0.1093998097
-0.2568961509
2.6642846435
-1.5605627219
-0.3387629167
-0.8892191386
0.5046044405
1.2349538374
0.5964147118
0.0813747268
0.6960749885
-0.6959396458
0.7626741589
-0.3518429771
-0.5357324822
-2.6222479934
-0.4394838581
-1.0316067099
-0.3321507215
1.1182025491
-0.0270860968
0.9464547231
-0.4492853154
-0.2721939749
0.3447218837
1.5817704894
1.8206962545
1.6206816522
0.2800710744
0.3720960119
0.1032009043
-0.6809728170
1.1353446006
0.6853828189
-0.7265343568
0.9979134003
0.3411636005
-0.6685620287
-0.2802723988
-1.1257873812
1.1124304236
0.8410621880
-0.6920584466
1.7551741115
0.5048089067
0.4819917599
-0.0424323691
1.3940403413
0.5775583706
1.2227269658
-0.2627671419
-0.9979204445
0.4745732121
-0.5260042641
0.7386732826
-0.5290491131
-0.6492403125
-0.1518777559
1.5109138969
-1.7174858791
0.4407592019
-1.8526298013
0.1025773777
0.4611190105
1.3891514388
0.1274903190
-0.8829395687
-0.2711702647
0.4021570990
0.4770991536
0.5600863131
0.7837536184
1.8843043439
0.9135505305
0.9330849556
1.4789983631
-0.8871234358
-0.7922299958
-0.6354891547
-0.1880146130
1.6700560180
1.7093159903
-1.6365704619
-0.7854733766
0.4127300854
-1.4385972286
0.3873937329
-0.1231317177
0.9800139905
-1.3959102856
-0.6705030895
0.5219389858
-1.1770370347
1.0992136202
1.2715449384
0.0806195156
-1.4992380605
-0.8477357165
-0.4812517525
-2.0312436059
1.1062371309
1.0263923066
-0.6275213016
0.3480492680
0.1345559349
1.9271028220
0.7651873584
-1.8923623162
0.0956436024
1.7068915001
-0.2597173610
-0.6989303093
0.7742456312
-0.2866860782
0.3529703894
0.6403061139
-1.3088903976
-1.5171113336
0.0719818554
0.7106532215
-0.0996342111
-0.0413148935
0.4036943695
-1.5377837550
1.4466412414
0.5965034629
2.1586515816
-0.3933489340
-1.7087778366
-0.1509429481
0.2595782570
-0.5843491118
-0.4252472670
-0.9413261269
-0.4411981649
1.4342348765
-0.9093889652
1.9756610873
0.8057457924
0.2152418698
0.4139151291
0.2999910732
-0.8748102802
-0.3411268402
-0.6798397130
0.1288157127
0.0082680287
-0.7200713615
0.7072155552
1.0718602177
1.2285255861
-0.7468385150
0.1480606639
0.7463374002
-1.3243986129
-0.6425420323
-1.0738101385
-0.6232840153
-0.1146202434
0.6861258593
1.2290094158
1.2801371722
-1.0481003354
1.5603782978
0.0270262601
-0.6219054115
0.2266261663
-1.2754012641
-0.9029940239
-0.4508462140
0.3662859740
0.4897395692
-0.6683612275
1.5950217418
-0.9278391642
-0.9996897402
0.3213601313
-1.6251886921
0.5514824216
-0.4543697830
-0.4245701275
-2.9663390543
-1.3761409421
0.6376176387
0.1065862104
0.6963542869
0.1223694640
0.8758047783
0.0920747217
-1.2023445842
-0.3379610110
0.4840513138
0.2604468951
0.1476935953
1.6943409622
-0.0135066900
0.9135340913
-0.1342155914
0.1532781435
0.0222422230
0.9209773274
-0.8753867442
-0.4731372023
0.0646121911
0.8533654129
-0.4214159921
-0.6985801750
-0.5662702070
0.3848279318
0.4004402126
0.2964819998
-1.4031594649
-0.4366839096
0.4466973469
-1.6473128414
-0.0927656831
-0.3650692289
0.1061430143
-0.5421226752
-1.2090382513
0.8194526869
0.0866733209
0.7174365850
0.4882076064
2.3456148490
0.8085773130
-0.7830413447
0.3430437642
-0.0821896328
-0.6264860033
-0.5539880160
0.1593176662
-0.8905371292
-1.2549368548
1.0132268696
-2.0067957433
0.0716740979
0.3319123154
-2.1134017327
-0.0742760165
2.5854278445
-0.1043147661
-2.6549253675
-0.4958781056
-0.7573224445
-0.9031108141
-0.5720121108
0.0489661035
