15 3 0.07
37 0 5 0 6 1 1 1 4 1 5 1 7 1 8 2 0 2 1 2 3 2 4 2 5 2 6 2 7 2 8 2 9 3 1 3 4 3 5 3 6 3 7 4 1 4 2 4 3 4 4 4 5 4 6 5 2 5 4 5 5 5 6 5 7 6 5 6 6 7 4 7 5 7 6
40 0 5 1 3 1 4 1 5 2 3 2 4 2 5 3 1 3 2 3 4 3 5 3 6 4 2 4 4 4 5 4 6 4 7 5 1 5 2 5 3 5 4 5 5 5 6 5 7 5 8 6 0 6 1 6 2 6 3 6 4 6 6 6 7 6 8 7 4 7 5 7 6 8 4 8 5 8 6 9 5
30 0 2 0 4 0 5 1 0 1 2 1 3 1 4 1 5 1 6 1 7 2 0 2 1 2 2 2 3 2 4 2 5 2 6 3 1 3 2 3 3 3 4 3 5 3 6 3 7 4 1 4 2 4 3 4 5 4 6 5 1
3 0
0 5
0 1
0 0 0 1 0 1 1 0 0 0 1 0 0 0 0
0 1 0 1 1 1 1 1 2 1 1 0 0 0 0
0 1 1 1 1 1 1 1 1 1 1 0 0 0 0
0 0 1 1 1 2 3 2 1 1 1 1 0 0 0
0 1 1 1 2 1 1 3 1 1 1 1 1 0 0
1 1 1 1 1 1 2 2 2 2 1 1 1 1 0
0 1 0 0 1 2 2 2 1 1 0 1 1 1 0
0 1 1 1 1 1 1 0 0 1 1 1 0 0 0
0 0 1 0 1 1 1 1 0 1 1 1 0 0 0
0 0 0 0 0 1 1 0 0 0 1 0 0 0 0
0 0 0 0 1 1 1 0 0 0 0 0 0 0 0
0 0 0 0 0 0 0 0 0 0 0 0 0 0 0
0 0 0 0 0 0 0 0 0 0 0 0 0 0 0
0 0 0 0 0 0 0 0 0 0 0 0 0 0 0
0 0 0 0 0 0 0 0 0 0 0 0 0 0 0
-0.1169713222
-0.3641212561
-0.3376995298
-1.2026897675
-0.0163790454
0.4175347162
-0.2800780450
0.6987478128
1.9128828059
-1.5190903955
0.8690710910
0.3742733412
-0.3065872217
-0.4917813291
1.4527998951
-0.3239025700
-0.8216524713
0.8925532303
0.3467251394
-0.0199470060
-0.4532455704
-0.0741348202
0.4396157846
1.2936218980
-1.3149282627
-0.4434224580
-0.3830079096
-1.9383489882
0.8326186716
-2.5948762229
-0.5596553830
-0.2143480559
0.2700247837
0.0409321113
0.2411383210
-0.3486850745
0.5112510215
0.1194005265
0.5618734269
-0.2076765978
0.2704604585
-0.8867418309
-2.4733681299
0.0059825871
0.4477771892
-0.2816997313
-0.7367572236
-0.0746783773
1.4962787019
-0.7851247989
1.8961569648
-0.7602148829
-0.6639718329
-2.6454659187
1.6259239065
-1.2633164081
0.5459349871
-1.8314561023
0.0681938728
1.2820021428
-1.1381534769
-0.3098445987
1.2471924939
-2.2745144981
-0.2500327801
-0.2312790612
0.5739794094
0.7308199865
-1.8245169816
1.2400433423
-0.0674417671
0.6260845083
1.5157291354
-1.2621172810
0.7017216121
0.1450200517
-0.1050528418
-0.8730882221
3.4749560210
-0.8708773514
0.9940934884
0.2597310849
-0.8278160284
0.3143360999
0.6264397611
-0.1562096802
-0.1217702673
-0.2549458418
-0.9799943339
-1.1390994524
1.2507987117
0.0113721231
0.5241445129
1.3607016217
0.7005296898
0.0761077187
1.8577181034
-0.2405075510
1.5148154439
-0.5727734727
0.2880549058
-0.0174317818
-2.3722614324
-1.6810790046
1.3245421334
0.1939676719
-0.8816493988
0.1741485763
0.1758934298
0.7169967948
0.1707154322
0.5965238931
0.9108341812
1.4027719027
-0.4077424079
-1.8884319957
0.5140043454
1.0839397516
-0.7955232306
1.4315333784
-0.5636146194
0.0737318480
1.1108588091
0.6726274501
0.6519281087
-0.5898292141
-0.3530582047
2.1957497158
0.8506519234
0.1200399618
1.2818716716
0.1086965389
-1.3451732938
0.8981162369
-0.0802438131
-0.4224547481
0.8972614566
1.0222208729
1.5725940043
-1.0303108171
0.0087396954
0.4150254551
-0.0617017822
1.0982808007
-0.3640541486
1.0367742231
-0.9678515589
-0.0637284993
-0.0284400611
1.0964876180
0.4031344367
-0.7578884466
0.9825216911
0.0674988445
-0.0112654901
-0.2436373420
-1.2867142151
-1.2148604434
-1.4125251393
0.8633822240
1.0701573266
-0.0388107025
-0.5142763902
0.1106361119
0.4268034852
-0.7265041826
0.9725564246
-1.3395852651
1.0723053107
0.1820333628
-1.5158061045
0.1605699251
-0.3796050833
0.1071070315
1.9504575787
0.9015750325
-1.4738980485
0.0470152736
0.4883757817
0.0083757367
1.5423271127
0.3361731832
-0.9909364039
0.1150598053
0.4242613033
1.8052906845
-0.5105451508
1.4734255261
-0.7647227221
-1.1944350186
1.0576088820
0.2591889239
-1.0800613627
-0.3402244047
-1.0422868067
0.9972984927
-1.7694185784
0.4489615319
0.6137383049
0.6185960116
-0.1269732143
0.1970598593
0.7337862529
-0.4269196524
-2.2073513505
1.0537410995
-2.0026929456
-0.3111623559
0.2051210080
-1.0607436960
-3.1537235854
0.2335307855
-0.6756271594
0.1851363612
-0.1627449443
-0.4182124245
-0.6934044924
0.1186215457
-0.1623615975
3.5245946616
1.7379012464
-0.7789016219
-0.9100433162
-0.8187299116
-2.3698289119
-0.3837339351
1.2996879278
0.4240018962
-0.2028132047
1.0731376842
0.7258500167
1.1396319376
-0.6176825314
-0.1216593126
-0.1458861111
1.1949508485
0.5063647713
0.0331765380
-1.0274379000
-0.3855189888
1.0241758708
-0.3889383969
-0.2147160602
1.1641411461
0.1242797693
-0.7166113286
-0.4980930184
-2.8943021575
1.2983181618
0.8636706475
0.2350143420
-0.5709317419
0.8740625959
0.5709415393
-1.1019655333
0.6584862237
0.2003997349
-0.6916809381
0.9765056142
-1.4270053473
0.9005014433
-0.7040574428
-1.0255679387
0.8443164435
-2.0948436907
-0.1763698730
-0.1598655820
-0.4042475552
1.8410147571
-0.8226598141
1.0849386099
-0.7029159917
-0.5271150186
2.0945315603
0.0372146140
-0.2155727356
1.8696966718
-2.5761465128
-0.7735475989
0.7155860977
1.2170531023
-0.5233054245
0.1840409432
0.1174207714
-1.0800584803
-0.3598430761
-0.7555715348
-0.5873307701
-0.5212051602
-2.2238731130
1.7359255377
-0.0342947890
1.0426320780
0.5215765360
1.9357907960
-2.2595998610
0.1084731098
0.1845802785
-2.3029873299
1.8053825804
-0.9339565758
0.4116985841
0.4170726192
0.9320061242
-1.2165263550
-1.4195143833
-1.4359598038
-0.7943019939
-0.4709495602
-0.4956133201
-0.9873139570
1.4796946549
-0.6423308120
2.6563893209
0.7456736820
0.5327745997
0.8165610082
-0.3514130594
1.5170211342
1.0989856600
0.7252264716
-1.7645968558
0.1974299070
0.2168159230
0.5245543403
0.7759995565
1.9520364805
0.2603850006
-1.3847871520
-0.5707990616
-0.7696493341
-0.0999834014
1.6305688375
-1.2341119022
0.5854588345
-0.0368316902
0.3142786644
0.7352643747
0.6419086777
-0.6836254774
0.6956242136
-1.3050237189
0.6171746485
0.2350387789
1.5283493734
-0.2955807909
0.4326156887
-0.0846842682
-0.2872941037
-1.8500821285
0.7730737829
-0.0729829522
0.6817358012
0.0360703446
1.0132560066
0.2201841368
-0.4376917258
0.7189796747
-0.0461182013
1.5951732142
0.5368564226
-0.0634135568
0.1858898400
-0.8976029309
0.3820303964
-1.4464686769
0.9246544967
-1.3456809767
0.4644974414
-1.0146312398
-0.2200031564
1.6097759247
0.2077830731
0.2919449459
1.3025850142
-0.2903853983
2.0679125667
-1.5754853323
0.0916140397
-0.0514192295
-0.0143624120
-0.8168055965
-1.4333296121
-0.4024429487
1.3238963022
-1.9264875671
1.1882733287
0.3060415398
0.8329319700
-0.1178922161
-0.0262215073
0.3048297125
-0.9857445867
1.2849709662
-0.4440841743
-0.4487632164
0.9393070418
1.2654774210
0.1164772769
-0.4743509544
1.3906076592
2.0614023272
0.9879765379
0.9162115033
-0.0274833673
-1.7861149611
-0.7273972977
0.8875773218
0.5527685465
-1.2225900895
-0.2563007017
-2.5393616710
0.6410809565
0.5915515891
-0.5205283908
-0.0583032245
-0.3611223596
1.1724529763
0.1473259588
0.5632921419
0.8118776117
-0.1018410003
-0.4808904547
0.6187844421
-1.5543462947
-0.3999395337
0.6452088895
-0.4399650978
0.2844380150
1.6992054644
-0.2842240359
-0.2471710403
1.2292475301
0.7154192917
1.0240494788
-1.0716073923
0.5121210921
-2.3163634451
0.6035471633
-1.5659379387
-0.9960269061
-0.7541048504
0.2149585860
-0.5987432460
0.7204543020
1.5547491708
-1.1429997069
-0.3152552825
-0.4115570704
-1.3988533837
