10 2 0.07
21 0 2 1 0 1 1 1 2 1 3 2 0 2 1 2 2 2 3 2 4 3 0 3 2 3 3 4 0 4 1 4 2 5 0 5 1 6 0 6 1 7 0
22 0 1 1 0 1 1 1 2 1 3 1 5 1 8 2 0 2 2 2 3 2 4 2 5 2 6 2 7 2 8 3 0 3 5 3 6 3 7 4 0 4 6 5 6
1 5
4 1
0 0 0 0 0 0 0 0 0 0
0 0 0 0 0 0 0 1 0 0
0 0 0 0 0 1 1 1 1 0
0 0 0 0 0 1 1 1 1 1
0 0 1 0 0 1 0 1 1 0
0 1 1 1 1 1 2 1 0 1
0 1 0 1 1 2 2 1 1 1
0 1 0 0 0 1 2 1 1 0
0 1 0 0 0 1 0 1 0 0
0 0 0 0 0 0 0 1 0 0
0.6186781568
-1.1926797346
-1.2238860321
-0.0227291701
-0.1774761935
-1.0148760121
-0.3130032771
0.5116862734
-1.7871640847
0.3824475446
2.0265053494
0.1035485135
0.8652343134
1.8942169461
1.4096272591
0.0860367869
0.4455798340
0.0956179928
1.2990830367
0.6672515145
-1.2672165619
-1.3985690899
0.2054801667
0.4272983652
0.2852102573
-0.9165460228
-0.5342202531
-1.3530733792
0.6796381923
0.0257763026
0.2272355405
0.8619532492
0.6240801471
-1.4085553375
0.1629016292
-0.0001279725
0.0796734619
-1.2134756029
-0.3827542030
-0.0330833006
1.0174164240
-0.5900914266
-2.5240917470
-0.6282558662
-0.3482127686
0.9402993314
0.0146753613
1.9886056989
-0.4514095810
0.7998806694
-0.3591904997
0.7004417737
0.6014176084
0.7053010413
-1.0130528602
-0.0156062354
1.7157248723
-0.9678858227
0.6559438130
-0.1644306744
1.1409983165
1.4574998576
-0.6800646000
-1.7232642421
-0.4432442678
0.5191027421
-0.2539608554
-0.2389991710
0.1777285971
-0.6830591790
2.2313009720
-0.5494732618
-1.1408965304
-2.1503879777
0.8238476438
-1.2593777919
0.2389527680
0.5234411401
0.6869353104
1.1098513252
-0.8313461811
1.7057608473
-0.0832092766
-1.1111698190
-0.5510952812
-0.3329167412
0.3218307170
0.6095754234
-0.0816240636
1.6004780343
-0.5292870551
0.2052233494
0.1390302050
0.2722220970
0.8883410010
-1.4333210374
1.2111582858
0.6616969423
-0.2605033763
-0.8432087872
0.2983309468
-0.6903128689
0.0678412257
0.3751736393
0.3655027600
-1.1050358330
0.6419307290
-0.0942982541
-1.0690369221
-0.1812282285
0.3104938080
-0.3326541019
1.0429298462
-1.4930973297
1.2427381737
0.7794683858
0.8655005586
-0.0820676346
-1.3751659108
0.5652166372
-0.6609850688
-0.8186327980
-0.6505953583
-1.2772586097
-1.2661236532
1.1701830411
-1.5091243512
-0.5087022942
-0.8532732257
-2.1653936162
0.9351009945
-2.4511802998
0.5200992599
-0.7128247576
-0.6722766021
-0.0821870557
-2.3778785862
-0.3875060545
-0.5812588635
-0.5710947446
0.2919405750
0.2846285983
-1.6564362137
1.1753486546
0.4242131947
1.7200113546
0.5116084256
0.7760671118
-1.2810351799
-1.1433308916
0.4641499504
1.4014434112
-3.0572087577
0.1781975712
1.4740203242
-1.3478463975
-0.8251100199
-0.8122523465
0.1433212217
-1.1715609745
-2.3286575337
-1.0237245722
-1.2688871584
-1.1374762477
-0.4876294551
-0.4998199041
0.1423770205
-1.3183226100
-1.3342236824
0.9963388581
0.5160875000
-0.5312241915
0.3647700253
-0.3199503817
0.3498007541
0.1705199773
-0.7315284793
0.8001520588
-1.6568587243
-1.4123543691
-1.1728577673
-0.0142686395
-0.7200497784
-1.1609177908
-0.0789802928
-1.2624011104
1.6822575171
-2.3231532831
-0.9841201666
-0.2111406465
-0.7164171520
1.0056815888
1.0187920079
-2.1282942790
0.8483591016
0.2465185334
0.6418379470
1.1791921183
-1.2834416446
-0.8701973034
