13 7 0.13
7 0 1 1 1 2 0 2 1 2 2 3 0 3 2
5 0 0 0 1 0 2 1 1 1 2
6 0 0 1 0 1 1 2 1 2 2 3 2
6 0 0 0 1 1 1 1 2 1 3 2 1
7 0 1 1 1 1 2 2 0 2 1 2 2 2 3
7 0 0 1 0 1 1 1 2 2 0 3 0 3 1
6 0 0 0 1 1 1 2 1 2 2 2 3
0 0
3 0
9 3
4 3
7 5
0 1
3 9
0 2 0 0 0 0 0 0 0 0 0 0 0
0 2 1 1 0 0 0 0 0 0 0 0 0
1 2 1 0 0 0 0 0 0 0 0 0 0
2 2 3 0 0 0 0 0 0 1 1 0 0
0 1 1 1 1 0 0 0 0 0 1 0 0
0 0 0 0 1 1 1 0 0 0 1 1 1
0 0 0 0 1 0 0 0 0 0 0 0 0
0 0 0 0 0 0 1 0 0 0 0 0 0
0 0 0 0 0 0 1 1 0 0 0 0 0
0 0 0 1 0 1 1 1 1 0 0 0 0
0 0 0 1 1 0 0 0 0 0 0 0 0
0 0 0 0 1 1 0 0 0 0 0 0 0
0 0 0 0 0 1 0 0 0 0 0 0 0
1.1089788867
-1.2555228488
1.4101939304
-0.1727613754
0.3905791917
0.9458587130
-0.8320264546
0.4675719483
-0.9491755676
-1.8427456285
-0.3363283059
0.2468445790
-0.1292271355
1.4741219457
3.1598628570
2.5300617125
0.5929825757
-0.8629430175
-2.0297777321
-0.1796657251
0.2857515900
0.4154510394
-2.5328969527
-0.0543801628
0.4559134939
-1.5342767108
0.8369206471
-0.3458813184
2.1767543694
-0.5927545744
0.0588724789
0.7387695688
-1.0759108854
0.0306281894
-0.3764468095
0.8305052650
1.7215455498
1.8133856106
-0.2672910056
-0.6953300332
0.8613655677
1.6009824889
-2.3533480243
-0.0061214079
-0.7289845482
-1.0244014370
-0.4801025526
1.3678368582
-0.1744918791
-0.0073935886
0.4676324084
-1.0241377182
1.5448332267
1.3213794543
0.9335384009
0.5361119716
-1.4202814751
-0.4313680908
1.0001883826
0.4395381778
1.1429740269
-0.5190223065
1.6363150230
0.0824528025
0.4663368150
-0.2341657466
2.1068125195
-0.3679116926
-0.8199832701
-1.4943178252
-0.6811396596
0.0037570530
0.3044961089
-0.5008796371
-1.0594408049
0.2891215076
-0.5178108415
1.0023392707
-0.5984371351
0.5951585677
-0.3987599314
1.0073069008
0.0396429462
-1.0202715155
0.5218308224
-0.4197597525
-0.0818125821
-0.6667050721
0.5886549531
-1.2066884468
-0.8802674445
1.3815789127
-2.2864447678
-0.9329855251
-0.1268320727
-0.1316766854
-1.4247412704
-0.6144848943
0.4584658210
1.1425889827
2.3071519624
-0.1947345821
0.8828535998
-0.6098704743
0.7938218773
-0.6873708321
-1.3823119762
-0.0973771379
0.1354079711
-0.1079250914
0.5370215492
1.6456169074
0.3523061830
0.4082372048
0.7948239528
0.1597444314
0.6404942285
0.5124713974
-1.2004538521
-0.9550966777
-0.7414060993
0.3615309321
0.0406623687
-1.5618758150
-0.1122810108
0.7359049243
0.2655265952
1.7592955280
0.4755543583
0.7469871820
-1.5350435413
-1.4588860089
0.0059934718
0.8537258911
-0.1217780753
-0.3296580736
-0.6213956851
-0.4369543773
0.6027221825
0.2986190373
-0.1471759330
0.7481430402
-1.6004217479
0.6863813252
-0.6142950918
0.1243163754
-1.2157114942
-1.2488747520
-0.9068257504
-0.6545571231
-0.9047282501
-0.1388368989
-1.0332611548
0.5947519694
-1.3664130107
-0.5408994674
0.4710186151
0.0143646250
1.1325916183
-0.4564002734
-0.9771224889
0.5957462450
0.4009505221
0.7651383224
-1.6948638694
-0.8812825163
-0.3269292513
-0.3743093598
0.5289240837
0.1168362609
-0.1834220302
1.8506798798
-0.8983217808
1.0852962232
-0.0903563424
-0.6073332768
-1.7753251941
-0.2800048810
-0.3110765152
-0.3849337500
0.8716906483
-1.0279745019
-0.5098877850
1.7837321248
0.4690684563
0.9686624409
-0.4647824884
1.1396952038
-0.3938990421
-1.6669272827
0.2042695002
-0.7802757322
-0.3949940494
0.4037404903
1.1132217867
0.2793992846
0.2623157797
-1.8421569390
3.1070057392
0.7560460525
0.8338655234
-0.0317096267
0.9701172618
0.6974139717
-0.2371489791
0.3811637914
-0.1383519868
-0.6719912055
-0.5172212656
1.6087772767
0.9523382733
-1.1609320990
0.6905680964
-1.3881009466
0.5862209695
0.1930850821
-1.3961087794
0.3019705922
0.1730922429
-0.9131068677
-0.6652861123
-0.1333681378
0.8197329417
-0.4262726751
-0.9001814312
-1.5510915510
0.1321230505
-0.9511319234
-1.0059254759
-0.6931941789
-0.7370103929
-0.8824126574
0.7585319847
-1.4105078300
1.2743071724
-0.0954692042
2.1868218308
1.3013254837
-1.3687472729
0.8574968029
-0.4867771462
-1.0457831157
0.4667889146
-0.9049967530
-0.4013751122
-0.3351011920
-0.0399389334
1.2759594947
-0.5758156385
0.9949464018
-0.2104002606
-0.6274992670
-1.0363090888
0.1238072817
-1.1635387279
1.6255113501
-1.4959064243
0.5836846666
-1.0047398518
-0.9200501075
0.0296002548
0.1295836550
0.3472110681
0.4043004160
0.1404159434
0.9694959435
0.0526495423
-0.7288257371
0.8200656910
0.8738607791
0.2436584504
-1.0150536834
-0.0902746806
-0.4037160748
-0.7146523979
-0.1343196845
-2.1666215999
-1.1322765486
0.7278728786
0.1214575650
0.6202261175
-1.3181853655
-0.7753576066
-0.9001469538
-0.5639316518
-0.3431384342
1.1397185748
0.3272245143
-0.6861209379
-0.0563888455
-0.5789968864
0.6771672227
-0.1240289821
-0.0242873606
0.2831338814
1.0392593374
1.1582450180
2.4598604850
0.0066837940
0.7302820356
-0.9127911047
0.4483303427
1.4518897216
0.7372815821
1.0585453845
0.9980238041
-0.4956788715
0.3534591498
-0.8077890818
0.4378385062
-0.1663241606
0.0259025017
0.0395812516
0.5824026074
0.6186353974
1.4404424785
-1.8731837834
-2.5152653352
-0.3460067328
0.1768551800
-0.2200063507
-0.4557133794
2.5510635840
0.5197076704
1.0128035619
0.4381885440
-0.3231885911
-0.6044797538
-0.4988028405
0.4708549055
0.3733407484
-0.8570672132
0.4402482249
-0.8085081930
0.1124285547
0.6317353247
-0.7104739582
-2.5140587595
