15 9 0.14
6 0 2 1 1 1 2 1 3 2 0 2 1
6 0 0 1 0 2 0 2 1 3 1 4 1
6 0 0 0 1 0 2 1 0 1 1 2 1
6 0 0 1 0 1 1 2 0 3 0 4 0
6 0 0 0 1 1 1 1 2 2 1 2 2
6 0 0 0 1 0 2 1 1 1 2 2 2
6 0 1 0 2 1 0 1 1 2 1 3 1
6 0 1 0 2 0 3 1 0 1 1 2 0
6 0 1 0 2 1 1 2 0 2 1 3 0
5 0
1 7
12 1
4 9
6 6
1 0
0 7
8 8
9 0
0 0 0 0 0 0 0 0 1 1 0 0 0 0 0
1 1 1 0 0 0 0 2 1 0 0 0 0 0 0
0 1 1 0 0 0 0 1 1 0 0 0 0 0 0
0 0 1 0 0 0 0 1 2 0 0 0 0 0 0
0 0 0 0 0 0 0 0 1 1 0 0 0 0 0
0 0 1 0 0 0 0 0 1 1 1 0 0 0 0
0 1 1 1 0 0 1 1 0 1 0 0 0 0 0
1 1 0 0 0 0 0 1 1 1 0 0 0 0 0
0 0 0 0 0 0 0 1 1 2 1 1 0 0 0
0 1 1 0 0 0 0 0 1 1 0 0 0 0 0
0 1 0 0 0 0 0 0 1 0 0 0 0 0 0
1 1 0 0 0 0 0 0 0 0 0 0 0 0 0
1 1 1 1 0 0 0 0 0 0 0 0 0 0 0
0 1 1 0 0 0 0 0 0 0 0 0 0 0 0
0 0 1 0 0 0 0 0 0 0 0 0 0 0 0
2.2111390025
-1.4985380399
-0.7447310752
-1.4455370601
-0.3245187205
1.7719574541
0.7212751472
1.0536618645
-0.1368972844
0.2729669452
2.2765324833
0.5553474472
1.2248034115
-1.4969655962
-0.9435442450
-1.0881595495
-1.5263907786
-0.9487077338
-0.9658034103
-0.9273645300
-0.6592879691
-0.5682390615
0.0934399626
0.3700853095
-0.7997060019
-0.4763411024
2.1203385053
0.3348263722
-0.5192462137
-1.2062081486
0.3349244087
0.7222184848
-0.9503666276
0.9290042568
-0.2986324116
0.8960075234
2.1980553202
0.4909435615
-0.8935104412
-0.1264721553
0.6856982167
-0.2729506518
0.7861514894
-1.6866654056
-0.9038445085
0.9337502168
0.3143027380
0.3904707888
-1.0141324737
0.3424217600
0.7533627564
2.0484464930
-0.3949640559
-0.1667591200
1.6349528093
0.6601121425
-0.5397458476
1.5596913105
-0.2788293689
-1.8608322646
-0.0415575903
-1.0266010263
-0.7441303021
-1.6656337065
0.6287774166
-1.0106486472
-0.1136368997
-0.1583798086
-1.4921769109
1.6604966248
-0.5760426714
1.1386812537
0.0157585860
0.1379572000
-2.1310749567
-0.8506531175
0.3013512337
1.1627389768
-0.8353001843
-0.3694588385
0.8616420420
-0.8389440168
0.0499894228
-0.2565860562
0.3010155735
-0.5464424699
0.7270699950
0.3109690697
1.9067987329
-0.0115722997
-0.1570531009
0.8246733835
-0.0702949979
2.2161278489
0.3462590626
-0.8850681846
-0.2881982713
-1.2952199628
0.1975084218
0.1884329650
-0.1640764973
-1.1589762883
-1.0097181991
-0.8789169406
-0.9954023940
0.0210830422
-0.9465398036
0.1492108057
1.5244147015
-1.3510809500
0.7072125776
-0.5528787514
-1.4172379742
-0.3862061840
0.0938330877
-1.1361173279
0.0466718742
-0.7463229208
0.1588350018
0.6208343298
-0.3662343669
0.2522051177
0.9511514429
-0.2965353617
1.9782576708
0.5663930059
-0.7723137883
1.1947130765
-0.3177671362
0.5688969760
0.9797328364
1.1255945656
-0.5835215927
0.2190302385
-1.2333997354
-0.7497175194
-2.9194953595
0.3236167579
0.6466334095
0.2627115144
1.8146457828
0.0463767150
-1.3480009988
2.5574100791
-1.0152128455
1.3257218406
0.1427557984
-1.3885353536
0.5672947984
-1.3569500771
-0.1904188956
0.4376267361
0.6944346442
-0.1581707350
0.5492920645
0.9200992744
1.7162614396
1.1610505795
1.9952651564
0.0166902250
0.4597242808
0.0463639339
1.2979009104
0.2794916714
-0.4094783432
-1.0066139904
1.1272245167
0.7495075239
-0.3590579875
1.4847188177
0.4205261151
1.4929930628
-1.1366497863
0.6400216687
-1.1582220255
-0.6505693550
-1.3694820460
1.3420810983
-0.1266826005
-0.1570964244
-1.4484383804
0.2546212185
-1.1940655132
0.2565590983
0.1162690361
-2.0483582117
-0.0318443633
0.2192803641
-0.6480564663
-0.5899444144
0.3252670849
2.2065798612
1.1712427416
-0.2407292793
-0.5372759081
1.0274937162
0.3313279009
0.3372329860
0.9293692832
-2.3304965133
-0.0473399015
-0.3396646446
0.3013126325
-0.5179330996
1.4784178381
1.0524614927
-0.0346938292
-0.9599814607
-1.3489109535
1.3013127713
1.3536628867
-1.6428520758
2.0782950681
-3.2356606706
-1.4669194362
-0.7192425757
-0.6258920051
1.5692370321
-0.4849117255
-0.6112933809
1.5351410189
-0.8567273554
-1.1788246448
0.9675218498
-1.8665856514
-0.4514966273
2.2258759383
-1.1384288018
-2.3640747062
-1.5355189496
-0.0452867795
0.3463487267
-0.2711746417
-0.5057348080
-1.8761610655
0.9397122043
0.7233317460
0.8389443582
-0.1367042972
0.2060909695
-0.7840165005
0.1429081609
0.6078125601
1.5026215773
0.6313132546
0.1254453231
0.3780890741
0.7060988355
0.7876578623
-0.0031127502
1.5498129557
-0.8831682083
-0.0141375305
-1.5667415164
-0.0705760172
1.2045423565
0.1641183200
1.1749248421
0.7980539510
1.7122995241
0.7061072979
1.0320955724
0.0167259807
-1.1649358038
0.3727403451
-1.5005571733
-0.4447834976
0.3358967794
2.4634501250
0.4258909934
0.0951277706
-0.1571428835
-2.2330767889
2.1977860157
-0.2859686849
0.1465571492
1.1155445113
0.3528254676
1.3809514746
0.0260340650
-1.0994156496
1.2994884379
0.4628739221
-1.0048656524
-0.5116217980
-0.1866761391
-0.0212501300
-0.5105134121
0.3994854171
-0.1364363658
-0.9528705589
-0.1786539118
0.2820101976
0.2447126111
-0.5192327340
0.7146488707
-0.7325427409
1.4553610633
-1.0824048457
-0.9569458543
-0.7326575854
-0.8287780624
-1.1950805336
0.3994535856
1.0271218946
0.2837066773
-0.8859764999
-0.3814324585
-0.7625903141
-0.9681172890
0.7746948704
0.4382867029
-1.8285177487
0.6735203266
0.5335181222
-0.6894414989
0.4691780333
-1.0629390039
-2.0706845207
-0.7882804917
1.9573941177
0.3347391617
1.5783955919
-0.6021564535
-2.2372678209
-0.8465385201
-0.7529752374
1.3961994565
0.9660921040
-0.6212713100
-1.4357002588
-0.5307518656
-0.6039115831
0.1417415508
0.8438136725
1.0557713165
-1.5847285974
0.5172474257
0.5945591047
-0.8696001072
0.5142610364
1.4415356137
-0.4898027831
0.6895233577
-0.3186564472
0.9282684406
-0.7803864850
0.1824628888
-0.3968769077
1.9226938926
0.7208157349
-1.0068913618
-1.4141053001
-0.0580604998
1.7706532936
-0.5079864070
1.5991604657
-1.8685269549
0.9108295040
-1.5912740806
0.2746852860
-0.3246817060
-0.0024364546
-0.2223207358
-0.7391205690
-0.6495254350
-1.2096337879
1.4401983246
-0.5616344867
0.1984361988
-0.5537372198
-0.3999204755
0.3034715866
-0.6642772512
-1.1632052416
1.8852927782
1.0079500567
-0.1939212100
0.2747037581
0.0495737498
0.5810102004
-0.0996344732
-0.0124106430
-2.1441151346
0.9032699917
0.6075192799
0.4087494024
1.2724346046
-0.4362558352
-0.6137447497
-0.3006975736
-1.6198605533
-0.0256649355
0.3218107254
-0.1669076330
-1.9689570093
-0.8368672448
-0.6264051492
1.5331046633
-0.2227453914
-0.9806610733
0.9357767321
0.6663969891
-0.1217210173
-0.2480672680
-0.4953184778
0.9209950595
-0.5525005445
0.7159543760
-1.8169773720
0.5945356504
-0.2784997283
1.1351671148
-0.2798085202
-1.3840570157
0.4199190231
1.0914316937
1.1428855169
-1.2352712270
-0.2956078882
-0.8790267846
-1.5578243971
0.2832596289
-0.8162003741
0.5416364317
-1.6569472812
1.0180740675
-2.2260575145
0.2944750586
0.3372838417
-0.1490335172
-1.2715912661
1.4615663676
0.9473586010
-1.5805251661
-0.2243932482
0.3038849287
-0.3144189830
0.2901945928
-0.0346770569
-0.8154989431
-0.4407690140
0.4957746350
-0.1558273495
0.5795679631
0.9586775272
-0.4257065695
-1.6532774025
0.1637426150
-0.3006172865
