11 5 0.12
12 0 2 1 0 1 1 1 2 1 3 1 4 2 1 2 2 2 3 3 2 3 3 4 2
15 0 2 1 1 1 2 1 3 2 2 3 0 3 1 3 2 3 3 4 1 4 2 4 3 4 4 5 2 5 4
7 0 2 0 3 1 0 1 1 1 2 2 0 2 1
10 0 2 0 3 1 0 1 1 1 2 1 3 1 4 1 5 2 1 3 1
9 0 2 1 0 1 1 1 2 2 2 3 2 3 3 4 2 4 3
3 2
0 2
0 6
4 0
5 2
0 0 0 0 1 0 0 0 1 1 0
0 0 0 1 1 1 1 1 1 0 0
0 0 0 0 1 0 1 1 0 0 0
0 0 1 1 2 1 0 0 0 0 0
0 0 2 3 2 2 2 0 0 0 0
1 1 1 2 4 2 1 0 0 0 0
0 1 1 1 2 1 0 0 0 0 0
0 1 0 0 2 0 0 0 0 0 0
0 0 0 0 1 1 0 0 0 0 0
0 0 0 0 1 1 0 0 0 0 0
0 0 0 0 0 0 0 0 0 0 0
-0.6089607727
0.8113114579
0.5194628965
-0.5311099262
1.1995468830
-0.9590718569
-1.4591300689
0.9958705698
-0.6795040326
0.3891854427
-0.8227172499
1.4209995758
0.0903907431
-0.1770854908
-0.0404376655
1.0463716376
-1.0114739849
1.0969803177
-0.5693464969
1.1744748370
-1.2895715561
-0.3996044843
2.1073680716
-0.9207325964
1.6695402698
-0.9680875564
-1.8088329620
-0.2811191583
-0.1253354703
0.8823132830
1.1884354959
-0.4064913156
1.0402371437
0.0636644433
0.4333929663
-0.9919367855
0.5090527341
2.5947910951
-0.0339138023
-1.7352922216
-0.3784049934
2.8468693787
0.5702343313
0.3801433078
1.3423145174
-0.0621384489
-0.5867757517
0.6402673362
-0.2475380245
-0.1696557059
-0.0336766082
0.0715644511
0.3326434321
1.3617124689
-0.0126082685
1.2089351967
-1.2077688003
0.4810589570
-1.3388358463
0.3784883075
0.0481833076
1.6865411362
-1.0302195748
0.5570860783
-2.6416193022
-2.2842747677
0.1978915176
-0.4337764456
0.3355888635
1.0306691452
0.2063807839
-0.4936586998
1.4515931751
-2.0198817730
1.1235376200
-0.1095949797
-1.5571959455
-0.1523029965
0.4274985127
-0.3265417760
0.2220318122
-0.4345325148
-0.3313009963
-1.6120893178
-0.8371690600
1.2672819415
0.0092582788
-1.5170247687
1.2403710295
0.4263023385
-0.2535139277
-0.7047852905
-0.0134295736
-0.9428860744
-0.3194894065
0.1339274148
-0.7625758566
-0.5946120096
-0.4105410937
0.3786927395
0.1369697223
-2.1232342697
-0.5017586165
1.5885058713
-0.1341558017
-0.4486773735
0.0310494615
-0.5434306762
-0.3463642289
0.9037187132
-0.9731005581
0.6383388598
-0.6025896720
1.7549008555
-1.2502090834
-0.1492823768
-0.5008505256
0.3528668594
-0.2677433277
-0.6920534789
0.6517848218
-0.2948465707
0.4579000891
0.6605663406
1.4149271392
1.3078372452
1.2763226006
0.1929298452
0.2872333288
1.6357776981
0.0654486372
-0.0916457580
-0.0150938501
-0.3400412930
-0.4022737890
2.2830947797
0.7417473316
-0.9215121881
0.5191020141
-0.1423831365
-0.7603359096
3.2614450482
0.7372458398
-1.3055170372
1.0763364950
-0.3978295985
-0.3595715861
-0.1244885769
-0.0553308854
0.4680176132
0.0528674243
-0.2077006481
-1.0429724589
-1.0634457688
1.1001816059
0.0464593296
0.0524676572
0.3697042887
0.7328595924
-2.1493325470
-0.0985297001
0.4815470492
-1.0237856903
1.1065242920
0.7224857604
2.7011269647
0.8927509714
-0.2253253153
-0.0612142939
1.2086661046
-0.1581161390
-0.5460959452
0.3623291476
0.6982434422
-0.6130165838
-0.3043894676
-0.3733351419
-2.4936652789
0.2781808387
0.3301966980
0.3121791609
-0.2779488793
0.6565050175
-0.2051673375
-0.8919942026
0.0157641056
-0.6827487617
0.3169292417
0.4068313664
-0.0001922119
-1.9728760517
2.1535869946
2.1202903724
0.0724152504
-0.9095497792
0.4734113813
0.8539871143
-0.3991296494
-1.7770796722
0.7138888269
-0.0785650190
-0.1621263937
-1.2015726604
-1.5032268466
0.6689803491
-0.9739435881
0.6944721748
-0.6518230642
0.0144108044
-2.4313188328
-0.1768106763
-0.1430707143
0.0459834168
0.5463528553
-1.0262871700
-1.5191188353
0.1215319568
-1.5145046112
-0.5535919490
-0.1908068867
1.0556887537
1.1967365465
0.0584554091
0.2559785085
-0.0058685828
-0.2388972329
0.7844473155
-1.9249083876
0.6379367074
-0.1364686440
0.0815821402
-0.3108093180
0.3300397084
-0.9378492511
-0.0678308053
2.9610857377
-1.0985144726
-0.2673015837
-1.4325658931
1.7379588558
0.3743572870
0.5778597034
