16 11 0.14
6 0 0 0 1 1 1 2 1 2 2 3 1
6 0 2 1 0 1 1 1 2 2 2 2 3
6 0 1 1 0 1 1 1 2 1 3 2 3
6 0 0 0 1 1 0 1 1 1 2 2 0
6 0 0 0 2 1 0 1 1 1 2 2 1
6 0 0 1 0 1 1 1 2 2 2 2 3
6 0 0 0 1 0 2 1 2 2 1 2 2
6 0 1 1 1 1 2 1 3 2 0 2 1
6 0 0 0 1 0 2 1 1 1 2 1 3
6 0 0 0 1 1 0 1 1 1 2 2 1
6 0 0 0 1 1 0 1 1 1 2 2 0
1 4
10 6
2 4
8 8
10 5
10 9
5 12
6 1
4 10
5 0
0 3
0 0 0 1 1 0 0 0 0 0 0 0 0 0 0 0
0 0 0 1 2 2 0 0 0 0 0 0 0 0 0 0
0 0 0 1 0 2 0 0 0 0 0 0 0 0 0 0
0 0 0 0 1 2 2 1 0 0 0 0 0 0 0 0
0 0 0 0 0 1 0 1 0 0 1 1 1 0 0 0
1 1 0 0 0 0 0 0 0 0 0 1 2 2 1 0
1 1 2 0 0 0 0 0 0 0 0 0 0 0 1 0
0 1 1 1 1 0 0 0 0 0 0 0 0 1 1 0
0 1 1 0 0 0 0 0 1 1 0 0 0 0 0 0
0 0 0 0 0 0 0 0 1 1 1 0 0 0 0 0
0 0 0 0 0 1 0 1 2 1 0 0 0 0 0 0
0 0 0 0 0 1 2 2 1 1 1 1 0 0 0 0
0 0 0 0 0 0 1 0 1 1 0 1 1 0 0 0
0 0 0 0 0 0 0 0 0 0 0 0 0 0 0 0
0 0 0 0 0 0 0 0 0 0 0 0 0 0 0 0
0 0 0 0 0 0 0 0 0 0 0 0 0 0 0 0
-2.2614741785
-0.2016944227
-0.2323147482
1.8954857531
-0.4624514159
-2.0384536495
-0.6736183662
1.0282368517
0.0287188326
1.9370209700
-1.1874441933
2.5330358911
1.0239828992
0.1170160553
1.2944207327
-0.2580461924
-1.1312561390
-0.1036233523
-1.6281898625
0.4126951084
-1.9863644826
1.8001589510
-0.1478793718
0.2486253228
-0.2645453032
0.2842939414
-0.4588368113
-1.3032557845
-0.4746237438
1.1823402054
-0.4836732789
0.2850310386
0.4495037952
-0.0653812779
0.8544782240
0.2097696997
-0.9743022428
1.2064408853
-0.3562915515
0.9632958564
1.4173547144
2.7512408502
-0.5492959527
-1.4562619041
-1.7175715294
1.9459111772
-0.8683405273
0.9946575197
-0.3305048963
0.1174812883
1.1945006859
0.9883008337
-1.1761197726
-0.1604471569
1.2409006784
-1.0614641446
0.5966648608
0.0904122744
-1.0946210055
0.8895028974
-2.0282357283
1.0167711627
-1.8550009309
1.3600280930
2.4142172583
1.4731421746
-0.7022010910
1.2701743082
-0.2352932514
-0.7542965221
-0.1423853904
-0.2656182419
-0.7690963560
1.6456399876
0.9201652711
0.0627602525
0.0256115326
-1.4121034710
-0.7533748594
-1.0428222170
-0.2779829016
-0.6698934568
-0.8597543921
1.2592802073
-1.4961769413
-1.4910682216
-0.6509158700
-0.3723016551
0.5520261376
0.4386769184
0.9485738448
-0.6518226630
-0.4429410837
-0.9065092907
0.3226506768
-0.7435148237
-1.0653138064
0.3726074497
0.3672343588
2.5105468917
1.1788300166
1.0327472812
-0.2829646521
0.6598229144
-1.2677942080
-0.7815522552
-0.4294618906
-3.0100447601
1.1108012979
0.9777726777
-1.6801836082
0.2173599270
0.0612502845
-1.3184144453
-0.3614282455
-0.2001649706
-1.2723520876
-0.9348990817
-0.4089002243
-0.0269353745
0.3326049507
-0.5054313893
-0.2158774496
-0.1630088972
-0.1656373821
1.1289734552
-0.7335149791
-0.6736025221
2.1617323178
0.3332918893
1.1193400913
0.9910654820
-0.8314850640
-1.8608682536
-0.3734230530
0.3337004576
0.9629077847
2.0587100803
0.3038597096
-0.5408785680
2.0595178204
0.5434962119
-0.2845440145
-2.0837871011
-0.5700569973
0.0057598162
-0.0436347773
1.1665899000
-2.1177034032
-0.4070340666
0.8035592037
0.6086258986
-0.3368435663
0.6546765956
0.4387326910
2.3458253417
1.3812189799
-1.5530747716
-0.4516656840
-0.0553888464
0.3713373550
0.6508150395
-0.3577339217
1.2901041669
-1.0959643209
-0.8159985365
1.2097151099
-0.7487300441
1.5032352335
1.1034772353
-0.0511707806
0.6615565146
-0.6830240679
0.0717204620
-0.4937419944
0.4688451505
-0.9213052387
-0.3821675067
-1.1261322291
-0.0632266648
1.1059391211
0.0753790929
1.9847600800
-1.1730204064
-1.2863112397
0.2937210349
-1.9416390324
1.0499690508
-1.2014498493
-0.0874641065
-1.2756522863
0.4598165837
-0.8181861620
0.7604926530
0.2198041370
0.6394199317
0.2960524292
-0.6371333321
-0.3761945866
-0.0057974803
-1.4615762416
-1.3642020379
-0.3465864859
-1.0883644082
-0.4305037838
-0.1633010842
0.2541194323
-0.7803144092
0.6838106184
-1.1394943561
-0.6981138780
0.0284247712
-0.2159148088
0.4495458320
1.2870835687
1.3776169378
0.9853557299
-0.4229162369
0.2669747952
-1.6788931756
3.4447526386
-0.6213428898
0.3093898188
-0.1347990665
0.2558873781
1.2313639018
0.2388538169
-1.1943751432
-0.1206145746
0.9787327758
-0.3014789338
0.0011379861
-1.1074495436
0.8387630169
2.0991753600
0.6093920435
0.9269355369
0.6473552702
0.5801752491
0.2578799926
-0.0682546310
0.9302249608
0.2129353734
1.0215127340
1.0463255946
0.6590941536
0.7338861324
0.7836652331
-1.2379184753
-0.6256705744
-1.1364839342
-1.2637791190
-0.1700073967
-2.1744529765
-1.4163155747
1.6138042835
1.0322659215
-0.3742798288
-0.5974195593
1.3774900455
1.1568627924
-1.3009537403
-1.0490355882
-2.4829270240
-3.1432782592
1.1488243016
-0.0194410878
-1.3021257266
1.5570481592
-0.1729199542
-2.0601990234
-0.6094579784
-0.7883206194
1.9969188848
-1.1353568808
-0.1994798033
-0.4678709910
-0.7688206818
-1.2723581146
1.6944156284
-0.1181290480
-1.4762963334
0.3310528374
-1.5301423116
-0.5573378256
-1.1625302590
0.0242799436
-0.8411294758
-0.1805798150
0.7686138521
1.0078800581
-1.1611529666
0.5203948515
0.6120514124
0.0877881906
-0.0443984885
-0.7609980938
0.6410080851
-1.1932235237
1.5780349322
-0.0161424520
0.2948158655
-0.2090696258
0.1387971682
-1.2325198323
-0.3675616734
-1.1807271456
0.6234777018
0.6756677076
1.7885324747
0.2020369712
-0.4497212581
0.7519392003
-1.6032213495
-0.6821882900
-0.0638274549
-1.0408386734
-1.4443962563
-0.1379352080
-1.6927371654
0.0524371198
-0.4184378220
-0.0140827906
-0.8563750490
-0.0006766355
0.0682832414
-0.5095185529
-0.0152135458
-0.0869979677
1.0748272956
0.1922982022
1.6568498453
-1.1907742559
-0.2237258504
-0.8626319606
0.8919401255
0.3903740248
-0.1863396259
-0.9536438422
1.0948558535
-1.3809925095
-2.4173277149
-0.4014330763
-1.0334793115
0.4479564313
0.2143100125
0.1210861596
0.3898150141
1.5995766536
-1.6829383177
-0.4796117071
2.8398913229
0.7614737682
-1.0737132256
0.5115772746
0.7485587334
-0.4342721661
1.5528405390
1.1991161836
0.6498248605
-1.2755458389
-0.4908451631
0.0049674391
1.5628513424
0.9098862014
-0.4280559640
-0.7090872675
0.3479014422
-0.4290912619
0.6074315933
0.8004716313
1.5923981211
-0.8173934459
-0.2457761997
2.1553281421
-0.9656421238
-1.0990262245
1.1593614558
0.8885832092
-0.0240040253
-1.0335550775
0.8288001962
1.2127878106
-0.0185710152
-0.4941029126
0.9570678311
-0.2671402843
1.0399516532
-0.1609821680
-0.9816756345
-0.8106539587
0.4980805019
-0.7346480504
-0.1711415588
-1.2943665970
-0.2606787065
-0.8036760211
0.5080823560
0.5345004030
-0.0886712159
-0.0884627611
-0.1281729791
1.1378537498
0.9301862763
0.5182733740
0.1114940277
0.7799915694
0.0774831502
2.2810025410
-0.6841530645
-1.7367846164
1.6615314253
0.7431299280
-0.0438836216
0.3776361165
-0.3805235627
1.0894374782
-1.1782040166
-0.2360620586
-0.0747610229
-0.4782094909
-0.7119099834
0.7210342574
0.6553777891
-2.7040890245
-1.5990180799
-0.7134580267
1.6866622653
-0.5943189009
-3.3500139955
0.3994290463
-0.4480141820
1.3124041336
0.5605937148
-0.2506756176
0.5905032392
-0.8913958821
-0.1533222832
0.4778337944
-0.5910734303
0.3449321192
-1.0398538700
-0.0578034660
-0.3108427697
-1.1555294532
0.4570482966
0.7153856017
1.2852820487
-1.6935709366
-1.9074371673
-2.9736838530
0.5977619219
1.5830354833
-0.3576855843
0.4949521217
0.2927555584
-0.5035984631
-0.4610619777
0.6138100779
-1.0909530725
-1.3546697230
0.5793532473
0.3955446323
-0.5741958384
-0.8588769025
0.6328430899
-0.3228289485
0.6244521574
0.0485935112
1.7610784625
-0.5027561988
0.6956694428
0.1012265764
-0.4577043447
-0.7183473928
2.4392883669
-0.9849801276
0.0665919322
-1.4859952902
-0.0672541655
1.3442632949
-0.5583408269
-0.0579959462
0.3486706768
0.3980165998
-0.5551811108
0.4807321938
-0.7610340041
0.2554054849
-0.8413723779
0.2111090557
-0.3156329887
0.1170144214
-1.2963131309
-0.9775169148
0.3240842583
0.1121579087
-2.3120582665
-2.5633631762
-0.6960704760
0.1287633140
1.3966696285
-0.3047973628
1.6046626214
-1.5079505378
2.1696079805
-1.8240913182
-0.7645238295
-1.6381466161
-0.3729403909
1.8675582592
0.4917737517
