17 2 0.01
68 0 3 0 5 0 6 0 7 0 8 0 9 1 1 1 2 1 3 1 4 1 5 1 6 1 7 1 8 2 2 2 3 2 4 2 5 2 6 2 7 2 8 3 2 3 3 3 4 3 5 3 6 3 7 3 8 3 9 3 10 4 0 4 1 4 2 4 3 4 4 4 5 4 6 4 7 4 8 4 9 5 2 5 4 5 7 5 8 5 9 5 10 6 6 6 7 6 8 6 9 6 10 6 11 7 5 7 6 7 7 7 8 7 9 7 10 7 11 7 12 7 13 8 6 8 8 8 10 8 11 9 6 9 7 10 6
71 0 1 0 4 0 5 1 1 1 3 1 4 1 5 2 1 2 2 2 3 2 4 2 5 3 0 3 1 3 2 3 3 3 4 3 5 4 1 4 2 4 3 4 4 4 5 4 6 5 1 5 2 5 3 5 4 5 5 5 6 6 1 6 2 6 3 6 4 6 5 6 6 6 8 7 0 7 2 7 3 7 4 7 5 7 8 8 0 8 1 8 2 8 3 8 4 8 5 8 6 8 7 8 8 9 0 9 2 9 4 9 5 9 6 9 7 10 1 10 2 10 3 10 5 10 6 11 3 11 4 11 5 11 6 11 7 12 3 12 4 12 5
0 3
1 1
0 0 0 0 0 0 1 0 1 1 1 1 1 0 0 0 0
0 0 1 0 1 2 2 1 1 1 1 1 0 0 0 0 0
0 0 1 0 1 2 2 1 1 1 1 1 0 0 0 0 0
0 0 1 1 1 2 2 1 1 1 1 1 1 1 0 0 0
0 1 1 2 2 2 2 1 1 1 1 1 1 0 0 0 0
0 0 1 1 1 2 1 2 0 0 1 1 1 1 0 0 0
0 0 1 1 1 1 1 1 0 1 1 1 1 1 1 0 0
0 0 1 1 1 1 1 1 1 2 1 1 1 1 1 1 1
0 1 0 1 1 1 1 0 0 2 0 1 0 1 1 0 0
0 1 1 1 1 1 1 1 1 2 1 0 0 0 0 0 0
0 1 0 1 0 1 1 1 1 1 0 0 0 0 0 0 0
0 0 1 1 1 0 1 1 0 0 0 0 0 0 0 0 0
0 0 0 0 1 1 1 1 1 0 0 0 0 0 0 0 0
0 0 0 0 1 1 1 0 0 0 0 0 0 0 0 0 0
0 0 0 0 0 0 0 0 0 0 0 0 0 0 0 0 0
0 0 0 0 0 0 0 0 0 0 0 0 0 0 0 0 0
0 0 0 0 0 0 0 0 0 0 0 0 0 0 0 0 0
0.7509416949
-1.6377719094
-1.1992312025
0.8869253290
1.8354140811
0.2525826203
-0.9894170628
-0.6530618374
-1.5547248410
0.3619667425
-1.2475589439
0.1422008082
0.4183949250
-1.2480717514
-3.3683066097
0.6844022250
0.9158457891
-0.0259950739
-1.0277284634
0.7444932548
-1.1514482537
-0.8575595263
-0.0849034652
1.2137915843
-1.4783211450
-0.6347958239
0.6426049584
0.8838084864
0.8034808627
-0.1036305855
-2.9549496023
0.6142443597
1.3161822946
0.4418543861
-1.7440789958
-0.4417222935
1.3637615004
-0.2377881006
-0.6973611545
0.7619358396
0.6804040180
-0.8357842294
-0.6266678170
0.4544935588
0.0821074448
-0.0353188497
0.6957866595
-0.3023156477
-0.2574864317
0.1091557377
1.0199993654
0.5723842112
1.2142073836
-0.9622506704
1.5280357489
-1.7953663647
1.2092105674
0.6513577521
0.4805797298
0.6191675399
-0.6805565009
0.0717568114
-0.8622533007
-0.5747494513
-2.2704452793
1.8590491714
-0.8852662680
-0.0608242172
0.8791573302
-0.2541906397
0.0144818878
0.5223710562
2.1950059334
-0.3662308883
-0.6341738941
0.3806486815
-0.8280829194
0.5250705173
-1.7298268670
0.6997858891
0.0286853327
0.0590247709
0.1678177487
-2.4358862189
0.0525949988
-0.0685856135
-0.1078147243
0.9599634944
-0.2333423352
0.5953021258
-0.7075886993
0.9489172982
1.3197070882
0.9281108581
-0.2219207539
-1.5388010685
-0.7034710134
-0.4887506723
-1.4090638131
2.1373171167
-0.2885489406
0.3808617945
1.4569913095
1.7489206916
-0.3301096422
1.2519085056
1.7308144959
-2.2043965407
-1.2019944622
-0.2754353841
0.2362547610
-0.4891696073
0.6558321250
0.7812183321
-0.7095759169
-0.4938455743
-1.4078093476
-0.4586896925
-2.1222970354
0.3662631604
0.0143135917
-0.7093955899
0.4311521442
0.2176341035
-0.4459151014
-0.6865651746
-0.1128362407
-0.1013956918
1.2640230901
-0.1745231171
-0.6031188758
0.9013099653
-0.8155175727
1.3391986951
-0.7386151301
-0.6014272406
0.3126556270
0.1279364290
-0.5569880952
0.2654260791
1.3018857360
-2.4720853722
0.5389488360
0.0555507874
2.3483757123
0.2154486672
1.3315180478
-0.1591294019
-0.9020077500
0.4886720440
-1.5548991385
-1.7068414959
0.0805852045
-0.3440247957
0.8351295625
1.1954090729
-1.4771185787
-1.7315559525
-0.8851586359
0.2267500230
0.3237106967
1.3979856118
0.6550615917
1.9034685030
-0.3970841973
-0.5122574609
1.7233998568
-1.9593591009
0.2850813375
-0.7351487068
-1.2103277880
0.6994889738
0.5528048227
0.4948972071
0.8114120710
-1.3928491480
-0.7863312493
-2.3377872667
0.5463766012
-1.5380723376
-0.0646143455
-0.3542547863
0.2799125371
0.8008354143
1.1882141063
-0.3790442129
-0.2977559956
-0.2082580945
-1.4376210178
-1.3619863833
1.5914911428
0.6156557832
-0.5437200090
-0.2701451201
0.6331592267
0.5584613566
-0.4893829773
0.4875381057
0.4814516492
0.9328382230
0.5388865308
0.2137389162
0.9658803569
-0.4126900495
-0.9433853083
0.0447142755
-0.4467924599
-0.5704316135
-1.1242188931
0.8506138547
-2.3795576053
-0.6465917246
-1.3809509618
0.6750444378
1.9639874005
0.7524853982
0.2881183452
0.1050594415
-0.2311360990
-0.9417800752
0.2131814310
-0.1451753947
1.2921019456
0.6473823430
-0.5991420370
-1.7001443385
1.7290053202
-0.3599754700
-0.6721249004
0.1183440100
0.4117368051
1.5448733581
0.4301534451
0.5822324359
1.4890028941
1.7927434375
-0.5201761144
-2.5337835203
2.0426204477
1.0738617519
-1.2049380655
-1.8847519626
1.0102655231
0.4024048786
0.6202211086
1.1386880925
0.2671074267
0.7493604066
0.5981562022
0.5272292931
1.0662111595
-1.2100627912
-0.6465745126
0.2731948630
0.2997936983
1.7591639725
-1.1968998141
1.1651503229
-0.5234756551
0.2055280670
0.3185887726
0.4641075734
-0.4554758250
0.1001115167
-0.0049341902
0.5356181426
-1.3677741425
-0.3224901593
-0.0451641249
-1.3407237449
-1.0075210734
-0.7891096083
0.0386865112
0.0421567396
0.1771579161
0.2554139648
-0.4381173329
0.2625877103
1.5986325394
1.7693047788
-2.1188414939
-1.4436112881
1.0122653793
0.5208156568
-0.4156274178
0.0478019379
-0.5888122911
0.1792728277
-1.6357099848
2.8663537435
-0.0084197276
-1.8771142684
-0.5547022260
-0.6669908398
-1.5087391173
0.5862731757
1.6240319632
-0.5677496597
0.1097087182
-0.4229816172
0.0260448091
-1.0408277555
-0.0516007195
-1.0532604947
0.3183987970
-0.7284804133
0.5573203850
0.3313463740
1.2564880964
-0.7933572671
-0.5887717883
-0.8166040691
-0.6555066655
-0.2835221449
0.1217447079
0.7713034094
0.0445421110
-0.6420173179
-0.3627770118
-0.9846753295
-2.0177444496
-1.4031415990
-0.0942056077
-1.3499280780
-0.0304182102
-1.0948492515
-0.0434924864
1.0285082322
0.3089741923
-1.1400036284
-1.7999465793
-0.0061855515
-0.8489413233
0.9950409745
-1.0353854724
2.9762190641
-0.1451947878
0.1560032979
-0.1899680991
-0.6328663748
-0.1583821846
1.0030039151
-0.5964607804
2.2466003892
-0.8337864517
0.1961893042
0.5264161787
0.4749268179
-0.8155711678
-2.0200669652
-0.3938579978
0.2965135376
-0.4374235420
-0.6823380091
0.8258572806
0.1477035093
-0.6109093786
-0.8518610981
-0.8187406168
1.4676900812
-1.2561083477
0.4640575262
-0.7783876191
2.0228512190
2.2624287193
-0.3642088149
-1.8543230786
-0.8050038415
0.5644691278
1.1721660695
-0.3158087872
0.4298836458
-0.5636125219
-1.3792085049
0.5209280536
0.7785509972
-1.4678670363
0.5672289622
1.6395524566
-1.5228858564
0.3318356667
-0.7349893943
0.1465577108
-1.3116133726
-0.3203423928
-1.5612103124
0.7047255890
1.0564958848
-0.2697623494
-0.4904579464
-0.1362107488
0.6437951570
-0.1446885866
0.4244078573
1.1490294090
2.2667170642
1.0481596035
-1.8464627076
0.1789383800
0.3404883603
0.7790756166
1.2962404434
0.0495989921
-0.9439098830
-0.2917453562
0.3787606510
-0.7126276449
-1.3482357266
1.1037149390
-2.2838559698
-0.6134811753
-0.1550730626
-0.0484062456
-1.1729926004
-1.9268820640
0.1482441786
1.0677144843
-1.7073073240
1.5525247140
0.1751630443
0.4177126135
0.5857157639
-0.7068846875
1.2290358197
0.8594906037
-0.2054457815
-0.0862102392
0.0018740591
-0.1511171681
0.2053725421
0.3192301910
-0.8833320655
-0.9923597976
1.0008893429
1.2481049974
0.4375216158
0.3477729109
-0.1606329243
1.6842752515
-0.2339085874
1.4931730538
0.4994049941
-0.4593956983
-1.1697789474
1.6090818903
-0.1826156979
-0.2641502144
-0.5086645998
0.4918706882
-0.5682298082
1.5493590183
-0.0984462767
0.4421904407
-2.7208261098
-0.7582585081
0.4296982942
0.9291333644
0.0516125945
0.7305657240
-1.1354009216
-0.8188514073
0.1266158456
1.0516855637
0.4534365247
0.2608458184
-1.6759923533
-0.4156352234
-1.6934336123
0.9733787601
-1.5865373274
-0.3669616767
-0.7746155411
-0.6877315667
-0.0767194760
0.0446950718
-1.4915966456
0.5928892683
-1.3493926001
0.7601125328
0.3134642859
0.6530272942
-1.7557373255
-0.9972545226
-0.2209113400
-0.2067914772
-1.1473337652
1.2743195380
0.0851053660
0.5489480143
0.1424426678
-1.5603964299
-0.6467048095
1.6533126274
-0.5775671412
0.1267418796
1.8296959946
1.2474954658
-0.3949136716
-0.9911758984
-0.2363493335
-0.1810042766
0.7062644514
0.2452187342
-0.5519142531
-1.5045573745
-0.5836388009
0.0434444879
-1.0224229415
1.7095735477
2.5011517364
1.4063538965
0.8443035570
-1.9264686358
-0.3301386825
1.3315768254
-0.5529249957
2.2286448041
-0.1433037717
-2.1159107995
-0.4654821001
-0.7741562110
0.1330810908
-0.6622911164
-0.3105612721
-1.0527578645
-0.1744882823
0.3016566394
0.4996119124
1.1639387804
-1.2204573152
-1.3225779739
-1.7547932297
0.7632764646
-0.0380689275
-0.8065680073
-1.0969619598
0.1424826005
-0.5789307764
0.2834553808
-0.7100055341
-0.9097646240
-0.0249878019
-1.8257403415
-0.1726069374
-0.2586480466
0.9386300960
0.9376972658
-0.8390866262
-0.6240653690
-2.1020608153
1.7008212386
2.9723608585
2.0236889853
-0.3559227152
-1.4326105154
0.2118099312
-0.8288819246
0.0670491395
0.0758648919
-1.6605970049
-0.9206321058
1.6913898920
-0.6149860213
0.9094837653
-0.3877184911
0.2025573622
-0.8152338671
0.8184752632
-2.3339532192
0.1985872479
0.0266741646
2.5012993694
-0.0643490339
-0.1112875483
-0.2621266008
-0.7258910222
-0.8650408862
-2.3184721217
