15 10 0.11
4 0 0 1 0 2 0 2 1
4 0 1 1 1 2 0 2 1
5 0 0 1 0 1 1 1 2 2 0
5 0 1 1 0 1 1 2 0 2 1
5 0 0 1 0 2 0 2 1 2 2
4 0 0 0 1 1 1 2 1
4 0 0 1 0 2 0 2 1
6 0 1 1 1 2 0 2 1 3 0 3 1
4 0 0 1 0 1 1 2 0
6 0 2 1 2 2 2 3 0 3 1 3 2
9 11
7 5
7 11
8 13
6 11
10 3
9 4
2 2
2 8
10 0
0 0 0 0 0 0 0 0 0 0 0 0 0 0 0
0 0 0 0 0 0 0 0 0 0 0 0 0 0 0
0 0 0 1 0 0 0 0 1 0 0 0 0 0 0
0 0 0 1 0 0 0 0 1 1 0 0 0 0 0
0 0 1 1 0 0 0 0 1 0 0 0 0 0 0
0 0 1 1 0 0 0 0 0 0 0 0 0 0 0
0 0 0 0 0 0 0 0 0 0 0 1 0 0 0
0 0 0 0 0 0 1 0 0 0 0 2 0 0 0
0 0 0 0 0 0 1 0 0 0 0 2 2 2 1
0 0 0 0 1 1 1 0 0 0 0 2 0 1 1
0 0 1 1 2 0 0 0 0 0 0 1 0 1 1
0 0 1 0 2 1 0 0 0 0 0 1 1 0 0
0 0 1 0 1 0 0 0 0 0 0 0 0 0 0
1 1 1 0 0 0 0 0 0 0 0 0 0 0 0
0 0 0 0 0 0 0 0 0 0 0 0 0 0 0
0.8173646060
0.7004549645
0.3764780965
-0.6581896996
-1.3880691071
1.0002271527
-0.4574225851
0.6116161664
-1.8260755012
-0.0557244846
0.9742481997
-0.9258831794
-1.7278096980
1.2833624842
-0.9699826176
1.0692160527
-0.3306438367
1.3200584825
-0.6877838097
0.8424125318
-0.2760795891
1.6051360352
0.1744798034
-1.1165815882
1.4280497967
-0.9053935511
0.5187195025
-0.8661175254
-0.0537090496
0.0896127449
0.5483108709
1.3777655764
-0.4083050851
0.8011822861
-0.9769705628
1.6729038836
-0.9920365381
0.3575864251
-0.9345277278
0.8580214619
-0.9473910401
-1.1584772240
-2.1819045800
-0.5762963916
1.4244047418
-1.9292566293
-0.0417736416
0.5718657664
-0.8065294361
0.5469165156
1.7396569131
-0.1466558205
0.3103233209
1.1063619168
-1.7130396906
0.5992610964
-0.8856067087
-0.7229152894
-0.9425444784
0.2943867958
0.6929409213
3.1481726697
-0.6472583133
1.1275901549
-0.9079946595
-0.6468199569
-0.1199740059
-0.3025992286
-2.0571924022
-1.4444720189
0.9799527462
-0.7378142707
-1.2328547854
1.0907616558
0.7364331141
-1.0679808376
-1.2421580267
-0.9389715590
0.4890398245
1.7680071483
0.7929761609
0.2527952300
0.6810249617
-0.2072757235
-1.5681392308
-0.9864152328
-0.4738706037
0.4929211076
0.4676870885
0.3981031300
0.6937126524
-0.4477354480
1.3192574447
1.3779849050
-1.1074932802
0.4933226743
-0.3932792263
0.0038401037
-1.0412010961
-1.0010091490
-0.5788148071
-1.4162764792
0.7252787541
-0.0004381414
-0.0853714277
-1.1333544139
-0.9507105319
0.0814144454
0.3389655835
-1.7140509752
0.1424207714
0.7028271994
1.1070628757
0.0246747073
-0.6636551339
-0.2449292214
-0.4019312106
0.0150848329
-1.0857659974
-0.2712661794
1.5323750801
-2.0493400082
-0.8729046949
-0.5094163510
-0.9452629528
-0.8723671955
0.9451573805
1.4106012308
-0.1760694709
-1.3797133297
0.4761322266
0.2683029232
-0.6317176592
-0.2664220781
0.4570058661
0.4090673742
-0.2228818858
-1.5463337924
-0.8801565170
0.4918917367
0.5559355835
-0.2036673543
-1.0225151154
-1.2774332012
0.9475614996
0.1570226812
0.1042018412
-1.3879039271
0.8617676548
-1.7640368836
-2.3036272025
1.7267373218
-0.6803648486
0.1574136820
0.5078837268
-0.7518203482
0.7669682886
-1.1987459245
-0.6611543997
-0.7616704210
1.0729371687
-0.7002273105
-0.9995433634
0.8533741407
-1.5623404664
-0.7549431212
-0.3422480234
-0.0459817154
-2.1759445882
-0.7730645116
0.8595933845
-1.1334645280
0.7205312218
-0.3269487739
-0.3195815949
-0.4972550070
1.5663005042
-0.1879769648
-1.8169838860
-0.1866001408
-0.7582186306
-0.4985875519
0.6650198248
1.9591290855
0.2137894153
-1.4923232456
-0.1331048752
-1.1183364323
1.0420218361
0.1126956906
2.3278700756
-0.0378054024
0.5327585523
-0.9541951266
0.4048509602
0.6954929713
-1.7206976368
-1.3301495048
2.0549031994
-0.7688503840
-0.1849652759
-0.4252109879
1.1209305280
0.5522887160
0.5582881626
0.9966929952
-0.2135489554
-0.8844898306
-0.7699154878
1.2077203845
1.8629480583
0.1066376468
-1.9994311436
-0.2354464397
1.2140412961
0.4376160738
0.0341454126
0.5320738544
0.8377917258
1.2221640083
-0.3748018604
0.5862733186
0.6899698397
0.7634242652
-1.7952089074
0.0419240310
0.9496492339
-0.6818104327
-1.4548998514
-1.2657152692
-1.8900123331
0.6721593357
-1.3657102500
-0.2338325525
0.5943372591
-0.0864867904
-1.2649311688
-0.0972428659
-0.5532474107
-0.5146776895
-0.8790051146
0.7307618346
0.9951732753
-0.0936102412
-0.8261086494
-0.1326553940
-0.8273892676
-0.2832344647
-1.8091965704
0.4333915590
1.1201280825
-1.0057957859
-0.5378474905
-1.9319328550
0.6352254877
0.7396808756
2.0278937065
1.8712386897
-0.4816546875
0.0641896414
1.3821029936
0.2908247085
-1.4748513436
1.2626695815
-0.0788234818
0.0645869565
-0.2165224889
-0.7313326893
-1.3949731218
-0.2801388860
-0.5226164311
-3.1151312097
0.0081559950
2.0407355091
-0.7264516751
-0.8149767842
0.6424012894
-1.0617975534
-0.5788681678
0.0902713006
0.4680941773
-0.7497541921
-0.1633839228
-0.1765172310
-0.3664908089
0.7541435137
-0.4673329481
-0.1947817823
0.6167912178
1.0160398124
-2.2376494703
0.9819071299
1.0577515000
-0.5572932314
0.6778352537
0.6531770693
1.6230606196
0.0663498109
0.5024329089
0.5219489454
0.6449045023
-2.2173156664
0.8092883969
0.6005830636
0.3464268048
-0.9308802617
2.2172439853
-0.1176657176
0.1615718780
-0.0871800610
-0.1653561772
1.2672766076
0.6153876163
0.6517735052
0.0057244374
-0.1507679743
-0.0383397621
0.2330293037
-0.8785172788
1.3196192155
0.5951416979
-0.3353396088
2.0015359090
0.3223418338
0.3436120513
-0.6915942177
0.6291338106
0.6367644193
0.4327394012
1.3103290474
-1.5754847808
0.0331782288
-0.2205874013
0.4133553831
0.4145286400
0.3205573898
-0.3165497636
1.0689673447
0.6227421352
-0.4334948776
0.7722497147
-0.5904764115
1.0643500887
0.0713244274
-0.5373771845
-0.0026190712
1.1581887251
-0.7349117887
0.1234464523
-0.9633807550
-0.7546196879
-0.0366340470
0.4830259011
0.8524277336
1.3714444280
0.1698646090
-1.4867466851
-0.4145637770
0.7312898780
-0.0481263363
-0.1415731246
-0.0062394130
0.4963610720
-0.0335011136
1.0465578784
0.2107341051
1.3117005894
0.9951262379
0.0551726477
-0.4917446466
-1.0811242653
-0.8592504955
0.7017409996
-1.5584932158
-0.6826475914
-0.0108583382
0.0412885569
-0.4361923319
-0.9649884376
-1.1342305096
0.7322244889
0.9948708923
1.7381571924
0.9313239939
0.3212278223
-0.0495049929
-0.6040502198
0.7850321930
0.3157572189
-0.1473759167
0.3812873117
0.2726245298
1.8606383627
1.1967725128
1.4466415504
-1.7507035598
0.1910997178
1.0377215434
0.7999941880
-1.5296613340
-1.6783143299
0.3893966733
0.1238106558
-0.7157841261
0.1788308048
-0.0963460299
0.5590260285
-0.9173123986
-0.9195051071
-0.1559779478
0.8454054826
0.0319622160
0.6912703226
-0.6683755904
-0.5262836600
0.5513689230
-0.5166689941
0.1022516001
0.5969497534
-0.4286273635
0.1268442176
-2.4671299673
1.8961405966
2.1139109960
-2.0840052697
1.8649410991
1.9320675164
-1.1961408734
0.6255598080
0.4861020539
0.3664238233
-0.9933001158
-1.0958288822
2.2119822077
-0.4897625698
-0.2674969515
1.2785496592
0.0909863386
-1.6210552209
-1.0446971947
0.3004550405
-0.1521083619
-0.5911817327
-0.1512301435
-0.8360777160
-1.3964265301
0.5985705091
0.1244186776
1.1544525791
1.2969380176
