19 9 0.07
18 0 1 0 2 0 3 1 0 1 1 1 2 1 3 1 4 1 5 1 6 2 0 2 2 2 3 2 5 3 1 3 2 3 3 3 5
17 0 3 1 2 1 3 1 4 2 2 2 3 3 0 3 1 3 2 3 3 4 1 4 2 4 3 5 2 5 3 6 1 6 2
16 0 0 0 1 0 2 1 1 1 2 1 3 2 1 2 2 2 3 3 1 3 2 3 3 3 4 4 1 4 2 5 2
18 0 2 1 1 1 2 2 0 2 1 2 2 2 3 3 2 4 2 4 3 5 1 5 2 5 3 6 3 6 4 6 5 6 6 7 3
18 0 2 1 1 1 2 2 2 2 4 3 0 3 1 3 2 3 3 3 4 4 1 4 2 4 3 4 4 5 1 5 2 5 4 6 2
18 0 2 0 3 1 1 1 2 1 3 2 0 2 2 3 0 3 1 3 2 4 0 4 2 4 3 5 2 5 3 5 4 6 3 6 4
16 0 4 1 1 1 2 1 4 2 0 2 1 2 2 2 3 2 4 3 1 3 2 3 3 3 4 3 5 4 2 4 3
17 0 2 1 1 1 2 1 3 2 1 2 2 2 3 3 0 3 1 3 2 3 3 4 0 4 1 4 2 5 0 5 2 6 0
16 0 0 0 1 0 2 1 1 1 2 2 0 2 1 2 2 3 1 3 2 3 3 4 2 4 3 5 1 5 2 5 3
14 6
2 4
11 5
0 2
5 0
11 11
2 12
2 4
2 6
0 0 0 0 1 0 0 0 0 0 0 0 0 0 0 0 0 0 0
0 0 0 1 1 0 0 0 0 0 0 0 0 0 0 0 0 0 0
0 0 1 1 1 1 2 2 1 0 0 0 0 0 0 0 1 0 0
0 0 0 0 1 1 2 3 2 0 0 0 0 1 1 0 1 0 0
0 0 0 0 1 2 3 3 1 0 0 0 1 1 1 1 1 0 0
0 0 1 1 3 3 2 3 1 1 0 0 0 1 1 1 1 1 0
0 1 1 0 1 3 3 2 2 1 0 0 0 0 1 1 0 0 0
0 0 1 0 2 1 2 2 1 1 0 0 0 0 0 0 0 0 0
1 1 1 1 2 1 1 0 0 0 0 0 0 0 0 0 0 0 0
0 1 1 1 1 0 0 0 0 0 0 0 0 0 0 0 0 0 0
0 1 1 0 1 0 0 0 0 0 0 0 0 0 0 0 0 0 0
0 0 1 0 0 1 1 1 0 0 0 0 0 1 1 0 0 0 0
0 0 0 0 0 0 1 1 1 0 0 0 1 1 1 0 0 0 0
0 0 0 0 0 0 1 1 1 0 0 1 0 1 0 0 0 0 0
0 0 0 0 0 0 1 2 2 2 0 1 1 1 0 0 0 0 0
0 0 0 0 0 0 2 2 1 1 1 2 1 1 1 0 0 0 0
0 0 0 0 0 0 1 1 1 1 0 1 0 1 1 1 0 0 0
0 0 0 0 0 0 0 1 1 1 0 1 0 0 1 1 0 0 0
0 0 0 0 0 0 0 0 0 0 0 0 0 0 0 0 0 0 0
-0.7247048026
1.3878667332
-1.4057698518
2.0645179070
0.9986591683
0.9852791701
1.1111021323
-0.9228267821
0.5156226256
1.9154932410
-0.6211793019
-0.6723827797
0.7955767025
-2.2623903937
0.6039381816
0.0652493122
0.8613195344
0.4821195195
0.5404012252
0.3844813626
0.9198901949
-0.4310107263
0.8398128896
-0.5150584899
-0.3423930587
-1.1676707965
-0.4433625815
1.1212863146
-0.6893482705
-1.8851260036
0.7879482773
-0.0149774655
-0.2029496975
-0.5582024353
-1.9032062071
1.8674293305
1.3193178164
0.6984032491
-0.7168436822
1.1026352109
0.1410546228
-1.5344444745
-2.7418496524
-2.6181903754
0.2462864623
-0.3756555580
-0.7932572641
0.7301957005
0.5320883540
0.0309747420
0.2019526895
-0.2053368369
-0.6018149765
-1.3834276582
0.2234056194
-1.3255792148
1.4214568395
0.5859079215
-0.4058931859
1.2309515291
0.8332939825
1.7225630805
-0.5246990818
0.9260704395
1.3641271901
-1.5639675055
-1.4914764730
0.2827616028
-0.3630365950
-1.8260800262
0.3995203751
-0.5700989601
-1.6962077526
-2.0721060965
-0.7672078918
-2.2429510494
0.3877209897
-0.4099216174
-0.4130375549
0.4958001016
1.1717775792
0.2231245857
0.7997114724
-0.8722946339
0.6977186559
2.5491626907
-1.4011135825
-0.6271730809
1.0177405947
0.3047211871
-1.0706206943
0.9011756036
0.1412474774
0.0124802046
-0.3622117346
1.3292692000
-3.0787945236
1.1630341072
2.7693185951
0.3881028567
1.3090152190
-0.1208955747
2.4220359105
0.1302818748
-1.2827827954
0.1036169460
0.4678381142
-0.7202549437
1.0987930749
0.8785772172
0.1205241242
-0.4063940415
1.0742461669
-0.4951707489
-0.6101552631
-0.4874609063
0.2386444093
0.0033677963
-0.5992606653
-0.5039828075
0.6504416720
0.3047944106
-0.5250194435
-1.2925733983
-0.4727456955
0.3634084836
1.8052220654
0.1114392623
-2.2375212384
-0.6304817566
-0.6850220959
1.5224910078
0.3120398286
-0.9168141395
-2.3057861500
0.1292655203
-1.2648182434
-0.0241528249
0.2124390285
-0.2790408096
-0.9500532192
2.2112002836
0.0048409609
0.6660261807
-1.1625883620
0.0685823679
0.2991419706
1.6412148750
1.7434629459
0.6698561639
0.0847029607
-0.8345113694
0.2679870718
0.5968491137
-0.5551927734
-1.4629417892
0.4831891866
-0.2488102103
-0.2240454185
-0.3944904714
-0.6040678040
-1.5028359508
-0.1203645004
-1.2576218942
1.0427348149
-0.3679958738
-0.3231198708
0.8884615518
0.8221200862
1.4941041796
0.8796045932
0.4241245743
-0.9432967002
0.8091516856
-1.9307278008
-0.0757509951
-0.6016518769
-0.4635704154
-1.3601654491
0.5590513440
-0.0148229115
1.2989857439
1.5731241409
1.8949726587
1.0490460070
1.8009633534
-0.2977400657
-0.0189679571
0.1195999866
0.1665448106
0.6810632036
1.5013921618
0.0730591583
-0.4648442269
1.2822447167
0.4467473432
-0.5135690911
-0.6805521820
0.9067544748
0.3972955869
0.4902818389
-2.1628845230
-0.0481186370
0.6010581274
1.8732728236
0.5074330245
0.0137437353
1.1055411984
0.3923626554
1.1655175519
0.6214012721
0.2636152424
-0.2883374468
1.0297580907
-0.5184856301
-0.6970169807
-2.4633809227
0.7301084019
-1.3267526239
0.8864695008
-0.1946676643
0.4111516759
0.8439753967
-0.9665149974
0.1934233111
-2.5246776535
0.1018690691
0.7583133359
-0.1903467550
0.6201177494
1.1948115371
0.9940612230
0.8923660198
0.4137631614
1.5069545001
1.4682661237
-1.3207550493
0.8409529949
-2.4528882193
-1.3881859717
0.9330401478
-0.1892748477
0.5505126885
0.6633817143
-1.2409378092
1.1283368987
-0.6606983509
1.1247644931
-0.9207789585
0.7231343018
1.2942273190
0.3438607037
0.0125099619
0.4570706304
-0.1053464947
-2.4555178939
-0.0484233079
-0.9090731026
-0.9758341897
1.2167160383
0.2635520792
0.6505290321
-0.2305720364
-0.7897338233
-1.7746099944
-1.6192194029
-0.9154134331
0.9372357234
-0.4186582734
-0.9466478795
-1.0997259282
0.3475134136
-0.1487324794
1.8580747584
2.1833932662
-0.6353472016
-0.5117734435
-1.2107758600
-1.7838984193
0.9997013129
1.2586429712
0.2678279381
0.5881972817
-0.0025297381
-0.1924368927
-0.1836810376
0.7389875235
1.0498323036
0.2235540557
-0.0330415279
-0.1172062447
-1.3527777411
0.8640261393
0.2508870317
-0.0922031857
0.3438047218
1.2954663268
-0.7555023637
-0.6493042470
-0.5683167763
0.7918118394
-0.2891869999
0.2301620327
0.0374232742
-0.2123215458
-0.1320988009
3.3834474406
0.4723860944
1.4218130929
0.9394532222
0.5396067424
0.3441328088
-0.9992809714
-0.4212318031
-0.6464702814
-0.3586479316
-0.1358271146
0.1850262397
-0.5505846337
0.0094656795
0.3887284308
-2.1139781766
-0.1881951216
-0.6913868315
-1.0852035692
-0.9156967755
0.8660121611
-0.1206304134
-1.5180928874
-0.3499629378
-1.2506277407
0.9186658664
1.2593950491
-1.7930997010
-0.5416797004
1.4079337554
-0.9612890853
-1.3850590414
2.5903988215
-0.2729451858
0.9699869866
-1.8984434850
-0.1331781000
-1.4688204054
0.0934566182
1.5908852347
-1.0573565308
-0.9148046708
1.0180034544
0.1649721412
1.5594446505
1.3721263857
-0.6284540282
-0.4278484288
-0.4947478566
-0.9705483825
-1.6590589221
-0.4278386109
0.1910243745
1.4004755144
1.5160803717
1.8916721384
-0.3389663478
1.2030208985
0.9305028733
-1.0472646918
-0.4768905133
1.7652359550
-1.5363815404
-1.5518975780
0.9393406746
-1.0954486140
-0.6306937936
1.2430904378
1.7364838981
-0.0513751341
-0.1448380258
0.8970373272
0.9692786819
0.4290803736
0.8902959218
-1.6648962603
0.4444025951
1.0578834005
-0.1454686776
-0.6481776086
0.8445958937
0.8332180153
0.1536344781
1.7867762607
1.1147925631
1.3576006191
-0.6783039841
1.3837778953
-0.2602984173
-0.4415073426
2.0116768264
-1.8598005109
0.6963335526
-0.7844581894
0.2932094504
0.5017336750
0.7665759071
-1.6448245958
1.1274080130
0.0667848972
-1.4805132746
0.7735340102
-0.7504294416
-1.0721286621
-0.1786873333
-0.8103328801
-0.1000156197
-1.3292349214
-2.0676202943
-0.5871505700
0.7434404704
-0.8394700411
-1.0945257926
-1.2391203692
-1.8885011018
0.9584702767
-0.3318481687
-0.9944358811
1.4956361182
0.1495403273
0.2039847457
0.5422037761
0.6233078512
-0.3390305767
0.2272936729
1.7635930416
0.2270127217
-0.4012993641
-1.7955035048
1.6054688417
0.4896706111
0.9150788040
-0.0783932791
2.0464401109
0.5319318553
0.1082463115
-0.3302009882
1.4728922879
0.9191642511
-0.5185135182
0.5098682250
1.1687942323
-2.8705666050
0.5842927794
0.4732400448
-0.5051490895
1.3243673892
1.1255966121
-0.0235950534
-1.0568902138
0.7302492899
-0.3545423486
0.0733870302
0.0919474277
0.2610436874
-1.0730358357
-1.1520993759
-0.6572646281
1.4101320955
0.7313516993
-1.0141408271
-0.7227660366
0.0865398935
-2.5375172092
-0.5038671003
-1.5633572684
1.8839180721
-0.0586729539
-1.1020393002
1.5649438809
-0.6423344150
-2.2338226624
0.7865246709
0.2501659536
-0.6787094012
0.0261609269
1.0432720881
-0.4753232775
-0.2808529828
-0.2301381705
0.0013915560
0.3526118958
-0.5421728136
0.1790966930
-0.8409442521
1.5107566975
-0.0431178072
0.0896589072
-0.4960999550
-2.1170400137
0.3652790236
0.0884803172
0.7005228564
-1.4840908668
1.3818279394
0.0525825047
1.1285588273
-1.3453879523
0.5839616924
0.1017936156
1.8884548014
-0.4642869347
0.4675754620
0.4937915073
0.4119038741
-0.3559103833
-0.0095494949
0.0148647865
-0.2697093578
-0.9867197415
0.4717692435
0.2481133620
0.7512613374
-0.3280105786
0.2066250868
1.7333624076
-1.5466567084
-0.0589836117
-0.1683865880
-1.0493879903
0.7522737626
0.4884981707
-1.3712465460
-0.5853347367
-0.9323318456
-0.4123387588
0.0791878477
0.2887925539
0.3390819729
1.4278956271
-0.3431523201
-0.1477612432
-0.5861293592
-1.4093453141
0.1520100962
-0.5515899112
0.2418711157
0.4935163188
0.0233481013
-0.5851259805
-1.0058667406
-0.9700345840
-0.9418019168
-1.6587858409
-1.2046959920
1.1434541095
-0.7950420544
-0.1915749411
0.0483728331
-1.8769225928
-0.1748074877
-0.3338767873
0.9497434631
0.6088100251
-1.0413989060
0.4368989119
0.7678542245
-3.5245853527
-0.6849382813
-0.8655418371
0.1677003710
0.6138980890
-0.1800144745
-1.2042079669
-1.2701192644
-1.2322745114
0.9444165836
0.1914740527
-1.6339414073
-0.9241071804
0.8926567298
1.1810374226
-0.2514158573
1.5626864217
-1.2336369227
-1.3261666819
0.2149155232
-0.3639830515
0.8896915436
-0.0102047643
-0.1587509434
-0.5512779867
0.7029791402
-2.0985620878
-0.7685315714
-1.0847890156
2.0219162167
-0.2872921173
-0.1367261910
0.6117078703
0.1298680380
-0.3105968536
0.3806974937
1.5224548414
1.0975311223
0.6611623010
0.2016066219
0.7422730864
1.0559376251
-0.3459029733
-1.2965075960
1.1793851407
-2.9840348628
-1.7087822040
-1.1482229755
1.0698729319
-0.0771339425
-0.3286855425
-1.4958481616
0.6379649209
0.7490418824
-0.0901746037
-0.8390970332
-0.9412330030
-0.6370431624
0.0848607462
2.1300109039
-0.6245798278
-0.7625795552
-1.4716409004
1.1526361387
-1.9685235763
0.3181738103
1.8349910997
-0.8751342318
1.5473867872
-0.4501952205
2.1052225489
-0.7106160437
-1.5442149051
-0.5631947778
-0.3602119855
1.6935398163
-0.3746859198
-0.7524935523
0.9562687625
-0.4148611871
0.5024361173
-1.4056831281
-1.1122137256
1.2840056893
-0.8227513130
-1.9318064407
-1.1255125783
0.1096987146
0.1888623102
0.3180542189
0.4288737424
-1.0294138783
-1.1051206235
-1.2541941963
0.6454825128
-1.0750782714
-0.7142449394
-1.0190616436
1.4311391884
-1.3064514033
-0.0096521569
0.1790354041
1.5578782565
0.8381056913
-2.0223557686
1.3542122936
-1.1373150573
0.5347581975
0.1880421754
1.9294013331
-0.4217695083
0.5259391363
-0.8380743592
0.9469906868
-1.9452019732
-0.8124292764
-0.7167982244
-1.8960478796
-1.9819561903
-0.1568842510
1.1195284710
-0.3375790096
-1.1302812568
-1.4512942545
0.6395192991
-0.3967205919
0.0268285074
0.9208841394
0.6988221702
1.8694047204
-0.5178822296
-0.7434453307
-2.2191424331
0.2297409813
-0.6281032196
-0.3473848716
-0.0622721177
0.3718955502
-0.5532132112
-0.5062979524
-0.7363195348
-0.8017516714
-1.1148279248
1.2370297068
-0.9240983491
1.1863908076
-0.1815412282
1.0341566670
1.0744522208
0.6540003484
0.8410890770
1.0421218700
0.1894240802
-1.1339497553
0.5871565979
-0.4783010914
-0.0549141596
-0.4366825603
0.1850293381
