20 14 0.14
8 0 0 0 1 0 3 1 1 1 2 1 3 1 4 2 1
12 0 2 1 0 1 1 1 2 2 1 2 2 3 1 3 2 4 2 5 2 5 3 6 2
10 0 1 1 0 1 1 1 2 2 1 2 2 2 3 3 0 3 1 3 3
11 0 1 0 3 1 0 1 1 1 2 1 3 2 1 2 2 2 3 3 0 3 1
7 0 1 0 2 0 3 0 4 1 0 1 1 1 3
6 0 1 1 0 1 1 1 2 2 1 3 1
12 0 3 0 4 1 4 2 2 2 3 2 4 2 5 3 1 3 2 3 3 4 0 4 1
9 0 1 0 2 1 2 2 1 2 2 2 3 3 0 3 1 3 2
7 0 1 1 0 1 1 2 0 2 1 2 2 3 1
9 0 2 1 2 1 3 2 0 2 1 2 2 2 3 2 4 3 2
8 0 3 1 3 1 4 2 0 2 1 2 2 2 3 3 2
5 0 0 0 1 0 2 1 0 1 1
6 0 0 1 0 1 1 1 2 2 0 3 0
7 0 0 1 0 1 2 2 0 2 1 2 2 3 0
16 5
10 6
12 11
3 10
4 0
0 13
12 4
8 0
15 12
5 12
16 14
6 8
7 12
14 6
0 0 0 0 0 0 0 0 0 0 0 0 0 0 1 0 0 0 0 0
0 0 0 0 0 0 0 0 0 0 0 0 0 1 1 1 0 0 0 0
0 0 0 0 0 0 0 0 0 0 0 0 0 0 1 0 0 0 0 0
0 0 0 0 0 0 0 0 0 0 0 1 0 1 1 0 0 0 0 0
0 1 1 1 1 0 0 0 0 0 1 1 1 1 0 0 0 0 0 0
1 1 0 1 0 0 0 0 0 0 0 1 1 1 1 0 0 0 0 0
0 0 0 0 0 0 0 0 1 1 2 1 0 0 1 1 0 0 0 0
0 0 0 0 0 0 0 0 1 1 0 0 2 1 1 1 1 0 0 0
0 1 1 0 0 0 0 0 0 0 0 0 1 1 2 0 0 0 0 0
0 0 1 0 0 0 0 0 0 0 0 0 1 0 0 0 0 0 0 0
0 1 1 1 0 0 0 0 1 0 0 0 1 0 0 0 0 0 0 0
1 1 1 0 0 0 1 1 1 0 0 0 0 0 0 0 0 0 0 0
0 0 0 0 0 0 0 2 2 0 0 0 1 0 0 0 0 0 0 0
0 0 0 0 0 0 0 1 2 0 0 1 1 1 0 0 0 0 0 0
0 0 0 0 0 0 2 1 2 1 0 0 1 1 1 0 0 0 0 0
0 0 0 0 0 1 2 1 2 1 0 1 1 1 1 0 0 0 0 0
0 0 0 0 1 2 2 1 3 0 0 0 1 1 0 0 0 1 0 0
0 0 0 0 0 0 2 1 1 1 0 0 1 1 1 0 0 1 1 0
0 0 0 0 0 0 1 0 0 0 0 0 0 1 1 1 1 1 0 0
0 0 0 0 0 0 0 0 0 0 0 0 0 0 0 0 1 0 0 0
0.8554949027
-2.2159251897
1.6416228593
0.0806090453
0.4442665821
-0.8991751630
0.3619376213
-0.3244009025
0.3022352917
2.2424519729
2.6382015465
0.6148121991
-1.1144675130
-0.4151743750
0.3893793632
0.0744174702
-1.0389913806
-0.3115929528
-0.2367752749
-1.1021254007
-0.9291027356
-0.3499385297
-0.4412204184
-0.0108746496
-1.4570643224
-0.1830450602
1.6731393345
0.3143875991
0.0381317933
0.4635943580
-0.4211762592
-0.6560976982
-0.2107542003
0.7037411006
0.1816744082
-0.7603167459
-0.4387310344
0.5364683402
0.2041501154
-0.9582190592
-1.5162392578
-0.6793795682
0.0737037409
0.2890828031
-1.1257759493
-0.7648658149
-0.4050570443
1.2199268698
1.4429106304
-0.3106730802
-0.1216225400
-0.5911979334
0.0900280389
-0.5048976810
1.5035034132
-1.7149897554
-1.1601379353
-0.7455231253
-0.7392433434
-0.2319679194
-0.8675933671
0.1744372923
-1.5329762060
0.8642699425
-0.5079432168
-0.3951385949
1.9932974417
0.9443843519
-0.6351798419
-0.1600713405
-0.1725073557
1.8300848879
-1.9936944507
-1.1700657748
1.8115935096
-1.7364246687
1.4278220185
0.8675140733
0.4323071380
0.2248933393
-0.6699953802
-0.4009029624
1.5926782487
-0.5406649831
1.0716957876
2.5143477410
1.0288147019
0.6325506607
-0.3306178283
-1.7772110384
-0.0999793507
0.0454532156
0.5638141133
-0.4585057556
-0.9625742462
-0.1538641924
0.9255864634
-1.2175973172
1.1538341495
-0.6390869656
0.3623940715
-0.5579110734
-0.0778149388
0.3549154961
0.1326247214
-1.2085752611
-0.6865128779
-0.7153593143
0.1250283569
0.0248113185
-0.2948839420
-0.2855121497
-0.1228493727
1.2237083587
1.9044176875
-0.0506798390
2.1242731427
-0.0209978613
0.6246592758
-0.3250595009
0.8893730269
-1.7445432960
1.1236006243
1.3985845017
-0.5752659598
0.8888662048
-2.0710004217
0.6489166495
0.7019750687
0.9559992650
-0.7868567949
2.5797204990
0.0856082499
-0.9503706942
-0.4266948454
-0.7009531627
-0.0125953337
0.8499811797
-2.0463899841
-0.2198461394
0.8906454728
-0.3576193961
-0.7395790118
-0.5478634598
0.4255396107
-0.8264847462
-0.6809381371
0.1024032846
0.1802396047
1.0989805878
0.1523510260
-1.5419989554
-2.3641273632
-1.5175380903
1.1729180450
-0.0589985861
-0.8699840358
-0.7204934318
1.1014465086
-1.7770457817
0.2820736196
-0.0943883774
0.1126855802
-0.6700128526
-1.5501723162
-2.3817504123
0.5096620130
-1.4797092971
-1.7339672832
-0.9986345859
-1.3172159971
0.3331641031
0.6307900100
1.0337429879
-2.0224919408
-1.4774008975
-0.1568569812
-0.6432995463
-0.9686807868
-0.6806438192
1.4652854450
-1.0735913215
0.4525323850
-1.2525673800
0.3898918016
-0.3832093767
0.5458068456
0.2471757277
-1.1839304230
0.2637955765
-0.7308697782
0.7828541898
0.8449084651
0.6794924141
-1.0796261342
-1.1928153491
-0.6413305765
1.4968451925
0.8805267228
-0.4618021823
1.5664122070
-1.9806883230
0.2873112179
0.4042107497
-1.3938056918
1.5223050102
-0.0494821025
-2.6862485842
-0.2733951570
-1.0904987746
1.3870782530
-1.5031496679
-0.1582263153
2.4655873515
0.4963861362
0.9481957176
0.6193238547
-0.0367056472
1.3955516472
0.9208757562
-0.7286247084
0.1850445875
-2.0182490191
-0.9621201473
-0.9282919153
0.4684774070
0.2104063414
-0.2283502354
0.3918248850
-0.6451919272
-2.1935290666
-0.7104093754
1.1377860091
0.5079619887
-1.2391714955
-1.0405535612
0.7058938938
1.5530066912
0.4382006991
-1.9545376512
-0.1221577255
-0.3087875583
-1.2511417344
-1.4615319488
1.3678696273
-1.8139058598
-0.4915693922
0.1326942990
0.4066228768
0.5303181709
-0.2257483960
-0.4134620797
0.1749289150
-0.3137645247
-0.1212653939
-0.2866072912
-0.7671418000
-0.1510241424
-0.6645730603
-0.8872960127
0.2212861460
1.1631077120
-0.5568537424
1.5226282840
-0.9029914172
-1.5722431279
-0.0923159561
-0.0450801369
-1.6945801310
1.2342707077
-0.0984478657
0.1285521797
-0.5349845027
-0.1895502037
1.3212193295
0.2802491422
1.5970531437
1.8028541129
0.6525546648
-0.5698418937
0.6156045648
0.5038435813
1.0078280164
2.0571013317
0.9018650459
-0.4772968646
-0.7009366627
0.1392573542
-0.7096422815
-0.4883146063
0.6699826864
-0.2257413162
0.6732556266
-0.8950590834
-0.2015587498
-2.0062878117
-0.8327581608
1.0222595657
-1.1457485834
-1.2274123846
0.1497650436
0.2489581845
0.2848768532
-0.2009682702
0.2814570909
0.9145190439
0.6069658850
1.4404135662
0.5826440206
0.2651774528
1.4114561372
-0.2131281764
-0.0948410279
-1.4393825232
0.1940157924
1.1913291253
-0.5488266710
1.0106745715
0.9864412778
-0.0245846310
-0.6033663543
0.9665228982
-1.0493002072
-0.7357767537
-0.9385832429
1.8173521616
0.1454796620
-0.1157350699
-1.6810029059
1.7379454155
0.4218609305
0.4828397454
-0.1112297021
0.8192618773
0.0272611692
0.6703399934
-1.8918788698
-0.5926627137
-0.9050964507
1.7478957224
-0.1024797894
0.5833693867
-1.0499644364
0.7652141261
-0.2269538655
0.1598134468
-1.1565509774
0.2571030158
-1.0447294301
-0.8610243336
1.0851121695
-0.9740226246
-1.2862840670
-0.1652585770
1.7097724755
1.7573690415
-0.4909593224
0.4468195396
1.1284614280
-1.6446578347
1.8007728153
0.9102476608
-0.7541454109
-1.7540962102
0.3304700481
-0.2167046353
-0.6204343678
0.1873784361
-0.3321036210
2.2490414468
1.9670983381
0.7850225955
0.4588175979
1.1937309726
0.3561586215
0.5499742613
-0.3261809948
0.4573494783
-0.8152430221
-1.3497733776
0.5775763192
-0.2737753815
-0.1466994620
0.2360560869
1.5317529359
-0.5126024486
0.4045707666
1.2353366924
2.4502792953
1.7954214153
1.0360525793
0.5877819989
0.6968370177
-0.9910263840
0.3985582802
0.0114641791
-0.7254792684
0.0736599259
-0.9770549205
-0.7762909409
-1.3202892184
0.7001938606
2.4645322564
-0.4094514867
1.5037850427
-2.6597481877
-0.7974166314
-0.8384286407
1.8741408084
1.2798814218
2.3538318219
0.6442093637
0.0174816093
-0.3308344464
0.0007798033
-1.0573869947
-0.5696508446
1.8550392658
-0.1270009542
0.3446890507
-0.1451802548
1.2881962514
1.4962818545
-1.3750419106
0.8673513868
-0.0206018623
1.1368331128
-0.2795566297
0.1354930848
0.2096563780
0.8890759502
3.7784888360
-0.2638461313
1.3037118276
-0.4619317821
-0.3014432927
0.0558783752
-0.8656965725
-1.8810733167
-0.4709298939
-0.8544569727
-1.4710081783
0.3214325012
-0.4170113728
1.1721707445
-0.1792331997
-0.6734029599
0.8644066549
-0.2807941321
-0.4963004833
-1.6102387299
1.1844313225
-0.8115716763
0.2289602483
0.6192154152
0.7859755376
-0.5914591791
-1.1497287176
0.1102694830
0.5245599995
0.0614607976
0.2662911653
-1.0749246932
0.8805328380
-0.1217691123
1.2327556132
-0.4805680393
-1.0479728327
1.0239121494
-0.0953042466
1.4310542434
0.8398207235
-2.2714366521
-0.5150274264
-0.6601932580
0.2219706597
0.4991866592
0.0815291526
-0.5074292247
0.0682810090
0.2437886044
1.8152460808
-0.2270706837
0.2440316477
-0.4981474704
0.1437601788
-0.5065430407
-0.3494297493
0.3989234572
0.0576446514
-0.2716511327
0.4890567994
-0.7872493402
1.0609522570
0.9159988130
-0.2256806636
0.5527317052
-0.4196423777
0.9707124040
0.1791074535
0.3439512496
-0.2159561016
0.5041471607
-0.7035201955
1.0073398304
-2.8430854303
0.2447962816
0.4618067526
1.1671089978
-0.4630708808
-1.5657576615
-0.4451913984
-0.7075833273
0.7569850891
-0.5507879274
0.1282042761
-0.1178841680
1.3620979445
0.3992305335
0.5336067253
-0.5121477493
-0.1689728957
0.8945065235
0.4600673745
0.8685566512
1.7622747444
-0.0584367065
-1.8975005250
-1.4238867796
-0.9231111715
-1.3241319514
1.4496462415
-0.2625642660
-0.0401227561
0.4744025314
-0.6641800978
-0.0673238513
-0.7843823663
1.0707298793
0.9358055090
-0.9488611807
0.4133564942
1.1534243862
-0.7913043517
0.0667866846
0.3088133655
-0.6329686526
1.2679553388
0.8453908603
-0.1612604884
-0.8560606511
-0.1013184386
-2.2861851939
0.5310032606
-0.2963174524
2.5034585989
-0.1894297877
-1.6216164167
0.5399024151
0.7700982312
0.7094757882
1.4308375503
-0.0233513614
0.6485312695
-0.0261205296
1.2305581485
0.4778191901
0.2278403547
-2.9698284270
1.2028063575
-0.0160868151
0.6321577897
0.1095059786
-0.9419940893
-1.4719473754
-0.2454439598
-0.1292110006
1.7443668692
-0.2162708607
-0.5905374758
-0.7538464590
0.5590531365
-0.3732554536
-0.7819261558
1.3137117945
-1.0864465332
0.5905105397
-0.9551631473
-0.5654824322
1.3724000607
-0.1600921877
-0.4030957412
-0.4995175454
-0.1964157768
-0.8518215329
-0.8402163309
1.2443803489
0.0829241209
-0.3383407716
1.9047098581
1.6499618417
0.3644844171
-2.8189821235
1.6717395354
-0.5425691733
2.3599591174
1.3540485171
-0.7193304210
-1.6405969316
0.4082210256
0.0709631855
1.7048749302
-1.9356719469
-0.2442784815
-0.0786317928
-1.8979897673
1.2284938409
-0.7865226970
0.5957954619
0.0182523868
2.6596543611
1.0145340615
0.7340546498
-0.6849185387
-0.4954331877
-1.8718695653
1.3986008297
-0.3684505898
0.0109104016
-1.5234711760
-2.2052214078
-0.2378234027
-0.8446781973
0.7664564624
0.4686323565
-0.9547516133
-0.4032833080
1.1361664163
0.0935991814
-1.6127144293
1.0484770079
0.8015574151
1.9672269423
-1.8153574902
0.4386659494
2.0294912896
0.5395845622
-0.6684387873
-0.9651760140
-0.3878621961
-0.9979804925
-0.3093753895
-0.4690556446
-1.1673671702
1.8827936265
0.3106781806
0.1174928479
0.0293544569
-1.5230765290
-0.8680504580
-0.0642399277
-0.2784997078
-0.9113675422
0.7879853384
-1.8208249469
0.8257300255
0.0398747469
-0.1238496629
0.3495806820
0.9271185959
0.3419732584
2.1817827822
0.4833205831
-2.6543571624
1.8295333718
0.2759838729
-0.0421845294
0.1767603318
0.3639848980
-1.1101891890
-0.1889696576
-0.3577293014
0.0873087690
-0.5361740209
-1.5377473115
0.2016509458
-0.2199095822
1.6134413225
0.0141431544
-1.0042551338
0.0453137531
0.0658723441
-0.2112969039
1.2967735458
-1.5306137148
0.6233159154
1.7761867692
1.7081615439
-0.6107521170
-0.7123121844
2.1912222089
0.6345996979
0.4178836390
1.9558352638
0.3095949861
-0.5590029400
0.5389265527
-0.0135763958
-0.1847373373
0.2669251471
-0.2229220588
1.5321456365
0.1414578666
-0.0199438647
1.8627126133
-0.4810281451
0.7155382704
0.0942177690
1.0627540356
1.4370542550
0.9003876620
0.6527139915
0.8129814465
0.3703730536
-0.3899576445
0.7582428354
-0.3840665881
0.0221282816
0.9147687192
-0.1732187919
-0.9067794668
2.6687913370
-2.3069902045
2.5963101639
-0.8352632528
0.3101598616
0.2909340546
-0.8363808117
0.1861198956
-1.5086900109
-0.5904373450
1.1129055545
1.0452661047
-0.9233418054
0.7214837726
-1.1898903051
0.1341784365
2.2943332496
0.0869529566
-0.2651035108
-1.0246888419
0.6987062657
-0.3666820437
0.3787975011
-0.4221885323
1.0130654241
-0.7849883215
-0.7590898561
-0.4549681239
0.3846674497
1.4117399165
0.7978474013
-0.1705537068
-0.6268523262
-0.1680228934
-0.0025651561
0.8651213586
-0.3020236157
-2.3604613683
-0.1646461948
0.3932726605
0.3970065227
-0.7345952211
0.7916118418
0.7658654931
-0.2289124399
0.2370993116
-0.1910638932
-0.9271190560
-0.6734460906
-2.6588418424
2.3701425987
0.7857046916
-1.7664392821
0.5820373957
-1.6088612349
1.3898632439
-0.7840023380
-0.7120340914
-0.6210838955
0.3394691149
0.2314321559
-0.1532244005
-2.3058761500
-0.0275516917
-0.1952375860
0.2145909358
1.3295098058
-0.3097264009
0.2166232063
