18 13 0.12
13 0 3 1 0 1 1 1 3 2 0 2 1 2 2 2 3 3 0 3 1 3 2 4 0 4 1
14 0 0 0 1 1 1 2 0 2 1 2 2 3 0 3 1 3 2 3 4 4 0 4 2 4 3 4 4
7 0 0 0 1 1 0 1 1 1 2 2 0 2 1
5 0 0 0 1 1 0 1 1 2 0
8 0 2 0 3 1 0 1 1 1 2 2 0 2 1 2 2
6 0 0 0 1 0 2 1 1 2 1 2 2
10 0 1 1 0 1 1 2 0 2 1 2 2 2 3 2 4 2 5 3 4
14 0 4 1 0 1 1 1 3 1 4 2 1 2 2 2 3 2 4 3 2 4 1 4 2 5 1 5 2
5 0 1 1 0 1 1 2 1 2 2
4 0 0 0 1 0 2 0 3
5 0 0 0 1 1 0 1 1 2 0
9 0 1 1 0 1 1 1 2 2 1 2 2 3 0 3 1 4 1
12 0 0 0 1 0 2 0 3 0 4 1 2 1 3 1 4 2 3 2 4 2 5 3 4
6 0
1 0
9 1
6 2
9 3
4 11
13 0
3 11
11 1
13 11
9 4
3 1
9 0
0 0 0 0 0 0 0 0 0 0 0 0 0 0 0 0 0 0
1 1 0 0 0 0 0 0 0 0 0 0 0 0 0 0 0 0
0 1 0 0 0 0 0 0 0 0 0 0 0 0 0 0 0 0
1 1 2 0 0 0 0 0 0 0 0 0 0 0 0 1 0 0
1 2 2 1 1 0 0 0 0 0 0 2 2 1 1 1 0 0
1 0 2 2 1 0 0 0 0 0 0 0 2 1 1 1 0 0
0 1 2 2 0 0 0 0 0 0 0 0 1 2 0 0 0 0
1 1 2 2 0 0 0 0 0 0 0 0 1 1 0 0 0 0
1 1 2 1 0 0 0 0 0 0 0 0 1 1 0 0 0 0
2 3 3 1 2 2 1 0 0 0 0 0 0 0 0 0 0 0
1 2 2 3 3 2 0 0 0 0 0 0 0 0 0 0 0 0
0 1 2 2 3 2 0 0 0 0 0 0 0 0 0 0 0 0
0 1 1 0 1 0 0 0 0 0 0 0 0 0 0 0 0 0
0 1 1 1 0 0 0 0 0 0 0 1 1 1 1 0 0 0
1 1 0 0 0 0 0 0 0 0 0 0 0 0 0 0 0 0
1 1 1 1 1 1 0 0 0 0 0 0 0 0 0 0 0 0
0 0 0 0 1 0 0 0 0 0 0 0 0 0 0 0 0 0
0 0 0 0 0 0 0 0 0 0 0 0 0 0 0 0 0 0
-1.7469526865
-1.0807682279
0.8289068980
-0.6016668042
-0.1589056305
-0.9057600940
1.7716873454
0.5277839647
-0.7487991711
0.5306754629
-0.3471811846
0.3949143221
0.5301904675
-1.2849884625
-0.4600676041
-1.0658468735
-1.1811203524
0.3760568082
-0.6868371277
0.5841948426
0.1837285479
-0.6326326148
-1.9564379814
-0.2503318606
-0.6765786208
-0.1569112446
1.0853209819
0.2582106349
-1.5499309362
-0.0723734358
0.8344034118
-0.2037358654
-0.5539267251
-2.0061713758
0.1854940829
0.7593960622
0.9612108798
0.1019448737
-0.7795108905
-0.7253286730
-0.7350639948
0.5635746142
0.7036117147
0.2202831383
-0.5732341951
-1.7038012513
3.4245799265
-2.0372361936
0.5185510130
1.2182919726
2.1981096592
-4.1378939133
-2.1748619006
-1.3373639204
-0.3370645319
0.1588732906
-0.2764656617
-0.5269261215
0.4982313467
-1.5861912774
-0.5453805006
-0.8240484994
-1.2978966999
-0.2085627588
0.9114759345
1.9812765038
-0.3666922283
1.0346113993
-1.5092530578
1.4393665392
0.1799981259
-1.5336164761
-0.0213452494
-0.0132910267
0.4858704794
-0.7351253862
-1.5120177576
-0.4154184354
-0.4423484524
-0.9959380703
0.4504259137
-0.9494349229
-0.3054713567
-0.6411222177
2.7193492993
-0.0703499267
-0.8091698619
1.2985502510
-0.6227612844
-2.1658549515
1.1835229269
0.8413650187
-0.5105411391
0.5796817410
0.3738598382
-0.9511685939
-0.2779364753
0.5617430642
-1.4774342086
0.5097939858
-0.0700146059
-0.8877992539
-1.2378203505
-1.5628152013
0.1943311730
0.4893914186
0.7762170789
1.7704038926
1.1858548141
-0.6761378393
-1.6862864987
0.8911458707
0.2663168507
1.4109561885
0.5355863587
0.1938014280
0.7042765663
1.7728658822
-0.7289434187
0.3922767539
-1.4858670760
0.3803016805
1.0833031644
0.7487914498
-0.5897598391
-0.6535338041
-0.2609581240
-2.2397475528
-0.0367460871
1.5229006638
-0.6819104211
-1.3718217887
-1.1974123316
0.1806529199
-0.9584245171
0.9986815274
0.7575985238
0.4333680725
-0.8675318449
-2.0542155421
-0.9587681006
0.5445633611
0.1815237088
1.1534137765
-0.9534627484
-1.9323863447
1.0107233618
1.1320249266
0.1854411514
0.3926499947
-0.3114811461
0.0544432971
1.2470174865
1.1816145392
-0.4705750008
1.3498411941
0.1263916558
2.2331485897
0.7130426693
-1.3571337749
-0.8368398787
-0.1009315323
1.1965642806
0.6809478142
-0.5284731181
0.1739225232
0.4176317288
2.5260484869
-2.0577473492
0.5905453063
-0.5505192326
0.9322104408
1.6485663572
0.1780378659
1.7829663361
0.8952009999
0.7171081892
0.4006019212
-0.5754651221
-1.2356979779
-1.1728309893
-0.0027084060
0.4576057430
-1.0726618859
-1.0848049223
-0.0512646158
0.2705642610
1.4346814837
-0.8996699442
1.3561641209
1.2125392171
0.9315061778
1.1290946477
-0.6873115266
-0.5361132688
0.2698675896
-1.5349668909
0.6958430440
-0.0921407598
-0.7798446943
-1.0008031098
0.0107430150
-0.2144566427
-0.5894851072
-0.1524435120
-0.3301469122
-1.1710376091
-1.9630588140
-1.0410857812
0.6651928017
-0.5058452259
1.1272310561
0.4500723842
-2.4869388962
0.0054955806
-0.0444108613
-0.6070095975
0.6581262571
1.6420717927
-0.3075398173
-1.0936509427
-0.2985300267
0.9977997180
-0.1046897825
1.4979091706
-1.2923222515
-0.4826909176
-0.2975316379
0.0491822937
-0.9941278209
0.3164505391
0.5401015744
-1.4331140338
-0.9746807117
-0.0048178281
0.5158071831
2.4984932608
0.1030063485
0.1176469343
1.6700599256
-1.3116673942
-0.3387400941
2.3286535990
0.7616668729
-1.4515086825
1.5041931538
0.4025321367
-0.1005412277
1.4224343375
1.0319661122
0.3668382756
-0.8678654591
0.7353359135
-1.4059094386
-1.1280719350
-0.5365465949
1.5607609317
-0.7893964942
-1.1546842287
0.3685150278
0.2160363598
-2.6649549433
0.8777484550
-0.0683612553
2.7241026462
0.3033874102
1.8601415211
-0.7978349464
-0.5220326367
0.2229536282
1.4349809855
0.9504954405
1.0975946255
0.6028238365
0.3194152218
0.3760854074
-1.1812406215
-0.9254654535
0.5929480073
1.2057251273
1.5336189817
-1.4696806268
-0.2420193773
0.1950659725
0.6843515396
-0.8945746114
-0.6367983249
-0.1545969839
-1.4274280917
1.0110688938
-1.1820677462
0.2699551525
-0.6363252330
1.0555601031
0.3322549560
0.1536397924
1.3821460807
-0.2417114362
-0.3767889004
1.0874961906
1.4742990896
0.0638790686
-1.2520432792
0.7269712021
0.2387448076
0.1959038581
-1.3029303621
-1.2998920097
1.4630784500
0.0769624066
0.1904113165
-0.8926156154
2.6206948231
1.8772112524
-1.0538535019
-1.8545295219
-3.1411581516
2.2257217858
0.8520856999
0.5039421948
0.7973696296
0.1687338181
0.0823832619
-2.5055037748
0.5103932807
2.3680083455
-0.4916752300
-0.6230442673
0.5877735773
-1.1912037376
0.3968143119
-0.8583597437
1.6726288511
1.8020403449
-1.4620891878
-0.0259493869
0.4833754682
-1.1875618705
0.9785017980
-1.8420108331
-0.0840478535
-0.2927276703
0.3102556204
-0.5374857481
1.5428312713
-0.1506276848
0.1907435397
-1.0743954873
0.2171100730
0.4074909674
2.6750143355
0.6107824201
-0.7074000326
-1.8166551652
0.4039783421
0.4277896896
-0.5314083655
1.3900762765
-0.5594574829
-0.5395856705
-1.0605991369
0.7487184766
-2.1463095163
1.3302371001
-0.8697229634
-0.1516099237
-0.9670593379
-0.7886988557
-0.1495787119
-0.7112775942
-0.2518763463
-0.5079577208
0.3754520998
-0.1721178543
0.8008655044
0.6761602688
-0.5160422944
0.2872487215
-2.2182948926
1.5762668596
-0.8498726574
-0.1865685095
0.2572335044
-0.3416996879
0.6065204439
0.1758493609
-0.8532412544
1.8299984463
0.7833770095
-0.5550011065
-0.7289662806
-0.9956025602
0.6889806138
-1.0588238847
-1.9547921729
0.5886017960
-1.6077986047
-1.3764725073
-0.9856554425
-1.0666327143
0.3196818750
0.5252522789
-0.5656218422
0.0160865517
-0.4986562951
0.1387533461
-1.4313510174
-0.8458827074
-1.7160135324
-1.6086502821
0.5777101427
-1.3537652668
0.2765088295
0.0466445028
1.0033950796
-0.6082631761
0.5352575138
-0.6432145943
1.2316584013
-1.1826553811
0.8635496704
-0.6620622601
-0.9423670349
-0.5609910555
0.7937761609
0.0276352036
1.2513624858
-0.2605018327
-1.7986660143
-1.6153391532
-0.2907781379
0.5104276563
0.7488473059
-1.4724235466
1.4811947600
-0.8829651849
-1.5425177385
0.8574030782
0.2088959865
-1.0114572977
-1.1836654200
-0.5827080478
-0.6082080116
-1.9369379742
-0.4570369223
-1.0726150922
-1.6857365974
-0.6142854635
1.8883090614
-1.7670964988
1.9571611267
1.1146994307
1.1461248075
0.2961116346
1.9284465871
0.1507891188
1.0535918612
-1.1220321203
-0.8522140744
-0.0813916199
-0.6749145515
-1.2093885592
0.7742237551
-0.0339923023
1.1395952313
0.3518580418
-0.6705692298
-2.5108309163
-0.8933515901
-0.0630666897
-0.6011081352
-0.7112951885
0.5502303666
1.2967585597
0.0385210734
-0.0327305035
-0.5682819420
-0.0134169227
0.6704594084
-0.2035717413
-0.4960009248
-0.4242096746
0.8732526537
0.3431881270
1.9900774614
-0.9104265642
-0.5272529633
1.4510327897
0.8068959514
0.0425134758
0.1632704144
-0.7338476664
-0.5882905132
0.0303250498
-0.0493303495
-0.6944954378
-0.6978472765
-0.1003456259
0.4931302515
0.6804991550
1.2908031941
-0.5406444239
-1.2134153001
0.8152377847
-0.8285889214
-0.6575585338
-2.6076987656
0.1606758385
0.0362078681
-0.7645483239
1.2103265300
0.4792285370
-1.1837843534
0.4812414451
1.9275612064
1.0564594080
-0.2607125491
0.0263968945
1.6502059897
1.2344864664
-0.3426589476
-0.8313602255
-1.2777683313
0.6677691826
-0.1794370380
0.8818506829
-0.3666190674
-0.3531034246
0.5866711775
-0.6066018156
-1.0835375641
-0.4021368141
0.9797474593
0.3513757076
-0.8005017974
0.1992065224
-0.8955769539
0.0750208179
-1.4112076705
-0.3141240126
0.5927993234
0.4247968358
-1.4904811163
-0.0475246628
0.8347469225
1.0898400529
0.9046080023
0.2409509312
-1.1541614968
-1.1620286172
-0.9057117335
2.3198109320
-0.6755184771
-2.1121376485
0.5612363455
0.4496855039
-0.4321992111
0.2947378647
1.1183109383
0.5516491329
0.3552673540
-1.3467636749
1.1509017444
-0.2921657631
-1.1029688403
-1.1016159603
-1.6390405537
2.3998882465
-0.9586051501
-0.4139289613
-0.2445478178
0.1672614033
0.3285566989
0.0932115526
-1.0293891145
-0.5212750588
-0.1127921230
0.5652023189
-0.2447857420
1.3775370212
-0.1606481657
-0.5494428380
-0.2255500441
-0.2566177886
-2.0291039590
-0.6936599303
0.4743137956
1.2790154777
-1.1351634931
-0.2870893919
1.3357655801
0.0547625921
-1.5666758289
-0.3754180506
1.3787343112
-2.0247113679
-0.4587439747
-0.2919837558
0.3926933833
0.1834663279
0.8923433230
-0.7706090346
1.0437549781
0.5653613408
-0.1967128270
1.2723474830
0.0126551500
0.9922811748
0.3496889136
-1.5492192734
-0.5927576199
1.2625513733
0.0951123641
-1.1334946993
-0.3837248002
0.5782803781
-0.5597317055
0.5200123962
-1.2051415496
-0.1629459688
-0.3365711347
0.3222199717
-0.9390331974
-2.4356073194
0.3703976211
1.6178412825
0.8614536624
-0.5990392265
-1.7293812365
0.0315372752
0.0170919182
-1.1939606041
0.1751236909
1.8366471998
1.0254408428
-1.7598561706
-0.5300082165
1.1404509701
0.2820976782
1.7202520640
-0.5968119366
0.0037768691
-0.1981876524
-0.7252124535
0.2793335715
1.6036595804
0.5543938398
0.0576592159
