13 7 0.07
9 0 1 1 1 1 2 1 3 2 0 2 1 2 2 2 3 3 2
10 0 2 1 1 1 2 1 3 2 0 2 1 3 1 3 2 4 1 4 2
9 0 1 1 0 1 1 1 2 2 1 2 2 3 1 3 2 4 2
9 0 2 0 3 1 1 1 2 1 3 1 4 2 0 2 1 2 2
11 0 3 0 4 1 3 1 4 2 3 3 2 3 3 4 0 4 1 4 2 5 2
9 0 1 0 3 0 4 1 0 1 1 1 2 1 3 1 4 2 4
9 0 1 0 2 1 0 1 2 1 3 2 0 2 1 2 2 2 3
7 5
0 9
0 7
9 5
2 7
10 1
2 8
0 0 0 0 0 0 0 0 1 0 0 1 0
0 0 0 0 0 0 0 1 1 1 1 1 1
0 0 0 0 0 0 0 0 1 3 3 1 0
0 0 0 0 0 0 0 0 2 1 3 3 0
0 0 0 0 0 0 0 0 1 2 3 2 0
0 0 0 0 0 0 0 0 0 1 1 0 0
0 0 0 0 0 0 0 1 1 1 0 0 0
0 0 0 0 0 0 1 0 0 1 0 0 0
0 0 0 0 0 0 1 1 1 0 0 0 0
0 0 0 0 0 1 1 2 2 0 0 0 0
0 0 1 0 1 1 1 2 1 1 0 0 0
0 1 1 1 1 2 1 1 0 0 0 0 0
0 0 0 0 0 1 0 0 0 0 0 0 0
-0.5768970088
1.5250454396
-2.5473424592
0.0910999273
1.1652424985
0.4479282440
-1.4060029835
0.8206492458
-0.5850629458
1.3193980692
-0.1989785944
-1.1768714884
0.3043700828
0.7779042838
0.3192925906
-1.0848685261
1.5312050425
1.2557636607
0.5084926581
-0.4068559910
-0.7996347074
2.1664205439
0.9277915755
1.1001168109
0.1520709933
1.6296502251
-0.3925778771
1.5320597932
1.1466942873
2.4170989598
-0.0943298128
-1.0614635889
1.5405126239
-0.9226735132
0.2582819556
0.6584294194
-0.5481847657
-0.8010639562
-0.9313233310
0.7156063521
1.2432840707
2.0030284123
1.4161049821
-0.1659866347
-0.8692521339
0.3492041307
-0.5996250532
1.4489840299
0.7705485774
-1.4285715427
0.2377483007
0.1138196045
0.0001039060
-0.8240177267
0.2470730001
0.4887539203
-0.8278244571
-0.7934797733
-1.2921969849
0.8493201142
0.6081527966
2.6509695084
-0.8124330300
-0.0324046795
-1.1102666134
-0.8283337099
0.6307249556
-0.2926933815
0.0504473566
0.8540834459
-0.9359614445
-0.2143824982
0.3116089405
1.4223858102
0.7695604704
-0.4505733864
-1.3185025962
-1.0024359277
-0.7524736169
2.2311338286
-1.0988452700
-1.4041525344
-0.5102819675
-1.2278163389
0.6004233130
0.4120399252
-0.9949255481
-1.0453046649
0.3232389239
-0.0292957587
0.8099407199
1.1113032268
-1.4865176773
-0.3489232550
-0.6840522235
-0.0121688262
-0.2109384618
-0.5780475076
0.6626486632
2.1462941752
1.2687865916
1.4895909100
-0.0102256110
0.3164494707
2.1177642648
0.3156826877
-0.2222054652
1.2736954325
1.8960481503
-0.3943474082
1.1357721906
0.3437721482
-0.5968979664
-1.3760663155
0.7779272027
2.4017834899
-0.4045135434
-0.6792097615
1.0545193288
0.2449053296
-0.4083884361
-0.6421002873
-0.4635504357
0.6701845055
0.0126647658
1.7351042216
-0.3119226758
0.1237455023
-1.6786881560
0.2430565372
0.8133856094
0.5871611722
-0.4033168146
0.2410228683
0.5168027352
-0.3367231002
0.0596211345
-0.0896791438
-0.9113494927
0.4814676498
1.1152223321
0.6872755604
-1.1052703754
-1.1125778830
0.2997761707
0.1608121932
-0.2016026621
-0.4461202849
0.0459353237
-2.3504922707
0.2387494013
-0.2498757214
-0.5991437620
-0.2030510214
0.4293759089
-3.9925887162
-0.3867253906
-0.1298247059
0.3364606732
-0.2641875722
0.8411467694
-0.3761725202
0.3308688687
-1.6133919365
1.4912353614
1.7883942711
1.0658874883
-0.0930633357
1.6351708416
-0.0128267250
-0.3290503638
-0.5815095206
-1.0295838143
2.2129199742
0.6843933502
-0.0543232492
1.1474740399
-1.6016333689
-0.3262730923
-0.5095072858
0.6242908673
-0.1355904843
-0.3681689109
1.3750434821
1.7802368618
0.9078884464
-0.7452885323
-0.9228459079
-0.4688715115
0.3831870506
0.5482406397
1.2342318569
-1.3982460559
0.5534386583
-0.0412887631
-0.0629486872
-0.8140215409
0.2152639255
-0.1041420715
-0.7719917865
-0.2206620533
-1.6812807212
-0.4498187215
-1.8229535374
-0.8799805494
0.1556006534
0.4738936064
1.1259175805
0.7195637854
-0.3836880130
-1.5674243574
0.3535712854
-2.2566015766
-0.2675933422
0.3580633417
0.3067789000
-0.7489872753
1.5112751848
0.1779750440
-0.7394788527
1.8068396478
0.0681598482
0.4793628215
0.4783628541
-1.0859915335
1.3094466893
-0.3210657963
1.5426352216
0.2132278809
-1.1161919595
-0.6272631348
-2.1361349013
-1.6029522852
-0.7729467081
-0.9739326721
-0.3010236322
1.3214987061
0.3375851923
0.0833740277
1.1363241006
0.0038017043
2.1232005985
0.1564996881
0.6326722363
-0.7225228503
1.3984488807
0.7557252142
0.6838476263
1.0353510311
0.6469750854
-0.2056112403
-0.0880232335
0.9653955523
-2.1357022290
1.2034250856
-0.2891077429
0.7041590342
-1.4980289545
1.5951211624
0.7516924709
2.3036808624
-0.8078456443
-0.0162894930
-0.9483771782
0.1647060097
0.6500954519
0.9359938866
0.1814657590
-0.3963327076
1.9203821428
0.0564511221
-0.6087460542
1.1386805566
-0.6568119298
0.0620424171
-0.1560288220
1.1297435201
0.7993155648
-0.5342672696
-2.1018914428
-0.4324188523
-0.4806845294
0.4775006425
1.0472220476
0.8989684461
1.0360055878
-0.7130831849
-2.0121991171
-0.0948656827
-0.3363776532
0.7688266418
0.3928723439
-1.1162353934
-0.9674713678
-0.9479670641
1.2144626288
1.0193135832
0.1913758824
0.5356358873
-0.2678285235
1.2574079585
-1.2908805422
1.5005272020
-1.4096513203
-1.7945497565
-1.0875206766
-0.0729598081
0.8023396042
-0.0792945927
2.2341795800
-0.1780756187
2.1312406296
-0.7099142214
-0.4208502806
-2.5506216850
-0.0170330893
0.1144600695
-1.7564883565
0.0469494524
0.1779687772
-0.0585430526
0.9912887233
-0.1125776961
0.3663886235
-0.9655251368
-0.3147728616
1.4651817367
0.6597441226
-0.5206833179
-0.1621975151
1.1058945349
0.7326201823
0.4875576568
0.1652849561
0.0854320017
-0.0456709328
1.4332639989
1.1785441832
