14 6 0.12
6 0 1 0 2 1 0 1 1 2 1 3 1
8 0 0 0 1 0 2 1 0 1 1 1 2 2 0 2 2
6 0 0 1 0 1 1 1 2 2 0 2 1
8 0 1 0 2 1 0 1 1 2 1 2 2 3 1 3 2
8 0 2 1 2 1 3 2 0 2 1 2 2 3 0 3 2
6 0 1 0 2 1 1 2 1 3 0 3 1
5 9
7 11
10 7
9 9
2 1
3 6
0 0 0 0 0 0 0 0 0 0 0 0 0 0
0 0 0 0 0 0 0 0 0 0 0 0 0 0
0 0 0 1 0 0 0 0 0 0 0 0 0 0
0 0 0 1 1 0 0 1 1 0 0 0 0 0
0 1 1 1 0 0 0 1 0 0 0 0 0 0
0 1 0 1 0 0 0 1 0 0 1 1 0 0
0 0 0 0 0 0 1 1 0 1 1 0 0 0
0 0 0 0 0 0 0 0 0 0 1 1 1 1
0 0 0 0 0 0 0 0 0 0 1 1 1 1
0 0 0 0 0 0 0 0 0 0 1 2 0 1
0 0 0 0 0 0 0 1 0 1 1 0 0 0
0 0 0 0 0 0 0 1 1 1 1 1 0 0
0 0 0 0 0 0 0 1 1 0 1 1 0 0
0 0 0 0 0 0 0 0 0 0 0 0 0 0
-0.7786411756
-0.5422850118
-1.0357415241
0.2927305520
-0.8329036144
0.0773592634
1.2204479747
1.6024007628
-0.4621982630
1.2573216450
0.2169694038
-1.5239402665
2.5528492192
1.0785239289
0.6363986487
0.6918977261
-0.8743562532
1.0979249456
0.7778393453
-0.6096757352
1.2012573025
-0.9305145622
0.0774916279
0.5048679730
0.1014981389
0.1821496229
1.5137925814
0.0557696197
-1.1655365778
0.2787438406
-1.1431521089
1.6865685141
1.8623043702
0.9790231573
0.3090352301
-0.5018023552
0.6896986963
-0.7094639107
0.1214534035
-0.0176097382
-1.3637637486
1.7153952551
-1.9178261572
1.5870643653
0.2931641887
0.5172372680
-0.4813089321
0.2321110129
-0.1643499621
-0.6804826387
-0.1326647083
1.7167791499
0.5699849893
0.4094899819
0.4091494278
0.0446460179
0.6819180426
-0.2666382574
-0.3467498294
-0.2361764597
-2.1092929671
-0.1511382108
0.7819777958
-1.5034084056
-0.3482838999
1.2359363068
-1.2112045697
-1.7795272338
0.9634386824
-0.5579733533
-0.3439083958
-0.5254364523
-0.0229234102
-0.3099995494
-1.0640970930
-0.0956744707
-0.1141974902
-1.0761513792
-0.9680628764
-1.7664360085
-0.7959548032
0.8269969039
0.7992400790
0.7886637556
-0.7077693301
-0.8972777187
-0.1769122827
-1.1367201276
-0.0709356456
2.7564114024
0.4248119066
0.7496951565
-1.5605238703
-1.8992881461
-0.6329209046
-1.1611761752
0.5077033723
-0.6451157493
2.1212968855
-0.0161620494
-2.4542919049
0.5352677895
0.3529470729
-0.9045802728
1.3288217347
1.5900348092
-1.5059420427
-0.2066923596
0.8791561652
-0.7106001297
0.7429222100
-1.4061595878
0.1000965780
-0.0115996869
-0.0894378576
-0.5674744826
-0.7660241128
-0.2306262765
-0.4854864040
1.2080269999
-1.6957122408
0.6621522239
0.7651645919
-0.1440648903
-0.3237269829
0.6594127985
-0.3017483286
0.0325156426
1.1901100216
-0.0730531636
1.1638296634
-1.1795677905
1.0686193364
1.5219773986
0.6673832413
-1.2601691088
0.2073360148
1.0352990333
-1.4788412903
-0.0786404072
-0.3543118688
0.0374182942
-1.0393876015
-0.7002278873
1.4333159487
0.0914815124
-0.2983006806
0.6417051618
-1.2152348660
1.7579362417
-1.1767147162
1.1200232352
-0.3405243778
1.1576106261
-1.2033889386
-0.2706275816
-0.1156024018
-0.9146487994
0.1374581317
0.7486575509
0.8454918791
-1.4978678052
1.2399008733
0.0600545649
-0.5374872542
0.4759245096
0.7631012873
-0.4929499916
-1.2285670177
2.8033324184
0.0197848642
-0.1059235933
0.0918607297
-0.2627062982
-0.6899139802
0.5582929066
-0.6700763891
0.3598468776
1.3645077021
0.2174285979
1.6522201858
-1.9622021343
0.0788742466
0.5894487194
-0.4178911727
-0.1818521027
-1.0555937758
-0.1764427694
-1.1131239724
0.9913115831
2.6843462627
-0.8009520993
0.6918955230
-1.7207577312
-0.6655613505
1.6116613379
1.3829759732
-0.6073769435
-1.0082854264
1.4912383738
-0.0748828832
0.3167532570
-0.0304701063
-1.2965379423
0.1310394052
0.7357735381
-1.3200422384
-0.4229179321
0.4888412152
0.6060308179
-0.3960368507
0.5519707301
0.1256377104
-0.0336600435
-0.5100830655
-1.2870607442
0.6394792584
-1.2290372884
0.3005849298
-0.4478140994
-0.7433111481
-0.5669833080
0.0308053788
0.6014552679
0.1500557609
-0.7599818878
-0.4448417720
0.5886045537
0.3431729952
0.9824323564
-1.1500792501
0.4025403504
0.0170038532
0.1078187352
-0.3770807799
0.2196515101
0.2124712974
0.5213353849
0.7807070238
0.6930882551
-1.3731923852
0.3329028291
-1.0585392678
0.1825876447
-0.2422960615
0.0835316560
-0.5298037098
1.4233596655
-0.5918879659
-1.5352736602
-0.8195243953
-0.5131003213
-1.2271475063
0.6471538887
-0.3383879520
-1.0982812428
-0.0015269657
1.5780655640
0.0703057174
0.1549596510
-0.9002025303
-1.8092916779
0.7555198862
1.0621937866
0.1900797129
0.7861268434
0.1761099334
0.0718371835
0.7268379385
0.8620095000
-1.5320255510
-1.8878969484
2.1930222036
-1.4179800272
0.5145710760
0.0242321747
-0.3248788052
-0.7568610683
-0.6571947395
1.3873515724
-0.7811706100
0.3295285091
-0.0663930152
1.5298943003
-2.0211209543
1.6674449322
-0.1138376810
-0.8696382782
0.5110289266
-0.6468424901
0.2941357820
0.2635375150
-0.4541972731
0.0681291913
1.1430465323
-0.9237324485
0.9243880535
-0.9291747332
1.1839159609
-0.6868174961
-0.4970683757
0.1770938128
1.1172226953
0.5940544750
-0.6518091893
-0.1165691929
-1.4964678446
-0.7321380100
1.1620062809
-0.3066927023
2.4366831453
-1.2379673495
-0.1362987121
0.4811703065
3.5505584366
-0.1270816994
0.0550141421
-0.6382629957
-1.2534429842
0.5114381074
-1.4789565068
0.7558888180
-0.1414084959
-1.0557648714
-0.2692267653
0.0672854222
0.9906497506
-0.7994668986
-0.7318309181
1.6852127877
-0.2722907521
-0.0763283542
-1.0538820077
-0.3869222135
-0.5473737467
1.5023183727
-0.6095672343
-1.0516851472
-0.8675016932
1.7943893611
-0.5784661070
0.9233973650
0.2837353987
0.5757900856
0.3256420865
0.4134510518
0.2617782139
1.0613734431
-1.2409324021
-3.1784174915
-2.0463156975
2.6380011373
0.5246053105
-0.6784203565
-1.8468892223
-0.7948585640
0.5885034296
-0.1956831738
-1.0209601297
-0.2035119165
1.5775855086
-1.0757610334
1.1062713662
-1.2869413998
-0.1267741655
1.6872572313
-1.1139171018
-1.1028304629
-0.1825565867
-1.0870990864
1.5480900294
0.8574686916
-0.3904973759
-2.5102439965
-0.2859824854
0.6580047649
-0.3209093382
-1.7026114462
1.4007997441
0.2395453199
-0.6301027948
-0.3333838915
-1.4258650691
-1.7870951886
0.1684944752
-1.0917468357
-0.5593516082
-0.6105054323
1.3045540620
0.1220197012
-0.5538706233
0.6072084220
