14 9 0.16
4 0 0 1 0 1 1 2 0
4 0 0 1 0 2 0 2 1
4 0 1 1 0 1 1 1 2
4 0 0 1 0 2 0 2 1
4 0 0 0 1 0 2 1 1
4 0 2 1 0 1 1 1 2
4 0 2 1 0 1 1 1 2
4 0 2 1 0 1 1 1 2
4 0 0 1 0 1 1 2 1
7 1
5 12
3 6
4 3
5 11
11 4
7 9
5 1
8 8
0 0 0 0 0 0 0 0 0 0 0 0 0 0
0 0 0 0 0 0 0 0 0 0 0 0 0 0
0 0 0 0 0 0 0 0 0 0 0 0 0 0
0 0 0 0 0 0 0 1 0 0 0 0 0 0
0 0 0 1 0 0 1 1 1 0 0 0 0 0
0 0 0 2 0 0 0 0 0 0 0 1 2 1
0 1 1 2 1 0 0 0 0 0 0 0 2 0
0 1 0 0 0 0 0 0 0 0 0 1 1 1
0 1 1 0 0 0 0 0 1 1 1 1 0 0
0 1 0 0 0 0 0 0 1 1 0 0 0 0
0 0 0 0 0 0 0 0 0 1 0 0 0 0
0 0 0 0 0 0 1 0 0 0 0 0 0 0
0 0 0 0 1 1 1 0 0 0 0 0 0 0
0 0 0 0 0 0 0 0 0 0 0 0 0 0
0.1389151305
2.1609715371
0.3363941019
-0.8141226637
0.2397498234
0.2941205965
-0.6089137051
0.5544990557
0.1881671876
-2.6121005360
-0.2608901263
-0.2149234427
0.1056159889
-0.1566738974
-0.1079863053
-0.5950967705
1.0614671635
-0.7953127107
-0.5376260897
-0.5718477433
-1.1151716370
2.5523070132
-0.0450686952
0.0388799139
-0.3373351391
0.2154294481
-1.4718275951
-0.1326830129
0.4281174285
0.3982327681
-0.6244504165
-0.0073685608
0.2328637228
1.3560351297
-0.8938967949
-0.1305827606
1.0224830829
-0.5045378814
-0.8539721757
-0.3860898670
-0.2830308703
0.3705614022
-0.9546882750
1.2051965229
-0.6174852000
0.0949015067
-0.1452335516
0.2263365485
0.8938998601
-0.4807997185
-2.2274546253
1.0299275144
-1.0008280424
0.4387761017
-0.0116213662
0.4668162386
0.0806709594
0.1107311824
0.2164209481
-2.0962138843
-0.0731976071
-1.1319184600
-0.1086650707
-1.1753597847
-0.7912315605
0.2675340727
0.0118770875
0.8808972428
-0.2958587858
0.8952632285
0.2602004559
-0.7541653981
-1.2590197672
0.7138356832
-2.5506324369
-1.2446192786
-0.2047623903
0.4424341947
-1.1942240294
-1.4547087701
-0.9412048031
-1.8685299889
0.5986534919
-0.2799500920
0.9722763706
-1.2777452833
0.5260231262
-1.1757821468
1.8723133084
-0.6701332595
0.0671007957
-0.2047003882
-0.4200498341
1.2920119049
0.0977088989
1.8913164591
0.2679456789
0.4122871296
-1.1929415798
-1.2933661177
-3.0531032696
-0.8139204906
0.4340621911
-1.0112899456
0.6290660754
0.8267815591
0.1307806266
-0.7056321337
-0.9867352612
0.0165194679
0.5069132271
-0.2644893011
0.5111449135
0.6906097421
0.4742017026
0.0228615827
1.4648874743
-0.1466159308
-0.8425491073
2.2298316068
-0.3841014229
0.8615772009
0.0691791063
1.5848719907
-0.3556822727
0.3123930837
1.1503811866
0.7068628996
0.2989977583
2.4057712860
0.6464812892
0.6814095190
0.7041572189
1.5390473576
-1.1778853133
0.0237379713
-0.5287236844
-1.8460206251
1.4902806955
-0.3250646797
1.9667715660
0.1730409667
-1.3342511546
-1.0988192647
-0.7829421344
-0.7721547543
1.0918552798
0.6677967978
2.0785352987
-0.1228649783
1.0128164876
-0.3908320290
-2.0849942493
-0.2814732448
-1.9649753158
-1.5688088829
1.0075408254
0.4012443065
-1.1863456770
-0.7834996145
0.7580405146
0.2454058717
-1.2116110980
0.9794981941
-0.6214034001
0.1993516109
0.2915976443
1.2641043821
0.0344997240
-0.5525026690
-0.5332503521
-0.2731864707
0.1041006382
-0.7479013423
1.9113039059
0.4476697897
0.0558190154
0.4978879667
0.1746963220
-0.7329207260
-0.9525078966
-0.2367344639
-0.6264516990
-1.0352272300
0.5126278959
-3.0259122705
0.2836451591
-0.0303944027
-0.3292273970
1.2397461532
1.3183288003
0.2723550885
2.9796752716
0.0617853345
-0.8386673901
0.0944051138
-1.1630570707
1.4166820568
-1.4286312985
0.3229086103
-1.2576469515
1.0271352403
-1.3704427697
-0.3464393282
0.4356135880
1.3948761182
1.1252779821
-1.7506469681
-0.3025670119
-0.9259978960
-0.3299301529
-0.3450977552
-0.4482072046
0.5508632503
0.7214512911
-0.8551321139
-0.6212504313
-1.6367358770
1.2738149802
-0.4019738527
0.5450880573
0.8331651593
1.2177278507
0.0612230962
0.0199067509
-0.4974549109
1.3981434732
0.2070518198
1.0434419787
-0.4477083517
0.3401964165
-0.7951694918
0.4595381014
-0.5272939713
0.9824752317
0.2324478800
-0.3164242415
-0.6202535379
-0.1156177962
1.1422304329
0.6179282570
0.2254365549
-0.0800146936
-0.1071410878
0.9466976550
1.9176508456
-1.1278467583
1.3311231544
-2.4797646776
-0.1171788723
-2.0131335467
-2.4715814429
-0.3581007363
-0.6038964579
0.5460947068
0.4115597007
-0.1188615246
0.5043927656
-1.5373452598
0.4359217846
-0.4060717337
-0.2058039658
-0.9223238958
-0.7748327387
1.0940296366
-2.6694801232
1.0782025595
1.1035663289
1.5540950750
0.6565107578
1.0624634128
-0.7893180035
-0.2915580004
-1.2828387673
-0.8248383422
-0.8169212914
0.6676897723
0.2591236918
1.1768978704
0.7837999953
-0.5952442950
1.4958199947
0.1168292310
-1.6578892927
-0.5811786855
-0.4725065629
0.6200673386
0.9804157249
-0.5947684289
-0.8884338689
-0.7127354295
-0.6424899471
0.0044489674
0.0314580368
-0.1321992608
0.8609102706
0.1342644040
-1.0550779793
0.5614944692
-1.4519409230
0.6210765480
-0.5593960993
-1.9222552831
0.1892642322
-0.9131505822
-1.9995305169
0.9981895811
-0.6865027953
-0.3318884984
0.2815112597
0.3462302489
0.4213696426
0.2625652438
0.3901525058
-1.4771850108
-0.1200102804
0.5269440977
-1.7510303702
0.5829170281
0.0482461881
-0.0910209161
1.0726554137
0.4485917455
0.8936702279
-0.9118421573
0.1927999128
0.9180847275
-0.3227672098
0.5201066932
0.1623824116
2.8188917604
0.0586003278
0.8935474319
0.6161577858
1.6454095581
-0.4382685962
1.2955648661
0.2421442375
-1.6733785339
0.4610887462
-0.5965526570
1.2485347259
0.1873522053
-0.1474672443
0.5614691744
1.3931951362
0.2653255832
0.8851871596
-1.6540474493
-0.0300255750
0.9132394059
-0.0313748290
0.3954622089
1.1147723992
0.9473540669
1.8126334795
1.8788183697
-0.6697899078
-1.7554271212
1.7101833742
-3.3453430335
-0.1356139916
1.3777479578
-1.1504834125
-0.2286902161
0.3221813147
-0.9765606156
0.4618361508
0.0742309053
1.4348267184
-0.6902635904
1.6512226530
-0.3777711172
-0.3088196089
0.6711944871
0.4642077611
0.6704356396
1.1093723024
-0.0845769423
0.0977184960
0.6444543742
1.5210161704
-1.3862411999
0.2850621993
1.3912870210
-1.8937084307
1.6390574179
0.0569604889
-1.3339515159
0.3553258282
-0.1646598856
-0.4798088591
