15 11 0.01
12 0 1 0 2 0 3 0 4 1 0 1 1 1 2 2 1 2 2 3 1 3 2 4 1
10 0 0 0 1 1 0 2 0 2 1 3 0 3 1 4 0 4 1 5 1
13 0 1 0 2 0 4 1 0 1 1 1 2 1 4 2 1 2 2 2 3 2 4 3 3 4 3
5 0 0 0 1 1 0 1 1 2 0
9 0 1 0 2 0 3 1 0 1 1 1 2 2 1 3 1 4 1
5 0 1 0 2 1 0 1 1 1 2
7 0 1 1 0 1 1 1 2 2 0 2 1 2 2
4 0 1 1 0 1 1 2 0
7 0 0 1 0 2 0 2 1 3 1 3 2 4 1
5 0 0 1 0 1 1 1 2 2 0
4 0 0 0 1 1 0 2 0
2 5
4 6
2 10
9 4
7 0
2 5
12 1
7 11
10 0
3 12
2 5
0 0 0 0 0 0 0 0 0 0 0 0 0 0 0
0 0 0 0 0 0 0 0 0 0 0 0 0 0 0
0 0 0 0 0 1 3 2 1 1 0 1 1 0 1
0 0 0 0 0 3 2 2 0 0 1 1 2 0 1
0 0 0 0 0 1 2 2 0 0 0 1 2 2 2
0 0 0 0 0 0 2 1 0 0 0 0 1 1 0
0 0 0 0 0 0 2 1 0 0 0 0 0 1 0
0 1 1 1 0 0 1 1 0 0 0 0 1 0 0
1 1 1 0 0 0 1 1 0 0 0 1 1 0 0
0 1 0 0 1 1 0 1 0 0 0 1 0 0 0
1 1 0 0 1 1 0 0 0 0 0 0 0 0 0
1 1 0 0 1 0 0 0 0 0 0 0 0 0 0
1 1 1 0 0 0 0 0 0 0 0 0 0 0 0
0 2 2 1 0 0 0 0 0 0 0 0 0 0 0
0 2 1 1 0 0 0 0 0 0 0 0 0 0 0
-0.4690157435
0.3920364233
-0.9922590854
-0.7403449348
-1.0375517591
1.4363350250
0.3777205928
2.2600181560
-0.8436929372
-0.2585787722
-0.9910738868
-1.1286427617
0.9988150005
-1.3558095914
-0.2064008686
0.0444359138
-1.1071392379
-0.2490338905
1.0624249990
0.1225079195
0.4500570271
0.8237900487
-0.5215332284
1.8825631983
-1.1229636288
0.5672368361
0.1295456430
1.5317990804
1.2322408880
-0.2824346087
0.7297530040
-0.6946393889
-0.3276427829
0.0893825073
0.2280335200
-0.6310730357
-0.4321337129
1.3914606879
0.3674926482
0.7075092234
-0.6503124147
-0.3166585562
-0.6044954293
-0.9827888587
1.3247857435
0.2306347125
-0.5326629880
-0.0372627903
0.0806829489
-1.5456159181
-1.1277893894
0.2191489329
0.2088206174
-0.3704405605
-0.5157576422
0.4125702821
0.2961021615
0.6070252281
0.4406189641
-0.6140483386
1.7971464916
0.1181856021
0.1685757678
-1.3411535145
0.6812864158
-1.4086662178
0.1795215365
1.4737923529
0.1623547236
-0.3582206745
1.2793137091
-0.3384008616
0.0097278053
-0.1589137350
-0.4417551109
0.9306891491
1.0887040763
0.7506319868
0.9395071571
-1.2159858117
2.3156868697
-0.8990454509
1.1848380325
1.9116889481
-0.4091281603
0.1390540304
-1.4672947933
1.0125063003
0.4386124026
-1.2876698414
-1.2573849338
-0.1607532930
-0.1104835503
-0.1439432102
-0.5589687379
-1.2324885058
0.4304116309
0.5367604631
0.1968754285
-0.4385015554
1.2502862237
-0.5662370718
0.5275916731
-0.1719121358
0.4314016761
0.4669856750
0.8540466771
-0.3036534259
-0.7190620395
0.0351054216
-2.8208578601
1.5472586879
0.0692121638
0.6469357928
1.0116155313
-1.1614419282
-1.3961318077
-1.2715536144
0.7325030496
0.7409713293
-1.7623943460
0.6558927737
0.5389921218
-0.0372632388
-0.8949572332
2.9303762011
0.2882785979
-1.3784470365
0.6604727862
-0.6135524292
0.8793616408
0.6404703942
0.5244589472
-0.5583477225
0.0450445607
-1.2413526436
-0.0790985935
0.8158796287
-0.1794204526
-1.0966202553
-0.4141586140
0.1326304516
-0.3971554003
-0.7423140560
1.1064393197
0.1275774183
-0.8880277813
0.3912206640
-0.3622112412
-0.6458729390
0.6851885513
0.4256432278
-0.0958746122
-1.6741781598
0.4592477605
-0.5689255488
0.0551295817
-0.2922434445
-1.4374637593
0.7708292739
0.8461386175
-0.3551099102
1.4372997703
1.6060877239
0.3576940134
0.0570043409
-0.1030120196
0.8793408447
-0.8240019022
-0.5283097395
1.3895597284
0.9226025169
1.2022753289
-0.5796906034
0.2197124463
0.3574992917
1.6489018399
-0.0042409767
-0.7611254311
-1.4061387927
-0.6490486978
0.3106818496
-0.2466699044
-2.0471327876
-0.2484731863
1.4390235550
0.2521715086
1.7670553502
-0.1418336209
-0.8099445707
-0.7551802938
1.6216288306
0.4513333847
-0.0292122791
1.5685682774
-0.6816527882
-0.0022290091
-0.2195656243
0.3304072159
0.5917900992
-0.5548698506
-0.1445498476
-1.5544239347
-0.3981953748
1.2504304587
-0.7241322632
1.7363684210
0.7343110352
-0.9143802461
-0.3242413257
1.6201974134
-0.7972254287
-1.7341897722
-0.2365247426
1.1206819838
0.4525353210
-0.6227588167
1.2248853783
0.3392325770
-0.7411930766
-0.5786781601
0.2086442142
1.2902733866
2.3830613251
1.4210180430
-1.1357326498
1.9657051141
0.9076997460
0.2814342854
-0.3617734353
0.0912012500
1.1500136166
-1.1957829747
0.0335660620
-0.6290394125
-0.4754472300
-0.7326641845
1.0218792353
-0.0863541184
0.9404685730
0.6726782394
2.6946833845
0.5195863515
-0.8173568046
1.2959362934
0.8694508619
-0.4156651374
-0.9969013350
-0.0623629970
0.4849489403
0.3676863908
0.1567786774
2.0482666862
0.7822751174
1.5791027263
-1.8137594623
0.9527707072
-0.8266726821
1.1249592645
-0.0139732556
0.3009762442
0.1070717296
0.7213785724
-0.2304112573
1.1412861800
-0.7114446683
-0.4052204067
-0.5219213594
1.6962211035
-1.4119795601
1.2889135002
0.9046920218
0.5479807301
0.5322571170
-0.7168981209
1.4201333704
-1.5747734151
-0.9781333713
0.2137887062
0.1533947703
0.3542997681
-1.3850174926
0.1334640809
1.0718845386
-0.6301297353
-0.7737339112
0.5968795585
-1.3733110939
-0.3569444538
0.4844493100
-2.0461634336
0.3497650266
1.2610622576
1.9154690155
-0.1776498050
1.6631052490
-0.4172637685
-0.5310517714
-1.0375704444
-1.6303625836
-0.0067944117
1.1089262581
0.0728983344
-0.7287393319
0.6744324783
0.6784576734
-1.6051125710
-1.0935947571
0.4274171747
-0.4507197812
0.1941217936
0.1745166592
-0.6485994267
1.4926228948
-1.7478951173
0.3515206993
1.0893305080
0.1744015554
0.6492154924
1.0698245790
-0.2001449636
3.0796744420
0.1313986731
-0.2903676227
0.2854051954
-1.6552085559
-0.8581289530
0.2324965591
0.5327453091
2.1078321801
1.2859345022
-0.1933155651
0.7905299844
0.1735031157
1.6463340267
-1.2258948954
0.3642597907
1.1806855760
1.3919500309
-1.6196984872
-0.1675700569
-0.7910080488
-0.4846440999
-0.9119431629
-0.2502057872
0.6122431194
1.3190013072
-1.9712781202
1.7324890330
2.0455784554
1.3631173748
-0.5610822366
0.3984811236
0.0233476708
-0.0330667848
-0.5639909783
-1.6619287983
0.4203604475
-0.2110419508
-0.9598338336
0.3619411616
0.4217067885
-0.7732112702
-1.0397166201
0.1292033375
-0.4637108920
-0.8249114137
-0.3234949510
0.5503164478
-0.1340002426
0.8791584174
0.9276460422
0.2784820840
0.1828744449
-0.4499585779
0.4232623356
0.6773370517
0.1868550431
0.5125390433
0.0324617429
0.2417090236
-0.0400796359
-1.1860165556
0.9787760956
-0.9017737908
0.2918282840
1.2046853662
-0.2556011602
-0.0481353051
-0.3123879798
-0.8479383271
-3.0068697447
-0.5018062617
-0.8630535445
-0.0430012804
0.1214567344
-0.4461299377
-0.7657990875
0.9721379541
-0.2569032082
-0.3328274565
-0.3455656924
-0.1484072862
-0.7797932897
-0.4338516171
1.2047971983
-0.4093669963
1.3180236315
-1.0256106691
0.2165728088
-0.0947484270
1.3072305184
0.3498572873
1.8795906914
1.0373197048
0.2646646523
-0.4693130355
-1.1226057040
0.2495813721
0.2586625664
0.6921084301
-1.5205605301
-1.8755198463
0.8808345622
0.8214965296
0.6665838138
1.7070348267
0.9504180630
-0.1269179212
0.0530705175
-0.2785790179
-1.4776824128
0.9649537313
-0.1984959467
-1.0999340023
0.3721098748
-0.2872920722
0.9419463307
-0.7560081254
0.5621506714
-0.7576520787
-0.5610096319
-0.6758421076
-0.8715571074
-0.7822230708
-0.5734344575
0.6185459187
0.7095397874
0.7366622793
-0.1220178082
