10 2 0.08
25 0 3 1 2 1 3 1 4 1 6 2 0 2 1 2 2 2 3 2 4 2 5 2 6 2 7 3 1 3 2 3 3 3 4 3 5 4 4 4 5 5 3 5 4 5 5 5 6 5 7
23 0 2 0 3 1 2 1 5 2 2 2 4 2 5 2 6 3 0 3 1 3 2 3 3 3 4 3 5 3 6 3 7 4 0 4 1 4 4 4 5 4 6 4 7 5 6
1 2
1 0
0 0 0 0 0 0 0 0 0 0
0 0 1 1 0 1 0 0 0 0
0 0 1 0 1 2 1 0 1 0
0 0 2 1 2 2 2 1 1 1
1 1 1 2 2 2 2 2 0 0
1 1 0 0 1 1 2 2 0 0
0 0 0 0 0 1 2 1 1 1
0 0 0 0 0 0 0 0 0 0
0 0 0 0 0 0 0 0 0 0
0 0 0 0 0 0 0 0 0 0
0.1880170944
0.9042083888
-0.7979132636
-0.0698219811
-0.2610373474
-0.8497268820
-1.2217995181
1.0887509314
0.6399994731
0.0224606820
-0.9005893905
-1.0989713122
0.9878290600
0.8005801992
-1.0884576736
-0.5554668576
1.8345599295
-0.1808494416
1.0179485416
1.0143358936
1.5480486279
0.0937041480
0.7449741031
-1.5548696046
-0.3224374584
-0.8695901582
-0.5050089949
0.5953658506
0.8445312471
-0.6426757819
-0.5751454712
0.3565358946
-0.4027542819
2.1629164598
0.3048045150
0.9838446531
0.1055863787
2.2102041811
-0.3318797144
0.0080227944
0.2391410095
-0.7153329018
1.5838697237
-0.3908695865
0.1786346933
1.1195882221
-0.4183744449
1.5426002079
-0.1490609238
1.2488724958
1.9106759896
0.8554787366
-0.2528851116
-0.7337156675
-0.2166243647
0.4204890136
-0.8446789967
-0.0277179220
0.9379212475
-0.8134165978
0.0708148862
-0.6364233156
0.0092748503
-0.1787884868
0.1790640185
0.5438804306
-1.3246774298
0.2758062772
0.8247355003
0.4616750565
1.4920246518
-0.0146733042
0.7136314221
0.4323854171
-0.2316799299
0.6281186064
-1.6781755659
-0.7858842553
-0.1466149858
0.6188056931
0.3421181339
-1.0649961130
-1.3054153521
-0.1915378393
0.4617070951
-1.2238256094
0.5515038767
0.2898191887
-0.8163564567
0.2299103952
-0.7674838653
0.0993200665
0.6395697965
1.1301408223
-0.6063126310
-0.2858778943
-1.1424118428
-0.2065521165
-0.1949587759
-0.4534604090
1.0257197155
-0.3600617885
-1.5116973898
-1.7559149471
-0.0701138313
-0.3770247137
0.1123288293
-0.1899895303
0.8170324951
-0.4608715525
0.4840141664
-1.9483892484
0.4193693289
1.0284655982
0.5554024779
0.3266494774
-0.6866713531
-0.5675925340
-1.5115556090
1.5366842634
1.0393804849
1.7791623765
0.5247235733
-0.2914529750
-0.4969262026
-0.1415921099
0.8017003768
-0.9949026471
-1.4024167527
0.2909583943
1.6807581269
-1.0584124072
-0.4808857124
0.6843415514
-0.3164464863
0.1723269457
1.1513407642
0.6105768691
-0.4102288948
0.3119109535
-0.1047742673
-0.4739730061
1.9241044313
0.5928922388
0.4137679694
-0.3010147871
0.6569860831
0.8292731366
-1.6435822946
-0.6985809881
1.2622901793
0.4508988665
0.2324474884
0.2736579262
-0.7055940012
-0.5206077740
1.3715205689
-2.0538572608
0.7042884255
-0.6701928719
-1.7260796218
0.1263917889
0.3870310625
-1.0393368673
0.0291767486
0.1833185057
-1.5816162112
0.9583749407
-0.0236170817
-0.8507850079
-0.7823192193
-0.4945836693
0.8811462455
-0.3506338235
-0.1615925213
0.9876831211
0.7078645647
1.6298576686
-0.7268174851
1.0462941765
0.0749040474
0.5042775404
-0.5982500612
-0.5089024735
-0.8559382709
0.4641386693
0.7681904458
-0.6144295768
0.0861109948
-0.2774358885
-0.2351778045
0.8613848487
-0.4279783462
1.3013914488
-0.8079266413
-0.0100453109
-0.2727010783
-0.2387276948
0.5654750076
-1.2498852156
