15 2 0.09
37 0 2 0 4 1 2 1 3 1 4 2 1 2 2 2 3 2 5 2 6 2 7 3 0 3 1 3 2 3 3 3 4 3 5 3 6 3 7 3 8 4 0 4 1 4 2 4 3 4 4 4 5 4 6 4 7 5 1 5 2 5 4 5 6 5 7 5 8 6 1 6 3 6 4
41 0 3 0 4 0 5 1 4 1 5 1 9 2 2 2 3 2 4 2 6 2 7 2 9 3 1 3 2 3 3 3 4 3 5 3 6 3 7 3 8 3 9 3 10 4 0 4 1 4 2 4 3 4 4 4 5 4 6 4 7 4 9 5 1 5 2 5 3 5 4 5 5 5 6 6 1 6 2 7 1 7 2
8 2
2 1
0 0 0 0 0 0 0 0 0 0 0 0 0 0 0
0 0 0 0 0 0 0 0 0 0 0 0 0 0 0
0 0 0 0 1 1 1 0 0 0 0 0 0 0 0
0 0 0 0 0 1 1 0 0 0 1 0 0 0 0
0 0 0 1 1 1 0 1 1 0 1 0 0 0 0
0 0 1 1 1 1 1 1 1 1 1 1 0 0 0
0 1 1 1 1 1 1 1 1 0 1 0 0 0 0
0 0 1 1 1 1 1 1 0 0 0 0 0 0 0
0 0 1 1 1 0 1 0 0 0 0 0 0 0 0
0 0 1 1 1 1 1 0 0 0 0 0 0 0 0
0 0 0 1 1 1 0 1 1 1 0 0 0 0 0
0 0 1 1 1 1 1 1 1 1 1 0 0 0 0
0 0 1 1 1 1 1 1 1 1 0 0 0 0 0
0 0 0 1 1 0 1 0 1 1 1 0 0 0 0
0 0 0 1 0 1 1 0 0 0 0 0 0 0 0
-0.7176014604
-0.8017330454
-0.0902114338
-0.2189123274
-0.3709230906
-1.7945870307
-0.6747884665
-1.2061229271
1.9779929276
0.1143131598
-0.6093177385
3.8316177230
0.7739610811
-0.2449728213
0.3946340301
-0.9401019845
-0.0967972758
-0.5029320529
1.0483304098
-0.9739415893
0.3136954144
-0.5567315031
0.3864892166
-0.8235753052
0.9185599470
0.8028428730
-2.2836400322
0.5959515195
-0.2229597859
-0.5602532466
-0.8803705301
-1.7791490704
0.7091910784
0.6719794430
0.9359386145
-1.2891765343
-1.8578780596
-0.3790009801
0.1564254444
-0.3401217604
-0.4389295031
-3.2197616844
1.0256935630
0.7684763350
-0.5368323050
0.9124375679
0.2126322558
0.4564619344
-0.0899101966
-0.5026273668
-0.4232691068
-2.7005255134
-0.7960427290
-0.6517853221
0.1782122532
-0.1516369861
-1.1218687983
-0.0912096797
0.4860138303
-0.8735273106
-1.9910817164
0.3620012540
0.1513407809
-0.0899851057
-0.0306179036
1.9569150534
-1.0497561537
-1.0844635446
-0.8432328121
-0.5105757333
-1.0290561397
-0.5131109749
-0.3376715553
0.2644039590
-0.6012091385
0.0977941187
-0.5992795146
-0.3705979070
-0.7252977368
-0.1876261042
-2.0969667750
1.8281251449
-0.5673319382
-1.4095512127
-0.0641923894
0.9996178709
1.5710202102
0.7537718398
0.5105143187
-0.2153666272
-0.2988394972
0.0811539838
0.0748701461
-1.4732295700
-0.3478181864
0.1408231768
-1.2346132796
1.4666744811
0.0869084409
-1.6048359510
0.0009564194
-0.1558915265
-2.8486507746
-1.9248155880
-0.4228680041
-0.2289030145
0.9340819828
0.6206291186
1.7676561674
-0.0840081553
0.5657367322
0.2860042144
0.2565371028
1.4331577129
-0.7822837437
0.7014371636
0.3327836045
1.2607630410
-0.9353070656
-0.6373612369
-0.0983839910
1.0915924004
-0.7601722774
1.5390142093
0.9845634570
-1.4960222405
0.1914057328
1.1786307576
0.3558465907
-0.8655627349
0.4812714974
0.2763703954
-1.7890146095
-1.2481817975
0.6161053431
-0.4286620087
-0.4243240831
-1.2152665595
1.6947116498
1.4726965872
-0.6617104824
-1.1038381353
-0.0467748684
1.0125407864
-0.5990148435
1.9437153464
0.3657198474
-1.1823627395
-0.9974099149
1.5370276043
-0.0853568220
-0.0166627719
-1.0698503653
1.1655094655
-0.8120796207
1.1163103321
-0.9321206467
-0.2853976274
-1.7694403920
0.2078202463
0.1624210672
-0.3768017301
-0.2333480007
1.7177501843
0.2887276515
0.6495309348
-0.7630215342
0.6556251771
1.9646285197
-1.0920948010
0.5228392960
0.5846832228
0.6518263664
-0.7857695727
-0.9339418549
-0.7980779312
0.5235159856
-0.7900107718
1.4614121297
-0.0090129678
1.3289651342
0.5225091803
-0.4939329288
-0.7357494566
-0.4316757134
-0.5198353670
0.4679494166
-0.4054576346
1.0969391597
0.9759997279
1.7307801206
0.4089292878
0.4040874922
0.3378856757
1.3858574767
0.2697092392
-0.2391715786
0.4422802950
0.9717644764
-0.4313235474
-0.8576637193
-0.8497574406
-0.0447092999
-0.6211138493
0.2428469975
-0.5948086938
2.1360333629
-1.0893577888
1.9126628086
1.0464865534
-1.2487519712
-0.3622660175
-1.2940182112
0.1039852547
0.2362151401
-1.4721802835
0.5393055771
0.2968999375
-0.2852865351
1.2576275094
-0.5199346125
-0.1639252751
0.5199017779
-0.2355397157
1.3340195188
-0.1115970192
-1.0314140079
-0.9384713055
1.8833765536
-0.5101769117
0.2980161298
1.0507085708
0.4274416451
-1.7657336452
-0.5533056932
1.7878006948
-0.2112574721
0.6134963778
-1.9774924220
-0.0704672910
-0.7629915902
-1.0883355559
-1.3031414896
0.2987348314
-3.2675035571
-0.3236029447
-1.8650735804
0.7451003479
-0.9155239496
-0.3925482525
0.2734549812
-0.3138561394
-0.5110625853
-0.8784352381
-0.8087941483
0.9258116174
1.5769133731
0.7923584514
0.2790162135
1.4634059127
-0.6236830308
0.4386764008
1.5950061925
1.0464894248
0.7832267427
-0.0081845791
1.3275123763
-0.7135888077
-1.0676906185
1.2839535438
1.2768316014
-0.0650854767
-0.9089952341
0.2589790744
-0.8403704974
-1.0826099247
0.3171616471
0.6509794249
0.2744379004
1.1486572783
0.9675296011
1.7732558707
0.6680707012
-1.1244144714
-1.2764081927
1.8368978859
-0.2754718382
0.0212838410
0.6117602831
0.8549037484
0.7227563998
-0.1195564866
0.6925033064
1.1260779256
0.8026097048
-0.1245988955
2.1093379520
0.0889207207
0.0692494443
-0.9729917078
0.2860825612
-0.2067815483
-0.9936617553
-0.4867259452
-0.0103093863
-0.2587031732
0.6416059142
0.8537184196
-0.8833907973
1.7640449764
0.1629866801
0.1707700386
-1.1308545656
0.3801597689
-0.3498582323
2.5003215617
-0.2080841018
-1.3678379350
2.1691692039
0.3747832471
0.9306531961
0.6000882824
-1.7657187886
1.4170881920
0.3976312184
0.7392289583
-2.3144053995
0.4487059612
-0.1969179290
-1.2588272905
0.0146891359
1.0311186217
-1.7616471591
0.2736906053
-0.0370352064
-0.5310293618
0.2886579127
-0.2120419258
-1.2959671480
2.2066220984
-0.4820783828
-1.1730348981
-0.0789710816
0.3180302607
-1.5024488511
1.3662613602
0.3549455525
-1.2655514451
-0.1649260010
-1.4145445129
-0.0494395843
0.7963085920
0.3522673523
-1.1948296959
1.0610546953
-0.1234442600
0.9141037830
-0.5622692375
-0.6142348850
0.4792531936
0.5646022654
-0.1535440041
-1.3696890109
-0.3870213124
0.8291880625
0.4295203818
-1.6844913816
-1.3642128117
0.4709524239
-0.7170576296
-0.4773383978
0.3676189545
0.5951827064
-0.8852983638
1.0369421011
0.5283616303
1.2109690658
1.2543132840
-0.9263168311
-0.1236770698
-0.5457743213
-0.8857647937
-0.4787451325
-0.5463330205
0.1826853402
0.3875633114
1.3681076927
0.2061082932
-0.8224985672
0.2247085440
-0.3739188517
-0.6962733209
0.2812684329
0.7518273401
1.2740476219
0.5711614206
-1.1264214259
-1.4099798273
-0.0303804281
-1.2071498821
-0.1505335521
1.2530526032
0.5235864898
0.7989762066
1.4314664125
-0.0553181314
0.2254715047
-0.0989584579
-0.7255876564
0.8463245206
-0.7931606085
0.6294923899
0.8520544130
0.0876070727
-0.5190883784
0.9076589097
-1.8972571622
0.3333789308
-0.3329195992
-1.3769767904
-0.1953466749
0.7261452727
0.0878357748
-1.7000217643
-1.3401430729
0.0411184300
0.0478815539
0.6234769466
0.4056871921
0.1325197980
-0.6221001911
-1.2493432856
-1.1326481920
1.6526727119
-0.6282692439
0.7384011465
-1.1573953542
-0.6746426608
0.8355466004
-0.1170050905
-1.2345736730
-0.2347476787
0.7003721499
-1.5918884236
-0.1152505846
0.7293689910
0.2140664113
0.2126340458
-0.4000507366
-0.1433413206
