10 5 0.04
5 0 0 0 1 1 0 1 1 1 2
5 0 1 1 0 1 1 1 2 1 3
7 0 1 1 1 2 1 2 2 3 0 3 1 3 2
7 0 0 0 1 0 2 0 3 1 0 1 1 1 2
6 0 0 0 1 0 2 0 3 1 2 1 3
7 1
1 0
3 0
5 3
0 3
0 0 0 1 1 1 1 0 0 0
0 1 0 0 0 1 1 0 0 0
1 1 1 1 0 0 0 0 0 0
0 1 0 0 0 0 0 0 0 0
0 1 0 0 0 0 0 0 0 0
0 1 1 1 1 1 1 0 0 0
1 1 1 1 1 1 0 0 0 0
0 1 1 0 0 0 0 0 0 0
0 1 1 1 0 0 0 0 0 0
0 0 0 0 0 0 0 0 0 0
0.6467578351
0.1108002258
1.0530889118
0.7225398259
1.0443559329
1.2015293095
-0.1928536858
0.8936674836
1.1090275642
0.6154955953
2.0878257325
-0.2706040617
0.3760866937
0.5327632853
-0.0770769027
1.7313540408
1.1872776233
-0.3696406873
0.5327206362
0.1400109324
0.5606875403
-0.5248924314
-1.6535421102
-0.8525585353
1.4425907332
-1.0209714836
0.1622356831
0.0243879008
-0.0596188996
-0.5966462830
0.3428861983
1.2545970410
0.5630437134
-1.4627774887
1.4013623418
-0.3693884912
-0.7804808892
1.2197915759
0.0337036075
-1.2340879121
-0.1853959891
-0.2563212813
-1.2940331856
-0.3225850635
-0.1700194841
0.4804238031
0.4717718350
1.3218119230
0.5802501165
-0.3319332941
-1.0629700804
-1.2305119571
-0.2579861789
0.8893670315
0.9041550480
-1.4821755350
2.1363519847
-0.2091823309
-0.3160139927
-0.5478971822
0.6875802374
0.9560305339
2.1986946637
0.8942664914
-1.2581808755
0.1809593843
1.5056339878
0.1282166509
-0.5248405832
0.6628180780
-2.2162537301
-0.0651684785
-2.5428446903
2.1073794598
0.3672859367
1.3185927102
-0.2763084233
-0.1099231404
0.7782483539
-0.5735567810
1.0434418190
1.2188139382
-0.8002421735
0.6134575571
0.3182180949
-1.0594934279
0.9097915698
-0.6729623699
-0.8899273061
1.6869538071
-1.6590326929
0.3343491986
-0.1846266599
-1.1393128953
0.5397946812
0.9692870363
-1.2107327147
0.5126447624
0.5846373200
1.0204966898
0.1957594299
0.4829393416
-0.8904644360
0.3667265755
1.1463395004
0.7892986168
1.2407719399
0.7518321411
-0.5172427939
0.2407750352
0.9482897758
0.4234631442
-1.0471920421
-1.2868634434
0.2879675519
0.2358181144
-0.2820511526
0.2997165996
-0.7094851191
-2.1884895721
1.5006956429
-0.8640966301
1.4322601313
-1.9800148696
1.0744581137
1.9891563183
1.3884217711
-2.2866999045
0.6057160025
1.2674751866
0.1086340275
-0.9299506817
-0.6137994497
-0.0695642429
0.5836204839
-1.3244389342
0.4642854166
-0.8802684189
0.0208218601
-0.0558518151
0.8036413274
-1.3083994021
-0.1616703747
-0.3137429665
-0.7272570475
0.0410961721
1.3857443870
1.0465658294
0.8098745406
0.5838528072
-0.4208378238
0.7202632720
-0.0314159019
0.1951018352
-0.5969231011
0.7994105690
0.3695248500
0.1295759603
-1.3129997668
0.3128408669
-2.0443196574
-0.6127191197
-0.0615026111
-1.4303244083
0.6011083345
-0.1199104583
-3.2947175939
0.9674310330
-1.4142060007
-1.0240532203
-0.1485558155
-1.3237700884
1.0161681528
-0.9253822966
0.1314424439
-0.5800460395
0.8513648189
-0.4643333101
0.7549529297
-0.1094797642
0.1450950045
-1.8500042507
-1.2644247076
2.3974129955
0.6090266794
0.9750893528
-0.2270516197
1.3457369404
0.8911052395
1.3574578135
1.4455966615
-1.2508553032
0.7731626189
-0.2583039365
-0.1641677704
0.2656778537
0.7264944078
-1.6754168523
-0.3790463702
-0.0783488146
