10 3 0.20
13 0 1 0 2 0 4 1 1 1 2 1 3 1 4 2 0 2 1 2 2 2 4 2 5 3 4
11 0 0 0 1 1 0 1 1 2 0 2 1 2 2 3 0 3 2 4 0 5 0
12 0 0 0 1 1 0 1 1 1 2 1 4 2 1 2 2 2 3 2 4 3 1 3 2
2 0
3 2
5 3
0 0 0 0 0 0 0 0 0 0
0 0 0 0 0 0 0 0 0 0
0 1 1 0 1 0 0 0 0 0
0 1 2 2 1 0 0 0 0 0
1 1 2 1 1 1 0 0 0 0
0 0 1 2 3 0 0 0 0 0
0 0 1 1 2 1 0 1 0 0
0 0 1 0 1 1 1 1 0 0
0 0 1 0 1 1 0 0 0 0
0 0 0 0 0 0 0 0 0 0
-1.2532752778
1.3146794875
1.1293230707
-0.8351737361
0.3347524833
-0.5216403469
0.8516286037
-1.1913119932
0.9647488765
0.0866628658
1.7552205457
-1.6814129048
-0.6375547236
0.0706007086
-0.1787555775
-0.1392374061
-0.2536477962
-1.3948730903
1.4812170906
-0.4235000152
-0.2383935562
0.3542854730
0.1323459258
1.0434682325
1.2028699559
0.6687023053
-1.0674925745
0.2928841942
-0.8043076169
-1.4832373880
0.9863487428
-0.0764126041
-2.0958817325
0.3790428279
-1.3202200809
0.2206765146
0.3580931884
-0.2093985172
-0.2774670171
-0.9204046759
-0.6387649318
-0.2048826756
0.9957986783
0.3612559171
1.4211918190
1.0117047206
0.5633835378
0.7323669717
-0.7762528316
-0.7840933564
-0.1011799421
0.6346415089
-0.2539986659
1.0574307532
-0.6684173379
-0.0360892481
1.0068736300
0.3903006531
-2.2067249608
0.4262486069
0.4647613009
1.2832932753
-1.0755471410
-0.9328317011
-1.4973014740
-0.1270999079
-1.7656835222
-0.3079884268
-0.2321069405
-0.3684370685
-0.2722687168
-0.0729504859
1.2800156824
-0.8436753079
-0.8790414217
0.8614287120
0.3068323041
1.7645922723
-0.2918827937
0.0505936629
1.7973501847
-1.0680555008
1.3174262342
0.0285162221
0.6916875959
0.0789492114
-1.4092581396
-0.7405131190
0.4115605682
-2.2618777704
-0.0537077095
0.4495874190
0.7733634491
-0.5922315129
0.1321695557
1.3019875093
-1.2396342477
1.9019662795
-1.1651501380
1.2456696421
0.6866509525
-1.1348605645
1.3532469488
0.5165185991
-0.3677493978
-0.3553181778
0.4396050455
-0.8744487919
0.4185009449
-0.8332986208
-1.2296240106
1.3450994950
0.9413808459
-0.3230365223
-1.2170626968
-1.0279008353
2.5420103574
1.9127407241
0.1108317089
0.5306281685
1.4064617181
0.1649722997
0.9150469548
0.2321773826
-0.3352833206
0.2777873451
-1.2106323971
0.7585191698
-0.7673522346
-1.0836434199
-0.4406784110
0.1671356218
-0.1441475218
0.1053061728
0.7989140091
0.8198713399
0.3119341985
-0.9690132971
-0.5987454320
-1.7352890193
-1.6391167695
0.9668536780
0.5899542026
1.9517118202
-0.7585988151
-0.1742203002
0.4176232370
-1.8087867535
-0.0330491935
1.3350788962
0.5037024262
1.4332236429
-0.0064720191
-0.2499045858
-0.2336337747
0.8990077370
-0.3543366473
-0.2766423697
0.2247769766
0.0992169573
-1.5832518257
-1.9587209801
-0.1231973615
0.0189187761
0.1406768178
-0.8085748418
0.5705115320
-1.1239912113
-0.6312214055
-2.3957465394
2.1989178411
-0.3568492444
1.9114567350
-0.6411722518
0.7597814859
-0.5773565273
1.7130945719
-0.3909677503
1.7079058241
-0.0729422332
1.1669012426
-0.0605415287
0.5737426436
0.2559846542
-0.7726113464
-0.0416127442
-2.1733338527
-0.1897065755
-0.6985762520
-0.3654549895
-1.4617434413
-0.7044348492
-0.3949067213
1.5107827480
-1.2443912912
1.1221947754
-0.9000446111
-0.0489205456
-0.7382486628
0.1203883044
