18 9 0.19
9 0 1 1 0 1 1 2 0 2 1 2 2 3 1 4 1 4 2
9 0 2 1 0 1 2 2 0 2 1 2 2 2 3 3 1 3 2
9 0 1 1 0 1 1 1 2 1 3 2 0 2 2 3 0 3 1
9 0 0 0 1 0 2 1 1 2 1 2 2 3 1 4 1 5 1
9 0 3 1 0 1 1 1 3 1 4 2 0 2 1 2 2 2 3
9 0 0 0 1 1 0 1 1 1 2 1 3 2 2 2 3 2 4
9 0 0 0 2 1 0 1 1 1 2 1 3 1 4 2 1 3 1
9 0 2 1 2 2 1 2 2 2 3 3 0 3 1 3 2 4 1
9 0 1 0 3 1 0 1 1 1 2 1 3 2 0 2 1 2 3
2 6
2 11
7 8
7 3
6 10
6 7
0 11
4 2
8 3
0 0 0 0 0 0 0 0 0 0 0 1 0 1 0 0 0 0
0 0 0 0 0 0 0 0 0 0 0 1 1 1 1 1 0 0
0 0 0 0 0 0 0 1 0 0 0 0 1 1 0 0 0 0
0 0 0 0 0 0 1 1 0 0 0 1 1 1 0 0 0 0
0 0 0 0 1 0 1 1 1 0 0 1 1 1 1 0 0 0
0 0 0 0 1 0 0 1 0 0 0 0 1 1 0 0 0 0
0 0 0 1 1 1 0 2 2 0 0 0 0 1 0 0 0 0
0 0 1 2 2 1 0 1 1 2 2 1 0 1 1 0 0 0
0 0 0 1 2 0 1 0 1 2 3 3 1 1 0 0 0 0
0 0 0 1 2 2 1 0 1 0 1 0 0 0 0 0 0 0
0 0 0 1 2 0 1 0 1 1 0 0 0 0 0 0 0 0
0 0 0 0 1 0 0 0 0 0 0 0 0 0 0 0 0 0
0 0 0 0 1 0 0 0 0 0 0 0 0 0 0 0 0 0
0 0 0 0 0 0 0 0 0 0 0 0 0 0 0 0 0 0
0 0 0 0 0 0 0 0 0 0 0 0 0 0 0 0 0 0
0 0 0 0 0 0 0 0 0 0 0 0 0 0 0 0 0 0
0 0 0 0 0 0 0 0 0 0 0 0 0 0 0 0 0 0
0 0 0 0 0 0 0 0 0 0 0 0 0 0 0 0 0 0
-1.0582858102
1.2826928695
0.1615190836
0.6922918805
-0.1840406603
0.6305705620
1.3239662640
0.9415070921
-0.0342035337
1.5191693472
0.2674374802
-0.7177383861
2.3093194532
-0.0222071912
-2.0502557433
-2.3276390289
1.6931364468
-0.6200671956
0.8896372131
-1.7506471938
-0.0641427190
0.1811229296
-0.2640082385
-1.1484155788
0.2573046069
-1.1968405329
0.2521860772
-0.0755337804
-0.1916628748
1.9137898348
0.4641477930
1.1345516537
0.1879983679
-0.1812630429
-0.7581753897
0.7292271990
0.3173228920
1.4126415510
-0.7449419230
0.1332350210
-0.5833336915
0.5771840305
0.2142503776
-0.6020984485
-0.5676665357
1.3196424477
-0.5820967551
1.3915818791
-1.0320563908
-0.2157389061
0.9412993407
-1.1903248588
1.5366113139
0.4028097323
0.0659045129
-2.1148122442
-0.5767568243
0.4876635554
-0.6146326343
0.7554012598
-0.2154669356
-1.0288877868
-0.3714331884
0.7913686823
-1.8470980577
-0.1630464476
-1.2146388377
1.1569595635
1.1482875427
0.8267876847
0.9003217803
1.0635929919
0.7927478574
1.5185671811
1.1982034260
0.3412959203
-0.0091599436
0.4774432093
0.4468140461
-0.1352801593
0.6788099714
-0.5193437435
0.4791423087
0.9984217115
0.8948742825
-0.6382861249
-0.8986835951
-1.0855572765
2.4690307252
0.1728213965
0.5459195288
0.2813562667
0.8842985583
0.7712423859
1.4054469880
-0.0267414964
-0.7927095287
0.6939915569
-0.7282330483
-1.7534758584
0.3430456094
0.6125367343
0.3562627486
-1.2161708382
-1.3060426061
-0.6549370367
1.0591198598
0.4303544707
-0.2105521120
0.8709633927
0.7311652265
-1.2864292281
-0.1494684042
1.0836609118
0.1370861767
1.1287637865
-1.4480560397
-0.4968544737
-0.6400918595
-1.2038984870
0.5383670581
0.3993319893
-0.1029061203
1.7823814776
-1.4121471075
-0.0436013670
1.8465209882
0.2670133003
-1.3091249663
-0.5639294495
-1.1830282148
0.1358395814
0.7447515095
0.1463182157
1.8352409959
0.8702895537
0.3361189058
0.0200827934
0.1263532298
0.8840074274
-0.6674155985
0.8189691535
-1.3164031875
-0.0320515691
-0.0700555371
0.0037668560
-1.0428257381
1.9523779511
-0.6231122415
-0.6500372460
1.0999469408
-0.4507612592
-0.7372329348
-1.0816633032
-0.4259710128
-0.7108222976
0.5177298736
-0.0442770707
-1.1550018152
-0.6002388246
-0.5585226357
0.7885866637
2.5158360960
1.2192252816
-2.3456901269
0.6464907984
-1.7592185993
-0.6704906698
1.4774800682
2.0164929624
0.1625821167
-0.6562211715
1.6144617680
0.2805880069
1.5695291247
-0.9034628735
-0.0976434291
0.4899444424
0.7407183948
0.0665409167
-1.7353508614
1.7546822692
-0.9772660759
1.1623753061
0.3044060399
-0.0756081806
1.4911122769
0.7784665742
0.0221035157
1.5366540345
0.0410450539
0.4486797862
0.0454514795
0.2146683271
-1.9029102012
-1.7840102518
0.0547414969
-0.6351065386
0.3881282053
-0.5064571531
1.2415238694
0.5816178639
-1.0167567228
0.2685064183
2.7600566729
0.0917936915
0.8548103012
-0.7105355944
0.0250052230
-1.0491336809
0.1730355258
-1.6894451001
0.0333542258
1.5840897111
-1.7135635646
-0.1355199985
1.0127954463
-0.2474471882
0.9105925110
-1.1289691223
-0.1285671210
1.4834138876
-1.5127677630
0.1460174725
0.0304581559
0.7926466163
-1.2374076214
0.7838056924
-0.7761406274
-0.4761610854
-1.9677899089
0.7291426682
1.1827760380
0.6187112853
-0.6445102657
-0.4590739872
-0.1597705494
1.1892897487
-0.2730024387
-0.6209976381
2.0565764403
-0.9002301306
-1.2921996645
-1.7701055046
-0.1541453177
0.1772673064
1.1916264667
0.4748846797
0.8512729401
-0.5719710247
0.9306696260
-0.2205404954
-1.8616952024
0.8196370834
-0.9634009868
1.4222169665
0.9632518735
0.6033217708
1.6508625773
0.0627156309
0.5911754636
0.9701710642
-1.4169252245
-1.2939708444
0.8754244424
0.5434111855
-1.6605403633
0.8837990925
-0.4467537082
0.8350052665
0.2228878871
0.3548585490
1.1837199104
1.1441885176
0.9092830364
-0.1444494701
-0.2104831363
0.5982764391
0.0603214326
-0.9652098029
-0.5340626655
1.4033669988
-1.2595487845
1.0495048513
1.0407330228
-0.4657793966
1.1627068153
1.2501064686
0.9737615440
-0.1231906804
0.4415026820
-2.0525420844
0.0424165099
0.6365119162
0.5189946171
-0.2995687372
-1.1828340359
0.3969605984
-1.9133094238
0.0120113338
-0.5353613463
0.9117670196
-1.4347378183
0.4665201917
1.9276013188
0.5224454925
-1.6109439280
-0.2202914560
0.6959154779
0.5428572982
-0.9882497107
0.1852886915
-1.9444558429
-1.0780053441
-0.8404334262
-0.9339657945
0.2394020491
-1.1825505942
2.0083065812
-2.0788842907
-0.4520787929
-2.2926072752
-0.9883526897
1.1807422692
-0.2905225095
1.6524510091
0.7149909798
-1.3875214905
-0.4337974607
0.2863357029
-1.4751472021
-0.2632184452
-0.0014942024
0.7602103277
1.0994153368
-0.6350305410
0.1127992907
-0.2415800431
-0.9311659661
0.5124257009
0.7960438801
-0.6148579214
1.2771628790
-2.2844710257
0.1830149294
0.8822562556
-0.2240090978
-0.5459849228
-0.3952173440
-0.1365290547
-1.5421975760
3.2262914575
0.8229614306
0.8981657353
0.5568624302
0.7423284895
1.1330322564
1.5635600319
-0.1294549499
-1.0396605264
-0.3432934817
-1.2105252104
-0.4279028580
-0.4539754116
-1.6417468058
-0.7743107669
-0.2256282454
-0.2361323579
-0.7936811950
-0.1779565747
1.5927859188
0.8474178774
1.0637709347
-0.8193121281
0.2049864800
-0.3304543964
-0.6194600750
-0.6476709272
-0.2312654979
-1.3081960447
0.6305961141
1.0052189368
0.7102974995
-1.4533695859
-1.5773745268
-1.5414490442
0.7948415174
-1.3139723775
1.5014987592
0.7052979327
-0.1699546794
-1.7528499014
-0.1665855843
0.5060545069
-0.6841703260
-0.3830990738
-0.0471391077
-0.1224687862
-0.9356180245
-0.0775930294
-0.5499028394
-0.3007865993
0.6817770287
-0.4990967526
-0.1910211020
-0.3790835393
0.1218585481
0.7346837319
-0.0208324003
1.9493455147
0.9665720204
0.8513439291
0.4334317607
2.2573657249
0.8393482580
1.7361916103
-0.7142778531
2.9032638942
-0.4703269093
-1.3917079568
0.2597268092
-2.2297753242
-0.7877865962
-0.5530539853
1.4482454286
-1.4008802552
1.9001192092
0.7367507662
-1.3808337317
-0.2979268599
1.0056019529
2.6169325557
0.2713220728
-0.4479877107
-0.4856734464
0.3760671905
-0.4044158953
-0.3171411857
0.5550572490
-0.3804547309
-1.1060197157
1.1983071250
-0.5710127069
0.2824823871
-0.1155516761
0.6594036281
-0.1246662354
0.4698198476
0.3435710319
0.0728681437
1.2994153681
-0.1440040413
0.1835699761
-0.2338515934
-0.7565182257
1.3585532005
-0.6246537708
-1.0676023655
-2.2265205353
1.9726704407
0.1507948957
-0.6461599279
-0.1849496055
-0.8677571258
-0.9194633763
0.7038890394
1.1209258771
-2.8938486974
0.8420358285
0.6453850188
-1.2358665257
-0.4194882951
-0.2347425912
0.7247342249
-0.8877298900
-0.0433846748
-0.5469619402
-1.6895402399
0.4455666524
-0.6097962151
0.1501113283
-1.3791390363
2.1826737850
0.3054139148
-0.1732210799
-1.2617982173
-1.2160670258
0.3470775755
0.3718294134
2.2988505985
0.6963617296
-0.5161512638
-0.7304164566
0.3521957868
-0.9122486625
0.0839685290
-1.0925638216
-0.6084365736
1.5771916141
-0.0867267830
-0.0576431343
0.2774215873
-1.2118069864
-0.1961922098
-1.4400990571
-1.0139970375
0.3012130123
0.0159849571
-0.3621894251
-0.3064321321
-0.9265558331
-1.6661588181
-0.4916962994
0.6265331944
-0.6127195808
-0.4966834415
1.4484482549
-0.1046136326
-0.9623535821
0.7552672571
0.3797918806
-0.2988118960
-0.2030347385
0.5071555416
-1.5948345055
0.7217760798
0.2008138251
1.9671937806
-2.2327396009
-0.3565835742
1.4081504287
1.2831005115
-1.2117127212
-0.4078118167
0.5869004458
-0.5887460135
0.5409789209
0.9247085837
0.5285671159
2.0645138141
0.1708594242
2.4005123881
0.2268479499
-0.3403160466
-2.2346219908
0.3689250167
-0.3948690355
0.6450174967
1.0287106225
-0.8678323622
0.0247015569
1.3929888451
-0.7260584279
-2.4541185882
-0.0456941687
0.2461965199
-0.1238653734
1.2426245383
1.4827929461
0.0809973174
0.6853562919
-1.1944533159
1.4477196201
-0.8509669373
1.5629813732
-0.8322797442
1.2795807766
0.0492107799
0.2091049706
-0.9910021572
0.7242830408
0.4362441462
2.9959942352
0.6985292780
-0.3839342567
-0.7568052074
-0.3658827330
0.8358707364
-0.0992563507
-0.5309943730
-1.1037582869
0.3565826072
0.6122206015
0.5279230384
-0.8745991992
0.2090610751
-0.2452779852
1.7874515009
-0.0710770418
1.4369458075
-0.2982044929
0.4255113005
0.3685824512
0.0109290498
-1.4128297337
0.9435027025
-0.4376474226
0.5145714818
0.7769220848
-0.4247345329
0.0174949650
2.4243483220
0.0117891694
-0.4479835935
-0.4829560452
0.6211362763
-0.5201257323
-0.8310057597
1.9618945212
-1.5406186923
1.4328143705
-2.1285484499
-0.2539291876
-0.0190102405
-1.1801199307
-0.1738599992
0.3366389075
0.4518741263
0.7234039203
0.3217638282
0.2706575645
-1.3739340195
0.2556899025
1.0064776079
-0.7438277115
-0.4184367731
0.9286712129
-0.3296125099
0.6510043764
1.9749266894
2.3490578545
-1.1269787779
-0.5602634854
1.0916972801
-0.7007821726
-0.9829236913
0.7798475380
0.9364387609
-1.1405060959
0.0693411391
0.0682557472
1.2244741465
-0.3743780607
-0.6073615376
-1.4630341102
0.5998856148
-0.8009478152
1.7428867939
