13 8 0.20
4 0 0 0 1 0 2 1 0
4 0 1 1 1 2 0 2 1
4 0 2 1 0 1 1 1 2
4 0 0 0 1 0 2 1 0
4 0 0 0 1 1 0 1 1
4 0 0 1 0 1 1 2 1
4 0 0 1 0 1 1 2 0
4 0 0 0 1 1 0 1 1
4 5
0 1
0 7
9 10
3 11
1 6
0 9
8 10
0 0 1 0 0 0 0 0 0 2 0 0 0
0 0 1 0 0 0 1 1 1 2 1 0 0
0 1 1 0 0 0 1 1 0 1 0 0 0
0 0 0 0 0 0 0 1 0 0 0 1 1
0 0 0 0 0 1 1 1 0 0 0 1 1
0 0 0 0 0 1 0 0 0 0 0 0 0
0 0 0 0 0 0 0 0 0 0 0 0 0
0 0 0 0 0 0 0 0 0 0 0 0 0
0 0 0 0 0 0 0 0 0 0 1 1 0
0 0 0 0 0 0 0 0 0 0 2 2 1
0 0 0 0 0 0 0 0 0 0 1 0 0
0 0 0 0 0 0 0 0 0 0 0 0 0
0 0 0 0 0 0 0 0 0 0 0 0 0
0.3321456078
0.2138539341
1.1505857585
1.1609586864
-0.3791497874
0.7229392531
-0.4311578914
0.0541497900
1.2681145143
1.3278965031
2.0319542686
-1.2090045187
-0.3691755431
-1.8560590680
-0.8456402099
-0.8348386177
0.5490874438
-0.8543513648
0.5317055660
-1.3427513686
0.4358906829
-0.2848661287
-0.0480698041
-0.3973063370
-0.9153826970
0.7197220882
0.1426197918
-0.3438001151
-0.9156547879
-0.6232925278
0.4475956114
-0.2886827885
-1.2904467903
-0.2504859437
0.6595972455
-1.7128441456
0.7363445544
0.1970216809
-0.4487592983
-1.0408697369
1.1036741165
-0.1430198821
-0.3191451986
1.0499307075
-2.0491927474
-0.4239985428
-0.4441706638
-1.8320533749
1.9729411767
0.1331461699
0.1721205005
2.2156697686
-0.3359022368
0.6463733128
0.9857211703
-1.0116220234
-0.1308978145
-1.8717453622
0.2612883029
-0.2412148607
1.8981895914
-0.5968099175
-1.9266512703
-0.5396908425
0.4423196614
0.7671350641
-1.2834086010
0.3859455503
-0.5993187256
0.2903690753
1.9567290441
-1.0614547007
0.0845515480
0.0118389477
-1.7484205944
-1.0797419952
-1.5600990330
0.7524891917
0.8288499203
1.2436312016
-0.3926373518
-0.2485987650
0.9147497224
-0.9034688023
0.5145078978
-0.1363150647
0.3187257675
0.7039194800
1.8335166403
-0.4465267594
0.3541174737
0.0516765975
0.9440455152
-1.7781139967
-0.5485660601
-0.3569349449
-0.8847092038
-0.0005928996
-0.9464507222
0.5789898087
0.8264825425
-1.1528234013
-0.3176460414
-0.0451881577
-2.3148117968
-1.5926138235
-0.8867544290
-0.8831758234
-0.6323883024
0.6343366505
0.6062086093
-0.5978682111
1.0779873636
-0.5015250902
-1.3634707086
3.3529709024
-0.1852781908
-1.8890438342
1.8573918281
-0.2912796792
-0.1228401267
-0.6906641139
-0.0149840746
-0.5614273112
2.0427419720
0.7467496281
0.3817222157
-1.9263653526
2.3657259143
-1.1828388149
1.5188071455
-2.0615927273
0.5591614035
-0.3009483522
-1.0665081251
1.0169145365
0.0729645320
-1.0941684311
-0.6721416727
-1.3798176450
-0.4480301379
1.5489701532
1.0671601397
-0.5407964901
-1.5853960852
-0.2378082594
1.1269599500
-0.4538292403
-0.6902672423
0.4866090999
0.5624578839
-0.5418163012
1.1543224976
-0.1365617228
-0.0854664813
0.3917579794
3.3515021095
1.0974005020
-1.5799731194
1.3302036719
0.4243057692
-0.8041433123
0.5955671957
0.5208451035
-0.6821164169
-1.5257217930
0.5581919002
1.5885303241
-0.3980858988
0.8794992815
-0.1988594943
0.8243993690
1.7968705141
0.7059877650
-0.5360798707
0.4380060373
-1.0872943347
2.3999213218
0.3615036229
0.2549447812
2.2374590140
-0.9509703144
-0.3456489785
0.1813598849
-0.0782828246
-0.3655864625
-0.3054636263
0.1936927187
0.7183011411
0.3573477307
-0.6905962052
-0.8443994728
0.7002735625
-0.6462224824
-0.7238718662
0.5773460236
0.1314381469
1.1587632999
-1.0264563662
1.3970499227
-0.9456329661
0.0444088189
-0.3008783596
-1.7457867091
0.2183597629
-0.6757202735
-1.1191072257
0.5082416957
-2.6066348993
-2.4831474882
-1.4810865609
-1.1920938936
0.7100374866
1.2526017418
-2.1871427855
-0.7459554371
0.9860154129
0.8723207266
0.3732722447
-0.5995624111
2.3068565309
1.3630994004
-1.5370666592
3.0565180142
-1.0473144937
-0.8501142884
0.7359516419
0.2545902493
-0.4949169582
0.7212076276
0.8172759224
-0.3836599910
-1.2144176875
0.3318990394
1.8591530171
-1.2331912635
-0.1632892106
-1.0609583714
1.7218558136
2.3442853926
-0.5660716176
-0.6358706840
-0.9524916509
-1.2958332886
1.5052976827
0.6836147455
-0.7284328603
0.7986863949
-0.8674430526
2.2584048937
-2.1631219268
-0.3902516065
-0.4897623778
-0.6758257755
0.4889842743
2.4379763590
0.6759461804
0.3381185193
-0.1698376802
-0.4369209601
-1.0524158866
-0.6198783397
-1.5794948696
0.1861652666
1.4397909469
0.0769275691
-0.0778812322
1.2967524608
0.9404404629
-0.4267914963
0.9379197372
0.5985535495
0.0360090298
-2.3224186884
-0.3787479997
0.4557484113
-0.5955568852
-0.4100190061
0.3323082818
0.3907293118
-0.8625172736
0.3109349551
0.5351194110
-0.4971896313
-0.3321997087
-1.1878591505
0.5733384213
1.0186087919
-0.3438533936
0.5324739549
1.0424977503
0.3744718661
0.2555395159
0.4805957830
0.6892011048
1.1054637377
-0.0892670757
0.0915580141
0.8198459802
0.8715754793
-0.7859554490
-1.7501856119
-0.2289837302
-0.6663408384
0.9331555218
-0.1507155476
-0.2599109079
-0.1918325616
0.0809903651
-1.8241922895
-0.4680262468
0.5961800944
-0.2990551664
0.1406991898
0.2146642514
2.2290385096
1.7395156211
-0.7336708472
-2.9387672274
1.6638017891
0.3936746237
-0.3780829562
-0.6912696010
0.8143607074
1.4637429616
-0.4604719991
0.3740610669
0.6241335290
-0.0784862120
0.7938604879
-1.1576926463
-0.4330254284
-1.7789823612
1.7115621999
-0.5318532912
0.5556445109
1.6285049146
-1.0174501932
