15 9 0.01
10 0 2 1 0 1 1 1 2 2 2 2 3 3 3 4 3 4 4 5 4
11 0 0 0 1 1 1 1 2 2 0 2 1 2 2 2 3 3 1 3 2 4 2
5 0 1 0 2 1 0 1 1 2 0
9 0 3 1 1 1 2 1 3 2 0 2 1 2 2 2 3 2 4
5 0 0 1 0 2 0 2 1 2 2
7 0 0 0 1 0 2 0 3 1 2 2 2 3 2
6 0 1 1 0 1 1 1 2 2 2 3 2
10 0 1 0 2 0 3 1 1 1 2 1 3 2 0 2 1 3 0 3 1
15 0 3 1 1 1 3 2 1 2 2 2 3 2 4 3 0 3 1 3 2 3 3 3 4 4 1 4 2 5 2
0 6
10 9
12 7
1 2
3 0
10 7
3 6
11 0
5 9
0 0 0 0 0 0 0 0 1 0 0 0 0 0 0
0 0 0 0 0 1 1 1 1 0 0 0 0 0 0
0 0 0 1 1 1 0 0 1 1 0 0 0 0 0
1 0 1 1 1 1 1 1 0 1 0 0 0 0 0
1 0 0 0 0 0 1 1 1 1 1 0 0 0 0
1 1 1 0 0 0 0 0 1 0 1 0 1 0 0
0 0 0 0 0 0 0 0 1 0 1 0 1 0 0
0 0 0 0 0 0 0 0 0 0 1 1 1 1 0
0 0 0 0 0 0 0 0 0 1 1 1 1 1 0
0 0 0 0 0 0 0 0 0 0 1 1 0 0 0
0 0 0 0 0 0 0 1 1 2 2 1 0 0 0
0 1 1 1 0 0 0 0 0 1 1 1 0 0 0
0 1 1 1 0 0 0 0 1 3 1 1 1 0 0
1 1 0 0 0 0 0 1 1 1 1 1 0 0 0
1 1 0 0 0 0 0 1 0 0 0 1 0 0 0
0.2812960057
0.0861167981
1.7003490450
0.5822007154
0.1055675913
0.4012376871
1.1688193972
-0.7069478526
0.3420153334
0.7398666126
-1.0234269076
1.4093892440
0.5472896844
-0.5964224296
-0.2031006123
0.4778329125
-0.4025913219
-0.2126271838
-0.9923626421
-0.6217227328
-1.3763598255
0.7253344621
0.4230984593
-0.2648757227
0.3921600783
1.1534880141
0.4763437881
0.2037191142
-0.4053593663
-1.4268949112
0.2038475254
0.2100431511
-0.5503672501
-1.1826591049
-0.9774889499
0.5398629045
-0.7940333515
-1.4247776758
-0.0283900691
-1.4223206200
2.4785619776
-2.4547383367
-0.5260371356
-0.2751182898
-1.7474697087
0.0873083428
-1.1865235938
-0.2916269063
-0.2128486615
2.0546315168
-1.4915839854
0.4316753876
-1.8075871210
-0.8581019400
1.8759751369
-0.6641513966
-0.0570208184
0.8966708102
-0.5257727883
0.5295983437
1.4832134016
-1.7426474657
0.1995077860
1.6607046143
2.1185352084
1.6993952665
-0.0302464856
1.8781914795
0.4415400885
0.3991882010
-0.4766443839
-1.1366393345
-0.2051254245
0.0733112858
0.0151624674
-0.5887323418
0.3997450285
-0.0157102549
-1.0658430771
1.4659064293
0.5037552825
1.3148930322
0.6555537952
0.5266155143
0.2143517274
1.5356127668
0.9934523444
-0.3262899090
-1.1485905669
-0.1218778406
-0.3144924050
-0.6345402569
-0.3495446039
0.1860438719
1.9433365994
-0.7698090856
-1.5674258315
-0.2404372214
-1.3514918210
0.4304551763
-0.6154010799
-0.3552129376
-1.6335326253
1.8278473831
0.3257203996
0.3268489809
-0.5255491921
-0.5913409137
1.0712822191
3.3913160454
-0.0564826813
-1.3046740903
1.1941950761
-0.5744780642
-1.7709169437
-1.5411897621
-0.7188097843
-0.1045069781
0.0558866099
1.0948358470
0.5252759460
-0.1487225721
0.2351736487
0.7434636435
-0.2216652212
-0.9126574267
-0.4133302084
0.1245266887
-0.7381128066
0.8741700351
1.2101444626
0.5199587122
0.3935351738
1.8207573742
-0.4609683084
-0.7331235015
1.2132692496
-0.0744201142
0.9067525511
0.3347491932
0.8469570593
-0.8572113366
-0.3987746467
-0.3687210534
-0.6981421882
1.6747350065
0.8749637882
0.2616446019
-1.5245511585
1.3583507087
-0.3045306682
-0.0304665112
1.8793233508
-0.4288675560
0.1796424917
-0.1734843612
-0.7133013382
1.9378350790
-0.9163982965
-0.0664374603
0.2620727082
-0.5217905282
1.5184985487
1.3090187903
-1.4176160422
-0.5967309484
-0.1710229670
-0.5024667652
0.7813268390
0.2020469649
0.1779813157
1.0005408866
-0.2343123313
-0.3838431227
-0.0567056956
-0.3227098599
-2.0265534995
0.6891553022
1.5137766721
-0.3906905744
-1.0110525266
-0.9082167473
0.7572055394
3.0254553983
-0.4398204684
-1.3120196437
-1.3148845751
-1.6705284103
-0.2743561932
-0.3811586472
-1.9593887375
-0.0312212008
-1.1766344341
0.0858622567
-0.0900154257
0.4234771954
-0.2507291213
-1.7898793941
-0.3158029703
-0.3975060078
-0.2334496132
0.7324109605
-0.8641341506
0.2509221366
-1.6756674391
-0.4052005327
-0.2773533076
-0.2945965231
-0.7166484943
-1.3210674426
-0.8519428610
-0.6005590370
0.4576987607
1.2960163739
-0.2919840971
-1.1750503934
1.5893037780
0.0422044902
-0.1619584077
-0.7125618956
0.4653780075
0.9496153187
0.4363407994
-0.0494659774
-1.5903831733
-0.6087526051
1.0414034516
0.0399312369
0.5348594777
1.2890066214
-1.2689966605
-1.6660390569
0.7977498973
-3.1156717901
-1.0281438139
1.0207842369
-1.2849621327
-0.0123079240
-0.6336555480
-0.5129854585
0.0156096453
2.2347384980
0.2649129673
0.3568104829
1.8699686080
0.1400442072
-0.4059192114
-0.6159234146
-0.6898929485
-0.1042879630
-1.4571138324
-0.0835627626
-0.3458444342
1.0687208974
0.6890689009
0.3398162455
-0.6548384031
-0.5839731105
-0.2362172754
-3.1789541057
1.6359447844
0.1741856676
1.3137719229
-1.8090530594
-0.0985640158
1.8236748435
0.1549241116
1.1002955318
0.6026611101
0.0503637805
-1.6424414110
-1.9719113704
-0.4792959263
0.6815069636
-0.1429067098
0.3834752259
-1.3958518926
-0.1632578725
0.2380425157
2.4027233915
0.4043083224
1.9142880866
0.6332007233
0.1961457805
0.4005065162
0.2969475365
-1.1952951384
1.8154794288
1.4187352880
-0.6825117342
-0.3810004117
-0.4230799476
-1.7537063844
1.6043244329
-1.1803281432
-0.2497368123
-1.0160467811
-0.0229293663
0.5739404425
0.2053374938
-0.5344271761
0.3684165304
-0.6785849343
-0.1077646615
0.7840162342
0.1011427015
0.0048527553
-0.8398253358
0.8059355959
0.6795510693
0.4176367730
1.2057247401
-0.5468534634
0.1846241898
-0.2718276976
-0.8535430725
-0.1207096436
0.6795309988
-1.3352313510
-0.6626839444
1.0422357941
1.4055723192
0.6244137473
-0.6085576270
-0.6554131804
0.0683518870
-0.9739691038
1.6998071151
0.5273027795
0.7825773290
-0.2252921630
0.7310006031
-0.8224674124
-0.6036216038
0.8249283738
1.0960011296
0.6688526750
-0.8767816206
1.7865160286
-0.6120209164
-1.2698589142
0.4496183839
-0.2990715119
-0.2507411927
-2.1998565626
-0.0295865420
-0.5718282933
-1.1385156224
-0.9708531084
-1.0486057258
-0.2433832513
0.5794477590
-0.7927899276
-1.8921539271
-0.3574263882
0.1868008944
0.9676299024
0.3654620009
1.8755776940
1.4846556949
0.2507847559
-0.8241601664
-0.3256333491
0.5325586370
1.0350545446
-1.0170353277
-0.9929203230
-0.5433799031
0.9643760506
-1.6298711901
1.4370545741
0.2731622016
0.2861156930
-0.0158327229
-0.0901688083
1.0622566907
-1.2836734195
-0.2973975201
0.0106353625
-0.8117512500
1.0021339218
0.6506476777
0.5850150912
-0.8011858637
-0.5115925540
0.4945645235
-1.1490919375
-0.7708372001
-0.2370627731
-0.0657549251
-0.7027226600
1.4630627907
1.7132607667
-0.5664660533
0.0968716841
1.2617303363
-0.4778671110
1.9661281836
-0.9058110640
-0.7879054674
-0.4661614789
-0.9536089055
-1.8264223649
1.9640869516
-0.1822144469
2.6953626922
0.1687893288
0.2126021694
-0.7254594534
-0.1864556032
-1.1415517177
1.9197399208
-0.4918406707
-0.8034912619
1.2527044070
0.1439741744
1.0005468536
0.4760939391
-1.9255379365
0.4227334636
0.1956339135
-1.5584661592
0.6387742878
-2.3972704476
0.1756920907
-1.5374746142
0.7558208812
0.3768106906
-1.2302208393
-0.9077390170
-1.1722951695
1.3573821018
-0.0634187374
0.8428292804
0.1163489826
0.4473032496
-0.1846180269
0.1872810592
-1.3365740541
-0.7612406243
1.3330366460
2.5469283637
-0.7351822811
0.3064067459
-1.1094499339
-0.3967412653
-0.2236846947
0.5932710772
-0.6198678994
-0.2813925209
