17 7 0.01
11 0 1 0 2 0 3 1 0 1 1 1 2 1 3 1 4 2 3 2 4 3 3
8 0 1 0 2 0 3 1 0 1 1 1 2 2 1 2 2
10 0 0 1 0 1 1 2 1 3 1 4 1 4 3 5 1 5 2 5 3
17 0 3 0 4 0 5 1 0 1 1 1 3 1 4 2 1 2 2 2 3 3 1 3 2 3 3 3 4 3 5 4 2 4 3
16 0 0 0 4 1 0 1 1 1 2 1 3 1 4 1 5 2 1 2 3 2 4 3 1 3 2 3 3 3 4 4 2
19 0 2 0 3 1 2 1 3 1 4 1 5 2 0 2 1 2 3 3 1 3 2 3 3 4 1 4 3 4 4 4 5 5 0 5 1 5 4
16 0 4 1 2 1 3 1 4 2 3 3 0 3 1 3 2 3 3 3 4 4 0 4 1 4 2 4 3 4 4 5 2
8 4
8 8
11 3
12 2
2 4
1 3
1 7
0 0 0 0 0 0 0 0 0 0 0 0 0 0 0 0 0
0 0 0 0 0 1 1 0 0 0 0 1 0 0 0 0 0
0 0 0 0 1 1 1 1 2 1 1 1 0 0 0 0 0
0 0 0 1 2 1 2 1 1 1 1 0 0 0 0 0 0
0 0 0 0 1 2 1 2 2 1 1 1 0 0 0 0 0
0 0 0 0 1 1 2 3 3 1 1 1 0 0 0 0 0
0 0 0 1 1 0 1 1 0 1 0 0 0 0 0 0 0
0 0 0 0 0 0 0 0 0 0 0 0 0 0 0 0 0
0 0 0 0 0 1 1 1 0 1 1 1 0 0 0 0 0
0 0 0 0 1 1 1 1 2 1 1 0 0 0 0 0 0
0 0 0 0 0 0 0 1 1 1 1 0 0 0 0 0 0
0 0 0 1 0 0 0 1 0 0 0 0 0 0 0 0 0
0 0 0 1 1 1 1 1 0 0 0 0 0 0 0 0 0
0 0 1 1 1 1 1 0 0 0 0 0 0 0 0 0 0
0 0 0 1 2 1 0 0 0 0 0 0 0 0 0 0 0
0 0 0 1 2 1 2 1 0 0 0 0 0 0 0 0 0
0 0 0 0 2 2 1 0 0 0 0 0 0 0 0 0 0
-0.5632535551
0.9878629337
1.1070988592
-0.1201134191
0.4370151591
-0.8343395557
-0.2597987002
-2.0288107379
-0.2882134007
1.0262813590
1.9403571159
-1.2134813616
-1.2796781819
0.7552258475
0.6073368359
-0.4848599553
-1.2251573484
0.2503677086
-1.5169762237
-1.2528413298
-0.8017855653
-0.1673406038
-1.7198586139
-0.8521476136
0.2848195551
0.5698570345
-0.3755310908
-0.4605729928
-0.7223376584
1.5644090035
-1.3819037401
1.7519688919
-1.7138597332
-2.1268392172
-2.3023408675
0.4177380715
-0.8175146361
-2.2418117055
-0.9891257731
-1.1154874919
0.2117081639
-0.7569827978
0.4532741800
0.6263732415
-0.4849981799
-0.5327574301
-0.0508367534
-0.3224393640
0.0234108584
-1.2691677216
-1.3150291150
-2.0306856592
1.1999247787
0.4461213703
0.0698704194
2.5929274251
-0.1390430667
0.5192249892
-0.8820643208
-0.8888696489
0.8103647642
-0.1324355105
1.4442126791
2.0738620351
1.0464214027
1.2957073378
1.2746307508
-0.6955258500
0.3693558398
0.9039028669
0.2430162275
-0.4613754174
-1.1563050335
0.0132153495
-0.2242528394
1.1560753699
-1.6484606283
0.8032705006
-0.3160000006
0.6330647388
-1.3799961983
-0.5150451530
0.9000080644
-1.2751841326
0.5746676091
-0.2800232200
1.4872271125
-0.8428015610
1.4349604343
0.9415817766
0.6598656582
-0.3041633940
1.6469142140
1.8111685510
-0.6234685564
0.3068223726
0.7311370552
0.3990879508
1.0962042071
0.4352710777
2.1703537456
-0.6276372973
-0.9618931777
0.2376136622
-1.7777562197
0.8900497884
0.2868915142
-0.0312831718
-0.2284538565
-1.5443771390
0.3316937997
-0.7675424281
-2.0127461628
-0.1241134130
-0.0858187849
-0.1831491378
-1.7910476725
-0.1345034146
-0.3004549452
0.0346641826
-1.4536892031
0.1889436659
-0.9516750998
-0.4410324717
-0.4075757302
-0.9697393335
-0.8085105900
0.5165144693
1.4395254977
0.1993093475
0.6979502375
-0.2952442050
0.9744135964
-1.7013753343
0.1095695811
-0.3308156573
0.1580486331
-0.1059950292
-1.9212815714
0.9618350670
-1.1184497524
-1.4641497932
1.6177754754
0.5140319218
0.5060024263
-0.2435647646
-0.9936196696
0.1471343220
-0.5192743090
0.1392372809
-0.1181441200
-0.4944207108
1.5928332707
0.7979578158
-0.6269946848
0.9445741268
0.9849627962
-0.3715171038
-1.4014390803
-0.2779727203
0.6549604357
-1.3334922500
1.7867763867
0.5871043426
-0.2773980328
1.0264581117
0.6472071000
-0.6905979051
0.0852613763
0.0164108073
-0.8021442654
0.0637982617
0.9119481029
0.2808421576
0.3828388454
-1.1713213934
0.5025706282
0.0873681304
-0.7079065762
0.6837186816
-0.3558184918
-0.4997495806
0.1465130635
0.7693153194
-1.2695552218
0.6785883585
-0.2808631632
0.0267137278
-1.6634624928
0.0867106040
-0.4612660226
0.6010430215
-2.0795283521
-1.1548185719
-0.4174374569
-1.7081086217
-0.6014466559
0.0380641262
-0.0276668882
0.1802600514
0.5799481114
2.6188875805
-0.1766358183
0.0836184254
-2.0168522655
-0.4150864710
-1.0730617054
1.4439204673
0.9769896245
0.8557321142
-0.1699981949
-0.9000823416
0.2824535179
-0.2335235914
-0.2434449203
2.7989716751
-1.2678811251
-2.0121973140
0.4558045693
-2.1352885638
0.3763149357
-0.7142111668
0.0409557263
0.7940715027
-0.5685823017
-0.1516123666
-0.3991807648
-0.4434088250
-0.1297915573
0.4165762106
0.9155102020
2.1651294816
-0.3607105495
1.0598805148
2.0642668053
-0.9058939254
1.9818173762
1.7144663916
-0.3550631132
-1.1706983963
0.3357366341
1.6717538034
0.9480636118
0.1997447487
-0.9444203225
0.0724539126
0.0927202298
-1.0573591998
-1.3915606465
1.8848821550
-0.3968781608
-0.1710114425
-0.2235946764
0.4650038561
-0.0242672467
-2.2186988195
-0.0193757622
-0.5893046403
-0.1057874765
0.3862805533
0.0794786184
-1.0836647231
0.5947944686
-1.1896095390
0.2330435737
-0.3863946094
0.4921920102
0.0669147396
0.0115057158
0.5955145229
0.2042230856
-0.6949948088
1.2631420470
0.1484523578
-0.5643909466
0.1068278440
0.2809441535
-0.0464753728
-0.4477885695
-1.7266860227
-0.4718698495
0.5017439770
1.4468092432
-2.0815388317
1.8832561410
1.6994038774
-0.0479006240
0.0341260716
1.0293762209
-1.3096828361
2.0936514931
-0.7562105236
0.9238160245
-0.6695478319
-1.1387826339
-1.2562431649
-1.1319532004
-0.5686585784
0.0249799147
0.2364773064
-0.1337973366
-0.8639853181
0.6155142016
-0.4172806868
1.5493154735
-0.2548419276
0.8435244740
-0.0024617873
-0.0866021148
0.5307845927
-0.2991943496
-1.0851631274
-0.9513923850
0.9690553536
-0.2184538956
-1.9777306067
-0.1533450430
0.8448410662
0.2540602263
-0.0310435751
0.6054365315
0.2700961110
0.8522967949
-0.5494487968
-0.3871842479
-1.6470037406
1.0899021726
0.6943597219
1.0497343964
-0.8719721773
-1.2746937825
0.3064240923
-0.0165505848
0.5051593116
0.8726988520
-1.5428260480
-0.1705963987
-0.2169177479
2.4636584070
0.1845069049
-0.7764066948
0.1647096693
1.4737490187
-0.2784285736
-0.8239273320
0.2113510568
-0.5019883224
1.9854153886
-0.6950402073
2.5202594271
-1.1332672226
-0.3868663806
-1.8683983600
-1.2539880147
0.3691009371
-1.9347034391
1.1882401482
0.2569744354
-0.0472636643
1.6046958034
-0.6548216486
1.6892867748
-0.3104137585
-0.8236949692
-0.4344508744
0.3020036675
0.5247019371
0.5665841177
0.0772947900
1.4845563600
-1.4377019380
-0.8511930890
0.4076562031
1.0350118497
-0.1185803540
0.5002659854
-0.6883120915
0.0561695713
-0.2834415632
0.8966453528
1.3989933565
0.4299050536
0.3366919263
1.4600727157
1.1174589123
1.1932657396
-1.9477455307
1.2563731450
-2.1046358400
0.4929031617
-0.0184025508
0.8390202656
0.3523911582
-0.1247366516
-1.6145439703
0.7057670648
-0.9075632048
-0.2154873794
-0.2940982242
-0.1532457925
-0.1064740418
-0.3067402216
0.4271969105
0.2733497420
-0.2791188231
0.8390031758
-0.3691456998
0.7448119875
1.3802762811
-0.0626156622
-1.2699795890
-0.0211482647
-0.3007017216
0.5891086755
-0.4153704211
-0.5773648593
-1.3540122194
-1.2307812952
0.2637193046
-0.1087327398
-1.1404035872
-0.5713988584
1.5141248209
0.5634416829
1.3124053679
-0.2494297228
0.3466321746
1.1868671666
-2.0956719089
-0.7957765918
0.1845211370
-0.2252280336
0.1520885027
1.7653420692
-0.4416946600
-0.2141971750
0.7616324949
0.1921671756
0.7964883990
-0.5248211201
-0.8530634300
1.1565478864
0.6907958127
0.0430756288
1.2072356113
-0.6931674522
1.1233923337
-2.2306908875
1.2421541907
0.2412920238
0.0222788348
-0.6088763164
-0.6593142624
0.1350882334
1.7746861271
-0.1618559881
0.9104932222
0.7357209910
-1.4594338090
-0.7350770171
-0.8885387145
-0.2173031460
-0.5165144611
-1.1347755415
1.8439119758
-2.0235425002
-1.1142483441
1.2207600585
-1.2280320476
1.3331239801
0.1948193756
-0.4741639311
-1.3634932565
-0.7960982806
0.9499511213
-0.0907456271
-0.0572667535
-0.2964225024
0.5877590667
0.3092488053
-1.0204509975
-0.3844266911
0.2009872754
-0.1351592900
0.2811333379
-0.1253262255
0.6223902285
0.4432496657
-0.0869540585
1.6186147126
-1.0491588197
0.7919175840
1.6302971526
0.5901684196
-0.1791463078
-1.2861284488
2.0234058079
0.4253314499
-1.5724157822
0.1518708717
-0.7372148827
-0.7856184869
0.8263149473
1.0358337512
-0.0325153286
0.2678995600
1.0544499699
0.4998753563
-0.1915982263
-0.7935445980
-2.3107270170
0.2642063181
0.0687486939
-0.6396311241
0.6795508857
1.1946953433
0.8190608815
0.3567110959
0.3880461222
-0.6494481699
-0.9020673646
0.7696538485
-0.7156384618
-0.0500777476
-0.1884080812
0.2470926264
-0.2611348646
-0.4011395680
-1.3707108436
-0.6120691666
0.5566845092
-0.1589026962
-2.3516438734
0.6325445501
-0.6786327957
0.8240895926
-0.6550365613
-0.3310213921
-0.7415546726
-0.6203298850
1.4697200750
0.7070116364
-0.7799446808
-0.3111493746
-0.3944867461
0.5860692753
-0.1079479065
-2.1087599498
-0.3238165667
0.7894854002
-0.5946754091
0.9392467793
1.4933125246
0.5599818263
-1.0336820244
-0.3473039565
0.1809557101
0.0333520587
-2.0422581949
-2.2144307105
0.2546903964
0.5279200800
-0.0774292078
-0.6869793389
-1.7077802811
0.7994943360
-0.7670216861
-1.5668672214
-0.8771593228
1.6984449921
2.5950362344
-0.0579025300
-0.4612799194
-0.9570310190
0.4665130937
-0.0052241145
-0.1790163081
0.6595655727
