16 7 0.17
17 0 0 0 1 0 2 0 3 0 4 1 3 2 3 2 4 2 5 2 6 3 3 3 4 3 5 3 6 4 3 5 2 5 3
15 0 2 1 0 1 1 1 2 1 3 1 4 1 5 2 1 2 2 2 3 2 4 3 2 4 1 4 2 4 3
13 0 1 0 2 0 3 1 2 1 3 1 4 2 0 2 1 2 2 2 4 3 1 3 2 4 1
9 0 0 0 2 1 0 1 1 1 2 1 3 2 0 2 2 2 3
28 0 5 1 4 1 5 2 1 2 3 2 4 2 5 2 6 3 0 3 1 3 2 3 3 3 4 3 5 3 6 3 7 3 8 4 1 4 4 4 5 4 6 4 7 5 1 5 2 5 3 5 4 5 5 6 4
11 0 3 1 0 1 1 1 2 1 3 1 4 2 1 2 2 2 3 3 2 3 3
27 0 3 1 1 1 2 1 3 1 4 1 5 1 6 2 0 2 1 2 2 2 3 2 4 2 5 2 6 2 7 3 2 3 3 3 5 3 6 3 7 4 1 4 2 4 4 4 5 4 6 4 7 5 5
5 0
9 10
0 0
9 10
1 7
5 3
4 6
0 1 1 1 0 0 0 0 0 0 0 0 0 0 0 0
0 0 1 1 1 0 0 0 0 0 0 0 1 0 0 0
1 1 1 0 1 0 0 0 0 0 0 1 1 0 0 0
0 1 1 0 0 0 0 0 1 0 1 1 1 1 0 0
0 1 0 0 0 0 0 1 1 2 1 1 1 1 1 1
1 1 1 1 1 0 1 1 2 1 1 2 2 1 1 0
0 0 0 2 1 1 2 2 2 2 2 2 2 1 0 0
0 0 0 1 2 2 2 0 1 1 0 2 1 1 0 0
0 0 0 1 1 2 2 1 1 0 1 1 1 1 0 0
0 0 0 1 0 0 0 0 0 0 1 1 2 0 0 0
0 0 1 1 0 0 0 0 0 0 2 2 2 2 1 1
0 0 0 0 0 0 0 0 0 0 1 1 2 2 1 0
0 0 0 0 0 0 0 0 0 0 0 0 1 0 0 0
0 0 0 0 0 0 0 0 0 0 0 1 1 1 0 0
0 0 0 0 0 0 0 0 0 0 0 0 0 0 0 0
0 0 0 0 0 0 0 0 0 0 0 0 0 0 0 0
0.4155480623
-1.1151515980
0.2614308811
0.7861780450
-0.3321121637
1.9281023476
0.6293185842
-0.1133102238
-0.1310322457
-0.6552035449
0.4927914494
0.9963628662
-1.3929773605
1.7291558299
-2.0859610762
-0.1920222595
0.4675372796
1.8874565044
1.1592554639
0.9607119336
-1.4425768901
1.1867757191
-2.5988258314
-0.0809628714
-0.2714532470
0.3659102250
-0.6411233575
1.5128545638
-0.6516611874
-2.5220974701
-0.3994017756
0.1750513348
1.1782872831
-0.1198038664
-0.8892187748
1.6622092388
-0.0747689224
-0.5939305231
-1.1069891838
-2.0393184312
0.0440178885
-0.1460690310
1.0824620263
1.0465983819
0.0890096264
-0.5639381007
1.0813477627
-1.1791873441
-1.2550352512
0.0424521676
1.1526718796
-0.0201791678
0.1186092754
0.4432701460
0.3147460536
-0.4453233413
-1.2839318974
-1.1791737056
1.4867015716
0.3252064109
1.3374012620
0.3283124573
-0.1680981203
-0.3204783031
-0.2083265947
-0.6079766029
-0.5660527775
-0.0761560435
1.8242044990
0.5774886473
-1.2280162381
0.8377959910
0.6501959744
1.6205519812
1.3875776006
0.8871919785
-0.5267843086
-0.4439124600
-0.1641653459
-0.9559278123
0.3099847613
-0.5722341268
2.5758352305
0.2470520670
-0.1393752973
-0.3334431023
-0.3655009284
-1.7275475409
0.1796121898
0.3994290210
1.2723379377
1.8486915123
1.6664360270
-0.6814234392
0.5617821909
-1.7505257640
1.4072617315
-0.5595503223
-0.0720435368
-0.0930010753
0.8875753505
-1.2148291940
-2.3186162299
0.9731251475
-0.8625489261
0.6206250858
-0.8037114886
0.3327776399
-0.4276117586
2.0112901217
-1.5171818021
0.4521469784
0.3383186704
0.9578849037
-0.9095697939
-0.0697688742
-1.0771842538
0.1200460598
-0.6423948486
-1.1988441309
0.0301634535
-0.3524207872
0.7944736741
1.9505168504
-0.7250662912
-1.1646325577
1.0346788810
0.8146647931
0.5489032361
0.2257813389
1.6516864394
0.3074895324
-0.2182283460
0.1727184536
1.5998955922
0.5087565652
-1.0386737541
-0.4707682532
-0.1854317426
0.4662494947
2.6953612366
-0.6241454360
-0.5780265095
-1.3592442045
-0.3039464093
0.5884756258
-0.9561370146
-0.2347919739
-0.9174056386
1.2611015318
-0.1970379090
-0.1070518766
-1.0487727137
1.6815622444
-1.9894967702
-0.5261054866
-0.7962329845
-0.8234361194
-0.7482031329
0.1467365401
-1.1381113099
0.7752795836
-0.3448447795
-0.4745874522
0.1879511099
1.7698227309
0.2107726621
0.1146360265
0.1471015530
-0.7622343680
0.7087177546
-0.1833284738
-0.3581944873
-2.3998853830
1.6958111935
1.8710985542
1.4040705600
1.2287155624
-0.7488048234
0.3069820205
-0.1226284928
1.5776885590
0.5540245603
-0.8770675674
-1.2413695010
-0.2892112614
1.8048715267
0.4263922962
-0.3870267781
0.6579800272
1.1683400674
1.3860432361
-0.9183284446
1.4491016475
-0.3030288494
0.9573686972
-0.9456848317
-0.3151698863
0.6970857984
0.7081086163
1.1291934409
1.3267280913
1.0499567969
0.6062887789
0.8505173636
0.1953790666
1.6761648088
-1.9697555530
1.0170600048
0.6334133751
0.1660321722
1.3210871487
-0.2458613244
-0.9775335036
-1.6126618104
0.0375756723
-1.7064080318
-1.5304376992
-0.0008074369
-0.1518402046
-1.3711650839
0.5155728933
-1.0140423755
-1.5437079361
-0.8957313316
-0.8064946615
0.3424188262
0.4384464207
-0.3360823671
-1.2651411260
0.9480626191
0.7542099786
-0.4557828760
0.1443797976
-0.3791880674
-0.1018528180
0.7174647100
-1.2275200874
-1.4985318916
1.3563070336
-2.0002173297
0.3139182234
0.7319991204
1.1248238041
0.3869996150
-0.3992449079
0.4884058819
0.8504790643
-0.4531074119
-0.3556432136
0.4432756833
1.1238794391
1.2048898448
-1.1819600049
0.0258817395
0.3360483193
-1.2734047970
-0.9864068699
0.3409388816
-0.8643673685
-1.6019008253
1.8460709424
1.3170431482
1.1786965084
1.1754742396
-0.2563514128
-2.1271547906
0.2558568824
-1.7438431539
-0.2308468711
0.6280344461
1.7858872046
-0.0656727730
0.1137934070
0.4727103537
0.6245602097
-1.4830411612
-0.8273598373
0.6469899562
0.4537614945
-1.4864013908
2.0338732072
-3.0740481083
-0.1644170447
1.3100172455
-0.8238795922
-0.6209225002
0.5515528855
0.5501734301
-0.8344027903
-1.3970894069
-1.1641952467
-0.5806391874
0.4786109103
-0.2916441189
0.0233939190
-0.2036224219
-0.5645802204
0.2528184185
-0.4325252463
0.3351035023
-0.3211875118
0.1516327845
0.0930058111
-0.6210500680
0.6146272552
-0.5503556488
-0.9252423923
1.0174490286
-0.3379416297
-1.0264338865
2.2363663182
0.1216980273
-1.9714557023
-0.2075575604
-0.1397508239
-1.6983695750
0.0596319103
-0.3225983223
-0.7813692715
0.1170986229
-0.2537568462
-0.2423109567
1.0627855204
-0.2329135531
-0.2561199204
0.0392654811
-0.1476564134
-0.8401315321
0.0099868087
0.5124157306
0.2270885316
-1.4485571386
3.0202673502
-0.4918604973
-0.1077247782
-0.7749754304
-0.3905465222
0.2084727858
-0.4499721902
-0.7395154334
0.5199532123
0.9947725277
0.1576659113
-0.4120562277
-0.1617698566
-0.5110982850
0.2684668410
0.2466034523
-0.5928302946
-2.2391100515
-0.3590308006
1.3334943890
-0.1204265358
-0.3668809090
-1.6561012748
-0.6237554795
0.6332138180
1.1487349809
0.4062916365
0.2569135282
0.6439040084
1.1307874465
0.3057517289
1.3596778379
-0.8931038192
-0.1305969746
-0.3577838860
-0.2117251585
-1.0719067216
-0.3312263531
0.0394059379
1.1101297215
-0.9940232788
-0.2289551008
1.4717155243
-0.0015917518
-0.6058065349
-0.6643009256
1.5834463780
-2.0885081903
1.0007131135
1.6095589256
-0.7349082798
2.2752988911
-1.7170577226
0.3988540064
0.4699513600
0.5805973601
-0.0915789723
0.5957246199
2.1360004240
1.1614966774
1.0722904860
-0.0967207067
2.0135109062
-0.0147669042
0.0246320839
0.8666039569
0.3779638076
-0.1378909152
0.4043544436
0.2702213414
-1.3184905791
0.9695481547
-0.8282634178
-0.8030598608
0.0082583372
0.8271086778
1.1823135248
-1.4562825847
0.6529072506
-0.6039531798
0.4731124794
2.1430866000
-0.3073035903
-0.1064502189
0.4214121693
-0.2172042824
-0.5046608712
-2.9258482810
-1.5973946597
-1.0681029275
-0.2607720059
-0.6084755669
-1.4597360741
0.1160455051
-1.2054781529
-0.2225344074
-1.2383606224
-0.3513207689
0.2666179879
0.8509139318
0.9464517758
-1.8659005275
0.4410476577
-0.3992902512
1.4665765454
-0.7623399954
-2.0771084841
2.0238885644
-1.6342304434
-0.1077005748
0.9887031719
0.4255129890
0.0794219158
0.3197431312
2.0700252434
-0.3971963823
-1.5845594929
-1.2193903817
0.3191340423
-0.2556502653
1.8949003912
-0.6534062904
1.8390436669
-0.6908653013
2.4076000514
-1.1536540715
-0.3082737496
-1.7305794957
0.3651244084
-0.8654429774
1.0367725418
-0.0341247876
-0.0934695217
-1.0528960742
-0.8645101524
0.4289150321
-0.1943786288
-1.3186184619
-0.2455857386
1.9225918679
1.7286604655
-0.9354963364
-0.3675529785
-0.2151286472
0.3118896060
0.0242328244
0.2760706328
-2.2845652049
-1.2602525825
0.5465772953
-1.2775502290
1.8295388209
-0.6279836673
0.9177204756
-0.6688946137
0.7882715403
0.2897154135
1.1639517287
2.2055469007
1.3338609823
0.3357973425
0.2122102029
0.2663208475
-0.7660065399
0.9549965295
-1.2793986057
1.2068496182
-0.1081986562
-0.1423189651
-0.9254985306
0.3071232464
-2.4566352915
1.2037866830
-0.0174290045
-0.3684207706
0.4578231379
0.5045891721
-0.0099550577
-0.3966057119
