12 7 0.11
5 0 0 0 1 1 1 2 0 2 1
5 0 1 1 0 1 1 1 2 2 1
5 0 0 0 1 0 2 1 0 1 1
5 0 2 1 2 2 0 2 1 2 2
5 0 0 0 1 1 0 1 1 2 1
5 0 0 1 0 2 0 2 1 3 0
5 0 1 1 0 1 1 2 0 2 1
7 6
7 9
10 7
8 7
6 1
5 3
7 9
0 0 0 0 0 0 0 0 0 0 0 0
0 0 0 0 0 0 0 0 0 0 0 0
0 0 0 0 0 0 0 0 0 0 0 0
0 0 0 0 0 0 0 0 0 0 0 0
0 0 0 0 0 0 0 0 0 0 0 0
0 0 0 1 0 0 0 0 0 0 0 0
0 1 1 1 0 0 0 0 0 0 0 0
0 1 1 1 1 0 1 1 0 0 2 0
0 0 1 1 0 0 0 1 0 3 2 1
0 0 0 0 0 0 1 1 0 2 2 0
0 0 0 0 0 0 0 2 2 2 0 0
0 0 0 0 0 0 0 1 1 0 0 0
-1.0610680970
-0.3115222821
-1.3973348658
0.9015383654
-0.5377803668
0.4694766131
0.8627654982
0.9934390741
-0.8862292704
-0.3339608297
-0.3857401791
0.6266547671
-0.5213698627
1.0475356618
-0.3977870030
-0.6072250905
0.1704860575
0.4736118252
0.3555841632
-0.5569273332
-1.1051667023
0.1403253769
1.2192765574
0.3670744619
2.2629354557
0.2352266546
-0.5134646797
-0.2942055305
0.3026865588
1.2783407229
-1.6753701854
1.0016945536
1.0917685490
0.0041252384
1.1352082917
-0.0167111094
0.3029265009
-0.5698352038
-0.7282051591
0.6662070917
1.0962406185
-1.0191403110
-1.5136064990
-0.0861815857
0.6435571105
0.4083412219
-2.3163612280
0.4194301945
-0.1814260605
1.5400013890
0.1779901490
1.6816617888
0.2519058647
-0.6322200645
0.6629691569
0.6928287436
-0.8825819624
-0.5647511736
1.0540866628
-2.1447741653
-2.0863351221
-1.6737479789
0.8225781660
-0.0577136775
0.0868151433
-0.3070428015
0.1962638266
1.7023044620
-1.5279357399
-0.6782327538
0.9142354076
0.0529346011
-1.0749340021
-1.1949969090
1.0595785438
-1.3080799683
0.5096659300
0.2705873838
-1.0636248833
-0.2108307947
-1.9820301975
-0.8801639153
-0.1721461301
-0.9935188612
-2.2443676085
-0.6462570649
1.1175636330
1.4010390211
0.5426953589
1.8604939090
0.3175288999
0.4740045624
2.8144436999
-0.6974442682
0.2807355076
0.5442437728
-1.3588468354
1.2509131126
0.3422350705
-1.3489391366
-0.7704880502
0.8957328896
0.0731155174
0.9461374382
-0.6460437917
-0.1804066181
0.2718089803
-0.2805719597
0.0350555295
-1.6502339006
-0.0758304262
-1.2634244967
0.8128616952
0.1914618005
-0.3841299912
-0.7770581313
-0.0172518747
0.6751694627
0.3633892657
-0.3241215247
0.7299497095
0.5236403715
0.6171454821
-0.7238569670
-0.9470607273
0.2072239646
-0.1922578475
-0.8670509982
0.6490800379
-0.5211898202
-0.7168897399
0.6891933360
0.1036560654
-1.1717010847
0.3002517416
-1.7494532306
0.1001801277
0.7611562211
-0.2865405476
0.1130322190
-0.4699787386
-1.4021530453
-0.7255250254
-0.1826093933
1.0775730256
0.5573082720
0.2773789112
0.4368842603
0.4516699945
0.5954765158
0.2823241741
-0.3613537796
0.6985194339
-0.9770255085
-0.3854265924
0.5302999566
-1.4934808642
1.5573370231
0.2775193549
1.4570719714
-2.1595023195
-0.7667482312
1.0093186583
0.7496907763
1.4929201491
0.3021188216
0.0072287495
0.4649238987
-0.8395955175
-0.2630850724
0.3271100275
0.9027771905
0.4391158384
0.4216062816
1.6055714140
0.3734888659
-0.1403515510
-0.5210039821
-3.5320719686
-0.9817239735
-1.4582803830
-0.1853495302
0.3730328466
1.9075787110
0.2751777166
0.4941967345
0.5416821513
0.9467854301
0.6121308472
-0.1387801986
-0.8698809571
-0.3678006925
-1.4780534129
0.6695019434
1.2979878108
1.6752776746
-0.9344614244
1.6906977644
0.1329687421
-0.0267434269
-0.2702539060
1.3379772348
-0.2423180958
1.0658594728
0.0759555628
-1.1433677533
-0.1469093603
0.7004534526
0.2317380244
0.2896472102
1.4854457594
0.3861701401
-1.8743557011
-0.3706819419
3.9379117936
-0.8689246274
-0.8061368737
0.3716353022
0.6604092291
-0.0726636250
-1.4085425991
0.3844135013
-0.1406694527
-0.3024402897
-0.1173265165
-0.4306262018
0.7424907216
-0.2995225536
-0.2818214649
0.6939527098
-0.5260483911
-0.7938284996
-0.8185937514
0.5744873783
1.3519466158
0.9742984296
-1.1373870202
0.6351949214
0.6084424563
0.0995387902
-0.7040919582
1.6860248369
0.2644036335
0.8771544698
0.9616823082
1.0776594635
-0.1145215772
0.1168530099
1.2351680443
-0.9668021224
-0.2520021424
-0.6335110678
-0.2348351922
-0.1004763900
-0.4025503005
-2.0453340318
0.4938692541
0.6779833282
1.7733186801
-1.0733177923
-0.9394585291
1.0414903756
-1.4699105076
0.0384433785
0.8352260728
1.0222646169
0.0897871274
1.3600099526
0.5706894362
0.7642928137
-0.8823215807
1.6119643939
-0.1088451623
-0.1790730309
-0.2272439477
0.1777929995
1.9623830135
-1.4927961715
0.3822780556
0.2183452693
-0.0335383622
-1.1757449360
0.1083854503
-0.5115781345
-0.9565426366
1.3070784828
0.4394174200
-0.5837885142
