12 3 0.14
6 0 2 1 0 1 1 1 2 1 3 2 2
6 0 0 0 1 1 0 1 1 2 0 2 1
9 0 2 1 2 2 1 2 2 3 1 4 1 4 2 5 0 5 1
9 1
8 9
4 9
0 0 0 0 0 0 0 0 0 0 0 0
0 0 0 0 0 0 0 0 0 0 0 0
0 0 0 0 0 0 0 0 0 0 0 0
0 0 0 0 0 0 0 0 0 0 0 0
0 0 0 0 0 0 0 0 0 0 0 1
0 0 0 0 0 0 0 0 0 0 0 1
0 0 0 0 0 0 0 0 0 0 1 1
0 0 0 0 0 0 0 0 0 0 1 0
0 0 0 0 0 0 0 0 0 1 2 1
0 0 0 1 0 0 0 0 0 2 2 0
0 1 1 1 1 0 0 0 0 1 1 0
0 0 0 1 0 0 0 0 0 0 0 0
1.3015381131
-1.0298378723
0.1357743501
0.1847181773
-0.5586059682
-2.4706066563
0.4750434247
1.5391333437
-1.1234276311
-0.6869141878
0.1719644789
-1.9825134813
-0.3189757380
-0.7790668123
-0.7452078115
1.5755968185
-0.6951845400
1.4613765300
1.2119153521
-0.4867829030
1.9485209591
0.7562506266
0.1597485745
-0.6396528688
-1.6805456925
1.2041884024
0.2036874830
-0.9899466206
1.8341862977
1.0576929460
-1.1385885281
-1.6973080560
-1.5159181009
-0.8449662621
-1.5907078461
-0.7623168920
-0.3965477651
-0.2176797518
-0.2563956249
-1.1818626532
0.0389757214
0.5725318002
-0.8967828866
-0.4100460986
0.3288929655
-1.2463354299
1.2278257387
0.5221119176
0.8035248492
-1.0099683584
-2.3718692391
0.6148535932
-2.3031103300
2.0719774477
0.6928604775
0.5420652325
1.0033166684
1.8692217763
0.4617502616
-2.6594916245
0.9757917667
0.6850632186
-0.8418048023
0.6759922334
-0.2879082977
-0.3145434917
0.1929146211
0.1415576068
-1.6500646494
-0.5352743895
-0.1543663629
2.7089317263
0.8733298023
0.0939111064
-0.6545944404
0.8630516177
-0.6165706246
-0.1236230384
1.3648233185
0.5177181747
1.8863884308
0.8995762374
0.2740651314
2.5883392127
-0.0630618998
2.0833155633
-0.0564511914
0.2487632720
0.3928158091
-0.8125181374
0.2045162681
2.0701461813
0.6327477701
-1.6077704170
-1.8579302931
-0.6504302322
1.0836291691
0.5098581029
1.0753021574
-0.7424690058
1.9362893557
-0.5147489908
-1.3148378973
-0.9965973138
0.2547018021
0.1287740219
-0.3072937119
0.2006679299
-0.2403936275
-0.3987658649
0.1571023807
0.8312869776
-1.5037463570
1.5578866448
-0.2192471719
0.0540084325
-0.1394768155
-0.1261418655
-0.0528528963
0.5732987082
0.9047539046
-1.0797866202
-0.0027345278
-0.9494989984
1.0314588897
1.0554919309
0.2759454741
-1.4136971274
0.1218140226
-0.4201002051
1.5362130831
0.4056430966
-0.4537082916
-0.0219231448
1.5049882107
0.4065522755
-0.6897541926
0.1959209961
-0.2533158739
0.4156780179
0.2288657885
0.5493556154
-0.4853563655
0.1564930766
-2.4444443593
0.6657276050
-0.0737804091
-0.1021103885
0.0157925706
0.1073311198
-0.4873758201
-1.0849711243
-0.9360712620
0.3491914945
-1.4978338592
0.4158106098
-0.5525295720
-0.1498591262
0.2392663665
0.9867317970
-1.5280641310
0.1529432597
0.8242843485
-1.3041937530
-0.7808087975
-0.2819868506
-1.2260341163
1.7589491599
0.2516530066
2.4612926935
2.4861636234
-3.2074078665
0.1970791876
-0.9958848222
-1.1434335152
0.1265727554
-1.1630266660
0.8088163099
-0.0972262550
0.7077802013
0.4098386334
0.7040815708
0.3420129022
1.3680361878
0.0306722904
0.3991815096
0.6105954995
-0.2728921816
-0.2235948562
1.5127457918
-1.1144765571
0.9151736054
-0.8899025806
0.1779387536
-0.6676658387
-0.8647348586
-0.3373164215
-1.6930513377
-0.1416562300
-1.5315736333
1.5532980231
0.5506117951
-1.3908647398
0.1632401386
0.2927423404
-1.4336181395
0.7762505324
-0.6709967827
-0.7026170901
0.4660547414
-0.2047647934
-0.2923819025
-0.1996133743
0.0472993321
-0.6136067811
-0.4647855759
1.3157656324
-0.2646172316
0.9672119550
0.1786600157
-0.9107515596
-2.4366411548
-0.6900048321
0.4458550662
0.2586446613
1.1855719094
-1.5300467817
0.6524462153
-0.8041542640
0.3572757128
-0.9712083554
-0.8067927831
1.0286235214
0.0273823150
0.4728068850
0.7191753584
1.3067002585
-0.0354119159
-0.8109790058
-1.2889700231
-0.2401944001
0.1487981427
-1.3181343092
0.2997192407
-0.5674340732
-0.0406304901
0.6968267970
-0.0820864692
0.6568198742
-0.7858521673
-1.1997841715
1.0440474253
-0.4443008213
1.4361571368
-0.7238376967
0.7914732976
-2.0753426031
-1.3266410465
-1.9358000785
-1.0098037634
0.2429147721
0.4713283129
-0.1304971760
-0.3150177808
0.1098857931
0.6504973608
-0.3271166056
-0.0970004663
0.9601102497
-0.7551178201
2.0438810698
-0.2841056278
-1.3528197787
0.4501728869
-0.0113628370
0.0205096984
0.7138143339
0.2064169667
-0.7517002170
-1.6037382759
-0.0070991596
-0.2311582854
-0.4961125066
-0.1279312538
0.7449194288
0.5677101650
-0.0019199547
-1.7525983063
