11 2 0.06
20 0 2 0 3 0 4 0 5 0 6 1 1 1 3 2 1 2 2 2 3 2 4 3 0 3 2 3 3 3 4 4 0 4 1 4 2 5 0 5 1
16 0 3 1 2 1 3 2 3 3 0 3 1 3 3 3 4 3 5 4 1 4 3 5 1 5 2 5 3 6 2 7 2
2 2
0 4
0 0 0 0 0 0 0 1 0 0 0
0 0 0 0 0 0 1 1 0 0 0
0 0 0 0 1 1 1 2 1 0 0
0 0 0 1 1 2 0 1 1 1 0
0 0 0 1 1 2 1 1 0 0 0
0 0 1 0 1 2 2 1 0 0 0
0 0 1 1 1 0 1 0 0 0 0
0 0 1 1 0 0 1 0 0 0 0
0 0 0 0 0 0 0 0 0 0 0
0 0 0 0 0 0 0 0 0 0 0
0 0 0 0 0 0 0 0 0 0 0
-0.0997929045
0.2974212909
-1.0000615079
0.1949572358
-0.7578924288
-1.4236527732
0.7336798122
-0.5506709284
0.2450334674
0.6366393289
0.4684961465
0.5655351372
-0.3500546167
-0.1669411064
-0.3134965206
-0.2851890960
1.2131331914
-1.8561956651
0.3906639778
-1.1921948148
0.4993817968
-1.0475531154
0.2316737473
-1.7143014367
1.2972556100
0.3785031508
-0.8973228034
0.8177176348
-1.6477784671
0.1636840097
-0.3451745091
-0.3258368883
-0.6028692582
-0.3638640965
-0.4054090005
1.3021448845
0.4690571679
0.4554847247
-0.7865861136
-0.8511830731
0.4675646140
-0.4438894072
-0.3032536709
2.2290302093
1.4273677907
-2.0236429603
-0.2010186753
0.8359454588
0.3782504851
1.3734727304
0.4782694334
0.3300069325
-1.3258267602
-0.2839999967
0.1480769392
0.1335214243
-0.1025142177
1.9682091114
-0.1451175067
0.0716837760
0.9673260843
-0.7348020066
-0.0451667567
-0.2216739161
0.7719800600
-0.6749029064
0.0614257076
-0.5244579819
0.1840240818
-0.9309361915
0.2265259363
0.4968086113
-2.4376606772
0.1011525762
-1.0299330747
-1.1259353581
-0.3983937844
-0.6467517038
-0.4246430919
0.2233744609
-1.9570956808
-2.7125492360
0.3372085711
0.4204523575
-0.1709399873
0.3055246842
0.4011899840
0.9150129949
-0.1463660355
1.0285497428
-0.5230597303
-0.6676253754
0.2060696653
2.0957616188
0.1850296298
0.4102944757
1.8475865046
-0.2978454015
-1.6410554990
0.1205363203
0.5223822839
1.2767987305
0.7843668399
-1.2771328132
-1.6210353036
2.1756008654
-1.0679459746
-0.5857175423
-0.9220186012
-1.1363567379
0.3813714120
-1.6037362940
1.7062763704
-0.4917420486
-0.8972672332
-0.8192124313
-1.1475754706
-1.2281939192
1.2459187760
0.1943117813
-0.1955793654
-2.3732899013
0.0181454023
1.2399160571
1.5604528643
-0.5499094473
-0.0469238822
-0.2820369934
-1.0018664183
-0.2247567842
0.5658874223
-0.6083819511
0.3157267377
0.8393810091
2.2732489429
-0.5844855659
-1.2417728082
-1.1903298809
0.2579859747
-0.9753234981
-1.8334499538
-0.5097135547
-0.6095964723
0.2953649007
0.2512346598
-1.9505157352
-0.7816951917
-0.6829244710
1.3314631612
-1.6657078495
1.0816024241
-1.2827756837
0.4106884509
-0.8213702133
-0.7206163163
-0.2933465003
0.4410488602
0.7877773579
0.4756427485
0.9048900843
-0.9144645291
0.2665228431
-0.2421785768
1.3505835910
-1.5099394474
-0.2176236805
1.3080707687
-0.4219072553
-0.9758361352
0.1858495793
-1.4119543458
-0.9371869011
0.9132982424
0.4200392181
0.4117795560
1.0903002751
-2.5131908708
-0.8956504155
-0.6488516467
-0.1106620159
0.9990050263
-0.6251927727
0.8300133256
0.2188501233
1.0648708667
-0.6469048088
0.5019014939
1.2929151199
0.5137186320
-0.1114477745
0.9360140423
-0.0244432343
-0.3007124059
-0.7450860092
-0.4198764441
0.2403834568
-0.1652887195
1.0504552271
-1.4778469413
-0.3455816385
0.2228489002
0.1596809220
0.1986437125
0.6699207338
-0.8986793605
-0.7838040636
2.6037014139
-1.4218887435
0.0462926949
0.4455556592
-1.3062564978
-1.2779742159
0.1445051298
0.4384157122
0.1805152358
-0.8615537931
1.0211719795
0.1043627933
-1.4598802335
0.7230451532
1.5772004980
-0.9604326242
-0.1686808751
-1.1623279514
-0.8207019604
0.5538491750
1.5515531450
0.3340950934
-0.5866563048
0.7008547259
-0.0712638537
0.0055799685
-0.0778891706
0.3143561400
1.9622272059
0.8190221678
-0.1093313388
-0.0258136591
-0.2024419378
-0.6591129602
0.2834762616
0.0835384279
