19 2 0.18
17 0 2 1 1 1 2 1 3 2 0 2 1 2 2 2 3 2 4 3 1 3 3 4 2 4 3 4 4 4 5 4 6 5 3
46 0 7 1 2 1 3 1 4 1 5 1 6 1 7 1 8 2 0 2 1 2 2 2 3 2 4 2 5 2 6 2 7 2 8 3 3 3 5 3 6 3 7 3 8 3 9 4 2 4 3 4 4 4 5 4 6 4 7 4 8 4 9 5 4 5 5 5 6 6 3 6 4 6 5 6 6 6 7 6 8 7 4 7 5 7 6 7 7 8 5 8 6
9 9
6 3
0 0 0 0 0 0 0 0 0 0 0 0 0 0 0 0 0 0 0
0 0 0 0 0 0 0 0 0 0 0 0 0 0 0 0 0 0 0
0 0 0 0 0 0 0 0 0 0 0 0 0 0 0 0 0 0 0
0 0 0 0 0 0 0 0 0 0 0 0 0 0 0 0 0 0 0
0 0 0 0 0 0 0 0 0 0 0 0 0 0 0 0 0 0 0
0 0 0 0 0 0 0 0 0 0 0 0 0 0 0 0 0 0 0
0 0 0 0 0 0 0 0 0 0 1 0 0 0 0 0 0 0 0
0 0 0 0 0 1 1 1 1 1 1 1 0 0 0 0 0 0 0
0 0 0 1 1 1 1 1 1 1 1 1 0 0 0 0 0 0 0
0 0 0 0 0 0 1 0 1 1 1 2 1 0 0 0 0 0 0
0 0 0 0 0 1 1 1 1 1 2 2 2 0 0 0 0 0 0
0 0 0 0 0 0 0 1 1 2 1 1 1 1 0 0 0 0 0
0 0 0 0 0 0 1 1 1 1 2 1 1 0 0 0 0 0 0
0 0 0 0 0 0 0 1 1 1 1 1 1 1 1 1 0 0 0
0 0 0 0 0 0 0 0 1 1 0 0 1 0 0 0 0 0 0
0 0 0 0 0 0 0 0 0 0 0 0 0 0 0 0 0 0 0
0 0 0 0 0 0 0 0 0 0 0 0 0 0 0 0 0 0 0
0 0 0 0 0 0 0 0 0 0 0 0 0 0 0 0 0 0 0
0 0 0 0 0 0 0 0 0 0 0 0 0 0 0 0 0 0 0
1.3522106464
0.0168880829
-1.6786820516
-0.8804680009
-1.5848487651
0.4942892952
0.5249247176
0.3406051132
-1.1113716041
-0.6750725867
0.4603218515
-0.7578207202
-0.5035999532
0.2697615383
0.9607918649
-0.8643189145
0.7567038953
1.9851687609
0.3153900457
-0.2490057545
-0.1137442525
-1.5930810751
0.0078818900
0.0617864262
-0.9667546534
0.1694361468
-0.6902768230
0.3871943906
0.1220281010
-0.2828140443
0.3781636767
0.7475192377
0.9069759366
-0.9144355251
-1.7894146119
-0.8665010773
-1.8371021526
0.0766740672
1.1237917580
1.3275355551
0.1139283056
0.4785023567
-1.2238585473
-0.8536664333
-1.2328985140
-0.2144341930
-0.4198076724
0.9751875173
2.2053714763
-0.8019621990
-1.1715427092
0.0731733293
0.2017967441
-0.2580162134
-0.2541711579
0.6680934982
-1.0855740997
-0.5419058126
1.2656185736
1.5322122638
0.4151950400
0.5219811079
0.7463140931
-1.4553175285
-0.3224050703
0.4484861747
0.1362709407
0.7060325134
0.1787694056
-0.2246796470
0.5939622618
1.0502840577
-0.8585271465
1.3897891707
0.2336604868
0.8837293478
-0.9847194303
0.7792903422
-1.0270044452
-0.6838484216
0.0707559859
0.9013761333
2.2584179982
0.4641195267
-1.4943152074
2.1629595255
-2.0809405701
1.1440028249
-0.7208669247
-0.2857739975
0.6105170286
1.4456496395
0.3733282216
1.0791419301
-2.1697880448
1.9583413558
0.0387541726
1.0096251662
-1.1698500219
0.7249725907
0.8258560352
0.6224966306
-0.3804905848
0.3446971493
-0.5915687749
0.3826307874
1.9206025761
-1.6631569272
1.0229435244
0.7952750011
0.2589199813
2.1684024002
0.4424668472
-1.1005926725
0.9345202147
-1.4758231553
0.1499010048
-0.5478337485
-0.6393274984
-1.6269756003
1.3627393442
0.0815869391
0.0137834124
-0.4289785099
0.0487843508
-0.8376086761
-1.0764465786
0.3936911134
-0.3749103390
1.9049200327
0.1158357028
0.7363229909
1.3887760625
0.0223511352
-0.7085614540
0.3101231464
-1.2361348785
-1.3944089083
-0.2460322561
-0.4220797908
0.5999065466
-0.9039551544
1.8021570763
0.5244424472
1.5400409616
1.3756639070
0.4936865054
1.6785663233
-0.2991306373
-1.1506991828
-1.2935810454
-0.5392022754
0.0542430141
-0.4274810923
0.6117973603
0.7762599266
0.7329095124
0.4359055571
-0.2456257715
0.0246961910
-0.3918630663
0.2187130198
0.3715109666
-1.0114713546
0.3155740425
0.0901681892
0.8028283561
-0.3834851770
-0.3718243243
1.1845493930
-0.1400557101
0.2399030151
0.1395863747
1.2127736303
0.4069259247
-0.6198616252
1.1142439649
0.4428145548
0.0190403568
0.0206447734
0.0606727870
1.1255125170
-2.1618687488
0.4868073414
1.2374476007
-0.4936329132
0.2469334410
0.0600870444
-1.6463968645
-1.2088950672
0.5438121574
0.7068408110
0.1516281095
-0.5593569085
-0.0176706691
0.9717282738
1.1098307366
-0.7026416619
-1.4986560229
-0.9824613047
0.4612101522
-0.4743360482
1.0599894686
1.4973230143
-0.6801164930
0.7731237495
-0.1297880508
-0.9928317316
0.7177019479
-1.9371173556
0.0560209054
-0.6600058100
1.1474227850
-0.2788863853
-0.7729147502
0.1179712159
0.7524230308
-0.5613721427
-0.0344734518
0.3109860014
0.9185631128
1.5757850648
0.4198483238
-0.7550560830
2.1224891402
0.8333858536
1.0344248086
0.1492514201
0.8240874439
-0.0951678907
0.8553524940
-1.1383596791
-1.0497523809
-1.3301175794
1.7767715853
0.9004810921
-1.2988638752
-2.2792358577
-2.6931213548
0.5996796532
-0.9866835948
-1.4717489823
-0.6338865612
-0.4883488350
-0.8622364421
1.0513073735
0.4025396682
1.1704137621
-1.2355014716
-0.4647767859
-0.3574824924
-0.2073934578
-0.0832508313
-1.2506550405
0.4201600334
0.7344240803
-0.8951039705
0.1047057367
1.0135517477
1.6849315012
-0.1831499982
-0.8228808284
-0.7459367486
-0.7894307861
-0.2521735430
1.0335970418
0.1171860926
0.4251731140
-0.1596871829
-0.4609219967
-0.6563822465
-0.3688614556
0.0387702689
-0.8277479137
0.0149714941
1.7725305029
0.5962860882
-0.1067599960
0.5103614617
-0.6836773951
-0.2533746650
0.3503127979
0.1282031012
-0.0685756604
-0.6190602953
0.3548007926
0.5588752175
-0.2330365560
-0.1592783352
1.9332938826
-1.1159233170
0.7102993953
-1.6767090434
0.4132080538
-1.4562620237
2.0769856310
0.1007449902
-0.5019740802
0.9414866970
-0.6280792461
0.7352918388
-0.6820522468
0.5451414123
0.9573688565
0.1068118931
1.2626794530
0.5012626651
-0.0283265393
-0.0991500703
-1.0319267438
-0.0917913879
-0.8957984195
-0.7423916828
-1.2098198296
-0.8984926337
1.4611966581
-1.1252130824
-0.1173035094
0.8296268601
0.6846634598
1.7547174290
0.7692666124
-0.3873695868
-0.3417716007
-1.2027688687
-1.5715010991
-0.1087183901
0.8445256589
0.2964179837
-0.4537446311
0.4132199098
-0.0853367267
1.6315881574
1.0772818441
-0.6242358059
0.8002226158
-0.5607851798
0.5758276194
0.2037639718
-0.1778090394
0.3419748947
0.4950483162
1.6036396179
1.7498916356
-0.0460440822
-0.4556451557
-1.3285701639
-0.4721393108
-0.5078328979
-0.7477032404
-0.0723445031
-0.5735752065
0.1426154513
1.8511850747
0.6301183978
0.6684718678
0.0041745869
0.4634967210
-0.2129246084
0.5998079666
-0.3236166979
-0.5866602198
0.9216195806
1.2245531870
0.6572795012
1.3880295956
0.1080085491
0.3459903540
-0.3313318238
1.5291687132
-0.9093147393
-1.8138410733
-0.8630032183
0.9046999460
2.2951048330
-1.2437347770
0.1678381582
-0.0476416748
1.3545876764
1.0027336338
0.4746773003
-0.1944209084
-1.7669467213
-0.0120328321
-0.5180508693
-0.7090965291
-2.2200009028
-0.3821383537
0.9650137519
-0.1614267348
-0.3831992180
-1.9930987904
-0.1930516470
0.2112327111
-0.9974931509
-0.1508581933
0.2017720907
0.2466192944
0.6017147234
0.3431441752
0.3871819728
2.4512750795
-0.8028724831
1.5887756843
-0.4333777611
0.7822278649
-1.4145906518
0.7823997086
-0.4381946888
1.6391226553
-0.4463475991
0.3173815405
1.1843749356
-0.1171329097
-0.7330092190
-2.2066759221
0.0775209553
-0.3289551177
-0.0386026031
0.6701096057
1.3446892635
1.3081038993
1.2142463959
1.0351984094
0.0149701228
0.0543370182
1.3667651214
0.2445016215
1.0121692334
-0.3183985127
-0.0177679085
-0.6128495667
-0.0959751040
2.5636389669
-0.1051556966
2.4336359912
-0.4655297014
-0.0370641364
-0.5273461378
0.6571192457
-0.0494108675
1.7849599056
1.2880578273
-0.8070096881
-0.7538379402
-0.1877880537
-1.0919916224
0.1549264916
0.6387813658
0.1341651768
0.1428309719
-0.4022930661
-1.8236550788
-0.6253254977
-0.8826666865
-0.5056934049
0.1619316192
-1.6834315940
0.7755084450
1.0068189067
0.7955834484
-0.3813240262
0.5414642526
1.0414429841
1.8768394064
1.2232950505
1.8965831087
0.0895829405
-0.1942204594
0.6441545191
1.0477017529
1.5705917473
0.6218416414
-0.5235105250
-0.9076869137
0.1361094044
1.0665674119
0.1952383957
0.0123266286
-1.0122252236
-0.4868095048
-1.5346432679
1.5332716615
1.7333276922
1.4142904392
-0.8949787611
-0.9031009142
-1.3601369541
0.5851102218
-1.2128012306
0.2735502331
0.5025073630
-0.5195531750
0.3275561130
-0.2465569290
-0.2658953310
2.3453275308
0.4758371828
-0.0222235632
0.4009914571
-0.1477439902
0.6781282068
-0.2473311565
-0.9081730932
0.6857132840
-0.2577930864
-0.4174476095
0.8095669174
-0.7995231778
-0.3919353976
-0.6566822207
0.4635733294
-1.7935156330
-0.1678280872
0.1913846967
0.8772430080
2.5653678116
-0.9388607002
-0.0318017640
-0.2839602001
0.0361000421
1.2484427506
1.7421015807
0.2701417542
1.4111090821
0.5707061400
-0.4670188865
0.4624640907
-0.0788374240
-0.7894397131
-0.5459592281
1.6778544025
-1.1452005592
-0.3410497191
0.4993972165
-0.7345224337
0.8760803780
0.0900358436
-0.9188036566
-0.8426657400
0.0524417964
0.5569580781
2.6775663085
1.4549900457
0.1234322705
-1.5953775137
0.7614154853
0.1311891593
-0.2655293408
-2.1872122977
1.0778978907
-1.9283866114
1.2264373834
-0.6405407302
-2.0069709168
-1.5861646480
-0.3554720483
-0.4847287355
0.8695562648
-0.8892907711
0.4647359530
0.1326647381
-0.5755435140
0.6525572043
-0.5619506716
0.3971629273
0.4231967018
1.1979226171
1.4935715990
0.5515472417
0.3048107713
0.5076729579
0.9471222060
-0.5079473341
-0.9781968121
-1.3437380876
-1.8754018643
0.1029207821
0.8196433646
-0.3637500964
0.9511063489
0.0025028343
2.0824953684
-0.4955667680
-1.0509331557
-1.3956787668
-0.0323431445
-0.6111599472
-1.2635686943
0.0324374662
-1.2575953497
0.2614264133
1.1149704514
0.1831196473
1.2525782453
0.1952882206
-0.8970040932
0.6314537651
-0.4038410775
1.1615716590
-1.0604034589
1.5441088535
0.3125958697
1.8948788213
0.2284904330
-0.3268492785
1.8896009005
0.9171260603
-1.1743657229
-0.7839005273
-0.6239800718
0.0143197706
0.6462939459
0.8195270359
-0.5203889091
-1.5383858364
0.4526762115
0.1129826078
-1.1969309883
1.1630639727
-0.4070213433
-2.2045829694
1.1500097409
-2.0238924244
-0.4684539887
0.5714448228
-0.3158108361
1.5347149603
1.3806323351
-1.2988537326
0.4072696571
-0.9668511885
0.1852965230
1.1294262642
0.5470829619
-1.4204340038
0.0938618264
1.6816771464
-0.2436198655
0.2248776628
-2.4310932936
0.3059509705
-2.2153537991
-1.6766613189
-0.7322614643
0.4802704964
-1.3272483357
0.4580083983
-0.2792646529
-0.6615372197
-0.2570144365
0.7131671678
0.4111271897
0.9772094643
-1.2060749121
0.2632604830
-1.0492197118
1.3749591843
-1.2090898340
-0.3844967414
0.4878637418
0.7211202391
1.3326310317
1.7434284820
-0.9544260026
-0.4670300221
-0.4336902412
0.0094559738
1.0503967088
1.2793401396
-0.3761843118
0.4942990518
0.1028830100
1.0875461814
-0.9914621722
-2.5025640039
0.5041494182
0.6163762557
-0.9587143438
-1.3544308692
0.2982558429
0.3626909926
1.2110480391
-0.2119061201
-1.7010884789
0.5191863821
-0.2075023168
0.5501689889
-1.3389837496
-0.7029646514
0.3782494629
1.4184573637
-0.3386758259
1.3513646904
-0.0695992782
0.4094782804
0.8446442097
-1.2391968182
0.3367273099
0.0288111442
-0.5034469003
1.9976608585
-0.9337733971
0.3813320545
0.1986282487
-0.4969215601
-0.0571529615
0.7004894652
0.3082484652
-0.1927302642
-0.1568587078
0.3650001966
-1.1968323945
1.2872870805
-0.7942461898
1.0620293266
1.4136121266
0.6592798798
0.2186505285
-1.1792332060
0.6664571293
1.2864819415
