11 3 0.11
16 0 2 1 2 1 3 1 4 2 0 2 1 2 2 2 3 2 4 3 2 3 3 3 4 4 3 4 4 4 5 5 4
16 0 2 0 3 0 4 1 0 1 1 1 2 1 3 2 2 2 3 3 1 3 2 3 3 3 4 4 3 5 3 6 3
13 0 4 1 2 1 3 1 4 1 5 2 1 2 2 2 3 3 0 3 1 3 2 3 3 4 3
3 5
3 6
0 3
0 0 0 0 0 0 0 1 0 0 0
0 0 0 0 0 1 1 1 1 0 0
0 0 0 0 1 1 1 0 0 0 0
0 0 0 1 1 1 1 1 1 1 1
0 0 0 0 0 0 2 2 2 2 0
0 0 0 0 0 1 1 1 2 2 0
0 0 0 0 0 0 0 2 2 2 1
0 0 0 0 0 0 0 0 1 2 1
0 0 0 0 0 0 0 0 0 2 0
0 0 0 0 0 0 0 0 0 1 0
0 0 0 0 0 0 0 0 0 0 0
-0.3937499796
-2.1128691952
0.4304097669
0.9739977789
-1.7533080598
0.8595135597
0.3384783573
1.2531829241
-0.8194282959
0.2457158590
-0.8630738114
1.9200093683
0.5384041103
-0.0332604211
1.0721103415
0.0641155117
0.9305579656
1.1033684324
-0.4866625446
-0.0725539839
-0.0238462449
-0.2116970950
1.5597295861
-1.3219545032
-1.2857414323
-1.3105987311
-0.3762109344
-1.4274955264
0.5531636784
-1.3569547309
1.3473454353
0.7763279543
1.0542183416
0.8994303177
2.5669118932
0.5611549107
0.6865451933
-0.3231404159
1.7942768981
-0.4584412287
-1.1684869956
-0.0675443933
-0.5823703204
0.5150198944
-1.4317092446
-0.5331730158
-0.1566529259
-0.8660821502
0.2934094160
-0.7561678231
-2.2888576472
0.5747900081
-0.8538672977
0.5838553015
0.1930089273
1.4102777695
1.1693167437
1.6342630594
0.8814054347
-0.5469136971
0.3272181956
1.5154671077
0.0065981351
-1.9147602727
0.2479214286
1.1120524330
-0.0123361535
-1.4041405407
-0.8203931550
-1.4163603939
-1.1795528904
0.7963805795
-1.5640070328
0.7509204628
0.0040591011
0.0324171452
0.0249664709
-0.3966284354
0.6826573628
-0.3744079953
-1.0859747057
-1.7505674587
0.2016434319
-1.7475498536
-1.0924228362
-0.6446625080
-0.3897472417
-1.2472257648
-0.5645423767
-0.2753258673
1.0974590148
0.5177583416
0.6607945419
-0.8956261740
1.1877486269
1.1899490901
-1.6763854345
-0.9517111856
-1.0729602577
-0.2759256473
0.0418594224
0.9727010598
1.8097563726
-0.5465226915
-1.2063992127
0.3709141327
0.5243920321
0.8043193185
-0.5775325744
1.0675795481
-0.6394618636
1.0252762488
-0.2624412504
-1.3493053167
-0.1699672217
-1.3526821541
-1.8520565050
1.3890118518
-0.6273593692
-0.3879261394
-1.2173849850
-0.2264558968
0.0300565693
-1.1681815648
-2.0875982525
1.3911458503
-0.5209693392
0.9592601832
0.3361916933
1.0214284496
0.0064264482
1.0700441404
1.4886806449
-0.3350356840
-0.1024863947
-0.7249730543
-0.0215664272
1.4552728005
-0.4075528700
0.6491998525
0.2989696278
-1.7604052979
-0.6505745207
0.9961902517
-0.4443908762
-0.8620762634
-1.0127674489
-0.7040908624
-0.2519701852
2.2958556515
-0.0515229494
1.2527966069
-0.2522226281
0.5560826700
0.3850728430
-0.9357878827
-2.3804721407
0.7785932564
-2.0746632659
-1.0357332656
-0.8787922209
2.2002350762
0.1362578548
0.4854996237
1.0338427740
1.3804809605
1.4100690043
0.8410229878
-0.2245093545
0.1840454119
-0.3694819931
-0.0901528555
-0.0031168308
0.8942946458
0.8898206210
-0.1620001741
1.6558001083
-0.7355525532
1.5268739336
-0.1643655024
0.2968409529
-0.6610083417
-0.0984558679
-1.7155682956
-0.2529969297
1.1800914543
-0.4546257180
0.3054461142
1.0771876990
1.5658469303
0.2052432290
-0.3295446408
-0.9754818078
-0.2739168556
-1.4023586741
1.3190160551
0.3264403476
-1.7853011543
-0.1033507720
-0.0960340404
1.1654348986
0.6981456504
1.5751727195
-1.3149382577
-0.0117791018
-0.9571723707
-1.3194243051
0.2793254420
0.4846396381
-1.2102486667
-0.4153131189
0.2834711372
-0.3570113477
-0.4097947667
1.9828707566
0.3740791089
1.2405353023
1.3214626161
-0.8578285192
-0.2986450591
0.6981273264
1.2557754665
1.1142388725
-0.6422738798
0.5917382866
-1.7269414385
2.2158035895
0.4201197156
2.1045381973
-0.6818725304
0.2272834203
0.5094921730
-0.0929237755
0.3849228698
0.6726112538
-1.2772569345
-0.5793133523
1.5972925509
1.5927042217
-0.4070255549
-1.1666145899
2.6379989704
