16 10 0.16
10 0 1 1 1 1 2 2 0 2 1 2 2 2 3 3 3 3 4 4 3
11 0 0 0 1 0 2 0 3 1 1 1 2 1 3 1 4 1 5 1 6 2 4
11 0 0 0 1 0 2 1 1 1 2 1 3 2 0 2 1 2 2 3 0 3 1
10 0 1 0 2 0 3 1 0 1 1 1 2 2 0 2 1 2 2 3 1
11 0 2 1 1 1 2 2 0 2 1 2 2 2 3 3 0 3 1 3 2 4 0
10 0 1 1 0 1 1 1 2 1 3 2 0 2 1 2 2 3 0 3 1
10 0 1 1 1 1 2 2 1 3 0 3 1 3 2 4 0 4 2 5 2
11 0 3 1 0 1 3 1 4 2 0 2 1 2 2 2 3 3 2 3 3 4 3
11 0 0 0 2 0 3 0 4 1 0 1 1 1 2 2 0 2 1 3 0 3 1
11 0 3 0 4 1 3 2 2 2 3 3 0 3 1 3 2 3 3 4 1 4 2
5 9
12 4
0 12
8 9
4 2
2 2
7 0
4 6
0 5
4 10
0 0 0 0 0 1 0 1 1 1 0 0 1 1 1 0
0 0 0 0 0 1 1 1 0 0 0 0 0 1 1 1
0 0 0 1 0 1 1 0 0 0 0 0 1 1 1 0
0 0 1 1 1 2 1 0 0 0 0 0 1 1 0 0
0 0 1 1 2 0 0 0 0 1 0 0 0 1 1 0
0 0 1 2 1 0 1 0 0 1 2 0 0 1 0 0
0 0 1 1 1 1 1 1 1 1 1 1 1 1 0 0
0 1 1 1 1 0 0 0 1 2 2 2 2 1 0 0
0 1 2 0 0 0 0 0 0 1 1 2 3 1 0 0
0 1 0 0 0 0 0 0 0 1 1 1 1 0 0 0
1 1 1 0 0 0 0 0 0 1 1 1 0 0 0 0
1 0 1 0 0 0 0 0 0 0 1 0 0 0 0 0
0 0 1 0 1 1 1 1 0 0 0 0 0 0 0 0
0 0 0 0 0 1 1 1 1 1 1 0 0 0 0 0
0 0 0 0 0 0 0 0 1 0 0 0 0 0 0 0
0 0 0 0 0 0 0 0 0 0 0 0 0 0 0 0
0.3282679493
-1.3172665307
0.4111512187
-0.4550353519
0.5345928250
0.1520383010
-0.7477605242
-0.6959141791
2.6616381429
0.6130375051
0.2367475152
-1.4091584298
0.7650903766
-1.5571035407
-0.3682779315
0.0657437265
-0.4898668023
0.2295953252
0.0370224564
0.6458347967
-0.7847396731
0.6902798584
0.9659401386
0.8073269992
0.8949020692
0.3195923221
-1.5981392527
-0.0417556214
-0.0371286556
0.3031848458
-0.2471719169
-0.6676386470
0.3286710305
-0.2175329208
-0.2534595066
-1.9551792607
0.0256168317
-0.8387586906
-1.7760513648
0.5722046158
0.9984163082
-0.6245637763
1.2416351835
1.2216181951
-0.3900159027
-0.8900724098
1.7998265612
-0.7243753306
0.5041792520
-0.0549084431
-0.0563965982
-0.4079478775
0.1634273824
0.6321139878
1.2272851919
0.6392177443
0.9991008069
0.6878239330
-0.5616336291
-1.1873920970
0.4226232079
0.1990250353
-0.3449684905
-0.1769881440
-1.0365705985
-0.9844674222
0.6169100124
-1.6948449297
-2.1246418466
0.8012830101
0.4231822760
0.4325501167
-0.8844821623
-0.2767237333
0.2482859341
1.5996603027
-0.1925438422
0.1174804551
1.7074130331
0.1480532067
0.4572677648
0.7809230475
1.0490935322
0.8989118163
2.4149851424
0.7360319501
0.8033617059
-0.7041983034
0.6057726434
0.3852788829
0.8099436303
1.0015803489
0.6339359274
-0.0575919687
1.5146274422
0.5647451817
-1.4859986542
1.1317118199
0.0648226490
2.5399773730
0.6981719281
-0.1155597344
0.2082095207
1.6658991304
0.7494477596
0.0268754860
0.5758721698
0.8710752018
0.7991875671
0.4757065303
-0.7072574325
0.6909639312
-1.6650336976
1.2508445808
0.6712037836
-1.1449615425
-1.1684617983
-1.4166270034
0.2899977644
1.7632116629
0.3237619053
0.5214817094
1.9293713336
-1.0420076099
-0.4307552892
0.0605143695
0.0503224544
0.4853024479
-1.0051057498
0.3759892571
-1.6765640337
0.0628069386
-0.9486546394
-0.8852451714
0.8712627822
1.8853137163
-0.1281825100
0.7388496916
-0.6288475249
-1.5954238177
0.8819142385
0.1383507237
1.0319327702
-0.3041620777
0.0840159266
-0.1332842292
-0.8737958334
-1.1733858184
-1.1673152443
0.5546338528
0.1805799487
0.9611730032
0.8937502791
0.4683100147
0.2839194323
-1.5750260346
-0.0371760950
-1.5124715610
-0.4077115560
-0.4418347861
0.5796812070
-0.0176327610
0.7607149619
0.7362316314
-0.7954732131
0.2244191896
-0.6481177073
-0.8413577598
1.6604686728
-1.4936349872
2.2592255671
-0.6491553131
-1.4751155518
-0.5031107221
-1.4617853129
-0.5996037691
0.4613203421
-0.3587641411
-0.6484986828
-0.4342664458
0.1134951888
-0.6153995887
0.2655407903
-0.4034064544
-1.3005170742
3.1040008927
1.2171672783
1.3764198027
0.5709590781
0.8709650879
0.6054443988
0.1480458879
-0.5024029911
-0.2399464765
0.0268406752
1.3577998941
-0.2808415175
1.4302298195
1.5748127122
-1.7908848840
0.6536346321
0.3900533694
0.4545786636
-0.5253867152
-1.5411937230
-0.2350894332
1.1177649344
0.6964367071
1.6917655069
0.6375712564
-0.1494883081
1.1095727005
-0.0825408928
2.1153819021
-0.5937598387
-1.2021057164
0.1426813633
-1.0859874390
0.8073977696
-1.4168069698
-1.2889837417
-0.4160338079
0.6593809890
0.1321495071
-2.1753919162
-0.7032011365
-0.0025458005
-0.2839502220
0.8113746752
0.2272944141
-1.0985028549
-1.0198710745
1.5196343812
1.8495467001
-1.5137017058
0.3943404936
-0.7040588839
0.5627081584
-0.7700180766
1.1989199170
-0.8115193723
0.6789605178
1.6623215153
-1.6750392586
-0.1679965302
-0.4281522270
0.1339187309
-0.5934793749
0.2158206693
1.7815006374
0.8835875028
-0.7533660048
0.3633054617
-0.5755791659
2.0870962438
0.4468123760
-0.8164306273
-0.1192060939
-2.1686403541
-1.6171455108
-0.7688267195
1.2304618675
1.4905852662
-0.1396053488
-1.8668241250
0.6488183829
-1.3223512209
2.3652925347
-0.7222417597
-1.7900918878
0.3648347751
1.5334087642
-1.7513647554
1.3350880558
0.7741559925
-1.3385740868
0.6311558993
-0.2213345313
0.4125753425
1.6264202080
2.2210216202
0.5522565141
0.0189116146
-1.0200058400
0.1620550903
0.8946661788
0.0664502277
0.2311564887
1.1701822092
0.6458779133
-1.4921004195
-0.0199569343
0.9267892830
0.8956769274
1.2142138320
-1.2664123777
0.4029146063
-0.0045450357
-1.0634439411
1.5818855981
-0.5350487550
-0.0066446467
0.6055380087
-0.4271731634
-0.2900389058
0.6341203078
-1.0130579334
0.8610945301
1.0622765501
-1.6981447194
0.7200118198
-0.1842521252
-1.4364047961
-0.9080310243
-0.1036438903
0.1982749981
-0.0878391501
1.1528829744
-0.8378076692
0.7120544736
-0.7156587525
-0.5625835376
0.8195881467
-0.0061889872
0.1080469023
-0.2097881592
-1.3255736505
-0.4891972172
0.6056031507
0.6929134680
-0.1205602698
-1.2589236750
0.0491034835
0.3608343074
0.4611267901
-1.0354699330
-0.8326886521
0.7806039738
-0.3414263470
-0.9556752571
-0.0118539489
0.0931494877
0.1251710241
-1.6505407936
0.5130362257
-0.0344055804
-0.2145890131
-0.1953261502
-0.5724969078
-0.0455315991
0.8328515139
-1.8035406784
-0.2662248947
-0.3755889440
0.4426440800
-0.2452974308
1.5236165915
0.4833051067
0.0275660186
-1.3326653945
1.3201664211
-2.4448307126
-0.2643063568
-0.2187332434
1.4859785665
-1.5143929827
0.3243454213
-0.9624192603
0.7316535835
0.1732574931
-0.2532430672
-0.7236213396
1.0840475099
0.6853292614
-0.4047621621
0.9321493244
-0.9939278790
0.0837152113
-0.1367555510
2.8598868119
-1.7587547615
-1.1667727953
-1.7261124078
-1.9700675323
-0.5008104906
1.4580407976
-0.3027033416
-1.1823735854
-1.1894111459
1.9985160145
0.3304518343
0.1124461478
0.0118523993
0.6848986050
-0.7296449694
0.8006609794
-0.1573890139
-0.5078480976
0.0016758838
0.2336206651
1.6163809304
1.6439542172
0.0199417155
-0.5087155361
0.4523743098
0.0350306324
1.2824599541
0.0843864956
-0.9778259505
-1.0934906959
-1.6492211999
1.2050133384
1.6548182380
-1.1896577040
0.5360033615
0.2696244914
2.0227384769
-1.4311593888
0.4111372615
1.0943531037
0.9804776188
0.9848626307
1.3428166770
-2.0596347119
0.7635528693
-1.3210529001
-0.7546426340
-0.1639500783
-1.0257360071
0.0522533923
1.5544860815
0.6654541459
-1.4628649435
-1.0267884161
-1.8017182730
0.0960535671
0.1695796282
-1.8657722664
0.6911072667
-0.7553242905
0.7823438462
-1.1670967845
-0.5301637811
-0.8776636179
0.2551032205
-0.4159888601
-1.3172978594
-0.5781255442
1.6962608193
1.5226579589
-0.5136253177
0.0404558044
-1.4323377040
-0.5601876665
0.7776812760
-1.6554312646
-0.9320678912
0.8632487540
0.2473525048
-1.5535105710
-0.8129234793
0.1717438778
-1.3010257769
1.8477360324
-0.0064915849
-0.4115957270
-1.0169857537
0.5747169285
-1.2762028352
2.6296578280
-0.6982608623
-1.3689597988
-0.6587542065
0.6866056690
0.4103803879
0.2527005159
-1.8434343444
-0.5338594501
-1.4628087084
-0.8757377331
-2.2516094961
-1.3240666132
0.8506771696
0.7024135495
-1.2845750312
0.7325582016
0.3097073438
-1.0743921286
0.7328985570
-0.1484871916
0.7664220886
0.7462915712
0.8468164277
0.8515606949
0.4525969882
-1.6769215729
-0.4767019620
-0.2616262189
-1.3459415735
1.1125393479
-1.2760945030
0.3476537001
0.0326086180
0.8362514411
0.4812748445
1.2003538325
-0.3020841435
-0.7884294596
0.7599516192
-0.5823925692
0.0532573363
-0.4648406150
