11 4 0.18
12 0 1 0 2 0 3 0 4 1 0 1 1 1 2 1 3 2 3 2 4 2 5 2 6
15 0 4 1 3 1 4 2 2 2 3 2 4 3 0 3 1 3 2 3 3 3 4 4 2 4 3 4 4 4 5
10 0 2 1 0 1 1 1 2 1 3 2 1 2 2 2 3 3 1 3 2
14 0 1 1 1 1 2 2 0 2 2 3 0 3 1 3 2 3 3 4 0 4 2 4 3 5 3 5 4
1 3
5 3
6 6
5 0
0 0 0 0 0 0 0 0 0 0 0
0 0 0 0 1 1 1 1 0 0 0
0 0 0 1 1 1 1 0 0 0 0
0 0 0 0 0 0 1 1 1 1 0
0 0 0 0 0 0 0 0 0 0 0
0 1 0 0 0 0 0 1 0 0 0
0 1 1 0 0 0 1 1 1 0 0
1 0 1 0 0 1 2 2 1 1 0
1 1 1 2 1 1 1 2 1 1 0
1 0 1 1 0 1 1 2 2 0 0
0 0 0 1 1 0 0 0 0 0 0
-1.2633589218
0.0952007261
-0.2419639278
-1.4998103742
1.3605259248
-0.5863358514
1.4503390409
0.2511252367
-0.7675649964
-1.1209710924
-1.1218077789
1.4817310919
2.3401010639
-1.4261705269
0.1416205102
-1.0400705264
1.2862367660
0.0943337206
-1.2637855379
-0.3717700687
-1.5486327728
0.1519002382
-0.4448930983
-1.5128351148
-1.2946323161
0.3154863336
-1.3202749930
0.2634391353
0.4909345736
0.3137762726
-0.6425456580
2.4666544629
-0.8395903484
1.8350231499
0.9117317481
0.9732682274
-1.0539828685
0.2952677379
1.1326107518
1.6075124873
1.7145121823
-0.1185530847
0.5460510157
0.9653565108
-0.0742301433
0.5943413078
1.8211576193
-1.3550094899
-0.3305107197
0.0905585550
-0.1349138599
1.1862081049
0.2610648741
0.9283986400
-1.6234460205
-1.5254835547
0.3385883198
-1.5836556552
0.7123266700
0.7021357661
-0.4430361858
0.0530179213
-0.2737689638
0.3173820289
0.6435779894
-1.7522934845
0.4573111682
-0.3836951537
-1.1758374316
0.1935011861
0.4670858916
0.0903702577
0.2508842961
-1.2173136227
-0.5479318294
-0.5690065456
1.1079428476
-0.4881221473
1.6051371396
0.7351691230
0.6964443250
1.2354992566
-1.4310172630
0.7526438475
0.0929966266
-1.1223679373
0.2035026694
0.6424025131
-0.5069411996
-0.8706949506
0.8718050867
-0.1788794855
0.8191581897
-0.3948721481
-0.6020897512
1.7654499683
1.7473041307
-1.8406681736
0.5015191180
0.0413833331
-0.7972466667
-0.4266640607
0.1434212541
1.7493570084
0.1852103348
0.5620343873
-0.9747776356
-1.3445796258
0.2168594124
-1.6741117574
-0.5549639705
-1.1427989244
0.4882473674
-0.6281397061
0.8655181862
-0.2603779985
-0.4897078207
-0.3226559625
-0.3086585975
1.7644467328
0.8949637949
-1.0932698079
0.2508938459
-0.0847312698
1.6603718393
0.1421729194
-0.7185255193
-0.6581016254
1.1182080343
-0.1245615151
0.6580983440
0.6870275872
0.1602138561
0.2971371729
0.5964975729
0.8661013354
-1.0225671764
0.3791410284
0.7046004903
0.7342239745
1.2780435773
-0.6978625278
-0.5816264833
0.1017292735
0.5695277985
0.1029291758
-0.3535685028
-0.5916377230
-0.1263381017
-0.3254347749
0.2899368980
1.0189084152
-1.9091787550
0.1244533141
-0.6647784302
0.2069783636
1.1153432713
-1.0285043903
-1.4050653966
2.4518803223
1.8990960953
0.5528980509
1.2590620060
0.2497013415
1.3116765301
-0.8233128542
-0.0813316003
0.9032245185
0.1012221857
-0.4873288289
-0.5859394578
0.3771967499
0.1448665837
0.9229178673
-0.9429359648
2.5767566028
-1.7814693775
-1.8241098426
0.4984484173
0.3182193018
0.2735518495
-0.8721945652
1.3242808794
2.2676726551
0.9024185873
-0.8470615453
0.6633740729
-0.7777727262
-0.2825069067
-0.0312555698
-1.2502842773
-1.0940751352
-1.5572326525
-1.2360662437
-0.1184229317
0.5862656091
0.3765773738
0.0933361971
1.1872335288
-0.9402807495
-0.7828707017
0.2831442768
-4.3319963906
-0.0203166222
1.0578735990
1.1092263088
-1.0012962007
-0.9690616356
-0.9598607763
0.9238643561
0.4939579854
-0.6850597055
-0.2281280031
1.2288502941
-0.1742730043
0.9463979580
-0.6414401396
0.7070755537
-2.3285351448
-0.7254090062
0.4044976298
-0.9047826026
-0.4386297497
-0.0535148268
-0.1794068623
-1.3796545787
-0.6024930660
-0.0940652021
-0.7212386860
-1.4565109457
-1.3871922409
-0.4579971132
-0.4752308755
0.0277357601
0.6309345677
-0.8945692662
-1.3040428416
2.1907878873
0.9779793152
0.1532710914
1.9917974345
-0.0986334760
