10 2 0.07
34 0 3 0 4 1 0 1 1 1 2 1 3 1 4 1 5 2 1 2 3 2 4 2 6 3 0 3 1 3 2 3 3 3 4 3 5 3 6 3 7 4 1 4 2 4 3 4 4 4 6 4 7 5 2 5 3 5 4 5 5 6 1 6 2 7 2 7 3
35 0 4 0 5 1 4 1 5 1 6 2 3 2 4 2 5 2 6 2 7 3 3 3 4 3 5 3 6 3 7 4 1 4 2 4 3 4 4 4 5 4 6 5 0 5 1 5 2 5 3 5 4 5 6 5 7 6 2 6 3 6 4 6 6 6 7 7 2 7 3
1 0
1 0
0 0 0 0 0 0 0 0 0 0
0 0 0 1 2 1 0 0 0 0
1 1 1 1 2 2 1 0 0 0
0 1 0 2 2 1 2 1 0 0
1 1 1 2 2 2 2 2 0 0
0 2 2 2 2 1 2 1 0 0
1 1 2 2 2 1 1 1 0 0
0 1 2 1 1 0 1 1 0 0
0 0 2 2 0 0 0 0 0 0
0 0 0 0 0 0 0 0 0 0
-0.5183346004
-1.3423397950
1.4189391165
0.4545391204
-1.6234962227
-1.6939336848
1.4943567981
-0.5495419057
0.1043004412
1.1516759288
-0.0919781961
0.1639489693
-0.5075998716
-0.1411957667
-0.7941614191
0.9286995763
-0.8550715046
0.5506833091
-0.5066785088
1.4091471127
1.5685658201
0.0356073253
0.0704279991
-0.0274625688
1.1347510047
0.6559350099
-0.7756525980
0.3819083327
0.0451279507
0.1986628430
1.3010542471
0.8710725219
0.8397191892
1.0544634674
-0.2839980381
0.4455846974
0.5224971987
0.1826445346
0.8976699403
-0.7166599515
0.2654256897
0.7193247625
0.1106555225
-1.4340802631
0.2997984705
-0.7061075362
0.3964360621
-0.6861078171
-0.4087966261
1.7344965380
-1.1632113519
-0.7316197433
0.9905275181
-0.1447826622
2.7700089272
-0.2755745322
-2.1046790039
0.6260558303
-1.7557218408
0.0598200575
1.5483957079
0.5750174020
0.6485967003
1.1902103513
0.0954168984
-0.5807855647
-0.1932745489
-0.7955884410
0.8432343013
-1.8011993943
-0.9618733393
-0.8147654316
-0.8442733172
0.6224856739
0.8604806578
0.7791568921
-1.1863293864
-0.0880839341
0.5373734346
0.4706908430
1.6546866627
0.7197521299
1.1055305287
-0.1621157570
1.7547635699
-0.4368805855
0.3405003331
1.0178689172
-1.0112305319
-2.5785706968
-1.5218888044
0.3790243456
0.1333373324
0.1674106349
-1.0120964701
-1.4518254318
0.3273303834
-0.5552953863
-1.0846639265
-1.0544768190
0.5100918095
0.5543208493
-2.2814707812
-1.1078039194
0.5588567926
-0.3321494915
0.2046002705
-0.5642912779
-0.3822465034
0.1953878257
1.6000915246
0.7562751642
1.2507326665
0.0691933607
0.4421680595
2.0200448953
0.1977915670
1.2856307514
-1.3645522891
-0.2439711697
0.8288259430
-1.3364794374
-0.4674294251
1.1745237531
2.1106692265
-0.0359311482
1.3285447589
0.7877746381
0.3872833363
0.6530434998
0.0837559986
-0.0332960228
-2.3651355469
1.2819789498
-0.1782873618
-1.0731996904
-0.6146755805
-0.3602350923
-1.5648920354
1.6803019654
-1.8486740517
0.5146279418
-0.0775318292
-0.0985834394
0.0419799471
-0.5228682048
-0.8740755054
-0.1966569934
0.0010396300
1.1904984230
0.8394971176
0.0038833665
1.3256984431
-0.2420389225
-0.6468050887
-1.0832855484
2.0122215674
-0.5192050125
0.2787038644
1.1921776793
0.4135884016
1.1105457523
-0.0323844020
-0.2023863387
-0.0137095276
0.9704000877
2.5346217592
0.0368289817
0.7666954267
-1.0915845426
0.6315419870
0.3749491973
0.4359969652
-1.2783186667
0.8815382755
-0.5261395291
-1.2478885857
0.2425123114
2.2716543019
0.7138613869
-0.6380162186
0.4900514050
-0.0856648002
0.2836936060
-1.6304604511
0.2731965384
-1.5341219326
-0.0754474779
0.4012346453
2.6362647663
0.1041193235
1.6076347594
0.0971943522
0.5270521545
2.4942982526
1.2147516642
-0.1234101166
-1.0030605413
-0.2266704805
-0.2219500583
