13 5 0.20
13 0 1 0 2 1 0 1 1 1 2 1 3 2 1 2 2 2 3 3 1 3 2 3 3 4 2
14 0 5 1 4 1 5 2 0 2 1 2 2 2 3 2 4 2 5 2 6 3 4 4 4 4 5 5 4
12 0 3 1 3 1 4 2 2 2 3 3 0 3 1 3 2 3 3 3 4 4 2 4 3
14 0 2 0 3 0 4 1 0 1 1 1 2 1 3 1 4 1 5 1 6 2 2 2 3 2 4 3 2
11 0 2 1 0 1 2 2 0 2 1 2 2 3 1 3 2 3 3 4 2 4 3
4 6
6 6
4 2
6 0
3 0
0 0 0 0 0 0 0 0 0 0 0 0 0
0 0 0 0 0 0 0 0 0 0 0 0 0
0 0 0 0 0 0 0 0 0 0 0 0 0
0 0 1 0 0 0 0 0 0 0 0 0 0
1 0 1 0 0 1 0 1 1 0 0 0 0
1 1 1 0 0 1 2 1 1 1 0 0 0
0 1 2 2 2 1 0 1 1 1 0 1 0
1 1 3 3 2 2 2 1 1 1 1 1 0
0 0 1 1 2 1 1 1 2 1 1 1 1
0 0 1 0 0 0 0 0 0 0 1 0 0
0 0 0 0 0 0 0 0 0 0 1 1 0
0 0 0 0 0 0 0 0 0 0 1 0 0
0 0 0 0 0 0 0 0 0 0 0 0 0
-0.5966054705
0.7815251387
1.3247998699
0.1715378100
-1.5475630849
0.1715369261
-1.0842343114
-1.0882412305
0.4997097679
0.0198072010
-0.9349491961
0.7715499120
-0.9153883541
-0.1057381222
0.1219817688
0.4961785822
0.0604808928
-0.4371790574
-0.0717652486
1.8937263435
0.7812426267
1.5307712566
1.0846052025
0.7197151146
0.1657944987
0.9351582891
-1.2566932927
0.3946572286
0.0629701430
0.2306334246
0.4435287241
-0.8078589501
-0.7617199271
-0.0130118743
0.7632443279
0.0826003887
1.4101907530
0.2525347806
-0.6606977321
0.6347832761
-0.2566510016
-0.1377730901
0.4728613088
0.5902361391
-0.4263349717
-1.6447368896
-0.3954019134
-0.2695381003
0.5514699441
0.4540004628
-0.9362340726
0.4561034912
1.6606597731
-1.1107178256
0.7207428335
-0.1516419398
-0.8497041790
0.1408821001
1.4626307728
-0.4035897818
0.0969919874
0.1683712530
-0.6293332753
0.5709288684
-0.1546451248
1.0909723990
-1.8898725506
-1.8788712112
-0.4630584773
2.3032276317
2.2071197663
0.8535806599
-1.2798427490
0.1384823593
-1.1142923940
-0.8685216035
0.6189362745
-0.9983526987
-0.9725650951
-1.3818620416
-0.1098254768
-0.3630946966
-1.3061380546
0.4082221987
-1.1402044221
-0.5028736656
-0.2596147853
0.9809072270
-0.2843831740
-0.3119477124
2.0816590643
1.3307429684
0.7112827706
-0.2279754762
0.7048673469
-0.7161630757
-1.7148733750
1.1072151449
0.4922784181
-0.3007156894
1.5556945039
1.5414857038
0.8133399650
1.1690916240
0.2092109933
-2.1553227077
0.0055037521
0.7722210941
-1.3760463613
-0.8014741367
0.5602562937
-1.2065520589
-0.6517082143
1.4821750973
-0.7438779820
2.3966288492
-1.4186030990
1.5380931602
-0.3963071421
0.0188288808
-1.2306121464
0.0716977125
0.6071057340
-0.5654970691
-0.1829906663
-0.5611393163
0.1202913968
0.0988578544
0.9100474801
-0.0646608624
2.0490568924
0.3394865828
-0.7181178419
0.2845995428
-0.1124102955
-0.6248914312
1.9512573090
0.2874238859
-0.4870117603
1.1283497629
0.4690584021
1.5507143774
3.0009093755
1.6918540645
1.0883882330
0.9343920171
-0.4668283873
0.0949917039
1.1624180284
1.4522088586
-2.5254934909
-0.0132476050
-0.7438452148
-1.3906832645
1.0153330100
1.8936992788
1.0469231693
-0.2702147810
0.5425926141
-2.9582765959
-0.6244092477
0.6950726889
-0.9473167698
0.0287355591
-0.0098825907
-1.2431678530
-1.5125809622
0.7223682649
1.5566289585
1.0750810007
-1.4830339317
-0.7919034133
-0.8181590026
1.8304655936
-1.6569875507
-0.4286611863
-1.7089099241
-0.7223313033
1.0788319215
0.0245662429
-0.7080257308
0.5267216330
0.5892691479
0.1183231570
0.4787123173
-0.1901953488
-1.1533287609
0.5759696153
1.2179089719
-0.4540036806
-1.1779628140
0.6649806812
-1.4686658994
-0.4921870333
0.2685068623
-0.8412385425
0.6337275126
0.8792770641
0.7669877344
1.4926474349
2.0701007471
0.8216088447
-0.6649212559
-0.4659486884
1.2771342092
-0.2110974871
0.3220087805
0.1468811002
-0.0258930702
0.1548414919
-0.4547574847
2.1924758887
-0.2072391300
0.0432117146
1.2561232480
-0.4216630567
-0.1410746284
-0.3886218192
-0.8806719816
-1.1496977316
-0.5994999886
-0.8735964897
0.1232878211
-0.3673665093
0.1896041497
0.7579114276
0.3444373440
0.1302122894
1.7989401924
1.1841569314
0.1180808408
0.0219379429
1.1390944489
-2.1356497528
0.8394549152
-2.3797150251
-0.2258558737
-0.3751248988
0.5361477546
0.5872454129
-2.0677117535
1.0944990976
0.4040877636
-0.8617362058
0.7542752616
-0.0768165523
0.7574512641
0.7324717591
1.0749230704
-0.8973090413
-0.9484867790
0.0625275237
-1.1445922193
0.0571625298
0.1625248794
-0.4843056756
0.1006011594
-0.2565445052
0.1511731009
-0.2333856027
-0.1270933767
-1.8701653139
1.8155062717
1.4974890573
-0.3448912146
1.9000201854
0.3091908095
-1.9218955849
1.0789353339
0.4710196883
-1.5562565214
-0.3334939966
0.7930844260
-1.2406636911
1.2169014698
0.5560305465
0.8038878613
0.2241594680
0.1426213303
-0.7481920667
0.7900932845
-0.5819415544
0.6251861892
-0.5261431993
0.5501301045
1.8949732207
0.5966278053
-0.0022985973
-0.2983536038
-1.4653734309
1.7521053038
-0.1290355798
0.5762257329
0.7052269109
-0.2546892470
1.7570859360
-1.1287044781
-1.3761387447
0.0212266420
-0.4209341208
0.5489450022
-0.2332051273
1.2189698129
1.1343589708
-0.9981982433
-1.0729300290
1.6184106019
-0.5005292830
2.0011819136
0.3081151903
1.0662386383
-0.2527162557
-0.2049608139
0.5661050343
-0.0177554438
0.6420789661
0.2323599311
1.7001743655
-0.0646215669
0.7688345426
-0.2106448979
-1.6953819052
-1.1143850224
-0.3702059222
-0.2225383700
-1.0974137515
-1.9532109232
-1.2726830527
1.2784749455
0.1969841592
0.2154105690
-1.7150492851
0.5995991446
0.9139711731
1.0372864944
1.6980810862
0.3643735538
0.4748765671
