12 5 0.16
5 0 0 1 0 2 0 3 0 4 0
5 0 0 0 1 0 2 0 3 1 0
5 0 0 0 1 1 0 1 1 1 2
5 0 0 0 2 1 0 1 1 1 2
5 0 0 0 1 1 1 1 2 2 1
2 3
3 8
7 4
8 7
9 5
0 0 0 0 0 0 0 0 0 0 0 0
0 0 0 0 0 0 0 0 0 0 0 0
0 0 0 1 0 0 0 0 0 0 0 0
0 0 0 1 0 0 0 0 1 1 1 1
0 0 0 1 0 0 0 0 1 0 0 0
0 0 0 1 0 0 0 0 0 0 0 0
0 0 0 1 0 0 0 0 0 0 0 0
0 0 0 0 1 1 0 0 0 0 0 0
0 0 0 0 1 1 1 1 0 1 0 0
0 0 0 0 0 1 1 1 1 1 0 0
0 0 0 0 0 0 1 1 0 0 0 0
0 0 0 0 0 0 1 0 0 0 0 0
-0.1998803066
-0.3093751933
1.9088277416
-1.0016458297
-0.5014498853
0.7845819947
-0.1161686083
-1.1712043583
-0.5930596094
-1.1007962223
0.2074890102
-0.2078156595
-1.8362734349
-0.2274628147
-1.1638387422
-0.0245587108
-1.0139247608
2.2212802526
0.3222879015
0.5881976526
-1.4291657360
-1.0688680220
1.5379570098
-0.5175599767
1.5021358350
-1.5265089576
-0.6193404133
0.6581531455
1.0978826077
0.0649931815
-0.4534072316
0.3833472024
-1.6710659401
-0.5683633720
0.5450993241
-0.3034411326
-1.4657959525
0.2674141817
0.5124639412
0.0123930419
0.6657689661
0.2343123169
-0.8844775486
0.7123253848
-0.8946987317
-0.2224807174
-1.1540837711
-0.6751255145
-1.6600069503
-0.0712992943
-2.6572723862
-1.0556556596
-1.1325999860
-0.9089110075
0.4300465025
-0.9511347484
0.0303043388
1.3173235212
1.6891434205
0.7338694013
0.4224404537
-0.9035305731
0.5652782688
0.5790175399
0.0772712743
-0.5213451969
1.0596925796
-0.3694592684
-0.7326342042
0.5871135858
-0.1558465809
-0.7953403307
-1.3210787129
-0.8881503568
-0.0954945450
0.6474832096
-0.3408910509
-0.6835306253
-0.1846452745
0.9263550676
-1.1053560721
-0.2022185724
1.5265592481
0.5692641120
-0.4995124983
-0.1304888617
0.8121014087
-0.0473867290
0.5166731402
0.5504293233
0.3270347510
1.4345494086
1.4163107302
1.7531732210
0.3348058390
1.2785764059
0.5731025522
-0.4393131406
0.6839317859
0.7509667734
1.3793431932
-0.6194528131
-0.6202821018
-0.3111512076
-0.7335011143
-0.4270613869
2.1742809105
0.5306782564
-0.3941455457
0.6759620215
0.3872955906
-1.6337460075
-0.9109327787
-0.8760546249
-0.0094042877
0.5234060935
0.3019585494
-1.6164122194
0.5355813087
-0.4291703014
1.9258772469
-0.6008953417
-0.4178186526
-0.4176706013
-2.2148034936
-0.1116837623
0.4535327170
0.8312499194
0.5734335299
0.7975416335
0.4246957692
-0.3315567101
1.0726780825
-2.0561489864
0.6225918839
0.5275073631
-0.4233128325
-0.3190230586
-0.8777171342
0.6230928219
-1.9403707424
0.7311080344
-1.3054196835
-1.2382275657
-0.9284080941
-0.9009619194
-0.3679118303
1.0964301672
0.0301597329
0.4318178107
1.2727411756
-0.6092316088
-0.7692758152
0.3909740783
-0.7985302582
-0.1862075185
0.1386843188
-0.4713926446
-0.1801269490
1.5899764303
-1.2942947687
-0.3680279328
-0.6245620722
-0.8043628890
0.4267967030
0.6804979642
0.6555136960
-0.4974562008
0.0757550234
1.1625505431
0.2468610195
0.8676720918
0.2057134041
-1.0206005076
-0.0160387847
2.2860494901
0.4529665851
0.5926190830
-1.8219913662
-1.1419770726
-3.3520033749
0.2862282837
0.0028710078
1.4082952737
0.5472223490
0.3452222465
0.0657149293
-0.0420172649
0.1481520872
1.0907191104
-0.3166264831
-3.4458047036
1.3665188538
-0.6315317982
-0.6066663674
0.6556677216
-0.5979987880
0.9025759119
0.1884716127
0.0233038072
0.2729287896
-0.3028023674
-0.8925152989
-0.4826057181
-0.0169351219
0.7560799144
-1.9435371109
-0.7712324719
-1.2401172676
-1.0763108073
-0.3124011088
-1.0986421672
0.3700555689
-1.1160293134
0.5608298633
-0.1815144628
0.2216335691
0.1210112878
0.6690988870
-0.2592214081
1.3911810383
1.2482864844
-0.5705131446
-0.9724182251
0.4678481727
-0.7677601129
1.5920078872
0.4650116200
0.4365783892
-1.3988107091
-0.2002597519
0.5634502222
0.4294155048
-0.5028750273
0.3344338400
0.5988890375
0.0950367029
-0.2075469354
-0.3000275671
0.2751932223
0.3060012235
-1.3190340273
0.0556560947
-0.1887535765
-0.9384760162
0.4967268371
-0.9587551037
0.7887651602
1.6783928200
2.3202029812
0.7595406031
-0.4325472180
1.5520790932
-0.9491823168
-1.0076276521
0.4505196933
0.6741922651
1.5936952706
1.1834301577
-1.2541307328
-1.1577307475
-1.3533142553
-0.4856728494
-0.3635245877
-0.4890535916
-0.3856556232
-0.2777267069
0.8168037908
0.1710928215
-0.3073791341
0.2913887884
-0.2697072259
0.8504823063
-0.8937118043
0.7754474847
-0.7406227843
0.6593331114
0.3400440026
0.4269419848
0.1752714728
0.9319328699
-1.0874559911
-0.6978857695
-2.9953593683
-0.6580345242
0.8373936731
1.1035078635
1.9498998838
