17 12 0.09
5 0 0 1 0 1 1 1 2 1 3
6 0 0 0 1 0 2 1 1 1 2 2 1
7 0 0 1 0 2 0 2 1 2 2 2 3 3 1
6 0 0 0 1 1 0 1 1 1 2 2 1
6 0 1 1 0 1 1 1 2 2 1 2 2
6 0 1 1 0 1 1 1 2 2 0 2 1
7 0 0 0 2 1 0 1 1 1 2 2 0 3 0
5 0 0 0 1 0 2 1 1 1 2
7 0 1 0 2 1 0 1 1 2 0 2 1 2 2
6 0 0 0 1 0 2 0 3 1 2 2 2
7 0 0 1 0 1 1 1 2 2 1 2 2 3 2
6 0 0 1 0 1 1 2 0 3 0 3 1
12 1
11 7
0 12
5 1
10 0
10 10
3 14
13 0
6 6
5 2
12 0
13 9
0 0 0 0 0 0 0 0 0 0 0 0 1 0 0 0 0
0 0 0 0 0 0 0 0 0 0 0 0 1 0 0 0 0
0 0 0 0 0 0 0 0 0 0 0 0 1 1 1 1 0
0 0 0 0 0 0 0 0 0 0 0 0 0 1 1 0 1
0 0 0 0 0 0 0 0 0 0 0 0 0 0 1 1 1
0 1 2 1 1 1 0 0 0 0 0 0 0 0 1 0 0
0 1 1 1 1 0 0 1 1 0 0 0 0 0 1 0 0
0 0 1 0 1 0 1 1 0 0 0 0 0 0 0 0 0
0 0 0 0 0 0 1 1 1 0 0 0 0 0 0 0 0
0 0 0 0 0 0 0 0 0 0 0 0 0 0 0 0 0
0 1 0 0 0 0 0 0 0 0 0 1 0 0 0 0 0
1 1 1 0 0 0 0 1 1 1 1 1 1 0 0 0 0
1 2 1 0 0 0 0 0 1 1 1 1 0 0 0 0 0
2 3 3 1 1 0 0 0 1 1 0 0 0 0 0 0 0
0 2 2 0 0 0 0 0 0 1 1 0 0 0 0 0 0
0 0 1 0 0 0 0 0 0 1 0 0 0 0 0 0 0
0 0 0 0 0 0 0 0 0 1 1 0 0 0 0 0 0
2.4922369897
0.5411169689
-0.5818238372
0.3320030430
-2.0617433593
-0.1844139407
0.5111968215
-1.0779746365
0.6534379395
1.3541721247
-0.4022730466
0.7110241022
0.0191746062
-0.4185610589
-0.7768391224
0.4819801031
-1.0671593850
1.4191287985
-1.2384969341
-1.4925799443
0.9386452269
1.1249225820
2.9362236276
1.9175229239
0.2806496816
-0.2319950084
-0.8906021987
1.8630565025
0.6588526228
-1.1604935375
0.1737484278
-0.0602492569
0.7393689114
-0.0622073728
0.6400231494
1.0210456040
0.0097882352
-0.5388913923
-1.0443422149
-0.8102961702
0.6764431557
0.5920593574
-2.5521133808
-0.6528621933
0.8614840313
-0.0036809488
0.1699531433
-0.4675400333
-1.6230109547
-1.1893497201
-0.5096018568
-0.5308783553
0.3265801181
0.6470768844
1.1654946520
0.3564343165
-1.0788982241
-1.3416630842
-0.2429109356
1.2771845892
0.3081967995
1.1632409910
0.3976806692
2.0999376884
0.1684061826
0.0651392793
-0.1717219474
-0.6568275177
-1.3140481914
-0.5405463627
0.3689643553
0.5241793243
1.2909424733
0.5971585302
-0.5142690116
-0.4500616034
0.9819259419
-0.1369263553
-1.2446507680
-0.7915540996
-1.3049141119
1.4159201740
1.3531479603
-0.0894260654
0.5549849644
-0.3514995454
1.1806678289
1.0053710011
-0.0939492068
0.5917181033
-1.5221924139
0.6141272943
2.2078195770
-0.0117485584
-0.8203728528
0.3261343656
0.0958747164
0.1300387149
-0.9423314724
-0.9588969363
-0.2310463398
-1.0077844043
-0.3212566333
-0.2774970426
-0.0107747390
1.1703976636
-0.0575116318
-0.7541183842
0.0543461446
0.6579861249
1.6166554359
-0.5526131005
0.4505696989
-1.1253503981
0.3484908707
0.4495352815
0.8634813116
-1.1938484567
1.6660931711
-0.2619903390
-0.0632471169
0.4890322231
-0.2950050558
-0.2233995863
-1.2036119026
0.0077890650
0.5503055260
-0.8315524058
-0.7212281656
-0.5489529784
0.0823675178
0.4631736021
0.0315746943
-0.5014616945
0.4979666673
-0.8810033712
-0.3402168380
0.6247951481
1.0897407718
0.5116268371
0.5078384710
1.6598019334
-0.9786501879
-1.3726382247
0.9458231975
0.4823856518
-0.1048297596
1.6361783134
0.0962910532
-0.0686427685
-0.6778797987
2.3948767650
-0.3366807094
-0.0473786086
-0.5820768206
1.4511469465
0.5637898054
0.3762968332
-0.7638960793
-2.2812616368
0.3463694142
-0.3808449730
0.2077389373
0.8779303049
1.2017264117
-0.5125742140
-0.1769184516
0.5764790626
1.1201781425
-0.7449949052
0.5029800475
0.5469649832
0.1952073463
0.3158786793
-0.2481136050
1.2549564854
-0.9997641430
0.6852764599
-0.5294141734
-0.6736529547
-0.6052660038
-0.1289790435
-0.7876540581
-0.6958472627
-1.0687972853
0.8407266479
1.8368916737
0.4583400374
-0.3231377036
0.1688314676
-0.1897349106
-0.9489957629
-0.5030995163
-0.0359784990
-1.3266609104
0.3757047190
-0.9765494041
0.5061793917
-0.1365914566
0.4373700717
0.0840948010
-2.4608095273
-0.0955599670
1.8163459267
0.3270921015
0.6490477730
-1.3144041793
-0.4340140259
-0.3265908200
-0.1957384578
-0.0812532147
-1.5559130067
-1.2383759410
1.8459129814
1.0917415810
1.0042292261
0.1133459818
0.0599956641
0.7908367488
-0.3214540871
0.1432427140
-2.8577344196
-1.7194710359
0.2803371643
1.2019771983
-0.6318564209
0.5150823669
-0.4689428676
-1.5698093200
-0.5271350526
0.3784295748
0.2839145698
0.6028341133
0.7910391373
-0.6258204625
0.5288395663
0.5407336147
0.1778551470
0.9663451287
1.6012493464
0.3306403490
-1.9600423117
-1.3622164940
-0.3468360869
0.3460417603
-0.9540057447
0.1838175630
-0.8837292928
0.1012791962
-0.6755728104
-0.6684472987
1.5932069603
-0.2424732100
0.2580660875
-0.6805312979
-0.4374943184
-0.5621178062
0.0308207087
0.8691504411
-0.6256970139
-0.2590604243
-0.3059689579
-0.4689351320
-0.5943600176
1.0328448018
1.3781089054
0.0886473586
0.4508988089
1.1464551184
-0.1607473062
-2.5084536645
-0.3234321169
-0.7074208016
-1.1381751701
1.4146448626
-0.6390670854
0.2093938106
-0.5937866485
0.5363615654
1.0283743815
0.2552804502
-0.9308003305
0.1449569313
0.3139306834
0.8247040817
-1.3790912865
1.5145172859
-1.6126113270
1.2635546982
-0.4173427959
0.9592379089
0.7980398483
0.4909935505
-0.7518702995
0.5349330490
-1.3213568893
-0.6423771144
1.0958626620
-1.2129951629
-0.1826580335
0.0141130148
-0.7022411394
-2.4983488275
1.6263628174
-0.0771110682
-0.6224045234
0.9949623450
0.9903187342
-1.5016980110
0.5838087973
-0.7509251165
0.3521707002
-0.4598798536
0.5945167588
-0.3108189863
1.7854282632
-0.1622427647
1.5764710172
0.2083522078
1.6149028570
-0.3545605147
0.5356621033
1.5403139073
0.1799236994
-1.1609594700
1.7316935241
-1.5851965227
0.6005756720
-0.8112111302
0.0030415716
2.1268240694
-0.5977819642
0.9381133346
0.5183140698
1.4655234335
-0.4539269957
-0.2219894692
1.1883109378
0.4707813925
0.5980615540
0.1365039023
-0.7715443573
-1.2860088581
-0.9629031331
0.2977983978
-0.4362263313
-0.2919114283
-0.9239983169
0.1191252198
0.5216768449
1.5703053307
0.1976462592
-0.4029184636
-0.2414305699
-0.4051990964
-0.4707932474
0.6720058874
0.4791143994
-0.3394260245
1.9834513094
-0.0523574577
-0.7515841684
0.0723767345
0.4006375296
0.2127752277
-1.1793309621
0.1367972702
-0.5398894210
-0.8759682040
-1.5201121139
-0.5771644953
0.9022903200
0.8300488282
0.2267988833
0.1088018739
1.5778202951
0.1750719196
-2.1821897207
1.4477436429
1.2790046457
-0.3310174883
-0.1073598835
-0.1070587253
1.4443764929
2.1226311837
0.2806840976
0.1163919101
-2.0576956953
0.6380234712
-0.9807226036
0.6224887912
-0.4476339634
-1.0135753098
-0.5642603110
0.6422677680
0.2873047636
-0.8037089277
0.4959393419
0.3326885805
0.5654399237
-0.3385238925
-0.2203334070
0.4043688847
2.0390241863
-0.5806019684
0.6451434660
0.7589743603
0.5169271591
-1.4239120095
-0.8582140855
-0.4723706742
0.9704306620
-0.9826132579
1.1727420815
1.6415328395
-0.0482607240
0.6809416613
1.3439286564
0.9153080709
-1.1877736316
1.6678549783
1.7042027774
-1.0198405409
1.3031414804
1.7360232104
-1.8319514379
-0.8599350711
0.2147995939
1.0128290256
0.5119912154
-0.8874590639
-1.4896198158
0.0411878099
0.7408133682
0.5937904516
1.9168579586
-1.1896248462
-1.5058308468
1.5183895777
0.1867744464
-0.0390776654
-0.0480982980
0.4499084398
0.5049824403
-0.8538631738
1.9021555027
-1.8930028626
0.7578233602
-0.9715531203
-0.0064607340
1.6427014672
-1.5068968588
-2.1315159727
-0.9951546742
1.5991047411
-0.3033418825
1.4081207040
0.1556613327
-0.8682971722
0.1350825187
-0.0556650591
1.3301230702
-0.2699792742
-1.0695618352
0.9490273305
3.0187543701
-1.2851511721
-0.5152166861
-1.5541784474
-0.7839863460
0.4781837876
-1.6678967196
0.8445742213
-0.5521997929
-0.4790874016
1.0872390056
-2.1806625239
-1.8533958419
0.4816620573
0.2157418999
0.0454819397
-0.8382448036
2.1190058444
0.9334621213
-0.8165143702
1.6928608525
0.9998467331
-0.1169309019
-1.3232635371
0.4801738858
-0.1390243234
0.4247366499
0.9342479522
0.9843569538
1.9119147345
0.3047068949
-0.2736127903
1.6920995136
0.0900749205
-2.5275928258
0.5004989406
-0.7340481703
-1.5513646933
2.0362386128
-0.0173087678
3.0294442889
0.2720390191
-1.4131620685
0.0844603012
1.1022783529
0.7453135837
0.8540709230
-1.4409031856
-0.5074000118
0.7266275904
0.2997185296
0.4277515415
-0.2982459418
-0.3688813144
1.8385299407
0.0896536304
1.5054804124
0.6898176862
1.0276053817
-0.1342023746
-0.7879985378
0.1199583409
-1.9811236208
0.3115989348
-0.1260366370
-0.5399589856
-0.4471315324
-0.4231187424
-0.9862725143
0.0201490664
0.8187255134
1.2019182850
0.3231890185
-0.5987606502
0.6670035727
0.7675233299
-1.3294811537
-0.4228607652
1.5639121023
-0.5961637021
-0.8924666226
-0.0487145633
0.2137043357
-1.0399252566
0.0062545739
-0.8662479288
0.3417576866
-0.1434176085
-0.1990087418
1.0430035194
-0.4283309095
-1.0365740917
0.6787300743
-0.4611715837
-1.3936351973
1.0663848959
-0.7524701155
0.3669635989
-0.9898809123
-0.3533723206
-1.1113628807
-0.2346819024
-0.4942501644
0.2581445396
0.9616246621
-0.4170147677
0.2186768475
0.1535711360
1.4705718530
-0.2576130752
0.8836379482
-0.0414812227
1.1616776296
