16 6 0.07
17 0 3 0 4 1 3 1 4 1 5 2 0 2 1 2 2 2 3 2 4 3 1 3 2 3 3 3 4 4 2 4 3 5 3
10 0 1 1 0 1 1 1 2 2 2 2 3 3 1 3 2 4 2 5 2
20 0 2 0 3 1 3 1 4 1 5 2 3 2 4 3 0 3 1 3 2 3 3 3 4 3 5 3 6 4 3 4 4 5 1 5 2 5 3 6 2
10 0 2 1 1 1 2 1 3 1 4 2 0 2 1 2 4 3 4 3 5
26 0 5 1 4 1 5 2 0 2 1 2 2 2 3 2 4 2 6 2 7 3 0 3 1 3 2 3 3 3 4 3 5 3 6 3 7 3 8 4 1 4 2 4 4 4 5 4 6 5 5 5 6
20 0 4 1 4 1 5 1 6 2 3 2 4 2 5 2 6 3 2 3 3 3 4 4 0 4 1 4 2 4 3 4 4 4 5 5 2 5 3 5 4
10 1
6 11
3 1
12 8
0 5
4 8
0 0 0 0 0 0 0 0 0 0 1 0 0 0 0 0
0 0 0 0 0 0 0 0 0 1 1 0 0 0 0 0
0 0 0 0 0 1 1 1 1 1 0 1 1 0 0 0
0 0 0 1 1 1 1 1 1 1 1 1 1 1 0 0
0 0 0 0 1 1 2 1 0 1 1 1 1 0 0 0
0 0 0 0 1 1 0 0 0 0 1 1 1 1 1 0
0 1 1 1 1 1 1 1 0 0 0 1 2 1 1 0
0 0 0 0 1 1 0 0 0 0 1 2 2 1 0 0
0 0 1 1 1 0 0 0 1 1 1 1 1 2 1 0
0 0 0 1 0 0 0 0 0 0 1 1 2 1 0 0
0 0 0 0 1 1 0 0 0 0 0 0 0 1 0 0
0 0 0 0 1 1 1 0 0 0 0 0 0 1 0 0
0 1 1 1 1 1 0 0 0 0 1 0 0 0 0 0
0 0 1 1 1 1 0 0 0 1 1 1 1 0 0 0
0 0 0 1 1 0 0 0 1 1 0 0 1 0 0 0
0 0 0 0 1 0 0 0 0 0 0 0 1 1 0 0
-0.1125079436
-0.1218736196
0.5717853750
1.0055989067
1.4154532282
-0.6665269095
-1.5165271725
0.8543854958
-1.7395153765
-0.6291530657
0.5146092681
1.1656616086
0.3797648905
0.1632277337
0.0046280086
-0.5884948226
-0.5501334695
-0.5785877064
-0.4994953285
-0.2978550501
-1.5333180385
1.0396879280
-2.7184944845
-0.1666908450
0.7457431051
1.2406066629
0.4225997866
-1.0241044847
-0.0584002141
0.2374355952
0.1887231275
1.6977778685
-0.0491718549
1.7272077339
1.7825891741
-1.2795978149
0.2784631263
-0.6059848871
0.6884920709
-2.0082107617
0.8045998583
-0.3701464518
0.8859266983
-0.8322533044
1.6227461821
0.6032810917
0.5269357833
0.5116531169
-0.6825021964
-0.1110994559
0.5961179661
0.6845162193
0.1864704290
-0.8462249328
0.1946798222
-0.4897654495
0.6721113350
-2.7867316296
1.7088013692
1.8369196314
0.5188420372
0.9696117867
-0.7155770790
-0.0253388889
2.0353178145
0.5109218393
0.1997066545
-0.2240269126
0.0828682443
1.7548619328
0.7865200081
0.7286897243
0.2645031865
1.8450829253
-1.4055323453
-0.5001686073
-0.8882850408
0.9113845282
-2.7453221416
0.4032748434
-1.7357109870
-0.8722026269
0.3868243948
-2.4402157831
1.4329634347
0.5573157991
-1.8018951145
-0.9443694036
-0.3938258810
-1.1886798472
0.7059480249
0.3567901912
0.4434874633
0.8060338521
-1.1931346768
-0.8227086644
0.8051320671
0.1169867450
1.0706669006
0.8429003410
2.3781694449
1.2794482078
-2.4086393393
0.0300890928
-0.0112181596
1.3547665705
-1.3468860194
-0.9098812029
0.0270516690
-0.4396663339
-0.3333854540
0.5066588522
0.6712279808
-0.2546938118
-0.2228101391
-0.3665245569
0.0062894923
-1.0935480349
-0.9496162981
-0.1938558381
0.0469680258
0.3894539103
-0.8541666853
0.5718077728
0.4624644051
-0.7726565491
0.9089960244
1.4042681048
-0.7999270961
-1.6371137374
-0.7763653364
-0.8169366233
-0.9603268097
0.2159548399
0.1747652610
0.9054995646
0.2620303996
-1.2385819160
-0.5951823169
0.9005580829
-2.0545880052
-0.3951373310
2.0989051464
1.3831976023
0.5766699922
-1.8003937460
-2.6493262760
0.2611847189
-0.4275640884
-1.3867999704
-0.1678067450
0.4934494216
0.6950046119
-1.0505576798
-1.4159856242
1.6402808594
-0.5255180227
0.1334098453
-0.2937621916
0.1255365447
0.1525060525
-0.6275433619
0.4966984411
-0.3462569320
-0.3430460689
-2.2463031408
0.4517258047
-0.8966017585
-0.0993151729
-1.7326317818
1.5593760144
0.0636200374
1.2688441494
-1.4044161706
2.1355971754
-0.9642892073
0.3020335989
-1.1819315389
0.2103780288
0.5169922037
0.7671905151
-0.7936542862
0.6169727451
1.0981056027
-0.0026834691
-0.0279121552
0.2461534522
0.2296894975
-0.7122987864
-0.7589563766
-0.2999528507
0.2173905930
0.5273748728
0.3596834098
-0.1687866540
0.8442115854
0.1156206871
1.0893497673
0.0516469793
0.6553887620
-0.0410790347
-1.0672011516
0.7167445578
0.8959565377
-1.7740842616
0.3683353150
0.5494184595
-1.5199640647
-2.0453591786
0.6532952134
0.3114815943
0.4419238381
0.8106640933
1.2048943810
0.9568515752
0.3778562698
-1.3369177112
-1.0042075181
-0.4883080599
-1.2035043178
-0.2890190615
0.1894460055
0.0748243432
-1.3224585999
-2.9278088941
1.1683089744
-1.6698589655
0.4062882524
-0.4658391400
-1.8233520543
0.8728110729
1.1862026941
1.6596281690
0.7601966467
0.8023674320
-1.4969201769
0.5194278549
0.0621572060
-1.2825866107
-0.3298133231
0.2368521151
0.3583657206
-0.4478963292
-0.2581514501
-0.9630590994
-0.2675246479
2.8441473814
-0.2087630922
-0.4055972608
1.8547823263
-0.9594481509
-0.3104540770
1.9359216310
1.1111357393
0.4456286388
-1.1861193063
1.5647891455
1.1133772122
0.0165487616
1.7784447303
1.6447556108
-0.1088894330
0.5913288375
0.5200399113
0.8231373677
0.3799455133
1.2674249692
-1.0414861817
1.4698649682
-1.1714780095
0.8069903203
0.9665151511
0.5122265838
-0.1636580716
-0.7269969641
0.8664867275
1.8865989252
1.9653503270
0.9153657060
-0.7983318048
-1.2926716656
-0.5507242431
1.2357218384
0.2198087562
-0.4300873528
-0.6874596369
-0.9545104943
-0.1925299685
-0.3292078148
-0.5460688670
2.0028771576
-0.1570405532
-0.3464730027
-0.8674074425
1.1332457648
-1.0542252593
0.6658145965
-1.8591988765
-0.0625010217
0.1501165301
1.4147195235
0.6504131241
0.6857200906
1.0504308818
-0.0044037856
-1.0876639437
0.7873830405
0.9549246218
1.2280959832
0.4002949433
1.5662079881
2.3321938635
-0.8655996203
-1.8081409703
0.4507923911
-1.3140414770
0.9741144537
-0.4272048449
0.2595708099
-0.2039726646
0.8245253699
0.2552271665
-1.5382464230
-1.3429948584
1.4999277331
-0.0232112343
1.4024513543
-0.6028798747
-1.2188215700
1.4315763382
1.2446684533
-1.1650452252
-0.7003806509
-1.5454540847
1.3046018263
-0.7811425069
0.2754267208
0.6907943052
-1.2755451418
-0.1981949355
0.3195865748
1.4540411067
1.8311638157
1.0718406552
0.4584201630
-0.0573325241
0.0514625882
-0.6380849932
0.7063799423
1.3361917688
1.1680445872
-0.5363558627
-1.5918694674
-1.4944035361
0.7787448764
0.6427484808
-2.0024607865
-0.4322400540
-0.7637467467
1.2129010001
0.1922688820
0.1130148974
-0.2708016836
-0.2601534135
1.0932223550
-0.7754913975
-0.8868681405
-0.2133911213
-0.9769166742
0.9812313443
-1.6437137699
-0.5585160261
0.3127301000
1.6023810156
2.9022961178
-0.9249719431
1.2009489717
0.7194963004
-0.8943470090
0.7038156311
0.8511661933
-0.6010769934
1.7852097598
0.3860134881
-0.6030873444
-0.6093652569
-0.5656868349
-0.3924336729
-0.9133091634
-1.6848361457
-1.1217063394
-0.3784684879
0.3695583188
1.2751489931
1.6281814081
0.4836900520
-0.2607604280
-1.7230769324
-0.2776809583
0.7788782072
1.1735467038
0.0531423526
-0.8456938567
-0.3387815829
-0.1845407234
0.1807683225
2.3330693322
-0.1439822012
-0.5572155255
-1.0081523210
1.0708925566
1.4828056864
0.5694990185
-0.4580636868
0.3002540424
-0.4828261025
-1.0051650087
0.2126259044
1.0035224341
-1.5248863385
0.0484661750
0.2791673564
-0.8130020850
-0.0177462841
0.4804294043
-0.4702381075
-0.8779247485
0.7694748453
-0.6093692987
-0.0518471082
-1.1477207275
-1.4367081265
-0.3615201152
-2.0039996976
-0.4043036990
0.0447795004
-2.3833728027
1.5570131971
0.5154429234
-1.5659486342
-0.6939918892
-0.0411400247
-0.9553037168
-2.4042253139
0.6654612943
1.2338896660
-0.8378744276
-0.3076544331
-3.1646762809
-0.5399766166
-0.2065394814
-0.0776476384
0.4562927111
-1.8447686183
1.3411047535
-0.2015557082
-0.7117605725
-1.3124988713
0.6026423628
0.1158983515
-0.0151438705
-1.5722433922
0.8849250280
0.9789660051
-0.9671705372
-0.6950933951
-0.5933516023
-0.9150148396
0.0195463913
-0.4533010120
1.0839287679
-1.4319925889
1.1539330755
1.0377069709
-0.2422948046
0.1480514589
2.7360892210
-0.0992835821
-0.1019986786
-2.1007850981
-0.4075665321
-1.0678058869
-0.2047859678
-0.6381644457
-0.7660686842
1.9035544632
-2.1113066623
0.5927094772
1.1026135278
0.7689425307
0.3159709392
-0.7902810479
0.7723314699
0.0818585036
0.8640845522
1.9932172752
-0.4659729238
0.1238828817
0.6492181822
-1.9608452958
1.9231312784
0.5728434652
0.7215619174
-1.6313132785
1.1456057633
-0.5334319523
1.8738759871
-0.3630821646
1.2613668975
-0.2277093975
-1.5690765178
0.8722762502
