17 7 0.04
12 0 0 0 1 0 2 0 3 1 2 1 3 1 4 2 1 2 2 2 3 2 4 3 3
16 0 1 1 0 1 1 1 2 1 3 2 2 2 3 3 3 3 4 3 6 3 7 4 4 4 5 4 6 5 4 5 5
11 0 1 0 2 0 3 1 0 1 1 1 2 1 3 1 4 2 0 2 3 2 4
17 0 3 1 3 2 0 2 3 3 0 3 3 4 0 4 1 4 2 4 3 4 4 5 1 5 2 5 3 6 2 6 3 6 4
9 0 1 0 2 1 0 1 1 1 2 2 1 2 2 3 0 3 1
14 0 3 1 0 1 1 1 2 1 3 1 4 2 2 2 4 2 5 3 3 3 4 3 5 3 6 4 5
17 0 3 1 0 1 2 1 3 1 4 1 5 1 6 2 0 2 1 2 2 2 3 2 5 3 0 3 1 3 2 3 3 4 1
3 8
7 5
1 2
7 3
8 1
11 8
12 0
0 0 0 0 0 0 0 0 0 0 0 0 0 0 0 0 0
0 0 0 1 1 1 0 0 0 0 0 0 0 0 0 0 0
0 0 1 1 1 1 1 0 0 0 0 0 0 0 0 0 0
0 0 1 0 0 1 1 0 1 1 1 1 0 0 0 0 0
0 0 0 0 0 0 0 0 0 0 1 1 1 0 0 0 0
0 0 0 0 0 0 0 0 0 1 1 1 1 0 0 0 0
0 0 0 0 0 0 0 0 0 0 0 1 0 0 0 0 0
0 0 0 0 0 0 2 0 0 0 0 0 0 0 0 0 0
0 0 1 1 0 1 2 1 1 0 0 0 0 0 0 0 0
0 1 1 2 0 0 1 1 1 0 0 0 0 0 0 0 0
0 0 1 2 0 0 1 0 1 1 0 1 1 0 0 0 0
0 1 1 1 1 1 1 1 0 1 1 2 0 0 0 0 0
0 0 0 1 1 1 1 0 1 2 2 1 1 0 0 0 0
1 0 1 1 1 2 2 1 0 0 1 0 1 1 0 0 0
1 1 1 1 0 1 0 0 0 0 0 1 1 1 1 0 0
1 1 1 1 0 0 0 0 0 0 0 0 0 1 0 0 0
0 1 0 0 0 0 0 0 0 0 0 0 0 0 0 0 0
1.4356216810
-1.4012552857
1.0556138632
-1.1275341927
1.2935250666
1.6912676448
-3.3318474427
0.7438581074
-0.7396438118
0.0741587721
-0.0665022145
0.1545699033
-0.9444821935
0.8417466583
-0.2470639890
-1.6067265494
-0.6870093904
1.2166742943
0.7306075454
0.8741453524
2.1813095700
0.5612040394
1.2447451861
0.8485572617
0.7080383152
-0.5235409971
0.6493265150
-0.2072267990
0.2618939202
0.7834773593
-0.9537824636
0.1504739068
-0.0034685717
1.3020568553
1.6694844698
0.0599560755
0.3824526676
-0.5917218689
0.8224135281
0.2559750444
-0.2265676113
-1.8218827841
1.4220688446
2.0873455466
-0.5605265830
0.5239520476
-0.8996557951
0.4235809945
-0.3755619808
1.6402457857
1.2925455052
-1.5471906661
-1.1966046019
-0.8072609739
-2.1749133414
-0.7382402788
-1.0678051894
-1.4860460589
0.9619309129
-1.8910121095
0.9709003162
0.0330045999
0.6877266152
-0.5174646470
-1.4606086277
1.4851616651
-0.6384950486
1.2325761452
1.0294152926
1.0435017061
-0.3303020938
0.3712429548
1.2149822431
0.9963236637
0.3121010107
-0.9647821237
-1.1339330742
-0.3604026426
1.0716959003
-1.2555048313
1.0121314936
0.3418240574
-0.3236289267
2.0054695591
0.5574543497
0.4910120281
-1.1327138179
-0.8954158231
0.0146495589
0.3180887198
0.6169359592
0.0556278684
-0.2223865257
-0.0421721124
-0.5113610410
0.2943105929
-1.7791846735
0.6222764946
-0.3779455544
-0.1197003308
3.9465192511
-1.3364747907
-0.7073718656
1.4919032071
0.2380543292
-0.3557277791
0.6826284160
-2.1094247833
-0.7117149618
0.8727576458
-1.2404223101
-2.2702561948
0.4991976694
1.3268857152
-0.6781638237
-0.1966884802
-1.1589910860
0.1366447523
-0.6207741861
2.1895056014
-0.0263982849
-0.6762120029
-1.3959014300
-0.0702496448
-0.9343024336
1.2091328994
-1.2646253503
0.1922856021
0.7824812878
0.0272818671
0.8999645679
-0.8881449816
-0.2096985935
1.8805410315
0.6413266317
-1.4709888622
0.6143738876
-1.8234800891
0.9402834971
-0.7252323363
1.1907871072
-0.5474710978
-0.0643770538
-0.9835786535
-0.5232631624
-1.2074645831
0.2683254840
0.8529443902
-1.0003324694
-2.1674224061
-0.1292748019
-0.4106555741
0.0600779433
-1.0447331240
-1.1605828181
-0.8607008050
-0.3984933269
-0.0159456829
0.2340320412
0.8027692008
0.5692127961
-0.8638556411
0.3628001233
-1.1858438513
0.6593508388
-0.0404468366
0.4907192232
-1.8337532513
-1.8526375027
-0.2613030431
-0.2011033306
0.4050443473
0.3210325427
0.9738841810
-0.2303146629
1.9366813883
-0.0925111702
1.1247418103
1.7257114724
1.4955731880
-1.0686604274
-0.5939681135
-0.3634458193
-0.5616314479
2.4960034471
-0.4251302166
1.3949173997
0.9287891166
-0.6362200017
-0.7497097909
0.1523089143
0.1968454675
0.1237218347
0.6863275048
-0.3124751757
0.6347846603
-0.7657012578
-0.4664362541
2.8678396391
-0.8499407892
1.9612312813
2.2056445607
0.5222783069
0.7430020343
-0.1489510166
0.0274086290
0.5621845145
0.9478352852
-0.0001118273
-1.1701691821
1.3232693646
0.3401940551
-0.8838881382
0.0505806272
0.5702787738
-0.4839514427
-1.0414371488
1.0212825268
1.3776566925
-0.2259472617
-1.6893103406
-1.0374014065
0.7474498252
1.1243506147
0.5460011188
1.4808042177
-1.4850886636
0.0107077551
0.4972008560
0.2286782747
0.4058963447
-0.2647537973
0.6758888304
0.3328106642
-1.7326987526
-0.2642058748
0.5815971231
1.3352674447
-0.5625801023
-0.6998469470
-1.5139015061
0.7930511271
-1.2233348993
0.0471118027
-0.1987788059
0.5306695041
0.1275548771
0.8329405853
1.1970921239
-0.9305639111
0.3655505857
-0.7631450193
1.9347240618
0.0356048519
0.0273068982
-1.3448161420
-0.8957296247
-1.2436125714
2.1477177123
1.0081430322
0.7270396483
-1.6541687899
0.4238620449
0.4572083567
-0.7858989867
1.1768355960
0.4632932904
2.3674213526
2.3667793027
0.2503601691
-0.0993250987
-0.0800341162
0.5744762643
2.3239688953
-0.0033678649
-0.3904437018
0.0254876995
0.6938807128
1.0755401989
0.7522528914
0.5790449092
1.4006693313
0.7014630474
0.3802002586
-1.3361263103
0.3501523370
-0.2362288912
0.6136049186
1.1307034579
-0.5615161830
-0.1822849771
-0.6476238417
-0.3504848315
0.1813648200
0.1740377256
-0.3445767806
-0.0991390246
2.0823842120
0.9003004885
-0.8391383750
1.7206464381
0.2124174384
1.3266491181
-0.3362871923
0.9155041619
0.5654976480
-3.2315878040
0.4725071371
0.4783692914
-0.1689487375
-0.8032117781
0.4388601707
0.6144795115
0.9473365348
0.0584331594
0.6496553621
2.0032966221
-0.5198598143
-0.2456842385
-1.1347113188
1.8152554551
-1.5273021294
0.3812264828
-1.3242080984
0.5150330751
0.4846208508
0.3603011269
-1.9611133569
0.9455457027
0.1867551030
-0.7479823237
1.0904791064
-0.1786593253
-0.6015225232
1.1612330270
-0.2769547081
0.2752181453
-0.8733667935
-1.8389836506
0.1222920256
-0.3974212584
2.1260087132
0.3572149189
-0.1759256427
0.5455326313
1.2132418654
-0.6763162689
0.3519199394
0.4673709804
-0.5263077535
-1.3726171527
-0.2484284329
-0.6336137630
0.7290313798
-1.1514221649
0.9572316700
-0.3190689706
0.1467737001
1.3127480054
-0.2607146386
-0.0120499490
0.3246120211
0.1418328490
-1.7294946537
0.5856705416
1.2389975100
1.9133398824
-0.1641733600
-1.8401641858
0.2514603452
0.7896477274
-0.2541573772
0.5029159176
-0.3501218534
-0.4365185189
-1.5591843575
-0.1132587109
0.1084616265
-1.1507951961
0.7013598904
0.0087751355
1.0448344234
0.2380605991
-0.8460463006
-0.4612132722
0.0904331951
0.9286953911
0.9159825440
-1.2181967088
-0.3519660534
0.1968691666
0.3887477903
-1.1711910878
-1.7313282719
0.6585554925
-0.7253535562
-0.1304521322
1.4082959078
0.9396313263
-1.3789089916
0.5639026291
0.2913774144
0.4897051361
0.6495259173
-0.7402288567
0.0517153768
-1.0470542628
0.0099522714
-0.3403442110
-0.2908796469
0.4178987155
-0.6880488862
1.1476699350
0.0224406505
0.2357644837
1.4508324047
-0.1147501341
0.9546715273
-0.1458465088
0.0766443338
0.8948105489
0.9058641567
1.3002288953
0.9734571350
0.1579938715
-1.0253999200
-1.3334252055
-0.2849239710
-0.2949638398
0.9814238050
-1.3363954934
-0.3714705654
-0.2296257160
1.2810883246
1.1919533204
-0.9949666664
0.5963761048
-0.6969062752
-1.2076559199
1.8729710326
-0.1098273008
-0.8662810403
0.5932347979
-0.4446946354
0.5481646462
-0.5689273422
0.9115660057
0.6660714637
1.4921645381
-0.5353264982
-1.4997327683
-0.2978301920
-0.4524994106
1.3581367186
-1.4088483460
-0.2948835526
-0.3909043643
1.7809782066
1.9828453572
-0.9775269683
0.5136661598
1.6105207366
-0.3542518646
0.4165683415
-1.2902961675
1.5648581192
-1.3441572928
2.1162766025
-0.9503255316
-0.3821040162
-0.1123445488
0.1711194847
-2.7945180626
-0.0964819473
-0.0103341550
2.1632708917
-0.4371515528
-0.9070796301
-0.0596723905
-0.1199407215
1.0846728135
0.3908631630
1.5358483579
0.2241204630
0.0435018004
-1.5002617005
-0.1280802953
1.0933640802
-0.1444472362
0.8882631354
-0.1010901184
0.9098451934
1.2577766699
0.4114672440
0.7211200150
0.7834758255
-0.4890322210
-1.2616525672
-0.4039199282
-0.3358771858
0.9757927925
0.1124392282
-0.4042252024
0.7880585031
-0.0388025302
1.7845737540
0.1664577301
-0.3185061360
-0.1627096606
1.5732491830
0.6635500270
-0.2195910199
-0.2144000483
0.2209229370
0.1777935605
-0.8137445771
2.0017951894
-0.4120691147
-0.2654923497
-1.4935281988
0.9661984184
0.3863817015
0.4963935714
0.5696170100
1.1589160659
0.6081735042
0.2361204118
-0.2296591789
-0.1251498244
1.1769554659
-0.3123912111
0.2734773010
0.4145567227
-0.9645452696
-1.2147000868
-0.8888430072
1.8561368008
-1.0178938963
-0.5736412121
-0.3607649613
-0.2001061183
0.7819951098
-1.5845638798
-1.1732527515
1.0201569998
1.0198383324
0.0253381146
-1.9538742094
-0.3325521308
1.4949055691
0.2897469904
0.7964349348
0.6345165249
-0.4673443956
-0.3727763180
-1.1744833440
-1.3954633520
0.1402350547
0.8479098813
0.1485421335
0.4720256259
0.2726277647
0.2839527461
0.1843020618
-0.6401573155
-0.7146754422
-0.7387687640
-1.5175530932
0.9134163354
-0.4842858194
-0.1226714892
1.1565131202
1.8999206263
-0.2265931264
-0.1409442723
0.3364430621
1.0555855571
0.2103381688
