17 2 0.12
59 0 8 1 2 1 3 1 4 1 5 1 6 1 8 2 0 2 2 2 3 2 4 2 5 2 6 2 7 2 8 2 9 3 0 3 1 3 2 3 3 3 4 3 5 3 6 3 8 4 2 4 3 4 4 4 5 4 6 4 7 4 8 4 9 4 10 5 0 5 1 5 2 5 3 5 4 5 5 5 6 5 7 5 8 5 10 6 1 6 2 6 3 6 4 6 5 6 6 7 3 7 4 7 5 7 6 7 7 8 4 8 5 8 6 9 4 9 5
57 0 3 0 4 1 3 1 4 1 5 1 6 2 2 2 3 2 4 2 5 3 2 3 3 3 4 3 5 3 7 3 8 4 3 4 4 4 5 4 6 4 7 4 8 4 9 5 2 5 3 5 4 5 5 5 6 5 7 6 1 6 2 6 3 6 4 6 5 6 6 7 0 7 1 7 2 7 3 7 4 7 5 7 6 7 7 8 2 8 4 8 5 8 7 9 4 9 5 9 6 9 7 10 3 10 4 10 5 10 6 11 3 11 4
0 1
2 1
0 0 0 0 0 0 0 0 0 1 0 0 0 0 0 0 0
0 0 0 1 1 1 1 1 0 1 0 0 0 0 0 0 0
0 1 0 1 2 2 1 1 1 1 1 0 0 0 0 0 0
0 1 1 1 2 2 2 2 0 1 0 0 0 0 0 0 0
0 0 0 2 2 2 2 1 1 1 1 1 0 0 0 0 0
0 1 1 2 2 2 2 1 2 2 0 1 0 0 0 0 0
0 0 1 1 2 2 2 2 1 1 1 0 0 0 0 0 0
0 0 0 1 2 2 2 2 2 0 0 0 0 0 0 0 0
0 0 1 1 1 2 2 2 0 0 0 0 0 0 0 0 0
0 1 1 1 1 2 2 1 1 0 0 0 0 0 0 0 0
0 0 0 1 0 1 1 0 1 0 0 0 0 0 0 0 0
0 0 0 0 0 1 1 1 1 0 0 0 0 0 0 0 0
0 0 0 0 1 1 1 1 0 0 0 0 0 0 0 0 0
0 0 0 0 1 1 0 0 0 0 0 0 0 0 0 0 0
0 0 0 0 0 0 0 0 0 0 0 0 0 0 0 0 0
0 0 0 0 0 0 0 0 0 0 0 0 0 0 0 0 0
0 0 0 0 0 0 0 0 0 0 0 0 0 0 0 0 0
-0.4001954254
-1.5924395783
0.5287886407
0.8686768685
1.9082518771
1.4535838437
-0.9476652471
-0.6802692330
1.3360003125
-0.7984357503
0.2489834765
-0.4945778051
-0.0273670154
-0.0331969508
-0.3592608564
0.5414556278
1.8272524341
-0.9251195250
1.2145247405
0.1303664755
-0.2056282190
0.1397307594
-1.6357030211
-1.6665018096
1.2702634710
1.4936655924
-0.7705103181
-1.6175197770
1.3704281693
-0.5788384268
0.0310793195
0.6275593641
0.1981924540
1.0491441222
0.4580556582
-2.3609195805
1.1572764835
1.6742374700
-0.4893730724
-0.6850483723
-0.0547426802
-0.2698072632
-0.4105378946
-1.6374283624
-0.1048869074
1.0213791293
-1.9563481810
-1.4431286025
0.0309427132
-0.7988834115
-1.3643674306
-1.7862390561
0.7286389919
1.6772171205
0.6850874630
0.3924057023
0.1855402955
0.5442365364
0.9134589366
0.3593074453
0.7909013574
0.5977281991
-1.2853842010
-0.6978697260
-2.0518316159
-0.3782531563
-0.4594652348
1.9936208623
0.5654298279
0.4487454647
-0.1947957655
-0.0428686159
-0.0605730108
1.1007460021
-0.3176767711
0.3593147763
-0.2765854903
-0.8731204549
1.0990585532
1.0331631708
-0.2114861328
-0.6834857216
0.1087282845
1.2813479019
-1.2104821490
-1.1199091040
1.6366745648
-0.1691939585
1.1526312808
-1.5931940763
-0.6339703240
0.2044647387
-0.5272424049
-0.5928001384
-1.7089200562
0.3981102408
0.4744466118
-1.0531448672
-0.1936194514
-2.6364259338
-1.1619753245
-0.6178693810
2.9032372469
0.8349338374
-0.3914966475
-0.4291402658
-0.2525610544
1.0929125044
0.5641324697
-0.4941362208
-0.6803037956
-0.8364187468
-1.1030296561
0.8217211904
0.5766654645
-0.1285366401
-0.4749053633
-0.1375606622
0.2582025394
0.8101821911
0.2459371253
-0.4383428053
1.3599763865
-0.1039675321
-0.1829097525
1.2961003269
1.1073538439
1.2705546558
-0.8705237455
1.1030737177
-0.6954078575
0.0272369222
-0.2540148850
0.6421508391
-0.6876820130
-1.2009390255
0.1609762722
-0.0340125950
-0.6454225339
0.4232974922
0.3728394639
-0.2588526984
-0.1168012791
0.7265596366
0.2585667897
0.6509654591
-1.3346043404
-0.9459025547
-0.5642476218
-1.0317435705
-0.3303963850
-0.9066457392
-1.4503743534
0.8816596014
1.1088564084
-0.8917701319
0.1386561680
-0.6168038644
0.9813849751
-0.8587299551
-1.2517947389
-1.0031833376
-0.3564662795
0.4554177236
0.2814415659
1.5124726692
0.0840259651
0.3577812688
0.4179087328
-0.8211385521
0.2252671071
0.5755472487
2.1521777550
-0.4736873460
-0.4365342784
-0.6580826082
-1.8872241510
0.8886037590
-0.7679933944
0.5333637654
0.1722653349
-3.5317338148
2.3859156624
-2.1555454333
-0.3161200643
0.6308304283
1.2565183829
-0.7102265198
1.2971920963
0.9253592482
0.1698575213
-0.6049897899
-1.2485700334
0.4357482475
-0.1458887718
0.6890593550
-1.1863729746
-0.6035350178
1.6366688602
0.7933612187
1.3484756736
0.3073290259
-0.0638606564
-1.8710564965
-0.1113991591
0.9485573228
0.5438072308
-1.1988895316
-1.1298149232
-1.6994662622
-0.2157339959
-0.3918444738
-0.1793070713
0.0009449823
-0.3800424568
-0.3889968720
2.3895290266
0.6096952836
-0.9686069599
0.8247038290
-1.6242515824
-0.4231453305
-0.6949768229
0.1196360945
-0.8327768072
-0.0214407476
0.0313660071
-2.5161454802
-0.0869944166
-1.9047297938
-0.2065404395
-0.0431801872
-0.5142032034
-2.1060129035
0.3899887374
0.9714494131
0.0408270929
-3.1759062020
0.3607494119
0.7265169342
0.7060935623
1.1574632931
0.5052966856
-1.0329735168
0.0340041104
-0.8398712628
-0.0200478563
0.5298569299
-0.4463196803
-1.5607518007
-1.3584043429
-0.5070834006
0.1674558748
1.0043281542
-0.4230409331
-0.5429338436
-1.4729174835
-1.5805117237
0.2949862263
-0.6133111015
0.1038783990
-1.0800960562
-0.6970106681
-0.1594390200
0.9695407396
0.4381328497
-0.6796107644
1.2312575926
0.4721609947
0.1157944849
0.7652864399
0.7565464956
-0.8363897006
0.2177404577
-0.0496045305
3.0706818654
0.4052333812
-0.8330838053
1.5365928159
-1.3536511113
1.2007879563
-1.1479181034
1.2793038091
-1.6574442697
-1.7431766624
-0.2605681568
-1.1194700493
-0.4215944274
0.9918504175
0.2487929412
-0.0012633009
0.2668888066
-1.9202429780
-1.1563217339
1.5072415713
-0.0635917545
-0.1037883588
-0.9796202586
-0.6229398543
1.2599138878
0.3543924430
0.6915042815
0.0956315326
2.4994875577
1.7341685244
2.5923730292
-0.1305136363
-0.6252249587
0.9254825525
0.0842647288
0.3140875384
-1.3133468464
0.4820216116
-0.9423159139
-1.1470529566
-0.0464257336
0.6875684924
-0.6848779936
-1.1421083411
2.0773139014
0.1713022560
-0.0060422971
0.0869851814
-0.1948842753
0.6236381183
0.3630234601
-0.6851044871
0.6824885775
-0.6305247025
-0.5692672445
1.0461656812
1.3628223370
-0.1027307927
-0.5994227530
2.8489613610
1.4487608616
0.8615104163
0.9189082431
-1.3208370777
-0.9212248661
0.7859861511
0.8847027500
-0.4965688861
-1.3330593964
1.1138891382
0.5855081673
-1.2495208920
0.5667307340
-0.5700121790
-0.2938874015
-0.0335461742
1.2867108718
-0.0464851788
-0.8453149082
-0.4247549897
0.6518510162
0.5367217970
0.9257478691
0.5502791918
-0.1283039851
0.0498654949
-0.6660249185
-1.1848246148
0.7319947624
-0.0496359704
0.0587505899
2.3606295990
-0.8242974590
-0.2348932659
-0.7258924659
0.9751232005
-1.1572172030
0.1890385307
0.4862130601
1.4180606885
-1.1133879391
-0.7861346580
-1.1439359540
1.2346918261
1.3703044497
1.3695896086
-0.6411158227
1.0281766926
1.9135610499
-0.3415021544
1.5677850038
-2.2212512989
-1.2332617439
0.6567623218
0.3322644563
0.6509126144
1.3689845720
-0.3966087620
0.9941488224
-1.3245499003
0.4225102413
-0.1149819020
-0.3968791272
1.2619586252
1.0953469815
1.7805839676
-1.3595194026
-0.0198553794
-0.3308115710
0.1788186920
0.3543351830
0.1142104411
0.0429496852
0.9700090371
0.4755006763
-1.4633066109
3.0551474953
0.6919456647
-0.0302116923
-1.3537871518
-0.4664004694
0.8764223560
-0.2423437304
0.2843168890
-0.6567379315
0.3980673849
0.4533774064
0.3720475332
-1.6858434917
0.0405861743
-0.3549117996
-1.3944490032
0.0904683387
0.7972728857
0.3716048658
1.7942936758
0.5885345283
2.5724525702
-1.3798420666
-0.4673770058
-2.3086025335
0.1297570113
-0.1685115720
-0.5811939927
0.6178214493
0.5305457670
0.5606730500
-0.4758104046
0.7803040689
-1.2200418008
0.8876812427
-0.7800258015
0.0418751875
-0.4456571502
1.1459147369
-1.3851654168
0.7903071969
0.7889853246
0.8175653448
-0.3385899930
-0.2373784172
0.0975837891
-0.1470184524
-1.3989784737
-1.5751345971
-0.7743271492
-0.0676848434
1.2935214986
0.3401642774
1.0104683613
-0.3977653100
1.1254058330
0.7123806088
-1.8371880374
-0.5840668876
-0.9350564863
-0.8633521547
1.7851769002
0.4753554668
0.3530223086
-0.3452928957
-1.8060276249
0.3918002685
-2.7865956252
2.1979767134
0.4714302256
0.3298814402
-0.8385082717
-0.1919468187
0.4948044470
-0.7732589134
1.4968443630
-0.1023955786
-0.5470439153
0.8086203134
2.6070109249
-0.1059425572
-0.0790840230
-0.4575823278
-0.5618570137
-0.4737069623
-1.5751025105
-0.1883870245
-0.5384439760
-1.0944825569
-0.2663901495
0.2074982792
-0.3013549805
-0.1981214861
0.3679603131
0.4253110760
0.6913276803
0.8464043567
-0.6909761021
0.5231217179
0.7519772015
-0.6448013932
-0.6628470901
0.3638878952
0.1847045078
0.1933970510
-0.4470616966
1.4468156818
-0.7522941008
0.8073120728
0.0013934743
-1.1601184687
0.7756898205
0.2693437968
-1.7767426435
0.0376168397
-1.3976039959
0.5204705959
-1.2039925901
0.7585652146
0.1894122663
-0.5181450404
1.8238385445
0.4812555970
-1.9234506144
-1.4875097084
0.8629310982
-1.2548573889
0.7598377779
-1.5384852706
-0.2349507087
-1.6241972646
0.0971425641
-1.2057550943
0.7437531765
0.5616981709
-1.0542127607
-1.5746405147
0.2539175867
-0.8322171147
-1.1735367327
1.0822099862
-1.2378271557
2.5051978722
-1.6554007726
-1.4594491406
-1.0723295612
0.7386137371
0.3877282906
-2.0357354708
1.4118649565
0.8514387776
0.0635360236
-1.1206366236
-1.7336015165
-0.9035965223
-0.4659159850
1.0446426819
-0.1039883867
-0.9158110482
0.4614703375
1.1561435181
-0.9598139192
-1.3567606943
-1.9819194573
0.1683243006
0.1037656446
0.4161733636
