20 9 0.09
30 0 2 0 3 0 4 1 2 1 3 1 4 1 5 2 0 2 1 2 2 2 3 3 0 3 1 3 2 3 3 4 1 4 2 4 3 4 4 5 2 5 3 5 4 6 2 6 3 6 4 6 5 7 4 7 5 8 4 8 5
35 0 6 1 3 1 6 1 7 1 8 1 9 2 1 2 2 2 3 2 4 2 5 2 6 2 7 3 0 3 1 3 2 3 3 3 5 3 6 3 7 3 9 4 2 4 3 4 4 4 5 4 6 4 7 4 8 4 9 5 4 5 6 5 7 6 5 6 6 7 6
19 0 1 0 2 0 4 1 0 1 1 1 2 1 3 1 4 1 5 1 6 2 0 2 1 2 2 2 3 3 0 3 1 3 3 4 1 4 2
24 0 3 1 3 1 4 2 2 2 3 2 5 3 1 3 2 3 3 3 4 3 5 3 6 4 0 4 1 4 2 4 3 4 4 4 5 5 1 5 3 5 4 6 3 7 3 8 3
11 0 3 0 4 1 0 1 1 1 2 1 3 1 4 1 5 2 0 2 2 3 2
27 0 2 1 2 2 2 2 3 3 0 3 1 3 2 4 2 5 0 5 1 5 2 5 3 5 4 5 5 6 1 6 2 6 3 6 5 7 3 7 4 7 5 8 2 8 3 8 4 9 3 10 3 11 3
36 0 4 0 7 1 4 1 7 2 2 2 3 2 4 2 5 2 6 2 7 2 9 3 1 3 2 3 3 3 4 3 5 3 6 3 7 3 8 3 9 3 10 4 1 4 2 4 4 4 6 5 0 5 1 5 4 5 6 5 7 6 3 6 4 6 5 6 7 7 4 7 5
14 0 0 1 0 1 1 2 1 2 2 3 1 3 2 3 3 3 4 4 1 4 2 4 4 5 2 6 2
32 0 4 1 1 1 4 1 5 1 6 2 0 2 1 2 2 2 3 2 4 2 6 3 1 3 3 3 4 3 5 3 6 4 4 4 5 4 6 4 7 4 8 5 3 5 4 5 5 5 7 5 8 6 5 6 6 7 5 8 5 9 5 9 6
11 9
7 0
7 2
9 10
5 9
5 14
12 6
13 12
9 6
0 0 0 0 0 0 0 0 0 0 0 0 0 0 0 0 0 0 0 0
0 0 0 0 0 0 0 0 0 0 0 0 0 0 0 0 0 0 0 0
0 0 0 0 0 0 0 0 0 0 0 0 0 0 0 0 0 0 0 0
0 0 0 0 0 0 0 0 0 0 0 0 0 0 0 0 0 0 0 0
0 0 0 0 0 0 0 0 0 0 0 0 0 0 0 0 0 0 0 0
0 0 0 0 0 0 0 0 0 0 0 0 1 1 0 0 1 0 0 0
0 0 0 0 0 0 0 0 0 1 1 1 1 1 1 0 1 0 0 0
0 0 0 1 1 0 2 0 0 1 0 1 0 0 0 0 1 1 0 0
0 0 1 2 1 1 2 2 2 1 0 1 0 0 1 1 1 0 0 0
0 1 2 2 2 2 1 1 0 0 1 0 0 1 0 0 1 0 0 0
1 1 2 2 0 2 1 2 0 1 1 1 1 1 2 1 1 1 1 1
0 0 1 2 2 1 2 2 2 2 1 1 3 2 0 2 1 1 0 1
0 0 0 0 1 0 1 2 0 1 2 3 3 3 2 1 1 1 1 1
0 0 0 0 0 1 1 0 0 1 4 3 4 3 2 1 1 1 1 0
0 0 0 0 0 0 1 0 1 3 3 4 3 4 2 1 0 1 0 0
0 0 0 0 0 0 0 1 1 1 2 3 3 4 2 1 1 1 0 0
0 0 0 0 0 0 0 1 1 0 1 2 2 3 1 1 1 1 0 0
0 0 0 0 0 0 1 1 0 0 1 2 2 4 2 0 1 0 0 0
0 0 0 0 0 0 0 0 0 1 1 2 1 2 2 0 0 0 0 0
0 0 0 0 0 0 0 0 0 0 1 1 0 1 2 0 0 0 0 0
0.0383120000
-1.5789721260
-0.8638254264
1.2419766352
1.4767200887
-0.1706299890
0.9324286702
-1.4909969400
-1.1931249994
0.8994082786
-0.8908789444
0.3013206411
-1.5813556463
0.5374795713
0.1311440987
0.6095678854
-0.6383500163
-0.0038038503
2.1098352938
-0.6331223369
0.0877182085
-1.4523940679
-0.5205874204
0.2240897083
0.9278194647
-1.1281827577
2.2287044303
-0.7415974917
0.7971356226
-0.5222557062
-0.6186295786
-0.2619575843
-0.4401866825
1.2218263905
0.1488535517
1.1467775511
-1.6191695834
-0.1760966439
-0.8331069579
-0.6634779412
1.3554163841
0.2282546218
-0.7636394979
2.8241118036
1.9558600492
0.9026582822
0.1244036050
1.8723938895
0.8350578795
-1.4173093676
0.1714892843
0.9817222633
0.6242768626
-0.4767589965
1.7786692232
0.8022941078
0.9473812461
-2.0060273465
-3.2497108256
0.1129724359
0.3999869972
-0.6472482888
0.0594861708
0.6048898188
-0.2705370817
-0.2110963700
0.7035187799
1.6593770173
-0.4638792621
-0.8243934213
0.8711586588
1.7381575257
0.4850627806
-0.4149827426
0.2741165897
-1.0943243138
-0.5010397165
0.7599635566
-0.1279173182
0.5850257152
0.2993657911
-0.5780112136
-0.5323264995
-0.0164976019
0.8408427200
-0.4197324106
1.4701987926
0.1035590075
0.8474000986
1.1365674679
-1.1820836445
0.2878636196
-0.0517775889
-1.1849389995
-1.5561544734
-0.9517968346
-1.4376444733
0.0504132013
-1.2570862918
0.9377477553
0.6418944971
2.4356954108
-1.2301765505
-0.1826119948
0.4248540711
0.8720410850
0.7273316809
0.7724640852
2.1855147029
0.8594589330
-0.2854425264
1.5573431787
0.6134330375
-0.5249118724
-1.9330755396
0.6673228107
-0.0071028927
-1.2432738241
-1.2339603042
-1.3808013987
0.0254892203
2.0278685461
-0.4882828957
1.0749214443
2.2495153461
-1.1960586957
1.1739508003
0.3544469723
-0.3417668641
-0.8128082912
-0.4547932531
-1.5316620225
0.0978342479
1.4673413076
1.1495115780
-0.1175335099
-0.2637531411
-0.2722530844
-0.3260718999
-0.1572547925
-0.7939344335
0.0540537750
-0.1021859510
1.0916276558
-2.2554451999
0.2076305827
-0.8510228911
0.5482505475
0.2172461814
1.3418436161
-1.0004877380
1.1499520831
-0.7062801214
-0.5300718222
-1.6115249482
0.0777227469
0.5797100757
-0.9903356751
-2.8160301835
-0.2025893289
0.4900237404
-0.2589391444
0.2581748602
-0.5327610733
-0.0546875468
-0.6976176178
-1.7653157374
-1.1402994179
-2.2529976127
1.3235022388
0.7560667568
0.1253665599
1.1609667332
0.5533096705
1.7887248398
0.3983063605
0.7288161661
1.2628739983
0.9948936689
0.3753951672
0.2445242357
1.2606729272
0.0465569860
0.3925702595
-0.4164194403
-0.6688681445
-1.2939504454
-1.7612159191
-1.3724391742
0.9666508764
1.2781443517
0.5162158198
1.3001287341
-1.2857223621
-1.4037646565
0.1664782341
-0.8844317928
0.0174618791
1.3579169939
0.1678899259
-0.5241177634
0.2188889943
2.0889400995
-0.7757900613
0.3240870323
-0.4792499264
2.1776115621
0.4809357760
0.3963954245
0.4484921965
-0.1489941829
0.2634904990
0.4768727198
-0.5746992065
0.8251611100
-0.8939974817
1.0557383291
-0.0631754305
-0.0270086508
-1.1001540161
0.1319274085
-1.9648282521
0.0841247151
0.9629497027
-1.5784835923
-0.6028198313
0.8215885122
-0.5937179305
-0.7745784359
0.1524905306
0.6443923086
0.6242003670
-0.2021344988
1.5428383857
0.6135051516
0.5202859693
-0.0467395982
-1.3828798548
0.5480842611
-0.9548156112
0.2889314996
0.4418714818
0.9851319170
-0.7861315184
-0.7902808823
0.4528518223
-1.6007551808
-1.9901350486
-0.2735194524
0.5545785213
-0.9209021744
-1.0959221753
0.6027460292
-1.8294389994
1.5376492635
-0.0194120478
-0.4916369165
1.9087663186
-0.3613936944
1.1456447107
0.8446257020
0.7117880446
-1.1215858824
1.7579111192
-1.5529723011
0.0170886716
0.3810920034
0.5610695257
-0.8747737216
0.2006940324
1.7335696302
0.7681383386
-0.8273570707
-0.5010905986
-0.7785546891
0.2811396988
-0.5161789313
-1.9258403677
0.2695643221
0.0914641735
1.9982453107
-0.2169269918
-1.4344600281
0.2738300960
1.0675424799
-0.4164020646
0.3486171229
-0.4105526900
-1.4006343310
-1.4704478373
0.1994938816
-0.6720046468
-0.7782290982
0.1758411331
-0.1769029633
-1.1987709519
0.2604910799
0.7828596055
-0.5204278337
0.0877039513
-1.4289665312
0.1519512011
1.0879856291
0.6860538779
0.0808722456
1.5587195657
-1.4198368731
-1.0236713297
0.9296667627
-0.5493601296
-1.1575477500
-1.5656539511
1.2065563887
-0.7605299218
0.3054520979
0.9750987221
1.1350124772
0.3201693064
-0.6668339799
-0.1067420645
0.1050969481
1.1094288977
1.3976759838
0.7881305345
0.1809273420
-0.5403808453
-0.5992569200
-0.4431462941
-0.2986930301
1.6440230374
-1.5546156565
1.7409585273
1.2199329907
-0.0861934517
-0.9640913332
0.5794583779
-0.8518045015
0.0588204101
-0.1450885403
-0.5897481772
-0.5976532634
1.6106365424
0.3907147568
-0.3063689152
0.6121784786
-0.2326668127
0.3299645097
3.1806379494
-0.4773581690
-0.5314041999
0.9017769847
0.8819777608
-0.9222722803
-0.8912013900
-0.5276179797
0.5156181460
1.6328055036
0.3954851611
1.0305895341
1.6259549130
-1.7941641985
-0.0381352256
0.3188574192
-0.4674733294
-2.1337455264
1.7322707237
1.3507245854
1.5164392458
0.6925562461
-1.8915650274
-0.6101558521
-1.8299592920
-0.5556879234
-0.7374719810
0.9541532941
0.9569778588
-0.6673988382
0.1353970420
-0.2184017825
0.7583772283
-0.1486386852
0.4397674221
0.5780450727
-0.0211700722
0.7076214429
-0.7402948690
-0.2659938495
-0.4879296669
-1.3559525840
-0.8685725847
-2.5070773952
1.4858996578
1.1221138944
0.6688068168
0.6900125073
0.5755322110
0.6825518864
1.2711486867
-0.1711308320
1.7771654606
-0.0266817418
-2.4604572825
-0.5934867040
-0.5541843727
-0.9077675876
0.0401675615
0.3712189579
0.5508225391
0.2130976109
0.6019115437
0.2812441678
-1.2411108837
-0.9652521106
-0.0792953305
0.2811978197
1.2144469578
0.5700747279
-0.2602545286
-0.9010454115
-1.0978129404
-1.4958939481
2.7256308182
-0.6267350329
-1.8410598330
-1.6016789386
-1.2349377293
-1.4953157928
-1.0693031700
0.1858057985
0.0888913650
0.2671313751
-0.3482439833
0.1630575722
0.0509392817
2.0959073788
-1.2927286580
-0.0562733679
-0.0725242703
-0.3217547649
1.6333810738
-1.7190698719
-0.6640887268
-0.2087413416
0.7429599589
0.7808749550
0.3316623409
0.7885932400
-0.2976756221
-0.8740529659
-0.1042944827
-0.4310522350
-2.6406587347
0.0878580364
-1.3196873000
0.8992878741
-0.8262654315
-1.1703121668
-0.4905764175
0.6160980475
0.1857002299
-0.8667443122
0.0970434102
1.3969625655
-0.3879521424
0.4103003134
-0.7164159293
1.7227922273
-0.5325070911
1.3625865364
1.1673684775
-0.0101418397
1.1702600361
-2.2282286557
-1.0037777727
1.4506748231
-1.0690192984
-0.1286111768
-1.1489763333
0.7215194015
-0.7683720749
-0.4138386726
0.1724778728
1.1810472153
0.8919780838
0.6388481972
0.2420096870
-0.7497090198
-1.7932348789
1.3752388412
-1.4487867926
1.1494179108
0.2412540365
-0.2861717441
0.6086443160
0.6735204437
0.6556498579
0.3263004983
-0.2258150205
1.3790457512
0.2746025235
0.7058349790
-0.4297336976
-1.0617556751
-0.8044439827
0.0457977851
-0.3689274053
-0.9016405385
-0.0279509660
-1.5230424910
-0.3624853386
0.7820419024
-1.6349781205
0.1794696122
1.2960941486
-0.2861796806
0.3276292839
-0.0474006618
0.2664422634
-2.2352957902
-0.4113343173
0.8564274414
1.0058045709
0.7031871308
-1.1040430986
-1.6228884019
0.6612122118
2.2234079122
0.0621209468
-0.5686302392
-0.7614394324
0.9750804694
-0.2566295190
-1.5271154710
-1.2463767002
-1.9706475332
-0.4592407338
-0.4970537726
0.6579882746
0.6046346370
0.5870257497
-0.4004602904
-0.3094443047
0.1591874490
-0.9956606545
-0.1181711976
1.0254127151
-0.2555737057
0.2856764912
-1.3296856853
0.1029890735
1.1778657218
0.8657068940
-0.6048502096
2.4367285701
-0.1059846480
1.5410717871
0.7594374672
-0.3153033269
0.1171851499
-1.6833159018
0.7356555772
-0.0484827275
0.0200093519
0.0785864825
0.1158406612
0.2096648202
-0.8504394125
-0.7575326266
0.6681195111
0.7524206112
-0.6712397157
0.3901531249
1.9117610542
1.9747465787
-0.8780130778
-0.4610309879
1.6099781266
-0.1976351401
0.9337508222
-0.1125745742
0.4708697195
0.7388379660
0.7596950502
3.2211668036
2.0979086349
-1.6693091022
-0.5467488428
-0.6831236854
1.4435459339
0.9475270498
-0.8838221039
-0.3575000591
0.7737794528
0.3025536000
-1.3269009976
-0.3034673263
1.3100497742
1.0193797465
-0.6203119335
0.3381733822
1.4499281721
1.0095303378
1.1415154905
3.0189120739
-0.3815866499
-0.0454420492
0.5085114177
-2.4375930898
1.9793927589
0.8977530688
-0.0383104637
1.4178067033
-0.2433733540
-0.0322927088
0.2333924052
-0.1761522398
1.5534232686
0.2671288631
-0.6443002261
-1.2448830770
0.0399751781
-0.4192155152
-1.2715407086
0.7863254580
-2.6289313431
-0.1572335133
0.3681477885
-0.6626313194
1.3508150089
-0.2953448584
0.0669341119
0.9205801449
-0.8144540487
-0.7687758220
-0.0232085312
-1.1913974732
-0.0930448953
0.2720045863
-0.4997710984
-0.6800527510
-0.2813268927
-1.4048678542
-0.1544570029
-0.5848972225
-0.4318903697
-0.7929795406
0.6216929153
1.1254920845
-0.8030771633
0.9633921943
1.0731939849
-1.0304824916
-0.3713365903
-1.0044586511
0.2652915076
-1.3198034608
1.1619048368
-0.4176958227
0.9060156641
-1.9569957667
1.4235882394
1.0681635114
0.0018985480
-0.6289834237
0.0164371270
-2.2653937185
-0.2419794890
0.5169864754
1.6792970509
0.3066100340
-1.0328805024
-0.4656308754
0.9903018533
-1.6537516800
0.7193702890
0.7394530862
0.5078632656
1.2262266181
0.7108072786
-1.0672308024
-0.3273829839
1.0703422630
-0.0348293752
-1.1175695187
-1.6055072351
-0.7868361553
-0.8912011205
1.0480007822
1.8150867297
0.6070194069
-0.0554416339
-1.3422078715
0.1280035398
-0.5965964784
-0.5834158374
0.7115976516
-0.4520677026
1.4332374704
-1.0393509090
0.1384964164
-1.2491645219
-0.6412242792
0.6276480773
-1.8937342739
0.6915725443
0.7012790902
1.1183449525
0.9064327432
-1.1517154244
-1.2867166301
0.1039267465
-1.1897047901
-0.1652705557
-0.5766386731
-0.2136279329
1.9859265759
1.3403972378
-0.6797822124
-1.2904497996
1.1587983406
0.1237045737
0.4129377004
-0.6404019855
0.9060946554
-1.2437956189
1.2636550667
2.0567977132
-0.7758345584
-2.2775660462
0.3072157056
0.0804432681
-0.9141408006
-0.9767510011
-1.4584551460
0.9263262576
-0.8668378300
0.1778240360
0.1416728556
-0.1537885014
0.4977898123
-0.8479854217
-0.6565562863
-1.0745228946
0.8844129439
-0.2551894014
0.1008523669
0.1612215433
0.2063600742
-0.7548437972
1.6932859523
0.4937742817
1.8789474725
1.0990817236
0.2684128110
-1.9812776590
-0.4801584552
-0.7940554558
0.7956252716
0.4913567470
1.4071219373
0.6427262630
1.2744027644
0.3237866048
-2.0012029663
0.6882759229
-0.9023501986
-0.4316997760
1.2641970536
0.6019488464
-0.8511557573
-0.0194215187
-0.1316118246
-2.0857640921
-0.8188877562
-1.8213944323
0.8736341768
-1.0273361711
1.4042211361
0.1107404795
0.5155507113
1.7623028212
-0.3103036382
-1.1682912319
0.9679059058
-0.7234538401
1.0109647654
1.5355628463
0.0529012626
0.4949429373
0.3670621005
0.2565322462
-0.3919461674
-0.8231847113
-0.5124781148
1.1117890683
-0.6852556591
0.0764586323
-0.6734035939
-0.5355650898
-0.2503321312
