20 18 0.11
4 0 0 0 1 1 1 1 2
4 0 0 1 0 2 0 3 0
4 0 0 1 0 1 1 2 1
4 0 2 1 0 1 1 1 2
4 0 0 1 0 1 1 2 1
4 0 0 0 1 1 1 1 2
4 0 1 1 0 1 1 2 0
4 0 1 1 0 1 1 2 1
4 0 0 0 1 1 0 1 1
4 0 0 0 1 1 1 2 1
4 0 0 0 1 1 1 1 2
4 0 0 0 1 1 1 1 2
4 0 1 1 0 1 1 2 1
4 0 1 1 0 1 1 2 1
4 0 0 1 0 2 0 3 0
4 0 1 1 0 1 1 2 0
4 0 0 0 1 1 0 2 0
4 0 0 0 1 0 2 1 0
1 0
8 0
2 3
0 12
15 10
0 14
0 10
15 1
5 4
10 6
13 17
15 12
7 3
3 14
0 17
7 3
8 14
0 3
0 0 0 1 1 1 0 0 0 0 0 1 0 0 2 1 0 1 0 0
1 1 0 1 0 0 0 0 0 0 1 1 1 1 1 1 1 1 0 0
0 1 1 1 0 0 0 0 0 0 1 0 0 0 0 0 0 1 0 0
0 0 0 1 1 0 0 0 0 0 0 0 0 0 0 1 0 1 0 0
0 0 0 0 1 0 0 0 0 0 0 0 0 0 1 1 0 0 0 0
0 0 0 0 1 1 0 0 0 0 0 0 0 0 0 1 0 0 0 0
0 0 0 0 1 1 0 0 0 0 0 0 0 0 0 0 0 0 0 0
0 0 0 0 2 0 0 0 0 0 0 0 0 0 0 0 0 0 0 0
1 0 0 2 2 0 0 0 0 0 0 0 0 0 1 1 0 0 0 0
1 0 0 1 1 0 0 0 0 0 0 0 0 0 1 0 0 0 0 0
1 0 0 0 0 0 1 1 0 0 0 0 0 0 1 0 0 0 0 0
1 0 0 0 0 0 0 1 0 0 0 0 0 0 0 0 0 0 0 0
0 0 0 0 0 0 0 1 0 0 0 0 0 0 0 0 0 0 0 0
0 0 0 0 0 0 0 0 0 0 0 0 0 0 0 0 0 1 1 0
0 0 0 0 0 0 0 0 0 0 0 0 0 0 0 0 0 0 1 1
0 0 1 0 0 0 0 0 0 0 1 0 1 1 0 0 0 0 0 0
0 1 1 0 0 0 0 0 0 0 1 1 0 1 1 0 0 0 0 0
0 0 1 0 0 0 0 0 0 0 0 1 0 0 0 0 0 0 0 0
0 0 0 0 0 0 0 0 0 0 0 0 0 0 0 0 0 0 0 0
0 0 0 0 0 0 0 0 0 0 0 0 0 0 0 0 0 0 0 0
0.2851481142
-0.1931835856
0.2236567049
-0.0613445771
-0.4861388684
0.2376042063
2.1878505414
2.1925938903
0.8300767219
-1.5666678974
-1.0181539990
0.5576307144
0.2710794896
0.4933601185
1.0909176042
-1.0592344321
0.9458131103
1.2186816682
1.1812060398
-1.4927403563
0.6457370136
0.2437004600
-1.7590135040
-0.2830941599
-0.5808797208
-1.0632523084
0.0100346570
1.1587662645
0.2358585164
-0.2869652777
2.1187560515
-0.1904402889
0.6605712027
0.0691353871
2.2596985761
-0.0437257708
0.0131670836
-0.3918374014
1.0760079921
0.7114080183
-0.6196871917
0.2993589428
1.6160962130
2.4720811820
0.3764451339
0.8495298301
-0.7138967708
-1.2552689878
0.8973760931
0.8533555552
1.0562434739
-0.8465829536
-2.3757664049
-1.4028058596
0.1818419667
0.7554270932
1.9392912284
-1.2177303712
-0.9237881640
-0.3231022558
0.5640588832
1.3600229622
0.3626157019
0.4630909805
1.6977087713
-1.5975085395
0.2159090991
-0.7504949263
-1.4792576452
1.1854092040
-2.3143623527
1.4844075808
-1.4265217641
0.4849847135
0.3925146330
1.0155694720
-1.7388793005
-2.3373951901
1.5398293046
-0.0726217929
-1.2648143479
0.6821746957
-1.3801299950
-0.1945367871
0.4657787818
-0.7324482211
0.2029115847
0.2647424791
-1.5957353735
-0.2151413915
1.2403995601
0.0148163311
-0.8421712894
0.3198334905
-0.0732151422
0.0106292636
-0.0570642398
1.0091964108
0.1636660472
-0.8633281701
1.1554000290
-0.2629390015
-0.3312981344
-0.1371700125
0.8720155054
0.5675773178
0.3629413061
1.2127525988
-0.9370298751
-0.5615126148
-0.6001739412
0.5503939645
-1.3334167564
1.3612215379
1.4207480363
-0.5126025512
0.1918082119
-1.1706493658
0.5166398126
-0.6342924283
2.1983586179
-0.6367581152
0.3009422480
0.4182432350
-0.2972662712
0.2751937498
0.5476456748
0.6185816951
-0.5689581992
-0.7629166940
0.4358832765
0.1095133328
0.5873483859
-0.7635699256
-0.1670063939
-0.4971621038
-0.3649447124
0.4994047485
0.0210595608
-1.0860269939
0.2703905926
-0.4629125768
-0.7189797111
-0.7806424037
-1.6008644623
-0.5880958085
-0.1787875979
-0.3896569216
-0.0121541378
0.8771153454
0.2303453552
-0.7384935132
0.2085595349
0.2271823882
1.5614353950
-1.7753219822
-1.2981323944
-0.2581978071
0.4505013395
-1.1476725275
-1.0466905795
-0.4321741958
0.1068778012
0.7254228061
1.4425268372
0.1075472861
-1.0241311202
-1.1281460101
-0.6740675668
0.0299587545
-0.1611840647
-0.1699830440
-0.3187842044
-0.1604563269
0.1283379584
0.4317683747
0.7308915764
0.9448692296
0.2172734594
-0.2563558488
0.4276051878
-0.2041867812
0.0556390712
0.3122956752
-1.3946695836
-1.7872261690
0.2858226328
-0.8906375554
0.2068625741
0.6294416256
-1.1599035148
-0.1691372165
-0.6092556744
0.8023428809
-0.8768200384
0.4418984251
0.8978828830
0.3035169813
0.6884758358
0.9389761974
0.9393420303
-0.7283945161
0.3163425172
-0.7227647172
-0.2617763782
-0.3360065417
-1.0602056476
-0.1301288537
1.0540833135
-0.3258602068
-0.3466402042
0.1621611322
0.0753033831
0.1534803657
-2.3143514346
-2.3553686818
-1.0753110166
0.2467977566
-0.6740238659
0.7688502881
0.2632120743
0.2903923780
-0.5692200708
-1.8520413206
1.2681657372
-1.2700725223
0.7134861105
0.4528117760
-1.0060985521
0.7768889298
1.8368386228
-0.6543173476
0.6463477894
0.2976124664
1.7512036961
-0.3882764228
-1.0002395362
-1.2122050799
0.2086721426
-0.9809147356
1.6364162995
-0.1048268558
-1.1384640908
-1.0147040924
0.7038428210
-0.4901572295
-0.1081971949
0.5051051855
0.2865511901
-0.3235344255
-0.3213159335
0.5676868360
1.5041364351
-2.0797452272
0.2210663012
0.7362723948
1.3063887982
-0.0089896463
1.0840994109
0.6566469366
1.0651912847
0.1590162133
1.0049986225
2.1604031370
0.0016047432
-0.2897398835
0.0369073151
0.7402345630
0.4201700248
-0.4604932353
-2.8021950134
-0.7622122051
-0.2820447199
-0.9808730882
0.9066821831
0.1469827040
-0.0533774090
-0.2914307898
1.1270304494
0.1907024513
-0.2058763821
-1.0455520566
1.2415560952
0.6411552013
-1.7533296593
-0.4041159639
-0.5400963469
1.4217840507
-0.1921977185
0.3159582911
-0.9220144143
-2.3440477181
-0.0694525261
1.2624977560
1.6941747746
1.1937526583
-0.7045676290
-0.0553872232
-0.3691722639
0.0531679922
1.5353094192
1.5807774080
0.8858453741
1.1551934751
0.6192466486
1.8781142931
-0.5024640057
-0.8500872639
-0.1715666189
0.7495447994
-0.6553577258
-1.5146829730
-0.6976307216
-2.3345262321
1.2422047044
-2.0386590872
1.0075734088
1.1143835041
-0.3984376662
-0.9692039682
-1.5034985143
-2.1855382163
-1.3485488449
-1.7630832672
0.7319533468
-0.8369871089
0.5327330079
-1.1903977873
0.4938147999
-2.5487311556
1.0336651920
0.1997084916
-0.6840391931
0.1774762781
-0.4090177471
0.5304467981
-0.1116678156
-0.4372420863
0.2470175799
-1.3686564075
0.9955713761
0.5026265932
0.5197256405
-0.0033515280
0.4672864678
-1.5205506042
0.3152000261
-0.9043881920
-0.0763803280
-1.2563548836
0.1193415139
0.3511240423
-1.1098687046
-0.3406616918
-0.3344613616
-0.0877606270
-0.0035998910
-0.6869170910
-0.0904740553
-0.7031845939
0.8757087206
-0.9804782247
0.8431705916
-0.4628428501
0.0420719794
-0.7958081602
0.2428001139
0.3437999048
-0.2853821542
-0.5565705246
-1.8354533067
-2.3274043143
1.8531695743
0.8923528068
1.9810128698
0.5434410642
-0.6083326595
0.5249941948
-0.8888744364
0.0240144844
0.4847812533
-1.9032992815
2.6266546126
-0.6388435347
2.0214738482
1.4308806507
-0.3478922541
-1.3109779434
0.7845592339
-0.1639609669
1.9295548556
-0.4068923053
0.2964622060
0.0026824422
1.1771292033
-0.6132409920
0.3467300767
0.3919259901
-0.3023782319
0.8437133498
0.6492708451
2.1664108475
-0.9329560057
0.1428027483
-0.8031937629
-0.0251001883
1.6898284820
0.4094577544
-0.7017861060
-1.0996476625
-0.7160179592
-1.1625005420
-0.2230013509
0.7761722515
0.5367167044
-0.3181289577
-0.2468049881
0.2690379965
-1.5135279240
-0.4716925345
-0.4209875123
-0.6327325190
-0.1478371701
-0.5211619559
0.7911034272
0.8966139442
-0.7010326242
-0.2800171912
1.2437463604
1.2452615163
0.2368990827
-0.9181219917
-1.1483479664
-0.7514084114
0.2241322717
1.3639830494
-0.4301454042
0.0429381807
0.6759807491
-0.3062460301
-0.6675644042
0.1823917006
0.9590607412
1.5866836922
-2.0594921550
0.7313903245
0.6493199578
0.0308813108
0.7487383375
-1.3832207252
0.0694271495
-0.0622838558
-0.7548759338
-0.7880878913
-0.0536439471
1.3654811292
-0.1729611950
-0.9007638472
-0.7250169466
0.5728214679
-1.2827200638
0.4653557151
0.6129612459
-0.0595198816
-0.2497173783
0.9776698315
1.6608698576
1.7407534347
-0.3280724775
0.5030615374
-0.5904083948
-0.8060223888
-0.1674767313
-0.8328700303
0.3223289192
0.0050136711
-0.5462116238
0.0956285005
-0.4436657202
-1.8861923943
-1.1680734681
-0.2902673681
0.9493092567
-0.2683522726
2.6133304238
-0.0646240202
0.0999573743
-0.4129887264
0.2493632368
0.3400171317
0.2793550967
0.4376743015
-1.7963190937
-1.3420438998
-0.0303308029
-1.4764490482
0.8857172682
0.1651783806
0.4440113470
-1.1528144311
-0.4616013094
-2.0697157078
0.4535714816
0.1060848988
1.3391062394
-0.6901714740
-0.1665636842
-0.1505836642
-0.3884819012
0.3108715595
0.4974174556
0.0092607578
0.0894526891
0.2509880230
0.3098258544
-0.0828355359
-0.4082294832
1.2225663899
-2.4569320406
0.0952118346
-0.3176394011
-0.4444231361
0.0954154609
-1.1431376486
0.6228530404
-0.8979341196
-0.4183766726
0.4864322454
-2.3909860363
1.0366335285
-1.1066705580
-0.7957490555
1.2992897110
-1.2054315969
-3.0496436714
1.5042600448
-0.4444734031
0.3319337770
-0.8585973926
1.9551651143
-0.5747648573
-1.2960015221
-0.2148362438
1.4459520437
-0.9461787367
0.4256886154
1.2828117823
-0.6319707980
2.1499158929
-1.1773430551
0.2145413687
-0.1693740543
-0.0291573863
-0.3480562411
1.9052713769
0.3007832232
-0.6792548714
0.9997020911
0.2864059001
2.5198469739
-0.6819316039
-0.4381249758
0.2441738144
1.4941910025
0.1866935332
0.1006369944
-0.1930364088
1.3209659140
-0.6630478668
0.0418037727
0.1325745181
-0.2039665857
-1.4204235666
0.1498793581
0.5036582142
0.4557246407
-1.2835607518
-1.4522265549
0.3295292906
-0.0738943673
-2.1405011125
-0.5021504455
1.2117514531
1.9766187028
-1.3123973781
-0.9475334670
1.6106231097
-0.7416423755
-1.0596193897
0.6576705969
0.5513870857
0.0298392574
0.8800177520
0.0473535071
-1.0528497367
0.9561712514
1.0003895791
-0.0373313480
0.3627102861
0.6552831818
-0.0342046792
-0.5125759706
0.3928725762
-2.3777579575
-0.7196883004
-0.0780602489
0.2560891917
0.2901055695
1.2773577524
1.1312715956
-0.7759201004
0.5983928678
-0.5644521054
-0.6805879060
0.7189626093
0.3116140579
-0.0530734836
-1.0333282987
0.4121084924
-0.1514835043
-2.7176465658
-1.0300736814
0.3221446991
-1.3814342911
0.5689372013
0.1492404000
0.1538456988
-1.4301230777
-0.6071910095
-0.8265694830
0.4809211269
-1.4439944078
0.3552854409
-1.8012199921
-1.6847705883
-0.7183120508
-0.2918605017
1.8696453798
0.3009751156
-0.1698186644
-0.8823147034
-1.1288203526
-0.8411622634
-1.1970617653
-1.1342594616
-0.0754933922
-0.5406607650
0.4873836508
0.6560615763
0.7979458956
-0.3997497463
-0.5735121433
-2.3022754508
-0.3393080603
0.7685578013
0.7847378762
-0.2746789508
0.3454658562
1.2492568628
0.3723101132
-0.7153132380
0.3788223789
1.0621907182
0.2395233286
0.4417446874
0.4670991760
0.6847885706
1.6554730339
-0.8944770472
0.2182537938
0.8036147796
0.7900962889
-0.9348392491
-1.0562745528
1.8170704074
-1.1826314605
-0.1240443814
0.0349136024
-0.0365242764
-0.1434517369
0.2393317410
1.2823521152
-2.6535295027
0.0641483691
0.3730959024
1.5363653536
-1.4714268266
-0.1388964302
0.3139297453
-1.7263101445
-0.8549086538
-0.1596022976
-1.8531943084
2.1365961933
-0.5193787721
0.7682549397
-0.5847137591
1.4657059481
0.0307511881
-1.8410340034
0.2762944442
-2.1046373499
-0.4060817400
-2.4035087290
-1.0884220494
-0.4982427955
0.0986923604
0.2430433728
0.5116340045
-0.2537353474
0.1092509035
1.2636087278
0.1747270157
2.6536830848
0.1577821782
0.0225580479
0.8094184400
-0.0959579262
-0.4256065091
-0.2889840635
1.8328128401
0.9828180098
-0.4455067643
-0.0085585868
-0.2474371962
0.3838974794
-0.7173996602
-0.3631388835
1.0000937813
-0.8427127745
-1.0452588420
0.9695822961
-0.5186575736
-1.3635917913
-0.3874128656
0.6534973605
0.8820047600
0.9058582747
-0.0463005497
-0.2030015365
0.6207054478
-1.3177490680
1.4496918254
0.5800449448
0.2285734197
-1.3511868712
-1.0142778574
2.2525123204
0.0382841682
1.0872639450
0.6973230748
1.0557391265
0.2294070040
0.4121773425
-2.0866957955
-0.1119786324
0.7968931395
0.9950639892
1.7066504558
1.4648371876
1.2820465967
1.9464772866
-1.6417335732
1.4033714565
2.3255101033
1.9853989428
-0.8041421090
-0.4907950927
1.2276708601
0.2133942809
-0.3807379996
0.8087751905
0.3324720565
1.7197937189
-1.3673341040
1.0948961939
-0.2035348959
-0.1443854748
-0.1568688148
-2.5203180656
0.4765625102
-0.8004236557
1.5873601612
1.0511560120
-0.5444324524
1.1049031303
0.7217988961
2.5223263008
-0.1826683525
-0.3116837061
-0.4491333191
2.0339848818
-1.4619257009
0.9135756487
0.4838684683
-0.6585743980
-2.2265989570
-0.2655263328
-0.5895120746
-0.9257108241
