17 5 0.16
5 0 0 0 1 0 2 0 3 1 3
9 0 0 0 1 0 3 1 1 1 2 1 3 2 1 2 2 3 1
16 0 1 0 2 1 0 1 1 1 2 2 1 2 2 2 3 2 4 2 5 3 1 3 3 3 5 4 3 4 5 5 3
15 0 0 0 1 1 1 2 0 2 1 3 0 3 1 3 2 4 0 4 1 4 3 5 1 5 2 5 3 6 2
12 0 1 1 1 2 0 2 1 3 1 3 3 4 1 4 2 4 3 5 2 5 3 6 2
1 2
3 11
0 6
10 6
3 5
0 0 0 0 0 0 0 1 1 0 0 0 0 0 0 0 0
0 0 1 1 1 1 1 1 1 0 0 0 0 0 0 0 0
0 0 0 0 0 1 0 1 1 1 1 1 0 0 0 0 0
0 0 0 0 0 0 1 1 0 1 0 2 1 0 1 0 0
0 0 0 0 0 0 1 0 0 1 0 1 1 1 1 0 0
0 0 0 0 0 1 1 0 0 1 0 0 1 1 0 0 0
0 0 0 0 0 0 1 0 1 0 0 0 1 0 0 0 0
0 0 0 0 0 0 1 1 1 0 0 0 0 0 0 0 0
0 0 0 0 0 0 0 1 1 0 0 0 0 0 0 0 0
0 0 0 0 0 0 0 1 0 0 0 0 0 0 0 0 0
0 0 0 0 0 0 1 1 0 0 0 0 0 0 0 0 0
0 0 0 0 0 0 0 1 0 0 0 0 0 0 0 0 0
0 0 0 0 0 0 1 1 0 0 0 0 0 0 0 0 0
0 0 0 0 0 0 1 1 1 0 0 0 0 0 0 0 0
0 0 0 0 0 0 1 1 0 1 0 0 0 0 0 0 0
0 0 0 0 0 0 0 1 1 1 0 0 0 0 0 0 0
0 0 0 0 0 0 0 0 1 0 0 0 0 0 0 0 0
0.4913389370
2.5757654297
-1.6138373064
-0.1948201886
-1.9624195284
1.1979015978
0.3005958820
-0.4281009240
2.2965043649
-0.0238048652
-0.6124662645
0.9007984239
0.1377690221
0.4703415545
-0.5865652863
1.3056263526
-0.1668594059
2.5030768638
-1.5504904987
-0.4437517627
0.7933319328
-1.0422544697
1.5837108463
-0.0312044583
-0.1044761296
-0.0500367592
-0.5772174008
-0.3131970666
-0.0403289416
0.0494606338
0.5275422181
-0.8512138784
1.1002900505
-1.5645124683
0.8124323243
1.0319311332
-0.5199704308
0.6826083455
-0.5143119215
1.3224446704
-0.2186118990
-0.5574984130
-0.6981576000
0.9351929636
-1.5887615027
-1.0066691826
-0.6032226562
1.0323945168
-2.1022905582
1.9331378689
0.4424782513
-2.2265959799
0.6528976366
1.4566250196
-1.2747695874
0.1231845451
1.1095289405
-0.3744294835
0.6308521781
0.2751004466
-1.3963051109
-0.7236292648
1.1325202185
-0.7629063315
1.5553697791
0.0567152908
0.0296632746
0.6308031824
0.1903569553
0.3100920531
0.5232614527
-0.4838848177
-0.8803377898
0.5803126689
0.6337391577
-0.4345794621
0.9441025111
0.6721835525
-0.6044979771
-1.5473634695
0.7063597692
3.4150781767
-0.7363743660
-1.6018061542
0.4984581399
0.3643753277
-1.7140444867
0.4130612488
-0.8292669005
0.7717658666
0.1608954981
0.6133304388
0.9910307802
1.6718407742
1.4471944110
-0.5312696186
-0.9979631167
-0.0159860756
0.7759526617
0.9133032831
0.5146638601
0.9668002978
0.3855760292
0.3334444989
0.1490274589
0.0552605311
-1.5667835493
-0.7400383622
0.8424687410
0.1758621755
0.4893917736
0.8439997473
0.1435579360
-0.6168381958
-0.6386456552
0.3486800566
-0.3130501230
-0.0111780525
-2.0558452382
-0.9531923582
-0.2049043518
0.3399710917
0.1301178265
0.8804212665
-1.1474399488
0.2653238805
0.7640480331
-1.4335330548
1.4706992643
0.0048790044
1.0433557893
1.0075088158
1.1330039603
-0.2983009935
0.1400127325
0.8816132785
-0.5671610478
1.2023921679
0.1408069396
-0.1871712208
0.5892454708
0.6800245288
1.9636024325
-1.0456858312
-0.0859946114
-0.1930395015
0.5050753506
-0.1959556702
-1.2428782150
-0.0646472441
1.1912520804
-1.3212446414
-0.3107717347
0.3098660326
-0.1861253457
-1.2457644427
-0.0393021122
0.5368426176
2.0700070965
0.0287448864
-0.1315880419
1.1525667708
-0.3252268619
0.8689481674
-0.0620876316
-0.9728185961
1.3672925702
-1.0561421504
1.1369321996
0.1373245840
-1.1706360374
0.8973981030
-0.0608514238
0.0051902294
-0.6510836931
-0.5976846741
-0.2305132514
0.5024441866
-1.8770126011
-1.1216930125
-0.0472286545
-2.2887490274
1.8526307994
-1.5392571690
1.3083117121
-1.0111382835
0.0992393416
-1.7348815061
0.5515107457
0.3516743941
-0.2777598601
-0.0572698962
1.5327112375
-0.4779185289
0.1126901992
0.8329919792
1.0225690440
-0.6132304468
0.2156660425
1.3423196265
-0.5170193523
0.2667357628
-0.6847208015
-0.4032289114
-1.8094517656
1.6384162963
0.5945215707
0.0099742529
-0.1404660771
0.1371618155
0.0787399347
-0.5821109736
0.2192515428
-0.7614530857
0.6304492210
-0.6632013597
0.4515316718
0.8907905143
-1.0535330522
-1.1314256491
0.1469372091
1.0637964512
0.6896509505
1.0780985244
0.5244441021
0.2219073556
-0.7975832721
0.4262466868
0.4038146730
1.2637171817
0.6890062744
-0.3058364102
1.5188813251
0.9131239510
0.2031100565
-1.5037907910
-0.0118580011
1.0277580545
0.2157792936
1.0374262674
2.3473752925
-1.7158591321
0.2506307997
0.2017086187
-0.1086481023
-0.7921452738
-0.1611467984
0.0429276836
0.7022785526
1.0408835597
1.6880336762
0.5467054427
-1.5625790532
-0.4767334266
0.9123354732
-1.0963720553
1.2043880766
-0.1068968180
-1.3116936896
-0.8967948627
-0.7413610237
-0.7322474540
0.2152826904
-0.6152112054
-2.2420924058
-0.9902898162
0.5110618634
2.3919654437
-0.8906411796
1.0952479238
1.3483297796
-0.1968273861
1.9444741224
0.6784099455
-1.1522569563
0.3837587993
-0.1328753082
0.2525564797
0.0357837455
1.0251849646
-0.7231213502
0.6390898862
0.0270328916
0.2156200376
0.9261456011
-1.3659848499
-0.5258840735
-0.4212090125
0.9144089506
-0.0672231731
1.4356392822
0.1717565950
-0.9655144183
-1.9210473849
0.0369376232
0.1775391136
-0.9513020630
-0.4991257881
3.3526898924
0.3211045225
-0.1291892908
-1.6099971591
1.1632667908
0.7773350445
1.0140001821
0.7222812296
0.5002181299
-0.1058290412
-1.4711807028
-1.0340818811
-0.8274724100
-0.0737944836
-0.1975962596
-0.6961862251
1.3841035653
1.5959322197
0.4050895970
1.1859459259
0.3079706860
-0.9529708290
-0.9961438868
1.9678128114
-0.3341442651
-1.5527489283
-0.3247289854
0.6599678162
1.3112254762
-0.4445150657
2.3798571619
-1.2219635689
-2.0726231818
-0.4212706858
-0.2466867331
-0.7180654421
0.0316416459
-0.3548083598
-0.6181905786
-0.6262791024
-0.7496816774
0.2976994058
-0.5647499759
1.5849909657
0.9921688519
-1.3053155492
-0.3800969415
-0.6118401243
-0.1996011175
0.4061158396
1.5060915544
-1.2063678519
1.0217150998
-0.7467957856
-0.1832103249
-2.8038771728
0.4506306899
0.7663299308
-0.8060518116
-0.0053838864
-2.2335859681
-1.3992243461
-0.3147503928
-2.0783045782
-1.1070859241
-1.4922123110
0.0414974528
0.8342428072
0.1611003448
0.4167103638
-1.2830364379
1.0080464949
1.1351418190
-0.1606546438
0.6142099340
-0.2299181011
-0.5517794104
0.3306702105
1.2446662138
-0.1731830293
2.7223479065
-0.3129537544
-0.4434303233
0.2648577224
-1.2526075463
-1.4481249705
-0.8688246588
0.9324668122
-0.6358027581
2.3264023787
-0.6479059306
-0.6115672818
-0.0178038890
0.6007956838
1.1732539159
-0.0773721884
0.3383636749
0.4780777587
0.2423989762
1.6507789775
0.0951818713
1.0023658024
-0.6068926887
0.6469841729
-1.4563244135
1.6464330046
-0.8870851897
0.7344890975
1.4626727871
-1.3453675354
0.7532264179
1.8402057023
-0.4032636913
-2.6923601775
-0.3582619559
0.6560764193
-3.1483891528
-1.6365424538
-1.7069313530
0.3093162261
-1.7053069223
-0.4371324528
-0.7027863829
1.5298640399
-0.0072835649
-0.5163588141
-1.4002139310
-0.9439421621
-0.4395178925
0.0104987981
0.5092730821
1.2256009613
0.1536724152
-1.0805392998
-0.5076956327
0.4034551350
-0.5410694405
-0.5512361659
1.3508303048
1.2315526561
-1.1374743495
-0.1723568762
0.6016235188
-0.3064472091
0.6030103894
0.4829695420
1.9135496035
-0.7795725763
-1.2577760757
0.9389744807
-0.2599903499
-0.1870346012
2.0181870158
-1.0587241451
0.4680316211
-1.2439032900
-1.0151215519
2.1248953974
-0.3411940211
0.3384280949
-0.9435391855
0.2312959851
-1.0574739444
0.0103843853
-0.7344596112
1.6186658488
-0.1454882588
-0.7110327001
0.7102058051
-1.2494421360
0.0722152596
-0.1817534119
0.1926824223
0.3048963328
0.6531530653
0.8631807866
0.7272723819
-1.5579415408
-1.0018302801
0.5016363419
-0.3391809479
0.0541430725
-0.5531587851
-1.0706892960
0.6991086523
-0.6930640520
-0.7852987261
-1.1961542978
0.2256049762
0.8548824406
0.7869177481
-0.3985636650
-0.6819978767
1.1886490125
-0.5256152521
-0.1736079515
-0.9961774739
-0.7561264174
0.1741231494
-1.0431252952
-1.5972357015
-0.5889775287
-0.9456340616
0.8728256276
0.3325887648
-1.1430117452
-0.7588740830
0.9650710601
-0.8135215495
-0.8255299323
-0.5408964277
-0.5668417883
-0.3603794740
0.5025790054
1.6556500003
0.9876511753
-1.8967136160
1.0218846241
-0.5630985243
0.5598267040
-0.0534585847
1.0529455978
-0.9766651897
1.1587786105
0.9721076950
-1.4425280045
-0.0211866403
0.4303238338
-1.9396555380
-1.5816408489
0.6468028594
0.9233539039
1.6617308984
-1.0988689404
-1.1372848611
-1.1312989054
-0.2559981104
2.5882237687
0.3330176775
0.9729876700
0.0537999213
0.3706516246
0.1025717020
-0.7002665802
-0.7984967720
-0.0931423917
1.7895990514
1.7268967257
0.6112530256
-0.4050631838
0.0147726525
0.0874296261
-0.4202754717
0.3787936347
-0.1858208031
0.3081242248
-1.4898113233
0.6747879850
1.8377449759
-1.5475835736
-0.7491077457
1.9686414763
1.3836271172
-1.1117958879
-0.5011206821
0.7479517058
-0.8665830708
-0.0743642629
0.9294684294
-1.0561711582
-0.4072032601
-1.4112236933
1.8892744406
1.3640254843
-0.0682254605
-2.1111139697
-0.4821047465
1.1307351095
0.9572419889
0.5833399249
