14 5 0.11
17 0 0 0 1 1 1 1 2 1 3 2 2 2 3 2 4 2 5 3 1 3 2 4 1 4 2 4 3 4 4 4 5 5 4
10 0 0 0 1 0 2 1 0 1 1 1 2 1 3 2 0 2 1 2 2
20 0 2 1 2 2 2 3 0 3 2 4 0 4 1 4 2 4 3 4 4 5 1 5 2 5 3 5 4 6 3 6 4 7 3 7 4 8 4 8 5
10 0 1 1 0 1 1 1 2 1 3 1 4 2 0 2 1 3 1 3 2
20 0 3 1 3 1 4 2 1 2 2 2 3 3 1 3 2 3 3 4 0 4 1 4 2 4 3 4 4 5 1 5 2 5 3 6 2 6 3 7 2
3 0
9 7
5 2
9 8
0 6
0 0 0 0 0 0 0 0 0 1 0 0 0 0
0 0 0 0 0 0 0 0 0 1 1 0 0 0
0 0 0 0 0 0 0 1 1 1 0 0 0 0
1 1 0 0 0 0 0 1 1 1 0 0 0 0
0 1 1 1 0 0 1 1 1 1 1 0 0 0
0 0 1 1 2 1 0 1 1 1 0 0 0 0
0 1 1 0 1 0 0 0 1 1 0 0 0 0
0 1 1 1 2 1 0 0 1 0 0 0 0 0
0 0 1 0 2 0 0 0 0 0 0 0 0 0
0 0 1 1 1 1 1 1 1 2 0 0 0 0
0 0 0 1 1 1 1 1 2 2 2 1 1 0
0 0 0 0 0 1 1 1 2 2 0 0 0 0
0 0 0 0 0 1 1 0 0 1 1 0 0 0
0 0 0 0 0 0 1 1 0 0 0 0 0 0
-0.6617808819
-0.5902198703
1.0377932882
0.9164015988
2.1083649607
-0.0682320461
1.5143644478
0.4460853566
1.0451608887
-0.2303643657
1.2312686746
1.1514898754
0.8917620523
-2.3234660784
-0.2512853866
0.6632170815
-0.0247840691
0.3406699515
-1.3200859054
-0.7648442477
-0.6848276013
-0.2617726710
0.4290384979
1.5744627410
0.1877133490
0.7395691191
0.2687953944
1.7878437541
-0.7817699308
-0.4377220091
-1.3306379574
0.8539420284
0.8678249440
0.5316793279
-0.1950326131
0.3498999143
0.6089325045
-0.7928981050
-0.4001549956
-0.3349441213
0.5882645168
0.1142312844
-1.2568666449
-0.2497960607
0.4795410694
1.7002533080
1.0542287596
1.4402757588
-0.6191914241
-0.3467859330
0.5739392341
-1.3879814113
-0.0890698495
0.8874117011
0.2715893971
-1.0138611267
-0.4866784453
0.6891083327
-2.0506124345
-0.8219575439
0.0458102083
0.7944697480
-0.5909490589
0.5927381227
-0.4792361302
0.6639231818
0.6035250152
-0.0599852199
0.7750785495
1.3783691830
-1.2828604516
-0.4128602864
-1.4675048673
1.1522572007
-0.4055135416
-1.1222206941
-0.4875972119
0.6243491819
0.7025968356
-0.9938728161
-0.6734188852
-1.3597969361
-0.8183113447
1.3998792373
0.4759086844
-0.2782771865
-0.0875023859
-0.7882128991
-1.3186637728
-1.1282577720
-0.2391018178
0.3046989231
0.4760570584
1.5920354685
-1.1816751493
2.1783624088
-0.6720713391
-0.2728774452
-0.3698069815
-0.5344179820
-0.1871898863
-2.2130169290
1.3030674130
0.0977407464
-0.2657946070
0.6447422540
-1.5397329692
-0.8034662999
0.1181149675
-1.4510015132
0.3991357543
1.6321900796
0.6982347029
0.5472547619
-1.6054895988
-2.2359611748
-0.7798213253
1.8917335353
-0.0729761819
0.0324259709
-0.7033632062
0.1451336140
-1.4229586508
0.1103957115
0.4592171065
-1.4446507914
-0.8462311456
0.2432270829
-1.1277621045
0.9307745171
0.2433512872
-1.7629978332
-0.8894732483
0.1056750802
-0.7600548018
1.0010693002
1.0132649397
-0.0296386364
-0.1023683306
0.1713130528
-1.3170557697
0.1368106199
-1.8522109030
-1.4656795060
0.7553301246
-1.0583117127
0.9806905205
-0.0761912273
0.4023641427
0.6068928789
1.3158595443
-0.2879037540
0.2711082503
-1.1679353798
-1.9502640085
1.4574103310
0.6784133423
-0.2509172431
-1.6976985792
0.5971274505
-0.0673471676
-0.1484371998
-0.2919535895
-0.4445311142
-0.7486203836
-0.3067396019
1.9586289899
-0.3763528050
0.2611688991
-3.8110715057
-1.6929081647
-1.2598515988
-1.0080083344
-0.4019785592
-0.4056092398
0.1761957654
-0.7843241332
0.1403679060
-0.9193305118
1.5596896611
-0.1789606733
-1.0830479365
0.6640820179
0.5224256425
-0.9399932255
0.2358180376
0.6143937750
-0.1320396071
-1.8747493460
0.9541612548
0.3076718371
1.6460449557
0.3032010733
-0.3068979241
-0.2297100577
0.8007648646
-0.2278478703
-0.3898850609
0.4610190573
0.5868100486
1.1494816913
1.1340953748
-1.6444740655
-0.2395031519
-1.3772103311
-0.1537249006
0.5323368800
-1.1954179476
0.2615201510
1.3267651991
0.3400616624
0.8617121059
-0.1614747680
0.1986847181
0.1958733718
0.5798574260
1.0222057702
-0.8125446864
-0.3309921207
1.0192545620
-1.7766210231
-0.8978007828
0.4472611210
0.9729102021
1.5684117400
-1.3405871614
0.0210064997
-0.2490049556
-0.4701109978
-0.4714700460
0.4434895269
1.7031089899
-0.8311599009
0.9917246905
-1.3571666934
-0.1451093754
-2.7310943422
-0.5750385467
0.6412518354
1.7658383881
0.1681327621
0.6280311706
1.5309864912
0.1430479718
0.5931819531
0.1096859063
-1.7430999186
1.7190361590
-0.4948013548
-0.7282310888
-0.9629937534
0.5592925103
-1.5834756493
0.5451670393
-1.3357232475
-1.1631126704
0.5495574997
0.6874719515
-0.6657852331
-0.3318139461
-0.0766801720
-0.0436098291
0.3026207941
0.8890580669
-0.5620680841
0.6076889577
0.8060259872
-0.0623578168
-0.6228726773
1.8599472053
-1.0044238408
1.6595657882
-0.4628270135
0.0963558963
0.9130236120
0.1960109254
-1.9242364022
-1.3252315162
1.6344664663
1.2077548352
0.1011144749
-0.7817929562
0.1620976939
-0.3869010184
1.4077625587
-2.2065904039
0.9028534760
0.2025370082
1.3042463649
-0.4491613994
-0.5960910337
1.8399202147
0.3362796860
1.0499726394
2.2956413354
0.1499242132
-0.9919191734
0.5283753391
0.9654904286
-0.5810250662
-1.0200530008
0.3543355433
-0.3325192776
-0.6706122416
1.0260006294
-0.7494501482
-1.3498377986
-1.4809340913
0.5824883398
-0.7985877329
3.2653881127
1.3254261445
-0.3080471046
-1.0602337024
-0.7260151507
0.9607621819
-0.1551749927
0.2035656859
-0.7191556593
0.7060203859
-0.5469980873
1.7145359090
-0.8447335504
0.3996709445
-0.6799535808
-0.9012912754
-0.6583182194
-3.6268046997
0.3935909394
0.0112462145
0.9747131722
0.0393078900
2.2614585176
-0.7185323523
-0.3400211401
0.7915640702
0.0373713972
-0.3709504819
-0.2261556075
1.5279145727
0.5905721581
1.8859439867
-0.2605860498
0.6064004552
-0.2164984724
-0.8980788501
-1.3345617443
-0.1461583222
0.0226284513
-2.2522710802
-0.1193152932
0.8689189615
1.3670906265
-0.1130532280
-1.3084000470
0.9461081504
1.1969285063
1.9246579003
1.3337533316
0.2114952818
-0.8195268373
-0.2151729445
0.2105746979
0.9545174524
-0.0625675768
1.0523982669
-0.3246729434
0.5072778450
0.2861793412
-1.4689065926
-0.2072986422
-1.2007732811
0.9428272894
0.2634867306
-0.1700524706
1.7078995104
-1.6512666470
1.5925612058
0.5592981755
-0.0791922457
0.0519197329
-0.5963078556
0.3056223246
0.9287610462
-1.2806825371
-0.5477583654
0.6197210459
0.2168818999
0.3744368024
0.1313778401
-1.0403247052
0.6114747910
