12 4 0.15
8 0 2 1 2 2 0 2 1 2 2 2 3 3 2 3 3
10 0 1 1 0 1 1 1 2 2 1 2 2 2 3 2 4 2 5 3 3
10 0 0 0 1 1 0 1 1 1 2 2 1 2 2 2 3 2 4 3 3
9 0 2 1 0 1 1 1 2 1 3 1 4 2 1 2 2 2 3
2 8
2 4
6 2
5 2
0 0 0 0 0 0 0 0 0 0 0 0
0 0 0 0 0 0 0 0 0 0 0 0
0 0 0 0 0 1 0 0 0 0 1 0
0 0 0 0 1 1 1 0 0 0 1 0
0 0 0 0 0 1 1 1 2 2 1 1
0 0 0 0 1 0 0 1 0 0 1 1
0 0 2 2 1 1 1 0 0 0 0 0
0 0 1 2 2 1 0 0 0 0 0 0
0 0 0 1 1 1 1 0 0 0 0 0
0 0 0 0 0 1 0 0 0 0 0 0
0 0 0 0 0 0 0 0 0 0 0 0
0 0 0 0 0 0 0 0 0 0 0 0
1.3229442112
-1.0728632790
-0.4280195680
-0.5535363429
0.4132275966
0.7959462172
-0.1690768554
1.2798955345
0.1858078623
1.8361087678
-2.3698443210
0.6468335193
0.3908923892
-0.2254463172
-0.7924690838
0.5545294070
0.8925673028
0.7273199801
0.2243111570
-2.0335051867
1.3147016281
-2.5856106446
1.2468527820
-1.6562887785
1.0394132283
-0.5236802146
1.1068467938
0.6011428061
-1.2508136202
0.5579616273
-1.1705802378
0.2709156872
-0.1187584440
0.2348801705
-0.8624255302
-0.9036820449
-0.6092795727
0.6179324415
-1.2906160235
-1.1740168566
1.1487049509
-0.7102325325
2.9304386460
0.5323442609
0.5915289066
0.3147320902
-0.3759163304
0.6797623501
-0.0945599129
-0.4796087121
-0.9981105968
-1.2588101836
0.6434503029
-0.3969911536
0.9644190344
0.1814603309
-1.0700950841
-1.3194271365
-0.5569997360
0.4023070334
1.6736228233
1.6798808232
-0.3058924923
-1.8347918361
1.3366436588
-2.0712644557
1.2615889217
-0.5351381607
1.6932863541
-0.7637266787
0.6007727966
-1.3708066161
0.3258158415
-1.3827591961
-0.2179668537
-0.4787942119
0.0414743782
0.6089613737
-0.1296331601
-0.8978828435
-0.5373790756
-0.4821271452
-1.4847962102
-0.4941046787
1.3575992586
0.1246180930
0.3483592857
0.1992326132
1.1588332590
2.4058271511
-0.7959864854
0.5367117504
-1.2768111240
0.2075468026
-1.4060443147
0.3759231078
-1.2245770654
1.5601726006
-0.4357447672
-0.5923197642
-1.8305053437
-2.2775734629
-0.0037451377
0.5415763818
0.7370555656
-1.5816217477
0.5301182102
-2.0280064614
0.4315010921
-0.0972116918
1.0545236710
0.7484484900
-0.5913418530
-0.5276677152
1.3004927175
0.4896304692
0.7452114601
0.0374853233
0.2787577005
-0.7732401820
-0.2562108683
-0.7014846407
1.2418219842
0.0776282816
-0.1738917405
-1.0216530128
-0.4821435935
0.0783956945
-1.1573497361
-0.7192355680
-0.4828655088
0.3750412495
-0.3588873712
0.3055200054
-0.0400840016
-0.5308644047
-0.3102784387
-0.5094927195
-0.4444827383
0.8896672091
0.7682125296
-1.6466504798
-0.7885252420
0.3108054613
0.9840573753
0.5449093847
-0.7374557211
2.0162124605
1.0687946382
1.1091698853
0.2586527487
1.8174738307
-0.9766858568
2.5606064644
1.1927511813
-1.4247614157
0.9053181969
-0.0325540034
-0.6819836476
0.9863145888
1.1782330401
-1.6906359306
-2.0030385891
0.5672323445
0.7158105481
-0.6154893225
-1.0408887620
-1.6370818386
-0.3041735609
1.8410436177
0.4317473477
-1.0096498582
-0.7977513795
0.8062493915
-0.1369509122
-0.9615715404
-1.2669131038
0.0630196890
0.8256110448
-2.2790055868
0.2212968891
-0.3453440979
-0.8230556669
-0.1400283243
-1.0921540061
0.6846566471
-2.3400238137
0.0144284787
0.3039607839
-0.2097187937
-2.0141825416
-1.0373063146
0.6842588818
-0.6699318625
0.5446587235
-2.1578285421
-0.4812084283
-0.6940695144
0.6861617595
-0.7967202060
-0.1577482505
-1.1960835925
-0.3738223837
0.7642418568
1.2751771514
0.5896183346
-2.6029653770
-0.8909557481
0.7272666623
-1.6456243710
0.5312271458
-1.3254082946
0.7693664151
-1.2947684464
0.0939577944
-0.5884696530
0.6827231296
0.6701245334
-1.1667806511
-0.4102134609
0.1374736727
0.7307570716
0.8302538686
1.4051410190
-0.1186595507
0.6308227491
-1.0912995526
-1.4002228149
-0.4594321885
1.1634385581
-1.7862503606
-0.3217838255
0.5184340620
0.7770953699
1.7452870153
-0.1322396189
1.5385700659
2.2378922812
-0.3421377813
-0.1756121076
1.3838587803
-1.0873970756
1.8508144828
1.6963368579
-0.5030575623
0.0722921006
1.9235198914
0.4702451204
0.3856946593
-0.3940908719
-0.4461381089
-0.6143604185
0.2454489870
-0.8448717051
-0.4842395341
-2.1702629833
1.4462739924
0.8131099182
-1.9101500440
0.2437051711
-0.3352295558
-2.0977739087
-1.4886125901
-0.2051421510
-1.0359527483
-1.1514106172
0.3618513959
-1.0532218035
-0.9895399639
-0.2912534031
-1.0517163196
0.5118814262
0.4053050863
-0.9023865447
-0.6210404881
-0.7197334801
-0.7293500594
0.2234551251
2.7895387140
0.5977253234
0.1712954574
0.1145273489
1.7446383629
-0.4043377949
-2.8072344930
2.2119316875
-1.4081022683
-1.1849533990
