17 4 0.13
6 0 2 1 0 1 1 1 2 2 2 2 3
27 0 1 1 1 1 2 2 1 2 2 3 1 3 2 3 3 3 4 3 5 3 6 3 7 4 2 4 4 4 5 5 0 5 1 5 2 5 3 5 4 5 5 5 6 6 2 6 3 6 4 7 4 8 4
28 0 2 1 1 1 2 1 3 2 2 3 0 3 1 3 2 3 3 4 0 4 1 4 2 4 3 4 4 4 5 5 0 5 1 5 2 5 3 5 4 6 3 6 4 7 2 7 3 7 4 8 3 9 2 9 3
10 0 2 0 3 1 1 1 2 2 0 2 1 2 2 3 1 4 0 4 1
14 5
5 7
5 8
7 5
0 0 0 0 0 0 0 0 0 0 0 0 0 0 0 0 0
0 0 0 0 0 0 0 0 0 0 0 0 0 0 0 0 0
0 0 0 0 0 0 0 0 0 0 0 0 0 0 0 0 0
0 0 0 0 0 0 0 0 0 0 0 0 0 0 0 0 0
0 0 0 0 0 0 0 0 0 0 0 0 0 0 0 0 0
0 0 0 0 0 0 0 0 1 0 1 0 0 0 0 0 0
0 0 0 0 0 0 0 0 1 2 1 1 0 0 0 0 0
0 0 0 0 0 0 0 1 2 1 1 0 0 0 0 0 0
0 0 0 0 0 0 1 1 2 2 2 2 1 1 1 0 0
0 0 0 0 0 1 1 1 1 2 1 2 2 1 0 0 0
0 0 0 0 0 0 1 1 2 2 2 2 2 1 0 0 0
0 0 0 0 0 1 1 0 0 1 1 2 1 0 0 0 0
0 0 0 0 0 0 0 0 0 0 1 2 1 0 0 0 0
0 0 0 0 0 0 0 0 0 0 0 2 0 0 0 0 0
0 0 0 0 0 0 0 1 0 0 1 1 0 0 0 0 0
0 0 0 0 0 1 1 1 0 0 0 0 0 0 0 0 0
0 0 0 0 0 0 0 1 1 0 0 0 0 0 0 0 0
0.3529499777
1.0567663890
0.0758462901
1.5773439632
1.4007716189
1.0038710174
0.2036059696
-0.7895968631
0.9129785305
-2.0965124963
-0.2730822736
1.3618030589
-1.0357451291
-1.0041263635
-0.8285553603
-0.9125576176
-1.7439609035
-0.0542535145
0.9134485573
1.7224664201
0.8102843636
1.6507808974
0.6508508400
-0.6363180260
-1.1968938894
0.3364796528
-2.0455760089
0.6470479435
-0.2078665394
0.5294428755
0.5330879447
-1.0570478884
-0.6139479412
-0.1358724095
0.3790409429
1.2716506112
-1.2279732343
-0.2220141620
-0.0610916696
0.1925126104
0.7499500007
-1.1087927820
0.3558135504
-1.0305365864
-0.9583412964
0.2045934526
0.8279149027
-0.5761739123
1.1022357596
-1.2444379577
-0.3058080683
-0.5984441578
-0.0253599856
-1.1015496225
-1.3911944204
-0.1920408165
-1.3378826563
1.5861210841
0.0836293249
0.3226479362
-0.4658370595
-2.5578654929
1.3950760921
-0.0340210346
-1.7643986153
0.1061463052
1.1162963216
0.7496383322
-1.5200318539
-0.0053025031
1.1073498497
-0.2224905245
-0.4649330665
0.6803440151
-1.5635454228
-1.6580039851
0.3063933708
-1.1796945961
-1.1357135090
0.7917882829
1.8021067050
0.1515561891
0.4225934181
-0.2527217409
-1.0946737196
2.4767095572
0.3135382902
0.0799284187
0.4610895177
0.8607818282
-1.2566606083
1.4056948374
1.1015066319
2.6854652599
0.0782130401
-0.9186376023
0.8033169500
0.1016641618
0.9644454399
-0.3237425126
-1.3283958310
0.3190070273
-0.1922681809
-0.4365807678
-1.2639938688
0.5189715119
3.3682067469
-0.1067696271
-3.0848004942
-1.2312133152
0.4469910857
-1.2415431080
-1.2900412318
-0.3733398687
0.0849414033
-1.1853233910
-0.0412566649
1.9777670884
-0.5616848603
0.4900876496
0.8097095855
0.4700252727
0.8017509133
-0.1843423594
-1.3187447290
-1.2590428513
-1.9246079341
1.1507545608
0.1268486262
-0.9387817114
-0.1053359553
0.2128824242
-0.1614329375
1.8473509397
0.4012673657
-1.1073065619
2.1704569253
0.7221614834
-0.4914503012
-0.8164192855
-0.5993212703
1.2454650434
0.0894425789
0.3625434527
0.0069240895
-1.8827452545
0.0256153536
0.2356444470
1.6042235038
-0.3023746837
0.9295831712
-1.3106986722
1.3595166987
-0.7916826454
-1.2295047569
0.7363979215
-0.1460410596
1.0585244102
-0.0352026574
-0.8295521027
1.8488398741
0.4886168970
-0.7064108289
-1.0459830987
3.1762470355
-2.1191569424
-0.9125728035
-0.5095996886
1.9459611974
0.4146135866
2.0885163886
-0.2008461202
0.7884547933
0.8287203729
1.7170935296
-0.2341342167
-0.9666746948
1.1668326122
0.4107894852
-0.4014776002
-2.0579472135
-0.8273324130
-1.0451336450
-1.3665584404
-0.5505822125
-0.1609260575
-1.1152049364
-0.1660618534
-0.5480579724
0.5981805585
-0.8052603066
0.5493404485
0.6555649095
-1.8968310220
0.2729078591
-2.0074633973
1.1254337606
0.1527905631
-1.4582874903
-0.4270653827
2.3318408279
0.3497019215
-0.5040040378
-3.1445348252
-0.6158441893
1.7059550566
1.7810247583
-0.3995355006
0.3067246138
1.2861111002
1.5761791508
0.2695066126
-0.2173355989
-0.4547529599
0.9713690338
-0.0680969831
-0.9985168278
-2.0843729099
0.7641843586
-0.2450142395
-1.6514013947
-0.2661126422
-1.3007650865
1.4059164313
0.2458640616
0.1799931900
1.0770321267
0.5574934129
-0.1193405222
0.7727705977
0.1175303470
-1.4312125708
1.7678797386
1.8501230319
-1.9662262990
-0.9877527294
-1.2170262477
-1.8112939894
-1.3569606453
-0.0376292439
0.7334369749
0.5872529805
0.3551311924
-0.8033507735
-0.0553442674
-0.4576421924
0.4968841098
-0.4967638420
-2.3333356538
-1.2329607191
0.3748597479
3.0839605381
-0.1599387751
-0.3669494023
0.9136212018
0.6955894010
1.3366626794
1.7638382250
0.3231206925
0.6593495962
0.5911852687
0.8907756848
-0.9864746017
0.1307474657
-1.4709268247
1.6671841025
0.3164490716
-0.0755382273
-0.5925728511
-1.0446004160
-1.4363296349
-0.4566842964
0.4090727407
0.9634717893
0.3700325764
-1.2387901816
-1.1410342922
0.9132144930
0.7923079751
1.9042715745
-1.5547488458
-1.2134166880
-0.5581216640
-0.0557816393
-0.6769399927
0.2058086698
2.5892301025
-0.3097364038
-1.2045540322
-1.7442676449
1.3752024003
-0.2350661228
-0.3556291843
1.3211880776
0.8688628518
0.1315609828
0.7230357982
0.7361661760
0.1415506429
-0.2406946340
0.9232298534
0.9263016215
-0.0676420502
0.8391490552
0.0403250066
0.7136833410
-0.2549927346
0.4621847016
0.0739608483
0.1021755055
-0.7352574275
-0.5759867107
-0.5857682388
-0.7671436058
0.1731678575
-1.2804074186
2.3732656814
0.3772483566
-0.7021519600
-1.0915299866
-1.5562527680
0.1598813888
-3.3042879434
-0.3707417268
-0.6361350627
-0.0812567597
-0.0921394854
-0.3851196417
-0.2902428737
1.0088761863
-0.0178707270
0.9444324849
1.4990380027
1.0597191560
0.5120437360
1.0907106612
-0.6612494872
-0.6270473444
1.2804654585
0.8752289603
-0.5053875629
-0.4758413694
-0.5103968178
3.2051440493
0.1597512077
0.1050767550
0.4696837030
-0.9659458787
-1.5630129598
-0.1017761320
-0.0656204420
-0.6704338237
0.9447257333
-0.6008261526
0.1252353412
-0.3418283437
1.2878507709
-0.4909068336
0.5863519881
0.7891377173
-0.9058867111
0.8624648360
0.1167303636
-0.2717125503
-1.8972262330
-0.5481554994
0.1915050440
-1.1003701365
0.5017877722
0.4664790494
-0.2512704582
-0.3152871638
-0.1911220115
0.2867859621
0.8514890591
-0.2709084726
0.1866797787
0.2445159134
-0.7565425494
-1.5710346942
-0.2753752007
0.7061676356
-0.9863004919
-0.8318094531
1.0424865120
-1.5011437283
-0.7466433054
1.0171238701
0.4073112217
0.0634755259
-0.5783245391
0.6797289999
0.2993456195
-0.1705410807
-1.2399801655
-0.4858620060
1.7139654271
-0.8702695218
-0.5567820210
-1.4439155781
-1.2530774680
1.2519468448
-0.7267980481
0.3951433812
-3.1623628250
-0.1366082295
2.3172624725
1.1020964788
-1.2923438944
-0.7012375126
0.1156154833
-0.3527857956
1.6446961319
0.3813783274
0.4074945282
-0.7239141714
0.6287192621
1.0203883654
-0.7080947065
0.1960181944
0.5163018036
0.3515784481
-0.9985531189
0.2553070389
0.5903614536
0.8707630705
0.6263671791
-0.1611703116
-0.5866438648
0.8185884757
-0.4523500787
0.8879334173
0.5703889385
1.3752059902
0.3932190680
0.7315622061
-0.4218682806
0.3576828224
2.0155775817
0.4412688710
1.1860811260
0.1816585777
0.3636938243
-0.9179815196
0.9637101088
-0.1325641268
1.1936795153
-1.1370224925
-1.2301524473
0.6352602320
-0.5117895807
-1.7742653597
-0.5805409415
0.5111042226
0.5162566763
1.0756599372
0.3303119192
1.5600808865
0.3212610774
0.8846711326
-0.3326275216
0.6430007342
-0.5525843631
1.0848470883
0.9971657596
-0.1481259465
1.8088983791
-0.8035373903
0.3614875051
-0.3230075143
1.8148766670
-0.1244736912
-0.3574114546
-0.7245340324
-0.6722060297
-0.0293720058
-0.2779134006
0.8171700201
-0.3472180760
-0.8634888740
1.0574235010
-1.1428338398
-1.0055548025
0.3535024942
-0.1383273967
-0.0591698893
0.7134363866
-0.1533287418
0.4535660892
0.2608402315
-0.2436794893
-1.1462389959
-1.3919935859
-0.7434990230
-0.2051941734
-0.0262876124
0.1538545681
1.9331074583
-1.3721169469
0.3528952172
-0.0895303059
0.4638100859
0.1646697088
-0.0877283768
-1.3635239471
-0.3821660146
-0.6813453225
0.1696905409
1.0876677202
-0.2297256098
-2.2575882973
-0.1644635289
1.5486149743
-0.3894155024
1.5941820940
-0.4245569866
0.2943923202
-0.3590660155
-0.5128537765
0.4159099118
-0.5975624118
-0.9057788687
1.8188013715
-0.7671044326
1.1734571860
-1.2118930382
1.1940658591
1.4296917197
-0.0596389710
0.2956721560
0.9188823751
-1.1860888785
0.0172359243
0.3390562678
-0.4738190297
0.2080592774
-0.7920191385
-1.6785917439
-0.2851719322
-0.4088591549
1.5238860973
1.7639501030
1.2854348703
-0.0782518953
0.8699618828
-0.1931145861
-0.8869191755
0.4358918364
0.3708648641
0.7629345239
-0.0240173228
0.0749517374
0.2528905411
-1.0030117899
-0.7247701168
-2.0762392306
-0.0519988877
1.3995805491
1.8048373030
1.8104414228
-2.2016172098
-1.4971838897
-0.7364535371
-0.2974964230
-0.6845991939
0.6303368538
0.1877731707
1.0011920683
0.0185062425
-0.2548561388
0.5878217839
0.4371957122
0.4683833924
1.4172435477
-0.5180127730
-0.0352875299
0.5784960353
-0.3458051220
