13 7 0.03
6 0 1 1 0 1 1 1 2 2 0 2 1
8 0 2 1 1 1 2 2 0 2 1 2 2 2 3 3 1
8 0 0 0 1 1 0 1 1 2 0 2 1 2 2 3 0
8 0 0 0 1 0 2 0 3 1 0 1 1 1 2 1 3
6 0 0 0 1 1 0 1 1 1 2 2 1
5 0 0 0 2 1 0 1 1 1 2
5 0 3 1 0 1 1 1 2 1 3
5 6
6 2
9 9
10 6
3 2
0 1
0 1
0 1 0 1 1 0 0 0 0 0 0 0 0
0 2 2 2 1 0 0 0 0 0 0 0 0
0 0 0 0 0 0 0 0 0 0 0 0 0
0 0 1 1 0 0 0 0 0 0 0 0 0
0 0 1 1 1 0 0 0 0 0 0 0 0
0 0 0 1 0 0 0 1 0 0 0 0 0
0 0 0 0 1 0 1 1 1 0 0 0 0
0 0 0 1 1 0 1 1 0 0 0 0 0
0 0 1 1 1 1 0 0 0 0 0 0 0
0 0 0 1 0 0 0 0 0 1 1 0 0
0 0 0 0 0 0 1 1 1 2 1 0 0
0 0 0 0 0 0 1 1 1 2 1 1 0
0 0 0 0 0 0 0 0 0 1 0 0 0
0.8045586472
-0.3498601063
-0.2603029852
-1.0905104261
0.1649163833
-0.2708499102
0.5126508086
0.2037996030
-1.0847192756
-1.9323617505
1.4723867482
1.1274732881
0.7406322832
-0.4597036638
-0.0602847670
-0.9410341612
1.2455366108
-0.5912637477
-0.5852349699
0.2073849882
-0.9104187377
-0.9013259591
0.3877692888
-0.8730542116
1.6841428592
0.2381834117
-0.2833316310
-1.0318662302
-0.0325390496
-0.7260617521
-0.7817515259
0.9513190279
0.7332226156
-1.0743812740
-1.0039624803
-0.9475975666
0.5826561077
-1.0210514646
-0.1238437074
-1.1564676633
-0.3470502477
-0.9614387606
-0.8695772957
-0.6254502673
0.1858391449
0.5364302753
0.7193806424
0.4699995205
0.4749416909
-0.2610814762
0.5301672595
1.0143066071
-0.1027667039
-1.9534615783
-0.4734112381
0.3921459216
-0.2442962554
-0.9687441509
-0.9845936120
-0.8637444915
-0.2200465188
2.6160618383
1.5278551037
0.4796334099
-0.7882090678
0.0483660786
-0.2672347308
-0.0157338854
0.2828749995
2.1736069454
1.7357650829
-0.4016189546
-0.8192616671
-0.9826332593
-0.5775633933
-0.6181917868
1.4158908987
-0.7612202840
-2.2146026661
-0.1721899652
-0.5667493107
0.7442028543
0.6860507962
0.1044676967
-1.9225914414
-0.9061473369
-0.9852437940
-0.3123529111
0.8136377555
-0.7010977067
1.7700183528
0.1025107536
1.0367205872
0.5434898644
-0.6423635165
1.0673274569
0.8776899767
0.1814712339
0.5343220347
2.4539218982
0.2033328112
0.0017492031
-1.1549481753
-1.0379395872
-0.3903645097
0.3552991750
-1.9785790159
-0.1340662302
-1.2130422617
-2.2339173313
-1.6031548397
-1.9643546743
1.6857489359
1.4555021417
-0.8101637634
-0.1741845800
-0.6329954318
0.0919068485
-0.7153850296
0.2401746308
-0.8022914727
0.3114391383
2.1811998291
-0.4423737141
0.9969941217
1.1524566986
0.5171908071
-1.7372912488
1.9203315542
-1.5927432377
-2.1953534254
-0.2694466264
-0.2066453643
0.2242717659
-0.4880839418
-2.0345449369
0.8322254656
0.3213001117
-1.3653613601
0.6024231735
0.3003031107
-0.5423820258
0.8006862823
1.5041146720
0.2500997576
-1.5159236675
1.3527571445
0.5009790185
0.5385534714
1.2648923333
-1.6745104443
0.2746769175
0.2293308214
0.0033233370
0.5702597845
1.6520145282
-1.4864767233
0.5359670894
0.8464022346
0.6506746138
-1.5829996734
-1.2723197358
0.7006992382
1.0985277605
1.0450034847
-0.2394884649
-1.5492890209
0.2208650739
0.9015352469
0.5492925012
1.1980223162
-0.8995947476
0.6364752947
0.0733254049
0.1244314409
-1.4407094675
0.2477794291
-2.1756761613
0.7279587496
-0.3456940479
-1.5213619261
1.2771169282
0.4507747333
2.4008411612
0.4435887303
-2.9019699986
-0.9492671658
1.5372244695
-0.8272586678
-1.1248272596
1.2437524267
-1.1758251470
1.0426069037
-1.3288674242
-0.7325743588
-0.2891272539
-0.2212876536
-0.2182868631
-0.0404047373
-0.7475419375
0.1553060740
-1.2698485458
-0.6588557294
1.5698296048
-0.8852148187
-0.3140316831
0.6964085953
1.2645272194
1.5045534353
-1.5368465990
-1.3142122011
-0.6275445354
-0.9431512970
-2.1525799861
0.2735586420
0.5583359378
-0.3990583593
0.0599952850
-0.0242437796
1.0408083578
-0.4768294155
-1.0862601716
-1.1501274612
-0.8917835637
0.5400590265
0.8492229533
1.2633585371
-0.5215720460
0.4101073958
0.1916878909
0.6735103713
-0.4321413390
-0.6233732595
0.3904946088
-0.4250145102
-0.8392732643
-1.4645227212
0.7876427639
0.8187966633
-0.3490429291
-0.3238627730
-0.0603073689
-0.2241479253
-0.3467619537
1.8151370005
-0.0307382402
-1.7094522212
-1.2526724614
1.1241402320
1.7978702937
-0.1328618690
-0.1232547106
-1.1293164779
-0.4184495146
0.8645596082
0.1796985764
-0.5627723008
-0.9275984128
1.6209119477
-0.4841694591
0.4480354956
-1.1506090674
-0.1607222752
1.7694843896
-0.6635248174
0.1197564154
-0.1745246779
-0.3696400490
0.4559359229
-1.2746978892
-1.2155333932
-0.3263755214
0.0029204970
-1.6715871068
-0.8066879736
-0.5488518053
0.1297810362
-1.0621683889
0.5213994326
0.6247531350
1.4806456217
-0.1846697339
-0.6951192759
1.2050372008
0.4069891784
1.5181411650
-2.2037237251
-1.7053422947
1.5109831969
-0.0154193484
1.5705801002
0.8361941860
-0.0225728022
0.1144806921
-2.1589993123
-0.4006999001
-0.4275308822
0.1488438949
0.4706950374
1.6184754712
0.5665650972
0.8494854612
-0.8728075394
-0.7229293295
-0.9582044178
0.2240995189
-1.6135942016
-1.2722649074
0.2149589835
-1.6291169935
-0.9406363610
0.9765218196
0.7118248326
-1.6028332318
-1.3117869486
-1.1044390937
1.8083106926
0.4233481306
0.0666906234
1.6884774781
-0.4825466288
0.4197186168
-1.2318074502
0.7421950268
0.5845595423
-0.3103956880
-0.8717766175
1.0065739556
0.0653850977
1.0599153218
1.0608598548
0.1801744820
0.1091396942
0.0573841890
-1.5059715440
-0.0619087921
0.4138243144
0.7482556685
