17 11 0.01
9 0 0 1 0 1 1 1 2 1 3 2 1 2 2 3 1 3 2
11 0 3 1 2 1 3 1 4 2 1 2 2 2 3 2 4 3 0 3 1 3 2
9 0 0 1 0 1 1 1 2 1 3 1 4 1 5 1 6 2 2
13 0 2 0 3 1 1 1 2 2 1 2 2 2 3 3 0 3 1 3 2 4 0 4 2 4 3
15 0 2 0 3 0 4 1 3 1 4 2 0 2 1 2 2 2 3 3 1 3 3 4 1 4 2 4 3 5 1
14 0 0 0 1 0 3 1 1 1 2 1 3 2 1 2 2 2 3 3 2 3 3 3 4 4 4 5 4
15 0 2 1 1 1 2 2 0 2 1 2 2 2 3 2 4 3 0 3 1 3 2 3 4 4 0 4 2 4 4
14 0 3 1 0 1 1 1 2 1 3 1 4 2 2 2 3 2 4 2 5 2 6 3 3 3 5 4 5
11 0 3 1 1 1 2 1 3 2 1 2 2 3 1 3 2 4 0 4 1 4 2
9 0 1 0 2 1 1 1 2 1 3 2 0 2 1 3 1 4 1
13 0 4 1 2 1 3 1 4 1 5 1 6 2 1 2 2 2 3 2 6 3 0 3 1 3 2
9 7
13 7
10 6
7 11
6 8
7 5
4 9
3 10
7 9
6 3
3 4
0 0 0 0 0 0 0 0 0 0 0 0 0 0 0 0 0
0 0 0 0 0 0 0 0 0 0 0 0 0 0 0 0 0
0 0 0 0 0 0 0 0 0 0 0 0 0 0 0 0 0
0 0 0 0 0 0 0 0 1 0 0 0 0 1 0 0 0
0 0 0 0 0 0 1 1 1 1 2 2 1 1 1 0 0
0 0 0 0 0 1 1 1 0 0 2 1 1 1 1 1 1
0 0 0 0 2 2 1 0 0 1 2 2 2 2 0 1 0
0 0 0 0 1 2 2 0 1 1 1 2 2 2 1 1 0
0 0 0 1 1 0 1 1 2 2 2 3 2 2 0 0 0
0 0 0 0 1 0 1 2 1 1 1 2 1 1 1 0 0
0 0 0 0 1 0 1 2 2 3 3 3 1 1 0 0 0
0 0 0 0 0 0 1 1 2 5 2 3 1 1 1 0 0
0 0 0 0 0 0 0 0 2 2 0 0 0 0 0 0 0
0 0 0 0 0 0 0 0 0 0 1 0 0 0 0 0 0
0 0 0 0 0 0 0 0 0 1 1 1 0 0 0 0 0
0 0 0 0 0 0 0 0 1 1 1 1 0 0 0 0 0
0 0 0 0 0 0 0 1 1 1 0 0 0 0 0 0 0
0.5847330221
0.0860372171
0.4902593602
-0.8291748485
0.2529051126
0.4312277529
-0.7722030900
0.3600347242
0.4313816988
-0.6596529869
-1.0699523308
0.0157954421
-1.0043901300
0.7719701873
-0.4650989462
-0.2312041792
2.1457448055
-1.0538696904
-0.2452975800
-0.5122687877
-0.6947351437
-1.5385432793
-0.4575158769
-2.1588567670
1.8026376549
-0.4742468675
1.6026671833
0.0768753535
-0.7907682325
0.8460876310
1.7472559980
1.1275083662
0.6462595398
-0.4761656686
0.2067675852
1.1429177901
0.2189472013
-0.2256878069
0.1148647860
-0.5693291241
-0.6545184029
-0.3459575245
-0.7613086217
0.7743185647
1.1146759998
0.8378908136
1.0117884647
-2.1542959176
-0.8870810203
-0.9848647144
-1.3926960680
0.7232249553
1.3835863479
-0.0009149753
0.9603620266
1.0456368361
0.5752975852
-1.2120932294
-0.9884613383
0.8795933977
0.5388614268
-0.2568612018
0.0765284414
-0.2131656969
0.1163239957
0.6287424403
-1.8654127376
0.9844063459
0.6284724780
0.0184541874
3.1035003672
-0.7243844596
-1.0309494842
-1.6068571236
1.5859186591
0.7426654809
-2.2249429458
0.7499606591
-0.8626550680
-0.2561152774
-0.4756771693
2.0553659130
-0.0582516124
-0.6588919187
0.5116941819
1.3286870207
-1.3298725585
-1.8195934030
0.1997416836
0.1647089766
2.0613201948
-0.2908500661
-0.1424486952
-0.4942991257
-0.8056439664
0.7058057097
1.2508486453
-0.0011372666
-1.5045152407
0.8115648131
0.9736785498
1.5590854536
0.2273544188
-0.0085825175
0.0523659736
1.2205534255
-2.1563278089
-0.9216880499
-0.9142795409
1.3018997863
0.1356167678
0.3676551134
0.0071826840
0.0962914987
-0.2684720396
-1.3183392379
0.9914982091
-0.3457844694
-0.3103585294
0.9422320903
-0.2289389039
-2.0059115389
-1.0613050112
-0.3889863395
0.0437550187
0.4039487810
0.6258961489
0.1954562219
0.0238664983
0.5647262121
-0.8545210131
0.7331456920
-0.5851710925
2.0689595009
1.8438129179
1.2263255351
-1.0365376486
0.4841367199
1.4547719281
2.7113419837
1.0856606289
-0.4677119026
-1.2812611599
0.5984045258
0.1481383489
-1.6107732550
0.0811371458
1.7797369379
-0.8946860527
-0.8512144194
-0.7576692111
0.6090529731
0.4365072073
0.9616296441
0.8249670444
0.7362097269
-0.5523597008
0.3868890508
0.1153509387
-0.8556955986
0.1883429459
-1.0348931036
-1.0272343691
-0.0519455899
-1.7660017030
-0.1613920969
0.7048539094
-0.0346243630
0.8038877249
0.3577882084
-0.2366445724
1.0109378263
-3.3606086440
0.8678520677
-0.8147067822
1.0038075553
1.0449285452
0.9990661126
-1.0570169445
-1.6536681079
1.5036484164
0.4907298912
1.2428843065
-0.3602019494
0.7157320546
-1.4049698540
1.0841840100
0.0889127899
-0.1046556088
-0.3065102623
0.5093201400
-1.2290119348
-0.2795857429
1.1280015129
-1.3641511029
-0.3138331108
-0.2109275700
-0.6002947784
1.2213960006
-0.5021311568
-0.1767127432
0.1136499566
0.9170397704
0.0317168012
0.9276386457
0.5042787459
0.6712437529
-0.8383775556
0.5486499874
-0.4164096608
0.5341791223
-1.7232326121
-2.8465360983
-0.5430992358
-1.0273820620
0.3496048819
0.8457864773
0.0727323898
-0.2313749108
2.3458604170
-0.0476415091
-0.6128104413
2.0311225413
0.6303351414
1.1605582396
-0.6157608947
0.9865487687
-1.3157030422
0.6663843581
1.0504882327
2.1218230030
-1.2275462647
-1.0185462817
-0.8284902890
-0.0664509765
-0.8070146223
2.0240617198
0.6094449519
0.2520644046
0.9910521561
0.0875047673
0.6009883990
0.2361025818
-0.5357892362
0.0393848337
0.1463207393
0.5198175984
-2.1685738653
0.9963322746
-0.8795599426
-0.2591876243
1.9746084168
0.9051716529
0.0078483431
0.2635769028
-0.6673049085
-0.1155434895
-1.1337451587
0.3292624227
0.7394217500
2.0850375661
-1.2324680247
-0.8512869957
-1.8351901151
-1.6412935053
0.9723690511
0.2109649639
-1.2267464968
-0.3269055644
0.6926125303
0.3410397167
0.5982039929
-0.8756903880
0.0961572799
-0.0607201076
1.2005083328
0.9391893637
0.2166258652
-0.2221718977
-0.1327860003
0.3023891225
1.6506336531
0.9064050836
1.2673316829
1.5749849625
-0.3063564891
-2.0102159372
0.2535723927
0.6484212651
0.9131856889
-0.2020043066
-1.9086529749
1.0417712332
0.1376301500
-1.4734417138
0.6699964598
-0.5816686354
-1.0038880373
0.0394424137
1.0851646293
0.5463364813
0.1005051437
-0.1892924311
-0.5116677755
1.2286889926
-0.6371230340
2.0204118675
1.4728903525
-0.5354789281
1.0764928654
-0.0068102550
0.2621312099
1.2525365478
-0.9345788998
-0.1828707864
-0.3590784019
0.1030452583
-0.4002507665
0.6152734889
-0.7593455281
-0.0779136242
0.7448759897
-0.7351056399
0.7288075471
-0.4760597020
0.4327842708
0.6861719168
0.6238624762
0.4658241682
0.6343288722
-1.0444361386
-0.5895823807
0.2678427385
1.1129439373
0.5579298182
0.4981559220
-0.9106359564
-2.3944862072
1.9109146221
-0.6042848052
0.3349937347
-0.9051678686
-2.0253724677
-0.4618307161
1.4992869614
0.1077668762
-0.8351958219
0.0150784531
-0.4147608312
-0.0995079675
-0.9823936848
0.2258771927
0.3557631533
0.8607292592
0.2908813701
1.0322023538
-1.0248818689
-0.2937552399
-0.4979019019
-1.1436844308
1.2608191422
0.3611140320
-0.1451036464
1.3681329327
0.5013496468
-1.3005723309
-0.1377524736
0.6298489775
-0.2977505841
-0.5360827217
1.3490582588
-0.7470460614
-0.7064370560
0.5483747645
-0.7977295459
1.1970406860
-0.0887235655
-1.4467104235
-0.1551458707
-1.5862242523
0.1904086836
-0.4762610406
0.2071237010
0.1806511328
0.5025753293
0.6367668278
0.2113708029
-0.3926208072
0.1018496992
-0.9684513662
-1.7688622827
-0.3309787797
0.8311947271
-0.7089488101
-0.2669894369
0.3309134481
-1.2864229026
1.6580695414
-0.5529535312
0.8962951607
0.8073489664
0.4485302796
0.5672437172
-0.5279439184
0.1718725106
0.0745451479
0.8841127843
1.2114309044
-0.1907314188
0.5584334592
0.9884248311
0.5074728058
-0.2336946677
-0.5571976038
0.2288258773
-0.0679824448
-1.0732979218
-0.2087297976
-1.1057480963
-0.5013909601
-0.1555723280
-0.2204090890
-1.7616013751
-3.0491887553
-0.1677143458
-0.5409093086
1.4053409900
-0.9454811578
1.8488123036
-0.0711560680
1.6399970101
0.6264584400
-0.2856196840
-0.1466188700
0.0784356277
0.9011333592
1.0904424462
0.0398881652
-0.3104701277
1.6117265854
0.3863553577
0.7451128848
0.3190456497
-0.0584065509
0.4518520145
0.5964471331
0.2809669958
-0.7495438669
-0.1709275651
0.2705030629
-1.3684221983
-0.3069319670
-1.2299705442
0.0379166958
-0.8298754428
-0.9406201565
-1.9188223914
-1.1189813703
0.4519757453
-0.4069260689
0.9497087156
1.6425685010
1.0476545417
0.9540966159
0.2025267112
0.7625460840
0.3881871583
-1.2129377392
0.1238076015
0.8660960053
-1.1580534294
-0.4082262135
-0.3115941274
-0.0767656310
-0.6951748918
0.9768005787
0.1633516309
0.1627326912
0.2039422188
-1.1115585195
0.9580966671
-0.9416795694
-0.0424972588
-0.2785097630
0.3907939350
1.4183469767
0.7012116496
-1.0856401532
1.3393093600
-0.2996067296
0.2992887532
0.0423301012
-0.7572137229
-0.1891599160
1.8592633186
-0.0266459895
1.5883132344
-1.1198850385
0.3523885952
-1.3075855730
0.1105292339
-0.4604788900
-0.0605868279
-0.4068087839
-1.0049707400
1.6021028501
-0.7156964154
-0.9517499822
0.5996752584
1.4906802193
-1.2216907938
1.8767371270
-0.5623732822
1.9185333283
-0.3103901001
-0.7428832828
-0.0795824565
-0.1169831407
0.7108909424
-0.2443776624
-0.3402381075
0.0476171381
0.3058734917
0.7037552996
-0.1017996530
-0.2381428793
1.4172700478
-0.0146910751
-0.7185616036
-0.7112588558
0.4901735215
-1.3176315835
-0.0820249803
0.1765551708
0.1312681841
1.4260172015
0.8941274838
0.1590947794
1.5766030903
0.3924485091
1.0515383805
0.4146051505
1.7441393405
-0.9546666228
-1.7277694241
0.4641579705
-0.4842111247
-0.5760505718
-0.5657931943
0.1693955679
-1.6314165320
-1.5419185736
-1.5009108535
-0.1247734514
-0.3479564861
-0.0119659708
-0.4863692642
-2.1270306719
-1.3008732429
0.5614924507
-0.8271834561
-0.5369512039
0.0452839769
-0.0224572746
-0.7982160770
-0.7358030936
-0.8687945708
-0.8836934464
1.4564542101
-0.0410262595
-1.8230861863
0.6992169912
-2.5783513276
1.7101543413
-0.0388501564
1.5309361287
-1.0682409752
-0.9865808728
