12 2 0.05
19 0 4 1 3 1 4 2 2 2 3 2 4 2 5 2 6 3 1 3 2 3 3 3 4 4 0 4 1 4 2 4 4 5 1 5 2 5 3
18 0 4 1 0 1 3 1 4 1 5 2 0 2 1 2 2 2 3 2 4 2 5 3 0 3 1 3 3 4 0 4 2 4 3 4 4
6 2
5 1
0 0 0 0 0 0 0 0 0 0 0 0
0 0 0 0 0 0 0 0 0 0 0 0
0 0 0 0 0 0 0 0 0 0 0 0
0 0 0 0 0 0 0 0 0 0 0 0
0 0 0 0 0 0 0 0 0 0 0 0
0 0 0 0 0 1 0 0 0 0 0 0
0 1 0 0 1 1 2 0 0 0 0 0
0 1 1 1 1 2 2 0 0 0 0 0
0 1 1 0 2 1 1 1 1 0 0 0
0 1 0 2 2 2 1 0 0 0 0 0
0 0 1 1 1 0 1 0 0 0 0 0
0 0 0 1 1 1 0 0 0 0 0 0
1.1465543022
0.8060629366
-1.2334184982
-0.8632771107
0.1693453240
0.7133999596
0.3022644167
-1.3200666233
0.4653015456
0.2156105173
0.4362418242
1.1172812467
-0.7105883668
0.0578192148
0.3847945827
0.8940121537
-0.0877981711
-0.9509898036
0.8385133841
-1.0186234312
1.2745665118
0.6472967080
1.5806367278
0.2734910812
0.5940344732
-0.6779010425
0.6501036063
0.9052625459
0.4625924734
0.5556818453
-0.1583444147
1.7933527997
0.2336058830
-0.5459303989
-1.7782797451
-1.3030069882
0.1194797598
-1.1837685444
0.0207621171
0.0609549139
-0.7895278359
1.1114296919
-0.1345326149
1.5857744818
0.0146362149
2.5186111595
0.0264361107
0.5159647043
-0.0514334782
-0.8369676385
-0.0553359453
1.4491280434
0.5236487909
0.5550412074
-0.5383275951
-0.5054456310
1.2208901971
-1.4839883016
-0.1306346236
-0.6619538390
0.4474420810
-0.9459346111
0.4300286957
0.6282845731
0.6776995836
0.6997259478
-1.0491106735
-0.3219200044
-0.2195007390
-0.6440964955
1.3743978764
-0.5474059738
-0.0003805944
0.2600222565
1.5081204734
0.9579957113
-0.5231820259
-1.6452113884
-0.1108647638
-0.4101091786
-0.4442138623
-0.3402071426
-0.6817831139
-0.6611069688
0.9547989062
-1.1141509023
-0.8519646386
0.5298022268
-0.1799893185
-0.6309165691
0.0415279139
-0.1007205595
-0.9986923207
-2.1865735841
-1.8787580469
0.7011183226
-1.4787316790
0.6492665541
-0.3203101830
1.2632029983
-1.5360709326
-0.7236077576
0.6635605301
1.3707128215
1.1019753794
-0.1169634924
-0.1994469552
1.5624422658
-0.2149763786
0.6675029062
2.5749559986
-1.0212087699
-1.2875460820
-0.7412365804
-0.8941286552
0.9752420415
-1.0031592767
-0.2908331664
-0.4775796235
0.0396838866
1.7655243058
0.5550184543
0.8808222061
-0.1528585194
1.0033506030
-0.1312366245
-0.7809138522
-0.2004347498
-0.1520966817
0.8021135555
-0.3042550264
1.4701874859
0.4421834375
0.3182511536
1.0426442640
0.9191493101
1.0072385199
0.6673792589
0.8460295075
0.1813724987
-1.6566280660
-0.6278513201
1.8854111401
-0.4762280576
-0.2638357137
-0.8647428755
-1.2450534855
1.2457124826
0.3984204301
-0.0397628326
-0.6906563722
-0.9435912636
0.8649314388
0.0023090200
1.8645099334
-0.3251107118
-0.2489714620
-0.6567820614
-1.1213987874
-0.2661228770
1.8338320209
-0.9876067126
-0.6055787765
-0.2550766365
-0.0702668186
1.4396049073
0.7081220205
0.4472090885
-0.6360885466
0.3516896023
0.0384976735
-1.1585367266
-0.8744443288
0.2192752992
-0.8162710163
-1.1967799265
-0.5038818339
1.1897866499
0.6562021098
0.4284965084
-0.6365012825
-0.6631182444
0.4994800680
-0.9912984292
2.0201978595
-1.3048262205
2.1166199696
0.5556302465
-0.7026241265
0.3491781827
-0.9117310183
1.1981536663
0.4059217200
-0.8480497146
0.1915454106
0.1488101618
0.5594799885
0.8072446743
-0.3099654533
-0.5809538330
0.0439595053
-0.3758642168
1.6474973965
-0.0107565558
0.3088097665
-0.2987697663
0.9670251440
0.8833332195
0.0557990810
-1.6362893929
-0.9644171312
0.0870809284
-0.0245705281
-0.8563404009
0.3942795320
-0.4404787851
-0.9258782376
0.2397791299
-0.3447986042
-0.1488454787
0.0959235423
-0.2522515382
1.7104945858
-0.8890184329
1.5221777015
0.9860731770
0.3300805377
0.8201172187
-0.1570472465
-1.1520509836
0.0093405213
0.8045206027
0.6456481211
-0.0546597676
0.4696969203
-0.9145943514
1.6087477714
-0.1448400245
-1.2509070038
-0.9485947415
-0.5856484526
0.3686418422
-0.8443405395
0.4260480036
-1.0144150296
1.6198453900
-2.1283865646
0.7292610814
-0.2623228737
0.8307218587
1.2712541918
0.8141662804
1.1635338267
0.5714438564
-0.9064374397
-0.2936157795
0.2231235129
0.8701587592
-1.1374865328
0.5103305974
-0.2242933507
0.9596270229
-0.0908872020
-0.4397480263
-0.8531757623
0.6474353102
-0.9829132298
-0.9095795785
-1.0568180132
1.0676131455
0.7356196072
0.0803985361
0.4379464383
-0.7674620371
-1.5643712423
-0.1008321235
0.0172157318
-0.9410185462
0.8034420401
0.3180322476
0.1388569427
-0.3273873184
2.4136740606
-0.9864285308
-0.5205479649
-1.2146324198
-0.6863001146
0.3766875454
