17 9 0.08
18 0 3 1 1 1 3 2 1 2 2 2 3 3 0 3 1 4 1 4 2 5 1 5 2 5 3 6 2 6 3 7 0 7 1 7 2
10 0 3 1 3 2 0 2 1 2 2 2 3 3 1 3 2 3 3 4 2
19 0 0 0 3 1 0 1 2 1 3 1 4 2 0 2 1 2 2 2 3 2 4 3 2 3 3 4 2 4 3 4 4 4 5 5 3 6 3
6 0 0 1 0 1 1 1 2 2 1 2 2
7 0 2 1 0 1 1 1 2 1 3 1 4 2 4
7 0 1 1 0 1 1 1 2 2 0 2 1 2 2
10 0 4 1 3 1 4 2 0 2 1 2 2 2 3 3 1 4 1 5 1
11 0 3 0 4 1 0 1 1 1 2 1 3 1 4 2 1 2 2 2 3 3 3
22 0 2 1 0 1 1 1 2 1 3 2 1 2 2 2 3 2 4 3 1 3 2 3 3 3 4 3 5 4 3 4 4 4 5 4 6 5 3 5 4 5 6 6 4
8 2
4 7
7 11
12 8
5 8
0 8
0 10
13 1
7 7
0 0 0 0 0 0 0 0 0 1 0 0 0 0 1 0 0
0 0 0 0 0 0 0 0 1 1 1 0 0 1 1 0 0
0 0 0 0 0 0 0 0 1 1 2 1 1 1 0 0 0
0 0 0 0 0 0 0 0 0 0 0 1 0 0 0 0 0
0 0 0 0 0 0 0 0 0 0 1 1 0 0 0 0 0
0 0 0 0 0 0 0 0 0 0 2 1 0 0 0 0 0
0 0 0 0 0 0 0 1 2 2 2 1 1 0 0 0 0
0 0 0 0 0 0 0 0 1 2 1 1 1 0 1 0 0
0 0 0 0 0 1 0 1 1 2 1 1 0 1 1 1 0
0 0 0 1 0 1 0 0 1 1 1 2 1 1 1 1 0
0 0 0 1 1 1 0 0 1 1 1 1 1 1 1 0 0
0 0 1 1 0 0 0 0 0 0 1 1 1 2 1 1 1
0 0 0 1 1 0 0 0 1 0 1 1 0 1 1 0 0
0 0 0 1 2 2 0 0 1 1 1 1 0 0 1 0 0
0 1 1 1 2 2 0 0 0 1 1 0 0 0 0 0 0
0 0 2 2 2 0 0 0 0 0 0 0 0 0 0 0 0
0 0 0 0 1 0 0 0 0 0 0 0 0 0 0 0 0
-0.6427363928
0.5864201579
0.4706303122
1.0349876008
1.1759793113
2.0265312243
-0.6943660106
-1.2682060824
-0.0074192453
0.1739703740
-1.2650002167
2.1340512828
-1.3649285603
0.4461714118
1.3712036806
-0.0255673001
-0.1082352459
-2.0139105696
0.1416708205
-0.7694586702
-1.9112232168
-0.1320720029
0.9251071084
-1.0724009806
1.1628592341
1.8300327171
1.0208258643
-0.0961879728
0.4615908919
-0.8626441014
0.7120247372
-1.3213323578
0.5300620513
-0.3634753362
-0.9160736827
-0.5185876924
-0.5893453069
-0.0513988538
0.1797979801
-1.0914043498
-1.1178762302
0.0134716878
-1.4490253425
-0.3257415266
-0.3096373790
-0.0014089105
0.4834434400
0.3513561594
0.5905494096
-0.9613771247
-0.6758693832
-0.2726654392
-0.0370709457
-1.6330310601
-0.4466698818
-0.2350901144
-1.1608599627
0.6703214546
0.9215060636
-0.3678457914
-0.4093909858
0.4081984443
-1.0523999491
-0.1649422300
0.0627798722
0.1916198663
0.2190011017
-1.3303541162
0.4517851460
1.9504495832
0.8982460060
0.0204470949
0.6949004911
-0.8846882013
0.4886401223
1.2488001870
-1.3104832013
0.0745119005
-2.1152969918
-0.8392175410
0.4805967396
-0.3386444270
0.1978791450
-0.6013595842
0.9905363528
-0.7262722720
0.8918431316
-1.3419725103
-1.0478780338
-0.1903172680
0.8824996545
-0.8608005010
0.6404205284
-1.0252830972
-1.0176628025
1.9405244529
1.4064752128
-0.0742936761
-0.3012682015
0.2505369628
-0.7498711963
1.4972602932
0.0528996855
0.1082684107
-1.0749177246
0.4183603213
-0.5104649243
0.2195907636
-0.4460398263
0.1870509715
-1.0797916193
-0.6491383204
-1.3963662941
1.1717861225
-0.6872129336
-0.8028520947
0.3104609351
-0.1924500671
-0.3570161942
-0.0287299998
-1.6063130870
0.0344832399
0.9684599633
-1.0771997355
0.6126165528
-1.2789531749
-1.0184123015
-0.3005109542
0.2843782566
-1.1114730887
-1.5212360335
-1.2041653788
0.1248407201
-1.2511167368
0.1649674768
-1.7317591928
0.8489212699
-0.2476448868
-1.3895477533
-0.5292081918
0.4599741972
-0.9192788016
0.4568542222
0.8189187744
0.5301677426
-0.5614809018
1.5656171862
0.3965621223
-1.1821533720
0.9393733740
1.9207710409
0.6160448827
0.5061922971
0.1114249621
-0.8262952343
0.7269101247
-0.1774090660
0.4684249635
-0.3483127808
-2.0616399544
0.2654016330
-0.5354153126
-0.4516788055
0.5725300438
0.2570441024
-0.5665079677
1.2538867579
1.2315463663
-2.3554707803
1.2419476079
0.6439133029
0.0010634738
-1.6748064873
0.2696813818
0.9465076516
-0.4265249720
-0.1156708718
-0.2487288117
0.3593570410
-0.2365356494
-0.9372459331
-3.1939813491
1.0306161957
0.0404601352
-1.0423273669
-0.9792492349
0.1661107486
-1.5898747924
0.9633176714
-1.0444835504
-1.0869799276
-0.1181015728
-0.0888635320
-1.7993194233
1.7493220056
0.0554820349
0.8058430779
-0.1448549125
0.9043569479
0.9117219040
1.1632766750
1.5167109910
-1.9249185811
0.6088911419
0.0390493788
-1.3079728538
-0.2471000298
-1.4529847107
1.3267850185
-0.2177088718
-0.3893247245
-0.3352274372
-0.7764030684
0.0549284590
-0.2231874162
-0.6976084528
1.5033437810
0.8523177126
1.0170374657
0.6072330643
-0.9723486620
2.0982419790
-0.0366514867
0.7972114286
1.3259593207
-1.2840765101
0.3344902801
-0.4327843091
-0.1628378038
0.1215336896
-0.2075131044
-0.6272055422
0.4023935905
-1.5884537211
0.4900519239
0.4732829558
-0.3619407013
0.4412362076
0.3348868102
-0.4218543701
-1.2575316844
-0.9585050837
0.9126176564
-0.1887050344
-1.5365808168
0.6036459881
-0.7308517365
0.7473934067
0.6627501436
0.3613801543
0.7593746627
1.0682633013
-0.5092366848
1.2474656776
-0.1858040909
-1.1810280180
-1.7326062630
-1.8872460807
0.6570592549
0.9882488196
0.2695654832
0.9055325477
2.5203844217
0.0096677115
0.6891736968
1.0528006379
1.0920726478
-2.0979970219
0.4283159528
-0.5043765687
0.1260943727
-0.3636670590
1.0546932193
-1.4608525654
0.5699666938
-1.9484534992
-0.8843303800
-1.0352364180
0.2903966159
-0.0433852943
1.2325017096
0.2288736308
-0.5016852167
-0.8621505763
-0.7222410629
-0.0339703393
0.0455805670
0.3590362840
1.4956986449
-1.7898401514
-0.7608496220
0.9619407665
0.7674667902
-2.3004016859
1.4549859108
-0.0946013344
-0.9867065100
0.9125990629
-0.7723634191
-0.0332771207
0.9829785179
-0.6643015229
0.0244222220
0.5879840250
-0.5702843579
1.1690127015
-1.1877651482
-0.0404141910
0.9574128022
0.8015684470
0.1866890959
-2.0940362165
0.9879143089
-0.9032440618
0.8896212401
-0.3691695154
-1.0996734600
-0.2021569973
-0.1992571072
0.0996631575
0.9438170976
0.5326767595
-0.5543211494
0.5349333107
0.2459320736
0.7824341327
-1.1229412094
-0.9431329862
-1.7270775046
-0.6732496068
0.0383222278
-2.0145597499
-0.3182711813
-0.1667522198
-0.4518506866
-1.8931063489
0.9382177851
0.9567353385
0.6455005367
0.1853682212
-1.9686144232
1.0772744316
0.3464241607
0.5958344128
0.3589236395
-0.0518152652
-0.3617366032
0.3208093415
-0.9255359513
0.3450479393
0.9232868549
0.2265634893
0.4561905281
-2.2632027706
-0.7637218779
1.0384779102
0.5078917936
0.6286609046
0.7260356666
0.6875332629
-0.2338033549
0.9260161647
0.5846270877
-0.5603922024
0.5124547736
0.0433379225
0.0185000448
1.3587797508
1.6016560655
0.5560619633
-0.8830986294
-1.6166988063
1.0926799118
-1.4534884806
-0.1703667949
1.9835326428
0.4740251804
1.3089780777
2.6457227314
-1.4190544020
-0.7029316994
-0.8397995045
-0.1567084748
-0.5410126562
-0.1126792012
-0.9158676989
0.2536238916
-0.5546295795
-0.7240575586
0.1592046788
-1.2676070777
-1.2500643843
0.4524498777
1.0332560217
-0.7424536838
1.1529418032
-0.0107276324
0.9902616660
-0.0200723521
2.1319273060
-1.5703440360
1.0984879008
-1.1247980070
-0.1681383792
0.6668571332
1.0415300852
-0.6815014768
-0.8040605707
-1.0748446502
0.3702970648
1.3079489154
1.0057358121
-0.1060263351
-0.2088219245
0.8526513516
-0.7455584811
-1.1116141190
-1.2308466264
0.0254118273
-0.2164833122
0.2598535288
3.0407455145
2.6815275772
0.4712488220
-0.2065525488
-0.2697181500
0.3099672378
0.2965220693
0.5723035880
0.5450564350
0.8340650807
1.0125807527
-0.8692194526
-0.1347840705
-0.2854950067
1.5674556455
-1.1042771127
0.8739870886
-0.4157621547
-0.1972998242
-0.0771301322
0.6081921015
0.2306507649
-0.4098227355
-0.4846171042
-1.6240756163
1.3918894554
0.7634231681
0.5530397093
-0.0143942868
-1.1462535642
-0.0380414918
-0.7921413107
-0.4289114615
0.1849589056
0.6836861145
1.7435919024
1.4578526759
0.8670557030
0.3072492740
1.1664124892
-0.5361473691
-2.2933205242
0.8126332361
1.2636807725
0.0424634064
0.7204693095
1.7889195586
0.4381808916
0.7323738376
-1.2912372240
-1.2931404373
0.8929849295
-0.6428399330
0.2873060847
0.2464860866
-0.1536028693
-1.0586148682
1.2736884677
-0.8102687200
0.7014637276
-0.5357305064
0.8399746533
0.2167900015
-1.3567052382
0.3247699680
-1.2183231398
2.3143478749
-0.5321916581
-2.2502098090
-1.8917852523
1.2109183201
1.1356486652
1.4560480323
-0.4677827812
-0.5529140203
-0.5563809431
-1.0657810803
-0.8844125466
-0.6555930441
-0.1365459196
-0.2706204447
-0.4062116040
1.0280183564
-2.1465349343
1.2758504707
0.3232391406
-0.0725008015
0.9664778995
-0.7751137554
0.8489698947
0.5086103833
1.0882573763
-0.1856857639
-0.1843569340
2.1094040415
0.2921385556
0.1719445259
-1.3717470491
1.7539538620
0.3097865280
1.2813371029
-0.5554355333
2.0886512137
-0.3007692781
0.4052715810
0.6398781070
-1.0505942004
0.0984945509
-0.5877089703
-0.7475445977
-1.2596410934
0.3735278718
0.3286711521
1.4448571266
-1.8699432032
-0.2902706164
2.3368584438
-1.5042841500
0.3794838135
2.2924203857
1.3659093692
0.6325823714
3.1663266603
1.2388836160
2.0314008939
-0.3243556870
-0.3156202190
-1.6855946132
-0.1191346000
-0.9751145828
-0.1628410871
-0.2649568503
-0.3991933226
0.3609581111
-0.8522060682
0.2531970250
-0.2888027814
-1.9232129302
1.2215011154
0.2373388646
1.1684196166
-1.7394500050
-0.7331524299
0.3259666290
-0.6080287311
0.2110202975
0.9355080144
-1.3350019827
1.3527520943
-0.3698902665
0.6436545393
-0.3571226161
1.6906034663
0.2955450233
0.6505071762
1.0579334526
0.8020349327
