14 7 0.20
7 0 0 1 0 1 1 1 2 2 1 2 2 2 3
8 0 2 1 0 1 1 1 2 2 0 2 1 2 2 2 3
7 0 1 0 2 1 0 1 1 1 2 2 0 3 0
8 0 0 1 0 1 1 1 2 2 0 2 1 3 0 4 0
9 0 0 1 0 1 1 1 2 2 0 2 1 2 2 2 3 2 4
7 0 1 1 1 1 2 2 0 2 1 3 1 3 2
9 0 0 0 1 0 2 0 3 1 0 1 1 1 2 2 1 2 2
7 8
11 9
10 7
1 1
2 1
8 0
3 2
0 0 0 0 0 0 0 0 0 0 0 0 0 0
0 1 0 0 0 0 0 0 0 0 0 0 0 0
0 2 1 1 0 0 0 0 0 0 0 0 0 0
0 2 3 2 1 1 0 0 0 0 0 0 0 0
0 2 2 2 2 1 0 0 0 0 0 0 0 0
0 1 0 1 1 0 0 0 0 0 0 0 0 0
0 0 0 0 0 0 0 0 0 0 0 0 0 0
0 0 0 0 0 0 0 0 1 0 0 0 0 0
0 1 0 0 0 0 0 0 1 1 1 0 0 0
0 1 1 0 0 0 0 0 0 1 1 1 0 0
1 1 0 0 0 0 0 0 1 1 0 0 0 0
0 1 1 0 0 0 0 1 1 1 0 1 0 0
0 0 0 0 0 0 0 1 0 1 1 1 0 0
0 0 0 0 0 0 0 1 0 1 1 1 1 0
0.1357841633
-0.8752919138
-0.0444679722
0.4109026687
-1.0030837274
-1.5618682116
-0.8638640012
-2.0298295036
1.0327747988
0.8876140997
-1.6170689450
0.4694473760
0.6430710009
0.0808394580
1.1082735268
-2.0764388017
0.1220649926
-1.1310417875
-0.3069408299
-0.8409723391
-2.0328351507
-0.2106534310
-0.7226589530
1.4622423730
0.6625726361
0.3253849204
0.9376348795
-1.2677868786
-0.0196621085
0.9499428901
-0.8004820556
1.5798317387
-1.0376993582
-0.8649486976
0.2166782446
0.1163531670
-0.1576300573
-0.8958856016
-0.3064885728
1.0300270868
-1.5353879492
-1.4008520836
0.3437846504
-0.5950449391
-1.2444694898
0.1146645176
0.9605860534
0.0438868824
-1.4991954545
-0.3081873427
-0.0380153495
0.7975918440
-1.2804446399
-1.6196696453
0.5144633460
-0.0481705571
-0.7675562907
0.1565787009
-3.0390725881
-2.1607199056
-0.1835679961
-0.1185776154
0.9087810314
0.8769142103
-0.0234724628
0.0907107377
-0.8186998543
-0.0849418611
-0.1910587146
1.1653467357
0.5118800534
-0.4244054443
-1.2585172665
-1.4573206948
-1.6608477361
0.8109249607
-0.9229342948
-0.2968051048
0.5392283202
0.8390818669
-0.5404614568
-2.7879780401
3.9059653321
-0.1581715085
0.0234194913
1.0954984790
0.8980095065
0.6926231392
0.2269951162
-0.7947752624
-0.0184636390
-0.2054299139
-0.0286425140
0.7535313322
-0.2434365104
0.3029902906
-0.1021582651
1.0765010930
-1.1426087662
1.2290395256
-0.0031901619
1.7732360744
-1.3539636867
1.1782193419
0.9904638809
0.9839216217
-1.8588037902
0.3785974819
-0.1592748590
0.1362716895
-0.6228270457
-0.8018153770
-0.4522346500
-0.4003561265
-1.4136640777
-0.1103444689
1.5388846537
2.5590071579
0.0452420020
-0.1564152638
0.3683455358
0.0931851795
0.7772128723
-0.0656110540
1.1018028922
-0.7540113518
0.5620322258
1.0132247601
-0.2244210140
-1.0070833930
-0.1918565853
-2.0002421173
0.0280449509
0.5057637210
0.0423526480
-0.9567420169
0.3347277341
-0.2541547822
0.5980622050
0.0741967573
0.7017307900
-0.8537545862
0.2190880527
2.0047140999
2.6139831682
-0.7859450959
-0.7238059427
0.0021561174
-1.1399314876
0.4300054417
-0.7646263620
2.0443034323
-0.2038914222
0.8315321092
-0.6757665940
-1.1673268319
-1.4102439462
-0.7314688456
-0.0248336607
-0.1719454127
-0.0991339685
-0.0478476169
2.5418130229
-0.4861081673
0.2426255893
1.0759700598
1.0865439086
1.4800688694
1.3141781464
0.1884960165
-0.2324952495
0.3706940158
-1.1248993234
0.8258102355
-0.7846335094
-0.6067210017
-0.2753964471
-1.2178466466
0.2719743253
-0.4205811150
0.4191778237
-1.0720676812
2.2883334895
1.3131233090
-1.1698460384
2.4114352391
-0.1656282328
-0.9859862408
-1.2470863373
-1.0680467618
2.0421977491
-2.0132500694
-0.1858265025
0.2633276091
0.6672930105
-2.0208353466
2.0452542613
2.9645623801
0.6857680347
0.6602228954
-0.6295332318
0.3568095902
0.3305004713
-2.2721496116
1.0803130627
-0.2447449590
-0.4646720442
-0.5017023567
-0.3162070674
-1.4955377396
-0.1679188684
0.2240269630
-0.1017927252
0.1328055916
-0.0001508960
-0.3096425435
-0.4747906290
0.6517861821
0.2275375635
-0.7566151117
-0.9187662743
0.4704855181
1.4747943891
-0.8248067263
-0.8796832457
1.3281104145
1.1281643587
0.8645980333
0.0680700252
-0.7209078305
-0.2112754536
-0.7982250358
0.2343814155
-0.6469229220
-0.4167175520
-0.0828884598
-0.1310071027
-0.0073751802
-0.4315319642
-0.4570923806
0.1209305102
0.1308164246
-2.1070311323
0.2686347023
-0.2172911898
-1.4606821218
0.9998590919
0.2011618591
0.6475537465
-0.2413730625
0.0472713202
0.4778976326
0.4912875379
1.7655846554
-0.1203689751
-1.2002755330
0.0127578659
-1.2443288461
-0.1392698169
-0.3628910118
1.2617782405
0.4014835218
-0.0832247530
1.8684390907
-1.2331080796
-0.9254249383
1.4306001337
-0.5522982983
-0.6711816449
-0.1568287423
-0.3338103532
-1.9258484913
-1.5558790213
-1.2653040278
-0.4445653007
0.7340837450
0.1783520878
-0.7676384141
1.1945155200
0.9217647459
0.2341915066
-0.1076299123
1.3246951333
0.0161439625
-1.3812745043
0.8892200988
-0.2779738948
-0.3154229649
-2.0174321252
-0.5701469775
-0.0251028623
-0.9798281902
1.2901374811
-0.4208943379
-0.3386361574
0.9790046586
1.2112155301
0.7227006766
1.3369281598
1.8955051908
1.0385004387
-0.6961166738
-0.2332592433
1.1849277460
0.4976865545
0.0634147339
-1.6369926695
0.5848213703
-0.6389246400
-1.7522508937
0.0197250647
0.8935558593
2.5816774062
-1.1052772062
-1.1317793242
0.6168295182
-1.7033769855
0.5723021858
0.2470956300
0.7357089967
-0.5394063568
2.9027832534
0.7496583567
-0.1917147626
1.1123660559
-0.3545775766
-0.1539622901
0.5662526980
-3.5385241341
1.3065388187
-1.4701386101
-0.7014645210
1.3164052009
0.8272925645
-1.1528361882
0.7172884283
0.0825409327
1.5724844639
0.1642633886
-0.5858563271
2.0740245450
-0.7390541158
-0.1727015183
0.1917949108
0.3390548736
0.1139466481
-0.3152512233
-1.3286798709
0.0506236721
-0.0644955688
-0.7189475280
1.1556057542
0.3020862165
-1.3390774647
0.5969145856
1.1516327635
-1.0001363112
-1.1171777153
-1.3724346218
0.5065673958
-0.7658663884
0.6914967336
0.9032075922
2.0896917090
-0.4118041281
-0.6490403194
-1.8752607150
1.0637446866
-0.4770310661
0.5510738845
0.6115447794
-0.2722701614
0.4986055450
0.3739460641
1.6854115342
0.0102905454
0.8257504166
1.7309553248
0.5057851089
-0.3659544440
-0.8874829470
-0.5036619720
0.2049030771
-1.6892041072
0.8580836025
1.1695135741
0.4009240175
-0.4733810354
-0.8195129346
-1.2703289384
-2.3880132402
-0.5050183585
