13 3 0.08
11 0 5 1 3 1 4 1 5 2 0 2 1 2 2 2 3 2 4 3 1 3 3
11 0 0 0 1 0 2 1 0 1 1 1 2 1 3 2 2 2 3 3 2 4 2
9 0 0 1 0 1 1 1 2 2 1 2 2 3 2 3 3 3 4
0 0
6 5
4 4
0 0 0 0 0 1 0 0 0 0 0 0 0
0 0 0 1 1 1 0 0 0 0 0 0 0
1 1 1 1 1 0 0 0 0 0 0 0 0
0 1 0 1 0 0 0 0 0 0 0 0 0
0 0 0 0 1 0 0 0 0 0 0 0 0
0 0 0 0 1 1 1 0 0 0 0 0 0
0 0 0 0 0 2 2 1 0 0 0 0 0
0 0 0 0 0 1 2 2 2 0 0 0 0
0 0 0 0 0 0 0 1 1 0 0 0 0
0 0 0 0 0 0 0 1 0 0 0 0 0
0 0 0 0 0 0 0 1 0 0 0 0 0
0 0 0 0 0 0 0 0 0 0 0 0 0
0 0 0 0 0 0 0 0 0 0 0 0 0
0.6363685041
-1.5910726886
0.7922606537
-0.7331631325
-1.0038215636
-0.0868595845
-0.8444301052
0.0769614898
0.4945869685
-0.3266123789
-0.4561697055
0.1909744829
-0.5330654008
-0.0476110772
-1.1846410271
-1.9828668539
-1.1827789450
0.9616635871
-1.0921128145
0.0317265320
-0.1515095372
-0.8384662993
-0.1816619593
-0.3886319837
-1.2876641425
0.5938093880
-0.5450307330
-0.5762795919
-1.6077096510
-0.4414125349
0.4137809256
-0.2775904401
-0.2825782621
-1.8964854935
-1.0561924670
-0.8324120789
0.9602579388
-0.7354086663
0.1943074244
0.1405050162
1.3860093599
-1.2663220993
-0.9097564544
-0.0232562983
-1.6374140524
0.6159165598
-0.5144732733
-0.6570425068
-0.4937065595
-0.3390971388
-1.6689950170
1.6243660763
0.9129000295
0.4371267203
0.6451175845
0.8199180573
-1.1858873772
0.6700146330
-0.4326901841
-0.5133891246
0.0604405774
-1.4034919326
1.6020307597
-1.6133999733
-1.0331517678
-0.3980648275
1.3490823807
-0.3747059743
0.7454809206
-0.9168839473
0.7362620597
0.4761464831
-1.1253392501
0.1397027998
0.7822415971
-0.1716344275
0.7288243765
-0.3995653726
-2.0077831277
0.2197654965
-0.1883098439
0.5665503049
-0.6184101391
-0.0635516574
0.6356111396
1.8627856683
-1.4738356408
-0.9184699689
-1.2558240691
-0.4971784242
-1.5075164811
-0.3211500663
0.5506534432
-0.4275055182
0.2250418550
0.1921846326
0.9927138629
-2.4903399651
-0.6686945906
2.1939681637
-0.0470941643
-0.4549313427
0.5373604718
-1.0044073704
1.1825044884
-0.1643415153
2.4002186695
-0.8106509646
-0.5546978505
0.2410759188
1.0187129144
0.6725672117
0.9029534359
-0.5060952127
1.6065289489
0.0620337272
1.0527958357
1.8499506709
0.7960460391
0.3645256926
2.2333732038
1.1142752762
0.3461815505
-0.5908521551
-3.1865916691
-2.5141375788
-0.1878763626
-1.1565315534
0.2334093133
-0.2239186450
-0.3013632037
0.9098970848
-0.1838524976
-0.2162088792
-1.5301375263
1.7979634127
-0.3674501892
-0.1198521693
-1.2080351834
0.8029342103
1.5603282652
-0.3011760603
0.1797019593
-1.3142522349
0.9666840965
1.3880307028
-0.2830938155
1.1403797058
-0.3606202867
0.9387552489
0.3113935093
-0.0646720303
0.5739705173
-0.6464168086
-0.6344422743
0.9697342461
1.4796586506
0.4082849874
-0.6506305249
-1.8212497783
-0.3356342713
0.1263841716
-1.1776496483
-1.6407183137
0.1195612089
2.1183534135
0.5867622520
0.4253098583
-0.1683733519
1.7541349330
0.0664463027
1.3831457786
-0.8820931487
2.1465617958
0.3230796843
-0.0589746668
0.2458596515
1.2803717952
-0.0135100687
0.0659523822
1.2918678944
-1.4673796110
-0.7026387419
-0.2614112540
1.1259700019
1.4330206584
0.5103083406
-1.1008681002
-1.7332829343
0.5156088207
0.4060478065
-1.3206149425
-0.3197321905
0.7645733293
2.0707277203
0.3664571577
0.0205320963
0.2162260736
0.7222200115
1.4228914434
-0.5179388965
1.2116872880
1.1712695157
-0.5861448834
0.8129426987
-0.6014530668
-0.1362327775
-1.4404369856
0.5753223716
0.2824708627
0.0298823254
0.3126232792
-1.1859319400
1.8216165361
0.4671021504
0.1984212874
-0.5582200555
-0.2473246540
-0.1469350408
0.6755089867
-0.1090862974
-0.9381170203
-0.4070477170
-1.9899528821
1.4943801406
-1.1564330131
1.1955065477
-0.8463496754
-1.1130490523
-1.1761789884
-0.7126446330
0.7452394628
0.5808927135
2.3058134086
0.9657702342
-0.5803266323
-0.2336254296
-0.5507925464
1.8614849141
-0.7184537555
0.2276933214
-0.2058019790
1.2507638622
2.3181605600
-0.2922610695
0.2999253137
-1.8850873375
-2.2714695252
-1.6509363916
0.4613431197
-0.6316874843
-0.7271605292
-2.1828864433
-2.2105228507
-1.3314202685
1.4742679074
0.2436913843
-0.6023594381
1.5465126013
-0.1413079672
0.3600742590
-0.2433926993
-1.0333948724
-0.6966567654
0.4515037549
0.7392691769
-1.4205512926
-0.1606289831
-1.3766627581
0.3058006754
0.6997721250
-0.0587682695
0.2347489972
1.2173316969
-1.7410728403
1.2970125015
0.7710368331
0.3250127781
-1.0278607017
0.9359031012
0.5212457685
-1.9109333297
-0.0750084113
-0.0958710397
0.5225103426
0.1246044219
-0.2557345976
0.1678171912
-0.5202350930
1.4972074356
-0.1875825784
-0.2146985375
1.4126400819
0.8978679700
0.7953150428
-0.2735595927
-2.3970340562
-1.2221065452
-0.5505609528
0.4787359514
-0.5795670342
1.3129525881
1.4498473160
0.0935711513
0.1913275712
0.2200260600
-0.5576164157
1.1484050063
-0.5717724602
0.6622925815
1.1995777417
0.1478580916
0.1793195679
-2.1108700247
1.2254500560
-0.5623963650
-0.6948778503
0.5324862647
0.9126016380
1.7767619032
-0.6291380302
0.8113288768
-1.7334623049
1.3190324504
-0.5060132330
0.5858629454
-1.4853484691
0.8231161236
-0.8132618769
1.6209891069
-0.6593347688
-0.0143117321
-1.5959434701
-1.0056309632
1.6884493314
-1.2039141038
-0.5830635511
0.7474311300
