10 5 0.08
6 0 1 0 2 1 0 1 1 1 2 1 3
7 0 2 1 0 1 1 1 2 2 0 2 1 3 0
9 0 1 1 0 1 1 1 2 1 3 2 1 2 3 2 4 2 5
5 0 0 0 1 0 2 0 3 1 1
9 0 2 0 3 1 1 1 2 1 3 1 4 2 0 2 1 2 2
5 3
6 5
1 2
5 0
6 2
0 0 0 0 0 0 0 0 0 0
0 0 0 1 0 0 0 0 0 0
0 0 1 1 1 1 0 0 0 0
0 0 0 1 0 1 1 1 0 0
0 0 0 0 0 0 0 0 0 0
1 1 1 1 1 1 0 0 0 0
0 1 0 1 2 2 1 1 0 0
0 0 0 1 1 2 2 1 0 0
0 0 1 1 1 1 1 0 0 0
0 0 0 0 0 1 0 0 0 0
-0.9759668144
0.2425074615
1.1017261929
-1.1583647564
0.4108883515
1.3637971170
0.2790514288
0.0161129075
0.6942381787
0.3067534350
1.1003527936
-0.5415281141
1.0402396469
-0.0320989484
-1.2915140402
0.2925443363
-0.2847651996
-0.8331299862
-1.1672852109
0.3704245748
0.6919189250
-0.8164959764
1.7557793810
0.6522311420
-1.8577407132
-0.6315278820
-0.4839717852
-0.8545087902
-2.1512359311
1.1844055866
-0.0497517884
-0.3165100460
0.1693287060
-0.9967538370
0.4071719112
-0.7860899631
0.9763013532
0.4050816802
-0.0671903905
0.1777281570
-0.3342565723
-0.2029817340
-0.6240292389
0.4972390553
0.8830065334
-1.8366445738
-1.5452416951
-0.9294325817
-0.5652944820
0.2944902285
-0.1466736337
1.2884409351
-0.8824273814
0.3031622765
1.3270347456
-0.1880106727
-2.4213202709
0.3531585558
-1.3776060398
-0.2695964791
-0.8910090455
-0.8015317418
-1.3013368013
-0.7431452273
2.0000060462
0.5437874005
0.4107199778
-1.2748548390
0.4377243910
0.3495684224
-0.0729810873
-0.8938127899
0.3209625382
0.6606091670
-2.2613836777
1.2676794917
0.8328010636
-0.5941049294
0.6283396373
-0.5439346675
0.3150824692
-1.0007696709
-0.7622573766
1.5495667163
-0.7846213115
1.0613490447
-0.5884841896
-0.6581009184
0.2701095492
1.5996608916
0.9067247863
-0.8904488975
0.1949041350
-0.5262749088
2.7609262141
1.9703224438
-1.9950419868
0.3205607284
-0.0845330835
-1.4633620345
0.0366560694
-0.6109538123
1.4754111967
-1.7835949641
0.8939419169
-0.6335562532
0.3200989166
0.3339862279
-1.0328184064
-0.8095772534
0.4893808007
-0.0256185498
0.2328949255
1.2805064315
0.7799639794
0.0403165974
0.4704676616
-0.9578237845
-1.5196929645
0.9143020200
-1.1273680872
-0.2725626907
0.7460847472
0.2565289988
0.5986947450
0.1597932505
-0.1024414870
-0.2178468772
0.2713002194
1.0022922381
-1.2450250557
0.6921008384
-0.4523206285
-1.2222227253
-0.3387553738
0.5782443341
0.6354204786
-0.9274259208
0.3864546348
-1.0993299510
0.7839242644
-0.3016063329
0.3081325965
0.1099694213
1.1999208547
0.6512494619
-0.3917971571
0.4395619184
-0.2954370016
1.2731985452
-0.7884325091
0.0542140911
-0.2803540355
-0.9745191792
-0.4753168267
-0.4290646665
-1.0029617704
0.8325107777
-0.7445606551
2.0212075815
-0.2200012108
-0.0792766652
0.1216732133
1.1520032338
-1.1707791920
-0.5439095020
1.0998519548
-0.2739761060
0.3679299921
-0.0393315638
0.7387544860
-0.9641533199
-0.3903889885
0.6693627820
-0.2923627037
0.2332645678
0.8580556053
-0.0954428799
-0.1801062025
1.5577092549
2.4792354911
0.4779028521
1.4764167799
0.4100367685
-0.7117178812
0.4507598981
-0.4819433282
0.7941083215
-0.8986507205
-0.6921654457
0.3215667917
0.5683466241
0.0815717867
0.6453286012
0.1761267655
1.0803111722
1.1419832467
-0.2141004229
-0.7789710819
-1.5347972038
