12 5 0.18
5 0 0 0 1 1 1 2 1 2 2
10 0 0 0 1 0 2 1 1 1 2 2 0 2 1 3 0 3 1 4 0
6 0 0 0 1 1 0 1 1 1 2 2 1
10 0 2 1 0 1 1 1 2 1 3 2 1 2 2 2 3 3 2 3 3
10 0 0 0 1 1 0 1 1 1 2 1 3 1 4 1 5 2 3 3 3
4 6
7 0
9 6
2 0
1 6
0 0 0 0 0 0 0 0 0 0 0 0
0 0 0 0 0 0 1 1 0 0 0 0
0 0 1 0 0 0 1 1 1 1 1 1
1 1 1 1 0 0 0 0 0 1 0 0
0 1 1 1 0 0 1 1 0 1 0 0
0 0 1 1 0 0 0 1 0 0 0 0
0 0 0 0 0 0 0 1 1 0 0 0
1 1 1 0 0 0 0 0 0 0 0 0
0 1 1 0 0 0 0 0 0 0 0 0
1 1 0 0 0 0 1 1 0 0 0 0
1 1 0 0 0 0 1 1 1 0 0 0
1 0 0 0 0 0 0 1 0 0 0 0
0.4615206205
-1.8120110120
0.2640148476
0.2228620616
-0.5205083864
-0.3924258832
-1.5171905969
-1.2094598182
-1.3302708604
1.6406216572
0.7085868004
1.0698927511
-0.6076734605
-1.7338914888
-0.8660987324
-2.5277578974
-0.5367595641
0.6447938178
-0.7099843175
0.2797982471
0.1879181772
1.3928685760
-1.1838106412
0.2353372376
-0.6347201011
-1.2207273394
0.4157259860
0.8572228635
0.5020410562
0.3704683507
-0.5031763027
-0.2749779904
-0.3826613842
-2.8664210761
-0.6051024514
0.4434524654
1.8439544524
-1.6233550163
-0.3311327913
0.6700924832
1.3861044256
-0.7122020914
0.1482058635
-1.0454313636
1.0506530156
-0.5230302877
-1.0324343420
0.3249496681
0.5175457045
-0.7678129270
0.0990685990
-0.8575821103
-0.7770129797
-0.7933415889
-0.9504371049
1.3017673084
-0.7418037673
-1.3440795107
0.6109651288
0.8979252949
-0.3683748800
-0.4833725024
-0.3077805444
-0.3560705534
0.2232998008
-0.2071081561
0.6072727936
-0.8937070036
-0.4449222696
0.6514328639
-1.0299657883
-0.4493484288
-1.6264646787
0.6383803340
1.6342387768
-1.5038353561
-1.6091598782
-0.1999534397
-0.3325706515
0.5345241716
0.7624246981
1.0460565688
-1.5902403278
-0.6629913330
1.6439717501
-0.0243283308
0.9681121233
0.9499711422
1.8020043809
-0.2871038223
-0.9485238701
1.3483682894
-0.2592116785
-0.0109186867
0.3102203664
0.7435118137
1.3482944958
-0.9344556824
-1.1636847917
2.0906795921
-1.7628777383
1.4900222200
-1.0462662270
0.0664561847
0.5718556064
-0.8089566430
0.0346750566
-0.2785361699
1.1966655012
1.1476453598
0.3266691181
-1.1485096884
0.9326937789
1.8371500144
1.5047555394
-2.2748261119
-0.2652698023
-1.4868006299
0.9014347985
-1.0817352131
-0.1243544087
-0.4764693936
0.9466770278
0.7029065522
0.0311281283
0.4676678950
0.1331290206
-1.5481811557
-0.2932484252
0.8031208174
2.2100081394
1.0527145745
-0.4736198893
1.4186219461
1.8497427020
-0.7691467550
0.9479258464
0.0122468828
0.6633813451
-0.3220060158
-0.1305966454
-0.1507531043
0.2475089088
-0.0892870631
-1.9979001694
1.0477005480
-0.3915992167
-1.2871445237
1.7466834958
1.2940392182
1.6260709458
0.0726022238
0.7373251521
0.7608215582
-0.0561358978
0.0905394375
-0.0462601418
-0.7725763957
1.4651518068
-1.1476953705
1.4039205658
1.8337285812
-1.1333679216
0.2248968263
-1.8787352525
0.4055149740
1.1898378389
1.3382090054
0.2539124172
1.0534857194
-0.9497945110
0.2657660228
-0.2398028274
0.6026458496
0.9278857192
-1.1797019206
-1.3316168871
1.1544677323
-0.1237467137
-0.9182958542
-0.2350693857
0.3352346243
-0.0144958888
1.1387336587
-0.0476318255
-1.1801604622
-0.0114131417
-0.0812321863
-1.4467036865
-0.3959696062
-0.9493222626
0.1006697018
-1.3123807606
0.8269459930
-2.1318740102
0.5763849730
-1.7118436106
1.5996424735
0.5720461637
0.4584191857
-1.1347202786
-0.3372268157
1.3430420075
-0.7277984017
-0.7563209003
-0.4368681438
0.9524849193
-0.5801987455
0.4680569848
-0.1751711585
-0.0107227014
0.1956498209
-0.3281131800
0.2272575865
2.0358260798
-3.4734906343
-0.1494862796
-0.1055028348
1.4001195635
-0.2775996239
0.3723129407
-0.2254083717
-1.3182969340
0.1104534427
0.7349414678
-0.0592108871
-1.5104887961
0.2218424794
0.2209921951
-0.4232709182
0.4454524958
2.1705583640
-1.0761543084
0.9358314449
1.2516042862
-0.0580773085
0.0621412877
-0.4819870309
-0.5232869921
-0.8270756250
-1.0649720846
-0.5682776990
2.1789654249
0.1809572295
-0.2856802201
0.3579936364
0.1129635419
-0.9006932173
-0.4995372754
0.0950069579
-0.1952245933
-1.5094594396
3.1659492305
0.1178849849
1.2910167911
-1.5701439250
0.9487511743
0.3862575753
0.0517241597
-0.8609529929
-0.0539635987
1.9998185433
-0.0910260883
-1.9621932194
0.5933220777
1.1111208153
-1.2434121391
-1.6571492239
0.2470630499
-2.0114889075
0.1946455027
0.4518394547
-0.6905086802
-0.3887743555
2.0704237836
0.6814198120
1.5416672911
0.4931888555
0.2913583310
0.7021274469
0.1701825191
0.5592072221
0.2137766152
-0.2460858556
-0.0640428261
2.2904426182
0.7522718927
-0.2963077853
