14 6 0.13
23 0 0 0 1 0 2 1 1 1 4 1 5 2 0 2 1 2 2 2 3 2 4 2 5 3 0 3 1 3 2 3 3 4 0 4 2 4 3 4 4 5 2 5 4 6 4
7 0 0 1 0 2 0 2 1 2 2 2 3 3 0
11 0 3 1 3 2 3 3 0 3 1 3 2 3 3 3 4 4 1 4 2 4 3
8 0 1 1 0 1 1 2 1 2 2 2 3 3 1 3 3
7 0 1 0 2 0 3 1 0 1 1 2 0 2 1
17 0 4 1 1 1 4 1 5 1 6 2 0 2 1 2 2 2 3 2 4 2 5 2 6 3 1 3 3 3 4 3 5 3 6
5 7
6 8
7 8
7 10
6 3
7 1
0 0 0 0 0 0 0 0 0 0 0 0 0 0
0 0 0 0 0 0 0 0 0 0 0 0 0 0
0 0 0 0 0 0 0 0 0 0 0 0 0 0
0 0 0 0 0 0 0 0 0 0 0 0 0 0
0 0 0 0 0 0 0 0 0 0 0 0 0 0
0 0 0 0 0 0 0 1 1 1 0 0 0 0
0 0 0 0 1 1 1 0 2 0 0 1 1 0
0 0 0 1 1 1 0 1 2 1 1 3 1 0
0 0 1 1 1 1 1 2 2 2 3 3 0 0
0 1 1 1 1 1 1 2 1 1 1 3 1 1
0 0 1 0 1 1 1 1 1 2 1 3 1 1
0 0 0 0 0 0 0 0 0 1 1 2 0 0
0 0 0 0 0 0 0 0 0 0 0 0 0 0
0 0 0 0 0 0 0 0 0 0 0 0 0 0
0.6792059597
-0.0006440579
0.6437876802
0.2370238434
0.3625974272
2.0624757468
1.2780948188
-0.6091525423
0.9545624272
-0.5545298820
-0.9731303826
-0.5625555749
0.3126433726
0.9229390334
-0.0325072338
-0.9428952427
-0.1996809248
0.9114701662
-0.4212251998
0.7707300262
1.4598057299
-0.1438450915
0.6905548339
0.2701822874
0.5754786012
-0.2906923098
0.0422668599
-0.6746314210
1.0061661993
-1.4101024985
-0.6167806736
0.2767220216
0.5024568800
0.3015520187
-2.3272833182
-0.5392915618
0.8801628812
-0.4208695907
0.1224021868
-0.9254957883
0.7414870817
-0.6141609665
1.0877483769
1.0837276264
0.1735067705
-0.0099788147
1.1220944791
0.7193898940
1.1954489794
0.1162910784
-0.8939570162
-0.5123677143
0.5738630718
0.6004364458
-0.2115911821
-0.5380126581
-1.4690713878
0.8470880861
0.6118625823
0.5988669033
1.8918800416
0.4889961838
0.8881088674
0.6112651201
-0.3944630569
0.6557429109
-0.2794540779
0.7905577930
-1.3764383691
0.7631712397
-0.8154993212
0.0710468992
0.0211077734
0.4820780272
-0.4927365375
-0.9254317055
0.0422477609
0.2778501679
0.5333179509
0.8531917160
0.2914990857
1.3890648479
-0.8405926967
1.2956270460
-0.4151992944
-0.4774763636
0.0070496804
0.2568207001
0.4712538910
-0.5893778765
-0.1957861390
-0.7948687046
0.2303751753
-0.6525822470
0.0518405335
-0.4861613201
-0.7335683262
-0.4226593563
-0.7049378442
1.0436284403
1.9562643004
0.8166555036
0.2606025111
-0.4687946053
-0.4643391344
1.5687346494
-2.0390855469
-0.1750973934
1.6337896510
2.7443807380
0.4542187921
-0.3499518959
2.3245288649
-2.1143721699
1.0833884721
-1.1184172769
1.9640006173
1.5606357933
0.3575873599
-0.8238881577
-0.4528463514
0.4574445159
0.0230300783
0.8327992065
0.7445916955
1.8236717267
-0.1243412290
0.5181511898
0.4385081236
0.6195079962
-2.2881535683
-0.8092665828
-0.0338953580
0.4760561417
-0.8531336551
1.6841855753
0.9357849984
-0.5382477684
-0.1183616639
1.3732082699
1.4243692823
-0.3990463241
-0.7825863376
0.5786543533
-1.2796708709
0.5174747678
-0.7622372917
-0.1021627742
1.0429444372
-0.3354692611
-0.1479839016
0.3944362297
-0.3477602917
-1.4888731045
0.5477060156
-0.2536757053
0.1066316401
-0.9664738805
0.1842999275
0.3015544796
0.1227036311
0.6674361123
3.3684703913
-0.8484554254
-0.4482872848
1.1010818263
0.5198371822
-2.6779629923
0.7293743263
-0.7495850249
1.0215918040
-0.0760461498
1.1380466303
0.8647747436
-0.1178843218
-0.1580191174
-1.2472501812
-0.8429281768
-0.4894695296
-0.6449019790
-1.8425514022
-0.3143577243
0.9685183518
0.2357176410
-0.6700895164
0.5703249698
-0.8328605514
1.0578955304
0.7437397195
-0.1349953304
0.4706083826
1.2496173247
1.3851053522
1.3091933677
3.8294191416
-0.6890629356
0.2665612580
-1.1956798379
1.0039564974
0.9311851271
-0.3137834067
-1.4313618368
0.5130303192
0.9414653928
0.2621600905
-0.4812159840
0.1092479350
0.4933227264
-1.3310732302
1.2140934684
0.2189450380
-0.2255765029
-1.2502668182
0.2784021875
0.5092051464
1.4327684434
0.1840946124
-1.2142113039
-0.8617651155
-0.2439014207
-0.9693901800
0.7928175713
0.6470267575
-0.3570926991
-0.9858965661
1.1337022480
-0.1186959820
-1.7114201866
1.1635927960
-1.0314406566
1.0060164278
0.0898738305
-0.3192800829
1.4020904833
-0.6412210366
1.3537268104
1.5755041654
-1.0346861397
1.8067371843
0.5984350255
0.5404702935
-1.8718828569
-0.1739500996
-1.0004039846
-1.2118946916
1.4850959144
0.9167726111
-0.0474000185
0.2625065351
-0.0683694881
1.4329805471
0.6065727770
0.5486219988
-0.8787729145
0.9748001087
0.2073038112
-0.3375641039
-0.2457405465
-0.6393094269
-0.7750441438
1.4369060933
-0.0900279356
1.4358893390
0.8978048355
-1.0753134613
0.4934766557
-0.5475028148
-1.3837796806
1.0541900135
0.3438634511
-0.6399240251
0.6049180065
0.2414368292
1.6368483322
0.4693794846
1.2575618653
-1.9422560426
-0.5144099098
0.3823549257
-0.2407891904
0.0520696369
-0.7324651805
0.0227438681
1.1152492762
1.2986389380
-0.9268764661
1.6922308954
0.3942691651
-0.0935527115
-1.8207461094
0.0696047321
-1.3096793506
0.6678219158
-0.6329260575
-1.0303618727
-1.9343022581
0.3388276897
1.3196010236
-0.9701632805
0.9452721297
0.3702901394
0.2645296808
-0.3566859906
-1.0370589569
-0.4549005925
-0.8925658554
-0.9746880534
1.4035712542
-0.4226721179
-0.3638571779
-0.8112165899
-0.2988029793
0.7838897349
0.6322597005
-0.4034061017
-2.1296041949
0.1931505079
0.5086942178
1.2285864670
-0.1274719930
0.9024102941
-0.9400632176
-0.5028448081
0.1832919642
0.9900183450
0.6719456804
0.4465285171
1.2507292181
-0.1765052396
0.0532835820
0.5789285340
-1.9095074514
1.1088560129
-1.8760869377
-1.3103500517
0.6187929221
0.4154560279
1.2211742621
1.1669653757
-1.0258207758
-0.4766338519
-1.0328187985
-0.3445252092
0.9667641377
-0.3140222946
-0.1555586562
-0.4442254542
-0.0270629445
0.3945951621
0.7924696101
-0.4689132718
0.8524098171
-0.1021963974
-0.4674274276
0.4838373713
-1.3622236209
0.1443196765
-1.0553489727
-1.3369703517
0.2370388581
-0.0713283117
1.3930818919
-0.7312835443
0.6553109301
0.8094486480
0.6564809512
1.1333776183
-1.1181277665
-0.8113342983
-0.8787288798
-0.9727983085
-0.9046723156
2.0654833573
1.4412382091
-0.6580556740
0.4879387980
0.2276955029
0.0327544577
-0.9668221100
-0.2757673088
-0.9349600429
-0.4457478829
-0.5574359515
-1.2362629332
-0.0484228785
0.7430091772
1.5388491696
-0.2608353732
-0.0811167344
-0.3252400135
1.1464372217
0.3208584012
