20 11 0.10
23 0 5 1 5 2 3 2 4 2 5 3 2 3 3 3 4 3 5 4 0 4 1 4 2 4 3 4 4 5 1 5 2 5 3 5 4 5 5 6 3 6 5 7 4 7 5
23 0 3 1 3 2 3 2 4 3 2 3 3 4 2 4 4 5 1 5 2 5 3 5 4 6 2 7 0 7 1 7 2 8 0 8 2 9 1 9 2 9 3 10 1 10 2
19 0 4 1 3 1 4 2 0 2 2 2 3 2 4 2 5 3 0 3 1 3 2 3 3 3 4 4 1 4 2 5 1 5 2 5 3 5 4
12 0 0 1 0 2 0 2 1 2 2 3 0 3 1 3 2 3 3 4 0 4 1 4 2
21 0 1 1 1 1 2 2 0 2 1 3 1 3 2 4 0 4 1 4 2 4 3 5 0 5 1 5 2 6 0 6 2 6 3 6 4 6 5 7 2 7 4
17 0 2 1 0 1 1 1 2 2 1 2 2 2 3 2 4 3 1 3 2 3 3 4 1 4 2 4 3 4 4 5 2 6 2
22 0 0 0 1 1 0 1 1 1 2 1 3 1 4 1 5 2 1 2 3 2 4 2 5 2 6 2 7 3 4 3 5 4 3 4 4 4 5 5 2 5 3 5 5
12 0 1 1 1 1 2 2 1 2 2 3 1 3 2 4 0 4 1 4 2 5 0 5 1
17 0 2 1 2 2 0 2 1 2 2 2 3 3 2 3 3 4 1 4 2 4 3 4 4 4 5 5 1 5 2 5 5 6 1
18 0 1 0 2 0 3 1 0 1 1 1 2 1 3 1 4 2 1 2 2 2 3 2 4 3 1 3 2 3 3 3 4 4 2 4 3
10 0 0 0 1 1 0 1 1 1 2 2 0 2 1 3 0 3 1 3 2
4 3
8 10
12 8
3 2
4 5
1 14
4 7
10 4
13 5
13 2
12 1
0 0 0 0 0 0 0 0 0 0 0 0 0 0 0 0 0 0 0 0
0 0 0 0 0 0 0 0 0 0 0 0 0 0 0 0 1 0 0 0
0 0 0 0 0 0 0 0 0 0 0 0 0 0 1 1 1 0 0 0
0 0 1 0 0 0 0 0 0 0 0 0 0 0 0 1 1 1 1 0
0 0 1 0 0 0 1 1 2 0 0 0 0 0 0 1 1 1 0 0
0 0 1 1 1 0 1 2 2 1 1 1 1 0 0 1 1 1 1 0
0 0 1 1 1 2 2 1 2 0 1 1 1 1 1 0 1 0 0 0
0 0 1 1 1 1 2 2 1 0 0 1 1 0 0 0 1 0 0 0
0 0 0 1 1 2 2 2 1 0 1 1 1 1 0 0 0 0 0 0
0 0 0 0 1 2 2 2 1 1 1 0 1 1 0 0 0 0 0 0
0 0 0 0 0 2 1 1 2 1 1 0 0 1 1 0 0 0 0 0
0 0 0 0 0 1 1 2 1 1 0 0 1 1 0 0 0 0 0 0
0 1 1 0 0 1 1 0 0 0 0 0 2 0 1 0 0 0 0 0
0 1 1 2 1 2 1 1 0 0 0 2 2 1 1 0 0 0 0 0
0 1 2 1 2 2 2 1 1 0 1 1 2 1 0 0 0 0 0 0
0 1 1 2 2 3 2 1 2 1 2 2 2 0 0 0 0 0 0 0
0 0 0 1 1 1 1 1 1 1 2 0 1 0 0 0 0 0 0 0
0 0 0 0 1 1 1 1 1 2 2 2 2 1 0 0 0 0 0 0
0 0 0 0 0 0 1 1 0 0 1 1 1 0 0 0 0 0 0 0
0 0 0 0 0 0 1 0 0 0 0 0 0 0 0 0 0 0 0 0
0.8714798667
-0.7693233954
0.0127675276
-1.0966723954
-1.0825222869
-0.5783097371
0.9456972982
-0.3228518284
0.3891598810
0.0111597907
-0.3712286105
-1.3983648760
-1.8492405314
-0.8978224421
-0.6854980587
0.3163642932
1.1966805612
-1.5384786274
-0.7493859981
-1.7442371665
-0.1153852604
0.2994290573
0.6436363319
-0.7076558927
-0.5396810581
-0.2604895039
0.1178092887
0.2215454042
1.6564731365
-0.4386239954
-0.2594347004
0.2968406426
-0.3507840627
-1.8544059130
-0.1484364229
-2.3996777325
0.4852289002
-1.1482154163
0.1239567950
-1.2350796760
1.2404991317
-0.6020353196
-0.8455911692
0.5159110233
-2.1761166733
-1.1556863635
1.2893078930
-0.6557588795
-0.7071311050
0.6419428683
-0.2098936030
0.4545067356
-2.5823694220
-0.1654196000
-0.5999349672
-0.3928057350
-1.7462929798
0.7043515374
0.1917618963
-0.6933502543
-0.5420575484
0.3248954972
1.3296085898
0.2104534060
-1.2101618560
-1.6137241710
-0.2318424576
-0.4913166421
1.6578241903
1.5344248466
1.5485440429
0.7002129001
0.2370112909
0.8128523229
0.4460645478
1.0325070052
-0.9657767573
0.1669927818
-1.8836584192
1.0964645618
-0.2722692368
-0.0810028601
0.3182158877
1.0073531566
-1.0747813938
0.8878322013
-1.7892909231
1.0455440235
-0.0213500883
-0.8400859790
0.6630417826
-0.6873698441
1.4317947492
-0.2701957682
1.7737955634
0.3592643592
-0.8722572188
0.1287692953
-1.4722006173
0.7360372636
1.0517514359
0.9910237338
-1.1001693441
0.1099235303
0.1132666792
-1.0341067342
-0.3958072550
-0.4528676548
0.6673365370
1.9408175331
-1.7125333528
-0.0087580644
-0.2661700836
0.3728797960
-0.1594474660
1.1088163279
-1.5682141695
-1.0219338572
-0.2657833328
-1.9866855077
-0.2061879613
-0.1834427844
0.1080721105
0.0196873773
0.3306013629
1.3746061256
0.3720342836
-1.7649716174
0.7222180394
0.3331325637
-0.5189279720
-0.2753619288
0.1328262353
-0.0182528408
-1.6119675174
-1.2564634788
1.8920417379
0.3966386803
0.4862189913
-0.3010976832
-1.0065171774
-0.0317423501
-1.5580476633
-0.0621648302
-0.6990271757
-1.1515260798
0.4566080697
1.2846597823
-0.7674957053
-0.6292264707
0.0720468375
-1.5268026785
0.2134828796
0.3803689588
1.6519435076
-0.6550336651
-0.1964555868
-0.9333127756
-1.4004673658
1.8903089081
0.0503498832
-0.2528839447
-1.0205688626
0.0427596842
-1.4878886034
-0.0576017122
1.5303174876
-1.9814697618
0.3320263117
1.2196510511
0.4296522281
-1.0112105855
-0.3020289101
0.5642275768
-1.3873679332
0.6701672520
2.9910264773
-0.3803132563
-0.0353183606
0.6968406591
0.8034442347
0.0019784170
0.2951863830
-0.8346965668
-1.9059979678
1.2378039503
1.0224818976
0.2721047173
-0.4390533208
1.2918675312
0.3121488269
0.1112581126
0.5782543463
0.2977606955
0.6948500704
-0.6550674160
1.2322510850
-0.8988907514
0.1529324784
0.4590671045
1.0049521630
-0.7977503494
-0.2962459425
-0.1376869038
-0.6084260092
1.7392169959
0.0967924404
-3.4710959060
-0.3597315155
-0.6828657614
2.2380156883
-1.2376666300
1.3349882941
2.7439122785
-0.4798755053
1.4484832422
0.1932063861
-1.1907300897
0.2280387773
-0.3147336741
-1.0468873044
-0.4050760618
-2.4116007337
-0.7504197398
-1.4940609457
0.7892563756
2.6929832884
0.1978445649
0.8122313357
0.0016810345
0.0981219929
-1.3335250716
-0.2845409955
-1.4243549603
1.0819070140
0.7441116714
-0.7169298115
1.6077959147
0.8803345015
0.6160721104
0.3832329100
-0.3835498286
0.2288310721
0.4137793478
1.1528199761
-0.7117181304
-0.4798688591
-0.1890366778
-1.1709849368
0.6937582642
-0.2588561319
0.5846843744
0.3145376949
0.4712923932
-0.5455027493
-0.3251108840
1.2812758643
-0.0235747960
0.9381200511
1.9394907980
-0.0174016549
-0.6995840424
0.6439939427
-0.3897003068
0.3770777791
0.1684818264
-0.6902887744
-0.4994542043
0.1433156603
0.9781663686
-0.1395599261
-0.3986211156
-0.3599487043
0.6695663278
1.2204363590
-0.5626376532
0.0729973685
-0.7235998768
0.7694036688
-1.3667737000
0.2443589595
-0.0097851764
-1.2708183896
-0.6327574166
0.2082879286
-0.3869701154
1.4102295885
0.3800738238
-0.0987037590
0.2608084731
1.0122198017
0.9976984576
-0.3898465697
0.6157491382
0.7642707105
0.7029503939
-1.0020164173
-1.4886152262
0.3722891568
-1.3947995862
-0.0154654477
0.7829937047
0.3250948745
1.2074283738
0.8526324743
0.2807140599
0.2786577150
0.6693377425
-1.1432621568
-1.3651343302
0.8574404689
-1.9227133872
-1.9049337644
-0.5408710752
-0.8391529459
-1.4433420355
-0.2844464909
-0.3391047255
-1.4339494914
0.9660506453
-0.7065369311
-1.6795018767
0.6065549088
0.7478128836
1.3750540843
-1.4340612312
-1.6190163490
-0.6781192625
0.3837488528
-0.8291974305
-2.3278855785
0.2960781741
1.5978585907
0.0119155114
0.6558710854
1.2609270159
0.2450593933
0.1419709635
-1.6255716166
1.0223764000
-1.4452468297
-0.5080088982
-1.8375903790
-0.6886625931
1.2130210448
0.9053276976
1.1535856456
-0.0141219244
1.0332839398
0.4702929396
-0.4602328087
-0.9532758062
-1.1793819689
-0.9090523652
-0.2259499451
-0.5024139405
0.7872918727
-0.1069059788
0.2711109778
-0.8334142873
0.6981714945
0.8224413547
1.0870945626
-1.5693768369
-2.0644271147
0.3319489065
1.5426738479
0.6538975251
0.2261546265
0.5293591202
0.1310866966
-0.5689055165
-0.6312261532
0.9294694192
-0.2479682432
0.1141759030
0.5542279335
0.3818481230
-0.6653082699
0.3777011172
-0.6372079102
-0.6672360277
1.1469735116
0.8133622828
0.5301917208
-2.0677880268
-0.0188050559
0.2374153821
-1.4058391883
-0.6062298420
1.1681793638
-0.9374870160
0.0665553594
1.3122197529
-0.7188313512
-0.9849985634
0.2447029708
0.1856302700
1.2915128016
-0.3332534824
0.3728952708
-0.7227587736
1.7553781416
-0.1816353593
-0.1587365788
-0.0025687507
-0.3440465474
1.6636646197
0.2105006821
-0.3170299675
0.8974828266
0.2542409119
-0.1033959401
-1.1784838809
-0.0532134795
-1.4079309637
-0.1585963143
-1.1481112174
-0.4481246719
-0.6602846247
-1.0578873744
-0.9256182926
-0.8446862911
1.6156236027
0.4890268025
0.6262208984
0.3430839819
1.7415693390
1.2155269703
0.9154063644
0.4061694115
-1.2919405145
0.8734205962
-1.0647369625
-0.3980542368
-0.7034993934
-0.3354488100
0.8322264061
0.6578276421
-0.6283899932
-0.8874778595
1.9109723621
-2.1772522541
0.7356095125
-1.2420465191
0.1606884935
1.7519239375
-0.1381711939
1.3903459191
1.3399862976
-0.4850501973
-0.4386522406
-0.6140033049
1.4366237889
0.1797283845
-0.6652967196
-2.7691802743
0.4887736883
0.2766766746
-0.4153903780
-0.6482453188
-2.5281075151
-1.0400654139
1.2557499090
1.4008473526
-2.4421328179
-1.1663809766
1.6080389411
-0.6026569761
1.3457139161
-0.4524725898
-0.3409004698
-0.1751600960
-1.4521321936
-1.2672985722
-0.6026558389
0.2765043926
0.8404504749
2.7355785550
-0.1060802982
-0.3411525352
0.7159610160
-0.5005328813
1.3459315951
0.7905810107
0.1934964539
-0.4820275571
-0.6423708018
-1.4014844068
-1.0713071465
0.2197249421
-1.7513351802
1.9029318335
0.2613228944
-0.3574002796
-2.3815001435
-2.1026966389
-2.3197214316
0.9580727091
0.0074315716
0.8057089344
-0.4408879922
-0.3187697803
1.4447172081
0.5270792227
-0.7518705817
1.9094124319
-0.1429333254
1.8906386558
0.2865792941
-0.2802004373
1.5349198123
0.9623030791
0.8427986465
-0.0289383424
-1.3799761627
-0.5740331467
2.2296301519
2.2185260923
0.6648221239
0.4196065734
0.7433772059
-1.4936465449
0.3611065085
-0.6777626989
0.0363625887
-0.5604058850
-1.6144072226
0.4159740377
1.3929414502
-0.3740658442
0.5124667888
0.4432124750
0.4118113702
-2.1762781773
-0.0622184829
0.4233773316
-1.8213766531
1.3182233726
1.5919537008
0.7810492320
0.3659154248
-0.8651003662
-0.1596922138
-0.4213898626
-0.0308714371
-0.9108132998
0.0340084934
0.0512860382
0.0849484266
0.0527248893
-0.8806787994
-1.9735124898
-0.2530345384
-0.1817642547
-0.1209386923
0.2808910759
0.0160269011
-0.7215518043
-1.7023625721
-0.8704758963
0.7181243580
0.6625693930
1.0746695912
-2.0506008593
1.4657847995
-1.4836443571
0.5145277098
0.4275912170
0.6251623945
0.5614232663
-0.6744304245
0.1833505137
-1.6626220043
0.6043888147
1.2217048467
0.3194816559
0.1546217645
0.2428546660
0.6472673401
0.1535551204
0.8562550688
-0.0719318283
-0.9136088746
-2.0740883454
-0.0071293246
-0.0099421069
-0.2136574627
1.0218749983
-1.5620198639
0.8668785251
-0.5287872614
-1.7931999691
-1.7670006580
-0.1221490131
-1.1783171952
-2.5367162971
0.4812384793
1.5055284342
0.7520900318
-0.3999951761
1.2945318771
1.2786932261
-0.3942262944
-0.8285914481
0.4674750805
-0.7382301245
-0.4090042673
0.3863891982
-0.8882248685
-1.0526300480
0.1433509136
-1.1253416350
0.7199203772
-1.0779169669
0.2025651306
1.0303731255
0.3360837321
-2.0718103230
0.4356377625
-2.8443706143
0.0557547933
0.5525862278
-0.3142649675
-0.2376842148
-0.2310531195
-0.5289565032
0.9416970629
-1.3761907618
-0.2677642504
-0.3155925841
1.1938073677
0.2470337265
1.8795709527
-1.9120459765
0.5799840603
-1.6269321529
-0.4413979051
-0.7164878659
1.4532028316
0.2106939105
-3.3290505157
0.3473827713
1.1187601008
0.3470877622
-1.2671854885
-0.4501763233
0.8892727966
0.8253667830
-1.3352636124
1.1150828043
2.0777894958
0.3181777284
0.4213156643
1.3589072605
-0.9437171341
0.0329073549
-0.5418652657
0.7697179672
-1.1530389724
-0.7732758594
-1.3592403686
-1.0710478276
0.4939029793
0.7023065585
-0.3199206434
1.0441367173
1.0773783043
-1.1850620576
1.1252203292
-1.9228115359
1.6634256640
-1.4264845172
-2.2369063219
1.3612625609
1.0149125055
1.5886331404
0.4566605310
-0.0615877980
0.0107606939
0.3087432901
0.4010778960
-1.6166189178
0.6201510565
-0.6481595028
0.8813692319
-0.0268887102
0.0943412600
1.8250267924
-0.2155091316
-1.3358352540
2.4836470621
0.7166703079
0.5692110734
-0.1344943367
1.3237810424
-0.0061723849
-0.9903678943
0.9791559411
0.6495693413
0.1961100481
-0.0635618919
-1.8125499975
1.7028405751
0.0749813485
-0.1564232152
0.3049954073
-1.5904818408
-3.2909177186
-1.4934971482
0.1091280550
-0.8986761605
-0.5884426940
-0.2984306608
-0.5169646794
0.1766167854
-1.0701819583
0.1290181663
0.6247484998
-1.2386111831
0.2197470682
-0.1108084186
-2.4464906742
0.7657671489
0.8966842827
-1.6296943008
1.2020269723
-0.2994669927
0.6780080673
0.3802215998
-0.1234198407
0.1288342347
-0.5100744058
0.4056276304
-0.9399376510
0.7884836960
0.8160807096
0.4287273485
-0.6331668818
-0.2287505702
-1.6727682907
0.2593441601
-0.6846311992
-0.1593384930
0.6554822139
1.0166262734
-0.2585989684
0.6973085012
-0.2710452730
-1.5555936288
0.5690111738
-1.1311820334
0.1090644185
-0.8005422452
-0.4728766908
0.2348589775
-0.4619213736
-1.1633290631
-0.1601749945
2.5755276327
1.1824696707
-1.5833243927
0.8733679823
0.2226819050
-1.4794780411
0.8740064473
1.4357925754
-0.6701585740
0.1430344683
0.4868518429
-0.0075685054
-0.6957633660
0.5738172026
-1.1562505711
-1.3556383960
0.5265081996
0.4597487121
0.2566819728
1.7975823230
-0.5869900454
1.1084469025
-0.2531345685
-2.0539573226
1.2532753557
0.5626492624
-1.0605694372
0.8093681306
-0.9263385052
-0.8509400437
0.1750691132
0.5675450701
-0.2359642783
-1.2944574322
0.7442833949
-0.3737401898
-0.0064771043
-0.8517784233
0.4988612285
-0.6065313715
-1.0441969512
