17 14 0.15
11 0 1 1 0 1 1 2 0 2 1 3 1 3 2 3 4 4 2 4 3 4 4
10 0 2 0 3 1 0 1 1 1 2 1 3 2 0 2 1 2 2 2 3
11 0 1 0 2 1 0 1 1 2 0 2 1 3 0 3 1 3 2 3 3 3 4
10 0 2 1 0 1 1 1 2 2 2 3 2 4 2 5 2 6 2 6 3
6 0 4 1 0 1 1 1 2 1 3 1 4
10 0 0 0 1 1 1 2 0 2 1 3 1 3 2 3 3 4 2 4 3
10 0 1 1 1 1 2 1 3 1 4 2 1 2 2 2 3 3 0 3 1
8 0 1 1 1 1 3 2 0 2 1 2 2 2 3 3 3
9 0 0 0 1 1 0 1 1 1 2 2 0 2 1 2 2 3 1
6 0 0 0 1 0 2 1 2 1 3 2 2
12 0 2 0 3 0 4 1 2 1 3 1 4 2 0 2 1 2 2 2 4 3 2 3 3
11 0 0 0 2 0 3 1 0 1 1 1 2 2 0 2 1 2 2 2 3 2 4
6 0 0 1 0 1 1 1 2 2 0 3 0
7 0 1 0 2 1 0 1 1 2 0 2 1 3 1
1 11
10 3
12 2
7 7
14 9
9 9
12 11
8 8
12 6
10 1
12 2
5 7
4 4
4 4
0 0 0 0 0 0 0 0 0 0 0 0 0 0 0 0 0
0 0 0 0 0 0 0 0 0 0 0 0 1 0 0 0 0
0 0 0 0 0 0 0 0 0 0 0 1 1 0 0 0 0
0 0 0 0 0 0 0 0 0 0 0 1 1 0 0 0 0
0 0 0 0 1 1 1 0 0 0 0 0 1 1 0 1 0
0 0 0 0 2 2 1 1 0 1 1 0 0 1 1 1 0
0 0 0 0 2 1 0 1 1 1 0 0 0 0 0 0 0
0 0 0 0 1 1 0 1 1 2 1 1 0 0 0 0 0
0 0 0 0 0 0 0 1 1 2 0 0 0 0 0 0 0
0 0 0 0 0 0 0 0 0 3 1 1 0 0 0 0 0
0 1 1 1 0 1 1 0 1 2 2 1 0 0 0 0 0
0 0 0 2 2 1 1 0 0 2 1 1 0 0 0 0 0
0 0 0 3 3 2 3 1 0 1 1 1 2 0 0 0 0
0 0 1 1 1 1 2 1 1 1 1 1 2 1 1 1 0
0 0 2 2 1 0 2 1 1 0 0 0 1 2 1 0 0
0 0 1 1 2 2 1 1 0 1 1 2 2 1 0 0 0
0 0 0 0 0 0 0 0 0 0 0 0 0 0 0 0 0
-1.2671182824
0.3894839828
1.0254227065
-0.2919782411
1.2333823268
-0.5992348631
-0.1985166899
-2.3480007200
-0.2937807095
0.5498076435
0.1753739723
-0.0700332540
0.1018778555
-0.4991401383
-0.2716305818
1.1633841888
-0.8730963345
-0.0918893880
0.3038493959
0.2173797038
-0.0794688515
1.4113692627
-0.4323325852
-0.2677339389
-0.5963536105
0.0773532622
-1.0867304340
0.1332521050
0.3465175420
-1.2281053237
0.1965786163
-0.2384937606
-1.6401776986
-0.8490829889
0.1611449705
-0.0995336654
0.4930826807
-1.3621483195
-0.8304515373
0.8163736899
-0.2014381596
-1.2448214217
-1.1298611804
-0.0257174040
-0.9578204620
-1.6569818275
-0.6840075061
0.4210248191
-1.0032165828
2.4413079525
1.1221306174
0.8962559870
-0.8024047844
0.1461075459
-1.7728831650
-0.3509948547
0.7211594766
0.1167824808
1.7068775373
-0.1842991542
-1.2313276704
0.3595739563
-0.8345701769
-2.3021612816
0.4747780008
1.7031967690
-2.7126273025
-1.0452986105
-0.6418130479
-0.9634629538
0.9953077057
1.5210470422
0.3299300624
0.3299422694
0.1201461331
0.2153233109
0.6873197577
0.7669700242
-1.1437707132
0.0091421699
1.0687955673
-1.1706407239
-0.1663653603
0.6755405626
-0.7113988857
0.2881281322
0.1399966691
-0.2747791462
-1.0711214459
-0.1607946039
-1.5727075960
0.2697970159
0.0642947181
0.4699138459
-1.1992901452
-0.0702572246
-0.6683251463
-1.4435163074
0.4788638063
-0.9735948490
-0.3523738838
0.6028033327
-0.0190038038
1.3023474715
-0.5419625584
0.3513393757
2.0456511068
-1.4234948739
0.8724030488
-1.2173351555
-0.8372163051
0.3940250150
-0.1258481825
0.0923693690
-0.6741228444
0.5991405562
-1.6050284472
-0.9878296608
-0.3003185669
-0.5698791362
-1.5204591696
-0.5680289561
0.3167991890
-1.3490608330
-0.8582786892
0.7008678561
0.0275859143
0.2497884980
-0.3187523125
0.7148772082
0.0956287042
0.7020200236
-1.4368123961
0.6047132572
-1.2756128707
0.0686273509
1.1819974647
-0.7893128322
0.8258259942
0.5817351490
0.2804773303
0.0770434194
0.4822919074
1.0590039288
0.2109234155
-1.7983181940
-1.4909231822
-1.2989763007
1.6683070228
-1.1543416840
-0.8411714029
-1.2515793415
1.3312289515
1.4150611687
-0.6310561676
-0.6579954483
0.7540607465
0.8614337263
-0.3152023197
-0.4259704576
0.7181610558
-0.1197221866
-1.2984060915
0.8682788555
-1.0810649461
0.6292133883
-0.3398556411
0.4753394246
1.3375331267
0.8231947069
0.5769427743
-0.5102979682
0.0501736632
0.8169993083
-0.1996184095
-0.0302144875
-0.0079598443
-2.0695163624
0.4660028790
-0.3096450743
0.8836176674
-0.1026588436
0.3577632336
0.2369996797
0.1563716867
-0.3543093637
-0.8797848511
-0.3645764019
1.3817484977
0.7767339712
0.1291776024
-0.5120897127
-0.1103679373
-0.2058939152
0.7161136774
0.7549969262
0.3923586440
-0.6027234939
-1.4423075531
-1.4157592359
1.4882069164
2.0883101979
-0.2114127619
-0.1096436119
0.9907235437
0.1064847371
-1.5766519954
-0.2102938644
0.1664658253
0.4062067934
0.5391713328
1.1151947781
0.1116818918
0.3899509180
-0.3480154488
-0.2741363861
0.2943193051
-0.5548293110
0.1355745731
-0.1943084632
-0.0755880921
-0.6326691344
1.5027350260
0.7291712467
0.6840186085
1.4544673928
-0.0553697341
0.8767269913
-0.6533237745
0.1548450887
-1.1769726170
1.3787484249
-1.3199350379
1.4568083928
1.6116398562
0.7480922384
0.6482947535
1.0514039083
-2.4538603001
-1.0655425605
-0.6383512585
-0.8825810303
-0.1658661653
1.6655432264
-0.3703011335
-0.6599208056
2.2262546831
0.1455857348
-0.5538596799
0.5281390948
0.4850052246
-0.5908213769
-1.6564338760
2.2776023868
-0.0767107582
-0.0562542007
-0.6830454967
0.4465327175
-0.8346182842
-1.2479768589
-0.6381249553
0.3319952032
-0.8266738074
-0.5764059873
-0.4731183359
0.2834000067
-0.5309884886
-0.3486772799
0.1170469198
-1.7641927135
0.8897724933
-0.5169992164
-0.3049083041
-0.0606870343
0.4816136350
-1.0306951534
1.5616816184
0.2159289916
1.2194013900
-0.9755434440
-0.5896591025
-0.2332398265
1.3460155304
0.0796882301
-0.1293484735
-0.1743830206
-1.3104986444
3.3514599016
-0.3697910515
1.5959332456
-0.5692419980
0.3315321670
2.0896367990
0.0437032953
-0.3353600611
0.5194182451
1.3237806497
-0.5402063954
0.9498308513
0.4490786971
0.3134998413
1.3932352675
-0.4591954326
0.4162519878
0.1846685505
-1.0707092785
-0.4022956836
0.5020890552
1.2063430569
0.0922262056
1.4994005586
-0.7351014819
0.5048167132
1.8248761622
-0.4626294849
0.2282193756
-1.1391078758
-1.8582276549
-0.4317341213
-0.2154924245
1.2474954408
0.0475936366
0.4116268231
-0.7676811307
0.9191862529
0.5038509618
0.3593641464
-0.2260646806
-1.2279249029
0.4867106115
-0.4377206992
-0.3883159707
0.6431263591
-0.1100961288
0.5512228876
-0.5427404606
-1.2839802823
0.0416541369
0.3956180779
-0.3263389127
-0.9495307156
0.6528885118
0.6111397036
-1.1440704321
-0.9821910994
1.1669776509
1.5582259845
-2.1144921223
-1.2645121673
0.2259329503
0.7145109930
3.3118474486
-0.1167361452
-0.2230542911
1.1666359438
-1.2904966932
0.5566214213
0.3299413044
0.4729771580
-0.0312574536
0.7078806069
1.1908867032
-0.7714205770
-0.8231201736
-0.4890863475
1.0765340076
-0.1521833273
0.6018191961
-0.8328602964
0.7689799389
-0.2717544622
1.5897193348
0.5171140344
-0.0128252587
-1.1869681987
-0.4664684727
-0.5083028441
0.4442203248
1.0624203296
-1.4966780498
0.2478601751
-0.1287663346
-1.0125863054
0.2784329224
0.7379210596
0.1844666982
1.9824946182
-2.1075680775
-1.3957855949
-0.1564624545
-2.0918671973
-0.5912825304
-1.3237842280
2.6453120961
-0.5858214633
-0.5134533933
0.1089202612
-0.3241469988
0.0869647339
0.1444934198
0.6266649392
0.6501331424
-0.6038022835
-0.8379185587
2.2079879999
0.5656127840
2.2523731042
0.2630192308
0.9918515105
1.2777596854
0.4957989800
0.5031507467
-2.3671360851
0.0142731077
0.2074814365
-0.6941390130
0.4259588438
-0.3793006378
-1.0873208661
0.4001941752
-0.0775771511
0.6826246231
0.0950116084
1.3333409696
0.9292869456
-2.1028550017
1.8725445653
-0.2262518254
-1.0858554988
-0.7757577069
0.0722721245
0.4034802916
0.5858393653
1.4541496573
0.7605356744
-0.5277714009
0.4152802848
-1.0625483337
-1.2106766416
-0.4169696459
-1.1519601375
-1.1537739163
1.5606649751
0.0480297376
0.8961046369
0.1633407209
-0.3683923820
-1.5311809581
-0.2843837964
0.4975507032
0.3429380820
1.5521762741
-1.1893327766
0.1418798448
-0.7077009612
-1.0803022880
-2.2399995076
0.3436382328
1.4341937011
1.2591703489
1.2019789113
-0.5405132272
0.1272982782
0.4442240484
-0.0357778321
0.9524948197
-1.8286679134
1.1264048991
0.4579313014
-0.3070825324
0.8768204708
0.7879047399
2.3338942044
-1.3170382775
2.7277295982
0.4627810087
0.5171184168
0.3302169945
-0.0822029043
-0.3580428866
1.5764511714
-0.2027836160
0.3540656597
-0.6626781476
-0.1850114806
-1.1448858047
-0.9892630524
-0.3358382654
-0.1495961144
-0.0138056586
-1.6730933601
-0.4202172408
1.3033826191
1.2278803568
-2.2751773676
0.9724999745
-0.0707774013
0.6307921102
-1.3804907672
-0.8704918755
0.8581311869
-1.9741946968
0.0050166614
0.9521269329
-1.6727585975
0.1266873197
0.8381864952
1.6389905488
-0.2809641308
-0.0115683412
1.1313518487
-1.6854102545
-0.3699976247
0.1511172564
-0.5276784444
-0.4504773930
0.8954862655
-1.0093191789
-0.3862389966
0.9459231827
0.3922602240
-0.4113416735
-0.8043985513
0.3606892917
0.3089394231
2.2761471316
0.2426917037
-1.4970287951
-1.8438255377
0.1606533221
-0.0973623550
-1.1746754390
-1.4190738355
-0.4153810371
-1.0139912699
0.3117069458
-0.0364524253
0.1621089620
0.0423471972
-1.7682558972
-1.8560839870
0.9010505187
-1.1029511515
-1.9998451025
-1.5758200601
0.2909806185
1.7113898435
-0.7580701384
-0.5823954287
-1.2549822932
0.4839926508
1.4395318015
0.9706095978
0.7388620595
2.2259369922
-1.9805719605
0.8252624633
0.5630235666
0.3443668327
-1.3580775104
1.3047952546
1.2114170816
0.5607028304
0.7210021480
-0.2502398297
-0.2457387160
-0.6473697832
-1.2022840409
-0.1027895904
-1.8908024979
-1.0109648946
1.3873080391
-0.3962788617
-1.2480729406
-0.5555864019
0.2272210021
0.1462640228
-0.9205340408
