15 6 0.16
17 0 5 1 5 1 6 2 0 2 5 2 6 3 0 3 1 3 2 3 3 3 4 3 5 3 6 4 0 4 4 4 5 4 6
6 0 1 1 1 1 2 2 0 2 1 2 2
6 0 0 0 1 0 2 0 3 0 4 1 1
14 0 2 0 4 1 2 1 3 1 4 2 1 2 2 2 3 3 0 3 1 3 2 3 3 4 1 4 2
15 0 3 0 4 1 0 1 1 1 2 1 3 2 0 2 1 2 2 2 3 3 1 3 3 4 1 4 3 5 1
13 0 0 0 1 0 4 1 0 1 1 1 2 1 3 1 4 2 1 2 2 2 4 2 5 3 1
4 4
9 6
6 6
1 1
2 4
7 3
0 0 0 0 0 0 0 0 0 0 0 0 0 0 0
0 0 0 1 0 1 0 0 0 0 0 0 0 0 0
0 0 0 1 1 1 0 1 1 0 0 0 0 0 0
0 0 1 1 2 1 1 1 0 0 0 0 0 0 0
0 1 1 1 2 1 1 1 0 1 0 0 0 0 0
0 0 1 1 0 1 0 1 0 1 1 0 0 0 0
0 0 0 0 1 1 1 2 1 2 2 0 0 0 0
0 0 0 1 2 2 1 3 1 1 1 0 0 0 0
0 0 0 1 2 1 1 1 1 1 1 0 0 0 0
0 0 0 0 1 1 0 2 1 0 0 0 0 0 0
0 0 0 0 1 0 0 1 1 0 0 0 0 0 0
0 0 0 0 0 0 1 1 1 0 0 0 0 0 0
0 0 0 0 0 0 0 0 0 0 0 0 0 0 0
0 0 0 0 0 0 0 0 0 0 0 0 0 0 0
0 0 0 0 0 0 0 0 0 0 0 0 0 0 0
-2.4623650197
0.7493866610
0.6226802273
-0.1103929473
1.5852586548
-0.5031924213
-1.0867782170
0.1051093175
-0.0170436434
-0.6739287925
-0.1651451963
-1.0985794542
-0.1295889791
-1.0551659665
-1.2972676996
-1.9175007955
-0.1226919008
1.0691630777
0.1589336287
-0.8074176668
0.1198017124
-2.0173713651
0.0677201805
-1.8072044204
0.4822681223
0.6528232229
0.0232415632
-0.3619408673
0.1866672366
1.2017019329
2.3820941331
1.0236328989
0.3454373167
0.3521435202
0.4975673797
1.6438406867
-0.5132602962
1.3612304526
-0.6764031499
-1.2827980797
-0.7949490916
-0.9705430964
-0.2863283175
2.5574200415
0.1988664775
-0.8459977765
1.1921210377
0.7865037442
-1.9482829515
-0.7459391438
-0.3877373143
0.7074745642
-0.3456742136
-2.2982138510
0.2951297185
0.8594948869
-0.2543162232
0.7623086277
-0.9782780192
0.4290163441
-0.9460709058
0.1522767101
-1.6224173502
0.0419020625
0.3593363295
0.4386517881
-0.5296315325
0.2036443628
0.2351361713
-0.5940910677
-2.0716689745
0.8347473642
-1.1810113635
0.5799803857
1.1883343888
-0.3088674942
2.9247570551
-0.3933536656
1.1663747780
-0.7658866184
0.0387658422
-1.4029546757
0.5433708895
-0.7446281143
0.7411760545
-1.8108360267
-0.8949754431
-1.0502472516
0.0020211164
1.4282921570
0.8936995085
1.9654500747
-1.0711630878
3.0576848234
-0.3351635317
-0.5714225626
-0.1725728260
-0.4555765432
0.1366875324
-0.7147284855
0.9513417439
0.0209504440
0.5782471381
-1.2768173481
1.8521267109
-1.9877474486
-0.0246376379
-0.8725465798
-0.6512360204
-1.1637898530
-0.1195645380
-1.3202570533
-1.2485428234
-0.1445872858
0.9240691224
-0.7955887917
-0.4777364727
-1.8542969000
1.1206398812
-0.0869863825
0.9414352088
0.5678027850
-0.6833564661
0.4656737768
-0.7292442992
0.4690516568
-0.9295920550
-0.4872172926
-1.7586906586
1.3670764838
0.3246435269
-1.1921086037
-1.4602213176
1.0866975095
0.4394880107
1.1741325655
0.0227552279
0.0827760832
1.2984508108
0.6344214557
-1.6037219219
0.5621943162
-0.7630432369
-0.3882727406
1.7056996477
-1.1895172861
-0.2797981484
0.2394358121
-0.1018769943
-0.6666143586
0.0528066146
1.0854252823
0.3235772853
0.9079716357
-0.9770265382
-2.0605405006
2.4679522427
-0.4012255641
0.5072878110
-0.0330425662
-0.9450809565
-0.0241073315
0.3934543241
-0.5894822514
1.2313938467
0.3499117524
1.1574533657
-0.4241874404
0.1902626370
1.5128707966
-1.0129413308
-0.3672682444
-1.4288525585
1.1504522283
-0.8771693416
-0.0745945334
0.0352443900
1.5340442922
-2.2486082081
-1.0032406831
-0.2166368832
-1.8026482540
-0.4811867815
1.3090222576
0.5734476661
0.9725477394
0.3852731601
-0.2284012184
-0.3394153843
0.1455869992
0.1865116555
1.3878120680
-0.4945305760
-0.4785592194
-0.2283703091
-0.4406211730
-0.2193493567
-0.3016371674
2.6626871543
1.5741401939
0.7369540399
-0.5854525135
-0.7096736604
-0.5459165180
-0.7264197804
0.9010568111
0.7395019128
-0.3586692752
-2.4056433058
0.3315473634
-0.2243830539
-1.2200961313
-0.1457059889
-0.2059865074
-1.7345468523
0.5929322656
0.0581157170
-0.0952171100
-2.1164064127
0.5658850919
-0.2876389803
0.2810340363
-0.8383985820
-0.5243731313
0.8261435737
-1.3865944627
1.9895137256
1.2737199208
0.8958137520
1.3880148715
0.1643079272
0.0413561087
-0.7395414409
-1.7877004860
0.4700779414
-0.2019143149
-0.2077398062
2.0259131284
1.2083609844
1.4209929992
0.6320394192
-0.5287689713
-0.3267381600
0.4336494936
-0.7938848085
-0.8218779024
-0.9376524363
0.4126031444
0.3211594108
-0.2492956110
1.2646857078
1.0280609819
0.0560893109
-0.3198293781
-1.6488124346
1.7013275869
-0.3886219030
-0.7324799764
0.1371368149
-0.1214210845
-1.7856333432
0.6294362752
-0.7849707484
-0.9429065987
-0.7328758450
-0.3912575696
-1.4694264036
-1.6696644347
-0.7506453595
1.3350615495
0.7406949555
-0.2848351008
0.2382984460
0.2211880429
-0.9755821885
0.4404359708
0.0267258472
0.0088545385
-0.1764709549
0.6276452685
0.2394790101
-1.0199556614
1.1504006164
-1.5826884419
-1.2922467570
-0.6874925369
0.2936759242
0.2131657639
0.8517983730
-0.4865182501
-0.3935690449
1.0870361866
1.7643604685
1.0270355591
0.4082585630
-0.7660767422
1.1676639325
-1.2315459702
0.4183189918
0.1623667110
-0.2229848618
-0.3222738960
0.4417853954
1.4122841334
-1.6432355051
-0.1296951584
1.6284117730
-1.2944341365
-1.4222818616
0.4207987952
0.8493419149
-0.4108711962
-1.3218434044
-0.5740415013
-0.8005482999
-0.0414713704
-0.0667612063
0.7998290573
-2.0763626248
-2.1109870897
0.6610243610
-0.0120641371
0.7509192444
-0.6114212776
-0.9285494221
-1.4449006418
1.0159667425
-0.7988350536
0.0315596878
-0.3391112308
0.2445993465
-1.7933842164
-1.1378834585
-0.1201417712
0.9896282582
1.2853101154
-0.7357808129
-0.0808494302
1.0293115957
1.4148587924
-0.7489090200
-0.3927912193
1.3753969279
0.9977640449
0.8652289798
-1.0700723851
-0.1911460129
1.7865955448
1.6027176443
-0.0632302779
-0.5242679927
0.1705337697
-0.4024091297
0.2678494359
-1.1762368570
-0.4286905229
0.0295927743
1.0611653978
0.9245286737
-0.2423885078
-0.9432612919
-1.2252581377
1.0492447467
-0.3893817971
-0.0766855338
-1.7999509923
-1.5832554133
0.6635211265
-0.6763317023
1.1394878886
0.6224201146
-1.0141359113
0.2734861393
0.0567491919
1.1882150618
-1.9862128451
1.2393942166
0.2340722655
0.0154936004
0.4221157280
0.1743491868
0.1303420909
-0.5428738440
-1.3897966711
2.2317298115
1.9042891214
0.8128457525
0.8139798405
0.5410885381
-0.5894531293
0.0370211987
0.5458105968
-0.3806085355
-0.3717877288
1.2233594933
-1.0983289000
0.4246149582
-0.5773315008
-2.5416146968
-0.4399190692
0.3441025740
-1.0731901019
0.2566583582
-1.2378707090
0.8647953123
1.4653227424
0.9745474432
0.3360528978
-0.9286046790
0.8300829449
2.1217766062
-0.3044376789
-0.3227265956
-0.1345793667
1.0432694934
-0.9968155196
-1.0267194903
0.5650838417
1.1885009856
-0.7671933232
0.0550943841
0.1534440562
-1.0798730334
1.7312882856
1.8106097564
-0.4404256473
-0.4677539244
0.1806871775
-0.4036740941
-0.5387743067
-0.3079396263
-1.1319757003
0.0645313521
-0.9385736168
0.5652725376
0.5482478446
0.4854347255
1.6870522987
-0.9091659872
-1.8537180765
0.1493874668
0.4964477974
0.3326013220
-1.1728682228
1.3685064853
-0.2014177008
-0.8760825195
0.3947965883
0.3026673673
0.5488968660
