12 7 0.17
6 0 0 1 0 2 0 2 1 3 1 3 2
5 0 0 0 1 0 2 1 1 2 1
6 0 0 1 0 1 1 2 1 2 2 3 1
4 0 0 0 1 0 2 1 2
4 0 0 1 0 1 1 2 1
6 0 0 0 1 0 2 1 1 2 1 2 2
6 0 0 0 1 1 1 1 2 1 3 2 2
0 3
5 3
0 3
0 4
1 5
2 6
4 2
0 0 0 2 1 1 1 0 0 0 0 0
0 0 0 2 1 1 1 0 0 0 0 0
0 0 0 1 2 2 2 1 1 0 0 0
0 0 0 0 2 1 1 1 0 0 0 0
0 0 1 1 0 0 0 1 1 0 0 0
0 0 0 2 2 2 0 0 0 0 0 0
0 0 0 0 2 0 0 0 0 0 0 0
0 0 0 0 1 0 0 0 0 0 0 0
0 0 0 0 0 0 0 0 0 0 0 0
0 0 0 0 0 0 0 0 0 0 0 0
0 0 0 0 0 0 0 0 0 0 0 0
0 0 0 0 0 0 0 0 0 0 0 0
1.2254093165
-0.8251086442
-0.5736251347
0.5564430595
-1.2280656576
-0.3798378037
-0.8742732577
1.1391677116
0.5594269208
-1.1053790901
-0.7706230076
2.2665143656
-2.7803665897
-0.3938383676
0.1548097450
-0.1519822365
-0.0398232232
1.2227559762
-0.3281545690
1.8037777919
-1.2739769172
0.2274391749
-0.9255369896
1.4364372505
0.0046991002
-1.1174016027
-0.2195839962
0.5165081032
-1.1935504767
0.3438511095
0.4196815448
0.6990506958
0.3148898353
1.2562300433
2.5857699242
0.0668072890
-0.9428527995
-0.1502725173
0.6621302348
1.4807807655
0.5932582941
0.9988934201
0.6000830516
0.9997917572
-0.1893362200
-0.2737997783
-0.9523227778
1.4206551907
0.2808673312
-0.3510034523
0.3519213915
-0.4426613466
-0.2971795956
0.0626496935
0.8650304744
-0.2506838310
1.2014160733
-0.7903341385
0.0097367601
-0.3368180783
0.9075858219
-1.2810544514
0.0123883842
-0.2402185644
1.5200100429
-0.3222338609
-0.5866348402
1.7972184306
0.4211508784
-0.5211556451
-1.5677932517
1.0967832161
0.8878109573
0.3115480249
-0.4011010488
-1.1036157371
0.1089584074
2.4213673972
-0.4044441150
-2.4574633897
0.3285412861
-0.3245515020
-0.1119396909
-0.0989346995
-1.0722686076
-0.5416282837
0.8281843286
-1.7381878432
0.1360058745
-0.8746170576
0.9384837950
-1.1506826752
3.4071965270
-0.8904278642
-0.4495789354
0.5490894749
-1.4722505661
1.4822856843
0.4548928140
-1.3492540317
-1.0026194227
1.9266785628
-0.8769348622
-0.3662172463
0.1475176564
-0.8024812277
-1.3378396802
0.0847311328
-0.1915152016
0.8623650373
-0.7123350531
-1.4531884813
-1.0745465573
-1.5480940451
-0.7634451691
-0.8199083869
-0.5819029496
1.0443714191
0.1355454526
0.4453260375
-0.6669550878
1.0793882611
-2.2785650435
0.0426511913
-2.2874299314
1.3525871611
0.5769994447
1.3744836919
-0.9819987934
-0.6799637825
1.3257916684
1.2385728686
0.5822551722
0.1405731047
0.7421970409
2.8942253316
-0.1752012341
-0.4799032595
-0.8256259579
-0.0091023570
0.9654899425
-0.9185054064
0.5427606691
-1.5271995826
-0.1384451030
0.1177794910
-0.9452119423
1.8796286067
-0.0125025016
0.9131489486
-0.2473495328
-0.6784717898
0.5689612811
0.5873431006
0.3917983873
0.8324053802
0.2631014565
0.0153789519
0.5568440278
-0.5487862345
-0.9344749781
0.4122384307
2.2122549220
1.1048488155
0.0156773503
-1.7065567252
0.0647251875
-2.6262845038
-0.0506849303
-0.2270736839
-0.4497751241
1.1050379841
-0.7680810695
-0.9916609365
0.3210907498
-0.4498422717
-0.5784595230
-1.3462986403
0.5209287087
-0.3282180992
-0.6365093430
0.1078732761
-0.1463921688
-2.3417818429
-0.4558095009
0.3070253082
1.0471730653
-0.4871636421
1.0537979198
0.3180003200
-1.6858247992
-0.4084390730
-0.6888143973
-1.7736875357
1.2762676410
1.3827892276
0.7487261930
1.3251548952
1.2968669354
-0.6897322082
-0.9556026794
0.9513121000
-1.5342304829
-0.2702108007
-2.1067716613
-0.1081259867
1.0843287826
0.9709982834
-1.6197469186
-0.5456782164
0.0739741585
-0.3080460213
-1.1910396266
-0.2877102725
0.2312279663
-0.9831312669
-1.1170151527
-0.6837700675
0.4671006595
0.7281300179
0.5691725691
-1.3607961499
-0.4562650099
-0.3028048723
-0.9624342719
0.5018537316
-1.1772040715
1.8037925554
-0.7957010149
0.7954951515
1.6289064416
0.3917165462
1.2733576189
0.2233880296
1.8635275818
0.7569284498
-0.1127416029
-1.2981466575
0.9633462913
0.3507106878
-0.6840377746
1.7010122438
1.0563092576
-1.0142852038
0.7426126727
1.3785013249
0.8339535506
-0.0505535808
-0.1680442750
0.4609631303
0.1211656726
0.9890133483
-1.3493467594
-0.6873283182
-0.4945793459
0.2379392465
-0.5386762399
-0.6057084755
0.0179613231
1.5251177906
-2.0836849801
-0.6883089514
-0.1274750472
-0.4277295934
0.2954772675
-0.5089654114
-1.5128880741
-1.1120242418
2.0747562846
-0.9422794805
-0.0785809788
-0.0601179251
-0.4171334685
0.3620069928
-0.5709851428
0.0190131548
0.2632584587
1.2322225835
-0.1456481384
-0.4014584621
0.1816271701
-2.1851323787
-1.1191147600
0.8820707357
-1.8581626495
0.2600797268
1.0865906289
-0.6698816898
