16 8 0.20
14 0 1 0 4 1 1 1 2 1 3 1 4 2 0 2 1 2 3 3 0 3 1 3 3 4 2 4 3
14 0 1 1 0 1 1 1 2 2 2 2 3 3 0 3 1 3 2 4 2 4 3 4 4 5 4 6 4
20 0 4 1 4 2 0 2 1 2 2 2 3 2 4 2 5 3 1 3 2 3 3 3 4 3 5 3 6 4 1 4 2 4 3 4 4 4 5 5 1
14 0 0 0 1 1 0 1 1 1 2 2 1 2 2 2 3 3 0 3 1 3 2 3 3 4 1 4 2
18 0 2 1 2 2 0 2 1 2 2 2 3 3 0 3 1 3 2 3 3 4 1 4 3 4 4 4 5 5 1 5 3 5 4 6 3
11 0 0 0 2 0 3 1 0 1 1 1 2 1 3 2 0 2 1 2 2 3 0
13 0 1 0 2 1 1 1 2 1 3 2 0 2 1 2 2 2 3 3 1 3 3 4 1 4 3
20 0 3 0 4 1 3 1 4 1 5 1 6 2 2 2 3 2 4 2 5 3 2 3 3 3 4 3 5 4 0 4 1 4 2 4 3 5 2 6 2
1 2
9 7
2 9
11 4
4 8
3 9
6 0
8 2
0 0 0 0 0 0 0 0 0 0 0 0 0 0 0 0
0 0 0 1 0 0 1 0 0 0 0 0 0 0 0 0
0 0 0 1 1 1 1 0 0 0 0 0 0 1 0 0
0 0 1 1 0 1 0 0 0 1 0 1 1 1 0 0
0 0 1 1 0 1 0 0 0 2 3 2 2 1 1 0
0 0 0 0 1 1 0 0 0 1 3 2 1 1 1 1
0 1 1 0 0 0 0 0 1 2 2 2 1 1 1 0
0 1 1 1 0 0 0 0 1 1 2 1 0 0 0 0
1 1 1 1 0 1 1 0 0 1 0 1 1 1 0 0
0 1 0 1 0 1 1 1 2 1 0 1 1 0 0 0
0 1 0 1 1 1 1 2 1 1 0 1 0 0 0 0
0 0 0 0 2 2 1 1 0 1 1 0 0 0 0 0
0 0 1 1 2 2 1 1 1 1 0 0 0 0 0 0
0 0 0 0 1 1 1 1 0 1 1 1 0 0 0 0
0 0 0 0 2 1 1 1 0 0 0 1 0 0 0 0
0 0 0 0 0 1 1 0 0 0 0 1 0 0 0 0
0.2102704467
-1.7158303194
-1.8946050715
0.5084331635
1.9733100057
-0.3598805862
0.2049381410
2.0292277352
-0.9085971233
-0.1291678766
-1.0974659357
-0.8590915164
0.4811908560
1.8121522764
2.3158070360
-1.4295906289
0.3761216884
-0.4421038458
-0.8479609329
0.4175639031
0.1684875674
-2.0549952057
-1.2897047240
-0.9732342499
1.1639134292
-0.6987355540
-0.0018192292
0.7324924620
-1.0041119506
0.7913644870
-0.9760550532
2.0134355115
1.3843278028
-1.3933684074
1.3559759618
0.9819127025
1.8713477089
-0.7885389591
-0.6950122196
-1.3372778666
-0.2610066542
0.0351280252
-2.0029668799
0.0782201163
-0.9720348719
0.0428907257
0.2099117376
-0.3171214220
-1.1954728190
1.1891333458
-1.7532786954
1.0615602998
0.4719428004
1.4539921071
-1.6411786017
-0.9952459877
-0.9042508364
0.3980862209
0.5360405993
-0.1211736940
-0.0501206508
-0.5057078371
0.2815078181
-0.0112366379
-0.1857276092
0.6050226483
0.5683836005
1.0316627076
0.6473452471
-1.7278437251
0.5067220684
0.0048237353
1.0412825349
-0.1062224837
-1.0579401500
0.7601435974
-1.7551217857
-0.1928697161
-0.8901614999
0.3771460439
-0.8737910808
0.3558573163
0.9914658883
1.5618977142
-0.4601116241
0.0673168164
1.6348665775
-0.1786240772
0.2044269631
1.8692931776
0.7138343469
0.0283785125
1.7198897436
-1.2036336634
1.3850274569
-0.7106593816
-0.5609563225
0.4226513816
-0.9742232616
1.1979608495
1.0111191749
1.3691462186
0.0768190497
0.6432793014
0.2148768261
1.7247729673
-0.1991406155
0.2451341395
0.7961724212
-1.6431430124
-1.9899606906
-0.0722759005
-1.3276442707
0.0493134384
-0.4258825325
-0.9267813460
0.4242665287
-0.6098344428
0.8634281981
-0.4597652084
-0.2919758087
0.7889326903
0.2150470054
0.4477896078
-0.8874334412
-1.4355231891
-1.0262614874
-0.2560639640
0.0063303289
-0.8536436489
-1.6255133846
0.0822031421
-1.5458324322
-0.7379629818
0.8040470417
1.4067455947
1.0352865452
-0.0352476785
1.8416302148
0.6721161097
-1.6079168241
1.1908318151
-0.5136082070
-0.2559255719
-0.2086209649
1.1732024313
-0.1417889702
1.9060997817
-0.0132750378
0.3875393706
0.5526335438
-1.5589933245
-0.0527769467
-0.4555300585
0.2684136807
1.1174173809
-0.4782716701
-0.3448699819
0.1665156815
-0.3568694685
0.4671173007
0.8953506128
0.8424277660
0.4745485689
-2.8492642039
-0.9101767208
-0.0655851960
1.0490848045
0.1794625467
-1.4770562758
0.8567566932
-0.0502188049
0.6747357693
1.4415245462
-0.4150723013
0.9598058968
0.2365394177
-0.1274893615
-1.5135786039
-0.7874464466
-2.9007580223
0.5443239287
0.5701084353
1.2926592308
-0.6460261882
0.5163912790
1.8959579875
-1.1963433739
-1.1577243837
0.6585409454
2.9968500079
-0.8785813197
1.9598589813
-0.2992612896
-0.6648744949
0.6165021629
0.0526501012
-0.9585559723
1.4184161050
-0.8930107856
0.6016122592
0.3988319681
0.6521788200
0.2708614230
-1.4717440024
0.2760835593
-0.3992017668
0.9115602802
-0.0750009819
-1.7979767700
-0.4474248819
-0.1509076658
-0.0303109489
-0.8794420221
-0.3089950262
-0.1494613296
-0.6223532198
0.6921161641
0.9616699305
-0.4007193325
0.1591323581
-0.4419107410
0.5982330017
-0.8078097274
-0.8987620252
-0.1284608878
-0.3624668406
0.3507783387
0.8044630189
-1.0922614409
-0.9072232433
0.0563007637
0.5425980485
0.3045800985
-0.6465997332
-1.1327853643
1.3389866049
-0.6895164942
0.7355856137
-0.1015476902
-1.5356362047
0.2731810940
0.1563870123
-1.4495025707
-2.3369511809
1.5762535371
1.0941562368
1.3350840888
-0.1563922087
-0.4362421424
0.7888203533
1.9130006557
1.1029255582
2.1051569455
1.0390130379
-1.5643348550
0.2804200114
1.2317094853
0.5219907091
-0.0545031916
-0.2679268017
1.0338776672
-0.1286062060
-0.9794770223
-0.0109763187
-0.6354551621
-0.8004755024
0.9981595368
-1.6774199906
0.0177474848
0.0106581531
-0.0292410718
0.2311892854
-0.9366537085
-0.8341210538
-0.3534000114
-0.1463374162
-0.1114518629
0.1437741991
-0.4240255218
-3.5948769852
-0.5507687888
0.9893836724
1.3499901789
0.2530033686
0.1587152949
0.0027256169
1.4515526103
-0.0538296310
-0.9175596133
-0.3001951779
0.5971526866
-1.6569801470
-0.6295426569
0.8242162638
-0.0027433486
1.6194760648
0.6993677512
-1.1584814331
1.5281961882
0.0051880316
-0.6125173930
0.5874440742
-0.3244953888
-0.0182770600
-0.2823047298
-1.1923662321
-0.2397690868
-1.0501293933
-0.4776886433
0.6143191077
0.4627489877
0.9011749617
-0.9410297421
1.0601452669
1.3289170999
-0.5158939327
0.3994699113
1.7000757518
-0.1313390300
0.0761237498
0.3950384400
-0.5367816641
0.1328715764
-1.0064746849
0.1627151476
1.0312419602
1.4636425015
-1.6550461931
1.5170202040
-1.7632657552
-1.6340953617
-0.2388708299
1.0915234017
-1.2812579050
1.0380241183
0.4613952913
-0.6347534271
-0.3326619413
1.1100513142
-1.0952087951
-2.0821560679
0.1069789261
-1.4499779081
-0.4175956909
-0.2855350954
-0.2301266539
0.1793444951
1.7331049142
1.0473127671
0.5619452460
0.8316348724
-0.5919244114
3.2117613322
0.4399641180
-0.0377211505
0.0781008424
0.9479842195
-0.0456238974
-0.1969976444
-0.7936888047
0.8867136668
0.4655468895
1.7322080871
0.1631148586
-0.4780904682
0.0295712960
1.2122875466
0.2806311787
2.1419786914
-0.2113072055
1.9472236817
0.8763502543
0.5810561156
0.6149170428
-0.4256751430
1.5776160666
0.1563025387
-0.9438920597
-0.2335477863
0.0717797034
0.4155753314
0.6165116996
-0.4574245217
0.3929857803
2.2066363442
-0.0250555736
1.3397834450
-0.9464996565
0.5159508459
-0.0921553890
-0.1441569523
0.9457160398
-0.3342005110
-0.2975513314
0.3649816460
-0.0541993060
-0.8421420474
0.6449111156
0.4524932197
1.3519937343
-0.2885668183
-0.7330078384
-1.0373824378
-0.5045573761
1.2485480171
1.0434689708
0.0149851589
0.3703805994
-1.0118329677
-1.2246630964
-1.3803108958
-1.2483138149
0.5846383804
-0.4812523120
-0.1912262178
-0.7318539556
-0.1406660317
-1.3944948025
0.0063901569
0.3120936556
0.7904535576
-1.1190105844
-0.2960614458
0.9505490977
0.3769476802
0.2630994410
-0.5809056735
0.6092765120
-0.2167837380
-0.1735976260
-1.5371513656
0.1416674051
0.9649614759
-0.7191648740
-0.5111952548
1.1692564557
1.6388217067
-0.2513823049
1.3116689777
-0.6558378750
-0.3798658110
-1.9750457840
-0.3630172759
0.2742971823
-0.8050989305
0.2470997127
-1.5802840430
-0.8068484362
-0.9768890169
1.4087887449
-0.0813699780
0.2153198789
-0.7980874261
-0.4785380584
-0.5551851804
0.0932481714
-1.8729764615
1.5427937316
-1.4929208145
0.3082073578
-0.5528070381
1.6170854357
-1.5722664166
1.0505380591
-1.1360925234
-0.9691467651
1.3151436697
1.8629384758
-1.2108815288
0.8201180321
0.1688156983
0.0250331296
0.0610493558
0.6251412907
-1.1247953987
-1.3974570810
-1.2194649475
-0.6337295806
-1.0385576356
-0.2935961406
-0.3220660777
0.9385791706
0.5158419637
1.5868840774
1.4012669556
0.1821856545
-0.8421879580
0.3084910607
-1.6697943552
-2.6218301760
0.5340730828
-0.1913478029
0.5578778561
-1.0519793514
-0.7928865673
0.9364986793
-0.2696594807
1.7593448577
-0.4097235863
0.3534112009
1.4364075322
-0.3897773492
-0.0897512185
0.4960688564
-1.1973681560
0.4851595271
-0.4427892349
0.1494577439
1.0891851164
-1.1390377612
-1.1264176500
