13 8 0.08
10 0 1 0 2 1 0 1 2 2 0 2 1 2 2 2 3 3 1 3 2
8 0 2 1 0 1 1 1 2 2 1 2 2 2 3 3 1
8 0 0 1 0 1 1 1 2 1 3 2 1 2 2 3 2
11 0 1 0 2 0 3 0 4 1 0 1 1 1 2 1 3 2 0 2 1 3 0
10 0 3 0 5 1 2 1 3 1 4 1 5 2 0 2 1 2 2 2 5
12 0 2 1 0 1 1 1 2 2 1 2 2 2 3 3 1 3 3 4 1 5 1 5 2
9 0 1 1 1 1 2 1 3 2 1 3 0 3 1 3 2 4 1
8 0 0 0 1 1 1 1 2 1 3 2 1 2 2 3 1
7 9
6 8
6 4
3 7
7 1
3 0
7 3
4 6
0 0 0 0 0 0 0 0 0 0 0 0 0
0 0 0 0 0 0 0 0 0 0 0 0 0
0 0 0 0 0 0 0 0 0 0 0 0 0
0 0 1 0 0 0 0 0 1 1 1 1 0
1 1 1 0 0 0 1 2 1 1 1 0 0
0 1 1 1 0 0 0 2 2 1 0 0 0
0 1 0 1 1 0 0 2 1 0 1 0 0
0 1 0 0 3 1 2 2 1 1 2 1 0
0 1 1 1 2 3 3 0 0 2 1 2 0
0 1 1 1 1 0 2 0 0 2 1 1 1
0 0 0 1 1 1 0 0 0 0 1 1 0
0 0 0 0 1 0 0 0 0 0 0 0 0
0 0 0 0 0 0 0 0 0 0 0 0 0
1.8209080361
-1.3927115213
-0.5052677478
1.8984852920
-1.0055313436
-1.3749155705
-0.3916140765
-1.2167012830
-0.0370942012
-0.2606844109
0.1691790160
-0.8100908850
0.8713484350
0.4145793442
-0.7010294413
-0.4564967792
0.2523896326
0.6315198560
-1.3162095787
-2.0305872045
2.5243529410
0.5452828009
-0.6429614691
-0.0337407586
-0.1090747153
-1.0538969275
2.1361285503
-0.1192981478
-0.2968635025
-1.5074844988
-2.5950405468
0.7272791358
-0.8115158682
-0.7906369181
-0.6126291206
0.0027231022
-0.3859640541
2.0893590128
0.5339030832
-0.0795053612
-0.4178050987
0.4051969966
-0.5750430563
-0.7470903724
-1.6455227225
-0.1748407516
0.2417490770
1.1813960362
-0.8847471345
-0.9603040218
-2.0279702746
1.5887996611
-0.7876372656
1.7405626635
1.4616355235
-0.7128924626
-1.2412941584
0.1192890413
1.1169944891
-0.3469871083
-0.1548183231
0.4165884573
-0.7690319827
-0.5140999973
-1.6309637021
0.3454213093
0.4168870209
-2.1412449487
-2.0877861718
0.1067467223
0.4451017121
-2.1461900707
-0.8414912475
-0.3422435844
0.8570503901
0.0267535590
-0.9205198557
1.1242994586
-1.6226631697
-1.1822399618
0.7816354541
-0.8116572925
1.4570069670
0.2514125125
0.3879798608
1.1952577099
-0.5675330921
1.1981497021
-0.5882561806
0.6945491656
1.6175860453
0.0545684026
-0.6746025696
0.6081280672
0.3627549661
-0.0662727597
0.7820534123
-0.5864223954
0.3208108801
0.7931204829
-1.0476956010
-1.0270998999
0.0558917434
-0.5723229173
0.7327638950
0.9035143370
1.1000128066
0.8685599337
0.3211567098
0.8622177800
-1.8104782709
-0.5439846892
0.2205109494
-1.4229224535
1.0339616321
1.5425006366
1.2288709018
1.5460786735
0.3960943521
1.3392608855
-2.1036540749
-0.6363501228
0.9951120761
-1.8120296656
-1.3480984618
0.8077922130
1.4427071882
0.7221023680
-1.1234819240
-0.2075775627
-1.6093419674
0.8528446155
0.2483903387
1.1731527146
0.7007102836
-0.1901692731
-0.8163573222
0.9201002456
-0.4642736357
-0.1948391801
0.3083109550
-1.0474807706
0.4209487778
-1.0886839494
-2.0182062511
1.6391064424
1.9325130338
0.0441643868
-0.6850388853
0.7039473464
-1.0125744594
-1.9641848068
0.6320359473
1.4393227914
0.8530962499
-0.7221460501
0.7279066695
-0.1066218840
-0.6285239163
0.0944692840
-0.9462078792
-2.6385508886
-1.3234677505
0.3806161268
0.6423379256
0.0780833442
1.6214223660
-0.7817455096
0.0495012477
-1.1729622655
-0.1283308195
-0.2743126698
0.9961698019
1.3675521496
-1.1592216787
0.2033825557
-1.4590048671
-1.0342145645
-1.5344332837
-0.9667600357
2.2819290044
-0.5064940632
-0.2608931398
-1.2681316128
-0.1101787130
1.6087235864
-2.0110860750
0.4825237376
1.1104469905
2.1469454115
-1.7437123523
-0.1499753261
1.1216885644
-1.3375450755
-0.6169442528
0.4197772682
-1.2093221337
1.1807702240
-0.1882880532
1.1474115201
2.3230256832
-0.1318556841
-0.8986871063
-0.4876644440
-1.7139861930
-1.0641218144
-0.9904398091
1.0947654353
-0.0956319486
0.8042171104
-0.5556388769
-0.8509925324
1.8655916856
1.0359977815
-1.0301401352
1.0322877113
-0.4829994979
0.4246181971
0.0270422462
-0.0659106791
1.3637831061
-0.9432437252
0.1115363774
0.2597613975
-0.8378200551
-0.2416178164
-0.2681938221
1.6316422036
1.6570278656
2.2351134536
0.6195422917
-0.0106049559
-0.0283250893
0.7125174144
-0.8672905240
0.8702592577
1.0540493868
0.8792926534
-0.5036809422
0.4567841582
0.7538685539
0.2053726723
0.2695384304
0.5764238014
0.2177003651
0.6927648448
-0.7905093480
0.7663758675
-2.2364149719
-0.8572198209
-0.5129643410
-1.7890314938
0.2053986657
-1.0497283831
1.7451985890
0.0701213516
0.6510644301
0.7832813880
0.5950004229
0.1591696342
-0.2020812057
0.7467458856
2.2107183061
-0.8809678239
0.4987315373
-0.6595902277
0.0074595064
-2.0261369231
0.9560906174
-0.7683705526
-0.7450265512
0.6630505065
-0.1007753451
-0.6565153838
-1.7549905999
2.4211631144
-0.6710997904
0.4096902836
-0.7845617376
0.0643738747
0.5353560895
-0.8788221268
2.9455516307
-0.2497321664
0.1272882874
-1.6177806612
-0.3717234518
1.7899139427
-0.3933122307
-0.1668120487
-0.7848908905
-0.0825725570
-0.0552328664
-2.4023903422
-0.7653929981
0.9969603831
0.5957669353
0.3384192460
0.8019264201
-1.6890924529
-0.2346184099
0.4106954252
-0.6554660825
0.3850625215
0.9072379190
1.2582354436
-1.5682133441
-0.1815212594
0.8651948449
-1.1035908248
0.7370680743
0.5329365575
-0.8032584062
-0.5854019920
-1.8477600565
0.5207995801
0.9850473991
-2.7038006712
-1.8484526807
0.5929482495
1.2202619024
-0.0177583308
-0.8734817351
0.8087459735
0.9227025737
-0.0823586709
1.6374017460
-0.6932262560
0.6902055621
-0.8942141527
0.7278925273
1.3922293852
0.5758134491
-1.4484291096
-0.3994913588
-0.3903297126
0.1600684442
0.0469957679
