17 8 0.04
10 0 2 0 3 0 4 1 1 1 2 1 3 2 0 2 1 2 2 3 2
15 0 1 0 2 0 4 1 2 1 3 1 4 1 5 2 0 2 1 2 2 2 3 3 2 4 1 4 2 5 2
7 0 1 0 2 1 0 1 1 1 2 1 3 1 4
7 0 1 0 2 1 0 1 1 1 2 2 1 3 1
11 0 3 1 2 1 3 2 1 2 2 2 3 3 0 3 1 3 2 3 3 4 2
12 0 2 1 1 1 2 1 3 2 0 2 2 2 3 3 0 3 1 3 2 4 1 4 2
20 0 2 1 1 1 2 1 3 1 4 2 0 2 1 2 2 2 3 2 4 3 2 3 3 3 4 3 5 4 3 5 1 5 2 5 3 6 3 6 4
7 0 1 1 0 1 1 2 0 2 1 3 1 3 2
9 11
3 9
8 3
5 12
12 1
1 11
2 3
10 4
0 0 0 0 0 0 0 0 0 0 0 0 0 0 0 0 0
0 0 0 0 0 0 0 0 0 0 0 0 0 1 0 0 0
0 0 0 0 0 1 0 0 0 0 0 0 1 1 1 0 0
0 0 0 0 1 1 1 1 0 0 1 2 0 2 1 0 0
0 0 0 1 1 1 1 1 0 0 0 2 2 2 1 0 0
0 0 0 0 0 1 1 1 1 1 1 1 2 2 1 0 0
0 0 0 0 0 0 1 0 0 0 0 1 1 1 1 0 0
0 0 0 0 1 1 1 0 0 0 1 1 0 1 0 0 0
0 0 0 0 1 1 1 1 0 0 0 1 0 1 0 0 0
0 0 0 1 1 1 1 1 0 0 0 0 0 1 1 1 0
0 0 0 0 0 1 0 0 0 0 0 0 1 1 1 0 0
0 0 0 0 1 1 0 0 0 0 0 1 1 1 0 0 0
0 0 0 0 2 1 0 0 0 0 0 0 0 1 0 0 0
0 0 0 1 1 1 1 0 0 0 0 0 0 0 0 0 0
0 0 1 1 1 0 0 0 0 0 0 0 0 0 0 0 0
0 1 1 1 1 0 0 0 0 0 0 0 0 0 0 0 0
0 0 0 1 0 0 0 0 0 0 0 0 0 0 0 0 0
-0.3858970956
0.4579864558
-0.3838167304
-1.3484992817
0.5390237647
-0.3397077102
1.8537372774
1.2131192987
-0.2603043550
-0.2578991308
-0.8510540219
0.5178610888
0.2525034982
-0.8601987958
-0.6547733756
-0.7630678343
0.2899878263
1.1832297507
1.1470165274
-0.4859185540
-0.1991528661
0.9835745555
0.6043051295
1.3315406570
0.0796006552
-0.4309727407
-1.0713984584
1.0361868881
-1.2447164860
0.3776085362
0.2192074622
-0.4231854358
0.4650511238
0.5199005133
1.6410138477
0.6408336910
1.3154132647
-0.1791001314
-0.9590553043
1.4424627423
1.0433152447
1.4848907988
-0.8529236983
1.6669291581
1.0190718688
-0.6837799250
-0.0102397042
-0.1410948435
-0.2116518080
0.3323973710
0.9245772786
-0.0479655605
-0.5440648921
-0.1156471506
-2.5594568132
-0.0109082170
1.1556525039
0.6751846349
-0.2832018541
2.2922397391
-1.4782854526
0.4037189122
1.1362324081
-0.1538939375
0.1334828595
-0.6003462301
-1.5197725482
0.0502349693
2.0851788263
-2.2177470482
0.3394444912
1.3859244171
-1.6934628968
-0.9060739343
-0.1733954422
0.4395701806
1.7964589084
-0.7631703803
0.9354391195
-1.3519996212
0.1110766042
0.4820776911
0.6428758197
0.1428937560
0.8052794146
1.6410508895
-1.6365687039
-0.2026691018
-0.7910039242
-1.7255489057
-0.8389494967
-1.3116682566
-0.6633413385
-0.6252209292
-2.0634981271
0.3039428599
0.8372690312
-0.1466355112
0.8733731859
-1.6147885806
-0.3103182450
-0.8729362731
-0.8437723996
0.7620114401
-0.7940190566
-0.3397388808
0.5699489758
0.6742146076
2.0826363796
-1.7385586476
1.6618326094
-0.4279050762
0.2003022270
1.7346994622
0.7215469466
1.4658942096
0.3136089590
0.2152721266
0.4465298093
1.8346998894
-1.6161600360
0.4705229732
-0.3822054448
0.4152513760
0.7203160513
0.9329390445
-1.7855957919
0.9686781099
-3.4627312545
0.6504549975
-0.3042296386
0.6107787348
0.6064933772
-0.3635010320
-1.0699846965
-0.2986475757
0.9756071359
0.6185394289
1.1932385266
-1.1641286330
-1.0704690279
1.2389906600
1.3068160736
1.3519959458
0.0086092170
-0.6675837601
3.1356656684
0.6114126938
0.9447202507
0.2391866022
-0.9784785875
0.8931611905
0.0690206664
-0.1631987532
-0.3084093254
-0.1068568068
0.8755884649
-0.0044103585
-0.8400553262
-0.0521063911
1.2404018462
-0.8440635173
-1.4639068958
-0.2344904359
0.8865488878
0.2715792105
0.0321575733
0.2785342468
0.2097241262
-0.9967299370
-0.1436155456
0.6358963315
1.8982734979
0.1803365319
-0.9191709347
-0.2573653548
1.7226784780
0.0516291228
-0.1242669921
-1.0931593290
-0.3927822375
-0.5932398150
1.1249657994
1.1659160950
-0.6904846641
-0.9148650414
0.0079002545
-0.2092682499
0.0465593923
2.2108392018
-0.5037743200
-0.5349948364
-0.6021151858
-1.4292753096
1.9483036611
-0.9015389090
-0.7502587855
0.9530834324
-1.7167403043
-1.6658127185
-1.0488790396
-0.4585147904
0.6041850330
-1.2007030769
-0.1096888700
-1.4914889289
2.1075418790
0.6705741083
-0.1342534732
0.6806822205
-0.1136683600
0.4789087568
0.5140960366
0.5202485472
-0.0439655527
-0.3402169553
-0.9087523727
-0.7005054593
-1.3937053256
1.0517050220
1.1713365665
2.0335120208
0.0971544185
-0.3167736996
0.8442080550
-0.9995134487
1.2097962820
-0.5737481376
0.5150828391
-0.6883736808
1.0176109997
-1.7772424323
1.3863599497
-0.5587457533
-0.3274702752
0.9360188913
-1.2178881065
0.3743734176
0.4285748793
-0.1670001570
-0.4979464799
0.4971632119
-0.0134322365
1.7078761378
0.4209366922
-1.0386905174
-1.0809890615
0.8725715729
-1.9483483032
0.6099305892
1.0780159575
-0.9481955926
-0.4366904943
0.1705194295
-0.4524469936
1.1338072545
2.0025673318
-1.1070503126
0.2670019709
-0.4526873962
-0.3389823519
0.0787137332
0.0107636190
0.8308563895
0.8838601952
0.2001281112
0.8419863035
1.7749514149
0.9897082436
0.2585903984
-0.8168645074
0.9248708835
-1.5160173648
1.2740544434
-1.1229064805
-1.7408416061
-1.7242806162
1.1381393925
1.0515975953
-0.3207128324
0.1001644741
0.1567465589
0.1424633234
0.4430636715
-0.8302965740
-1.1456514842
-0.1177957930
-1.0936271346
0.3756567105
0.6871776924
-0.7259798117
-1.4464408355
0.4077559085
0.3263666899
0.9180029663
0.6098327624
0.9184303694
-0.4130297481
-0.7047038973
0.6370195758
0.0270623846
0.4299868348
1.6538638861
-1.4525539902
-1.4496818332
0.5133158069
2.3534566764
-0.6009867865
-1.0013107108
1.4220193838
-1.6199705128
1.0229651347
1.8565027008
-0.6408244175
-0.1731119713
-0.6616184901
1.8697768014
0.4185386078
-0.0772878616
0.3167223755
-0.5723854985
0.7271635974
0.5401757907
-0.2131589593
-0.8575938859
-0.8100802517
0.5437926294
-0.6792103843
0.2136355642
-0.3565102143
0.3602475736
0.1800266698
-1.9254522877
-0.8941334348
2.8214738715
0.0151755481
-0.6473060285
0.3376147725
-2.4578166507
0.5007032649
1.1447275438
0.6109624325
-0.9767770878
3.1795812035
0.4411926368
0.1996921524
0.7351812197
-2.1784091630
-0.1861768742
-0.1647438521
-1.6073928077
-0.6075386565
-1.2494311162
-0.1165489201
-0.3793194124
0.8435162404
-0.4944395346
-0.4096293645
-0.8305314210
-1.5155274129
-0.0480938894
0.1774467791
-1.0487080615
-2.0729575877
-0.3945057140
0.4787372243
-0.0478460074
1.7577939106
-0.2609247383
1.0631402252
-0.4135848254
-0.7235993228
-0.5866783920
-2.0269633818
0.4154100831
-0.3748216465
1.3593590462
-0.7979326569
-0.2615815309
-1.0121781804
-0.8615799615
0.4290170887
0.8925780717
0.7877024374
1.1429459050
-0.3708774080
0.2748475716
-0.3678909801
-0.6230219713
-0.3275716224
0.1008590718
-0.0067436045
0.0207874121
0.6099839268
-0.6156069780
-1.5857448338
0.1011155666
1.1147786978
-0.0696580937
1.5830911313
0.2282859262
0.4790136761
0.6320171255
1.1079345009
0.6816704521
-0.7262396575
0.3823312869
-1.2832224928
0.1798348612
-1.0740825206
-0.6039868736
-0.9611743185
0.5942724505
-0.5220724168
0.3243517108
0.7873630859
-0.2669739702
-1.9241156718
-2.4421770920
0.3631165286
0.6892827248
1.1846082123
-0.2787707104
1.1978915548
0.3506770507
0.1349468030
-0.4300415194
0.8110922394
-1.8530235029
1.0082903383
-0.4189979032
0.3614044324
1.0703866319
0.1722101045
-0.3274185899
0.0733322362
-0.2580714857
-0.6564559650
-1.3119324675
0.8880278170
1.2671542844
-1.7471532353
-1.0016680203
-0.4219584283
1.2194782036
-0.3249130489
-1.5944420333
0.4350865534
-0.5074030643
-0.8212654304
-1.1715284717
-2.0234788339
-0.7393713296
1.4690574720
-0.8693468858
0.9644588731
0.9960200319
1.2934945512
0.4436755799
1.7264371264
0.3308363815
-0.9249710256
-0.5398399464
-1.2294456009
-0.1740036273
-1.0353168185
-0.8411969052
0.5956618608
1.1974979456
-0.1034156715
1.3618937065
0.3157214185
-0.0083337487
-0.7228915087
0.0569109087
-0.1178805704
-0.1260171362
-0.6957976794
-0.9759364369
-1.4430918662
0.0723317994
0.3338094194
0.8010086168
-0.7536701641
-0.2863389525
-0.1404733519
0.1288055918
-0.6889391434
0.8322625080
-1.2837580570
-0.1744875646
0.7416485564
0.3777768100
0.6490338426
-0.3573494648
0.6724240469
0.6487156875
-1.2025583174
-1.0631825957
-0.7671258737
1.1866264826
-0.5628378926
0.0038682635
-0.6632765648
-0.4319459555
-0.8766711143
0.8197925819
-0.6385199644
-0.3194219572
0.6204793745
-0.2251277675
-0.8348348403
-0.6294457114
-0.7048736648
-0.0929082593
0.3143993733
0.7441430684
-0.9861557817
-0.2795905291
-1.2642802304
-0.5335938439
-0.4990038468
-1.0974729945
1.1630528658
1.2130136153
-0.5734160370
-0.8724882665
-0.7700070141
-0.9383361013
3.1403282613
0.6830308641
-2.4692225289
1.5193266112
1.2150076740
-1.0011237028
1.4275419389
-1.4486075902
1.3752066732
0.2980907971
-0.5417811078
1.0700945074
0.1000226123
-0.4162837577
-0.2412528166
-0.1923861592
-1.0832708207
1.5679254256
-0.1018731448
-0.4079827127
-0.2144889455
0.7612048606
1.3178000299
0.7568856365
-0.2767663245
-0.0171563897
-1.4815006709
-0.6065798172
0.6561662861
-0.0065868379
-1.0689442045
1.3204991304
-1.2450050867
0.1633712249
0.4719256234
-0.3083469653
-1.1761860998
0.1666432959
0.4779052590
-0.3029598686
-0.2166008115
0.6368835696
-1.1433611562
-1.6695129835
-0.4759418529
-0.7444110569
-1.4878711958
-0.4290869029
-0.7782802618
