14 6 0.11
8 0 1 0 2 0 3 1 0 1 1 1 2 1 3 2 0
12 0 4 1 0 1 1 1 3 1 4 2 0 2 1 2 2 2 3 2 4 3 0 3 1
8 0 4 1 1 1 3 1 4 2 0 2 1 2 2 2 3
5 0 0 0 1 0 2 1 0 1 1
11 0 2 0 4 1 2 1 4 2 0 2 1 2 2 2 3 2 4 3 1 3 3
4 0 0 0 1 0 2 1 1
9 2
1 5
4 8
2 7
2 6
2 11
0 0 0 0 0 0 0 0 0 0 0 0 0 0
0 0 0 0 0 0 0 0 0 1 0 0 0 0
0 0 0 0 0 1 1 1 3 2 1 1 1 1
0 0 0 0 0 1 1 2 3 1 1 0 1 0
0 0 0 0 0 1 2 1 1 1 1 0 1 0
0 0 0 0 0 0 0 1 0 2 0 1 1 0
0 0 0 0 0 0 0 0 1 1 1 1 0 0
0 0 0 0 0 0 0 0 0 0 0 0 0 0
0 0 0 0 0 0 0 0 0 0 0 0 0 0
0 0 0 1 1 1 0 0 0 0 0 0 0 0
0 0 1 1 1 1 0 0 0 0 0 0 0 0
0 0 1 0 0 0 0 0 0 0 0 0 0 0
0 0 0 0 0 0 0 0 0 0 0 0 0 0
0 0 0 0 0 0 0 0 0 0 0 0 0 0
1.1240402928
-0.3506155124
-0.8226396155
-1.2822343610
0.7406664689
-0.4697087829
-1.7224229538
0.1309668816
0.1242658898
0.0270780709
-0.1656427283
0.2615279050
-1.1508145440
0.3398102360
0.8774549459
-0.0029955436
1.1568773706
-0.1478971414
-0.3644306956
0.0457665719
-0.6132373911
-0.9680279332
0.5844695151
1.1507430838
0.3149660028
0.8833720376
-2.1896680721
-0.4008841368
-0.3173477847
-0.0194971386
0.9903426023
0.5534277196
0.2072831319
-1.9587519250
-1.0661677497
0.5590725952
-0.3678192051
-0.6946375999
0.7194639706
0.3868979398
0.6345808227
0.1249113414
0.4788617005
0.3271486419
0.2285888754
-0.3336359158
0.3165014880
-1.2060895572
0.0826203330
-2.4232532492
0.5050673270
0.6352978180
-0.7457595150
-0.7002844774
0.1428804921
-0.7896405647
-1.1217286580
0.0790300307
0.2294997115
0.6501802900
-0.3156686693
-0.5125513311
-0.8713335074
-1.1123990139
0.5603038497
0.2553698698
-0.8205637573
1.8932723709
-0.7646918916
0.2375020569
-0.8217120464
-0.6907488209
0.5188797745
-0.4146815691
0.4015179533
0.6605115806
-2.0001759623
0.3331979780
-1.9753983928
1.2404018308
0.3396795274
0.8462434028
-0.1416878152
1.2984387242
-0.7859495074
-1.5502534883
-0.4258721966
0.8256578343
0.6533631654
-0.5052859769
-1.0388165731
-0.9069699932
0.4451014486
-0.5323946766
1.6046977619
-0.2127761060
-0.9978214247
1.4539821813
-1.0880090882
-1.5719090323
0.5964754243
-1.6213930219
-0.1674725632
-1.1492627910
-0.1569470880
1.1256454477
-1.5892347137
0.4984659538
-0.4391726704
-0.1225569318
-1.1932806277
-0.5345371745
0.3120039201
0.1234167951
-0.5613052849
-1.8488245034
0.4303812215
-0.4820337213
0.7715928071
-0.8446001278
-1.3989663951
0.0729554841
0.3267451727
-0.1600642833
-0.1515768564
-0.3498797197
-0.3855207247
0.1630726306
0.4661057999
-1.1960143658
-0.5170290839
-2.7526485108
1.0651335396
-0.1620407530
0.3450764251
-1.4189483304
-0.4501761451
-0.0102249935
0.1527617753
0.7780842176
1.0528648576
0.9976803029
0.6299215620
-0.4100149434
0.4146848161
0.1059614679
-0.4524139321
1.5723775451
-0.6039607929
-1.0122461774
1.3436455421
-0.9892869426
-0.5697816794
1.4990721470
0.8017511421
0.3278954810
0.7889549540
-0.7960414483
1.0447568939
0.2842594339
-0.3792837854
-0.3584561073
0.6368919300
0.7169797543
0.2154119958
-0.9451533938
-0.3722107720
-2.2425413256
0.4535598191
0.2698642682
-0.1369924667
0.7350343009
-0.7375771425
-0.2468897155
0.4419051884
-1.1187135460
0.9893252026
-0.8655370269
-0.3692255715
1.0639997723
-0.4098544455
-0.8936233011
-0.5648581926
-0.4214638457
-0.7606771897
0.3614950831
2.0084426858
0.1637498911
-1.1319094056
0.2656277518
-1.2377104581
0.2006846496
-0.0279958034
-0.3608340453
-0.0289653266
0.2664205233
-0.1373977821
-0.6747234042
1.9499174936
0.3010428686
1.2853199225
-4.0390892145
1.2150333229
-0.8617633864
-3.0614159630
-1.8388098540
-0.8207397160
-1.0094644271
0.6330691303
0.2632211040
1.5207595090
-2.5118595583
-1.6416589473
-0.6080149517
2.5962251062
0.2723746666
0.1374996222
0.4226050259
0.5480866033
0.3896163572
0.2573195400
-0.6385613472
-0.3603758076
0.6360001944
2.4507345174
0.5604982408
1.3814340902
0.3301989631
-0.7049255762
-1.7153148477
-0.0137115457
-0.6444661989
-1.3226505419
1.7728700665
1.0240283023
0.0392539990
0.4294256566
1.6704443402
-0.5704609267
-2.1897977665
-0.6131908329
-0.3602652770
1.3917740315
-2.0347809526
-0.9759517389
-0.1366963693
1.4793750301
-0.2459769459
1.2033211891
0.6587677178
1.9044694888
-0.0329890108
-0.9578155360
-0.1577377551
-0.5590576463
-0.1578912536
0.4902344803
-1.4803648870
0.3579026944
-0.8740043618
-0.6380319164
-0.7619548040
0.2910356834
0.3007915558
-0.7894711811
1.7883843238
-0.7685182894
-0.0458185394
0.8224486534
-0.2450954559
-0.9469901602
-1.5659566556
-1.7897822988
-0.3015054085
-1.7852032090
0.4844943978
-1.4157735939
-0.0720522827
2.3046239327
0.8000729527
1.0267614860
-0.0161695597
-0.9174981198
1.0760790125
-0.4203112949
-0.9130077609
-0.4912131188
0.2189242470
0.5553354602
-0.7310375760
-1.0853022753
0.6674869495
1.5607238925
-1.2859205749
0.4652452409
1.3045235357
1.7505372442
-1.5509510967
0.5189871271
-1.4380452484
0.0441995704
-2.0841209495
1.5326599419
0.7791274646
0.3004760126
-1.1740260040
0.6743739400
0.4630992751
0.1104005960
0.3849336196
-2.1963098389
0.6066203770
-0.1460681090
0.8769943924
-0.4458223894
-0.1987545527
0.1100694274
0.2979246486
-0.2380794176
0.3507543322
0.1488483216
1.2434275375
0.4291133997
-0.5479736006
0.1147118977
0.0806469680
0.9783404505
-0.3023606961
0.9535579807
-1.1861042055
2.1569335063
0.1903487476
-0.6010561332
-0.1111540061
0.6778415948
-1.4781103146
0.6476600756
-0.0660875678
0.2799374365
-0.1606763153
0.3217268056
0.9843563473
-1.8678054139
-0.9656371496
0.5049058140
1.2205340281
0.7637574876
-1.5385140569
-1.5905543771
0.0203721235
-0.7081323876
-1.4714328490
0.1404354934
0.3021039943
0.5784176061
0.4746355685
-0.7618343100
1.2231897444
0.4033898156
-0.9565539031
-1.0804986451
-1.7796499100
-0.1776874230
2.0366939333
1.2629851657
0.3061708144
0.7642773391
1.1513168096
0.7569693774
0.8166257701
-0.4490457100
0.2825390392
-1.7840865931
-0.3011859684
1.0568784079
0.7292562283
-0.4652617538
-0.3722714262
-0.8165473569
0.4480636122
-0.0891072179
1.7291339177
1.2479478485
-1.7648849157
2.1019511513
1.4562649432
-1.0452686035
0.4298516233
0.8121095617
-0.6654518144
1.2290016736
-0.4300290736
