11 5 0.08
7 0 1 1 1 2 0 2 1 2 2 2 3 3 1
7 0 1 0 3 1 0 1 1 1 2 1 3 2 2
7 0 1 1 1 1 2 2 0 2 1 3 0 3 1
7 0 0 0 1 1 0 1 1 1 2 2 0 2 1
7 0 1 1 1 2 0 2 1 2 2 3 1 3 2
2 6
8 0
7 3
2 3
0 4
0 0 0 0 0 1 0 0 0 0 0
0 0 0 0 0 1 0 0 0 0 0
0 0 0 1 2 1 1 1 0 0 0
0 0 0 1 1 2 1 1 0 0 0
0 0 0 1 1 0 1 1 1 1 0
0 0 0 0 0 0 0 1 0 0 0
0 0 0 0 0 0 0 0 0 0 0
0 0 0 0 1 0 0 0 0 0 0
0 1 0 1 1 1 0 0 0 0 0
1 1 1 2 1 0 0 0 0 0 0
0 0 1 1 1 0 0 0 0 0 0
-0.3315257807
0.4380575323
-0.0078777013
-0.6913792829
0.2292352927
0.3620448206
-1.2667481123
0.7827950725
0.6952960752
-0.1977394843
0.8446170439
-0.9404090418
0.0076179448
0.2279288857
-0.2638044499
-0.6045569243
0.3562122757
-0.1102142700
0.3470174667
0.0717965819
0.4520516990
1.1382294229
1.1687305043
-0.5793226381
-0.1411959873
-1.0101508967
0.6969807349
0.3257433321
-2.1071107943
0.6192950301
0.0394214008
0.4269287930
-0.4106948080
0.8586817947
-1.2972601622
-0.9714140620
-0.8561344685
-2.9877025383
0.6168553610
0.0788419556
1.7361306263
0.1867156190
2.2424124298
0.3954376853
-1.0251765260
0.9936298468
-1.7365277206
0.0890243618
1.5231894147
-0.6248463976
-0.9255508921
0.9945209807
0.6678653567
-0.2234794026
-0.3505751185
-1.7259107887
-0.7938859534
-0.6941660762
-1.4594272232
1.0616424369
-0.0421248795
0.3745515046
-2.0250295669
-0.5467507181
-0.0568317341
0.1125518227
0.4410385689
-1.5118332804
0.7167409560
0.8203735037
-1.5702898398
1.6624577533
-0.0565164378
-0.9528501293
3.1045058122
1.9528078683
0.7608830481
0.5994103470
0.2040175899
-0.0087700646
-0.3754927919
-0.1677984674
-1.7778128655
-1.4302804510
-0.3769413094
-2.0640859882
-0.3777587183
0.1157708627
1.3370932793
1.0456482787
1.1646715381
-0.8138137304
-1.8051425185
-0.8301825801
-0.6344058980
-0.5182448500
0.1029626954
0.8916108570
-0.4992817856
1.2494187475
-0.1304896916
-0.0029444808
0.3606751529
0.9622075035
-0.0300396638
-1.4427670547
-0.5115022330
0.6870366798
0.3746998179
-0.8142820326
0.7917282595
1.8478856107
-0.2096813706
2.5474427289
-0.8903169257
-1.7787376409
-0.5465745779
0.3616624881
-1.0598219989
0.9072626795
1.5167733091
-0.0944893375
0.6689107983
0.8671322431
0.0231879987
1.3869376964
0.0125555741
1.1595182635
-0.7205576207
0.1844609077
0.0082730268
0.1784865124
-0.9172040036
1.8865683419
-1.1116912619
0.7123741284
0.2486849432
0.6400635193
-2.1779547249
0.4454939110
2.0409191377
-0.8648747065
-1.6002059699
-0.0381780649
-1.3138720727
-0.8111065124
1.4594575206
-0.0280114646
-0.6242831926
1.1246367529
-0.4781199131
0.8195751958
-0.8745861424
0.1154123664
-0.1821145848
-0.9481018215
0.0963308874
-0.4684746359
-0.3614376744
-0.6209558985
0.0684868635
-0.0807370336
1.4665203072
1.7751033522
-1.2063441119
0.5316387924
-0.4915857447
0.7598131835
-0.8495816794
-0.7001779206
-1.2390778797
0.6536962029
-0.1172996330
1.6569019622
1.3476686918
0.7201358464
0.9848389442
0.6918471748
-0.7239552868
0.4665915890
-0.3735159009
-1.1517776794
0.5437523189
-0.2479697230
0.0501912107
-0.7545947115
-1.1767907614
-0.6770093223
1.9151681378
0.8521773262
0.8684382981
-0.3661425854
0.5422347684
0.4680405265
-1.5899987190
2.2218870141
1.2385429666
-1.2013352313
0.2134641086
0.0249261862
0.6773691385
-0.2949541875
1.5983600515
1.1024100564
-0.4255583057
-1.4495639896
-0.8000769249
0.0895679234
-1.0275048289
-0.1950435491
-0.2195612584
-1.8332310931
-0.6690049492
0.8683913626
-1.0511683918
-0.2946662390
1.0279514456
-1.4926924649
0.7562509711
0.8634403398
0.8119036500
-1.3555249911
0.0919681003
-0.7650607767
1.1351450923
-0.8798040178
0.2763259547
-0.0907794762
0.6193785606
0.3663851108
-0.1852070608
0.4010204999
0.3067816264
-0.2687721319
0.8417537419
0.2265737940
0.9130736464
-0.6109396359
-0.4585326001
1.5916082087
0.1909899422
0.5566509195
