20 10 0.01
7 0 1 0 2 0 3 1 0 1 1 1 2 1 3
11 0 0 0 1 0 2 0 3 1 1 2 1 2 2 2 3 3 1 3 2 3 3
13 0 2 1 0 1 1 1 2 1 3 1 4 2 4 2 5 2 6 2 7 3 6 3 7 4 7
24 0 0 0 2 0 5 1 0 1 1 1 2 1 3 1 4 1 5 2 3 2 4 2 5 2 6 3 2 3 3 3 4 3 5 3 6 4 1 4 2 4 3 4 4 4 5 5 4
18 0 2 0 3 1 1 1 2 2 2 2 4 2 5 3 0 3 1 3 2 3 3 3 4 4 0 4 1 4 2 4 3 5 3 5 4
13 0 4 1 0 1 1 1 2 1 3 1 4 2 1 2 2 2 3 2 4 3 1 3 3 4 3
20 0 0 1 0 1 1 2 1 3 1 3 2 4 1 4 2 4 3 5 0 5 1 5 2 6 1 6 2 6 3 7 0 7 1 7 2 7 3 8 0
10 0 1 1 1 1 2 2 0 2 1 3 1 3 2 4 1 4 2 4 3
15 0 3 1 1 1 2 1 3 1 4 2 0 2 1 2 2 2 4 2 5 2 6 3 1 3 2 3 3 3 4
12 0 0 0 1 0 2 1 2 1 3 2 0 2 1 2 2 3 0 3 1 3 2 3 3
9 5
6 1
2 0
10 6
9 9
10 9
3 10
1 11
9 11
5 14
0 0 0 0 0 0 0 0 0 0 0 0 0 0 0 0 0 0 0 0
0 0 0 0 0 0 0 0 0 0 0 0 1 0 0 0 0 0 0 0
0 0 1 0 0 0 0 0 0 0 0 0 1 1 0 0 0 0 0 0
1 1 1 1 1 0 0 0 0 0 1 1 1 0 0 0 0 0 0 0
0 0 0 0 1 1 1 1 0 0 1 1 1 1 0 0 0 0 0 0
0 0 0 0 0 0 1 1 0 0 0 1 1 1 2 1 1 0 0 0
0 1 1 1 1 0 0 1 0 0 0 1 1 0 0 0 1 1 0 0
0 0 1 0 0 0 0 0 0 0 0 1 1 1 1 1 1 0 0 0
0 0 1 1 1 0 0 0 0 0 1 1 1 0 1 1 1 1 0 0
0 0 1 1 1 0 1 1 1 0 0 2 2 1 1 0 0 0 0 0
0 0 0 0 0 1 2 1 2 0 2 3 2 3 1 1 0 0 0 0
0 0 0 0 0 0 1 1 1 2 3 4 2 3 1 1 1 1 0 0
0 0 0 0 0 0 0 0 0 2 3 3 4 3 1 1 0 0 0 0
0 0 0 0 0 0 0 0 1 2 3 2 3 0 0 0 0 0 0 0
0 0 0 0 0 0 0 1 1 1 1 1 2 1 0 0 0 0 0 0
0 0 0 0 0 0 0 0 0 0 1 0 0 0 0 0 0 0 0 0
0 0 0 0 0 0 0 0 0 0 0 0 0 0 0 0 0 0 0 0
0 0 0 0 0 0 0 0 0 0 0 0 0 0 0 0 0 0 0 0
0 0 0 0 0 0 0 0 0 0 0 0 0 0 0 0 0 0 0 0
0 0 0 0 0 0 0 0 0 0 0 0 0 0 0 0 0 0 0 0
1.0795007292
1.1048236242
1.4762405665
-0.3088775148
1.3828333458
-0.2704887036
0.1115501557
-0.6801089254
-0.7365952961
0.1975330944
-0.4657465244
-0.9263805126
-0.1814889602
-0.0626573123
0.9242892942
-0.3243585374
0.3138365984
-0.0570029198
1.2362020957
-0.1281921479
-1.0100154067
1.2516538405
0.7737919382
0.7807326125
-0.3279201073
-0.1311318768
0.1533828936
0.8801248384
-2.2328968392
0.7667191819
-1.4591433411
-0.9098383039
-0.7795026139
0.5218268539
-0.9769757260
-0.7844429907
1.0543290425
0.0772097628
-0.8240480376
0.6996817671
-0.5109520779
-0.7259656291
1.6314551277
-0.4703970407
0.3238739169
-1.5554704303
1.1693725254
-1.4221846022
0.1255456251
-0.4749567889
1.3423233294
0.7907982146
1.4019679648
0.6914268892
1.0477610168
1.1612114493
0.4839554345
-0.5599985763
-1.6207759989
-0.6338855665
0.7846254073
0.0840489922
0.5615748653
0.1146237168
-0.3810149171
-1.4614253258
-0.3216434947
0.1831239692
-0.3788486010
0.7642403711
-1.5243538662
-0.0485883600
2.2739957177
0.0127309707
-0.9815765798
-0.2789126395
0.9870571281
-0.3532213104
0.9735767377
-1.5855670997
-0.1112588989
-1.6046432560
-2.3368565713
0.3226704107
-0.5119669418
-0.0868095400
1.4873950635
0.3086082213
-1.1875218999
1.2777189830
0.8985296761
-0.6694872356
2.1399265544
-1.2567465570
0.3970875685
0.3690687775
0.3351330695
-0.0983629138
0.0271890280
-1.3563945161
-0.3500027427
1.1678496941
-0.3344459663
-0.2671298039
1.3582609954
-0.8092920814
-0.2167942388
0.2541643932
-1.0724084513
-1.6880241596
2.4244002686
-1.5471808809
0.4693287111
-1.2096214529
1.6174200705
-1.7084613820
1.2725500890
-0.8376005060
-0.4713500745
-0.6501130713
-0.6042989607
1.3586016222
-0.2259974594
-0.1276138412
0.2109848623
-0.3056680299
0.2727776876
0.4330281231
1.3091366092
-0.0370581624
0.6447061046
0.8175150456
0.3687708893
1.7629133808
-0.0321066014
-1.9177991121
0.5291362334
0.1042639014
-0.8976886969
0.4327223618
0.2964269640
-0.2192510088
-0.1965815009
-1.7642266117
-2.2626296736
1.5179894488
1.5847681925
-1.0533801599
-0.1091724085
-1.1150111165
0.2997303230
-0.9473421023
-1.2126493888
-0.5182983685
1.0071659928
-1.6535071645
1.6610604063
0.2731329863
1.0751366931
0.7356804823
0.1955156251
1.5774592611
0.8898775213
-0.1833776686
-0.9374910565
-0.8751689447
0.8345523224
-0.6804565269
2.1930414348
1.7952318329
0.5971994677
1.9832210798
2.5164296986
-0.7404384966
0.1298414625
-1.5023294841
1.4133330229
-0.1209271130
-0.4124718556
-1.7872488946
-0.7247792205
-1.4330604469
-1.2028149976
-1.0175026373
-1.1369245761
0.0895402257
-1.5457306056
-0.8360898873
0.3859594150
-0.7437944686
-0.0806245605
-1.7272012295
0.3035780020
-2.0822680219
-1.5267826620
-0.3456719096
-0.0390040246
-0.6631701694
0.0204396738
0.0574122286
-1.5423862521
-1.7978934401
-0.2189063263
-0.2696574917
-0.4338429400
0.3371519271
-0.9222874467
-0.1862685646
-0.7217066600
-0.1825254278
-0.9079854632
-0.2906141349
-0.0295233092
0.9478078909
0.1095000674
1.3186826665
1.7597960281
1.0965972606
0.0404684489
0.8288695861
0.5605053297
-1.6902573213
0.5801583229
2.4536305945
-1.4786323248
-0.6023962300
0.3193594060
0.2195927027
0.4355730724
1.0974979277
0.3587840162
-2.1215186946
1.0349919089
-0.2439305930
-1.7008661779
1.2049980114
0.7590644992
1.4160072604
-0.2011093405
-0.9755783954
0.9737534822
-1.2289264842
-1.8562895950
-0.7789218340
-0.2848023987
-0.3713290152
0.0964645381
-1.0701669080
-0.8178018076
0.4756394024
-0.2042709582
2.5281477522
0.3751945304
0.3519696348
-1.3230949100
-0.0940379958
-0.3436837681
-1.1239967266
0.1634535805
-0.5551142920
-0.6888097826
-1.3918984615
0.2635832234
0.7163468887
-1.6549049245
0.8467831770
1.7980141681
-0.8218915023
-0.1365977246
0.9118120672
0.4872227686
0.3213600140
0.2520529833
0.0929573466
1.3877352777
0.8352269707
0.2380229163
0.0249368531
-0.0563720857
-0.6662051172
-1.4183422563
0.6631873892
-0.5245555613
-1.0587615384
0.3585698516
-0.2017116451
-1.5993088062
-0.5933364188
-0.0226545582
-1.3036674468
0.4538493466
2.2951186339
1.9815613263
-0.1224470521
0.4585200656
-0.6420794036
0.9970333616
0.7208178186
-0.2602000593
-1.8018662027
-0.2375661158
-0.7790223179
-1.5743568551
0.0500477288
-0.1508697316
-0.1663842499
0.4189469011
0.4544159348
0.9911220717
0.9344120487
0.0306500911
-0.4276057156
1.4659222858
0.5925716253
0.5020483276
0.5530018462
-1.0613634284
-0.2193465981
-0.2067736118
-0.0074768804
-2.1202534970
-0.1226380084
0.7119783551
0.8541203968
0.1504270763
1.9692439479
0.9897097043
-1.1747839842
0.8451818851
-0.7371129082
-1.4633243770
0.8834161435
0.5557606013
2.1299708638
-0.2040921882
-1.2574344388
0.5181115141
1.0089388025
0.1364536388
-0.1154339403
-0.0042440319
-1.2584759263
-1.9167353963
-0.9495264995
-0.0726887769
-1.1571009266
0.3392252403
-1.4467390301
0.8846628126
1.0952775798
-0.2699470461
0.5449227517
0.6859323613
0.7348387102
0.2103616694
0.5570191205
1.9082288724
1.5888470846
-0.3195830630
0.1197516404
-0.4347959012
0.4031750976
0.9192100644
-1.6431299529
-0.8076531015
-0.5581593916
-0.3332030434
1.2937853572
-2.8413451666
0.3647931857
-0.7893567721
0.1147008711
-0.0684816104
-0.5199208119
1.5474686092
0.1233361787
1.0422539161
-1.3044218508
0.9486079011
1.4429050172
-1.5796139132
2.3019521617
2.3840187740
-0.4053121256
-0.3081362388
0.2699447144
0.4163989179
-1.3501958348
0.9685539615
-0.3995204618
2.2233142259
-0.8638404361
0.9995957847
-0.9947850654
1.4124610894
-1.1171235972
0.6361048415
2.7527299311
0.4551806082
0.4205910193
-0.7409765337
-0.6746160900
0.4329450286
-0.8608082634
-0.0907740319
2.2142549889
1.8003254426
1.1275137139
-1.7099057570
-2.0525261584
1.2289003572
1.3169373574
1.8002124721
-0.1078680728
0.0721702592
-0.0160236104
0.5260005472
1.7416994496
-0.0248846473
0.0471028067
0.6683531957
0.8814163469
-0.0784789809
0.1816369484
-0.1403054119
1.1138945003
1.1839978345
-0.8129014395
0.1089802439
1.2632428583
-1.0179512623
0.6089255673
1.4397492315
0.4728313900
-1.0169781333
1.2408373086
0.8952999010
-1.7089149660
-0.2073721290
-0.5381443860
-1.6392735446
-0.7722929239
-0.1292667871
0.2514016742
0.8734485000
-0.3947976582
0.9478282604
-0.1937925650
1.3614247868
-0.1986188541
-1.1579015528
0.3519385470
-0.6855133711
0.2127291809
0.2478249177
0.6970066390
-1.1532309961
1.3343240031
0.8212047181
0.3106623646
-0.7344654074
-0.5518354663
-0.7570043221
2.0642585291
-0.4920478038
-0.1629905380
-0.0631316149
1.3225401136
1.9568856873
0.2141661671
0.7309783870
-1.0736396711
-0.6928295290
0.0286355551
-0.2123311980
1.7898905198
-0.1610139948
-0.8962262178
-1.7220983281
0.3721155062
-0.9101409452
-2.1015933276
1.4322569888
0.5075569603
0.2479782776
-2.0182188732
-1.2120033966
-0.2486734666
-0.0114902311
0.9281393799
0.5009062794
-0.7679682286
0.0425834025
-0.0768045547
0.2845335836
-0.7662089807
0.0778397306
0.5232973307
0.5617914111
-1.4423115943
-0.8072370752
-0.0848735211
-1.8108531398
0.4598523715
0.6020235424
0.2136527956
-2.5776489360
-0.8833542480
-1.8055447915
-1.0469016589
-0.3127604182
2.3883461107
-1.3914787825
1.0095347967
-0.1046708167
-2.5916115051
0.2343174700
0.1519534381
-1.0896835826
0.4302894418
-0.7960812041
-1.1765781649
-1.6654102376
0.8436498128
2.3525327893
-0.3050681210
-1.1469014695
-0.1354971263
0.7745331926
-0.3964855826
0.1405720850
-0.7094314381
-0.5154961437
-0.4354668788
-1.3265910020
0.0888520294
0.9002659008
0.8551649797
-0.4979618195
0.9915731837
-0.2090339810
-0.0990739410
0.3496404354
-0.0300500862
0.0335675504
-0.0863386979
-0.9927983333
0.4712031264
1.4665590256
-0.0131747797
-0.0470014652
0.1354686302
0.5787194869
0.0354931625
1.4052541685
-0.2480145061
-0.7030445378
0.4588850892
-2.8543790179
0.9268614894
0.4148094025
-0.6083180206
0.3780854931
-0.9766912595
-1.5383435352
1.2720279186
-1.2956857584
-0.3398601992
-0.6089862143
-0.7298342205
0.8958530397
-3.3141771887
-1.2137160732
0.7513329293
1.1688111944
-0.0436894154
-2.1080025324
-0.6556731170
0.9396236547
0.6692269677
-1.6623145942
0.0267132963
0.4982815150
-0.4673106120
0.7218770596
-0.9295891319
0.6166327794
0.7094339426
-0.1591107599
-0.8761318250
0.6451672824
1.5460264221
0.6950809855
0.1624116874
1.7723199037
-0.1476969555
-0.2685034746
-0.0937225100
0.0759025317
2.7895346563
-0.5344330935
-0.8446601433
-0.6585211680
-0.3392540004
0.8755707514
-0.9984352784
-0.4252394949
1.1044116048
0.3263150352
-0.0002382494
-0.2995132564
1.6254277407
0.8004233646
0.6589585544
1.0839969980
0.9180636872
-0.4310865156
-0.8997707302
-0.3499452400
-1.5910825524
-0.1422955135
0.7743080669
-1.4712200616
0.4349370924
-0.4183314684
1.2910344856
1.2834260022
2.5579028072
1.0705573331
0.0811271000
-0.6902993810
0.0342877698
-0.4159783623
-0.3434254611
-0.4273064103
-1.7043241623
0.4485944270
-0.5823430913
-0.0259044274
0.7875245494
1.0116881747
2.1207028175
-0.6341776642
-0.9603474677
-0.9256719882
0.9153375843
1.6621504298
1.7849384386
0.6079285915
-0.7498516956
0.7160093304
-0.4781233207
-1.8714803821
-0.2286842402
0.2330632849
-0.7764536001
1.8404871737
0.6960719997
0.1040205343
-0.1348379233
-0.3637153970
1.7892008565
-2.0761101779
-0.3930403009
-0.3785123500
-1.3233173973
1.7506878370
0.4202662101
-0.5114935867
-1.0943525497
0.1186728926
-0.0873684830
-1.2586025358
-0.0773498532
-0.0384147924
2.5946620506
-0.8322501622
-0.0667933142
0.3893630431
0.6706950024
0.6683418659
1.9048227100
0.8961059196
-0.7158537005
-0.5221435720
1.2497675147
0.5906067547
-0.6128187748
-0.4177357113
-0.6547604691
0.5966023765
1.1574310133
-0.1687252344
-0.3745082968
1.6334169230
-0.4154563967
-1.0203496274
2.3943510636
2.0681674391
-0.7276907347
0.7747605220
1.5268207629
-1.1650306175
-0.7403641959
1.4136926277
-0.6134288882
0.1854973336
-0.1049318505
0.8685698064
-0.1497685193
-0.5425965831
-1.0073358966
-0.7704269969
-0.0342590833
1.3428412559
0.7189797650
-0.9574233864
-1.2946162930
-1.6898915349
-0.8805859461
0.4895292587
-0.5625199712
-0.9225468847
-1.6801713417
-0.8906655507
0.0630153635
1.5942809285
-0.3857643179
-1.3812843815
1.0113419440
0.5962598449
-1.0363581595
-0.7744508170
-0.6151491902
0.3034148661
0.4048703974
-1.0389686857
-0.7424340960
-0.5416110866
-0.9010130005
0.5335917706
-1.7434146111
0.0544227933
0.6311602910
0.5627180573
-0.3061874603
0.9985745335
0.3496148119
1.7936275229
0.7769902995
-0.5382936216
0.7188256170
-0.0176275638
1.1105685840
-0.4399504684
-2.6539295824
-0.4532295788
1.7003054043
-0.1677799471
-0.2756943053
-0.1373508756
-0.3617636855
0.9061347218
-0.1022453434
-0.4286293833
1.9287527358
0.7679766590
0.4580069419
-1.7935738720
0.7687865817
-0.0983201093
-0.0836596278
-2.0284965467
-1.9472432300
0.9796572997
-0.5677121515
1.7458252776
-1.3738114537
0.0260902988
-0.2866720016
0.2182235938
0.2265182441
-0.7293347897
-1.0541143846
-0.3787737577
0.4055577429
0.7752123805
-1.0869552129
0.3157190024
1.0984691733
1.1597637381
0.6092296945
1.5488199670
-0.9007168493
0.1062553941
-0.0096923079
2.0466924787
-0.2495982438
0.7257241032
-0.8309622868
