10 4 0.01
9 0 0 1 0 2 0 2 1 3 0 3 1 3 2 4 1 5 1
8 0 1 1 0 1 1 1 2 1 3 2 2 2 3 2 4
9 0 1 0 2 1 0 1 1 1 2 2 1 2 2 2 3 3 2
9 0 0 0 1 0 2 0 3 1 0 1 1 1 2 2 0 2 1
1 3
1 3
5 3
7 0
0 0 0 0 0 0 0 0 0 0
0 0 0 1 1 0 0 0 0 0
0 0 0 2 1 1 1 0 0 0
0 0 0 1 1 1 1 1 0 0
0 0 0 1 1 1 0 0 0 0
0 0 0 0 2 1 0 0 0 0
0 0 0 1 2 1 0 0 0 0
1 1 1 1 1 1 1 0 0 0
1 1 1 0 0 1 0 0 0 0
1 1 0 0 0 0 0 0 0 0
-1.0009460819
-1.5277190428
-0.9511761435
0.4609424958
-1.1961133275
1.4170831284
-0.2419148052
0.9900212521
-0.2608516415
0.6103764377
0.3126700445
0.7138238797
0.2747156036
0.4697276029
1.0130351291
1.0086938743
0.9841503979
-0.5311857909
1.9426376578
-1.1504647281
0.2940732185
0.8063791950
-0.9347904676
0.0418796945
-1.1377331965
0.7051350194
-0.2847110862
0.3621878872
-1.9935121879
0.3573580514
-0.6080359744
-0.4899765347
-0.1888391711
-1.3194565636
2.1138421750
0.4829890517
-0.2615062104
0.3307461635
0.9584279337
0.3798586341
-0.6024380546
0.2404445803
-1.3040724949
0.8101449639
1.5942834902
-0.5404520520
0.5582707713
2.1202737149
-0.0431730336
-0.1167833446
-0.5687010207
0.1706395537
-0.5293805545
1.6473350612
-1.4648892946
0.8693845223
0.0428090071
0.8716405368
0.6257306142
0.2535207184
1.6585899951
1.3205537611
0.3451899574
-1.5119529467
1.0294024831
0.6320156304
0.5985209315
-0.3109076981
0.0164232330
-0.2914014439
0.2429527453
-0.5788952757
0.8245918317
1.3555435428
0.6556777659
-1.0766140613
0.4503241497
-0.3581792989
1.2660285080
0.2421261168
0.1774054035
0.3960147847
-1.1914280493
0.2431394959
-0.4460299838
1.3836291451
-1.3880454795
-1.7374752392
1.4627389923
0.2538212298
-0.2236631959
0.9629984541
-0.4926099813
-0.9802989783
-0.3974731496
-1.5434249140
1.1502639483
-0.2341455494
0.2543902638
0.3968931003
-0.2387146311
-0.0649696950
0.4451619183
-1.4348778599
1.1993946812
-0.8915325206
-0.8539509177
1.3693373265
-0.9249745900
-2.4358154062
-1.8840658274
-0.1505034930
0.8163545712
0.3446109837
-0.9009763277
0.6966990608
0.3228512818
-0.0851579419
-0.1629231119
-0.6137951059
-1.2759659643
0.6531374733
-1.3042348416
0.3655798100
-1.1270895417
-1.0401584568
1.1323040445
-1.4042662404
-1.1551175049
0.8478259251
0.8290704155
-0.6887721720
-0.5591776059
0.4996993197
0.3927147586
-0.9561203079
1.3804182327
-0.6939422858
0.4237481650
-2.1236158804
-1.1884300373
0.0013043735
0.1069264220
-0.4386132134
-0.5381587346
1.3581847875
-1.6113939165
0.2926136349
-1.3857268015
-1.1760879626
-0.3973224125
-0.0068507441
-1.4638667521
0.0159710939
0.0628098106
-0.8805048345
-0.7826446310
0.1893227968
-1.1753475831
-0.3755311770
0.3799409082
-0.4323169260
1.0428464170
-0.8620107964
1.3681521494
-1.0897034334
0.5705308494
-4.2596902759
0.6332571417
-1.9881112400
-1.4445929698
0.5211214735
-0.4365937247
0.9108050317
0.0797569827
0.0461024012
-1.0301260905
0.0696716299
0.1720461652
-1.8596714479
-0.7834414592
-0.5125809762
-0.3177845138
1.0121814003
1.0311054775
-0.7243123713
-0.8078954495
-1.6865362811
-0.8371740628
0.6951167251
0.2269712948
0.8001165822
1.1517132535
-1.6560076787
0.5895309476
-0.1843776150
1.0601232657
0.4224277413
-1.8665870750
0.7637259867
