13 7 0.03
12 0 2 1 2 1 3 2 0 2 1 2 2 2 3 2 4 2 5 3 1 3 4 4 4
9 0 3 1 2 1 3 2 0 2 1 2 2 3 2 3 3 4 2
10 0 0 0 1 1 1 2 0 2 1 2 2 3 1 3 2 4 1 5 1
12 0 1 1 0 1 1 2 0 2 1 2 2 2 3 3 1 3 2 3 3 4 2 4 3
14 0 3 1 2 1 3 2 0 2 2 2 3 2 4 3 0 3 1 3 2 3 3 4 1 4 2 5 2
10 0 0 0 1 1 0 1 1 1 2 1 3 2 1 2 2 3 0 3 1
13 0 0 0 1 0 3 0 4 1 0 1 1 1 2 1 3 2 1 2 3 2 4 3 1 3 4
6 7
4 4
3 1
8 0
2 8
1 0
8 0
0 0 0 0 0 0 0 0 0 0 0 0 0
1 1 0 0 0 0 0 0 0 0 0 0 0
1 1 1 1 0 0 0 0 0 0 0 1 0
0 2 2 0 0 0 0 0 0 0 1 1 0
1 1 1 0 0 0 0 1 1 0 1 1 1
0 1 1 1 0 0 1 1 1 1 1 1 0
0 0 1 1 1 1 1 0 0 2 1 0 0
0 0 1 0 0 0 1 1 0 1 2 0 0
1 2 1 1 1 0 1 1 1 1 1 1 1
2 2 1 1 0 0 0 0 1 0 0 1 0
1 2 1 2 1 0 0 0 0 0 0 1 0
0 2 1 1 1 0 0 0 0 0 0 0 0
0 0 1 1 0 0 0 0 0 0 0 0 0
-1.0418366915
-0.9510511661
0.3528028639
-0.3208895433
-0.1467512174
0.1312510420
0.4823843490
1.6924187525
-0.0195640840
0.8399940344
1.3864093301
1.6198782858
0.8358119820
0.5056712724
-0.6184583649
-0.7225837607
1.1351656369
-1.4202047477
-1.2703722898
-0.2817665205
0.6326944897
-0.0634015963
0.1797307006
1.7019940061
-0.1410210803
0.1010345778
-2.8406972164
-0.2616804038
-0.2119103571
1.1853981296
0.0548438375
-0.5073925753
-0.4524671006
1.2702255383
0.6903278067
1.1171296098
-2.0551415851
0.8076010845
-1.8666881665
-2.3531443561
0.9142373647
-0.7514889194
1.5457287351
1.6507906117
0.1103107291
-1.1908920847
0.3804942187
-0.0086934862
-0.6558718882
-0.5261650512
0.4516028547
0.6472677525
-0.0439461001
0.9830774315
0.0743537154
0.3387665073
0.0840632669
-1.9841995276
-0.8435895688
1.1550270604
-0.3312536014
-0.3263909978
-0.5082887496
-0.2091379045
-0.3563846314
-0.9386445814
0.6668849635
1.7022137672
-0.6654929588
-0.1048203267
1.8221577245
0.2488964498
0.0356266309
-0.0333316006
-0.9543856053
1.7863632888
0.2591791708
-0.4042991089
0.5668730733
1.2759002773
-1.4922566303
-0.5982568742
2.0838199534
0.6321870020
0.4438514869
-1.9306989724
1.2476243577
-0.5628765133
0.3978907012
0.9812498229
0.7101984506
0.7856294377
-1.6940436996
0.1269833577
-1.1266734731
0.2242824656
-0.2450544744
0.2478338980
0.5138450128
2.2360829146
-0.4244949301
-0.1548357548
0.3525036150
0.2510066823
0.4927072554
-0.0642560959
-0.0929286772
1.0129410856
-0.0242678086
-1.7314948750
0.5224168654
-1.6974442838
-0.9781315301
-0.2859246834
-0.2034212948
0.1766434597
0.9844560336
0.2382128769
1.1441833995
2.0903108180
-0.2631557654
1.1408056187
0.8802967520
1.3412946802
0.2431735743
1.0140437139
0.0964604887
-0.1226181497
0.1266954934
0.2577792300
-1.8304134494
0.1048396494
0.2953057417
1.0490717356
0.5647926997
-0.5265914867
-0.0406531903
0.1468664793
-0.6010847467
-2.4866264602
0.1854869216
-1.0684027314
0.4813903140
-0.0662332085
1.5399280414
0.6818969674
0.3864452378
0.0091325585
-0.0209915381
-0.3352959593
1.7066578971
-0.0902894913
0.5751665104
-1.7119394618
-0.3360652521
1.1246612767
-0.3500479726
-0.6635152088
0.9474659210
1.1267574646
1.1231536600
-1.6318557120
-2.8226836500
-0.7664505674
0.1586624915
-0.3115066432
-1.3983759232
-0.5517970860
0.6620061098
0.4879426921
-1.4683706444
-0.6536312426
0.6071828671
-1.1229389113
-0.2970629601
0.2881157062
1.1849079157
1.8484177432
-0.7813730659
0.6148123021
1.1307393259
0.2698604494
1.1766613609
1.2778344646
0.0671057450
-1.4095845206
-0.6327114735
-2.7269056026
0.3040433474
0.1609171987
-0.8291422731
-0.0457941586
0.0249355328
-0.8880794073
0.0409790630
0.1130393900
0.0088175517
-0.3984742713
0.7365887102
-0.0988039708
-0.7653027754
1.1956442590
-1.2119425426
0.0174358074
-0.0812716968
-0.9727999874
-0.0820822471
1.0046176790
1.9981306912
-0.7457750133
-0.2416728226
1.4664214129
-1.0038845435
1.0589182608
1.0318413340
-0.3017633167
-1.4355254653
-1.5428220576
0.3416909475
0.6081711973
0.7302783360
0.9987036256
-0.1253743089
0.6753250198
0.0100725899
1.0848834137
-1.4230168547
0.3026945385
0.3317343519
0.3956333496
0.8788832670
-0.7938691730
0.6154902620
-0.7185977340
-1.0843469308
0.3819401532
0.0815984548
-1.0732426503
1.0498659388
-1.2406064217
-1.1423795860
0.1153273362
-0.0956957977
1.3766472808
0.6731276775
0.8771045348
-1.1837929649
-0.4599847713
0.8331038384
0.7175377575
-0.8581348878
-0.4407415731
0.7118169795
-1.3503791627
0.5975283058
-0.4565110607
-0.2212045616
0.3963225576
0.7773481129
0.1317216459
0.8800789403
0.7785821351
1.0175363797
1.0173898165
0.4525551427
0.1358295278
0.1905797940
-0.6894352653
1.2952920868
0.1401446795
-0.6079723679
-0.2983495252
0.2735809740
-0.0170914606
1.5345899329
0.2110806649
-1.0615500342
1.2995861526
0.1096496865
-0.0471392873
-1.0008069065
-1.2773693846
-1.7441857684
-1.1673260696
-1.4245730855
-0.2854579893
0.3039703046
-0.7354010480
-1.1055331318
-1.4715448075
-0.5896774714
-0.6264256137
0.5484365769
0.1445841389
-0.7517448640
-0.5831317577
-1.2154222175
-0.2623797386
0.8107182318
1.0117480580
-1.3422960204
0.8372102038
2.5105193318
0.5802692227
0.3881673563
0.4098895980
-0.6967550508
1.4522966927
0.7778080792
-0.8785191069
0.3530821720
2.1794076903
1.0474114245
-0.1454556893
0.4457773820
-0.4989227930
1.0879604679
-1.2270402974
0.5910386753
-1.3652214881
-0.5539636741
3.1652238280
-0.0969644417
0.4767062216
-0.3185448785
-0.2198089503
-1.4550496254
-0.1223214332
-0.4806640928
-1.4481735379
0.2909830762
0.9252075106
-0.8173588795
0.0561102888
1.2109810564
-2.3979229337
-1.2994140693
-0.3304101699
