14 4 0.06
17 0 1 1 1 2 0 2 1 2 2 2 3 3 0 3 1 3 2 3 3 4 0 4 1 4 2 5 0 6 0 6 1 7 0
17 0 0 0 1 0 2 0 3 0 5 1 3 1 4 1 5 1 6 1 7 2 3 3 2 3 3 3 4 3 5 4 3 4 4
17 0 0 1 0 1 1 2 0 2 1 3 1 3 2 3 3 3 4 4 2 4 4 5 1 5 2 6 1 6 2 6 3 7 1
17 0 3 1 1 1 2 1 3 2 0 2 1 2 2 2 3 2 4 2 5 2 6 3 2 3 4 3 5 3 6 4 3 4 4
5 5
5 2
1 2
7 5
0 0 0 0 0 0 0 0 0 0 0 0 0 0
0 0 1 0 0 0 0 0 0 0 0 0 0 0
0 0 1 1 0 0 0 0 0 0 0 0 0 0
0 0 1 1 0 0 0 0 0 0 0 0 0 0
0 0 0 1 1 1 1 0 0 0 0 0 0 0
0 0 1 1 2 1 2 1 0 0 0 0 0 0
0 0 0 1 1 1 2 1 1 1 0 0 0 0
0 0 0 1 1 3 1 1 2 0 0 0 0 0
0 0 0 1 1 2 3 3 2 0 0 0 0 0
0 0 0 0 0 3 3 2 1 1 1 1 0 0
0 0 0 0 0 1 0 1 0 1 1 1 0 0
0 0 0 0 0 1 1 0 1 1 0 0 0 0
0 0 0 0 0 1 0 0 0 0 0 0 0 0
0 0 0 0 0 0 0 0 0 0 0 0 0 0
-0.0558588483
-1.7643182480
0.3978065206
-0.3455536364
-0.2519304455
-0.2208264544
-0.5755632317
-0.6908428085
0.1546462861
0.0070439191
-1.3368496966
-0.3971696424
0.8398373688
1.5227169711
-0.2577905407
0.9898299252
-0.6072303676
-1.4449913196
-0.2341295441
1.0977296569
1.0894809176
2.1569622511
0.2079607834
-1.0219704524
1.9058666632
-0.2016470043
0.7472986432
0.2543762168
2.0450029012
-0.4400341252
1.5160709515
0.6460591844
-0.1893149514
-1.2773458343
1.7292144449
-3.3207874500
-1.1006925975
-1.8442111932
1.5779998842
-0.5478227315
1.3485606979
-1.1208966853
-0.3859551057
0.0061741989
1.1548694695
-2.2987004973
-0.9037089779
0.1416148602
0.0171380391
-0.3017167269
0.7178618185
0.3511647343
0.5412877681
1.4238636754
-1.8393065913
-0.5573932190
-0.5032841537
0.4275016493
0.1905429091
0.2037594013
-0.1375185948
-0.9753163247
1.1445657200
-1.1276623415
-2.8669387738
0.0555860725
0.4725479070
1.4764981091
0.7785049947
0.0933989058
0.3194646008
-0.6080115005
-0.0257654084
-0.3743546213
-0.4966140002
-0.9711728330
0.4757458965
-0.4419584062
-0.8046036067
1.0819373533
-0.1668964702
-0.8915182412
-0.8595913154
1.7899335723
-1.3498979674
-0.4061070066
0.2752480995
-0.7343450576
0.2348856423
-0.6769535552
-1.7987125998
-0.4803534287
0.4706592324
0.3708516082
0.4788810668
-1.4534061082
-1.2411465641
1.8384955625
-0.5770942486
0.0043080979
-0.1800225739
2.1133378436
0.1051381846
2.6484063490
-0.7016562679
0.2083203624
-1.9485441880
-0.0179087341
-2.4449122644
-0.8498899316
-1.2676255244
0.8063270867
-0.0205834383
-1.2304855345
-0.1907641610
-0.2339421372
0.5420698289
-0.5079542289
2.0400913165
0.5140450373
-2.3090341736
-2.0403585456
-2.3747020255
0.3978162020
-0.0630184561
-0.4148269215
0.8820876123
-0.2069945478
1.0996301283
-0.0589569352
-1.7498669749
-0.2661914059
-1.2973311032
0.3888040830
0.3176414802
0.2686180466
-0.3440221968
0.9483896766
-1.1080066878
0.2642885835
-0.0941123085
2.8520378695
0.4037422789
-0.1966578573
-1.7312190870
0.5259172293
-0.1902603533
-1.4870291934
-0.3152682096
-0.2438562228
-0.6928947380
0.4109083207
-0.1026330151
0.4815272227
-1.9021736186
-1.6799543177
0.2526162450
-0.5800074054
-1.2384849290
2.4652599376
-0.7626099128
-1.1270361765
0.0088532636
0.1276711065
-0.1275218737
-0.4768514371
1.2099198382
-1.4328073569
1.1934079302
-0.8521091153
0.5303708029
-0.4358433439
0.2690722888
-0.2839960922
0.8395978939
2.0085098688
-0.2931894811
-0.9175102445
-0.4101102630
0.5975825680
-1.0082111190
0.3009732892
-0.0547966373
0.8356225950
-1.2252930642
0.1598836702
0.5055209616
0.1436278554
0.9420239254
-1.4313766534
0.9165171386
1.1842709213
-0.6172419138
-0.3787533139
0.4773414831
0.8227964516
-1.3124922198
-0.1931722224
-0.5809849295
-0.8827071766
-0.3325622412
-0.6299894058
-1.8035537397
0.2281922788
-0.0495211298
1.4963957534
1.2011461301
0.3914439826
-0.2350115458
0.4320591728
0.9579239203
0.6972521044
1.0767140259
-0.4261099715
0.9683066179
-1.6331102502
-0.2806016844
-1.3613099142
-0.2499542316
-0.1492908363
1.0781827081
0.5285058428
-1.1300658664
2.2098598499
-0.7575666620
-0.5540550421
-0.2167701636
-1.4133535977
1.1079475516
2.3299953600
0.3901803317
1.0434320016
1.9214459863
0.5951524545
-0.2058112838
-1.0853401785
-1.8111051736
-0.4661208240
-0.5513350700
0.6598201982
0.7173537474
0.1198691749
0.0143743087
-0.9340672981
1.1629856299
0.4814840748
-0.8433477645
1.9179415395
1.3659911280
0.9084423007
1.5914132661
-0.5908530557
-1.2599838268
0.5333522630
0.3943697131
-0.3330201085
-1.5949225819
-1.5337451722
-0.9870253170
0.6954242785
2.5267222426
0.3600012619
0.4122606971
-1.5417321931
0.1497762254
0.4560127687
0.1423368815
1.1945477624
0.8703339891
1.3058203179
-1.8277988925
-0.8728681539
0.9506943927
0.2195264380
-0.5398707213
-0.5303318926
-0.3203617152
0.7406612680
0.0802996483
-0.4704518303
-2.3082957023
1.3016087767
-1.1329857264
-0.9131062393
-0.3274548740
-1.0046064986
2.1160541733
-1.8510164049
1.7027818311
-1.6565262142
-0.4286710520
-0.7450402053
0.5223346255
0.7278177437
2.1277134582
-0.5226009199
-0.5690936679
-0.5281475429
-0.4916646223
0.7863658336
1.9030232719
-0.1616548592
1.4553973531
-1.1698577910
0.2384584440
0.1488709215
0.4360808191
2.0486395054
-0.2485299166
-0.4796273476
1.9914397931
-0.8069460587
0.3139495587
0.0922940153
-0.0678735156
-1.4488422571
-1.0039033536
1.3149362694
-0.6651151185
0.5240606496
0.8297824535
-0.6805353804
-0.8308603691
1.4669834362
0.0877168884
0.6562603148
0.7612638868
-0.5066596815
0.1129437958
1.6328396570
-0.6608751934
1.4586108003
-0.0910719402
0.3146488956
-0.3472278618
-0.0689283551
0.2740183012
0.0230080690
1.0664549010
-0.7027752945
-0.3546068142
0.7802112512
-0.8788272523
-1.1082145312
-0.7894031935
0.2709950741
-1.0869924176
-0.5112522664
-0.7594317890
0.1489978847
0.4844960785
1.7551375435
-0.0200314607
1.2598494722
0.5552788063
-0.0183623614
-0.3474082026
-0.8575455612
0.8462007474
0.6416730044
-1.7328353775
0.2245510600
-0.5768561784
1.4719975581
-0.0786777043
-1.7562518530
0.6145127578
-0.6276383402
1.1542130167
-0.5115309068
-0.8821668354
-0.5400645114
-0.4378657915
-1.4994361232
1.5478564239
1.3351156676
0.2165565836
-0.4474394131
-1.0295618204
0.8287359481
-0.0837919786
0.0164510337
0.7858912795
0.0637908299
-1.3802622687
0.0744676207
-0.0224816495
0.8102773090
-0.8411696490
1.4577945197
0.7411066167
-0.1131152810
