17 10 0.20
11 0 2 1 1 1 2 2 0 2 1 2 2 3 2 4 1 4 2 5 2 5 3
14 0 2 1 1 1 2 2 0 2 1 2 2 2 3 2 4 3 1 3 2 3 3 4 1 4 2 4 3
11 0 4 1 3 1 4 2 3 2 4 2 5 3 0 3 1 3 2 3 3 3 4
13 0 3 1 2 1 3 1 4 2 1 2 2 3 1 3 2 3 3 4 0 4 1 4 2 4 3
11 0 3 1 1 1 3 1 4 2 0 2 1 2 2 2 3 2 4 3 1 3 2
12 0 2 1 0 1 2 1 3 2 0 2 1 2 2 2 3 3 2 3 3 3 4 4 3
15 0 2 1 1 1 2 1 3 2 0 2 1 2 2 2 3 3 1 3 2 3 3 4 0 4 1 5 1 6 1
11 0 1 1 1 2 0 2 1 3 0 4 0 4 1 4 2 5 0 6 0 7 0
14 0 1 1 0 1 1 2 0 2 1 2 3 3 0 3 1 3 2 3 3 4 0 4 1 4 2 4 3
13 0 3 0 4 1 1 1 3 1 4 1 5 2 0 2 1 2 2 2 3 2 4 3 1 3 2
11 5
1 5
6 11
10 5
12 3
9 3
9 0
2 13
12 4
6 1
0 0 0 0 0 0 0 0 0 0 0 0 0 0 0 0 0
0 0 0 0 0 0 0 1 0 0 0 0 0 0 0 0 0
0 0 0 0 0 0 1 1 0 0 0 0 0 0 1 0 0
0 0 0 0 0 1 1 1 1 1 0 0 0 0 1 0 0
0 0 0 0 0 0 1 1 1 0 0 0 0 1 1 0 0
0 0 0 0 0 0 1 1 1 0 0 0 0 1 0 0 0
0 0 0 0 1 1 0 0 0 0 0 0 0 1 1 2 0
0 0 1 0 1 1 1 0 0 0 0 0 0 1 1 1 0
0 1 1 1 1 1 0 0 0 0 0 0 0 1 1 1 1
0 0 2 1 0 1 0 0 0 0 0 1 1 2 1 1 0
0 1 1 2 0 1 1 0 1 0 0 0 0 0 0 0 0
1 1 1 2 1 1 1 2 1 1 0 0 0 0 0 0 0
0 1 1 1 0 2 4 3 0 0 0 0 0 0 0 0 0
1 1 0 0 2 2 4 3 1 0 0 0 0 0 0 0 0
0 1 0 1 2 3 2 4 1 0 0 0 0 0 0 0 0
0 1 0 0 2 2 2 2 0 0 0 0 0 0 0 0 0
0 0 0 0 1 1 1 2 1 0 0 0 0 0 0 0 0
0.4745662061
0.2464205997
-1.4871769922
-1.6219384153
-2.3740718535
0.4733496710
-1.2658112960
-0.1770748747
0.5816173935
-0.6559939416
-0.4275456921
-0.1605593617
1.2572795761
-0.0155974192
-0.1489727936
-0.0424601991
-1.9116041457
-0.4058821251
-0.6521559465
0.4474525852
0.3974602015
0.1731636426
0.2499062120
-0.7920593325
1.1647869726
-1.1107674179
-0.1654916854
0.5970733869
0.6076585659
-0.4030155849
0.6658114035
0.6917769998
-0.3073239297
1.3209151481
1.1215128263
-0.1317354657
0.3022877545
-1.1255789376
0.2350536273
-1.0885265884
0.6235823905
-2.2376035648
-0.5236602410
0.7047752478
1.1267888288
0.1909567718
0.3926041278
0.5220664329
0.8530324314
-1.2847794339
-0.0031809322
1.0454064715
1.5599376954
-0.2356298358
0.5289998264
1.0792774077
0.1530661302
0.0598913886
1.9195522933
-1.1003342202
-0.2188477427
0.2255430351
2.7689427635
0.2938917286
0.7328821234
0.1684378046
-1.1185731129
-1.4135755096
-0.6400308818
0.4662255076
-0.6325920412
0.7533762072
-1.6895633397
0.1788145327
-0.4632802004
-1.7076679504
-0.2108985493
-0.4416888753
0.4595125620
-0.9484063815
-0.6287988483
-0.0514962809
-1.1161740943
-0.5467039028
3.3255640735
-1.4056178690
1.0142415160
-0.4996345094
1.2114651541
-0.6840665607
-2.0049771217
0.0825409101
-0.4175906087
-0.3429590970
-1.5872173065
0.9855089939
1.0754960752
0.0108697230
-1.2607220914
1.1722964411
-1.2265593993
0.3135595472
0.1716035013
-1.4639165395
1.2804259045
-0.6033790813
-0.2894950963
-0.2370987995
0.4884355875
-0.7718727928
-0.3875046677
1.2979642290
-1.0274684808
-1.9800770759
0.3917951581
-0.4718901215
0.8079991609
0.0845957931
1.1932818770
0.1138323594
-0.3889491095
-0.1467683158
-1.6390966951
-0.8724595946
0.0699941562
-1.3635613237
-0.4190006746
0.6273298883
-2.0260157478
0.2144262825
-0.0063206932
0.5894473817
2.2377684766
0.7646597824
1.0036260535
1.0741180126
-0.5704593478
-0.3398143690
0.3240323279
-0.9048516453
0.4013585371
0.0463437642
-0.2007015900
-0.1504582174
-0.4816357919
0.7867242636
-0.6099691974
0.0639106742
-0.9175239557
-1.6441965670
0.6983157439
0.8940343260
-0.7187572569
-0.1942924638
0.1911603142
-1.6310552665
0.1572220274
-0.4680395884
1.3766316676
0.6362252653
-0.9392666444
0.8850052342
0.3703897944
-0.5103180342
1.5328524275
0.7117220705
1.5186657024
-0.5514542540
0.6905088620
1.3810300302
-0.2025030493
-3.0173294016
0.8036103698
-0.6438375336
0.4841236586
-0.1515804586
0.8399901525
-0.2864090035
1.3450819611
-0.4478443267
1.9890721037
0.0876168801
0.2432339968
-1.5340748199
0.4958532089
0.1065374917
1.8963318726
-3.5253158918
0.1318953280
-0.7571519178
0.2279285701
1.8006675795
0.0528213091
1.9069717508
0.3735598143
0.5407249313
0.1308794632
-0.7487852007
0.5291447865
1.5305801697
-1.0537306211
0.0510754315
-0.2510863545
-0.4473132840
0.8039579333
-1.8648640124
1.3369557348
1.5851103471
0.5556766344
0.5137860226
-0.2480145465
0.5969678779
-0.0709891817
0.4209464617
-1.2926381812
-0.5501856538
0.8131238140
0.6151313049
-1.6613313672
-0.1697955646
-0.3995078512
-0.5985360727
-3.0359010227
0.0841382438
-0.2367868768
-1.1856817662
2.2444135922
-0.5362637591
-0.6072752457
0.9762515324
-0.2384466873
-1.0950411042
1.1855212085
0.1449124667
-0.1510848944
0.4866263494
0.7379343525
0.0745616690
0.6881200413
0.2072939467
1.4095914418
-1.5500423776
-0.0669473692
-1.8114230438
-0.4932740378
-0.6292550072
0.3883667667
1.7837532690
-1.9650528598
1.9562014577
0.6726417773
-1.0965998745
-0.7445256438
0.0600121612
0.3442086874
0.8026037985
-1.4433534861
2.2012061371
0.5345376761
-0.3808863426
0.4953234020
-0.3944937346
1.2599254527
2.1955797838
-0.3011049447
0.4571776925
-0.0840905821
-0.4691057275
-1.4452697326
1.9272951414
0.9479045083
0.2559201923
-1.3684846271
-1.9102858602
-0.1251786492
0.9256999965
0.7230173088
1.5317277754
-1.2464916359
0.9458574993
-1.4016481862
0.5914726572
-0.9661427251
-0.5840713977
-0.8121953507
-0.4436008773
1.9448193326
-1.5320107181
0.5858555670
1.4669897487
1.5970218714
0.8736511921
-0.4018848416
0.5363943696
-0.9413519911
0.1798726278
-1.8671954016
-2.3047544076
-0.0600656247
0.4801646653
1.7178649745
0.3840784364
0.1945804386
-0.0203402109
-0.0906130252
-1.0514691507
0.9374649159
0.2783372895
-0.2148921037
0.1765571722
-0.2818109160
0.1103674460
-1.4304541229
-0.6782999577
0.5674518080
-1.0815483955
0.2829106861
-0.4092761925
-0.0971829136
-1.0980162122
1.6959827434
0.9068206673
-1.0646723997
-0.5070294194
-0.0365736385
-0.4068711319
-1.3748027574
-0.7623154623
-1.2653255801
-0.3382474610
0.6685186501
0.1481452435
0.2596991196
0.3565946931
-1.0688706950
0.4926921658
-1.3357935162
-0.0229836625
1.3841735208
-1.3937321997
-0.6183600997
0.1853674744
0.7342538812
2.8025546299
0.6640696811
-0.0989461833
-0.7912113375
1.0566806490
1.3465564929
-1.4028813939
1.1726960980
-0.4908495120
-0.7635907918
0.3808918036
0.1400953178
-2.0189542888
-0.4738134529
1.0358617690
-0.4634519813
0.2892089276
0.1501397729
-0.2996887510
0.3884307438
-0.7193059747
-0.2985154451
0.7966782264
2.0157002601
-0.0815137885
0.4613224059
-2.1845424624
-1.4336321567
0.6758178379
-0.4215504600
-0.5742967402
-0.4089947379
-0.0900844007
-1.1824248979
-0.6916209795
1.1577524543
0.5690999688
1.1725258642
-0.9449116554
0.1514716956
0.0935746931
1.9649605724
-0.7905703206
-0.7382872737
0.3900179673
-1.7540303113
-0.5127276040
-0.9363749341
-0.9132790496
-0.0631220931
1.6139505208
0.2360373993
-0.0807872543
-1.8410722402
-0.1655050341
0.4179157896
-0.0740522175
0.8498645507
-1.3167164065
-0.9155633757
-0.5114735533
0.5157754518
-0.4924404640
0.5948501298
0.9617540713
2.0517807015
1.0967298541
0.9791402250
-0.3904504061
-0.8856576228
-1.6954674270
-0.7717004020
0.9845630684
1.0127034750
1.8675501728
0.9019281360
1.4626280400
-1.7691653495
1.3541505423
0.9556267685
-1.1902484019
-0.1673218319
0.1841432707
0.5063641889
0.2922017867
0.8431274609
0.6700469375
-0.4548485763
1.7018242959
-0.1178483863
0.0392150497
1.1267149764
-0.7046709268
-0.7010760004
0.7321660245
-0.8673839112
-2.0996545133
1.1591436105
0.4796590107
-0.0367708268
-0.1493461858
0.4772788637
1.3895667542
1.3540748383
0.0866736089
1.0780118214
2.5356899060
-0.7543120669
-1.8689314267
-0.0018015695
-0.1502549988
0.5305042460
-0.6263596612
-0.7444115295
-0.8201093520
0.4639546684
-1.6791235731
-0.9417487998
-0.5976384160
-1.1937018024
0.2187594465
-0.7901011661
1.5864186404
-0.0249654612
-1.5094170418
0.7225896736
-0.3977793068
-0.5312025717
0.7003922614
-1.2220449844
-1.5775868142
0.7188728142
0.8869275591
1.6788520236
-0.5554057578
0.2651499112
-0.9668487489
-0.1636547006
0.2110417071
1.3538227805
-2.1619508136
0.9595982963
1.1853589956
-1.4704993306
-1.3161331208
3.0651285841
0.7272135825
0.7221852160
0.0143480094
1.2845572279
0.4781545139
0.2689801560
1.2146473863
-1.8899312612
1.2820261386
-0.5066865252
-1.3205657231
1.0013120103
-0.8652139861
1.1232295718
0.4109628933
0.5981881942
-1.6178034994
0.6286240250
-0.8398551638
-0.2370284225
1.7237884169
0.6148159242
-0.6316162922
-0.2401266131
-1.4428877808
1.3478196322
1.6437772027
-0.3105101659
-0.1706206969
1.9846937528
-1.4296556982
-1.1050487382
-0.3412119590
-1.2963499087
2.2677680904
1.0588970973
-0.1209092746
0.0043283304
-1.1359479135
0.3589275363
-0.3216094183
-1.7617129535
-0.5608287654
-0.8836217229
-0.6135615035
-1.2964569487
0.1252524859
0.3900902791
-0.5202039160
0.1615382329
-0.1718853041
0.2482856475
0.0330396788
0.5986491733
0.5886492340
-0.6941895502
0.7782688542
-0.0661907229
0.9775476239
0.8424510236
0.4083343059
2.8248213117
-0.1928978338
0.4321431568
1.1861892090
-0.2225334980
1.3385092693
0.0593861937
0.8849180095
-0.3253677078
-0.1236059030
1.1381748941
0.4994395347
-0.7805949326
0.5523586464
0.1622517850
-0.7050873723
-0.3710569646
-0.4969038728
0.0523780586
0.4634096601
0.1221138476
-1.7829831433
-0.7594729259
-0.6524389134
1.2094879224
0.5580230040
-1.5531333045
-0.4763119048
