11 2 0.06
27 0 4 1 1 1 3 1 4 2 0 2 1 2 2 2 3 2 4 2 6 3 1 3 3 3 4 3 5 3 6 4 4 4 5 4 6 4 7 5 3 5 4 5 5 5 7 6 4 6 5 7 4 7 5
26 0 3 1 2 1 3 2 0 2 1 2 2 2 3 2 4 3 0 3 3 3 4 3 5 4 0 4 1 4 2 4 3 4 4 4 5 5 3 5 4 5 5 6 3 6 4 7 4 8 4 8 5
1 3
0 0
0 0 0 1 0 0 0 0 0 0 0
0 0 1 1 0 0 0 1 0 0 0
1 1 1 1 2 0 1 1 0 0 0
1 0 0 2 2 2 1 1 0 1 0
1 1 1 1 2 1 1 1 1 1 0
0 0 0 1 1 1 0 1 1 1 1
0 0 0 1 1 0 1 1 1 0 1
0 0 0 0 1 0 0 1 1 0 0
0 0 0 0 1 1 0 1 1 0 0
0 0 0 0 0 0 0 0 0 0 0
0 0 0 0 0 0 0 0 0 0 0
-0.9653893072
-1.1784027406
0.4788727723
-0.2343287947
-1.5470571109
-0.1485935620
-0.4146402910
0.5316352491
-1.0859028202
1.5883272022
1.1834120659
0.0720079400
-0.3164672940
-1.0178856625
0.8819341064
-1.5637193624
0.4363323227
-0.7764423629
0.1903399960
-0.8685646463
0.0950563261
-1.2843367386
-0.7665539523
-1.2231184178
1.6033765779
1.0671437247
1.6215826305
0.1510147230
-1.4004717989
0.5578209681
-1.3246861033
-1.7334887774
-0.1707732376
0.2649346566
0.3492727649
-1.2043055405
-1.9387508385
2.5556069116
0.6407502664
-0.3699221112
-0.3157971178
-1.0473716927
-1.2469840575
-1.0241120107
-0.5794742664
0.6042553848
-0.6285023902
0.2010696008
0.8682940877
-0.2784353937
-0.3996413145
0.7493131067
0.2608956654
-0.2135223116
0.2956353999
0.8840914233
-0.0725817273
-1.0839243381
0.8210247755
0.0601980970
0.1376467129
-0.5902693505
-0.0707899938
0.0645616121
-0.0442450451
-0.5278119392
-1.4543917763
0.5569986718
-0.6919865698
1.4381803930
0.5378111644
-2.4421315918
-0.9778926690
0.0180229367
0.9547927610
-1.7712186899
-0.4717165386
0.2205490866
-0.4832529241
-0.6488914206
0.1778354723
-1.3183960191
1.0528615289
1.2429287000
1.0865358874
0.9955179849
-0.0616261480
-0.0431834523
-2.0838465187
2.3501870584
0.6961483379
-0.4539789033
1.7005187155
-0.5518796067
-2.2564309451
-0.8491820410
2.0915562052
-1.0813148250
-1.7303024298
1.2724906974
2.7071915463
-1.9937154013
-0.6601116618
-0.0787237501
-0.6635170384
0.1057526386
0.1575831965
0.4004172009
0.0865004129
-1.1509210491
-0.9407524810
2.1333941925
1.7432666310
1.1980939348
1.0304179335
-1.5565575649
0.0803465751
-0.1576110484
0.3263617668
0.1604960386
-1.1526754942
1.5043380019
1.7215387175
-1.1409375894
-1.3169240267
0.1891429105
2.6874137572
0.4122600398
-0.8719348357
1.0128186216
0.7360784909
-0.5425083644
-0.1542925589
0.0356501489
-0.4680273486
-1.0788335092
0.3776432934
-0.7456820859
-1.6692951267
-1.2144882282
-0.0532420164
-0.9464562420
0.8591325227
-1.4033109517
2.0254874030
0.9141805371
0.1696106749
-1.0637009951
-0.0284171594
0.9916107083
0.4462223858
1.3654382373
1.0204945699
0.4231504561
-2.2873920223
0.3614346586
-1.5000583243
1.7493804220
0.6122112655
2.0410303298
-1.7976563570
-0.6114047724
-0.3129090280
-0.0771549333
1.5839123419
2.6606684761
-0.3819264914
-1.4651271297
-1.6347859666
-0.4805863825
1.7034028152
1.1483622807
1.2300554106
1.0357118885
2.4173018216
0.8382857526
-1.0271205895
1.3538648480
-0.7518784574
0.0312286122
0.7246876488
1.8572736855
0.3983091111
-0.9055262217
-0.4278576002
-0.4126188980
0.4676502879
-0.9550880087
-0.0395440692
-0.1397169716
-0.8140271785
-0.7675748960
1.2239708808
1.6236198797
-0.3516717350
-0.8876929710
-0.0536931964
-0.1683006509
0.2832407364
-0.3766760927
-0.4580358906
0.4851474332
1.6344108130
-0.1239798295
-0.5941118507
0.2637076669
-1.2391118606
0.6444519934
0.0627746501
0.1400323216
-0.5013753334
1.2555950936
-0.4222531731
0.9211060485
-1.8221032544
0.4273853359
1.3624143569
-0.4811408086
-0.1411576004
-1.1575060987
-0.0636945958
1.1115031387
0.0524639210
-0.7850196201
0.7559524643
-0.8166763547
-0.4030476431
-0.3570455583
-0.8998337186
-0.8018560216
-0.0509531172
-0.6008184305
0.3080358868
-0.0023188084
0.8264961864
1.7721696253
0.9251861445
-0.7345149013
0.7951472391
0.7421549652
0.0088218173
0.1405787026
