12 4 0.08
23 0 3 1 3 1 4 1 7 2 0 2 1 2 2 2 3 2 4 2 6 2 7 3 2 3 3 3 4 3 5 3 6 4 2 4 3 4 4 4 5 4 6 5 6 5 7
16 0 2 0 4 0 5 1 2 1 5 2 1 2 2 2 3 2 4 2 5 3 0 3 1 3 2 3 3 4 0 5 0
20 0 1 0 3 1 1 1 2 1 3 1 4 2 2 2 3 2 4 2 5 3 0 3 1 3 2 3 3 3 4 4 0 4 1 4 2 4 3 5 1
15 0 3 0 4 1 0 1 1 1 2 1 3 2 1 2 2 2 3 2 4 3 1 3 2 3 3 4 3 5 3
5 3
2 3
5 0
0 1
0 0 0 0 1 1 0 0 0 0 0 0
0 1 1 1 1 0 0 0 0 0 0 0
0 0 1 1 1 2 0 1 1 0 0 0
0 0 1 1 1 1 0 0 1 0 0 0
0 0 0 0 2 1 1 1 1 0 0 0
0 1 0 2 2 1 2 0 0 0 0 0
0 1 1 2 1 0 1 1 0 0 1 0
0 0 1 3 2 2 1 1 0 1 1 0
1 1 1 1 1 1 1 1 1 1 0 0
1 1 1 1 0 1 1 1 1 1 0 0
0 1 0 0 0 0 0 0 0 1 1 0
0 0 0 0 0 0 0 0 0 0 0 0
-0.2249795561
-0.8773409988
1.6658549251
-0.0976226596
1.0296116681
0.2135783749
-1.1436924919
0.5190141206
-0.2110047700
0.2709203295
-0.5621849907
0.5151785939
0.8676658989
-0.4166625206
-0.8973922751
0.5589343198
-1.2826483088
-1.1137990242
-0.6974116028
2.4677342057
-0.0506156928
-0.5139644675
-0.2924861946
0.5286979369
0.2394913327
0.4772324023
-1.4245021455
-0.1224929439
0.7796693668
-0.9497454914
-1.5461165857
0.8109082554
0.0550883573
0.8624594433
-0.5889764265
-0.0082177589
-0.5072039763
-1.1275304032
1.0618740499
0.9069083865
0.7411215309
-0.1061570955
0.2527441222
1.0934198710
-1.7457713103
-1.1465323799
-0.7640236163
2.1067976053
1.4251329327
-0.0931133992
0.0382098174
0.4877097947
1.9870402844
1.9036057903
-0.0356618641
-0.8846844618
0.6765782772
-0.4720744495
-2.0949958364
0.1213980878
0.4198597530
-0.6554656774
2.1738988377
-0.8331603592
-0.2096548722
0.0113669031
0.7801737402
1.9376464112
-0.0966288823
-0.7316482074
-0.8390839066
-0.1565295332
0.1347333922
0.0513839635
1.3035196313
-0.8686652159
0.2957813317
-1.4226532226
1.0896049008
-0.7265999635
1.2024834814
-1.3890126332
-1.4529410069
-0.5154382293
-2.1716593085
-0.3587623233
-0.3620512039
2.5142836470
-0.2724358573
1.1386568450
0.0442402283
0.1883504507
-1.7170908149
-0.6921558718
1.0591357545
-1.7725802664
-0.2023065689
0.4337704973
-0.7844092980
-1.0301674913
1.0403132193
0.6616173348
-0.0448702838
-0.9999647634
0.0443079668
-0.4895143574
0.6069686012
0.4225997433
1.2925508977
-0.7975768464
0.9107408891
-1.2638176712
-0.6828914887
-1.2518167387
0.6406658392
0.0521986729
0.5386067253
0.4408221720
-1.4687529533
-0.3889960921
-1.6147221995
1.4138716275
0.7057231462
-0.0537788087
-0.1868025204
-0.1017665351
1.2048558949
-1.9078100143
0.1806434555
2.0089272509
0.3938993871
0.6831556089
-0.1975014228
-0.0894182164
-1.1416902754
0.8672812377
-0.4094792442
-0.5515072165
-1.3282644479
-2.1589650863
2.4420962030
-0.6705921976
0.5468600335
-0.3276646633
0.3427428389
-0.1764159105
0.2433782216
-0.1022247427
-0.2461184989
-1.1185657888
-3.3363879951
-0.1958485522
-1.9865039283
-2.2041452618
-0.3808026980
-1.4091175509
-0.4791215195
0.1834176832
-1.1723022488
-0.0618483024
1.0496220366
0.2723060558
1.2015341182
-2.9762256337
0.6077369069
-0.7635561329
0.3396334464
-0.7684717010
1.9973153958
0.6386702282
-0.6920843254
-1.8060249543
0.6413925128
-1.3230319851
-0.6400072920
-0.1977306604
-1.7155297614
-1.1511115634
-2.1150257993
-1.4038597742
0.9614019996
-0.5839906293
-0.3894605058
0.6107727428
-1.0245730930
-1.1424733860
0.2801128809
0.3699792066
-1.0456080802
-2.2328244711
-0.7189394904
-0.6615421123
-0.9384018395
1.0139319913
-1.5664493055
1.5373790057
1.1763633301
-0.5924388363
-0.5814760885
-0.6931035097
0.3691271443
-0.3363685692
-0.0902675884
-0.0772469746
0.7145007210
-1.2557463267
-0.9296802773
1.1814472387
0.7428903166
0.2587401128
-0.1549717287
0.7832317543
-0.7565944973
-0.2847301474
-0.3916662389
0.5534887417
-0.5986907699
0.5044566702
1.1571398520
-0.5120864465
0.1658537961
-0.0812854088
0.2520793129
0.4324727894
2.1662681790
0.1031402992
1.3462477713
-1.1002911459
1.2295960016
0.5605312936
-0.4891089739
-0.8437719173
-0.2979641780
0.1491164781
0.1386111125
-0.3014850817
0.0080507750
-0.2002770062
-0.6469993055
0.5713146072
-0.1921796509
0.4594951730
-0.3194425508
0.4988999404
0.7553292344
0.9234750820
0.3399927386
-1.4512793894
0.5273106879
-1.6039476041
-0.8084082590
-0.4091974618
0.9218270841
1.0024018165
1.1330458588
-0.9552950653
-0.4654962752
0.5909936489
0.8452947262
-1.0106367698
-0.4481789484
-1.7691140626
-0.3251653456
1.6263452781
0.6880206917
-1.4543257415
0.7260142188
-1.6030461257
-0.9218335311
1.3528999994
1.4521869931
-0.4782620610
-0.2451561158
-0.6438599862
-0.8946875207
-0.1541494057
0.9854830167
0.7629316491
0.7061884115
-0.8163278198
-0.9158415159
0.1160476445
0.6456146774
0.1479951254
0.2648128367
-0.3345917864
-0.0434587569
-1.4734930341
