18 6 0.13
5 0 0 0 1 0 2 1 2 1 3
24 0 3 0 4 1 3 1 4 1 6 2 0 2 1 2 2 2 3 2 4 2 5 2 6 2 7 3 1 3 2 3 3 3 4 3 5 3 6 3 7 4 2 4 3 4 5 4 6
15 0 1 1 1 2 1 3 1 3 2 3 3 3 4 4 0 4 1 4 3 5 1 5 2 6 1 7 1 7 2
4 0 1 1 0 1 1 2 0
24 0 2 0 3 1 3 1 4 2 3 2 4 3 2 3 3 3 4 4 0 4 1 4 2 4 3 4 5 5 3 5 4 5 5 5 6 6 2 6 3 6 4 6 5 7 3 7 4
29 0 4 0 5 0 6 1 4 1 5 1 6 2 4 2 5 2 6 2 7 3 4 3 5 3 6 3 7 4 1 4 2 4 3 4 4 4 5 4 6 4 7 5 0 5 1 5 3 5 4 5 7 6 1 6 4 6 7
1 6
1 10
6 13
3 11
4 7
0 7
0 0 0 0 0 0 0 0 0 0 0 1 1 1 0 0 0 0
0 0 0 0 0 0 1 1 1 0 0 1 1 2 1 0 0 0
0 0 0 0 0 0 0 0 1 1 0 1 1 2 2 0 1 0
0 0 0 0 0 0 0 0 0 0 1 2 3 2 2 1 1 1
0 0 0 0 0 0 0 0 1 2 2 3 3 2 2 1 1 1
0 0 0 0 0 0 0 1 1 0 2 3 1 1 1 1 1 0
0 0 0 0 0 0 0 0 1 0 1 2 0 0 2 0 0 0
0 0 0 0 0 0 0 0 0 1 1 1 0 0 1 0 0 0
0 0 0 0 0 0 0 1 1 1 1 0 1 0 1 0 0 0
0 0 0 0 0 0 0 0 0 0 1 1 1 1 1 1 1 1
0 0 0 0 0 0 0 0 0 1 1 1 1 1 1 0 1 0
0 0 0 0 0 0 0 0 0 0 1 1 0 0 1 1 0 0
0 0 0 0 0 0 0 0 0 0 0 0 0 0 1 0 0 0
0 0 0 0 0 0 0 0 0 0 0 0 0 0 1 1 0 0
0 0 0 0 0 0 0 0 0 0 0 0 0 0 0 0 0 0
0 0 0 0 0 0 0 0 0 0 0 0 0 0 0 0 0 0
0 0 0 0 0 0 0 0 0 0 0 0 0 0 0 0 0 0
0 0 0 0 0 0 0 0 0 0 0 0 0 0 0 0 0 0
-0.7281687276
-0.6574300611
-1.2538213047
0.5196223525
-0.2290042811
-1.1186998746
-0.0775464861
1.5267354931
-0.4912763636
-0.0952280627
-0.7699682815
0.7329907653
1.0304837580
0.6890589832
0.0018803040
-0.0661315842
0.1017217533
-0.1582778132
3.3357496163
-0.9221386633
-0.3455096077
0.2630880000
0.3438850671
-0.9357446455
-0.0584475235
1.3513145055
0.4454834850
1.4216399857
-0.6983001338
-1.1849724034
0.8543060255
0.5148418645
-0.1017928790
0.9940927272
-0.4085568469
-0.3784192404
0.3176495917
-1.5996452038
-0.6577396885
0.1085646863
-0.4116893077
2.2520577025
-0.1315371161
-0.3984884368
-1.1027907138
0.1700966121
1.3397663649
0.2556470830
0.8574378891
3.3093262414
-1.9231329408
-0.4049610232
-1.1027043171
-0.0507356639
0.0860532868
1.3902249297
-0.3288686999
-0.2009490507
-0.2958398198
0.4450024230
0.7548758401
0.3817924311
-0.3686740279
0.4691259728
0.6623709586
-0.9535447040
0.4515080959
-0.9258927987
1.2714621133
-0.2702697666
-0.2040487242
-1.8865281095
-1.5340787453
0.1410674559
-0.9735026621
-2.8821402592
-2.0307921843
-1.1507705862
0.8009060796
-0.4924418070
-1.0864825379
-0.0677513804
-0.5680082540
-0.2587801963
0.1716965707
-0.0640275469
0.9631579854
-1.1367722885
1.0638996725
-0.1400420525
0.7397250089
2.1378574153
0.8891047677
0.2695531220
1.5684158682
0.5365878879
-2.6702850834
-0.7545640034
0.6048900552
1.1295903135
-0.6828266956
-0.7898318622
-1.0858865390
-0.6514383904
0.5006976910
0.3317964112
-0.7659941045
0.2814617608
1.1796279837
2.4055517572
1.3624148685
-0.0873290127
-0.3481543917
-0.2908531643
-0.5757341870
2.2470105409
-0.4413676225
-0.4701329540
-1.3716466411
0.2614729444
1.0133849819
-1.4745580383
-1.4138820351
0.1791065697
-0.3107111179
-1.3699472208
0.0483755338
0.1104037370
1.6056169892
0.9493295851
-0.1870336593
-1.9365264484
1.0510215749
1.9237146979
0.7624682964
-0.6788862011
-2.0236650923
-0.6444051219
-0.6598845889
-1.0164543757
-0.3680771335
1.4978130315
-0.1315532974
1.2891622414
1.3571922512
0.2390715552
1.1714060309
0.5515726446
0.4743681936
-1.5215162989
-0.1306916858
-0.5204051736
0.6344182678
0.1071344930
-1.2590684353
2.4562589968
1.0442722392
0.8571985808
0.1760464576
-1.1899573872
-0.1305842196
1.7488423847
0.4312004263
0.4071072653
-1.5489041071
-0.7602962788
0.0453966005
0.6614706008
-0.7037752823
1.8498115315
0.5842579536
-1.0640207782
0.7980056894
-1.1818664986
-1.2293859535
-0.1211585595
-1.2302252159
-0.3197316823
-0.3130788237
0.0597735013
0.9856384373
0.5576754868
-1.9696794812
-1.2830805693
1.2118785924
-1.7339599524
0.8119414053
-1.2121505655
-0.5346680572
0.0330967159
0.2441758071
1.7842800062
-0.1445138240
-0.8145922104
-1.1763990688
-0.2564598771
-0.3850603532
0.8716269177
-0.3065926402
-1.0782955086
0.0965423603
0.7424095062
1.1187919237
0.1055678173
0.8689055357
-0.9591519802
0.5578407686
0.0067249262
-0.5566992000
0.3866406920
-1.5953406212
0.0840225848
-0.5527755576
-0.2401166876
1.1892055387
0.2686093742
-1.7329999299
-0.3571998978
0.0412844476
-0.1071262060
-0.7826220858
0.7609982743
-1.0598320241
1.0978604080
-0.0233148583
-0.2466752942
1.0828273514
0.1510770995
-0.5121142931
-1.8221321860
-0.3127493276
-0.0341482276
-0.2354428240
0.9114092887
-0.4279115008
0.7346600417
-2.1567149456
0.6748512948
1.0588044139
2.0375212501
0.4901592536
0.3476274316
1.1005112095
1.0810729375
-1.5412182478
0.0359231570
1.5224873881
0.0673434736
0.4026644514
-1.1744735527
0.3410408221
-0.0872996452
0.1615547924
-2.1966226327
-0.0076319473
1.2835168189
1.4288449454
-0.2732246374
0.7594597379
-0.8050728561
0.2004249539
-0.8659134403
-0.4251342600
1.9972870535
0.5784929180
-0.5132743505
0.3874785299
1.1018757939
-0.5242069571
-0.8784118545
0.0086851996
-0.8144432671
0.1941535357
-0.1473467796
1.0407793084
-2.0124254504
-0.7039104758
-0.6205340472
-0.6283898135
-2.2534817485
1.4791133001
-1.3444739276
0.7921027766
0.8562478489
-0.3722202430
-0.8937483936
-0.5236909530
0.3833156414
0.3698908111
-0.1517075498
-2.5035783006
0.4032325740
-0.5871046930
-1.8186146697
0.4979189011
-1.3645679991
-1.0223386935
-0.8207873239
-1.8771646915
-0.3709538256
1.4624068034
-1.9873638571
1.2991365330
-0.0642710669
-0.8891933441
0.4490804739
0.6020865398
-0.1748959210
-0.3426085126
0.2222178719
-0.2220680215
-0.2215662646
0.8554051508
0.3281025198
1.4396889507
-1.1661458052
-1.0772444789
-2.0926245505
0.1185805087
1.3851569542
-0.0049786856
-0.3683051476
-0.4176208886
0.3579514881
0.8996273594
-1.3190254286
1.6159323311
1.8941622279
-0.8986644399
0.2216292398
-0.1420361750
1.1267576747
0.5505585097
1.9795024867
0.8212334887
-0.3274432629
0.9257325184
1.0684081425
0.6947137063
0.3068461602
0.2887831533
-0.5769637918
1.7091865370
1.6356262605
-1.1694262283
0.3655259678
1.1124823314
-1.6608698565
-0.0804637868
-0.1537969920
0.0782842799
0.0047577948
-0.3697775489
1.2042445375
2.1472225213
0.1768392823
-1.9145594030
1.1549399023
-0.0044495381
-0.3803599489
0.8598660420
0.7323964856
-0.5946943070
-1.2282848059
-0.3569961206
-0.9492545498
0.1533014113
-1.4305717123
-1.0488743883
1.0479441814
1.0720648940
-0.0247215296
0.6212596008
1.5434976242
-0.2025334824
-0.0115605982
0.9803206405
0.8464916773
0.1330267503
1.1465543146
0.3288624866
1.1904024237
0.2710366584
0.9423580646
0.9835944644
-0.5577064976
1.3392233659
-0.1806916094
0.1607538832
-1.3111616402
-1.0457752189
-0.5328288925
-1.4858332109
0.6313349192
-0.4092316336
-1.7500916824
0.9586396621
-0.2095877461
1.4914734105
0.2675207972
1.7143597522
-0.3552509450
0.3883910670
-0.9272611350
-1.8289581535
-1.3513662103
0.4746541331
0.4088824207
0.3314549948
-0.4402969506
-0.8644459671
-1.2995323392
0.3289165605
-0.2516247989
-0.2667672001
-0.0190565018
0.5900653009
-1.5900791603
2.0721389120
0.3565213715
0.0893915362
-1.7772189789
-0.0412513753
1.4100943671
1.5879820569
-0.4168545327
-0.0520965560
-1.3964246539
-0.2346288166
-2.3988350841
1.1878457242
-0.4642659644
-2.2308989048
0.5507843643
0.4977125151
-0.5674552720
0.0963225892
-0.8647937872
0.4255523111
0.6247673631
-1.6791846609
0.5778681539
-0.2377554024
-0.2673511377
-0.7922283157
-0.1222112012
-0.6076635060
0.1941803980
-0.3850170180
-1.4123173913
0.6700630896
-0.0656914233
1.2789433531
1.2998858456
0.9258343285
-1.8722879565
-0.4891674287
0.2252272329
0.2115008364
0.1957138885
-2.1422161060
-0.7380319229
-0.0761325448
1.1522473310
1.0717454913
0.7664590304
-0.2559247618
0.7877235641
-0.1260175524
1.3991892495
-0.0883913745
1.5810683703
0.4808623207
0.1427130468
0.2878193176
-1.9038058527
-0.0182912496
-2.1272170715
0.6872055890
-1.6847640272
1.3293274874
-0.9506552579
-1.0072030051
-0.1295223769
0.5816705942
0.2416836194
-0.2600345201
0.1829200406
0.0551130894
-0.7677232571
0.7620427138
-0.6604795329
-0.3746272688
-0.0699091637
-0.4414925923
-0.3661997523
1.2441071384
-1.2486621074
0.4633499737
-1.0783072532
-0.0042866986
1.1373958171
0.3334720670
0.2246739166
0.5642943475
0.5097562096
-0.8334033385
-1.3437646707
-1.4326283243
-0.4817623831
-1.6531293957
2.2218297016
-1.5459078423
-0.0856932417
-0.4899631111
-0.9820245355
-0.2046954106
-0.3214945983
1.5739516092
0.1836042474
-0.5352134001
0.2849685338
0.1960942065
-0.1789587591
-1.0124875327
1.3635491411
0.8368859435
0.8858795884
-0.0476089297
-1.3876453733
-0.2713381619
0.7693938607
-0.4467783942
0.4176025505
-0.9922691588
-0.9998963807
1.9969436799
-2.9235461164
1.4879131365
1.5597623183
1.7569943606
-1.2926843515
-0.1707758033
-0.4150796637
0.2442148945
-0.2879844561
-0.3682743535
1.8015285262
1.0906189899
-0.1163784078
0.0619592821
1.9132034283
-0.3008931773
-0.1866076155
0.7218785736
0.1823914928
-1.1589151868
1.9388632289
0.4883073714
-1.7922662565
-0.0534714201
1.4848692982
1.2831847511
0.8441593667
-0.9100834602
-1.7278216985
-0.2522916341
-0.6376088680
0.2222366140
-0.4932829336
1.0423659522
0.2381231843
-0.7619986909
-0.2089893629
-1.3021699763
0.8080493740
0.5748410448
0.3752137703
1.4056229360
-0.4693990063
-0.2838586166
1.5323802617
-0.9831536643
-1.3787643614
0.9565393973
0.0880535086
0.0553682267
-0.2716176074
-1.1992882458
-1.9968352310
-0.5958193745
-0.4778038044
-0.4962875204
-0.1088347337
0.3582843319
0.3312679560
-2.0699912882
-0.6393274648
0.3201994999
2.0110324523
-0.2868304698
0.7426838146
0.8708027991
-1.3871486908
-0.4083005240
-0.4082315885
-0.0864589252
-0.1213350356
0.4946447668
0.6264503418
0.5428235279
0.1842184661
0.6635647700
0.0975651062
1.1337338847
1.9992284539
-0.3895567535
0.3894091405
-2.1343732758
-1.1453104295
0.0590661426
0.8798586793
0.1238415710
-2.2917907699
-1.5581478587
-0.4760402899
0.0476021720
-0.5768963618
1.0632675591
1.3091274643
-1.0201595193
-0.1179828532
1.9191524167
-0.6682551113
-0.6921086203
-0.1703200402
-1.6154818271
-2.0549948639
0.4697385235
1.4716218499
-1.1491796580
0.9089584299
1.9235876502
0.2975178522
0.7363684869
0.2215991395
-1.7636781769
0.5457058375
