11 4 0.15
11 0 0 0 4 1 0 1 1 1 2 1 3 1 4 2 2 2 3 2 4 2 5
11 0 1 0 2 0 3 0 4 1 0 1 1 1 2 1 3 2 0 2 1 2 2
11 0 3 1 3 2 1 2 2 2 3 2 4 3 0 3 1 3 2 3 3 4 2
11 0 1 1 1 1 2 2 1 2 2 2 3 2 4 3 1 4 0 4 1 5 1
7 4
8 0
1 4
1 6
0 0 0 0 0 0 0 0 0 0 0
0 0 0 0 0 0 0 2 0 0 0
0 0 0 0 0 0 0 2 1 0 0
0 0 0 0 0 1 1 2 2 1 1
0 0 0 0 1 1 1 2 0 0 0
0 0 0 0 0 0 2 1 0 0 0
0 0 0 0 0 0 0 1 0 0 0
0 0 0 0 1 0 0 0 1 0 0
0 1 1 1 2 1 1 1 1 0 0
1 1 1 1 0 0 1 1 1 1 0
1 1 1 0 0 0 0 0 0 0 0
0.3351340696
-0.8873831421
-0.3297960820
0.7126605544
0.7827303685
0.3195427678
0.6650086026
1.0653889229
-0.8027436964
-0.7106813084
2.2809704475
0.5194272632
-0.2995315783
0.0758106506
-0.8726945599
-0.8975485832
-1.1239616772
-0.0152576198
0.0896166431
1.1697654372
0.7924360328
-0.4254224886
1.7438448419
0.0356760137
-0.5464994907
0.8643793532
2.0487221998
-0.2248657323
1.5303761172
-0.6602134055
-0.1548351431
-1.7854666946
0.4199344454
-0.6149684999
-2.0579899191
-0.7803547084
0.7688564688
-0.1234319717
-0.0926740412
1.2399599896
1.3515417254
0.6587624001
0.1945695713
-0.0900212660
1.1331008346
0.6183219449
-0.4283531690
-1.1456989861
0.3478795793
0.7231126332
-1.4162315676
-0.3207503040
-0.6991031987
-0.8253288113
-1.0291188614
-0.0697358665
1.4317884758
1.8086245702
0.1745153409
0.2096141336
0.2844521538
0.1830070243
0.3649233721
1.1840654021
1.5100601643
-1.2018331607
-0.5073547813
1.0087827790
-1.1895199532
-1.6604823448
0.0431996820
-1.0778396946
0.5423152775
0.5079105823
0.7436984179
1.1349077721
-0.4202521945
-0.4628497982
0.3937485960
1.1824798631
0.0485361121
-1.4398438541
-1.1433956774
0.3158374615
0.4022057867
-0.6213612891
1.0249942853
-2.1077442576
-0.1504998817
1.5643532711
1.1917709668
1.7691380506
-1.8574636105
-0.4923481040
-0.6266189264
-0.9154204468
-0.3790339464
-0.1055155304
0.0302064026
-0.0684669556
-0.0181945846
0.0228789271
0.3353721270
0.6036888481
0.7722974523
-0.3462497550
0.0845456824
0.4891776994
1.3159370424
-0.3265787143
3.0424221735
-1.3214505637
-0.3565480386
1.8200132568
-1.0363666896
-1.3033152337
-0.4363113592
0.9913146205
-0.3323992275
0.0585813376
1.0031774414
0.6288158542
-0.4249367427
-0.0224665917
-0.0530197228
-0.4291560865
-0.4946652463
-1.9190809114
0.7563868260
-0.4701477328
0.5376195049
0.2137872140
1.4353486566
-1.8889215552
-0.2953974711
0.6021098971
1.6208182391
-0.2593216311
-0.9110513013
0.2413449278
1.2174213679
1.8704155185
-0.7357235618
1.3109691001
0.7607898330
1.6598899530
1.5142674337
-0.1027886637
-1.4254516345
-0.2187893444
0.9752739841
-1.4281949575
-0.0501683593
0.4208817893
-0.0299540967
-1.5829351794
-1.8363339062
1.4415273494
-1.3588949401
-0.2632981715
-1.4319492984
-0.0384179461
-0.3291737977
1.2844689531
-0.0046131289
2.7069784220
1.0585849924
-1.1744573130
-0.7945106281
0.4940458393
1.6663976677
-0.0931733634
-0.6606330209
0.0147969686
-0.3264778709
-0.0237564709
0.4262395112
0.4648257668
0.8492946984
-0.2489495999
0.8070969064
0.1099130999
-0.0666278263
-0.7367398513
-0.9571891554
1.6912005315
0.9771803798
-0.3894981547
-0.3749930713
0.0440751547
-0.0261103335
-0.8442808011
-0.3976757815
0.9578566629
0.0031077699
0.9791715927
1.4867035140
1.3381259534
0.0443510733
0.4197916154
-1.4761194485
0.0539619695
0.5684154216
0.2523796350
0.7153598612
-1.1963225317
0.1094582628
-0.4352461092
-0.4590089560
-1.7559513040
-1.3258240441
-1.8674116734
0.8808084964
0.6249819406
0.6645793376
0.4081957174
0.7821473288
0.2229047804
1.6727326019
0.7212345813
0.6535738125
1.5866823712
0.1988528323
1.3701306060
-0.3922531473
0.3270467044
0.6124953972
1.4608609973
-1.4395254930
2.1489147191
0.0793969940
0.0458101643
0.0408000652
0.9894873308
0.5440142575
-0.4868423966
0.4159395632
-1.0456104826
-0.9401743760
-1.0008183962
-0.0586952971
-0.1643495602
