15 7 0.08
12 0 1 1 1 2 0 2 1 2 2 2 3 2 4 2 5 3 1 3 2 4 2 4 3
10 0 3 1 0 1 1 1 2 1 3 2 2 2 3 2 4 3 3 4 3
11 0 4 1 3 1 4 2 0 2 1 2 2 2 3 2 4 3 3 3 4 4 4
11 0 0 0 1 0 2 0 3 1 0 1 1 1 2 2 0 2 1 2 2 3 0
5 0 0 0 1 1 0 1 1 2 1
8 0 0 0 1 1 1 1 2 2 0 2 1 2 2 3 1
7 0 0 1 0 1 1 2 1 2 2 2 3 3 2
0 6
8 10
6 7
11 6
0 10
9 7
8 7
0 0 0 0 0 0 0 1 0 0 1 1 0 0 0
0 0 0 0 0 0 0 1 0 0 1 1 0 0 0
0 0 0 0 0 0 1 1 1 1 1 2 0 0 0
0 0 0 0 0 0 0 1 1 0 0 0 0 0 0
0 0 0 0 0 0 0 0 1 1 0 0 0 0 0
0 0 0 0 0 0 0 0 0 0 0 0 0 0 0
0 0 0 0 0 0 0 0 0 0 0 1 0 0 0
0 0 0 0 0 0 0 0 0 0 1 1 0 0 0
0 0 0 0 0 0 0 2 1 1 1 1 0 1 0
0 0 0 0 0 0 0 2 2 0 2 2 1 1 0
0 0 0 0 0 0 0 0 2 2 1 1 1 1 1
0 0 0 0 0 0 1 2 2 3 0 0 0 1 0
0 0 0 0 0 0 1 1 2 0 0 0 0 1 0
0 0 0 0 0 0 1 1 1 0 0 0 0 0 0
0 0 0 0 0 0 1 0 0 0 0 0 0 0 0
-2.5002990614
0.6304630027
-1.1267777016
2.5223105298
2.2715468614
-0.1430124380
1.2799815506
1.2271525043
0.0421032990
1.6272771076
-0.3913843936
1.4917285247
-0.4867205284
-0.1321940609
-0.3074166644
-0.8642725489
1.1021238640
1.3600947344
-1.0777579563
-1.7560859824
-0.2374699420
0.7418499073
-1.3653764034
0.8808057951
1.2982060507
-0.7120010493
1.4384855509
0.3057040875
-1.9690848389
-0.5994090441
1.1188137502
-0.2122125800
0.0144054224
-0.0208883698
-2.4228198401
-1.8436955789
0.1070366203
0.7558753924
0.0893094645
-0.8078931981
1.0984682756
0.6157982127
-0.3500614348
0.0461521524
-1.4189188658
-1.3988736128
-0.4255453738
0.3945948725
-0.9146275626
0.2521796529
-0.7509077668
0.0161299256
0.8494087050
1.1894436878
-0.2940050109
-1.9166893562
-0.7783440589
-0.6225241030
0.6610148299
2.0129866848
-0.8671925461
1.1425151432
0.4744216972
-1.8026248111
0.0925021719
-1.1826841926
1.4900995577
0.7145355709
-0.6261487413
0.2724627487
-1.3287643441
0.0664981589
0.1420587243
1.8682774841
0.0429311704
-2.3829627821
2.4328706093
0.7492915325
-1.0194643342
1.1051107979
-1.0340816673
1.4679536683
-0.9589480826
-0.7045562752
0.5438751661
2.0385727176
0.3083311601
0.8286731302
-0.1625972556
-0.5425534105
0.3740785090
-0.2356412336
-0.9075751492
1.1082479633
2.1318096529
-0.2595439355
0.4840502118
-1.1479669080
-0.3783227306
1.0438443452
0.5624969798
0.9758163188
-0.5241861134
1.3332719733
0.0702261262
0.5118055490
1.6233734620
0.0613390123
0.6850654913
1.2746845032
1.7642788021
-0.6365067796
1.1094153329
-0.3332196970
-0.5310948804
-0.0030043549
-0.1463647967
-0.7580224530
-0.7859592077
0.5624696203
-0.0824364730
-0.4225976505
-0.7801035949
-1.0071228729
-0.9919418654
-0.7051382264
-2.2129027137
0.3734729277
0.8931814142
1.2221922865
-0.0815290286
-0.7223805981
0.2113670835
0.5870623736
-0.5667222434
0.0819460246
0.7936538429
0.0581257485
0.8691145167
-0.2763870422
0.4146136480
-0.7026216985
-0.9333652181
1.4219444043
0.1267994337
0.1791952498
1.2548975643
0.7385334996
0.9673911400
-0.0143297345
0.5363260409
-0.1978676003
-0.6012087872
0.8573853747
0.9807069932
0.6555045285
0.0799280951
-0.2887567498
0.8403683695
-0.2548088220
-1.4648748396
2.0119180899
-0.4382647863
1.0575366218
0.0992871188
-0.0582433163
-1.7531294821
-0.0293142982
0.4733409977
-2.3247067716
0.6284747883
-0.3055486618
0.6767154117
2.7950679664
-1.3362150613
0.7466453594
-1.2328822347
-0.5719855570
1.6127966641
1.5951495449
-0.0776636838
0.7219638233
0.4166700438
-1.1165036410
0.9236577550
-1.6422931782
0.6089537302
-1.1767179365
-1.1983688823
-0.3223889382
1.8659937820
0.5053355370
-0.0132011149
0.8584470092
-0.7213948523
0.4544255915
0.7687238313
-0.1294135879
-0.3687587626
-0.3701073794
-1.3868579633
0.5972076172
-0.3946081909
-1.6292180951
-0.4299316441
0.0957261749
-0.8324078284
-0.3422820921
0.0561770067
0.3576581348
0.3009939828
0.5419428398
-0.3324209737
0.9198596228
1.1621093091
-1.6383100388
0.6464503349
0.6301795667
-0.9365745881
0.1353571480
-0.8027609706
0.7737575363
0.3404198221
0.5939121761
-0.0844822610
1.1479302292
0.1972303031
1.2971225735
0.7754936110
0.8184833581
-1.2142997292
1.4041392965
-1.7093426714
0.5551873851
-0.7498225959
1.3091643927
0.1769129575
1.0177796611
-1.6866247491
1.0979454465
-0.8109622370
-1.4859287606
-0.7500443735
0.7277974969
-1.6781897637
0.6714646717
-0.6144105640
0.4409306194
0.1655006526
-2.4192786320
1.1073308659
0.5573922529
0.8745073289
1.6664287441
-0.2882174833
-0.4670082673
0.3053750847
-0.0865743810
-0.2064934500
-0.1815518781
-0.6396881807
0.9285336802
1.6435528222
-0.8931703952
-0.1843372233
-0.2900739817
-0.0702058727
-0.5787735994
-1.1086534137
1.1927084383
0.4571969965
0.5979251819
-0.6545468151
0.4048741568
0.6398463680
-1.0871944685
-0.8144295810
0.6122103216
0.3043620467
-0.9804765722
-0.0999287336
-1.8117820376
0.3866271231
2.1040854057
1.3768642094
-1.1069192169
1.6164237258
0.1451141509
0.0987327268
0.3187074253
-0.1194250350
-0.2401902839
1.5924787261
0.9241801838
-0.9783775296
0.0316449214
-0.9485073615
0.5046182806
0.2861336822
0.0726829013
-0.1261070475
-1.0574393149
1.1230488822
-0.6328213371
-0.2004854873
0.3194358955
-0.3213511859
-0.7279767383
-1.5402443756
1.3879453723
0.9318892793
1.1883256256
-1.6941926955
1.3091637232
0.7732950470
0.8466288306
0.0576693298
-0.7160310187
0.5868436463
0.4577431643
-0.2018800226
-1.1913836490
-1.4029852460
1.1245355164
-0.1995310916
1.1065251592
-0.0797330666
-1.2808843849
-1.0595501208
1.3774745465
1.4300552350
-1.5859953235
1.2081127487
0.0559583301
0.2352107726
0.0196747394
0.1132520821
-0.9689724899
0.1760389331
-0.7358611544
-0.3349410150
-0.4312045272
0.3442275871
-0.4395352565
-0.4897911995
0.9487966795
-0.5851268860
1.7046247359
0.3292802891
0.2880052957
0.5228687126
0.1253934285
-0.0384886352
-1.0538782194
1.5534168120
0.5605243369
-1.1790156258
0.6928149699
-1.2174568674
-1.4709080528
2.3721046983
0.0365673070
-0.3352829384
-0.3245130939
-1.5174065407
-0.0436696419
2.1151029941
-0.0823892898
0.1944609144
-0.8132427420
-0.6313825270
1.1820471386
-0.8107918487
0.9851707552
-0.8137798945
-0.5246996319
0.3577473379
-0.8136637997
-1.0054913992
0.2974959008
0.0754874062
-1.1425136800
1.2045181288
-0.6940451740
-1.0686812245
-0.6021733921
-0.9999694374
-0.2388718911
1.1904574935
0.2353622601
-1.5639193987
-0.6380350635
-0.2315280122
0.1840638244
0.0332065618
0.4936000064
0.4913262677
-1.1936614219
-0.8026275844
0.0002710130
0.0749815294
-2.2545132291
-0.3596728326
-0.2430048926
3.1085965389
-0.2105870540
1.7340186425
0.2461314354
-0.6898943899
-0.4822024923
-0.2050052604
-1.1599986505
-1.0640068797
1.6522962144
-0.5805849953
-0.9215112310
0.4876997318
0.0756312327
-1.3446095005
0.1977251717
-1.5915877158
-0.5512706644
0.3365555841
-1.0020226723
0.0023670662
0.4220771283
1.2467419911
-0.1547578337
0.8491301717
0.4468921059
-1.5855863299
-0.6692031131
1.0210528495
-1.8924662807
0.4335994312
-0.5130130180
-0.1640499606
1.8055646400
-0.9462212089
-0.9026786275
0.1465334320
0.3779614839
-0.0634155896
-0.7218394992
-0.7617479255
0.3468151707
1.4613652352
-1.1510922701
-0.0296941799
-0.4116525669
