13 4 0.12
14 0 1 0 2 1 0 1 1 1 2 1 4 1 5 1 6 2 1 2 2 2 3 2 4 2 5 3 5
12 0 2 1 2 1 3 2 1 2 2 3 0 3 1 3 2 4 0 4 1 4 2 5 1
14 0 0 0 1 1 0 1 1 1 2 1 3 1 4 2 0 2 2 2 3 3 0 3 1 3 3 3 4
8 0 0 0 2 0 3 1 0 1 1 1 2 2 1 2 2
2 1
5 6
6 4
4 1
0 0 0 0 0 0 0 0 0 0 0 0 0
0 0 0 0 0 0 0 0 0 0 0 0 0
0 0 1 1 0 0 0 0 0 0 0 0 0
0 1 1 1 0 1 1 1 0 0 0 0 0
0 1 1 2 2 1 1 0 0 0 0 0 0
0 1 1 1 0 0 1 0 1 0 0 0 0
0 0 1 1 1 1 0 0 1 1 0 0 0
0 0 0 0 1 1 1 2 2 0 0 0 0
0 0 0 0 1 0 2 2 1 0 0 0 0
0 0 0 0 1 1 1 2 2 0 0 0 0
0 0 0 0 0 0 0 1 0 0 0 0 0
0 0 0 0 0 0 0 0 0 0 0 0 0
0 0 0 0 0 0 0 0 0 0 0 0 0
-0.3677208913
0.0849365123
-0.6389177726
1.9617979332
-0.1997859569
-0.6943149259
0.8445342575
0.5835683910
-0.5202925626
1.0421015383
0.1240697865
1.0429403792
-1.4584773010
-0.0859455645
0.4090314676
-1.1912255195
-0.0367405162
0.3760134530
-0.0890463745
-0.7363799269
-0.0450464622
-0.8871562539
0.8836811601
0.3540996336
0.2275110752
0.3887928233
0.1828965121
1.1772360773
-0.3560682488
-0.6099660051
0.4448030021
-0.6465868645
-1.1956102921
-0.3876227609
0.1860901234
-0.6696976645
-0.9984476281
0.9039855080
0.0973061973
-0.7441939300
0.5257602445
-0.9907319222
0.6128723956
1.3123354510
0.9974893293
-2.6018316582
1.4980460063
1.6401351484
0.1179960515
-0.6825789828
-0.3674185344
-0.3867409565
1.1816399541
1.4879494865
0.4215730135
1.1597589991
0.0566533846
0.8580765538
0.3133345514
-0.1453451335
0.4582193810
0.0187998824
0.2209032221
0.2604789368
0.4841238662
-1.5796300050
-1.2077955944
-0.6079521852
-0.3304750648
3.3261568656
-2.0643148358
0.5530787067
0.2617064005
0.1532891804
-0.0982986001
-0.0883158263
-1.1109625580
-0.6218725526
-0.8258395753
-0.1538478557
2.1947810842
-0.2837694959
0.9659793960
2.2010726680
-0.8192369481
0.6054175580
-0.3042053721
0.0002288003
1.3043110953
-0.0607415978
-0.3700860729
2.1819437524
-0.3132923475
-0.8737108868
-0.3173435715
-1.1049493214
0.5498428023
0.9176721741
-0.1098401952
-0.0865026799
-0.0748753955
0.5199137895
1.6660413936
-0.4057018860
-0.2380804658
2.2318619093
1.7837091941
-0.2387678271
-1.4481276037
0.0713630971
1.0703119934
1.7979037748
0.9562075065
0.7997956972
1.3764594424
0.7638963536
0.5055506408
-0.7542640298
0.0195058181
-0.0604507807
0.8107883366
-0.8395339653
-0.7926979769
1.1588944748
0.9975909923
-0.2210207892
0.7337788841
-1.2212871999
1.2781318224
2.9310310486
-2.1921645116
0.1103049962
0.7805622351
-0.1675445206
-1.1203168931
0.3250989568
0.5478629428
-1.0987991007
-0.6959728150
0.2438593940
0.4935565666
0.8783782590
-1.7884560962
-0.5984077914
0.9115260714
-0.4316487753
0.1959110215
2.2384885529
-0.7258204218
2.2614065409
0.7758226961
2.1177041640
-0.6637392603
0.0767949674
1.4378248732
-0.4514813269
-0.7736592005
0.3191805569
-0.2234409733
-0.3513640871
0.3627471867
1.3978287646
-0.0595468855
-0.1466719401
0.0237614612
0.0509713470
0.2524901284
0.1591624056
0.8775238637
-1.0380128352
1.0672215017
0.1282143447
-0.1098143287
0.2781873268
-0.1044757173
0.7357221543
1.1393258351
-1.5402217104
-1.0530180379
-1.4443948298
-0.2842514271
0.6693411339
0.2583455314
-2.2989930294
1.3007345857
-0.4721709638
-0.6839970259
0.1344585805
0.3297663459
-1.3365240766
-2.4121887011
-0.7230778849
-0.7419521008
1.0056566780
-0.7417717796
-0.4251394684
1.5261878291
0.2424094825
0.6849932611
-0.4906204295
-1.3512542451
-1.7756366673
-0.9513463767
-0.9605851931
-1.0688849774
-1.0106761091
-0.2684009068
-1.3799258394
0.6837931063
0.3582637663
0.5459361489
1.7749962094
1.7788217206
-0.6540210491
-0.2989274219
-0.6311282301
-1.4677893305
-0.0597255754
1.3313953582
-0.2810025747
1.3046766526
-0.9276943649
0.0071735256
1.1168649113
0.5204666712
0.8844099976
2.4758824964
0.4700356847
1.5693934536
0.1613540820
1.4171538738
-0.2509563746
0.3888080069
-0.2901049465
-0.9221378476
1.8899258539
1.3993170031
-1.5525737806
1.1221413304
0.9249578259
0.6355319822
0.6040302376
0.4526261414
0.1357526608
-0.5178766100
-0.2719969465
1.4624138533
0.6415142028
0.2876120626
-0.2464499996
0.5744359498
-0.9758800428
0.5292005990
0.2404381941
-0.0598668123
0.1581539057
-0.7128724474
1.5495477964
-0.1044211795
-0.5245536876
-0.9852447036
-1.1138488046
0.3452503787
-0.3480674764
-0.5320870559
0.2890784568
-0.0905170886
-0.2119992048
-0.2845738702
1.0497227082
0.0890912425
-1.1185902164
-0.0250642156
-0.1686079499
0.3716257621
-0.5562455106
-0.1367746783
0.8444054919
0.7533104414
-0.4968875694
-1.1088181721
1.2877448111
-0.0833647566
0.8662831959
0.2012679565
-0.3400710006
0.5022381734
-0.5884430627
0.6765563082
-0.7202948253
-0.5346563103
-2.5115837660
0.3670310612
-0.5279450776
2.0326058782
-0.4677287838
0.4004841019
-0.6338280108
-2.0387898297
-0.3610075617
-0.5776105940
2.0785611906
-0.7478865061
0.9263007267
-0.5867269023
-0.0730791437
-1.5074078654
-0.5741989396
0.0009523688
-0.4959647409
-0.0830222776
0.3382423241
2.2493033229
0.6722653298
0.3294478908
-0.7479552121
-0.0704792110
0.5198707500
2.1179876903
0.0063674628
0.4596635160
1.0745180683
-1.3204451400
-1.0937003445
-1.2652683312
0.1739879547
0.7417571754
-1.1833353310
-1.5853648548
-2.7111869501
0.5671770990
-0.8770086790
0.2871149082
-0.2545905125
-0.5851588088
-0.8747594420
0.0078881742
-0.2298336978
