15 9 0.13
6 0 1 0 2 1 0 1 1 2 0 2 1
6 0 0 0 1 0 2 1 1 2 1 2 2
6 0 2 1 0 1 1 1 2 2 1 2 2
6 0 0 0 1 0 2 0 3 1 2 2 2
6 0 3 1 0 1 1 1 2 1 3 2 3
6 0 3 1 0 1 1 1 2 1 3 2 1
6 0 0 0 1 0 2 0 3 1 0 1 1
6 0 1 0 2 1 0 1 1 1 2 1 3
6 0 0 1 0 2 0 2 1 2 2 3 2
4 11
1 10
9 7
9 5
4 6
5 3
12 6
0 1
10 10
0 0 1 1 0 0 0 0 0 0 0 0 0 0 0
0 1 1 1 1 0 0 0 0 0 1 1 1 0 0
0 0 0 0 0 0 0 0 0 0 0 1 0 0 0
0 0 0 0 0 0 0 0 0 0 0 1 1 0 0
0 0 0 0 0 0 0 0 0 1 0 0 1 1 0
0 0 0 0 0 0 2 1 1 1 0 1 1 0 0
0 0 0 1 1 1 1 0 0 1 0 1 1 0 0
0 0 0 0 1 0 0 0 0 0 0 0 0 0 0
0 0 0 0 0 0 0 0 0 0 0 0 0 0 0
0 0 0 0 0 1 1 1 1 1 0 0 0 0 0
0 0 0 0 0 0 0 2 1 1 1 0 0 0 0
0 0 0 0 0 0 0 1 1 1 1 0 0 0 0
0 0 0 0 0 0 1 1 1 1 1 1 1 0 0
0 0 0 0 0 0 1 1 0 0 0 0 1 0 0
0 0 0 0 0 0 0 0 0 0 0 0 0 0 0
-0.2306877734
0.3410176176
0.8477675794
-0.0564397557
-1.8668479904
-0.3186443743
-0.1830536925
-2.4463693325
1.8503827210
0.5961765802
0.1010076890
-2.7613624526
-2.6092019996
1.0443274290
0.2781194679
0.4102007015
-0.1641073347
-1.0435373169
0.1894975276
0.9008587195
0.8788893164
0.2555712305
1.2504709210
-0.1131287238
0.8757126351
1.6389384313
1.0858477335
-0.8557454437
-0.4720196852
1.0214466457
-1.5435320453
0.1689619291
-1.1889375950
0.6118665418
-1.1379107517
1.1993768077
-0.8291441281
0.3801197708
0.0594593250
-0.0922879749
1.5737134579
0.2636257984
-0.7962681069
0.7066689724
-2.0200257865
-1.0349371901
0.7843836575
-0.1559884468
-0.6692186514
-0.3104803696
0.1779102629
0.6123919364
-1.2512561130
-0.1069799860
-0.3248818503
0.6450282135
0.5420063923
0.0857445634
1.0435021051
1.0868560968
-0.7586527318
-0.0339561099
-0.4712036778
-0.8098634686
1.7885742897
1.1491595269
0.2211622687
-0.4750790813
2.0648096876
0.1339229654
0.2077724275
0.2157809022
0.8533760067
-0.2117239177
-1.2220946227
1.2953487676
-0.3851461969
-0.2954349538
-1.1944982408
-0.0822584704
-0.7038184433
0.0527033147
2.5764137134
0.7880666868
0.2391416790
-0.6684776690
1.1446765901
-1.4827339289
-0.1838679288
2.1190269828
-0.2052054712
0.1268068760
0.4898150136
-0.0583494974
-0.6953313839
0.5271435152
-2.0483447420
-0.7691484583
-1.5356263775
-0.0803543007
-0.9998592901
-0.6119140338
0.7245094055
-1.6768744693
0.6415780776
0.7718304285
0.4929196717
-0.2549637238
-1.3163544710
0.5718882713
-2.1121744156
-0.6730747712
0.9745515903
-1.3733388031
-1.4275046453
-1.5149622695
0.4888197971
1.8579045505
0.9511302965
-0.7613724171
-1.9835616854
1.5032970135
-2.1336591630
-2.2689887784
-0.1895637162
1.0248644749
0.3827851826
-0.6145719635
-0.2209463498
0.9691253143
-0.5534195941
-0.3242322141
-0.0597336666
-0.7153730790
-0.4018510542
-0.3964610064
0.2641690018
0.7364635975
-0.9319840270
2.0995621046
1.6749698285
1.2636867129
-0.5960580474
-0.0409042370
0.0886059205
-0.6429473722
0.1387037240
-0.0549142402
-1.0387077383
0.4442646847
0.2862838143
1.1822942206
-1.7512628143
-1.0860756735
-0.7274807294
2.4564312195
0.4396727487
0.4055211268
-1.1278609084
0.9268884038
-0.3632575546
1.6177791600
1.7501090055
0.1117558050
-0.0958786021
-0.8232687084
0.8546673908
-0.0797798477
1.2591879246
-0.7051697097
-0.4878060593
0.9113493418
1.0777680654
-1.0286345968
-0.1286626080
2.2017950623
-0.1056478821
0.3312084040
0.0380433243
0.6072613113
0.0690345134
0.5103281992
0.6565932220
-0.2033386957
-1.3426088651
-0.1713261611
-0.3480585285
1.2724059744
0.7019316923
1.2134959978
-0.7095423959
0.0859442302
0.4001195155
0.3468978020
0.8214877305
-0.8301744703
0.4791569796
1.7170982976
0.9133521994
0.3541603791
-3.9848808395
1.3682170680
-1.0202406978
-1.7808382738
-1.4826902605
-0.2415459411
-0.8778851168
-0.0751020125
1.1602886496
2.4346543102
0.9878930929
1.0619811620
1.0826257746
0.0847777039
0.9038543029
-1.1451352465
-0.3165898141
-1.0178090234
-1.9997463258
-2.7466041399
-1.0757070519
1.0209745934
-0.4995041934
0.0673406247
1.9237383196
-0.8924282836
0.9831476896
0.2575111891
-0.3149974393
-0.4051429484
0.8029350281
0.3453720926
-1.2774202877
0.3728818716
0.4915886648
-0.5056420175
0.3292095338
0.4013278411
-0.0022454875
0.3785923004
-0.1392440617
-1.1534912220
0.6210659941
1.1311474975
1.1271519022
0.8058211989
-0.1466053736
1.4182111991
-0.9650760885
0.0135202643
0.2233093713
-0.8222483812
-0.0149586296
0.7474671940
0.4427036711
-0.1584616603
-1.2969339245
1.4911088612
2.3790073118
1.0873266418
-0.8827136526
-0.0401386021
1.9318723457
-0.3237230795
0.2971739855
0.4897417129
1.0582538988
0.7685469588
0.7263982019
1.1762031938
0.6351141647
1.4162473164
-0.0312883359
1.6407897370
0.4189017578
1.3737539856
0.5494914043
-0.0044317754
0.4084582167
0.6646000365
0.1785867098
-0.0570800571
0.6327206364
0.5861182317
2.4712080846
0.1803822458
1.0625814043
1.0735449230
-0.1964941185
-0.0715552150
0.6355270987
-0.1346509113
0.0085001861
0.1910030613
0.6159561245
-0.9061727023
0.5696398025
0.1874597036
0.5020853813
-0.1897241384
0.1027246460
-0.3352342437
-0.5593564069
-0.2067558861
-1.2730773580
-0.3762738228
-0.4651366014
-0.0720862998
1.0233032612
0.3218642486
-0.1689621090
-0.8237885696
0.5319641474
-0.1827262526
-1.9285665092
-0.3631024194
-0.7422477906
-0.2510830217
-3.0038361220
1.1578428496
0.5464957867
-2.9152187310
-2.1070204568
-0.2444651047
-0.4748466327
-0.4008626168
-0.5844601138
-0.3403431615
0.1911238249
0.5744945957
1.2428352891
1.1758006053
0.9384011879
-0.9625684177
-1.6576056024
0.0065314430
-1.0042756708
-1.0859164276
-0.1356633787
0.0768003336
-1.2522686213
-0.0059879360
-0.1254035111
-0.1088302124
3.0305690614
1.1706518245
0.1851177133
-1.4349221255
0.1446520014
0.0650718218
0.5064047920
-2.3194619189
-2.8865711024
0.9545988482
-0.4628785196
-1.8479531646
-0.6548703518
1.1185339512
-0.0589176357
-0.9055677437
-0.4959237125
0.5861135795
0.1909343227
0.0630062765
0.7612443152
0.3046208556
-0.2210044557
-0.2025197749
1.2181953065
-1.3362502903
-0.0739716519
-0.3933878703
0.4339181798
0.7311832199
-0.3388019525
-2.5945907322
1.7167971695
0.9009945906
-2.5549614784
0.5931785533
-0.4077447778
-0.1094186183
1.7084506550
-0.3742653714
0.2813777509
-0.7026428632
0.2239857234
0.8959658104
-0.3053803273
0.2408358403
1.7214525252
-1.0991667864
0.7262274823
0.1679765577
0.7464700375
-1.9321807988
-0.0514691003
-0.2445356587
1.1229852160
-0.9045863535
0.6809876997
-0.3965686767
0.5268587798
0.4615912912
0.2451792441
0.7515027150
0.8852525763
0.1945046025
-2.6564768807
-0.7050622080
-0.7632492775
1.8179828259
-1.1242504075
0.6390893933
1.8322210285
0.0584693107
0.8903747217
1.0977666495
1.2156542901
0.4534183481
-0.2068870938
1.8295027991
0.1942152332
0.4252581513
0.0176512129
0.7068476529
1.3219820379
0.4241210427
0.0843063425
-0.0539642393
-0.3018728805
-1.8624281189
1.1396554205
-0.0699321552
0.6347054546
0.8533853243
-0.5718173816
-1.8203752964
-2.2034011200
-0.5619467890
0.3139361229
0.7184513971
0.8125613556
0.7019325783
0.3214333855
-1.1419190645
-1.9058447319
0.8537860571
0.8316090817
-0.9086059108
