11 4 0.18
8 0 2 0 3 1 1 1 2 1 3 2 0 2 1 3 0
9 0 1 1 0 1 1 1 2 1 3 1 4 2 2 2 3 3 3
7 0 0 1 0 1 1 1 2 2 0 2 1 3 0
11 0 0 0 1 1 1 2 0 2 1 3 0 3 1 4 1 4 2 5 2 5 3
0 7
3 1
0 8
1 4
0 0 0 0 0 0 0 0 1 1 1
0 0 0 0 1 1 0 0 2 2 2
0 0 0 0 0 1 0 1 2 1 0
0 0 1 0 1 1 0 1 1 0 0
0 1 1 1 2 2 0 0 0 0 0
0 0 0 1 1 1 1 0 0 0 0
0 0 0 0 1 0 1 1 0 0 0
0 0 0 0 0 0 0 0 0 0 0
0 0 0 0 0 0 0 0 0 0 0
0 0 0 0 0 0 0 0 0 0 0
0 0 0 0 0 0 0 0 0 0 0
-0.4811552074
0.6841543578
0.4873944255
0.0121384694
-0.2479115997
-0.0740724710
0.0251596540
-0.0515942210
-1.8819668021
0.3679046796
1.6604158917
-0.8405626037
0.9568302389
0.7144832372
-1.5689014818
0.3569124288
-1.4354584130
-0.6037498529
0.5950199414
-2.4090309001
-1.2683804376
-1.0972939225
1.2546621943
0.4991112035
1.2506123972
-2.0464617370
0.3142330142
1.7252701882
0.6961552034
-2.0249477770
-0.0132423397
-1.5697821728
-0.8666751742
-0.3796439300
1.7571597588
2.3224537647
0.2960092877
-0.4053873427
-1.5329317417
1.5522389215
-0.7141633908
-1.3625748390
-1.4504931350
-0.5245158457
-0.3719104122
1.7734034732
-0.7833651592
-0.3488997918
2.3658014937
-0.1414536244
-0.7217865011
-0.0187594512
0.4229449065
1.0606944602
0.5631933934
1.2037803346
1.1558312124
-0.6392720277
-2.5467216589
-1.6876450294
0.8361164580
-1.9023973144
-0.8574695428
-0.8400076088
1.6652374088
1.1961145365
-1.8521579975
-1.7341291830
1.5580569085
-0.8813494253
0.8550745888
1.6279097410
-1.5061248540
0.5776191580
0.3175354553
-0.8442392847
0.0196150236
-0.7627730316
-0.9864695562
0.3051312956
-0.3378830884
0.1421212683
-0.3511221371
-0.6107278677
0.8001020769
0.7791759997
-0.0638201583
1.1379229491
-0.4832203039
1.1230665607
-0.5084011386
0.4329823692
-1.6005769968
0.0612613164
0.0236154385
-0.2184221500
-2.3960359846
1.5711673656
0.0492693372
-0.4116387596
-0.3778507621
-1.1892480172
0.4035474987
-1.1095983397
0.4532857477
1.6426262959
0.4361584726
-0.2687456827
-1.8294127065
0.3073539383
0.6441341085
-0.2544486378
-0.7410547316
0.8870678079
0.7275727955
0.8863102595
-0.0713640971
-0.6718631012
1.1766416999
-1.1952519896
-0.2979922010
0.6029030852
1.4442755691
-1.1950990905
-0.5771670517
2.3005306669
0.0450847535
0.3288232818
1.5200547958
-0.5050210021
-2.2070181735
-1.6721595067
-0.5660568255
-0.7433220540
-0.3517013861
0.1338178341
-0.7036091753
-1.0937379405
0.3642993680
0.4075113795
-1.3740030160
0.3169416219
-0.1171832197
-0.2313960281
0.9311531983
-0.9812518404
-0.3192843830
-0.2688361048
-1.8619927488
-0.3480363336
-0.3826624480
-0.8632597531
0.3629597678
0.0694635830
-1.0383497467
0.9563653308
0.9319703466
-0.9260279159
0.0342492055
-2.1242566876
-1.1443479203
0.2555181229
0.6861386701
0.7262624087
1.3701801388
0.9361938046
-0.4323967141
-0.7864604815
0.1724988120
0.0775518389
0.0907520843
-0.3947054057
0.4891087042
0.5032305054
-0.2776787277
1.4464526967
-0.9839943884
-0.0436141551
1.5115469456
-1.2306814637
-0.3099346208
0.3320365150
0.1642958201
0.5279398922
0.0138825557
-0.4020978366
1.5948576368
-1.5828781580
1.0466644196
-3.2248443791
-0.4328690578
-1.0641452123
0.1509487364
2.2516284850
-0.7722636350
1.7535202715
-1.1458611951
1.2627803059
0.6865150275
-1.0548321613
1.1677282546
-0.8477429134
-0.7876924626
0.6270800897
0.3260967546
1.1821009596
1.2236091596
-0.2249673932
-0.9630509074
-0.2431905776
-0.3271353287
-0.8471583907
-0.6288323048
0.8656739826
0.8276422925
-1.6922128924
0.2358165922
0.0862339887
-0.2501686721
0.2789748553
1.1061925541
0.1211469927
0.1798945475
0.1637858284
1.2883686311
1.2112234099
-0.2825684377
-0.4749807640
1.7211759753
2.0984994401
-0.9349596875
0.0499256487
-0.0601659997
-0.4607037425
0.4615853861
1.8887929700
-1.3122517019
-0.4527979742
-0.1994517867
-0.1360573658
-1.5244299951
-0.4456556964
