13 5 0.10
8 0 0 1 0 1 1 1 2 2 1 2 2 3 2 4 2
8 0 1 1 1 2 0 2 1 3 0 3 1 4 1 4 2
11 0 0 0 1 0 2 1 0 2 0 2 1 2 2 2 3 3 1 3 3 4 1
5 0 0 0 1 0 2 1 0 1 2
6 0 0 1 0 1 2 2 0 2 1 2 2
8 5
8 5
8 9
6 5
4 6
0 0 0 0 0 0 0 0 0 0 0 0 0
0 0 0 0 0 0 0 0 0 0 0 0 0
0 0 0 0 0 0 0 0 0 0 0 0 0
0 0 0 0 0 0 0 0 0 0 0 0 0
0 0 0 0 0 0 1 0 0 0 0 0 0
0 0 0 0 0 0 1 0 1 0 0 0 0
0 0 0 0 0 1 2 2 1 0 0 0 0
0 0 0 0 0 1 0 1 0 0 0 0 0
0 0 0 0 0 1 1 0 0 1 1 1 0
0 0 0 0 0 1 2 1 0 1 0 0 0
0 0 0 0 0 1 2 1 0 1 1 1 1
0 0 0 0 0 1 1 1 0 0 1 0 1
0 0 0 0 0 0 1 2 0 0 1 0 0
0.3976567969
-0.1961509129
1.2361119507
-0.5618152037
-2.0066045204
-0.0736940846
0.4266878605
-0.4324462476
-0.8962994177
0.4084752905
-0.7538827826
-0.5270922140
0.9690852415
1.9325503152
-0.9058175593
-0.1779931725
-0.9473348707
-0.9070451338
2.1202292899
1.1022451772
0.4550770865
1.1190837608
0.2515154388
-2.0424404257
-1.2811005577
1.1465062616
-0.6036250688
0.0721899361
-2.4968524662
-0.4181504997
-1.0475518629
0.0708809076
-0.7635064655
0.4269152269
1.7674796552
0.0549613903
1.2582462476
-1.1083623621
0.9476326863
-0.1089418830
-0.1992290626
0.3472943452
-0.5187425134
1.4355112631
1.0202366697
1.5477801550
-0.0641227013
-0.8382981996
-2.3859998529
-0.5089846508
0.9074676590
0.1095844507
1.4580224258
-0.0247918347
0.7920731247
0.6743319414
-0.5091611808
0.0421329806
0.3646182666
0.0358716495
-0.9630493277
0.6879980620
1.0623593059
0.8698106852
1.5076346015
-0.9527126016
-0.7257278425
0.9330594955
0.9014237956
-0.3070334308
2.1745030991
-1.3539032762
0.6988034342
0.3917788363
-0.2429070290
0.4259999615
-0.6359097696
0.5422278930
-1.1543277133
-0.0278295206
-0.0211467505
-1.5685718256
0.5889008600
0.0435898798
0.3871057753
1.8753454969
1.9885185814
-1.5400954840
-0.0017275236
-0.2633745480
1.1507298735
0.8268981863
-1.2244024349
-1.0067788548
-2.2539448346
-0.6244255649
-0.9682494843
-0.4873784133
1.5645587804
1.4991563404
0.4077384634
1.1955878043
-0.9313725380
-0.5299019697
-1.1352598116
1.0347879059
-0.4462656395
-0.1564031087
-1.0293369990
-1.5276555952
-0.6382437484
-0.4110665883
0.2379521947
-0.4482957673
-0.7456858205
-0.0042246731
-0.9225997147
-0.1229313506
-0.5111324099
-0.3707673785
-1.3583754057
-1.6324931657
-1.0065973348
0.4820602005
1.2638914788
-0.4845758366
0.4909372422
-0.6660780528
0.8128280106
-0.4008153463
0.1297732291
-0.2188341565
0.0677023916
-0.0741815408
-1.5193922020
-0.9739295342
-0.5870179907
1.2932406136
-1.4306204474
0.5753816427
0.3122562094
-1.1571852118
-0.1768444208
-1.1586725006
0.1233729241
0.3959158672
0.1328005038
-0.1966814595
0.6487172547
-0.3852432069
2.2423568231
-0.5205999043
-0.5596707009
-0.6782352909
-0.4139642384
-0.9435083617
0.7032191304
-0.0087567732
0.0386112312
-0.4597694222
0.2952730334
-0.6877474611
-1.1566330491
0.2513835374
-1.6112690836
-0.9831871224
0.5337112783
-0.1388082841
1.5930515549
-0.1991340444
1.7341235818
-0.3767808272
0.5931752749
0.2927355596
-1.3552165924
-0.0343379050
-0.7570032484
0.1086922591
-0.9457837596
0.1807287419
-0.9766751193
0.2917234659
-0.1080498880
-0.6638486737
-0.5098250538
-0.2914381192
0.2406518901
-0.2649930931
0.8523865127
-0.6878327709
0.5084837996
-0.0850509855
1.5822453583
0.2922806942
0.3838031018
-0.5916617105
1.5966188209
-1.6214195430
-0.7929434156
-0.1720954336
-1.2848796206
-0.1121079881
-3.1831060432
0.5761901454
-2.1006415731
-0.2241494541
-0.1430115274
0.4962404897
-0.6920992085
0.9814661701
-0.4374741939
1.7600062422
-1.1189300505
0.9563922849
0.2806991670
1.4531562867
-1.4930051688
0.9407807845
2.5441807811
0.3907961424
-0.9600324107
0.9440002196
-0.0137588948
-1.0963532271
0.9576286941
-0.2738470831
-0.6914661502
-0.7966444580
-1.8270338374
0.1430820871
-2.0311834319
1.7195159766
1.6214866133
0.6011461915
0.9302786744
-0.7280389635
-0.5628204098
-0.8094767579
-1.1467266587
0.8527104912
0.7819494237
0.2633058479
0.2461035304
-0.1585651748
0.0403679643
-1.9455732739
-0.2256849680
0.4191255233
-0.2710961065
1.6643374906
0.7208399736
-1.0131911580
0.3583791918
1.7501708943
0.6758315776
1.4153169767
-0.0914709567
0.4827329749
0.3349016450
0.0587151048
0.9473268480
-0.4238328842
0.2534826901
-0.2911721019
0.2323317373
-0.5682435598
-1.2880074932
1.6170086752
0.5870624914
-1.1036285382
0.4225543802
0.4787326314
0.5579244144
0.4732509816
1.4220748360
-0.3154805727
-0.0613459466
-1.3076859522
1.8688558778
-1.4207904289
0.4364149990
-1.0923662197
2.4504822879
1.3826082442
-0.5527805947
-0.8469452083
0.2437303879
1.3485097408
-1.7702753700
-0.8190915594
1.0149377982
-2.0962123835
1.5424716826
1.2837638066
2.8282219391
-0.5370585201
0.4399672317
0.2905411639
-0.1091654631
-0.0432623828
-0.0384595118
1.3762436679
0.5152638241
-1.0565139721
0.4417258006
0.0146913977
-1.1637703508
1.0208632561
-0.3422403840
-0.6231962848
0.4573440507
0.1477650167
-0.0511863929
0.0630834267
1.0381746752
-0.9545026715
-0.4960220859
0.5376880672
0.5751208330
-0.4823986941
-0.2757488452
1.6546824641
0.2362172586
-0.1228244228
-0.6098520310
-1.0956472824
-0.2156856836
0.1809587605
-1.1812587028
-0.0221815490
0.0054490897
-0.5773254501
-0.4711850509
1.6533326951
-0.9539986743
1.0042867814
0.6182347913
0.0161555884
