13 3 0.13
31 0 0 0 1 1 1 1 2 1 3 2 2 2 3 3 2 3 3 3 4 4 2 4 3 4 4 4 5 5 2 5 3 5 4 5 5 5 6 6 2 6 3 6 5 6 6 7 2 7 3 7 4 8 3 8 4 9 4 10 4 11 4
30 0 3 0 4 0 5 1 1 1 2 1 3 1 4 1 5 2 0 2 1 2 2 2 3 2 6 2 7 3 0 3 1 3 2 3 3 3 4 3 5 3 6 3 7 4 2 4 3 4 4 4 5 4 6 5 2 5 3 6 2
13 0 4 0 5 1 4 2 4 3 0 3 1 3 2 3 3 3 4 3 5 4 2 4 3 5 2
1 0
0 4
4 3
0 0 0 0 0 0 0 1 1 1 0 0 0
1 1 0 0 0 1 1 1 1 1 0 0 0
0 1 1 1 1 1 1 1 0 0 1 1 0
0 0 1 1 1 1 1 1 1 1 1 1 0
0 0 1 1 1 0 1 2 2 1 1 0 0
0 0 1 1 1 1 1 2 0 0 0 0 0
0 0 1 1 1 1 2 1 0 0 0 0 0
0 0 1 2 1 2 2 1 1 0 0 0 0
0 0 1 1 1 1 1 0 0 0 0 0 0
0 0 0 1 1 1 0 0 0 0 0 0 0
0 0 0 0 1 0 0 0 0 0 0 0 0
0 0 0 0 1 0 0 0 0 0 0 0 0
0 0 0 0 1 0 0 0 0 0 0 0 0
-0.3074832047
-1.2191524590
-0.5673391138
0.8601829900
0.0903929894
-0.0481884014
-1.3103991697
-1.6434916291
-1.3101048734
-0.7407924713
1.0561608904
-0.6856332740
0.4188269797
1.2149651005
0.9084469105
-0.3990835497
0.7172662802
-0.6936286138
2.2847657699
0.5732557418
0.3448645833
-0.3949969257
-0.9019887347
-0.9933029356
1.2463939587
-1.4743120357
0.4874727181
0.4995267352
-0.7376154118
0.3310718043
-0.2404955941
-1.2040909574
3.2503005912
-1.1877786090
0.9293484719
0.8664170508
-0.6806915949
-0.1118796491
-0.7153888919
1.0497012506
0.6220384144
-0.2081476089
-0.1136894052
0.4288104127
1.1324749267
-0.4138067826
0.3201088995
-1.0948047305
1.3959237396
-0.0253235430
-0.3684504957
-0.6096630408
-0.1562211051
-1.2436898885
0.0934774791
-0.9469350544
-0.3647481547
-1.4100051539
0.8172367817
0.4030180126
-0.5450526833
1.8719310234
0.3719254960
0.8937564133
0.2161252644
0.4624184718
0.3905787266
1.6331243964
-0.3801665512
0.5572043686
-0.6255248927
-0.1896882443
-0.0570745460
-0.1210081958
0.9216982781
-0.2307665682
-1.5479230338
1.5481588825
1.8602646367
-1.1723322914
0.5040088614
-0.6800994967
-0.7199655983
-0.7079677229
-1.0680243917
0.9324329176
-1.8258058378
-0.2493501791
-0.6050072669
0.5505639380
1.3885486671
1.2977715992
-0.9279522034
-0.1244061775
-0.4120003448
0.4444116577
-0.1871713220
0.3342878327
0.9324855638
0.7317056189
0.5055877490
-0.7741914914
0.3464731674
-1.4552722612
0.5158595762
-0.4022142876
0.8467157992
0.9582080853
0.1076918178
0.8673022477
-0.8805456399
1.7854368367
0.0213998917
-0.8429807417
0.0353450382
-1.5080071174
-1.9201073282
-0.4027704345
1.2825181516
1.0772451795
-1.8066455807
0.5698284923
-0.9793974358
0.6186243960
0.2923431981
-0.0689321303
-1.5747505886
0.3804903405
0.2707829782
0.4317943708
0.8938634682
0.6262500246
-0.2090825353
-0.9340026166
0.6209144056
-0.3704301119
-0.4111006340
-1.5221336498
0.7774395907
0.6835068984
-0.5274955817
0.0256122343
1.1436397883
0.9711354494
0.5647681942
-1.1772790467
1.5692468689
-0.2823682457
-1.1371887317
-0.5904133968
0.9099554712
1.4052062672
-0.5043488581
0.1207279912
-0.3910257896
-0.8142436786
0.6721914922
0.0753977227
-2.5171770130
2.2470227971
0.4596885285
1.4111895400
-0.3167949454
1.0850517153
1.1174959096
-1.5635686402
0.7782023326
1.0411792742
-0.6522450119
-0.7452917459
-0.3874035552
-0.3632895410
0.1642572174
-0.7744554748
1.1354053309
-0.6502083096
-1.3661094451
-0.0125106783
0.2047145702
0.3473154401
1.5616458056
0.3590209384
-0.4264094134
-0.7764215244
-1.6869772850
1.1988096673
-1.6946296424
-1.4449819945
-0.4839223014
-0.2059962189
1.0049651312
0.2409232713
1.5668142177
0.4829089148
-0.0905974213
0.2634193529
0.8264133301
-0.1889931469
-1.6341902015
-0.0262929025
1.5962324958
0.8554608726
1.4478436213
0.8231978942
0.8042600438
0.3207983775
0.2628406349
2.7225298045
0.0264336234
0.3400394596
-0.4527053234
-1.3221813627
-1.5608972686
0.0690842405
-0.7352700797
0.7607277410
-0.3270328636
0.6686473715
1.6125869308
0.5652236788
-0.1578707281
-0.8855990413
-0.1475305876
-0.4782913088
-0.7375998961
-0.7599998841
0.0059885909
-1.8997450855
-0.2475113564
1.4212397758
-0.3318914044
1.0676915063
-0.2369899187
0.2533893608
-0.0511934706
-0.1344365512
1.0000648106
-1.1359262365
-0.2890173007
1.4631867152
-1.0863735980
1.5456166780
-1.0708601214
-0.5026661126
-0.4635469853
0.1634892806
2.6826085227
-0.1947192164
-0.3784472091
3.4025217846
-0.2628216361
-1.0254735615
1.1197779263
-0.8140566132
1.4375125907
0.0987332935
-0.4091147591
0.9651544280
-0.7282348728
1.3631473473
-1.4146827216
1.0453477338
-0.4255792132
-0.6235861756
1.0918354982
1.1512267262
-0.5048986142
-1.4936167890
0.0568315719
-0.9335097006
-0.0779200146
-1.6557603305
-1.8920192856
0.1015522139
0.2738078202
-0.9195168943
0.8166177459
-0.0796986104
-1.7494773358
0.2946197255
-0.1741436385
0.1832837737
0.1165338743
0.3957186484
0.3532626844
0.2566571461
-0.8870744426
-0.3053110526
1.1137212081
0.9330105386
0.9178315847
0.9614219226
0.2896701283
-1.0578002672
-0.4685472555
0.3296597007
-1.4724185062
0.1518339955
-0.1905253258
1.2680182074
0.3469642198
0.5173380707
1.8234090528
0.5146692926
0.4496283723
1.2304850963
0.0714309821
0.1910511445
-0.1214299207
1.1233367675
0.9910329494
-2.4117878909
-0.8554050906
0.1866974466
0.9042900768
0.9140595253
1.1147983252
-0.7402271660
0.9657109498
-2.2516622044
1.2640716091
1.5873431497
-1.7416031508
0.2525397429
-2.0357318017
-1.3931120985
-1.0159422985
1.4267608764
-1.8316877893
0.3608564894
-0.4097001478
-0.2495491483
0.8955557105
2.1449719301
-1.1857966234
-1.3591930040
1.1545467046
1.0372142302
