15 7 0.03
17 0 0 0 1 0 2 1 1 1 3 2 0 2 1 2 2 2 3 2 4 3 2 3 3 3 4 4 1 4 2 4 3 4 4
17 0 3 1 1 1 2 1 3 2 0 2 1 2 2 2 3 2 4 2 5 3 2 3 3 3 4 4 0 4 1 4 2 4 4
15 0 4 0 5 1 0 1 1 1 3 1 4 1 5 2 1 2 2 2 3 2 4 2 5 3 3 4 2 4 3
14 0 3 1 3 2 0 2 2 2 3 2 4 2 5 3 0 3 1 3 2 3 3 3 4 4 1 4 2
20 0 4 1 2 1 3 1 4 2 0 2 1 2 2 2 3 2 4 3 2 3 4 3 5 4 1 4 2 4 3 4 4 5 2 5 3 6 3 6 4
15 0 3 0 4 0 5 1 1 1 2 1 3 1 5 2 2 2 5 3 0 3 1 3 2 3 3 3 4 4 1
20 0 2 0 4 1 0 1 2 1 3 1 4 1 6 2 0 2 1 2 2 2 5 2 6 3 1 3 2 3 3 3 4 3 5 4 1 4 3 4 5
9 3
10 8
3 4
9 5
0 7
4 6
7 7
0 0 0 0 0 0 0 0 0 0 0 1 0 0 0
0 0 0 0 0 0 0 0 0 1 1 1 0 0 0
0 0 0 0 0 0 0 1 1 1 1 1 0 0 0
0 0 0 0 0 0 0 0 1 2 0 1 1 0 0
0 0 0 0 1 1 0 1 2 3 2 2 0 0 0
0 0 0 0 0 1 1 2 2 3 1 1 0 0 0
0 0 0 0 0 0 0 1 1 0 1 2 0 0 0
0 0 0 0 0 0 2 2 1 2 1 1 0 0 0
0 0 0 0 0 0 0 2 0 1 1 1 0 1 0
0 0 0 1 1 1 0 1 2 1 0 0 1 1 0
0 0 0 0 1 0 1 0 2 1 1 2 1 0 0
0 0 0 1 1 2 1 2 2 2 3 1 1 0 0
0 0 0 0 0 2 2 2 2 2 1 1 1 1 0
0 0 0 0 1 1 2 2 0 0 1 1 1 0 0
0 0 0 0 0 0 0 0 1 1 1 0 1 0 0
1.3719555874
-0.2907696942
-0.8372026332
0.2723172565
-0.8808354017
-1.2191422300
-0.4575497077
0.8750101811
1.0264692995
0.0888194974
-0.3453598673
0.6687005238
0.1322723848
0.1283264102
-0.5748858062
0.0400231305
0.2036607607
1.2206927446
0.9757357616
0.2244995922
-0.9522699009
-0.6479741262
-0.1642381611
0.6344079440
-1.1425645716
-0.5329859300
0.4919297297
-0.0874833537
-0.4979876099
-1.4515020585
0.0945497843
-0.7600409536
2.2400204542
-1.3837207069
-0.3791377259
0.3963758235
-0.5317217217
-0.7441772227
0.1102165177
-1.5687987765
-0.0063374519
-1.7756819390
0.8715430572
-0.6955718139
0.1732274120
-0.2826973098
-0.2243549220
0.8443203840
0.4515980714
-1.1808226263
-1.3243305757
-0.5761030064
-0.7380478891
0.0521484746
-1.5252703881
-0.8355477714
-0.7270586329
0.6238776479
-0.1409146966
1.8678326185
-1.1590950405
-0.4555072672
0.5740943779
0.7020410019
-0.0994162658
0.6176413117
-1.3914582521
1.3275940647
-0.0757293843
0.0771442556
1.0026032642
-0.4541935534
0.0540465575
-0.3818955567
-0.2976887815
1.6498003201
-0.5620746471
-0.6929672039
-1.0922697522
0.4319417695
-0.5842085375
0.3414474056
-0.4765848692
0.3013991651
-1.3236635476
0.4037551937
-0.8998838001
-1.0565658376
0.3527267801
-0.7408797538
0.2671531450
-1.5598957104
-0.5457043962
1.0418251651
-0.6395758276
0.1229361814
1.2944494911
-0.5465162741
0.7562273905
0.2923606265
-0.8892750307
-0.4102699633
-1.3029491316
-0.0387439716
-0.4773071013
0.2014356261
0.5047847994
-0.2360997652
-0.6622523396
-0.1292607771
0.5671857841
0.2472208654
-1.4108311663
0.5477759201
1.3951286443
0.3196297162
1.7902402696
1.0833499544
2.1417082837
1.3138520636
-0.0665281512
-0.3605889242
-0.0398435892
-1.3803578702
0.6433305662
-0.0016502456
-0.3545012642
-0.0665098780
-1.0865222926
-0.7925837927
-0.1435335133
0.9293735538
0.2601515027
-1.6929310175
0.4637601142
0.3768488978
-0.8307719598
0.0400648659
-0.6337952034
0.5132322791
-0.8653829760
2.3861214067
-0.1535808586
-0.3439026800
1.7849222284
1.6704507261
1.5269311682
0.4498620133
-0.3003412515
-2.0601393659
0.3537420912
0.6571285691
1.7799315573
-0.1359098238
1.2156591178
-0.4227884557
0.7459505627
-0.0913498975
0.0277933043
0.2966602960
1.3119825625
-0.8656284427
1.4519275264
0.6252336277
1.5436631517
0.7819164461
-0.9287082810
-1.1246994065
1.2970257626
-1.8486317099
-0.4548593353
-1.5569252300
1.0882451079
-1.0597873805
0.4219101636
-0.3413221906
-0.6859440128
-0.1718269847
0.0109413562
-0.9592963869
-0.3030543689
-0.4907986365
0.0352105964
0.1266065601
0.9149888618
0.8305546914
-1.4824977153
-1.5489361367
0.9615955006
0.3829033992
0.1542703991
1.3676616654
-1.0744477470
-0.4608564783
-1.3049677492
-0.9680613799
-0.5371299852
-1.3886784683
1.0575161153
-0.0397420261
-0.7176784191
0.4431205484
0.1099146659
-0.4323773194
0.7609723698
-0.7596093911
-1.1865983495
0.0569948533
-1.1179484326
1.1690545509
-0.3136870295
-0.2158149349
-1.6029049349
1.1943534385
-0.9054102089
0.9430338207
0.1359452156
-2.1388137298
-1.3486333609
-0.5042978885
1.3926092589
-0.2352777643
-1.1370728843
1.2769838288
-0.0545653088
0.8556996465
2.5197952503
-0.2032664405
-1.2325613104
0.4023096681
-0.4207585156
-0.6414855115
-2.0550218661
-0.8574367590
2.6796655346
-0.6871619604
0.2322462770
-1.7487345593
0.9116280130
-0.1504707865
-2.6020766212
1.1809669254
-1.1319809756
0.1765685896
0.0567997414
0.1073070560
-0.9108118829
-0.8625724681
0.6025790524
0.0766846948
-1.2799801486
-0.3489625078
-1.1986101725
-0.2383334412
-0.6851053655
1.4452457445
2.8107223417
1.3620320864
0.2473438700
-1.6422468548
-0.4349623599
-1.3588370805
-0.3880011086
0.6419088088
0.9166262581
-1.0430015838
-1.5048833271
0.0991816621
-0.0757457413
-0.5928690548
-0.4711136546
0.2616677478
0.8831917946
-0.4188842222
1.2244760842
2.0323325468
-0.0976610850
-0.1247810799
-1.4035182197
-1.2886115539
-0.7257082666
2.6754206212
2.5642870299
-2.2661761092
1.1638983534
-1.4340604488
-0.3254209257
-0.3476779324
0.3972411149
0.6744482554
-1.4143085445
-1.1250863204
0.8242256994
-0.3420175732
0.1016706787
0.3460851245
-1.0112659118
0.4980737668
0.4726497136
-2.1942077087
-0.7861358155
-2.3864315449
-0.6549472440
0.0960308147
-1.9354690209
-1.6169640276
0.0729462897
1.2304986117
1.3398643391
-0.6741577918
0.5339485890
-0.3030333123
-0.1530116243
0.8678301971
-0.5164493487
0.1524081378
-0.5106430027
1.1042993639
-0.1143392246
-0.2036541851
0.0144847683
0.4233354151
-0.0020711899
-0.2429225952
1.1074406344
-0.5909725133
1.1704136419
0.0487346795
-0.4889433881
0.2655332545
0.0719415770
0.7568415128
0.5810537966
-0.2343753953
0.4190558383
-0.0299077949
0.6787109242
-0.0629410072
-0.4797241391
0.8957835118
-0.8749513737
-0.5087678854
0.1120571240
0.2369298121
-0.5610602769
0.3558630377
0.3411601005
0.6332313372
1.2827548376
1.2004760901
-0.4928462691
0.6004838761
1.1587274550
1.9435743253
-0.3094549501
-0.0918144198
-0.9309192213
2.5959603904
1.6421263373
0.6829880467
-0.8924871183
-0.0913421580
-0.9718949630
1.1321901494
-1.3687364420
-1.0419982473
-2.6219119408
-0.0424847496
-1.3152082260
1.1543240562
-1.0457795644
-0.0652655145
2.2294334483
0.7024047605
0.1075115805
-0.5774783693
-0.2681455627
0.3356484097
-0.8461766221
-0.2736341540
-0.3185103706
1.9919091199
-0.0533302721
1.1701198213
1.5141956465
0.4319847815
-1.4348395797
-2.4527747136
0.1946066197
2.3146325526
1.1341366294
0.5714246600
1.4473964666
-0.0210633182
0.1467085021
1.0510586594
-1.1343586583
-1.9027174468
0.5432059759
-1.1531017137
0.0380101873
1.0800831216
-0.5144584493
-1.0100549066
-0.7301193173
-0.3877813419
-0.4521209195
-0.5526329053
2.1200564522
1.0854807824
-1.4851036227
0.3840855548
-0.9453512199
0.8266558600
0.7611115433
-1.9095773538
0.1777248360
-0.3206215196
-0.9553141032
1.3231918148
-0.1314760312
-0.7399592927
0.3602849164
-0.1869902555
-0.1026811886
0.8836739262
0.4334844426
1.3553739692
-1.3236976348
-0.2676484153
0.1573965882
0.3493414027
-0.1177021509
0.4724899699
0.2971141032
-0.3656794666
-2.1477379967
-0.6451383071
0.4635551384
1.5201344419
-1.1509735633
0.5785995518
-1.3601710818
0.9866017133
0.1635659277
0.6604355794
0.2109542215
0.5567970935
-1.3178105939
-0.4802298755
