14 9 0.04
8 0 0 1 0 2 0 2 1 2 2 3 0 3 1 3 2
8 0 1 1 0 1 1 1 2 1 3 2 0 2 1 3 1
8 0 2 1 0 1 1 1 2 1 3 1 4 2 2 2 3
8 0 1 0 2 1 1 2 1 2 2 3 0 3 1 3 2
8 0 0 0 1 0 2 1 0 1 1 2 0 2 1 3 0
8 0 0 1 0 1 1 2 0 3 0 3 1 4 0 4 1
8 0 3 0 4 1 0 1 1 1 2 1 3 1 4 2 2
8 0 2 1 1 1 2 1 3 2 0 2 1 2 2 3 2
8 0 1 0 2 1 0 1 1 1 2 1 3 2 0 2 1
4 9
9 1
6 6
10 2
9 1
0 1
2 2
1 5
8 8
0 1 0 0 0 0 0 0 0 0 0 0 0 0
0 1 1 0 0 0 0 1 0 0 0 0 0 0
0 1 0 0 0 1 2 1 1 0 0 0 0 0
0 1 2 1 1 2 2 1 0 0 0 0 0 0
0 1 1 0 1 0 0 1 0 1 0 0 0 0
0 0 0 0 0 0 0 0 0 1 0 0 0 0
0 0 0 0 0 0 0 0 1 1 1 1 0 0
0 0 0 0 0 0 1 1 1 2 2 1 0 0
0 0 0 0 0 0 0 0 1 2 1 0 0 0
0 1 2 1 0 0 0 0 1 1 1 1 0 0
0 2 2 2 2 0 0 0 1 1 0 0 0 0
0 2 2 1 0 0 0 0 0 0 0 0 0 0
0 1 1 1 1 0 0 0 0 0 0 0 0 0
0 0 1 1 1 0 0 0 0 0 0 0 0 0
0.3660880500
0.4860727790
0.7210620673
-1.9956453850
-0.6501373725
-0.0456403107
0.2586809995
0.3010066695
-1.1947659361
0.1651480511
-0.2847246367
1.1468493478
2.1532840261
-0.9483634789
0.9725220542
-0.1902054997
-2.1859739566
-1.1401696293
-0.8224277078
-1.1290442189
-0.2166604435
1.0759272983
-1.3219559303
0.5840661048
1.9238926915
-1.8095216366
0.4421272216
-0.1574792091
-0.2997178012
0.0874137768
-0.3382672014
2.7351143983
0.0855725841
0.4462529534
-0.8832477796
2.3157246941
0.1366672083
-0.7232575875
2.3099712347
-0.4931091479
0.3730296619
0.6151217415
1.0160852196
-2.1953124726
0.2513829277
0.1013871981
-0.9592051763
0.5852026561
-1.1858172099
-0.1746693185
-0.5726681723
0.0517047126
-1.2472078718
-0.5174023881
-0.6982315952
-0.9685866141
-0.4461412933
0.5690818584
2.0586401842
1.9909294401
0.1163952958
1.5690391127
0.4274620612
0.4893501512
-1.9205463283
1.2608764669
-0.2512921335
0.9650330297
0.6276666343
0.4763046710
0.0654820244
0.0155763085
-0.7789544605
-0.6339703605
0.3422116526
0.9502246368
0.8565505639
-0.9567576095
0.1752703721
1.6249924309
-0.7258550868
0.8034291866
-1.4112944993
-0.1623226146
0.8373853503
0.8730520660
0.9861589279
-1.6140558244
-0.9077696972
-2.2306879876
-0.5350657601
-1.4873812244
-0.8904456401
0.8846150927
0.5754567879
0.6295491641
0.2729878577
-1.1343380863
0.6534225863
-1.1037345668
0.9391721480
1.0793185089
1.0233767306
-0.1773351810
0.2455405709
-0.6145826621
-0.6783261516
-0.2064154697
-0.8425893008
0.8621988059
-0.8757298837
-0.3997508974
1.4290096210
-1.2167012622
2.2783150787
-0.0531290071
0.9253555028
-1.0035410482
-0.9331040226
0.0482749950
0.5237357272
0.6122058183
1.2051686005
-0.2123543152
0.8867961992
-0.4247710806
-0.0793233163
-0.8289069035
0.3180913243
-0.2868271589
-0.9491850999
-0.4381602149
-0.1259732855
-0.3726135751
-1.2965908508
0.2843659997
0.9312441120
-0.2509075597
-1.2708105681
0.1818576398
0.8260633991
-1.0126835877
-0.8114196653
0.0735749872
-0.9872726672
-1.3127041068
-0.9354370218
0.2179650371
0.5692266897
-0.8273415334
-0.2786366904
0.2225218110
0.6033081599
-1.5980439042
0.5486657137
-1.4870401832
-0.7403858239
1.0483919919
0.4818027667
1.6110231043
1.0413626361
-0.1459073025
-1.0154375146
-0.1917870682
-0.5259462623
-0.1258963045
-0.0340594792
-0.7134838802
0.1544779005
-0.0060433162
0.9174687663
0.6516251509
0.2159116101
-0.3486300520
-0.8870999534
-0.4547950213
0.5727553425
0.2953678220
-0.8782097028
0.4871046033
-0.0533592667
-0.3714827819
-0.6043321214
0.6552611881
-1.0623622574
-1.1058533910
0.8526378767
0.3717388267
0.3490743361
3.3455056455
1.2077388793
0.5648881879
-0.6623730829
0.2706298699
0.4645997888
0.4498394006
0.2297976556
0.6044586185
1.1097038609
0.5735081872
1.4724082569
-0.6875773337
-0.0720410464
0.0976846567
0.9107671990
-0.2490400078
0.7677282775
-0.2550750314
0.0791455149
-0.3737762523
0.8919512017
2.6731839602
0.2545803359
-0.2811823403
-0.5433101409
0.0549232597
-1.3395464049
-1.1071710675
0.8598405439
-0.4213985302
-0.5283039365
-0.3007842151
-1.8850890950
-0.4424764848
-1.1424995172
0.4661538609
1.1068862095
-0.4957888475
-2.3222387761
0.0397870625
-0.5121309649
-0.4050525673
0.3544973798
-0.3884574706
2.0484551483
0.9880178735
0.7293409369
-1.0925131834
-0.9732714514
1.0691704274
0.7317022858
-0.0398124438
0.2424545318
-1.4719985624
0.1284560830
0.0851590515
-1.3278691896
1.0056597421
-0.5585207156
0.1682112633
0.4311022322
-1.2453526567
-0.4746451268
0.2006272901
1.1978216652
-0.5555648907
0.3368142777
0.8719171922
1.5492010808
-0.0495878330
0.8751246431
-0.3107159336
1.0270072760
-0.1409134723
-1.1439496636
-0.8384454827
-1.7998599157
-0.7431958024
2.0965956368
-1.6040294301
-1.2427563536
0.1331054816
-0.7776750046
1.9420912849
1.3177524448
1.5521580427
0.3992797720
1.5415188976
1.0810696772
-0.0547701931
-1.2601511419
-1.2671474642
-0.3575525769
-0.3202944782
0.1980878116
1.0139761794
-0.5239463165
-0.2795039183
0.5264527813
1.2695935209
0.3487616235
0.2260404409
0.5007877320
1.6737615021
0.1684538510
-0.2324871612
-1.7625350409
1.0231292589
0.0311179694
-0.7242036795
-1.4469552376
1.5885851043
-0.2533293530
1.5746829770
0.2105564965
0.9845568395
-0.5393291013
-0.6225691580
0.2680494766
1.1342315989
-0.9775254558
-0.9443133693
-0.4995007301
-0.3107870164
1.0606585876
1.9911841786
0.1997407453
-2.2117645272
0.9291204029
1.2003913251
0.7210864736
-0.3225366726
-1.1157688694
-1.1622626495
0.0338419300
0.3953605980
0.7897886446
1.0723535237
-0.6625125917
-0.1258876820
-0.4460734097
1.4719463709
-0.3109215808
-1.8180995148
-1.2776531392
2.0902193918
-1.2725897053
-0.1087629362
0.2546949499
0.0148202990
0.2281890254
0.9520937674
0.4948899850
-0.2073304395
1.0651397425
-1.5759749590
-0.7722897833
-0.1988417353
0.2798477129
1.2454014967
-0.5524227695
0.0314446703
0.2638589202
-0.0635843385
-0.3814985983
-0.3396946725
-2.3419065634
-0.1051567122
-1.1941071132
0.7538324579
-0.0266429062
2.1860488383
1.2448417507
0.3246295364
0.1988894434
0.6957355640
0.9839771566
1.2560849713
-0.8283694007
-1.0367912421
-1.6960561088
0.8768661118
0.2720235272
-0.2391045461
-0.2491040511
0.4473260302
-2.0451460604
1.2535522732
0.4255249763
-0.9196739751
0.4977595227
0.5414405329
0.5108004142
0.9445132741
-0.3949288094
-0.7566464798
-0.4266424346
1.2704752467
-0.9451874457
-0.1609933235
-0.3413922999
-0.3212783017
