14 8 0.12
8 0 0 0 1 0 2 1 0 1 1 1 2 1 3 2 1
8 0 2 1 2 2 1 2 2 3 0 3 1 3 2 4 1
8 0 2 0 3 1 0 1 1 1 2 1 3 1 4 2 1
8 0 1 0 2 1 1 1 2 2 0 2 1 2 2 3 2
8 0 1 0 2 1 1 1 2 2 0 2 1 3 0 3 1
8 0 1 1 0 1 1 2 0 2 1 2 2 3 0 3 1
8 0 2 1 0 1 1 1 2 1 3 2 1 2 2 2 3
8 0 2 1 1 1 2 2 0 2 1 2 2 3 1 3 2
8 4
9 9
8 8
10 0
7 0
8 9
7 4
6 7
0 0 0 0 0 0 0 0 0 0 0 0 0 0
0 0 0 0 0 0 0 0 0 0 0 0 0 0
0 0 0 0 0 0 0 0 0 0 0 0 0 0
0 0 0 0 0 0 0 0 0 0 0 0 0 0
0 0 0 0 0 0 0 0 0 0 0 0 0 0
0 0 0 0 0 0 0 0 0 0 0 0 0 0
0 0 0 0 0 0 0 0 0 1 0 0 0 0
0 1 1 0 0 0 1 0 1 1 0 0 0 0
0 1 1 0 2 2 2 2 1 1 2 1 0 0
1 1 0 0 1 2 2 2 2 3 2 2 1 0
1 2 1 0 0 1 0 0 0 2 1 2 0 0
0 1 1 0 0 0 0 0 0 1 2 1 0 0
1 1 1 0 0 0 0 0 0 1 1 1 0 0
0 0 1 0 0 0 0 0 0 0 1 0 0 0
2.4096861186
-0.3163973216
0.7126940482
-0.8328680948
-0.5677991072
-0.3297564928
0.8431293521
-1.5378128258
-0.2185410543
0.0533194291
-0.7031309553
1.2014142881
-1.3596868640
0.5873941600
0.2352319863
3.0302463528
0.8056016862
0.5013655267
0.0956517811
0.4805760927
-1.4035015127
1.4810163258
1.0011216190
-0.5529127872
-1.0922296025
-0.8748654046
-0.3011565491
0.2658639023
-0.9748610218
0.1655836704
0.3534323635
-0.4260249658
1.1801402634
0.1920249216
-0.7549007398
-0.0295123505
0.7313104893
0.5253597740
-0.6758162561
0.4238796624
1.6049920760
-1.7294580180
0.6592715111
-1.0321343192
-1.3293166974
-1.3718224030
-0.1623015943
1.0329814945
0.1182812675
0.5880149456
-0.6840207827
-1.3247270945
-1.2617957828
-1.8848342672
1.2721942953
0.4125955091
-0.2871915461
1.7408144557
0.1546624216
1.1249351763
-0.6279739932
-0.2035844680
0.4886066219
0.0536299324
-1.4451577406
-0.5001288422
0.5079072926
0.8953970096
-0.7607756909
0.6228748540
-0.1883538850
1.3308744136
-0.2533001388
1.4577995526
-0.4819594407
0.1764071361
0.4360449321
-0.3743136658
0.8528138874
0.3686975839
-0.3286524288
-0.2557205886
-1.3801727615
1.0553572944
0.0718844427
-0.1118378835
0.8408501176
-1.0681911280
-1.0802683342
1.5243006803
0.2746365652
-1.7733394011
-0.4664711456
-0.6449244064
-0.1923512121
-0.9371621703
-1.3947183637
-0.0195297378
-1.1524328262
0.6579617284
-0.0230596513
-1.9010067300
1.7236623204
0.0394076467
-1.1224123565
-0.4571268329
-1.5775580412
-0.2736639198
-1.3362214485
0.5459316948
1.2666136803
0.9676389629
-0.5514262216
-0.3531229255
-1.9859160126
0.0378925912
-1.2014669006
-0.8539287228
-1.4368637081
0.6691209595
-0.4449302633
-1.3605563209
0.8278045122
0.0228756155
0.0193906174
-1.2419008814
-0.5682549978
-0.4166487047
-1.2134856006
-0.3363211332
0.5897232479
-1.1506626715
-2.3328490187
0.2655277370
-0.6509196399
-0.0762335510
-0.4155379262
-0.8338521986
0.8711736317
0.4993700681
-0.1749612106
1.4422052836
-0.4459612101
-0.5317474527
-1.3765107727
0.2343921397
1.9535727441
-2.2817198919
0.9164822143
-1.4872287234
-1.1919947333
2.1230123057
0.9552668358
1.6910654880
0.5008404141
-0.2905997737
0.6250408798
1.7870454172
0.5034157352
0.7144362377
-0.1573829591
-0.0549939052
-0.0840875489
-0.9826940878
-1.7574655145
-0.8882194284
-1.0467592087
-1.5781718462
1.2434049269
-1.3633388066
0.8883392296
-1.1840360080
1.9697564199
0.1339289778
-1.7690312801
-1.4571000405
0.6915151120
-1.1478682428
0.9017910410
1.3976523522
-0.3700600002
-0.0852083313
0.0150058678
-0.6155432726
0.2160753642
-0.0782110275
-1.9010340370
0.3633320464
0.0111104596
0.4803016866
0.6175460427
-1.6987707573
1.3345243910
-0.8529166615
-0.3847191205
-0.9870483701
1.3961198793
-1.9625094138
-0.2854969879
0.0521761954
0.9829215199
0.3359137827
0.9903741614
-0.1073426338
-0.7941043203
0.7994015730
0.3409086888
1.1225593805
-1.2578746880
-0.2964325169
1.7366273286
0.3769815203
-0.6815638654
-1.2503400615
0.6881861217
-1.2341392699
0.6578018547
0.7022428756
3.0562605224
0.3790023969
-1.1163336715
-1.6018673944
0.1994416903
2.4696224640
0.3291746954
1.2485258892
-1.1764498724
1.8024902033
-0.3809705057
-0.6536648605
-0.7845277287
-0.6002511565
-1.6313804715
-1.2905426280
1.6729318885
0.3456805293
-1.0096102916
1.3439188278
0.3765917174
0.1321584767
0.2855724396
1.3707773914
-1.4000721101
0.9164481950
0.7605924647
1.0371861105
2.5336396035
0.0887169793
-0.0364808172
0.3419798932
-1.7035443510
1.3803108134
0.9671850185
-0.6770440180
-1.5175102539
-1.8698120608
-0.2770624058
-2.3949250679
-0.6105027459
-0.4989026114
0.9376202350
0.9677150784
-0.7602051873
0.1342781807
1.0012216533
1.0244879295
-0.8310589636
1.1998458184
0.3379318394
-1.3685319131
1.1671776324
1.4710882931
1.9975974114
-0.4444745175
-0.5524832203
-0.4252283060
1.8473337966
1.0920536118
-0.8720111530
2.3747685363
-1.0849916304
-2.6255801631
0.3641663104
-0.1092514603
0.2323829221
-1.2313833024
-0.1980924630
-1.7457545980
-1.1902026047
-0.8555308619
1.5841749610
0.0643900569
-0.3408117706
-0.0034388695
0.9155369960
1.3966722021
-0.3146625671
0.4408865082
-0.1550529924
-0.6837162467
-0.6550201509
-1.0007573542
1.0676247444
0.2067412257
0.0481521844
-0.5435233208
0.0552008768
-1.4590532814
0.0075023101
0.3853297576
0.6903404989
-2.1597419924
0.1709157282
-0.5441471027
0.0577317953
-0.8904601146
-0.9561017798
-0.1514673681
0.0713495797
0.4814471718
1.5231466682
-0.0004179221
-0.1073371712
-0.1875542374
1.5142037321
0.1800018951
1.3994173566
-0.1154236384
-1.5618908685
0.8561451984
1.2411089932
-0.2144433684
-1.0701773707
-0.4059599373
0.0674652177
0.0758627345
-0.1520632686
-0.0237879195
-0.4930894030
-0.3457367963
-0.4366312449
2.5803282734
0.9084342573
0.8291538541
-1.0123514864
0.3142162145
-0.2135998444
0.6029918152
-0.8168703731
1.0664602312
0.4123065241
1.8550100832
1.4001764071
-0.0487977525
1.9426741530
1.1126351363
0.4889688485
-2.0721439400
1.1415643335
-0.9978408904
1.9030433602
-1.2387186357
0.1405921405
1.2772094419
0.2510429503
-0.1582206787
2.7601867965
-0.7207449524
-1.6655107195
0.5020158891
1.8156745338
-1.6865215222
0.7878784308
0.2500027249
1.4403443439
-2.3095586879
0.2494035727
0.5351244262
2.0533658771
0.3153444386
-0.6255074831
-1.4208261822
-2.4090541013
0.9577927081
-0.5901269437
-0.0596276487
0.4338711888
1.3245068047
1.6546537496
0.3739540627
-1.2903403644
-1.5991248836
