20 13 0.13
8 0 0 0 1 1 1 1 2 2 1 2 2 3 1 3 2
6 0 2 0 3 1 0 1 1 1 2 2 1
6 0 2 1 1 1 2 2 0 2 1 3 1
5 0 0 0 1 1 0 1 1 2 1
11 0 1 0 2 1 1 1 2 2 1 3 0 3 1 3 2 4 0 4 2 5 0
10 0 1 1 0 1 1 1 2 1 3 2 0 2 2 2 3 2 4 3 3
8 0 2 1 2 2 0 2 1 2 2 3 1 3 2 4 2
5 0 0 0 1 0 2 0 3 1 0
8 0 0 0 1 1 0 1 1 1 2 1 3 2 1 3 1
9 0 2 1 1 1 2 2 0 2 1 2 2 3 2 3 3 4 2
8 0 0 0 2 1 0 1 1 1 2 2 0 2 1 2 2
11 0 1 1 1 1 2 2 0 2 1 2 2 3 0 3 1 3 2 4 0 4 1
7 0 1 0 2 0 3 1 0 1 1 1 2 2 2
6 14
13 14
5 6
5 14
3 2
14 13
0 0
3 0
8 13
14 7
1 11
10 9
0 3
0 0 1 0 1 1 1 0 0 0 0 0 0 0 0 0 0 0 0 0
0 0 1 1 1 1 0 0 0 0 0 1 0 1 0 0 0 0 0 0
1 1 1 0 0 1 0 0 0 0 0 1 1 1 0 0 0 0 0 0
1 2 2 2 1 0 0 0 0 0 0 1 1 1 0 0 0 0 0 0
1 0 1 1 1 0 0 0 0 0 0 0 0 0 0 0 0 0 0 0
0 0 0 1 0 0 0 0 1 0 0 0 0 0 1 1 0 0 0 0
0 0 1 1 1 0 0 1 1 0 0 0 0 0 2 2 0 0 0 0
0 0 1 0 1 0 1 1 0 0 0 0 0 0 0 2 1 0 0 0
0 0 1 0 0 0 0 1 0 0 0 0 0 1 1 1 1 0 0 0
0 0 0 0 0 0 0 0 0 0 0 0 0 1 1 2 2 0 0 0
0 0 0 0 0 0 0 0 0 0 1 0 0 0 1 0 0 0 0 0
0 0 0 0 0 0 0 0 0 0 1 1 0 0 1 0 0 0 0 0
0 0 0 0 0 0 0 0 0 1 1 1 0 0 0 0 0 0 0 0
0 0 0 0 0 0 0 0 0 1 1 1 0 0 0 0 1 1 0 0
0 0 0 0 0 0 0 0 0 2 1 0 0 0 2 1 1 0 0 0
0 0 0 0 0 0 0 0 1 1 0 0 0 1 1 2 1 0 0 0
0 0 0 0 0 0 0 1 1 1 0 0 0 1 0 1 1 1 0 0
0 0 0 0 0 0 0 0 0 1 1 0 0 0 0 0 1 0 0 0
0 0 0 0 0 0 0 0 0 1 0 0 0 0 0 0 0 0 0 0
0 0 0 0 0 0 0 0 0 0 0 0 0 0 0 0 0 0 0 0
-0.0018199904
0.5890887674
1.4087986935
-0.7525632767
-0.7577870891
-0.0062111830
-0.4052467600
-2.2002663070
0.1135035810
-0.8853537842
-0.0212298890
-0.6952677458
-4.1350922948
0.5921239597
0.5122046277
-0.7198094926
-1.1978192312
-0.7924762448
-0.5122774712
-0.0733926359
0.0470888713
-0.2580176568
-0.6731343132
1.1200571438
-0.8212613011
0.8098774142
-1.1530150857
-0.1068117135
-0.5399747637
0.5558782399
0.2470902404
0.1610528376
-0.1317989118
-0.9121751055
0.1644008840
2.0403659994
-0.4606925350
2.0931986979
-0.0226696884
-0.0246630789
1.0055399011
-0.4348153074
0.8696467633
-0.9590152469
-2.4549044226
-0.2163598937
0.9873449966
1.0238668380
1.2556361241
-1.1987159436
-1.0019719240
-0.3230802973
2.2220133133
1.2800801483
2.4997320186
-0.4058238726
-0.6603486498
-2.2498196639
0.5524916216
-1.9287129408
0.2797769576
-0.6820771153
-0.5799569647
0.6230912604
0.0653155019
1.8507367405
0.1603615885
1.6407198797
0.2223005107
-1.7868677609
0.9816703378
0.5993067255
-1.4683441094
-1.6472741207
0.4464358298
0.5910254679
0.4878014593
0.5712901100
-1.5919576865
0.3340213184
0.1228426115
0.4893191734
0.7280963274
0.1635688733
0.7342080270
-1.1299866352
1.4426799033
1.3042437514
-1.2065610655
0.8087888994
-1.1410718585
-0.1814496732
0.6452914849
0.8059191405
0.6233775751
0.8417527569
0.9107815897
0.3437710382
0.6909996636
0.9736722028
1.9189124466
0.5085369458
-0.9023287994
-0.1638243867
1.4092064954
1.0948915572
0.1150877039
0.4390622380
0.2277662112
-1.5483725712
-0.5918728950
1.1202019349
0.2254982402
0.4085891123
-0.9845920187
0.3965009479
1.9414507312
1.6914227984
1.2524649340
-0.1688818740
0.3576463657
0.1666163557
0.1804801007
1.1731611435
-0.9616841157
-1.8849691206
-2.4523808811
1.2896219344
-0.1734573686
0.9160953426
1.9360794967
-0.4886370575
-0.4173279508
0.4858531244
-0.6008554084
0.4214029456
-1.0212025115
1.1190491660
1.1551524060
-1.7106258371
-0.0662387793
-0.3335277504
-0.2735533399
-0.1435512336
-0.3298648755
0.6007981227
0.4797802931
-1.7729592941
-3.3147167334
1.1142200232
-1.6577828138
-1.4224122956
0.0503336200
-0.4256312770
1.4162747995
0.0839088383
0.1049945653
0.2291599805
0.3510467602
-1.1412244110
1.1111737232
-0.0636099680
2.0595088626
-1.1372477445
-0.1246285747
-0.2205892776
1.7289739133
-0.6259276572
-0.0101012084
1.3752492022
-0.1914856424
0.3139499901
0.0728687309
0.6256144699
-0.5560676882
0.8180549094
1.2520759756
-0.2730333872
0.2432963177
-1.2777915531
0.3811963385
1.1287820088
-0.3960018173
0.7082163322
-0.7160858172
2.3585151294
-1.4009666441
-2.6594690152
0.0841933419
0.4372441179
0.4055735710
-0.6169365305
-0.7210101747
-0.7167074105
-0.5849560808
0.3845193421
0.2412746418
0.3836866356
-0.8414424608
-0.3406295341
-2.0456268718
0.9560511434
0.0100191054
-0.6324588689
0.5114963642
-0.3063292487
1.7691558259
-1.3893385328
0.7343124078
-1.2248756157
-0.3098427411
-1.1000928409
0.4304928730
-0.5168760239
0.6805398548
0.9808003982
2.2845816033
0.4002837763
-1.2204135575
-1.6314531139
0.4849444088
0.1379879752
-0.8258029972
-0.9021754802
0.9698941361
1.2326104270
0.7098538965
-0.7652460318
-0.3191937500
1.5250428932
-0.1282961406
-0.3305797789
-0.7556710594
-0.3298989448
1.0207858661
-0.7987828967
-1.3201170434
-0.3850936522
-0.1706953412
-0.9455979144
1.2522547388
0.4955788042
-0.2503179508
-0.9955900525
-0.3152205664
1.0584934451
0.8185061650
-0.0059071614
1.3246753555
-0.1710939969
-0.6568128548
1.3069548700
0.2612257176
-2.6790274522
1.2600551625
0.9684144572
1.5742573515
0.1414795549
0.7575076627
1.0528941626
-0.7510777654
-0.0332402187
-0.3478986009
0.9950183723
0.0902423034
-0.5683052600
-0.9200441328
0.9768691084
0.5932969381
-0.1803312064
0.3977255344
0.2856415266
-0.3473592669
0.9244752897
-0.1971834256
-0.1261231925
-0.1187068470
-0.6239414787
1.3819667184
-0.0158087248
-0.6504175580
-1.2853696697
0.4355203550
1.6621107876
0.4431059277
-1.6054178041
0.1750556398
0.2636402135
1.3155278191
-0.2673013874
-0.1924871636
-1.1885313957
0.8884480118
-1.2719111107
0.5205103764
-0.4409329724
1.3971964847
-0.3903151813
-2.1761851914
0.3104333141
-0.0609786864
-0.1362528696
1.0851528454
-0.4239429531
-0.4668794585
-0.9890537974
-2.1188197579
-0.9218276248
0.4398067388
0.3002357601
-1.7478373353
-0.0378563636
0.8703800515
0.7169084931
0.7678768473
-0.3542837334
0.1737785227
-0.6010705565
-0.5580904982
-0.6554148465
0.2696741464
-0.4653699760
1.2176664727
0.4016845101
-0.6623178720
-0.1189626272
1.5636517256
1.4236007154
0.9773930824
0.0944483583
1.8629577460
0.8205390822
-0.2542352603
0.1202603900
0.4844297407
-0.7411069806
0.2668972123
1.5809302452
-0.2397180474
-1.0423410134
2.7286916183
1.5343649489
-1.0884084519
-0.8340508035
0.3478991690
1.3156660434
-0.2506789323
-0.6081868827
-0.3311502843
1.3935648286
-0.4542552571
0.0368575937
-0.0406755835
-0.3606091448
2.3288579869
-0.5805143225
1.2777726114
0.4667703241
-0.5828720385
1.0638151350
0.0961395069
-2.7845082900
-0.7896594088
0.5635287249
-0.1253388910
0.2025989565
-0.2586520016
-1.4149356820
0.6651099767
1.6561079266
1.4769663637
1.0639898653
1.4057678022
-0.4337512224
-0.2272515976
0.2528556936
1.3032373649
-0.2040783301
-1.9696641037
1.2255638362
-0.5342323627
0.6488001618
0.5840813142
-0.9234448889
-1.2147744458
1.0658939571
0.9392201959
0.3941465770
-1.0250943346
0.2833606478
0.9192583320
0.5144051459
0.7990431307
0.3288119224
0.1617990210
0.1368760643
0.6845341169
0.2858201215
-1.6573911719
0.6552265274
0.0032352276
0.1240280707
0.2931290910
-0.9662007511
1.1441483487
-2.0999474155
-1.0261123782
0.5154454009
0.3689815507
-0.1360443570
-1.3625916645
-1.0696968333
-1.9505997200
0.9471738981
2.6277633740
-0.3462757573
-2.2262106553
-1.6403696876
-0.3179793626
1.0150816060
-0.6026572575
-0.4246919641
1.0117986847
0.5235153906
1.4771076669
0.3365557204
-0.7519488672
-0.8518168066
-2.1536130350
0.1704594721
0.9769651857
-0.2216718293
-1.9125367069
-0.2040871795
-0.4410858806
-0.1696081995
-0.9279867588
1.0227464641
0.0680681765
0.4258066181
-0.6914391557
-0.8551513257
2.4044988569
0.3861586745
-0.6685699649
0.4091377874
-0.4261143740
-0.5024093519
-0.0893333660
0.3423669412
-0.0875909264
-0.5528015179
0.1903385715
-0.4120709923
-0.3156753786
-0.0748517459
0.2471824346
-0.0741792201
-0.2616286655
0.2744123634
-0.1568328370
-0.7255359584
0.2773430230
-0.3925198419
-0.4130944387
2.4347129824
0.0072451734
-1.3808827532
2.1080353386
0.4322486308
0.0937543695
-0.4109548981
0.5631193909
0.8756729593
1.2308058803
-1.1834256014
0.4136296783
0.0919437810
-0.0593392810
0.8897767582
-0.0154621697
-1.4678765154
0.4678407832
1.5455873669
-1.3235095762
-0.6192745368
-0.2768891202
0.1952014909
-0.8704354873
0.9348890564
-0.8320806598
0.7584135076
-1.9053949169
-0.5237458050
0.1022838795
-0.0572717729
2.3789096013
0.3626277205
-0.0205587486
0.0484611063
0.0007476056
0.1444999234
-1.6747863991
-0.0361511308
-0.0701702833
1.5510303949
-0.9660349129
0.4947055001
-0.3900290379
1.9608587624
-1.3521363702
0.1601683751
-0.2318161336
1.4627290407
-0.1337808200
2.0454031642
0.0447838945
-0.6558760328
-0.6620478791
-0.3278197528
-0.0376433496
1.3475248121
-0.3729224690
-0.2500671937
-0.4239170399
-0.3816238185
-1.4325611068
-0.4602116308
0.3643793931
-0.1664652031
0.7806264363
-1.2147892098
-0.7891235306
0.5861013581
0.0692638903
1.1884948803
-2.4564221114
-2.5027072976
1.3849477793
-0.5204874110
0.9393507013
2.4537391973
-1.3395868494
0.3200266653
-0.1618166930
0.4943258934
0.0256247373
-1.1706530425
-0.6703568912
0.1761803386
-0.2382992290
1.4917775191
0.6020992981
-1.1518454949
0.0388501482
-0.4100292818
-0.5290130539
-0.5344223377
-2.0142059383
0.1996458921
0.8150861158
1.2624580257
0.1985508217
1.4295200534
0.6822689346
1.6245049429
-0.0428529113
-0.8936853123
-1.1073864669
0.3384417917
-0.4940663031
-1.8927150630
1.5034153971
1.2431537681
-0.2055195299
-1.2537361133
0.3681813100
0.1795529238
-0.0027692014
-0.3955769201
-0.4742761073
-0.7863139001
0.8725144699
0.0068129636
-0.7608557799
-1.2211604465
0.4530969260
-2.0467787614
-0.5355936524
0.1851403893
-1.8444282063
-0.2474594717
-0.0604631472
1.4100823861
1.4372607194
0.5430304541
0.1853418836
-0.3263249965
0.1163831228
-1.2089039820
-1.1256114772
-0.7164464614
1.0161260616
-2.0471801281
-0.1914160181
-0.9237850766
1.4077558308
1.3888543848
-0.9135039638
0.7012045627
0.2300944283
1.1615468345
0.5578715963
0.9421695305
-0.1511751570
0.0654537005
-1.1364960951
-0.4386835168
-0.2249581521
-0.5991002819
-1.2931476733
-0.6276970599
-1.6946486940
-0.3361889316
-1.4330071396
0.2364111692
-0.0333040160
-1.1687582967
0.3141487001
0.8089980627
-2.2478439226
1.7373536045
-2.2896395523
0.6558953082
0.5270057960
0.3123103677
-0.7098325703
1.7285355501
-1.6416782391
-0.7317845610
-0.0165571500
0.0589442770
0.1229955110
1.9855226349
-0.3286317277
-0.4622003027
-0.8632699574
-1.1991279189
1.7850473233
-2.0757595584
-1.6832679889
-0.3370113347
0.8766783566
-0.6909019709
0.4956775494
-0.8114652865
-0.5134207371
-0.5335666619
-0.0144891391
-0.6283512442
-0.4378700169
1.9010680885
1.2101019269
0.7514213773
-0.1312622316
0.0767848521
0.5708216570
0.8123460660
0.4153151113
0.1547881503
0.1463167111
-0.9246523791
-0.0427652502
0.5801357290
0.7258120597
1.5568377236
-0.7646725381
0.4155452076
-0.6327770567
1.0866067034
0.8586218370
0.0380583533
1.9669130119
-0.1031525279
-2.7549582517
-0.0457425929
-0.2238484169
2.7360941654
1.8334699964
1.3408009813
-0.3131170177
0.4803329901
1.1735763391
0.1648604158
2.9909947145
0.3812944660
-0.4268742071
0.2565558552
1.1063547669
-0.5989842541
-1.6913794323
-2.2490309484
0.9870296076
0.0683437495
-1.5209835002
-0.0172945588
0.6388083234
1.0430991741
0.5371742680
-0.2659350331
0.5702204316
-0.2756216440
1.5978055710
-0.6957667758
-0.0974386454
-1.1308835318
-1.3374699674
1.4937456581
-0.6218609452
-0.5462470937
0.5892679341
-0.4162244400
-0.0236841952
-0.4642161113
-0.2806119199
-0.0091263886
-1.4788801567
-1.2285050013
1.1936733840
-1.1968694662
-0.0764567905
-1.8034569707
-1.4266782262
-0.7992818009
0.4679650208
1.6921098246
-1.5964068697
-1.7034598475
-0.3326578804
0.6600081786
0.4201317370
0.9087874289
1.4472710913
-1.0522086345
-1.0738321529
1.1863160748
-1.3482721099
1.5803554490
0.2204266485
1.4057918458
-0.0331372974
-0.5584824729
-0.1378828913
-0.0352893450
-0.9500792577
2.6913257739
-1.1104737451
0.3406886848
0.4340487371
2.6930745729
-0.4204201917
-2.3873388135
1.4454981770
0.6602615903
0.5876380826
-0.0492782313
2.6780463144
0.2238555948
-1.8431335996
0.9706581843
-1.5425295293
-1.4571374746
-0.5222738275
-0.5861135598
1.5381467184
-0.2913107518
-0.5249867095
0.6080776422
0.3685332996
0.6342142121
0.7987556835
-0.5792249491
-1.9491818338
-1.0763100988
0.8034753047
1.0926946159
-1.1696811681
0.1116880242
-1.2969673547
0.4680897752
0.5370503577
-1.5845228156
0.0037629967
0.6544444487
1.0617475042
3.5015902517
1.0329875251
0.2923148070
-0.5463787663
-0.3968971044
