14 8 0.13
17 0 2 0 3 1 2 1 3 2 0 2 1 2 2 2 3 2 4 3 0 3 1 3 2 3 3 3 4 4 0 4 1 4 3
14 0 0 0 3 0 4 1 0 1 1 1 2 1 3 1 4 2 3 2 4 3 3 3 4 4 4 4 5
6 0 0 0 1 0 2 1 1 1 2 2 1
4 0 0 1 0 1 1 2 1
12 0 2 1 0 1 1 1 2 1 3 1 4 1 5 1 6 2 1 2 2 2 3 2 4
8 0 1 0 2 0 3 1 0 1 1 1 2 1 3 1 4
12 0 1 0 3 1 1 1 2 1 3 1 4 2 0 2 1 2 2 2 3 3 3 4 3
4 0 0 0 1 1 0 1 1
2 0
2 7
0 9
2 8
5 5
4 1
3 1
6 6
0 0 0 0 0 0 0 0 0 1 1 1 0 0
0 0 0 0 0 0 0 0 0 0 1 1 0 0
0 0 1 1 0 0 0 1 1 0 2 1 0 0
0 0 2 1 1 0 0 1 2 2 1 1 0 0
1 1 3 3 3 1 0 0 0 1 1 1 0 0
1 3 3 3 3 1 0 1 0 0 1 1 0 0
1 1 0 1 1 1 2 2 1 1 1 2 1 0
0 0 0 0 1 0 2 2 1 1 0 0 0 0
0 0 0 0 0 0 0 0 0 0 0 0 0 0
0 0 0 0 0 0 0 0 0 0 0 0 0 0
0 0 0 0 0 0 0 0 0 0 0 0 0 0
0 0 0 0 0 0 0 0 0 0 0 0 0 0
0 0 0 0 0 0 0 0 0 0 0 0 0 0
0 0 0 0 0 0 0 0 0 0 0 0 0 0
0.8988758012
-1.0607680149
0.2294403357
-1.5477896740
-0.4710111051
2.4476826412
1.1390180179
2.0677779545
0.1526970735
0.7338447086
1.3164301119
0.5428694307
0.5728623605
0.2374544229
0.8176843074
-0.7458963154
-1.3016508934
0.3619678322
-0.9108400171
0.2508244408
0.9162264371
0.5344862129
0.4305587488
-0.8471895378
0.6754181713
-0.7802376634
0.1980218194
-0.6832825874
-0.5972139795
0.2376123738
1.6022348813
0.9844862543
-0.7396270060
-1.2191586928
-0.2792191327
0.4564431580
0.0167478210
-1.3457344788
0.5492730274
-0.0319264308
-0.8374369129
1.5668189439
-1.5408982716
-0.5591592909
1.2576197986
-2.1688501871
-1.1288819412
0.8759840250
1.9993109872
-0.9760495428
0.9546698002
0.9691155768
-1.4677075840
1.2003079459
0.8915890568
-0.9146991600
-1.3064112267
-0.0991198467
0.2129225102
0.0118156628
0.5272970780
1.5117603210
-0.8900848957
-0.7051518217
0.4940998104
0.7082833216
1.5828368496
1.1909049731
1.2438386589
-0.6667722370
0.8049219659
0.2037745353
-0.1680319798
-1.6101255720
0.0857462842
0.7997688430
0.8386158743
0.5733035553
-0.0647638643
0.0058340619
-2.4390091009
-0.6079006685
-0.8854276186
0.9562491592
0.5521440399
0.1713177324
-0.3386313221
0.7717171442
1.4273209835
-1.7444161836
-1.8355986858
-0.9475690950
1.7178614421
-0.8696639197
1.5611614769
1.2470148313
-1.0311172646
0.1451584346
1.0064690083
-0.4669125935
0.5970680515
0.1591726783
1.1312145093
1.1071566633
1.4275020343
1.0827450164
0.5165446851
-0.7690306882
0.0628187367
1.4498477985
0.7793051894
0.4733622604
0.0659097538
-0.3089335230
1.0599286623
0.6606446460
0.1733734563
0.6415014878
-0.3888013206
-0.4559962112
0.6243492737
0.0394104914
-0.2203276019
-0.3484544308
0.7747131245
-1.8426023554
0.8787368292
-0.1821764194
0.9946056318
0.1245050257
0.6972571910
-0.4135394208
-0.4894635658
0.3955699401
-2.4231888345
0.3646236061
0.5229485560
0.0815384431
1.1790902534
1.4464865627
-0.3481398426
-0.2966971593
0.9052149880
0.6715748341
-0.4777111846
0.3501656161
-0.6305542959
-0.0106211992
0.4647430993
-1.0560971530
-0.8591225754
-1.0119391295
-0.6457396977
-0.5201860668
0.3866278333
0.2303800759
-0.3395622278
-2.0318213084
0.4596493586
-0.6572335804
0.3342508387
0.9026255043
0.1737915962
0.3573747233
1.9444919742
1.0290678348
0.0818045700
-1.0576445695
-1.1404093987
-1.3391462572
0.8236829427
0.3922780339
-0.0754750807
-1.6160580406
-2.3280778018
0.2069233890
0.7947823740
2.5443166923
-0.8066106653
-0.7328389491
-0.7998173037
0.4094420497
0.5505001174
-0.6422361500
-0.3629189095
-0.3401350110
2.3812659472
0.4616954535
0.3732884796
-0.5660581396
0.4258405574
1.9201125231
0.3684954219
-0.1073534651
0.3273863433
-1.5526737371
-0.1143589526
-0.0709395753
1.5324627234
-0.1997319596
0.1420513213
1.2298693249
0.8952418056
0.9458152845
-1.1681137550
-1.6928881345
1.3072841691
1.2014094688
0.9450949898
1.0669534982
-1.7075775106
-0.0323269087
0.0406344825
-0.3492552370
1.8836877762
-0.8927401411
0.1565530326
0.6993843400
1.1707241389
1.1167461957
-0.8556593654
-0.9882926106
-0.0884431770
-2.0805441936
0.7386767654
-1.4037041416
0.4967902773
0.9589325541
0.3464539745
-0.5100327732
-0.4802969979
-0.6329020696
-0.0983391858
-0.6746925050
1.1913244627
1.6752343070
-0.1310554833
0.9665820746
0.7593033818
2.1755528245
-0.8595557674
0.3066338035
-0.8862162071
-0.5314440702
2.1842851628
-1.2877443938
0.5397299197
-1.6164875348
-0.8962475374
-0.7395286377
0.1279309252
0.2525147061
0.5077525305
-1.3305172357
0.6259273713
1.4590295888
0.6248605377
-2.3464617387
0.8851587114
1.3764139842
-1.2143241797
-0.4069828784
0.9215634196
-0.6963008463
-0.4904298779
0.8256643625
0.9346216775
1.1643097990
0.1176847100
0.0923231447
-0.6551501427
-0.0220551655
0.3270685744
0.2230202986
0.4354408450
1.6734229941
-1.1928340745
-0.9399323475
-0.8961787466
1.3418666995
2.2936045070
1.0109787499
-2.2961030132
-1.1804517783
-0.8985782578
-0.6905885234
-0.8253549473
-0.0616245218
-0.3985815021
1.2006935312
-1.2611745714
-0.2459049344
-0.6047181982
-0.3752853969
-0.3623535336
-1.4263208443
-1.7266732353
-1.3352279350
1.4746804618
-0.3602914223
1.5819432430
0.1948277851
-0.0766803914
-0.9876886212
1.1892081399
0.2250382125
1.2502689502
0.6278888107
-0.4758579862
0.0493206048
0.4087142464
0.1517787222
-0.5620308623
0.1285431517
1.1232590064
-1.0842713561
1.0812049528
-0.0385118155
0.2557181454
0.7484379043
-1.0662894202
0.5424510763
0.3403151269
-2.5064390116
1.9930256626
0.4868948171
-0.6394110964
-0.0189607114
-0.0512706836
-0.2445763828
-0.2312601861
1.4072541593
1.8564307233
0.3134546021
-0.2629037966
0.1815987814
-0.7074357480
-0.4160863073
0.2446295932
0.6345640214
-0.2825796804
-0.1728488927
-0.7471617316
0.8542931129
1.2679337352
1.3900305027
-1.5274177848
-1.4761800105
1.2400467815
-0.6516166394
-0.4120376438
-0.5747981068
0.3846557975
0.3656485707
0.5331724454
2.0733666644
-0.7562374949
0.4409815741
-0.6985437199
0.5219239003
0.2336792508
1.2121052069
0.2952787172
-0.2152196424
-0.5142002689
0.2961519614
0.1343647356
-1.0489269164
-0.2901490605
-1.0210974115
-0.8136283420
-0.0908549576
-1.2796502904
-1.0467354281
-0.0924939972
-0.6467891599
-0.6303246619
-0.6982157061
-0.6194222216
0.0330130024
-0.4541697383
0.0883926399
0.5527555567
0.0308120720
-0.9446725694
-1.5084095776
0.1299564898
-0.3070509827
-0.5286390265
-0.1729673512
-1.6004640756
0.7922463879
