15 2 0.18
39 0 4 1 3 1 4 1 5 2 2 2 3 2 4 3 1 3 2 3 3 4 1 4 2 4 3 4 4 4 5 4 6 5 1 5 2 5 4 5 5 5 6 6 3 6 4 6 5 6 6 6 7 7 3 7 4 7 6 8 0 8 1 8 2 8 3 8 4 8 5 9 4 9 5 9 6 9 7
20 0 2 0 4 1 1 1 2 1 4 2 0 2 1 2 2 2 3 2 4 2 5 3 1 3 2 3 3 3 5 4 3 4 5 5 3 5 4 5 5
2 5
7 9
0 0 0 0 0 0 0 0 0 0 0 0 0 0 0
0 0 0 0 0 0 0 0 0 0 0 0 0 0 0
0 0 0 0 0 0 0 0 0 1 0 0 0 0 0
0 0 0 0 0 0 0 0 1 1 1 0 0 0 0
0 0 0 0 0 0 0 1 1 1 0 0 0 0 0
0 0 0 0 0 0 1 1 1 0 0 0 0 0 0
0 0 0 0 0 0 1 1 1 1 1 1 0 0 0
0 0 0 0 0 0 1 1 0 1 1 2 0 1 0
0 0 0 0 0 0 0 0 1 1 2 2 1 1 0
0 0 0 0 0 0 0 0 1 2 1 2 1 1 1
0 0 0 0 0 1 1 1 1 1 2 1 1 0 1
0 0 0 0 0 0 0 0 0 1 1 1 2 0 1
0 0 0 0 0 0 0 0 0 0 0 0 1 1 1
0 0 0 0 0 0 0 0 0 0 0 0 0 0 0
0 0 0 0 0 0 0 0 0 0 0 0 0 0 0
1.2292587545
1.3273301650
-0.9506479910
2.0663072269
1.0485370330
-0.2355522217
1.0367082992
-1.9563192145
-0.4609612921
0.4639112493
1.1410447858
-1.6615304917
-0.5375615085
-1.7520984908
0.4443706777
-0.1799750312
-0.2751703037
-0.0992792624
-1.4637151516
-0.3089802624
1.7259780223
-0.6755742698
-0.9902175977
0.5167312093
0.2712383811
2.1049175167
-0.1772450871
-0.9744268936
0.3180127917
1.3681999511
0.7409595433
-0.8039191041
0.1488155783
1.1348456381
-0.8898163407
-1.5903487305
0.8479173845
-0.9285589904
0.0362089140
0.0325916382
-1.2032990200
1.6955310605
0.3666719224
-1.0720550187
1.2413356965
1.3970658507
0.4281554488
0.6025007465
0.0642259184
-0.3564623628
0.4324823450
-0.5323132258
0.7901356645
-1.1919210715
-0.6299945099
-1.1496423340
-1.6893441307
-0.7564748110
1.0527597724
-0.2516368271
-0.4216276542
0.7426598238
2.2253297437
-0.4902118746
1.3912387688
-1.6957431605
0.2133061307
1.0898978459
0.8030681418
0.7627192397
-0.1296671624
-1.7192494722
0.7149193491
-1.2173083005
-0.7606464475
0.7264446970
0.3480373363
0.2752720249
-0.6588983803
0.9358427573
0.6598196931
1.4185635539
1.5399280522
0.5409012887
0.7217694630
-0.6924213772
-0.7662083204
1.2903378996
1.0514023092
0.6176080535
-1.8203199311
1.6016786547
1.3093196962
-0.6005264842
0.2772237794
-0.4600202013
-1.0607343678
-2.3594430030
-0.7192460673
0.3562232486
0.1233689725
0.2375468177
-0.3128980369
-0.7525030883
0.2912527075
-0.9714463340
-0.1790231439
-0.1083606514
0.0651226929
0.2260495845
0.1810663134
-1.2370914781
0.3618175850
0.5429356806
-0.9968310866
-0.0412932383
0.6870819632
-1.1446238565
0.1900146500
1.4002503116
-1.3792550633
0.9252418998
1.0856838206
0.9046681944
0.6122707822
1.3815103649
-0.5363172192
-0.0927228543
-0.2126461312
-0.4380547696
1.2024343388
-0.6479570453
-0.6894551518
0.3049247721
-0.2844413951
-0.2268903280
-1.2395567585
0.1510958405
1.1937445204
0.2848175041
-0.4877702535
0.6918635422
0.5894284134
2.5649706603
0.7201824994
-0.1835850640
2.0683530622
0.4502401394
-1.0395058024
0.0900044564
0.3395861708
0.6678465712
-2.0006669449
0.2346012005
-0.2174384509
-0.7107863434
1.1575593294
0.0068988174
-1.6966641087
-0.0738938834
0.6405880156
-0.1922133670
-0.7386514248
0.8080627464
-1.8496517913
-1.2116255574
-1.7782354328
1.5917442223
-1.1299602918
-0.4542550824
0.5892792516
0.1180777124
0.9748127808
-0.8049599315
-0.5382056433
-0.5063363525
-2.2675064634
-0.2487018215
1.6261759107
0.5249532695
-0.5369657775
-0.0811153221
-1.0789475675
0.4240818751
0.4693963838
0.2302577407
1.1937481767
1.1150425029
1.0632628028
1.6844015899
-0.7729113593
-1.0938382782
-0.8136473917
-0.0836376986
-0.6303342064
-1.1301421586
-0.1967569264
0.0810908259
-0.5856358971
0.7081616439
-0.3155032908
-1.4453917181
-0.4583612137
-0.3292968100
-0.8533687725
0.3670431440
1.6389530934
0.1166906212
0.6361232983
-0.7170463457
-1.2397489927
1.5765674702
0.3820602772
0.2146528413
1.5568648725
-0.5696546207
-0.9623460803
0.9946378910
-0.3583250379
-0.3337848197
1.1369752136
-0.4862170856
2.2127576939
1.7276567769
0.8177440768
-2.2856382881
-1.0552745108
-0.2827101104
1.5251642382
-0.9176367898
-0.3221507262
0.2955166530
0.5364983796
1.8125249193
0.2289944238
-0.2771156607
1.5003440164
-0.9127428081
-3.2164088780
-0.8003790758
0.4393426281
0.6345281511
-1.5818997596
1.9722459463
0.4273317955
-0.1737125293
0.1349637769
0.7197060832
-0.5885714833
0.3374533350
0.9205669704
0.4237861592
0.6385176502
-1.0447913828
1.0514431191
-2.0423077112
-0.9847750249
1.0064272248
0.3189320980
0.0752354834
-0.8120159477
-0.4152513462
-0.1529354742
-0.2210961382
0.1393664950
-1.3074941679
0.1423347886
-0.6225829503
1.2372980176
-0.2198701241
-0.3569994434
1.1078117937
0.0811051637
-0.2221825000
1.5259994240
0.5514505657
-0.4942038551
-0.2110500630
1.7369738464
0.1549134589
0.9780446454
-0.6501637689
0.4078647019
0.7345170809
0.1366641007
0.5517482365
-2.0716178092
1.0231583302
0.5171168120
0.9676832694
-0.3313167855
-0.0530236110
-2.1031902452
-1.2541776120
-0.3265236285
-0.6957584546
0.6060621808
-0.2279712958
0.2311732102
-1.3114177216
-0.2474263749
-0.3736999171
1.5939452134
0.3020100379
-1.4121276762
0.0489275606
-0.3763068106
1.0639052274
1.0390207675
-0.2163873984
2.4648249903
-1.1131156110
-0.0434941692
0.1867013954
0.5712343132
0.5871292296
1.1875752167
-0.9007650104
-0.4152265693
0.7968722842
0.7990943817
-0.4992167736
-0.0244561527
-1.5369555029
-1.9220387342
0.6979343768
-1.8509882390
0.1527491178
-0.0090632569
-0.0645759772
1.0778182104
0.5204462487
-0.4919487971
-0.8313025404
1.0406987606
0.6747845126
0.5618029520
0.7318968493
-1.9905491449
-1.8384905097
-0.6689515851
0.1979888444
-0.6570697990
1.1144637947
0.7253280014
-0.2325357079
0.3585891128
-0.0915356467
-1.4221274115
-0.6642041252
-0.3429793492
-0.1654121594
0.0623704392
-0.3131360325
3.2696309183
-0.0709209866
-2.8395975790
-0.0323612059
-0.3856299761
-1.2272334269
-2.7997970740
1.0597378315
-0.0583169066
-1.8787374152
-2.3373957102
0.2800902581
0.0639624121
-1.6576289770
-0.8705466857
0.2548919243
0.9508670532
0.3569222941
0.2575187111
-0.2577347630
-0.7095934634
-0.7186814432
-1.2323445782
1.0055631714
0.0941341624
0.6911550428
0.7727889017
2.0371335488
0.6400524336
1.3840981745
0.3290664699
-0.2675816208
-0.5954818613
0.8672518688
-0.2776275302
0.6814867647
-1.8278819241
-0.6467294516
0.5319615628
-0.3353858008
0.3064655388
2.7484733762
0.3613900198
-0.9113719611
-0.9531004583
0.2250068101
0.9415236386
1.2621434260
0.6739433618
0.0872346665
1.6299010941
-0.4865608856
1.2735792871
0.4122897390
-0.0345041962
-0.5216677622
1.0411338420
-0.2426825329
0.7932862202
-0.4292095025
0.1321945629
-0.8547455950
1.0674800616
-1.8786533824
0.0397028661
-0.5499099313
1.5409897231
-0.0071496310
-2.1962551922
-1.0899487300
-0.1495732261
0.6612245020
-0.7534069006
-0.4908764992
-0.5886939413
-1.2599907424
0.1617621297
0.8960329156
-0.9035152994
2.5734800825
0.6306762322
-1.3178760444
-0.8708466614
1.1192153096
0.5761350213
-1.2606332492
0.1033281737
-0.6525121724
-0.2016851576
2.4326700170
-1.8354311276
0.8259012908
0.8071098871
0.2698239043
-0.0283241879
-0.7896845165
