15 9 0.07
5 0 0 0 1 1 0 1 1 1 2
5 0 2 1 0 1 1 1 2 1 3
5 0 0 1 0 1 1 2 0 2 1
5 0 0 0 1 1 0 1 1 2 0
5 0 0 0 1 0 2 1 0 1 2
5 0 1 1 0 1 1 1 2 1 3
5 0 0 0 1 1 0 1 1 2 0
5 0 1 1 1 2 0 2 1 3 0
5 0 1 1 0 1 1 2 1 2 2
12 10
10 9
12 2
0 4
8 1
10 10
5 2
2 12
10 2
0 0 0 0 1 1 0 0 0 0 0 0 0 0 0
0 0 0 0 1 1 0 0 0 0 0 0 0 0 0
0 0 0 0 1 0 0 0 0 0 0 0 0 1 0
0 0 0 0 0 0 0 0 0 0 0 0 0 1 0
0 0 0 0 0 0 0 0 0 0 0 0 1 1 0
0 0 1 1 0 0 0 0 0 0 0 0 1 0 0
0 0 1 1 0 0 0 0 0 0 0 0 0 0 0
0 0 1 0 0 0 0 0 0 0 0 0 0 0 0
0 1 1 1 0 0 0 0 0 0 0 0 0 0 0
0 1 0 1 0 0 0 0 0 0 0 0 0 0 0
0 0 0 1 0 0 0 0 0 0 0 2 0 0 0
0 0 1 1 0 0 0 0 0 1 2 2 2 1 0
0 0 1 1 1 0 0 0 0 0 1 1 0 0 0
0 0 1 1 0 0 0 0 0 0 1 1 1 0 0
0 0 1 1 0 0 0 0 0 0 0 0 0 0 0
0.4872423758
2.7485635004
-0.3964297176
0.8376927677
0.0816274573
-1.6709226574
1.2330069608
-0.5949867428
-0.0959815897
-1.5897831436
-0.7895774833
1.2457393416
-0.1257203714
0.9626512062
0.0214702712
-0.0425876576
0.9365794911
-0.8131121432
0.1144034322
-1.1824018916
0.5157731257
-0.2840026131
1.6648230658
-0.0000923287
-1.5384998180
1.0388474818
-0.2211455159
-0.5684941501
-1.5854742122
0.9621979672
-0.6410955155
-0.7207386057
-0.7639643060
-0.6049865094
-1.2025869273
1.0481606387
0.9329458177
1.3045607998
-1.5098792385
-0.5702464254
-0.0968935267
-0.2079507582
0.7903888586
0.0090117469
0.6814994742
-0.7209664230
1.3528418289
-0.3515016752
0.0469658622
0.1887090062
0.3530492572
0.1103761312
-0.0920754002
-0.7946887252
2.1032159955
-1.6555516002
-0.0822693972
-2.0623361626
-0.8039612670
-0.9187363559
0.8725756199
-1.6081244556
-2.2843866139
-1.0938047708
-0.4506845977
-0.2701090487
0.9129120594
0.9943021959
1.2365378843
1.4662487505
0.3318976255
-1.0405259148
-1.6725482474
-0.8833875035
0.5339528144
0.9256730695
0.9433384939
1.0538404151
0.0291912144
0.7501737571
0.4864922094
-0.7238071642
1.1995591153
-0.3291058323
-0.8107479132
1.8673899261
-0.4219431400
-0.3918893527
-0.1104561982
0.0542019875
0.5794720670
-0.6866749903
-0.8106029228
0.0951056237
-1.0178607564
-0.0892236031
0.3881057269
-0.0198251641
0.0945917418
-0.9175835215
-0.0724487714
-0.5374867984
-0.2582425551
1.2742905106
-0.2108210850
-0.5223553583
0.0210879855
-0.9996897470
0.9478106906
-0.5737641526
-0.1870491803
1.6050900535
-0.8525177913
0.8201163812
0.7110887057
0.0419658582
-0.3717829553
1.4606754734
1.1821477809
0.6410473563
0.3733626756
0.3580637484
-1.3242624573
1.2373433177
0.4224805058
0.4099546861
0.4873213130
0.3045063909
0.3505345559
-0.5380190965
0.9139760392
-0.2364294291
1.0266821987
2.0237940557
0.3970487763
-0.2865417912
1.5166587832
1.3172081810
0.4310996680
-1.6107586798
1.3972700024
-0.9195288632
0.5479120069
-0.1357888262
1.5401610419
-1.0973924566
-0.5436975870
-0.0302496090
0.1200359343
-0.0488986457
-0.9077422580
-0.2599775390
-0.0797755111
0.6499256995
0.6708790159
1.7918511904
0.2485320519
0.0598415049
-0.6542178444
-0.4333018009
-1.2343881723
-0.3463818958
2.0224084920
-0.0591922310
-0.7791182208
-0.1066071455
1.4185738058
-0.2352674393
-0.0754084826
0.0801383827
0.3594475628
1.7285475453
-0.6144929991
1.7568762128
0.4019707739
-0.2993206003
0.0727778151
-0.2719788170
0.3551408231
2.5430859434
0.1894947985
-0.4532643861
-0.3641643561
0.5922077886
-0.5779725439
-1.5945497677
-0.0652763252
1.4087572865
-1.9272153440
-1.9570395999
-0.5549104830
0.9368636642
-2.5073349787
-0.6231456588
-0.0935611356
-0.3077386724
0.9078842731
-0.0791308065
0.7048413076
-1.9527796251
-0.7360897258
-0.4647191626
1.1576336637
-0.8185376025
0.4286477713
0.3683254353
-0.5025835068
1.2558877239
-1.3375059452
-0.8393910113
0.1283921707
-0.2952495607
-0.7196517990
-0.5841489601
0.6361738036
-1.4880805429
-1.0922166818
0.1670090964
-0.9537916819
-0.6363542716
0.2043916042
0.2745847432
2.2971470296
-0.8219531160
0.1465594439
-0.8162363695
0.4637304817
1.6618800608
-0.6014220263
0.5522643380
-0.9359774330
0.3563051206
1.5083353647
-1.4084168466
0.0924056516
1.0838667210
0.0207572931
-0.0994024756
-1.2184622987
-0.6056853551
-1.4751384860
0.8142126218
0.9815127030
0.0114767656
-1.3868417512
0.0838963110
1.4363437577
-0.2745107589
-0.2242577608
-0.2986395030
0.0874429137
0.5170029790
0.8629662882
1.2575993669
-0.4838027227
-0.5010231035
-0.5648080902
-0.6102479819
0.4207572836
-0.4098867193
0.8787707345
1.4944665657
1.0555304878
0.1159858741
-0.2011684832
1.4637826293
0.4021659377
0.4905132680
0.8325608978
-1.6755758665
0.1535986272
0.5769065494
0.0780280112
0.9669562557
0.2939500288
-1.4419484545
-1.4371213874
-2.2065042769
0.9290252540
0.8121491571
-0.2640781649
-1.0834116746
1.1937688690
0.1966942444
-1.1747949517
0.1325992185
0.9865863893
-0.2548833431
-0.7668623394
1.5811977352
1.5741427191
2.3101113695
0.0553476103
2.0853696934
0.4806809957
-0.6778448485
1.4796432252
0.9945595704
-0.7231236092
2.4088264156
1.0441974304
0.7321601780
-0.6863926688
0.2968124104
-0.9601907305
0.5712731546
-0.7146795986
0.5908118869
0.3078504562
-0.1993797465
-0.3161914679
-0.9177138524
0.2011696409
-0.4649447277
0.8559640762
-0.1667830648
0.8013108150
2.4974300510
0.9479796972
2.0306438071
-0.0308825342
2.7411487085
-1.8832660121
0.1092485035
-0.2401495180
0.8414425351
0.3461452560
2.7492742582
-1.0722719130
0.3651327787
-0.9748251248
0.3234349267
1.4907048823
-0.6537992732
0.3458881926
0.3641361693
-0.9034068075
0.7461104578
-0.0515441208
-1.5306006728
-0.3757790792
1.5980613389
-0.6236757127
0.3325462725
0.2882113143
-0.8873567954
-0.0533648627
0.2887523286
0.0092396392
0.8310166327
0.2055644352
0.6709122839
0.1357608774
1.2186045186
1.0799253158
-0.1047728750
1.1133609410
0.7762179768
-0.9212891559
-0.1272186060
-0.7842543513
0.2601706298
-0.2861736502
0.5049752257
0.7642992477
0.5108948651
-1.5797144551
-0.9924831106
-0.4837427812
0.3438665037
1.2590385945
0.8180746784
-0.6311330868
-0.2562595327
-0.1038622707
1.2480005093
-0.0360542156
-0.5964567314
1.1801626148
-2.0723631922
-1.0471639371
0.8016883229
0.0218928773
0.7965632284
0.9927683187
0.5387765669
-1.9821722286
1.4191613719
1.6277262496
-0.1905107043
-1.0087128013
0.1275195025
-0.4415562339
-0.7669612419
0.8881764257
1.1852968444
-0.6375613797
0.8178352107
-0.2323818160
-0.9649653455
-1.6896466206
0.3544698997
0.7538677573
0.5084344419
1.1395773899
0.8415752316
1.8210300327
-0.0291831698
-0.9528276440
-0.0013046650
-1.5414331037
0.8700513161
-0.4505786394
-0.6922500772
1.6424245096
-1.1017875050
-0.3561504843
-1.0951286888
0.1442912644
0.3732521328
-0.3076590942
0.4647511312
-0.3176732857
-0.7000296698
-0.2083887631
-1.0439825944
0.3748706148
-0.3616077529
1.6809874736
0.0912471294
-1.2538675687
-1.0423168569
2.1707153377
-1.8868117999
-0.2283146405
1.2997781550
0.0151825643
0.1308045141
0.6620601215
0.0777220419
-0.8858306004
0.7950526321
-0.2266874841
0.5632119237
0.2838213536
-0.5215283400
1.2582846316
-0.6670895658
-0.9764461454
-1.3930536202
