14 6 0.09
9 0 2 1 2 1 3 2 0 2 1 2 2 2 3 3 3 4 3
5 0 1 1 0 1 1 1 2 2 1
5 0 0 0 1 0 2 1 0 1 2
10 0 0 0 1 0 4 1 1 1 2 1 4 2 1 2 2 2 3 2 4
8 0 1 0 2 1 1 1 2 2 1 3 0 3 1 4 1
11 0 0 0 1 1 0 1 1 1 2 2 1 3 0 3 1 4 1 5 0 5 1
5 2
2 2
9 9
8 7
2 1
2 1
0 0 0 0 0 0 0 0 0 0 0 0 0 0
0 0 0 0 0 0 0 0 0 0 0 0 0 0
0 1 2 2 0 0 0 0 0 0 0 0 0 0
0 1 3 3 1 0 0 0 0 0 0 0 0 0
0 0 2 1 0 0 0 0 0 0 0 0 0 0
0 2 2 0 1 0 0 0 0 0 0 0 0 0
0 0 2 0 1 1 0 0 0 0 0 0 0 0
0 1 2 1 1 1 0 0 0 0 0 0 0 0
0 0 0 0 0 1 0 1 1 0 0 1 0 0
0 0 0 0 0 1 0 0 1 2 1 2 0 0
0 0 0 0 0 0 0 0 1 2 1 2 0 0
0 0 0 0 0 0 0 0 0 0 0 0 0 0
0 0 0 0 0 0 0 0 0 0 0 0 0 0
0 0 0 0 0 0 0 0 0 0 0 0 0 0
0.7518522636
0.8925423921
-0.1382359119
0.8887273400
1.6569977762
-0.2075353100
-0.8915845202
0.1133667953
-0.1833911933
-1.1154961952
0.1037909566
-0.6969314398
0.2543303467
-0.2748182292
-0.9490820834
-0.2282220881
0.7712529333
1.4056722053
-2.7681533475
1.3985852374
-0.7648809209
-0.2485740011
2.2235106027
-0.7586861138
-0.4814286771
-0.5231167383
0.3640692355
0.1335677350
-2.4457998154
0.3910699525
-1.0412791583
0.0255316889
-0.1905387962
-0.7468443298
-0.6770921345
0.1620492801
-1.2871033889
2.7733565004
-0.6745958223
0.1158860292
-0.8540711958
-0.2440973958
0.4078533813
0.0477639532
1.3238507166
-0.7469831996
0.4873207952
0.5915002099
-1.0871488465
0.4071211471
0.1048148144
-0.5797915842
0.1661695905
-2.0875852818
1.5576763934
0.2930041425
1.5124176412
0.7750907405
0.9637056960
0.4591240852
1.0064447282
0.4446611330
-2.2614671883
-1.3799699334
-0.8818669514
-0.4272185824
-1.0044879384
-0.4315048989
-0.2943266809
1.6956243702
0.8339875851
0.0221852612
-0.0947685500
0.9665763373
-0.9860560065
-0.6463184237
0.3054890375
0.3636732909
1.5055386721
-2.0847310097
-0.5986200252
-0.8763791124
1.1505610905
-2.6488143736
-1.3234057465
0.1953024480
-0.1874751533
0.7252443820
0.2434355551
1.4889166575
-0.6596029898
-1.3781386446
-0.6745652562
-0.4562493105
-1.5782653414
0.2399586710
0.5972744950
-1.0608018892
-1.0736900798
-1.0043334380
-0.2426039311
0.2100943459
2.1860363379
-0.0549991614
-1.0223578890
0.5315920163
-0.0602852578
-0.3634533669
-0.6499202075
-0.4813427989
0.0889584586
0.3935642434
-0.8898205648
0.0110808448
-1.4168216288
0.5132816870
0.8798743924
0.8728635774
-0.2978652305
-1.3786315033
0.1961619261
0.6424713581
-0.5088107219
0.5232875589
-0.2844339088
-0.4829696012
0.7100071913
0.1529684676
-1.2165937549
-1.0035163027
-0.4291640270
1.8063960595
1.3439533845
0.1257943069
0.4447463521
2.0553931268
0.7158111913
0.4424546630
0.7409303809
0.0729467960
-1.5161038573
0.4595922105
-0.2286471282
-0.1203757313
0.2672567900
-1.5242387528
-0.0115127928
1.3403311837
1.5027314457
0.3739995431
0.4734276795
0.8088523362
0.2728551784
1.1458063717
0.2011375345
-0.1411079691
0.4931079237
1.0557104494
1.3084431205
-0.7710758149
1.0944963857
-0.1618805763
0.3508162617
0.2053242037
-1.1856658025
-0.9236555811
0.3621604763
-0.0462463966
-0.5554988889
1.8821668144
-2.9765433173
1.4722584101
1.5260670086
1.2236652868
0.9162106910
-0.6271047314
0.0583218439
0.4210070116
-0.3669880420
-0.9002629433
-0.3379649407
0.5879894267
1.0990712144
-0.3671959004
0.3187916114
-1.1353244949
-0.6089365333
1.4851226142
1.4814587635
0.1386413877
-1.0660314460
-0.8447413544
-0.0451961434
-0.5147746696
-0.7178086169
-0.5565152682
-1.6923208671
-0.8357512178
-0.9097622591
-0.7887566356
-0.6201705728
-1.0612584110
0.0325988616
0.1166176848
-0.3601804449
0.9605084599
-0.8284397617
-1.5214800328
0.1991284038
0.9791427063
0.0236337856
0.3483592252
2.0411632563
1.0188951540
-0.4957217530
-1.9239540903
1.0420387122
2.4151071064
-1.5015524661
0.9293502244
-0.7661410945
0.4575448305
0.4501795718
0.3619877340
0.7575234619
0.1630062475
0.1156782577
0.3907614866
1.5948405603
-0.2238452945
1.5018855613
-1.6591229019
-0.3227894051
1.5412203367
-0.5038903184
0.3444717622
0.7532984341
-0.8458362139
-1.1480493106
-0.1100991628
0.4833723856
-0.4025043621
-1.1922557266
0.3454975486
-0.3675783869
-0.9511147721
0.7038497114
-0.4021403277
-0.0064676707
-0.6588469785
0.1577113952
1.2812242942
-1.7393562627
0.8117975623
-0.5460770047
-0.7561241769
1.1278940568
0.5118493192
0.7326731814
-0.9821433040
0.1585758968
0.6138442032
0.7135898705
-0.5026793186
-0.9349479426
-0.7586667406
-0.2451221929
0.0098205617
0.0092396135
1.1001457294
-1.5373849911
-0.9401580603
0.1055178772
0.4014509913
-0.1704661362
0.8882965789
-0.7468552541
1.0351488758
-0.1854337676
0.8400832030
-0.4638177269
0.9308930784
0.3942208510
1.3715527735
-0.4542213830
1.2041697240
-0.6150466397
-0.0863243574
-1.8826830881
-1.3624798879
0.5289227947
-0.1170791058
-1.4781815081
1.5511341052
-1.7930628757
-0.9755181213
-2.0143607822
-0.9504805220
-1.1643655540
-0.0716334968
0.5795176917
0.0706742469
0.0700711434
-1.5243196865
0.0075144402
0.0532312421
-0.4116407933
-0.7276297630
-1.0220019677
-0.5922050306
1.0579867238
1.2309800527
-0.5130899554
-0.1895614394
-1.4558174376
0.1719447502
-0.3213937163
-0.7709676592
-0.4911409834
-0.3202791204
-0.5335883054
-0.5089356682
0.1269399876
-1.1079156346
-1.2206854988
-0.0044124906
-0.4997161959
-0.7981268810
2.3916462373
0.5396879244
0.9224745378
0.1081033694
-1.4275744210
0.5770618596
0.4355173467
-1.9750314035
-0.8528109131
-0.0752495595
1.4388278457
1.8655942486
-0.1070970660
-0.1739360522
-0.5067046855
1.8170736317
1.0763798672
-0.4601321997
0.6195648144
-1.2960511933
-0.0675058512
1.5592671168
-1.6130738615
-0.3040628856
-0.4527794640
-1.7863884023
0.5403689765
-1.2992681374
-1.8658612705
0.2637288961
0.2763146952
0.0423552764
0.5457268086
-0.9664575505
0.9810327802
0.4442237531
-0.9411310149
0.1497937762
0.4063958511
0.7508265247
0.6746198674
-1.2099665864
2.3261544682
0.0405860494
-0.3992949728
-0.6698225996
-0.8846877415
0.0731782257
0.8591469931
0.3056214055
-0.9976368620
0.0064326400
-0.2855451197
0.0211494020
-0.4553528105
-0.2596007550
-1.0090407640
1.4524254482
-1.5872649057
0.6638332556
-1.8429106179
0.5276917939
-1.1510366189
0.8091932674
