14 8 0.06
9 0 2 1 2 1 3 2 0 2 1 2 2 3 1 3 2 4 1
9 0 2 1 1 1 2 1 3 1 4 2 0 2 1 2 3 2 4
9 0 2 1 0 1 1 1 2 1 3 2 1 2 2 2 3 3 2
9 0 1 1 1 2 1 2 2 3 0 3 1 3 2 4 0 4 1
9 0 1 1 0 1 1 2 0 2 1 2 2 3 0 3 1 4 0
9 0 2 1 2 1 3 2 0 2 1 2 2 2 3 3 2 3 3
9 0 1 1 0 1 1 1 2 2 1 2 2 2 3 3 2 4 2
9 0 4 1 4 2 0 2 1 2 2 2 3 2 4 2 5 3 3
7 0
2 5
0 3
8 1
4 11
7 6
1 2
8 0
0 0 0 0 0 1 0 0 0 0 0 0 0 0
0 0 0 2 1 1 1 0 0 0 0 0 0 0
0 0 1 1 2 1 1 1 0 0 0 0 0 0
0 0 0 1 1 2 1 1 1 1 0 0 0 0
0 0 0 0 1 1 1 0 1 1 0 0 1 0
0 0 0 0 1 0 0 0 0 0 0 1 1 0
0 0 0 0 0 0 0 0 0 0 0 1 1 1
0 0 1 0 0 0 0 0 1 0 0 1 1 0
0 0 2 1 1 0 0 0 1 1 0 1 0 0
1 1 2 0 1 0 1 1 1 1 0 0 0 0
1 2 3 2 1 1 0 0 1 1 0 0 0 0
0 2 1 2 0 0 0 0 0 0 0 0 0 0
0 1 1 0 0 0 0 0 0 0 0 0 0 0
0 0 0 0 0 0 0 0 0 0 0 0 0 0
-0.0778575065
-1.0157475597
-1.3843206826
0.9100708857
-1.1100995737
0.9428131397
0.3240926463
-0.0764997584
0.4664040329
0.8081760998
-3.2258137672
0.1783515896
0.1808578590
-0.5673500595
-0.0709846437
-0.7841251160
-0.6587569906
1.3879265436
-0.3452110710
-0.0745382818
1.0367679190
0.4954781407
0.6107904336
0.3917452228
0.9222904984
0.8572674280
0.8354402423
0.8965905532
-0.5180081070
0.9259288733
-0.1024242912
-0.9196624556
0.6825467852
-0.5900705163
-0.7145614092
-0.4575188461
-0.7817195158
0.7732894359
-0.2443975706
0.5524773713
-0.1805411948
1.0159511441
-1.2402936910
-1.0788311310
0.7339596617
0.5783088057
0.6091317083
0.6296484411
0.1058774454
-0.9510589260
0.4687181967
1.7566935043
0.3447199143
-1.7779836756
-1.1896154635
-0.7604368368
0.7880895871
-0.3776828273
-1.1729107138
0.4938836923
0.9530040584
-1.3714680465
-0.7275427040
-2.0050725890
0.5391394691
-0.4542100812
-1.1805435296
-1.1760849862
-0.4620893644
-0.2253225554
1.2245262503
-0.1892365217
-0.2618591397
0.2495120106
0.2336472231
-0.4723017091
0.8765469287
-0.0611256248
0.4328303606
1.5284706515
-0.6188777781
-0.8146725928
-0.8769587803
0.2482083245
-0.9310737194
0.5513552881
0.1062723513
0.5877903594
0.2021142776
-0.0796939348
1.7136352011
0.1154833532
0.0428188894
0.8186943533
-0.3340747498
-0.1748731414
-0.7176247572
1.2943741117
2.1951476434
-0.2528367093
0.8183256059
1.6131048367
-1.2199186168
-1.7678322493
-2.0064694826
-1.0519755973
0.6366415177
-1.1689584542
1.9826128936
-0.5401389040
-0.4918191017
0.4423519659
-0.0424620471
0.2295396407
-2.3821094790
-1.7128029836
2.5323390940
0.1274754563
-0.5159088566
0.8776844834
0.6405824598
0.4159412950
-1.8288286501
0.0751517164
-1.2499952859
-0.5189279049
0.2317336963
-0.6784377548
1.7865724448
1.4153145597
-0.9581546357
0.1874765038
-0.2160617229
0.8008472262
1.3566594564
0.2798010149
-0.9740428992
0.6792383589
-0.3023754102
1.3680057583
1.8888359688
-0.9148411705
-0.7815115172
0.6518108511
-1.0033004671
1.4095424343
0.1082303309
-0.1900599787
-0.4676484297
-1.2041248585
-0.2602104619
1.3169511752
1.1211845580
0.7589841649
0.6641126875
0.0307025613
1.2242409535
-0.4803328888
-0.3181405275
-0.9374657450
0.3645229797
-1.0028871858
1.7092574746
-1.4486323314
-1.4350309757
1.8525212589
-0.9372512287
-0.6322676859
-0.2762754138
0.8181081628
-0.3057333073
0.7783614364
0.0614478458
-0.3742112633
1.0506720868
-0.5655343090
-2.0104669673
-1.3204095878
0.9238436572
-0.2989649115
1.2632562160
-2.4978766246
0.0128839624
1.2110679763
0.2871791578
1.4226071672
-0.6127520611
-1.3120457758
1.1977068453
0.3889924462
0.8619842595
-1.2423739605
-0.5954486324
0.3311419387
0.0461271016
-1.9499760750
-1.0104725595
0.5919615707
0.6758402355
0.6846890947
2.0703177839
-0.1842210296
-0.1330991889
-0.9012796829
1.1180306843
0.7540537746
0.4795716265
-0.1082541477
-0.8757441017
0.9490174291
0.1481498346
0.6036984964
1.2031879422
-0.0727597327
-0.8712597055
-0.1639904738
0.9596828477
-0.2408124318
-0.9588742783
-0.6162993899
-0.1919438337
1.6000935585
-0.8886272429
0.0159517747
-0.7999787479
-0.7042074513
0.1602835681
-0.6836640606
-1.6474161620
0.2233866143
-0.7226627491
-0.6339081920
0.7733802756
0.0236169150
1.1841592488
-0.7676862214
1.6673738536
0.6424890748
-0.7560325484
-0.0712566065
0.5265938206
0.6618964262
-0.1968840157
-0.0618875255
0.0821043009
0.0242540304
0.8520995829
-1.0787675269
-0.1561222672
-0.1843068511
-1.9410175670
0.0435057040
-0.8999954975
-0.6053728836
0.4256805911
1.2987015044
0.1462779757
-0.5715375910
2.3571604791
-0.5567619273
-0.8403819733
2.1920484580
-0.6538334708
-0.1386644477
0.0696663106
0.7593407833
0.3191048592
0.8896145867
-0.4153053230
0.7002637819
0.8518272933
-2.1843426631
0.0101004890
0.1683928926
0.2578539656
-1.8729107433
-0.0910231927
-1.8625153246
0.6301779228
0.7922657861
0.0894282078
0.4917172241
-1.8034035985
0.4764321324
-1.4182135363
0.9095858154
0.5320684118
-1.3045547921
-1.7387624714
0.7738445778
0.3413741447
0.8977376403
0.3784181903
-0.3879603946
2.7517948892
0.1249113698
1.2823335474
0.3240077796
0.0828187228
1.1497815019
-2.0271670713
-1.5496769512
1.0645317945
-1.2628329295
-1.1720056771
-0.1886733164
-0.1713899377
-0.3803620784
0.2010603473
-0.7471656802
-0.3617151333
0.2717849705
-1.8792212393
1.5293716472
-0.5400867417
0.1083817778
-0.7755932047
1.1421533711
0.9640860988
-0.3555909057
0.4829650520
0.8978665866
-1.0474289745
0.6062137158
0.3071106160
-1.5181808087
-0.0350350412
-1.3209614016
0.6635066234
-0.0771893959
-2.3284891456
0.1629332911
0.9991394596
-0.8703714882
1.7513265642
0.3501620954
0.0019750915
-1.3481137346
0.4122016327
-0.0058017628
-1.5446140909
0.5759400002
-1.2869562256
0.4854126569
-0.8011073562
-0.7912555302
0.7317707154
-0.4351973760
1.2399053859
0.5151067836
1.1088534260
1.8957076589
-0.6539093090
-0.1307420608
0.4936022849
0.8416726425
0.8922866258
-0.2670256305
-0.9830021405
-1.2296023901
0.5290317382
-0.8219571452
-0.8785112984
-0.0697765098
1.2500373679
-0.0790645615
0.6047265557
-1.8244605591
-0.0600426421
-0.9719661726
-0.1548054781
1.3725579206
2.1676515973
0.2174129567
1.3640288407
0.1931887030
-0.4423956275
-0.8214262573
-0.0809892089
0.2059360994
-1.8331127979
0.2680769476
0.2186876546
0.8003475096
0.4720978834
-0.9593157651
0.2076493487
-0.0472238467
0.6491431942
0.6098546262
2.1027432074
0.4385631289
