18 6 0.05
14 0 1 1 0 1 1 1 2 1 3 2 0 2 1 2 2 2 3 2 4 3 0 3 1 4 0 4 1
11 0 1 0 3 0 4 1 0 1 1 1 2 1 3 1 4 2 1 2 2 3 2
12 0 0 0 1 0 2 0 4 1 0 1 2 1 3 1 4 2 3 2 4 3 4 4 4
15 0 1 0 2 0 4 0 5 1 1 1 2 1 3 1 4 2 1 2 2 2 4 3 0 3 1 3 2 4 1
11 0 0 1 0 2 0 2 1 3 0 3 1 3 2 4 2 4 3 5 2 6 2
11 0 1 0 3 1 0 1 1 1 3 2 1 2 2 2 3 3 2 3 3 4 3
0 2
14 1
3 2
8 8
7 7
7 3
0 0 0 1 0 0 0 0 0 0 0 0 0 0 0 0 0 0
0 0 1 1 1 1 0 0 0 0 0 0 0 0 0 0 0 0
0 0 1 1 1 1 1 0 0 0 0 0 0 0 0 0 0 0
0 0 2 2 1 0 1 0 0 0 0 0 0 0 0 0 0 0
0 0 2 1 1 1 1 0 0 0 0 0 0 0 0 0 0 0
0 0 0 0 0 1 1 0 0 0 0 0 0 0 0 0 0 0
0 0 0 0 0 0 1 0 0 0 0 0 0 0 0 0 0 0
0 0 0 0 1 0 2 1 0 0 0 0 0 0 0 0 0 0
0 0 0 1 1 0 1 1 0 1 1 0 1 1 0 0 0 0
0 0 0 0 1 1 1 1 1 1 1 1 1 0 0 0 0 0
0 0 0 0 0 1 1 1 1 2 1 0 1 0 0 0 0 0
0 0 0 0 0 0 1 0 1 2 2 0 0 0 0 0 0 0
0 0 0 0 0 0 0 0 0 2 0 0 0 0 0 0 0 0
0 0 0 0 0 0 0 0 0 1 0 0 0 0 0 0 0 0
0 0 1 0 1 1 0 0 0 0 0 0 0 0 0 0 0 0
0 1 1 1 1 1 0 0 0 0 0 0 0 0 0 0 0 0
0 0 1 1 0 0 0 0 0 0 0 0 0 0 0 0 0 0
0 0 0 1 0 0 0 0 0 0 0 0 0 0 0 0 0 0
1.2096472477
-1.2810386496
0.8346835661
-0.6905972069
0.5895558100
0.4752832637
-1.7548645425
-0.7375030441
0.1343943234
1.4384062309
-0.3072141808
0.1013472787
0.2680020624
-0.7949498441
-0.7030800161
1.9097794627
1.3097534896
-1.9253373712
1.2029692813
-1.2607204537
0.3287348450
-0.1341544707
-0.0657282183
0.6250485556
0.5124485883
-0.8690642503
0.6760794465
1.7293707743
0.8892634980
-0.0553575523
-0.0972833736
0.8928185959
1.0404385184
0.9746033379
-1.2499539213
0.4359481038
0.2831763879
-0.0537531271
1.0344841818
-0.7926722054
0.9865875924
0.0942230604
0.4166993762
-0.6280016968
1.3061092462
0.9394324400
-0.1911147682
-0.5371612179
-0.8247720290
-0.3473962436
-0.2531695638
0.0360870584
-0.4656608669
-1.6017655991
-0.0099177204
0.9996761437
-0.6814175739
0.1865583284
-0.0352627484
-0.4207386060
0.7967098124
0.1790551952
2.1654606876
0.1142683440
-0.8968817696
-1.3231903473
0.1608968307
-1.1227590067
0.6864689877
-0.4215250701
-0.4366186605
0.5337218702
-1.5764177459
1.0408267617
0.0956940160
0.6134046584
0.6714564916
0.4998645793
-1.3525422838
0.4370437514
-0.4735664606
-0.1056720866
-0.1274415779
0.7329122023
-0.2130476543
-0.6621064842
2.1441389996
-0.3536891871
-1.0999439452
-0.2722992941
-0.5761460877
-1.6016611412
0.6206051411
-0.2949374631
-0.5497036314
-0.5482195930
1.3396422395
-0.1619820034
0.3869532817
-1.6369216606
2.2734847453
-0.1540123662
1.2997274859
0.4668176845
1.0567741284
0.9867340599
-1.4043839967
-0.5886250904
-0.5760853957
0.7119874536
1.2676955047
-0.9215888772
-1.8934500069
0.5348834272
0.5371691831
-0.2670789743
0.1417235368
0.6184824983
1.0932804357
0.1976423600
-1.0446462170
0.0453593778
-1.4779035607
-0.0664546284
0.5761074759
0.5946104215
-2.0621109790
0.6724045953
0.1827226008
-1.4840625695
0.6089848044
0.1717879715
0.5085630892
0.4352603664
-0.3735890700
1.2995747230
0.1180464219
-0.9476033620
0.9282599697
-1.6680038808
0.4537380382
0.6087889966
1.3724569011
-0.2156932342
-0.4331220297
0.3557772203
-0.4496257930
1.1046649523
0.5349571112
0.5045979187
-0.9030002742
1.6700982780
-0.0984872640
-0.9634960295
-0.3258243383
-0.8129443429
-0.0507918965
-0.9602991791
-0.1544701864
-1.4857680063
-0.2661632951
-0.8928841422
-0.8104882504
0.2590011193
0.3178602091
0.3458262181
-1.1731646187
-0.1876929705
0.7599376258
0.9596745586
-0.1375406578
-1.4625532314
-0.0014293194
-0.0665291265
1.2501039690
-1.8024195202
0.1698095369
0.4496631367
1.1317276355
-1.6449089435
1.4078635962
0.4691142032
-0.4453110857
-0.4367084981
-1.4966308160
-0.3502503223
-0.4090769616
-0.1317516623
-0.1510121516
0.1600379204
-0.9749670096
0.8400020707
-0.8857359879
0.0725707036
-0.3952274309
1.0413469529
0.5768663255
0.2417248712
0.3854466689
0.2813971895
-0.3901606886
-1.3205712624
0.5531975852
0.1074855673
0.2035084301
-1.0203679030
0.9648097574
-0.7365696115
-1.0634016752
0.1343826036
0.0555117784
-0.1777486964
1.1603336632
0.2617548741
0.2279571286
0.3205550197
-1.1771172018
-1.0221433000
-0.2784592705
0.5217126641
0.3276112013
-0.4325098208
-0.7896968268
-0.5496743714
-0.6701502925
0.6168182989
-0.3459171034
-0.2073215451
0.0688369464
-0.8635388696
2.3120151163
0.9828579599
-1.1500870969
-0.0785479496
0.1852045366
1.0877783843
-1.1968651055
0.2436648178
-0.0661385906
1.5017335274
-0.1851740288
-0.3119243668
-0.2484228056
0.5598223184
0.2454557310
-1.0726330089
1.1224697357
-2.0585081581
-0.5359168778
0.8286315286
1.3395246302
-2.2451685223
-0.3795598985
0.9957856435
0.5685491418
-0.0470885246
0.4401626759
-2.0481830553
-1.0988797110
1.8988740333
0.0360644242
-1.6732428910
-0.0864178134
-0.5901141118
0.6010434918
-0.2218163879
0.9961010739
1.0608876205
1.2149361763
0.5268864953
-1.2293218211
0.0869654947
-0.5430402390
-0.2249501660
1.2152192111
1.6547669213
0.1510360468
-0.2431490512
-0.4859824582
0.2102940494
-1.4283408719
-1.2648274240
-0.4622397362
-0.3428026734
-0.8929421279
0.8611133150
-0.1468727253
0.3374764096
1.0358707718
-1.5010422133
0.6893649592
-0.7993904374
0.4931851548
-1.1165051653
-0.3520282944
-0.1483009861
0.6857621616
0.5255786225
0.8609964346
0.0759483660
-0.8351749256
0.8633563818
0.9015202779
-0.7543149106
-0.0868657206
1.7456827579
-2.5970863825
-0.2268105588
0.6365028496
1.3278934452
2.3123781469
-0.2138266184
-1.1152048717
-0.4208883545
0.6296668342
-0.0343443784
-0.9120893884
-0.5109298686
2.4105822113
-0.5891785981
-0.3064308980
0.1691996411
-0.8172411417
0.1996275330
0.3872630413
2.2639473794
0.7961780751
-2.5478089178
-0.0913385844
1.2077975001
-0.2562917015
-0.3439141997
-0.3323827223
-1.8608985588
-1.0596497745
-0.8022705580
0.1228613038
0.0508453139
2.1181604653
-0.3331495800
-1.0849879005
-0.0926913180
-0.6181314596
0.3386811943
0.2528145387
1.3581168430
2.2585836968
0.1460224627
-0.2863396581
-3.1783167844
-1.1037523572
0.6403072181
0.9192244431
1.1886526818
2.2999859777
0.2994756465
-0.7361672003
1.3153339586
-0.0022049637
-0.7956409584
-1.7852547940
-0.9196097628
-0.3406173993
-0.5387190637
0.2846737185
0.8590651950
-0.1913239045
-0.5394512805
-0.4006883442
0.2855712332
-0.7103800802
0.6754363877
0.9832020712
-0.3286600033
-1.0289041702
0.5937396738
-0.8527524289
-2.0177000852
-0.5210489624
-0.0777310756
0.3984061080
-0.6376001918
0.3314816836
0.1719477374
-0.3253343141
1.5439429473
-0.0057227273
-1.5167922174
-1.5468561109
-0.9146947159
0.8838770368
-1.0242691521
0.6902679328
0.5272451744
-2.0307196102
-0.6914467838
1.1000667560
-0.5234106298
-0.2726708975
0.0227803123
0.1479334414
-1.6964191735
-0.5589782654
-0.3354822339
0.6694495404
-0.2672293800
1.9782396638
0.8319673826
0.1820597270
1.0135163235
-0.4624148390
0.1061960788
0.1768542151
-0.7106681968
1.1339512445
0.8590288299
-1.1801459245
2.0053405229
0.6875556960
-0.2555991704
0.8551678331
0.4018313536
1.3066148516
-0.0599683773
-1.4553790301
-2.5895727909
-0.1316780527
0.2034054776
-0.1547080281
0.7004063076
0.1248678235
-0.7326967603
-0.1358316244
-0.2807650413
0.3345576499
1.8505624924
1.2034335367
-0.9186121641
0.4474228637
-1.7399118053
-1.0574230398
1.1029275628
-0.2574625638
-1.2758322796
-2.2117979015
3.2560988447
-0.2209873877
1.2296370873
0.8485065154
-1.0921964811
-0.1113459003
-1.5588044662
-1.7129080928
-1.6973600466
0.9240463166
-0.7927964590
-0.0206712471
1.1397362740
-0.4044089763
2.1320851178
-0.0784841360
-0.6129637499
0.4210510632
1.2972047380
-1.9006779383
0.5326605480
-0.4924223712
0.5202606604
-1.0264293870
0.1425388696
2.2978628526
1.6004878964
0.3890181704
0.8127583211
-0.4927441030
0.6691407275
2.3645737032
0.9876445201
1.1317885926
-1.6785703108
0.5074312792
-0.7100356121
-1.0159398029
0.4267622763
0.9049891599
-1.0147566895
-0.2671908578
0.7597621862
0.6780034883
-0.5178342565
3.1327523975
1.0429114273
-0.7696717996
0.5787021918
-1.0983638194
-0.0462834479
-0.4347592463
0.3527159707
1.1965754505
0.1976218014
0.4424067454
0.8863082920
-0.2687273336
-0.5849060352
-0.7452271242
0.7455630569
-0.0355223518
1.1701057329
0.7492103874
1.1671907080
-0.8954768754
-0.5188617933
1.3195395893
0.5676840746
0.9208659776
-0.3276048282
-1.4747730922
0.0826376408
1.2373697347
-1.5113398037
0.0239930159
0.5006715366
1.0935906271
-0.5690316388
0.4105392700
-0.7926927128
-0.3709085178
-1.1908914106
-0.6850656945
-0.5977060529
-0.2219994294
-1.2748413734
0.1002947295
-0.1201141387
-1.8814926050
-0.7579031837
1.4891991279
1.1535924420
-0.9083643610
0.9976557739
-0.8819407856
0.5744061948
1.6145810725
0.6606503665
1.3036990277
-0.5005543844
-3.3214023592
-0.2797336779
1.1220610378
-0.1094794289
0.2287433539
-0.7594116424
0.2966062809
-0.8964636440
-0.9473218401
0.8312289918
1.3657918811
1.2240530159
0.3917308584
0.6850522958
1.0920324108
-1.5200059525
1.6598060497
0.5748159624
0.6404431763
-2.6086503157
0.9188846395
-0.5234832398
0.0105035137
-1.8634367756
0.2945287205
-0.6557041492
1.1886972834
-1.5038391395
-0.6813267458
0.0478230647
0.6875220231
-1.0104837555
0.0393784029
-0.3820597072
-0.3077093858
0.4154779663
-0.4536111918
1.2455997303
1.2389238810
-0.7429361133
0.1407392920
-0.1380731127
0.8545418137
1.0453078258
0.4788958426
1.3437053809
2.0288338979
-0.9696793168
0.0319192086
0.6607615494
0.3976202398
0.4941759889
0.1685876300
1.6177112127
1.0172730346
-1.0951440480
1.2584238753
1.8725146032
-0.1178995187
-0.9596588362
0.9329351938
-1.9383627532
-0.6008783870
-1.9539512746
-0.8671028709
-0.5365887173
1.7591084706
-0.7359052722
-0.5487948894
0.6326620329
-1.4539944354
-0.9045313856
0.4937998601
2.7818131011
1.2326402339
0.9216874352
2.8255762343
-0.4070862487
-0.0768669315
0.6368832319
0.7920885577
0.9150495710
-0.6244483471
-0.6222565287
-0.6241478824
0.9150539330
0.1293538094
1.2736584155
1.3901104603
-0.9281428505
-0.7932688917
0.1685937422
1.9150610800
0.6402803204
-1.7498815125
-0.0176487690
1.4731121499
0.3601675800
0.7094211485
-0.2336259850
-1.4395277792
1.3032401729
