14 6 0.07
7 0 1 0 2 0 3 1 1 2 0 2 1 3 0
8 0 0 1 0 1 1 2 1 3 0 3 1 4 0 4 1
9 0 2 0 3 0 4 0 5 1 0 1 1 1 2 1 4 2 2
10 0 1 1 1 1 2 2 0 2 1 2 2 3 2 3 3 4 1 4 2
8 0 3 1 2 1 3 2 0 2 1 2 2 2 3 3 1
7 0 2 0 3 1 0 1 1 1 2 1 3 2 2
1 8
4 4
9 3
6 2
0 6
7 5
0 0 0 0 0 0 0 0 0 1 0 0 0 0
0 0 0 0 0 0 0 0 1 2 1 1 0 0
0 0 0 0 0 0 1 1 1 2 0 0 0 0
0 0 0 0 0 0 0 1 1 1 0 0 0 0
0 0 0 0 1 0 0 0 1 0 0 0 0 0
0 0 0 0 1 1 0 0 0 0 0 0 0 0
0 0 0 1 0 1 0 0 0 0 0 0 0 0
0 0 0 1 2 1 0 1 1 0 0 0 0 0
0 0 1 1 2 2 1 1 1 0 0 0 0 0
0 0 0 0 1 2 1 2 1 0 0 0 0 0
0 0 0 2 2 1 0 1 0 0 0 0 0 0
0 0 0 0 0 1 0 0 0 0 0 0 0 0
0 0 0 0 0 0 0 0 0 0 0 0 0 0
0 0 0 0 0 0 0 0 0 0 0 0 0 0
0.2263374042
2.2859639509
0.2486208755
0.2558953188
-2.0449666315
-0.3609947229
1.0507961472
1.3957591452
-0.7918595882
-1.5550841375
1.2168357583
0.9565804508
-1.4321517189
-1.5068830675
-1.2577286100
1.3093141210
-0.9789618630
1.8384875255
0.8750711866
-1.8335667195
0.1585986122
-0.2504692551
0.8956447797
0.5424914809
-0.5874150752
0.0247689162
0.5995734177
-0.3567149655
0.1079937956
-0.0405294178
-0.3071878478
-0.5540943792
-0.1965463062
-0.1429777891
0.6750788374
0.9285037312
0.4395966211
-0.7349962268
2.0567802878
0.4591540200
-0.0134406354
-1.0060024551
0.1845766794
2.0150549771
-0.4132867086
-0.8554064612
-1.3655835735
-0.7396956623
-0.0330540718
-0.4692638616
-0.7070422414
0.4252537623
-0.1550703904
0.3791232204
-1.2697434772
0.5191468313
0.7735681500
-0.7548267865
0.3589582053
-0.3540513075
0.8838433190
-0.1900895691
1.2169137218
-0.3990124653
0.8872144712
-1.0607459813
-1.1160765301
-2.4623420634
0.5446271564
-0.3768959211
0.0919469673
-0.9691770380
-1.1645199573
0.0395845777
2.4605463755
-0.0620223533
-0.8148171646
2.4728657462
-0.9808901008
-0.1225376106
1.3876279509
-0.4612935891
-0.7119515991
-0.2135631784
-0.0161269317
1.2192804364
0.5037225942
-0.9232404424
0.4051657947
1.1447885555
1.3201432116
0.0539465630
0.2998662360
-0.2389224461
-0.6448390688
-0.5532176548
-0.4200938114
-1.0613741532
1.4170263973
-0.3777814923
0.7710271822
1.2300338668
-0.9557719851
-0.4907818167
0.6336667111
-0.5466569109
0.0560012094
1.1754187082
1.5048523483
0.3697045195
-1.2630316604
-0.3146182765
0.7664987059
0.5490317382
-0.5781755411
1.4918633818
0.9993890411
1.2427169495
-0.4165564512
-0.6989781588
-1.0356679225
0.1360851771
0.3868677764
0.6305425101
-0.7414838307
-0.2779008053
0.6013560832
1.0995767963
-0.2651350164
-1.6430036036
0.1279173917
-0.9078401993
-1.1810828178
0.3096910019
0.7375530882
1.5875737729
0.4168036921
1.2720113474
0.2708727780
0.0205955757
-0.4911664117
-0.4472712855
-0.9238917705
1.3794388243
1.4382125647
0.1499739412
1.7315096965
-0.3937548381
0.4791273957
0.8330613276
-0.1495607604
-0.4913620286
0.8660909207
0.6374887836
0.3395077060
-0.8698147823
-1.1036265894
-0.4214836134
-1.4196357262
-0.9181717022
0.8106549229
-1.1964455921
0.4815739082
0.9794251602
-0.2651345264
0.6550308875
-0.1832116847
2.4120952719
-1.4612621826
0.3043875809
1.1757342746
-0.3593538058
0.2413840671
-0.6891602176
-0.7993609983
0.2905908355
-0.3227888140
-0.9271726045
-1.2618341640
-3.3533757197
-1.2072577143
0.7176654933
-0.2254102803
-2.8369965447
0.5844557451
-0.6123492817
1.3862954492
0.6760390837
1.5658081350
-0.1235978724
1.3901075810
-0.8373023821
1.7636478881
2.3101773801
0.9897481482
0.8545493475
-0.0977691266
-0.6195637945
0.3660919380
1.6297065287
1.1257480368
0.4476571604
0.5797815989
0.3127780649
1.4917147173
-0.2547932003
0.7191581536
0.4350887417
2.9849920910
-1.5514128167
0.2108394016
0.0170627666
0.2557674173
-1.1362153982
-0.1785057076
-0.0133449859
-0.6603493039
0.8999197847
0.2628799447
0.8215986289
0.9463162049
-0.7423454782
-0.2844616373
0.7071206883
0.4504353574
1.3315272576
0.4841195016
-1.2663368344
-0.4106476188
2.7747885031
-0.1955810462
-0.5708174747
0.8025094403
-0.3971522107
1.2853682186
0.7903796532
-0.9650161212
-0.6417983127
-0.4231526301
0.0972787736
-0.7526100356
-0.2471188214
-1.9383995195
-0.5279114620
-1.7746253611
-1.5237403048
1.2046713254
-0.5951742497
1.6121242662
0.8462254870
1.3731328077
0.1099657182
-2.0330692233
0.4415112127
0.1006384091
1.8078038554
0.6269850550
-0.7380796570
-0.4023885093
0.4034294676
-1.0421951633
-0.7250339683
-0.8238026064
0.3848736423
1.2793595503
1.2287729754
-0.4720812053
0.0861119635
-1.6495738773
-0.3701113195
0.3238657490
-0.1263032235
0.3466920177
3.2794177626
-0.4077214270
0.0149856337
0.9288600738
0.2463711942
0.1364687154
0.1966695381
0.8496832784
-0.2210495565
-2.3431782126
2.0230446177
-1.4426014900
-1.0520341431
1.1746570641
-0.2151440858
-0.7161906695
0.6719392685
-0.9065368604
1.6561532295
-0.2563663219
0.0658033664
0.1768522089
1.0863435772
1.0425392617
-0.2142592086
0.0888515222
-0.1521775753
-1.0492332408
-0.6566509343
-0.2429693376
0.7427929427
0.6771492479
-0.3314908246
-1.2489864745
0.4167053524
-1.3183399001
0.7586387865
-1.3253641003
0.4279633578
-0.2032817888
0.4744793697
-0.3293501631
1.2809420282
-0.1398058721
-0.8064717018
0.5270570030
-0.9282335179
-1.1287503838
-0.7106521539
0.7143717223
0.3585136398
-1.6720581924
2.0295427126
0.0207517811
0.4478933265
-0.3907103940
0.1511306250
1.4540143455
-0.7612743309
0.4706046936
1.8882048818
1.3735192489
-1.4259902659
-1.1325656487
1.4572384118
-0.4320821799
-0.6039905193
0.5911883601
-0.4519110284
0.3706601569
1.1265846036
-0.7622671936
0.2209718746
-1.5160053273
1.8422243820
0.0581512134
-2.2298080113
-0.2906038623
0.1308928417
-2.1549345938
2.0370790133
0.3337222680
0.4902898161
0.7064583882
1.0683792382
-0.8007962162
-0.8748941223
0.9780698173
-0.5869194654
-0.8075058881
-0.7443165713
-0.0672374141
1.3175644403
1.3813703073
-0.6920842045
-1.0269449013
0.9440203982
-0.0536903040
0.7461409774
-0.4613970537
2.2322443189
0.7843456776
-0.5963352996
-1.1079009316
-1.3627067584
-0.7098802733
-0.8502837118
-0.2303289987
0.2789660641
0.5710792599
-0.0815476253
-1.2312981797
-0.4433757859
-1.7547630206
-1.1067578103
-0.9854827744
-0.2388908771
-2.8508683760
2.1093936174
