19 10 0.11
15 0 0 1 0 1 1 1 2 2 1 3 0 3 1 3 2 4 0 4 1 4 2 4 3 5 0 5 2 5 3
14 0 1 1 1 2 0 2 1 3 0 3 1 3 2 3 3 4 0 4 1 4 2 5 2 5 3 6 3
16 0 3 1 2 1 3 1 4 2 3 2 4 3 0 3 1 3 2 3 3 4 0 4 1 4 3 5 3 6 2 6 3
10 0 0 1 0 1 1 1 2 1 3 2 2 2 3 2 4 3 2 3 3
12 0 0 1 0 1 1 1 2 2 0 2 1 2 2 2 3 3 0 3 2 3 3 4 2
10 0 0 0 1 0 2 1 1 1 2 1 3 1 4 2 0 2 1 2 2
10 0 0 0 3 1 0 1 3 2 0 2 1 2 2 2 3 2 4 3 1
15 0 0 1 0 2 0 3 0 3 1 4 0 4 1 4 2 4 3 5 1 5 2 5 3 6 2 7 2 8 2
15 0 2 1 1 1 2 1 4 1 5 2 0 2 1 2 2 2 3 2 4 3 3 3 4 3 5 4 3 4 4
13 0 2 0 3 0 4 0 5 1 0 1 1 1 2 1 4 2 1 2 2 2 3 3 2 4 2
11 8
1 10
1 1
15 6
9 7
15 14
13 1
8 0
6 1
8 0
0 0 0 0 0 0 0 0 0 0 0 0 0 0 0 0 0 0 0
0 0 0 0 1 0 0 0 0 0 0 1 0 0 0 0 0 0 0
0 0 0 1 1 1 0 0 0 0 0 1 0 0 0 0 0 0 0
0 0 0 0 1 1 0 0 0 0 1 1 0 0 0 0 0 0 0
0 1 1 1 1 0 0 0 0 0 1 1 1 1 0 0 0 0 0
0 1 1 0 1 0 0 0 0 0 1 1 1 0 0 0 0 0 0
0 0 0 1 1 0 0 0 0 0 0 0 1 1 0 0 0 0 0
0 0 1 2 1 1 1 0 0 0 0 0 0 1 0 0 0 0 0
1 1 2 2 2 2 0 0 0 0 0 0 0 0 0 0 0 0 0
2 1 1 0 2 1 1 1 0 0 0 0 0 0 0 0 0 0 0
1 1 1 1 1 1 0 1 1 1 0 0 0 0 0 0 0 0 0
1 1 1 0 0 0 0 1 2 1 1 0 0 0 0 0 0 0 0
1 1 2 1 0 0 0 1 1 2 2 0 0 0 0 0 0 0 0
0 2 1 1 1 0 0 0 0 2 0 0 0 0 0 0 0 0 0
0 1 1 0 1 0 0 0 1 1 1 0 0 0 0 0 0 0 0
0 1 2 1 1 1 1 0 1 1 1 1 0 0 1 1 1 0 0
0 0 2 0 0 0 1 1 2 1 1 1 0 0 0 1 1 1 1
0 0 0 0 0 0 0 0 1 1 1 0 0 0 1 1 1 0 0
0 0 0 0 0 0 0 0 1 1 0 0 0 0 0 0 0 0 0
-1.4412538252
-0.3184468476
2.8799836132
-0.6303258777
-0.5838582636
-0.2369296114
0.2046841468
1.4006278382
0.4770002698
-1.6270735493
-0.1106939931
-0.5536801623
0.9165201241
-1.4263916974
1.0897129500
1.3795922975
0.9277486243
0.7143285818
-0.8788229815
-0.4923600203
-1.2689170083
-0.6072052040
0.3621211851
0.8549901451
-0.5020127779
-0.8805506716
-2.8832463959
0.9298834188
0.3756834655
1.8609363508
-0.1830638109
0.1361070395
-0.7470761094
0.6093664342
-1.1773911611
1.2288052718
1.1796762493
-0.4931612763
0.6814281238
0.5295300800
0.1684593728
-1.5046668083
1.6036992541
-1.4987750791
-1.1965913614
1.2527658159
-0.3027938584
2.5761636563
1.2579614533
0.3892656761
0.9807559158
0.7501233404
0.5386061886
1.2001660216
2.1192281832
-1.2234677029
-1.5077508060
0.7564658972
1.3682427326
-1.7831443369
0.9658790442
-0.8390741970
-0.4686792821
1.0502982878
-2.8725335496
0.0711366356
-1.4231713380
-1.3156595601
-0.8751710738
-0.1351918573
-1.2553462984
0.1386704107
-1.2031972185
-2.1203652143
-0.3898327549
0.2529394987
-0.3303041204
0.3216933802
0.8965106001
1.3164509737
0.2686071021
0.2331596444
-0.2135268087
-0.6077841550
-1.2890341673
-0.4419445953
2.4119519527
-1.6352894583
-1.0415084305
-0.3700680119
-0.3724965855
1.2481815195
1.3258397601
0.3570402995
-0.0449834508
1.6118295051
-1.3664828820
0.5454870185
0.5779029982
-0.1114350817
-0.0033185227
0.4930621786
1.1111463953
0.3279966589
1.0651163817
-0.3857833305
2.2711262097
-0.9767548165
0.1841918948
-0.4137649314
0.3821131149
1.5968026966
-0.6293050994
1.3620188009
-0.4710284427
0.9761281972
-0.0076644747
-0.1223871762
0.1566017674
-0.9334844089
0.0632707104
-0.4754982073
-1.2496338558
0.6603638780
-1.8801385411
-0.8719555711
-0.9495176160
0.4301191581
0.8374035309
1.8215709988
0.2534185074
-0.1131575904
-0.9434397334
0.2914360090
-1.1450957026
-0.8198092076
1.3660530232
0.2579268171
0.3855025564
-0.4769773552
-0.5698406259
-1.3314400877
2.2062932820
-0.5505181831
-1.5147282980
0.2524250460
0.0319991039
-1.7187511589
-2.1302798520
1.3339423369
-0.3287830870
2.3138619142
-0.5213601409
1.4256058689
0.2307016461
-0.3725332589
-0.1385589530
0.7155826715
0.1822941992
-0.8630338063
0.4479278163
1.2317607566
-0.0859035834
-2.0212612773
0.1309419793
-0.3154093052
-0.0732242081
-1.3395365163
0.1159678475
-2.2581898060
-0.7898775622
-1.6877994778
1.6139267550
-0.2595877780
-0.1395496460
-1.8608304874
-0.5921994469
0.2280309039
-0.3415227296
-0.9518235115
0.1591713595
0.4130826838
1.4253165897
-0.4245956985
0.3705288959
-0.5815607677
-0.6137706619
-1.4934992037
0.2857764020
1.1330553563
-0.3380829473
-0.0779506804
-0.0946070669
-1.1729668356
2.2806506301
1.2211307413
-1.6258223658
0.6476731792
0.0727016169
1.5355565557
1.0472309115
-0.4626434896
0.6380661990
-1.4694393226
-0.1447818115
0.4966892611
-0.7194034153
0.3882950745
-0.3009944896
-1.4146028303
-0.4180919925
1.0334775031
1.4727156884
-0.6644978875
-0.3704426853
0.7041450350
-0.8548263020
-0.9274885611
0.6568389636
-0.4880875225
1.6585237636
-0.8204048474
0.1806527971
-1.1062331926
0.7523177704
0.0107206127
-0.3978634434
-0.3470787143
-0.5369328523
-0.0296236431
0.4608133249
-1.7366304632
0.3972183803
1.2189865588
-0.3910081321
0.4345857850
-1.4542436508
0.9042234721
1.4773300687
0.0065798154
-0.2512155337
1.9801038823
0.5671709121
1.2459018068
0.1748985950
0.3800073756
-1.5873040186
-1.2787029800
0.4260286494
-1.7040438858
0.0189053016
-0.9553774985
-0.3179574058
-1.4789196170
0.7270737931
1.3274993492
-0.6631400458
-1.4635127111
0.1184585599
0.0386822649
-0.2567293023
-1.3704528788
1.4378868269
0.3335378749
0.2291652455
0.8107633974
0.6070106845
0.1846502707
-2.3757944777
0.6122689233
-0.8290322147
-0.4963099107
-0.4853667622
-0.9165446275
1.5415040135
-0.1155512341
-0.0937705018
0.3648385932
-1.2164394913
-0.0922590024
-0.0149833294
0.9002558138
-1.6678708634
0.0593600458
1.4538274707
-1.3656209418
-1.4290783588
-0.5217383619
0.4598825795
1.3122092876
0.2152774594
-0.4042584732
0.4793772822
-3.0161487323
-1.0588194495
-2.0660141299
-0.9063927136
1.7923970765
-1.3051591967
1.5780373020
1.2106455052
-1.2898572787
1.0500003379
-0.8118836779
1.7763384412
-0.0529755459
0.4994585743
-1.8404647909
-1.3810584526
0.5362790433
-1.4632484767
1.5361717827
-0.1013553819
-0.1037966661
0.3139243067
0.2034402368
-0.4093713931
0.4631490102
-0.2236679584
1.1737485570
1.0955851540
-1.7941712365
0.0513484649
-0.0670472868
0.5070016430
-0.4724409036
0.1146181198
3.0375252583
0.0071426019
-1.0906193587
0.3786232420
1.1298686275
-1.1300804137
0.3474066133
0.4614377356
1.7564068744
1.9974918476
0.1434268488
0.3904853068
-1.6249325331
-1.1741588045
0.3506799356
2.1907759664
0.3000133295
0.9080822368
1.1511305577
-1.5579849037
0.5064777186
-1.9955312265
0.1482218704
-0.6218799560
-1.3502372481
0.7244766676
0.8678010250
0.6782216345
0.8141258140
0.6893018898
-1.0257178633
-0.3426004035
-0.2836948028
0.5855997281
-0.0612236807
-1.2854539005
-0.4384604086
-0.7849979252
-0.1831805550
0.5595347272
0.3125009381
1.5136838536
-1.0421037558
1.2744341725
-1.5175172561
-1.2024269534
1.3551972550
-0.5959868542
-2.0983981872
0.5025123633
-1.1585218578
0.2469035615
-1.1665371759
0.0492127463
-0.2552534348
0.3279653145
1.2317427518
0.5828120762
1.3702220103
1.5654646589
1.8213288410
0.5977847499
-0.6463833406
0.1211335741
-0.8775184060
-0.0261678863
0.7561631813
0.6143644670
-0.6973697473
-0.5288169330
0.0615991567
0.9359265608
0.0897526340
2.7686633941
1.3764037236
-0.5731473950
-0.2075085308
1.0339553360
1.5395576484
0.3084207623
-0.2674191624
2.1310075993
-1.4151182814
-0.0579097118
-1.0226653925
0.8457354811
0.4588689350
-0.5137937066
-0.5957061571
-0.9129629247
-0.8488327085
-1.3142787377
0.7949040584
-1.7674354448
-1.4792247300
1.5736725752
0.2322987294
0.5391004356
-2.1298049070
2.4566800281
1.5844673611
-2.2043089768
0.1840697474
-0.3792438266
0.4655718831
-0.1139758588
-0.0737718524
-0.7781077026
-1.1571826893
1.0342969763
-0.7121907501
-1.3807402244
1.1967149636
0.2585648622
1.1695948476
-0.1362499388
0.2397745993
-0.3355217163
-0.9684884643
1.2656966240
0.7870232652
-0.7103437773
1.2822492561
-0.7846622001
-1.5744389782
-1.6221992098
-0.7836921641
-0.6963277595
-0.5641427696
0.0932011057
1.5078297912
0.9961318631
-1.3439038091
2.1174545424
0.1415168186
-0.6777939375
1.6086158242
0.5030754768
0.9567835884
-0.4056955750
1.4782263725
0.0448794518
0.4188691895
-0.4013680713
0.9782477602
-0.4021155744
-1.6582910218
-0.6348560769
1.5563314705
0.4902740407
-0.5043303296
1.5740151247
0.9346310047
-1.0293783888
-0.8554482223
-0.7866667445
1.0145284819
0.9687188975
0.1881315950
0.7488308890
1.7411149137
0.5870280299
-0.4765741166
-0.1726575087
0.0632454377
-1.8966732562
0.4569289997
-0.4406206813
1.1654602185
-0.1416329066
1.0716544671
0.0972517349
1.0715640621
2.4489916133
0.7988949418
-0.9653355210
-1.2725746068
1.1328842682
0.7331445321
2.6268632967
-2.4870789931
0.8315659345
-0.6367643629
-0.0918134983
0.7152892489
-1.1326474195
1.1149942834
-0.5647827738
-0.4383271777
-1.2931097650
-0.7407512982
0.5394904046
0.3439075069
0.6323103422
-0.7057116968
0.5694969870
-1.3434913315
2.2536264605
1.2662565190
-1.9589247466
0.2157663181
1.2765208872
-0.5723209719
-1.2038399567
0.4235995232
-0.9441699161
1.3568779043
0.7811588464
-1.6139841108
-0.1975688598
0.5832845774
0.2865233360
-1.4874843552
0.5405403249
-0.3582483998
0.9783548525
-1.0718385141
-1.6380034512
0.8232961607
-1.3784713273
0.4418150348
0.9133281574
1.5909953333
1.2043869225
0.2195333242
-1.3331791194
-0.3135875879
-0.3194414204
0.4664804705
-0.2150513572
-1.5920233293
0.2147019370
1.2212782453
0.7245398037
1.2216542421
-0.4600092952
0.3611510567
0.5725633788
0.9491568507
-0.4284469713
-1.5827865164
-0.4322700820
-0.4009207731
0.1337837705
2.1071400461
0.1318472453
-0.3975835944
0.2385709947
1.0867914724
0.4703613697
1.9437780051
0.1964968191
-0.7859116483
-1.3607010638
2.0380853116
0.2140471037
0.0177837421
-0.4776463863
0.1067300442
1.2442463186
-0.7127899075
0.3060133045
-0.6224122595
-2.0174411835
-1.4210266219
0.4705755146
-0.4759719058
0.7624078566
-1.1112845435
-1.4775277191
0.8758412062
0.1783114346
-0.4797516691
0.4365867732
-0.2030839438
-0.8831955586
-0.5030149315
0.0659628893
0.5474920090
0.8071442270
0.3698814163
2.1380959808
0.1572937502
-0.2581870957
0.1871557286
0.4743445613
0.4170184128
-2.1275063878
-0.0089449551
-1.6214877534
-0.1737730586
1.2246346778
0.4239637116
1.1332632667
-0.4357710332
0.3250034625
0.3951719954
-1.6698089676
-1.6145109880
0.6070815055
-1.6150452785
0.3976456509
0.0960406469
-0.8226904848
-0.6082399278
0.3549514047
0.7325822855
-1.2900677725
1.9558151868
-0.1797466756
-0.3673040401
0.7280093780
-0.8482530677
0.2338548375
-0.4624247204
-0.9267127472
1.9677590408
1.8971679029
-0.7815390900
-0.0050478626
-0.0953987082
1.2904784629
-1.5104326072
1.6416494342
-0.2710170174
1.2468993764
-0.5857108087
1.1097131420
0.0606451827
-0.6555558261
-0.0869466574
-0.1363837607
0.6816857024
0.7130989414
0.4385448504
1.2360535205
-0.6343743761
-0.9691128256
2.9559117170
2.0385463597
0.2139851274
1.1491941819
-0.2864154247
-0.3726079555
0.7742660947
0.0355594850
0.8570322790
0.8817634038
-0.9668494571
-1.3312456064
0.8813074521
-0.6062076377
-2.2720526811
0.1531342781
-0.1366405692
-1.6853970652
0.1859833558
0.3208087319
0.0248262272
-0.0772140080
-0.4892023125
2.0613392962
0.9922863795
1.1441727543
-0.4095496068
-0.8006694323
-1.0109800581
-0.3071895114
-0.2015740226
-0.4949027621
1.3200102459
0.5658183068
-1.1487818180
0.8335748343
1.2300635148
0.0500385070
-0.9245180340
2.5140000512
0.0561844011
0.2857438929
-1.2193303919
0.0558544204
1.1232049645
-0.5641854600
1.2883787245
-3.4247219658
-1.2782658980
0.7131267716
0.6396369099
1.3169340943
0.1594732787
-0.5987807338
0.1661084833
-0.9047577429
-1.1049392472
