13 3 0.13
25 0 1 1 1 1 2 2 1 2 2 2 3 2 4 2 5 2 6 3 1 3 2 3 3 3 4 3 5 4 0 4 1 4 2 4 3 4 4 4 5 5 0 5 1 5 2 5 3 6 3
26 0 0 0 6 1 0 1 1 1 2 1 5 1 6 2 1 2 6 3 1 3 2 3 3 3 4 3 5 3 6 4 1 4 3 4 4 4 5 4 6 4 7 5 4 5 6 5 7 6 4 6 6
23 0 3 0 4 0 5 0 6 1 1 1 2 1 3 1 4 1 6 2 0 2 1 2 2 2 3 3 1 3 2 3 3 3 4 4 3 4 4 5 2 5 3 6 3 7 3
3 2
3 3
1 6
0 0 0 0 0 0 0 0 0 0 0 0 0
0 0 0 0 0 0 0 0 0 1 1 1 1
0 0 0 0 0 0 0 1 1 1 1 0 1
0 0 0 2 0 0 1 1 1 2 0 0 0
0 0 0 2 2 1 0 1 2 2 1 0 0
0 0 0 1 2 1 1 1 1 2 1 0 0
0 0 0 1 2 2 2 2 2 2 0 0 0
0 0 1 1 2 1 2 2 1 2 1 0 0
0 0 1 1 1 1 0 1 0 2 1 0 0
0 0 0 0 0 1 0 1 0 1 0 0 0
0 0 0 0 0 0 0 0 0 0 0 0 0
0 0 0 0 0 0 0 0 0 0 0 0 0
0 0 0 0 0 0 0 0 0 0 0 0 0
0.5939157724
0.5740543542
1.8047363172
-0.0505274078
0.0988599271
1.7672185016
-0.9675850927
-0.5549955078
-0.2634527021
1.1080215506
-0.9737219005
-2.0610120862
-0.7689798562
-1.1536695564
-0.3813424117
-0.3654506519
0.1085723790
-2.1615995722
-1.1696195614
-1.1477139892
-0.1275307723
-1.0375394987
2.1490172617
0.0748271539
-1.7130114799
0.6525923101
-1.2311076487
-0.8036589348
-0.0872861159
0.5277723756
-0.3618633591
1.8445549881
2.2600166074
0.5308969847
0.2791622507
0.1909252802
1.8722136636
-0.3752813334
0.2434308728
-0.1919813209
0.1188291611
1.8631033892
-0.1411786441
2.1492382422
1.5705206034
-0.3785791960
0.0306574474
-0.7244121674
-0.5412381573
2.5725012723
-0.7794035396
-1.1183294994
0.7705977561
0.0435499035
0.3244492663
-0.6775264758
0.9434962178
0.3243973933
-0.6386560647
-1.7948327975
0.5808614034
0.5427817152
1.6678802486
0.3960335735
-0.4578737941
1.1555884780
0.8102006164
-0.0725462964
1.3624749624
1.7072459507
-0.9637762952
0.8531790808
0.0215938058
-0.5796344459
2.2951145906
0.6645402156
0.6456848630
-0.9194218878
0.9594440229
-0.4303216399
1.0724966252
-0.2657452005
0.0944990521
0.4644945850
0.2807388153
0.0102893370
0.1106422237
0.2808638843
0.8055606767
0.5397104334
-1.3121154824
1.0723932881
1.8679066341
-0.8007603673
0.4314977481
1.4276460395
0.8348076840
-1.2864670859
-0.7752372919
-0.3607337250
-0.1605791524
0.5221966041
0.4997041185
-0.2166165192
0.1058522228
-1.1401931850
-0.5032350138
-0.4099766655
1.0525935495
-1.1992803729
-0.1119827761
-1.6172502166
-0.8764750112
1.3236900001
2.3006366266
-0.9670136818
-0.1755101927
-0.0759838977
-0.9254194269
-0.6020495803
0.6865100049
0.3231771241
1.0249461560
1.3015203128
0.2624434954
0.3919247081
-0.7162163907
-0.6429560360
1.3865738112
0.7327331916
-0.4489819017
-0.5266916148
-0.6728020900
-0.0184108551
-0.3663824800
0.1550118900
0.8789581636
-0.2162451419
1.1431913929
-1.4563159025
1.3607574239
-1.5782027521
1.0684673029
-1.2063208310
-0.6410938589
0.4860456760
-1.5784448408
-1.3109587540
0.3954618077
1.7864781264
-2.0188743615
0.8958917089
0.3746395995
0.8645040274
0.1418223051
0.1388664706
-1.5366840729
-1.2280902598
-0.6579087844
0.8779618326
-2.0785024195
1.1690669166
-2.4356310473
1.0589842653
1.5384565456
1.7085801735
-0.2567207224
1.2685713790
-0.2422426501
-1.6947217042
0.6308557265
-0.7286475695
-0.7045239194
-0.0587256100
-0.4664998491
0.4861615011
0.0492133547
1.0484150358
0.7220066295
-0.0466926610
0.5284129288
-0.4742512191
-0.2516797093
0.7028236260
0.7892736363
0.0668163528
0.3750874753
-0.0961774337
-1.4282605292
1.5186209546
-0.5299911334
0.5209642140
-0.4562318012
-1.2347272033
-2.0038834388
0.6075219239
0.2377208630
1.4332630839
-0.8351629055
0.9981043944
1.8035019695
-1.1773707535
1.6679691382
0.2266925282
-1.0987473414
1.2070495094
0.6240996227
0.7976677239
1.3657704410
0.9977127954
1.5224813790
-0.9502836908
-1.0065707629
0.1842048864
0.8274611293
0.4427150460
0.1007702885
1.4923611080
0.1642200267
0.0799666008
-2.4954136190
-0.6671706559
-1.0458440191
-1.1778398086
2.2949197870
-0.9527060382
-0.6126440729
0.5225906450
0.6050425290
-0.8155767736
2.0546217327
-0.2624319688
1.0591188959
1.9313863247
-1.7313947299
0.2762556645
1.0458647274
0.7467098995
0.3750765740
0.3914830786
-0.9406918025
0.2135878938
1.2390124420
1.0660556502
-0.3774018573
-1.3122431856
-0.4641646725
0.0653858547
1.0318202771
0.2551275053
0.9320785809
-0.3260109849
0.8414264074
1.8963822588
0.8607842988
-1.0537163741
-0.9410498079
-1.1668061510
-0.7338649709
2.9544591085
0.2964782088
-1.5451211832
0.3210776604
-0.2099104418
-0.2244940801
0.1850670073
-1.7115937880
0.1950579701
-1.8912553007
1.7317302131
1.2556492531
-1.3155743778
0.7165202247
0.1229963646
0.1395607725
1.6788076304
-0.5938152651
0.4390942622
1.7231405840
0.9442949961
-3.1509267385
0.0218322940
-0.8384631284
-0.7854167155
-0.0812299163
-0.9169676693
-1.0086145788
0.2575412961
-0.3532267567
-1.5589902940
-0.4209652669
-0.5724415831
0.3654291305
2.1796245215
-0.2127842988
0.4178627118
1.4057432583
-0.3272312041
0.9704998459
-0.5048554370
-0.1701794383
-0.4101947575
1.2864951516
0.0614633979
-0.2681397961
-0.8469911701
-0.5373890040
0.4602831947
0.5454639417
1.4125308284
-0.1432016153
-1.0842375563
1.3259207575
-0.0489958517
1.0065649524
0.3073057616
-0.1155310608
-0.3385198993
2.1218631034
1.0356006109
-0.2747158184
1.4047469236
0.1312719671
0.5998015010
-0.5429248203
-0.6971965223
-0.1299369807
-0.7518349961
0.2758333054
0.7445978053
1.9622909670
-0.8436660915
1.7635075043
-0.6583142805
-0.1836625200
0.8607611567
-0.4465843883
1.4697042724
