17 7 0.19
10 0 1 1 1 1 2 2 0 2 1 2 2 2 3 2 4 3 0 3 4
12 0 1 1 0 1 1 1 2 1 3 1 4 2 0 2 2 2 3 2 4 3 4 3 5
11 0 0 1 0 1 1 1 2 2 0 2 1 2 2 2 3 2 4 3 0 3 2
15 0 2 1 2 2 0 2 1 2 2 2 3 2 4 2 5 3 0 3 1 3 2 3 5 4 0 4 1 4 2
16 0 2 1 2 2 0 2 1 2 2 3 0 3 1 3 2 3 3 3 4 4 0 4 1 4 2 5 1 6 0 6 1
16 0 2 0 3 0 4 1 1 1 3 1 5 2 0 2 1 2 2 2 3 2 4 2 5 2 6 3 3 3 4 4 4
13 0 1 0 2 1 0 1 1 2 1 3 0 3 1 3 2 3 3 4 2 4 3 5 1 5 2
13 6
7 9
9 12
5 9
3 3
4 0
6 12
0 0 0 0 0 0 0 0 0 0 0 0 0 0 0 0 0
0 0 0 0 0 0 0 0 0 0 0 0 0 0 0 0 0
0 0 0 0 0 0 0 0 0 0 0 0 0 0 0 0 0
0 0 0 0 0 1 0 0 0 0 0 0 0 0 0 0 0
0 0 1 1 1 1 0 0 0 0 0 0 0 0 0 0 0
0 1 0 2 1 2 0 0 0 0 0 1 0 0 0 0 0
1 1 1 2 2 2 2 1 0 0 0 1 0 1 1 0 0
0 0 0 2 2 1 0 0 0 1 2 1 2 2 1 0 0
0 0 0 0 2 0 0 0 0 2 2 2 1 2 1 0 0
0 0 0 1 1 0 0 0 0 2 1 2 3 2 1 1 0
0 0 0 0 0 0 0 0 0 0 0 0 1 2 3 1 0
0 0 0 0 0 0 0 0 0 0 0 0 1 2 2 1 1
0 0 0 0 0 0 0 0 0 0 0 0 1 0 1 0 0
0 0 0 0 0 0 0 1 0 0 0 0 0 0 0 0 0
0 0 0 0 0 0 0 1 1 0 0 0 0 0 0 0 0
0 0 0 0 0 0 1 1 1 1 1 0 0 0 0 0 0
0 0 0 0 0 0 1 0 0 0 1 0 0 0 0 0 0
0.5090089900
1.0308437280
0.3658048844
-0.3859284682
0.0278425520
-0.1925298990
0.9269672472
-0.0253384605
-1.6840276720
-0.2833777252
-0.1039987776
-0.0345042935
1.8298724475
0.3361929531
0.1791279442
1.3714576335
-0.3732465824
-0.5081748646
3.0856624804
0.9884041010
0.7463044833
1.1014479947
0.1885279801
0.0531295839
1.0075041327
1.0121860228
-0.3197269506
1.3555802381
1.0818234305
-0.7822473305
-1.0493699761
1.6472603033
0.4572637444
-0.5182069141
0.4891135113
-1.3824892482
-0.7905088600
2.0794368771
-1.6411197814
-0.9224339188
-0.1550559813
1.2622420315
0.3257376642
1.6231428541
0.2363300341
-0.5488852859
0.5450922866
0.1853692685
-0.0699598583
-0.5543301429
-0.0964375220
0.7467868169
-0.7460669698
0.0927620113
-0.7939663618
0.8264171672
0.3083195501
-1.1752281468
-0.0933263911
-0.1478156010
1.4284704734
0.7453602846
-0.2781205953
-0.0177700938
1.3213569170
0.7270811786
-1.1489573371
1.1104432992
1.2280300424
-0.1988405231
-1.3936851508
-2.7406085579
-1.0845662825
0.0178614053
-0.5157074390
2.3399823807
0.1460850389
-0.9426385297
-1.8632869850
-0.5989717594
-0.5137462805
1.0536759708
-0.0011336464
-0.6637383444
0.5996168974
-0.3760343679
0.7590614397
-1.0697218170
0.4415009700
-0.3907080656
-1.4912813068
-0.7951956305
0.8987185601
0.2907431137
-0.7010888699
-0.2248819953
-1.1256328012
2.8206501269
-0.5031842641
-0.5384215424
1.6155005436
0.9814696727
-0.9142075294
-0.8591179438
-0.0919693541
0.1588299818
-1.8299137304
2.4020641858
-1.1984924678
-0.6399474192
0.9866877873
1.3858998890
0.2030922978
-0.7207235958
0.5440422710
0.6433538399
-0.4388877841
0.1952046052
-0.9451284795
-1.6569213076
1.1916328288
-0.0859960436
-1.1173087757
-0.2529454247
-0.3103357190
-2.0883738255
-0.1752782455
1.8905164748
-0.0787380978
-0.9444430533
-0.4265770231
3.7624282370
-0.6407572450
0.0750310836
-0.7278218052
0.8916274290
-0.8148445675
0.1747917510
-0.0115062534
-0.5438965755
1.0024495316
0.1742799972
0.5892759444
-0.8906154006
1.8862294201
-0.0155975402
0.3474272215
-0.0240642782
-1.8463368691
-0.1072668916
-1.4533985990
1.3509712465
0.6356452334
0.8065247117
-0.3429283504
-0.2969764292
-0.1014577639
-1.7420827530
0.5437150222
0.0960859200
0.0373115495
0.3976782651
1.3742892996
0.2155520635
-1.1297184092
-0.2669807174
-2.4982352390
1.0850849898
1.4026947439
0.1659764063
0.6732657971
0.9184671108
-1.6921020493
-0.4496071596
0.8981127800
-1.4321530763
-0.2202935766
-0.9285012157
0.8518358509
0.8973603371
-1.2874521246
-1.5547139735
0.9146311599
-0.0846254338
-0.3399437102
-0.2752780003
1.3608837015
0.6736871535
0.0920428557
0.0535534040
1.2907015505
-0.6966246920
0.3110928565
-0.6343192797
-0.1921524217
0.9925403911
-1.3580099896
1.4314909397
0.2046737525
-0.1275094465
0.8120283433
-0.2526033430
0.8660628594
0.3759303337
1.8699163769
-1.0516683127
0.9255368240
-2.6504092416
0.0224390653
-2.9590690401
2.0158045510
-0.4404314822
0.0227690483
0.2020077929
0.5245788446
-1.7504554598
0.4599104327
0.7483533779
-0.3118606376
0.8042122277
2.4187150248
0.4448218065
-0.0079054645
1.2738744347
-0.8792910595
-0.9424296433
0.2733502235
0.9832918139
0.4009281237
-0.8524545444
0.6269737204
0.8599781439
-0.5296610324
0.0720743558
-0.5257614589
-0.2105835941
-0.3864346089
-0.4059908229
-1.2972122999
0.0482395692
-1.8367286826
0.5470462799
0.1363178757
-0.5407792730
0.2244029668
0.2976249302
-0.1949210271
0.0825825251
-0.1135285332
0.1000808142
-0.9117457251
-0.2469959319
-0.0299288460
0.7845524933
-0.6991060138
0.8687832686
0.7420607562
0.3296745091
-0.8819123256
-0.7545964663
1.6662133546
-0.6945363413
0.4890678304
-0.6932349633
0.1148173899
1.6768734580
-0.0371204429
2.5228915850
0.2783416541
-0.0357274868
-1.8512782474
0.7034202891
0.0917551773
-0.7159366596
0.9881181736
0.1580488335
-1.6877790160
1.9620335861
-0.0987761581
0.0387063433
1.4113817663
-0.0881176647
0.4420245126
0.4867943528
-0.2353548695
1.0271753213
0.1030248435
-1.6600451946
-1.1037670291
2.2683880200
0.9154933706
-0.1628739943
-0.8524075597
-1.0681178964
-0.0778515956
0.8630525862
-0.8166750086
-1.6508958979
-0.5470739947
0.4759584809
-0.4563038485
-0.8258888633
-0.5350860272
-0.1772709316
0.3894309022
1.0010778212
-1.0367685729
-0.6522891975
0.2054813094
-1.0211002159
0.0172107551
0.5527281358
-0.2463985323
0.5387811278
-1.4009257196
-0.1718378851
1.1972661127
0.6145212232
-0.5582755465
-1.4613038348
-2.0964235109
-0.1362510231
-0.1979785020
-0.2199369313
1.9714035749
-0.0977296032
-0.4905432472
-0.6884286553
0.2501529668
-1.5128426936
1.0381798398
-0.0595802902
0.7374578911
-0.1578602482
0.1224164406
-0.6132710563
0.9023320813
0.4295415848
0.1930358410
-1.5268829392
-0.3016378375
0.2569054714
-0.0579758050
1.4462466697
-1.2613850928
0.8676819288
0.8146384617
0.5122886936
-0.4370429599
-0.2091952059
0.6732372018
1.1776343551
-0.1428069455
1.0533837181
-0.0475505040
1.8309305092
-0.6296406900
-0.0469941867
0.0878681220
1.7769312627
-0.3224033711
-0.3493884879
0.0669279695
1.2723502623
-1.2443685573
-0.2956051085
-0.9773850974
0.7153789692
0.6391181292
-0.4248953939
1.6837804361
0.0787089321
-0.8922102373
-0.4051605517
-0.3203105368
0.0612910205
1.0750583781
0.8099362514
0.6798664776
-1.1672388704
-0.4883821507
-0.5379999232
-0.6737300642
1.5369885511
-0.7217225210
-0.5662421148
-0.7309110194
-0.4677038376
1.4191482050
0.8391612494
-1.3158646263
0.1943007800
-0.4981980210
0.2727335685
0.8856084842
-0.4899655769
-0.4215555388
-0.6942415099
-1.2058827844
-0.7885108186
-0.9286753033
-0.0905852619
1.9015411664
-1.6446037022
-0.1275177594
-1.3602894970
-0.4150545193
0.5024460474
1.3714825824
-1.7004607422
2.6849028432
-0.0584309761
1.3872080280
0.9661213976
-1.5582553851
0.6248985165
2.7936290517
0.9618179492
0.3763103086
0.5322432292
-0.1223046281
-0.2873108500
0.7140567874
-0.3399941264
-0.0413438722
1.8358241894
0.6408952335
1.9781578647
0.5459069895
-0.0151032886
-0.3411651880
0.6541224326
1.6226928219
-0.9916639904
-0.3950306502
-0.2494059698
0.7136209574
-0.1198817287
0.0373404960
0.6777714760
0.9430505656
-0.0973513021
-0.0932502108
0.1301051756
-1.7373938774
0.3017247942
1.3370932209
0.7696642798
-0.5688948860
0.3220840436
-0.2657876359
-0.5310363803
0.9497512269
-0.9229558612
-0.5674696709
-0.1231499326
0.0975412904
0.1984890225
0.2480676380
0.0545490603
-1.1795997732
1.3301369192
0.2381789154
0.5210488645
0.7131968721
0.2409987227
0.6013374325
-0.2467645473
1.0919032683
0.5315600069
0.0229351583
-0.1017989657
0.8871478179
0.9665270902
-0.4815962197
-0.4813076325
0.5392811054
1.7596132932
0.3001143637
-0.9478666102
-0.2509369142
-0.0686850561
-0.9737333344
1.7147926880
-1.6991644799
0.7854328600
0.2372565574
-0.5223124837
-0.5470573050
2.8498478116
-0.3510848537
1.0662669681
-1.0134553196
-0.1582123277
0.1570104774
0.1633411318
-1.6290065030
-0.7036340496
1.9883760441
0.9898112285
1.4348361750
-0.3769706857
0.7297256293
0.0541064460
-1.6479369064
1.2027085981
0.0116355292
0.7582158062
0.2539408026
0.3472453170
-0.8559351430
-0.4405408612
0.9538453114
0.3886549743
-1.4235429686
0.1809417613
-0.9159284548
0.9172642412
-0.6407101474
-0.5361934722
-0.4203549951
-1.3361450651
0.0103513953
-0.3748641467
0.1928563777
-0.8296246717
-0.0055779501
-0.8628434422
-1.7559696922
-0.3328795053
-0.6265723177
-0.5866829811
0.0993658559
-1.4184093238
-0.4422864951
0.3236500553
0.6554160385
-0.3183665120
1.8699895186
-0.8697298290
2.0569624277
1.7624823565
-1.2636742494
-0.0183834332
0.5926244723
0.2227161183
0.8201598411
0.9790392214
-0.1339800867
-0.3704830566
0.9413901231
1.5579636855
-0.7032094614
0.1300006534
0.6474281308
1.4631539212
0.9835830784
0.1018788521
1.5392990963
-0.1443257521
2.3027095747
-1.9359277896
-0.8550728333
-0.2364245039
-1.4633016989
0.0426492265
-0.2816435154
0.1810251198
-0.2486201615
0.9128569652
0.0091680602
-0.1271765214
-0.4687410440
0.8535140309
1.1981152507
-0.8266953048
-0.3136824455
0.5909519111
