18 3 0.13
28 0 3 1 1 1 2 1 3 1 4 1 5 2 2 2 3 2 4 3 2 3 3 3 4 3 5 3 6 4 0 4 1 4 2 4 3 4 4 4 5 5 2 5 3 6 1 6 2 6 3 7 1 7 2 8 2
34 0 2 1 2 1 5 2 2 2 3 2 4 2 5 3 2 3 3 3 4 3 5 3 6 4 1 4 2 4 3 4 4 4 5 5 1 5 2 5 3 5 4 5 5 5 6 5 7 6 0 6 1 6 2 6 3 6 5 6 6 6 7 6 8 7 3 7 4
23 0 0 0 2 0 3 1 0 1 1 1 2 1 3 1 4 2 1 2 2 2 3 3 1 3 2 3 3 3 4 4 2 4 3 4 4 5 3 5 4 5 5 6 4 7 4
8 10
3 4
5 12
0 0 0 0 0 0 0 0 0 0 0 0 0 0 0 0 0 0
0 0 0 0 0 0 0 0 0 0 0 0 0 0 0 0 0 0
0 0 0 0 0 0 0 0 0 0 0 0 0 0 0 0 0 0
0 0 0 0 0 0 1 0 0 0 0 0 0 0 0 0 0 0
0 0 0 0 0 0 1 0 0 1 0 0 0 0 0 0 0 0
0 0 0 0 0 0 1 1 1 1 0 0 1 0 1 1 0 0
0 0 0 0 0 0 1 1 1 1 1 0 1 1 1 1 1 0
0 0 0 0 0 1 1 1 1 1 0 0 0 1 1 1 0 0
0 0 0 0 0 1 1 1 1 1 1 1 0 2 1 1 1 0
0 0 0 0 1 1 1 1 0 1 1 2 2 1 2 2 1 0
0 0 0 0 0 0 0 1 1 0 0 0 1 1 1 1 1 1
0 0 0 0 0 0 0 0 0 0 0 0 1 1 1 1 2 0
0 0 0 0 0 0 0 0 0 0 1 1 1 1 1 1 1 0
0 0 0 0 0 0 0 0 0 0 0 0 1 1 0 0 0 0
0 0 0 0 0 0 0 0 0 0 0 1 1 1 0 0 0 0
0 0 0 0 0 0 0 0 0 0 0 1 1 0 0 0 0 0
0 0 0 0 0 0 0 0 0 0 0 0 1 0 0 0 0 0
0 0 0 0 0 0 0 0 0 0 0 0 0 0 0 0 0 0
-0.1427966007
0.6547889693
1.6597238408
0.2744413190
0.7088094213
-0.9538774438
-1.1882999269
1.3661530516
0.1114107472
-0.3067705091
-0.2293737750
-2.2453916188
0.2947281277
-0.5060394087
-0.5216123060
-0.8027772186
0.2305331420
-1.1993304451
0.8194860067
0.0069937912
0.7183808594
-0.3082223067
0.8513284077
0.5104245884
1.0630147752
0.2562759840
2.6583052224
-1.3688704142
-1.7288803260
-0.4079809584
0.4342837537
-1.3293813978
0.3269154586
-0.9469095903
0.5058133702
-0.5613486902
0.4207808011
-1.0332637685
-1.2393130434
0.0349798091
1.4458498343
-0.6557349860
0.0856494157
0.1563099258
-1.1764950333
0.7943864039
0.4576257356
-0.6356794954
0.1042747891
0.5100176000
1.0687433569
-1.4973984550
-0.8494812511
-0.1516815167
-1.6621093411
0.9457528032
-0.4979011261
-2.1421134528
0.2703325987
-1.2132899138
0.5324167616
0.7645511620
0.5063175589
0.7680961538
2.3649919782
-1.9017741596
0.5029244968
-1.9675598529
0.5837174014
-0.3538088206
1.0413788100
2.3301109722
-0.7150322889
0.0799283006
0.3290505038
0.2169768535
-0.1280587384
1.5831657889
-0.8176612409
-1.4699000831
-0.6213164024
-0.6531075831
1.0464770880
0.8711927459
-0.3286374224
0.7614540550
-1.6968353068
-1.9465338885
0.8329062114
-0.7672498220
-0.0450163215
0.6185875863
-0.5861156347
-0.1139028635
0.0672539592
1.1092007652
0.9949785816
-1.3980562384
0.6075149885
0.2512590308
-1.9877922795
1.8050090683
-0.8547518538
-0.2168150186
1.8568868116
-1.8545079811
-0.1117255488
-0.6538802707
0.4942780783
-0.8792387975
-1.0230146999
1.1247324278
0.3629605283
2.1872690512
-1.1950607079
-0.1317338271
0.7529949359
0.7597575650
-1.5314981871
0.7005186066
1.5462980204
0.1459507015
-0.2345785017
-0.4526795407
-0.6460798940
-0.6682134286
0.7279269302
0.7808188198
0.4167728838
-1.0746400022
-1.3740400147
-0.4863302861
-1.4753968624
-1.2834597511
1.9088514282
-1.3158792000
-0.3114607743
-0.4635709349
-0.8625198263
0.0048615116
0.5232820784
0.2851038890
-2.2212342301
-0.8759401163
-1.2247276835
-0.4385274354
0.9860583980
0.8377010255
0.2518452145
0.7233628292
-1.8341315698
0.3711001642
-1.3717916262
0.4512043224
0.2485235686
0.6219551657
0.4023982388
-0.9009305610
0.1426876322
-2.6700774147
0.6177545003
0.4533758664
-0.3602433671
-0.2132691097
-0.2247996177
0.9595504015
0.4607015903
0.5034676324
0.4770350997
-1.8129133182
1.1899914974
-0.6570551674
0.8545577340
-0.8982090288
1.3139213494
-0.3474975986
0.5386958001
-2.4105326488
-0.4099055324
-0.9110425841
0.0174025824
0.8788322251
-1.0738558999
-0.5545056052
1.4484257380
0.3078771501
1.6638512567
0.5335194808
-0.3498575177
0.2145935725
1.0399717654
-0.0822364552
1.3108425596
1.1028028292
-0.3921641246
-0.1528264683
-0.6906867967
-0.3925278114
-0.2165473387
-0.4286354561
-0.5482763382
0.8759980979
0.2747814867
0.2512359357
-0.7973056448
-0.6650583359
0.7140668552
-0.2861421253
-1.5350471079
-2.0409693998
-0.0968416260
0.4466344830
1.0460815636
-0.1858127907
0.8171437010
1.4368390278
0.3872592728
0.2542462271
-1.0866926907
-2.5819987833
2.0896440580
-1.1409179591
0.3549723490
0.1284124322
0.3573858255
-1.1670230741
0.0931320291
-0.4724470038
-2.5112012342
-0.7172782447
0.1875955718
-0.7249273130
-1.1590210495
-0.7212174584
-0.5546834062
-0.8817029644
-0.1551969374
0.2286035701
-0.6917380504
-0.6461629723
0.0733813557
0.0637134654
1.1315237173
1.1338273728
0.5219876530
-0.0868314857
1.6287625092
-0.3697682002
-1.3763500707
1.1877183997
-0.1587398925
0.8319426926
-1.2833187645
-0.6518631112
-0.9325933579
0.3563288142
-0.2680269845
-1.2834701656
1.1237466555
-0.1491303560
-0.1019995573
0.6941876816
0.7769393066
0.1676617247
0.6171744201
1.9272777822
0.1889936066
-1.2762557576
0.9293739109
0.0354003119
-1.5192983938
0.0467580044
-0.5267017776
0.6903250204
-0.4777575819
0.4284887323
-1.2291002842
-0.0272658078
-1.0118208423
-0.0175321670
-0.0617543867
-1.5364941001
-0.1300422769
0.9296407112
0.2081489135
-0.5066655884
0.2286932539
0.8672709914
1.0991887807
0.8760040946
-1.3992940453
0.1481161110
0.4274083907
-1.5044718847
0.8087304477
-0.8168099665
0.2407457512
-0.3034841892
-0.2775437250
-1.2731678347
-2.2945081389
1.1990074659
0.6430341020
1.5065182253
0.3648936312
0.4997426130
-1.6807027838
-0.6884995465
0.8671153311
1.1748082259
0.0142105996
1.7242048298
1.0333874141
-0.0650979021
1.1629020689
1.5860984686
-0.8834743719
-0.4535602074
-0.1151576641
-1.0578151425
-0.0088058273
-0.4029044694
0.2138127631
-0.1474579685
-1.0514087873
0.1860339008
0.6461547373
0.2278739457
0.4039250623
-0.7817524569
-0.6732705342
-0.5882942439
-2.4787053221
0.8752501072
-0.3836916479
0.5730676874
0.8613505184
1.0751549383
2.8692063280
-0.3603055809
-0.9372817958
0.2656055014
-0.6972803401
0.7680929000
0.1681643975
-0.2806215208
-0.3984201987
0.6754858793
0.3027540008
0.0256681028
-1.9499975231
-0.2914077755
0.9357618937
-0.9790927580
-1.7928877231
0.1529494116
-1.5332840428
0.8971205725
0.1744210335
0.4324854814
0.3966107743
-0.1016004111
1.1711808771
0.7679156960
1.3795256637
1.2742702389
0.4155165693
0.1907134469
-2.3240379335
1.2860997134
-0.1315695158
-1.4602850588
1.5035625789
0.8059498809
1.3232397753
0.0409870741
0.6964184311
1.6978207134
0.2634364530
-1.2693371327
0.8340256864
-0.0799480444
0.6632907210
-0.8129607119
-0.0723046951
0.5876307078
-0.3889587460
0.2679652232
0.6213952843
1.2020428600
-0.5579615061
-0.1736038069
-0.4764902619
-0.1132800201
-2.1345015477
-0.1100980983
0.5706145126
-3.1117140871
0.5576628514
0.2295594294
0.0711366341
-0.4871224715
0.3676885361
0.8999110295
0.2491935023
0.8290348539
1.0150990066
1.8052689721
0.7988620008
-1.2705711225
1.1691945977
0.3782875686
1.4199663445
0.2755075405
-0.0237627543
0.2881152377
-0.1626453904
0.8993928957
1.3052931544
0.1057878300
1.5976671294
0.2449476485
-0.8256601179
-1.5226868348
2.5743814763
0.0990616294
-0.7531340002
0.6667064121
-1.7641440393
-0.6427385052
-0.2711993039
0.8678416396
-0.3829163125
0.9021649527
-0.6447440094
0.3528073803
-0.2649212638
-0.8964619289
-1.1171142268
-0.4641119390
-1.3132650714
0.2252699974
-0.1119803181
0.6594841599
-1.9473834148
0.2971149897
-1.7252524616
-0.3304893138
3.0706688113
0.2295659963
-0.4647252397
0.1620559680
-0.4413190571
-0.6658094988
-0.3213989224
-1.2443877569
-1.5851190479
-0.5542722391
-1.0061308934
-0.5818837471
0.1134348269
0.9116435433
1.5953448854
0.3418865829
-0.6613460279
-0.8698791286
-1.2383174101
0.3544778529
0.4277300327
-0.1543392299
-0.3716947543
0.0331438163
0.4467033711
1.5077942768
-1.1467840490
-1.0923389496
1.7904549446
1.2452271859
-0.1683274101
1.0624718641
1.9782420775
-0.1933210568
-0.4768776646
-0.5745640755
0.1186939730
-1.2152872189
1.6228054807
-0.9018573980
-0.2993467180
0.2171180017
-0.2089832949
-1.9074939496
0.7932511693
0.5054948928
0.3157634971
-1.9384855910
0.3071333934
0.3510040573
0.5697793525
-0.3651844377
-1.9916527758
-0.2531823622
0.2606001587
-1.8743095925
-1.1460726839
-0.4110184032
0.7362420230
-1.7324160673
0.6424658593
0.3274805290
1.7245939838
-1.0508148242
-0.2018414180
1.2461007998
1.2572011725
1.4487071602
-1.1945039170
0.6528339981
0.1592839680
0.5079320155
-0.9288747824
-0.4365607981
1.1606986667
0.0030757579
-1.7359125349
-0.5747241938
-1.7086332842
0.4861597287
1.0434318479
1.5629202211
1.0891235018
1.0066188676
0.0583106323
-0.2992450465
-1.2927850976
-0.8266024088
1.0176540363
0.1700754268
-0.0204341206
-1.2776862373
-0.1169213869
-1.3001393463
1.5171922564
-2.7039781225
0.5208799335
0.4576415348
-0.6179484532
0.8201139878
-1.8090154923
1.7411624477
-0.1926055439
-1.5708488624
1.6739006034
-1.3814032297
-0.1983525760
0.8634940970
-0.7774002154
0.6534710568
-0.4849379908
1.1019983419
-0.6901900831
-0.4845691765
-0.5583895084
-0.2114173064
0.0163498689
-0.7704392799
1.4622491566
-0.5759411606
-0.2681276041
0.2875716279
0.5657097365
0.4805303092
-1.1049982107
-0.9697623455
0.2522745217
1.7738407505
0.7144340815
1.3584721926
-0.5203721115
0.6738761077
0.5556792328
-0.5741670917
-0.8927385045
0.2086003447
0.0603188178
0.4405830686
-1.2871359349
-0.7015402928
0.4531538321
-1.6060793303
-0.1069042467
-1.2484177364
0.1685894428
1.4001758420
-0.7853152363
-0.3292400012
-0.9380604244
0.1864622922
-0.0069754634
-0.2774958625
0.6412938893
1.5367826238
-0.8681609725
1.4611434029
0.8082560411
-0.5569517771
-0.9496660535
-1.2299162817
-2.4631881797
-1.8020659774
0.3574302175
0.6051039344
0.3478253707
-0.5416628088
-0.0914003646
0.0436443085
-0.6094943319
0.7778705625
1.0693376537
-0.0416338858
1.2326971999
-0.5550284672
-1.7160311693
-0.0358014297
-0.4922424053
0.2462308022
1.8149553706
-0.0290309104
-0.3260018368
-0.0144528706
0.9788279626
-1.9169122337
2.2852112785
1.3678997894
-0.7815391259
-0.2823371351
-0.8481936305
-1.0378730677
-0.5349398590
0.8645454334
0.2325424263
-0.7022782506
0.2690385897
0.4104660936
-0.7580915121
1.1405902747
2.0719807404
0.5668332289
