10 3 0.01
10 0 0 1 0 1 1 1 3 2 1 2 2 2 3 2 4 3 3 4 3
10 0 4 1 4 1 5 2 4 3 0 3 1 3 2 3 3 3 4 4 3
10 0 0 0 1 1 0 1 1 1 2 1 3 2 0 2 1 2 2 3 2
0 5
2 0
1 3
0 0 0 0 0 1 0 0 0 0
0 0 0 1 1 1 1 0 1 0
0 0 0 1 2 1 2 1 1 1
0 0 0 1 2 2 0 0 1 0
0 0 0 0 1 1 0 0 1 0
1 1 1 1 1 0 0 0 0 0
0 0 0 1 0 0 0 0 0 0
0 0 0 0 0 0 0 0 0 0
0 0 0 0 0 0 0 0 0 0
0 0 0 0 0 0 0 0 0 0
-0.1482207822
-0.1659376128
0.7739431238
0.3799370562
0.7470262390
-0.8205757441
0.2133148720
-0.4239498892
0.1796598123
-1.8717388043
0.1650755423
0.4985510682
0.8457073577
0.0708070297
1.8758916156
-1.4459403721
-0.7512928409
-0.1491757621
-1.3390594638
0.8317768350
-0.2118253478
0.3738579344
0.6581633999
0.6430322225
-0.3526074641
0.2066634972
-1.3679469441
-0.5321448535
-0.4387658547
0.1439375374
0.2549892976
-2.5045872654
0.3163832497
1.8966039744
0.2281377110
1.1756315586
0.7463103832
1.0916080790
-0.3207776232
0.2752986449
-1.0708408575
-0.7473977344
1.0328034576
-0.2116059991
-0.9770543304
0.4829769569
1.1639458880
0.4420229635
-0.5864415951
1.9189044325
0.2699336549
0.2145142348
0.2702582266
1.2021035850
0.5777477587
1.0075791698
1.2261725972
0.4773158594
1.5205083810
-0.7301534346
-1.0856253617
-1.4956850044
1.0048595318
0.1729359170
0.2392016368
-1.9190875551
-0.3473177547
-1.3040295777
1.7555655430
-0.6440503087
0.8482786513
0.5507145742
0.6334756348
-0.0277812396
1.0330628846
0.7292058660
-0.3858818777
-0.2366828452
-0.8768393343
-0.7323880196
0.0817227923
-0.7706644755
0.4463619001
0.0637704287
0.7540107578
0.0679356985
1.1858364159
-0.6095378914
-0.2994894011
0.1430915919
0.3957441849
0.9826132782
0.9923828452
-0.3421557751
-1.1985258223
0.8701601126
-1.2544491816
-1.3064015888
0.3452313858
2.0771822255
-2.3535813215
0.2273612267
1.0619357556
-0.9635668957
-0.9068229905
1.8467156504
1.2362500615
0.4960599534
1.2622043495
0.6190719041
0.1069494615
1.1752712469
-1.4152462685
0.0301502187
-0.4071584054
-0.8149846905
0.8544511872
-1.3147289075
0.9371772179
0.2023262854
-0.1067315905
-1.7246279121
-1.0093377597
-0.2066173236
0.7154347296
0.0920216544
0.3293715936
-0.1591701071
1.3682302570
0.0367091265
1.4965174525
0.1658633837
0.5540241751
0.6679463091
0.7064588273
-0.9543533445
-1.3301439978
-0.7468163684
-0.7187477350
0.2783608186
0.8375354006
-0.1407625671
0.0283860643
0.4766603447
0.2251704075
1.0914585194
-1.1093070698
-1.4521728099
-0.1448295751
-0.8457615135
-1.0009903349
0.3947812654
-1.0351062719
1.3013665559
0.0575585871
1.1775103596
2.2788137805
0.0486765516
0.0995210820
1.2987287626
0.6540106417
-0.2492680453
-0.3041526130
-0.5754377222
-0.5574843017
0.4480605418
1.2423842890
-1.4320586720
-0.7678802836
1.8863701885
1.7038934449
3.2952864068
0.5647908313
2.0225232063
-0.0931422155
1.1926756384
0.1390737566
1.1012506014
2.2265704842
-0.7580295178
1.5908043285
1.1387729228
1.0336543333
-0.7187732904
0.6367861958
-1.0563368560
-1.0063733120
0.7757821562
-1.3568267533
1.2345833176
-1.9463377595
-0.6964772561
-1.5960258417
-1.0797609923
0.3855649126
-1.2987457153
1.2172974220
-0.0581430964
1.1596737442
-0.4445846014
