15 7 0.13
8 0 0 0 1 1 1 2 0 2 1 2 2 2 3 3 1
9 0 0 0 1 0 2 1 1 1 2 2 0 2 1 2 2 3 2
8 0 1 1 0 1 1 2 1 3 0 3 1 3 2 4 1
12 0 0 0 1 0 4 1 1 1 2 1 3 1 4 1 5 2 0 2 1 2 2 2 3
13 0 3 1 3 1 4 2 2 2 3 2 4 3 1 3 2 4 0 4 1 4 2 4 3 5 1
14 0 5 1 2 1 3 1 4 1 5 2 3 2 4 3 0 3 1 3 2 3 3 3 4 3 5 4 2
7 0 1 0 2 1 0 1 1 1 2 1 3 2 0
4 1
1 6
1 4
12 5
8 3
9 2
7 6
0 0 0 0 0 0 0 0 0 0 0 0 0 0 0
0 0 0 0 0 1 1 1 1 0 0 0 0 0 0
0 0 0 0 1 1 0 1 1 0 0 0 0 0 0
0 0 0 0 0 1 1 1 1 0 0 0 0 0 0
0 1 1 0 1 1 1 0 1 0 0 0 0 0 0
0 0 1 0 0 1 0 0 0 0 0 0 0 0 0
0 1 1 1 1 0 0 0 0 0 0 0 0 0 0
0 0 1 0 0 0 0 1 1 0 0 0 0 0 0
0 0 0 0 0 0 2 1 1 1 0 0 0 0 0
0 0 0 0 0 0 2 2 0 0 0 0 0 0 0
0 0 0 0 1 2 2 2 0 0 0 0 0 0 0
0 0 0 0 1 2 1 0 0 0 0 0 0 0 0
0 0 1 2 2 3 3 1 0 1 0 0 0 0 0
0 0 0 0 2 0 1 1 1 1 1 0 0 0 0
0 0 0 0 0 1 1 1 1 0 0 0 0 0 0
0.8357688528
-0.2578453122
-0.3589692779
0.7259070455
0.0877484805
1.3397461369
-0.0770972190
0.7388674302
0.5257761424
0.4469298071
-1.0139923276
-0.9502286548
-1.4678025600
-0.6113773284
0.4799887971
1.1429783172
0.9057500973
1.5147726351
-1.1460627221
0.9823554174
-0.0541698967
0.5173545551
-0.7809437447
-1.5239277515
-0.5849099995
-0.0694387733
-1.4259165329
2.3718230846
-0.3862154917
0.7081549142
-0.7963183215
-0.9427962884
1.4670627761
2.7932567190
-0.5169055038
-1.2171933621
0.8029255159
-0.5234472202
-0.0768414396
-0.2604081370
1.7925752296
0.8930557120
-0.0695685978
-2.2319749456
-0.5994548468
-0.9594391419
0.2481969003
0.6758697809
-1.4425244756
2.6743643220
-0.2236889249
-0.7496536730
-0.3566829189
0.6827164150
-0.3487709538
-0.8695472101
0.5403426501
0.3756819245
0.3479322951
0.3619634421
0.1028173953
-0.3719113816
0.8610239017
-0.0523389609
-1.5941592396
-0.4109122458
0.3259217159
0.2989115339
0.3616300237
-0.4052375851
-0.8554993562
0.5001605921
0.4915552306
0.0950106871
-1.5711554232
0.5700567239
1.4310007147
0.5091184665
0.1025251637
0.0115770229
-0.6372754050
0.7255203220
-1.1820260054
-1.0888443527
0.0169914331
-0.1466256442
-0.5350121401
-0.2895861657
-1.2152793625
0.6192903629
1.6733463814
-1.5952231598
-0.3263164450
0.7533206798
0.2396768145
0.5204816027
-0.4451297484
-2.1233774549
-0.4597955949
-0.7856150665
1.7724875657
-0.9458268448
0.8471288994
0.6329432530
0.9651716260
0.0235838708
-1.5693282177
0.2644367660
2.9110212112
0.9986785409
1.3714264287
-0.6208037146
-0.7347339582
0.4729913616
-0.7113706934
-1.3401870080
0.0110890864
-0.6545570547
0.3053670628
-0.6062064119
-1.2138888464
0.3498033220
-0.4754821729
-0.0091607345
-0.4882446369
-0.7687809873
0.2456077143
0.2097220399
0.5793344132
-0.7290501101
-0.1848974079
-1.5100408259
0.7063956053
-2.1784706955
-0.2895328902
-0.6001226014
1.0437965958
0.7939655507
-2.0621538712
-0.1886393888
-1.1696069139
0.6070736175
-1.2901586155
-1.4416321966
-0.2547851032
0.4119058574
1.6444322939
-1.5789897247
-0.4310987234
-0.4922788495
0.4463640613
-1.0244895704
0.9523114308
1.0273671499
-1.1223151951
0.0799191296
-0.2744572675
-0.1735239019
0.1084929725
-0.6890587834
-1.3087001087
-1.6486977165
1.1831782605
0.3247830923
-0.1338796773
-0.6405605039
0.1966261699
2.2226114013
0.2589220673
-0.4584441176
-1.6164030343
-1.6385084798
0.8190854757
-1.1857165870
-0.6010097792
-0.2800284179
-1.3721041043
-0.2253869830
-0.8391707227
-0.5933703076
0.0850517816
-0.8593693954
-0.3871089874
1.7432911739
0.1660711386
-0.2117665087
1.3979574800
-0.4766956229
-0.1692333724
1.8616464248
0.7753960335
0.6249840752
1.4454496146
-1.5800406569
0.3113829859
0.8119181092
-0.5500846551
-0.8646212017
2.1523438102
-2.2564025544
-0.4369277868
0.8472842949
0.3846289554
0.3058577496
2.1552148475
-0.9906832928
-0.0369252174
-0.8479059854
1.2030238676
0.3809105794
-1.7867816110
-0.2235746970
0.0793082900
0.1022803945
0.6214469872
0.0876761801
-1.6047192184
-0.4738179061
1.6075226152
-1.0745360117
-0.5651780493
-0.8236831827
0.1004447849
0.7935577224
-0.0870151857
0.4633232322
-1.4440465708
-0.1515853077
0.9170418080
0.1555008467
-1.0511932186
-0.5760497013
-1.1581086522
1.9281174206
1.6084260338
-1.2775985795
0.6992890456
-0.3103310106
1.8682597183
1.3231478316
0.1654311057
-0.6751673035
-0.4192306686
-0.6319084852
0.9156674896
-0.3423862481
0.7724400596
-0.6004788805
-1.3560312905
1.2556666819
-1.2949598462
0.1231677005
-0.2798119989
-0.9651018370
-2.1158382047
-0.0530020362
0.5641383241
-0.7868545848
-1.1031413425
0.9048357591
1.0098172308
0.4533992815
0.5269342867
-2.4278277424
0.2665349766
-0.5917844274
0.0911305732
-1.7458862082
-1.1462824222
1.2819231932
2.2844446263
0.6459390842
-1.4859937191
0.4727468740
-0.9949296372
0.5157220785
-0.9712761202
-0.2060734162
-2.4538803524
-0.0178718673
-1.5486286980
-0.8996855224
2.0279703314
-0.3574519331
-0.2057171517
-0.4193398044
-1.0097537456
0.1623606964
0.2883302322
-1.1541581347
-0.2828066386
0.9287812767
0.4057125798
-0.3984804098
0.4020984247
0.6074559717
1.1039378678
0.0392950416
1.3691309157
-0.2061593999
-0.5716300001
-0.4874608432
-0.3327744180
-1.4141674883
-2.0046877018
0.1119851134
0.1644129744
-0.3717345773
0.2986218139
-0.2902357797
-0.4988851122
0.3831961496
-0.7317574029
-0.1505711010
-0.3360580952
1.0127330036
2.4761919043
-1.6205022632
0.0141749280
1.6936642956
1.7549269268
-0.5336550978
-1.6431835480
0.3566882110
-1.8875345608
2.2179280631
-0.4158906975
0.0984828706
0.9384126397
0.3931171098
1.3129355391
-0.7432781423
1.1830728526
-0.0096108385
-0.8207461727
1.0001399660
-0.4838919175
1.0512987390
-1.0870578175
0.0844791816
-0.9496659069
0.2572742498
0.3856474186
-0.0853398816
1.7331920289
0.3660305146
-0.8396189878
0.8564507973
-0.3236904205
-0.7384940205
0.0930668438
1.0722408755
0.8354374224
-0.6202704933
0.7404628757
-1.5128318342
-0.1195982477
2.0031322119
0.2614681401
0.2057766538
-0.0569322327
-1.3734400890
-0.2251364306
0.3079829871
-0.6090139858
0.2539934649
1.5902755119
-0.8385893275
-2.6595727892
-1.7141848657
1.6690976272
-1.1885815501
0.2898345158
-1.1939785278
0.3998404175
0.8907737271
0.3769997948
-0.6713089397
-0.4089312770
0.8684193438
1.5657032222
-0.8790176725
-1.3093072887
-1.0642148200
1.3103398128
0.0717893356
-0.1497779204
-0.4043495981
-1.2345001870
-0.5951941784
-0.6941746216
-0.2968871197
-0.0170448562
0.3873963676
-0.3679440900
-0.1344560469
0.1206052705
-0.5651969733
-0.5932197604
-0.1807059670
-0.1466393351
-1.0963947220
-0.0974607569
1.2564726402
-0.6447445439
0.2192743571
3.1153194001
-0.7097157365
0.2538189432
0.0914850689
-0.5274647605
0.2638752497
0.7194068734
-0.5050276024
-0.1109602704
-0.2515044160
-0.3921314683
-0.3411288723
0.7423853467
0.7371696004
-1.1040782238
-1.2323825207
-0.2168264230
-0.5351742882
0.6207567186
1.3127083135
-0.8832363574
1.1256942319
-2.8031391387
0.9479058692
1.1798933606
-0.8161875385
-0.2231176277
-0.0748719856
0.2443037257
-0.2463444126
0.2245233896
0.2539870925
0.7415320937
0.8648129746
0.7899014421
-0.8011230556
-1.3040348981
0.4873914914
0.4475501955
-0.8450485662
0.6905160337
-0.4265524644
0.5665825635
0.2587093057
