10 3 0.09
21 0 4 0 5 1 4 1 5 1 6 2 3 2 4 2 5 3 0 3 1 3 2 3 3 3 5 4 1 4 2 4 3 5 0 5 1 5 2 5 3 5 4
20 0 0 1 0 1 1 2 0 2 1 2 2 2 3 2 4 2 5 3 0 3 1 3 3 3 4 4 1 4 2 4 3 5 1 5 2 5 3 6 3
21 0 1 0 3 1 0 1 1 1 3 1 4 2 0 2 1 2 2 2 3 2 4 2 5 3 1 3 2 4 0 4 1 4 2 4 3 5 1 5 2 6 2
3 0
2 1
2 2
0 0 0 0 0 0 0 0 0 0
0 0 0 0 0 0 0 0 0 0
0 1 0 1 0 1 0 0 0 0
0 1 2 1 1 2 1 0 0 0
0 1 2 2 3 3 3 1 0 0
0 1 1 2 3 2 0 0 0 0
1 1 3 3 2 2 0 0 0 0
0 1 2 3 2 0 0 0 0 0
1 1 1 1 3 0 0 0 0 0
0 0 0 0 0 0 0 0 0 0
-1.2311813149
1.4701396281
0.2064934887
-0.3108916703
-0.5685224453
0.1940905813
-1.1981234497
1.4877359263
-1.1073479625
-0.6553035064
-0.6643427615
-0.1596059408
0.7028849521
-0.6774868652
-0.6344276288
-0.6783791723
1.0136081378
-1.1998590274
-0.6693897643
0.2296303073
0.0091375142
-0.8287029751
1.4054550394
1.0536401869
0.0321581203
-0.2110586106
-0.4808557477
-0.0214290899
0.5163119256
-1.4136293209
0.1940332944
0.6687197481
0.5841014924
-0.5966531030
-0.7370991395
1.7966994865
-2.4025163379
-0.8487441190
-0.3000287352
-0.4210393107
-0.8975839547
1.5784302310
0.6284991128
0.0486107615
-0.7245016085
-0.3849217704
0.5846990114
-0.2161312440
-0.9013776727
-0.2041868859
-0.5630078299
0.0004683752
1.4689173440
-0.5455593459
0.7174388602
1.8584099368
-0.1152714862
-0.8857524409
-1.5489469525
0.9614602436
0.1102981671
-0.3934760965
0.1754899909
1.4361117713
-1.7761822066
1.2047998405
-0.2310711280
-0.0605721188
-0.4953934989
-1.4608004178
1.2132880921
0.0501027144
2.4830752198
-0.5258463261
-0.8390963405
-1.2731267960
0.2099021360
0.3503406899
0.7797496198
0.0560770395
-0.9099956409
0.2339905124
-1.3362819108
-0.6428336850
0.4666676951
-0.7821764516
-0.9307137538
1.3069130931
0.2594535441
-0.3934985334
0.6640960050
0.2118578407
-0.8455017634
-0.0439671156
-1.0081267494
-0.8614106080
1.1072377042
0.7056097050
-0.1378574809
-0.1034899302
0.4235029390
1.3615039036
-0.0091772922
-0.8689443947
-0.4340992242
0.1782041256
-1.0184711591
0.0392946984
-0.7080400052
0.7198268094
-1.2010325240
0.0292011117
1.2774408372
-1.8622147171
0.0980688704
1.2546152492
0.8220312935
-1.5814554812
1.7148173799
-1.2249687004
0.4449923357
1.0137953096
1.0111424817
-1.4236719608
-1.6160844431
-0.0723870648
-0.2635062852
0.1875032950
-0.6492829358
-0.3968537724
0.6665166033
-0.9009462991
-0.9690446286
-0.4538329914
0.9191892985
-0.7012592000
0.8346523654
0.9333390330
1.1870156631
0.7133954841
-0.3982849308
0.8412937691
-1.1272048336
0.6357855745
-1.9515511601
1.3125747754
-0.4477103829
0.3976316508
-0.0108002005
-0.2132338544
-0.4618651144
0.6112707344
0.1596603478
-0.0361875145
0.2742613726
1.0538416546
-0.7699797224
0.9901576904
-0.9931510962
-0.2592737567
0.9100222606
1.3363961810
-0.5380698066
-0.9862906651
-1.2547945811
0.6060253937
0.9253790173
-0.6313943704
-0.0302162548
0.0194218380
0.5835981335
-0.2894231200
0.5724515710
-0.5119130102
-0.1159999625
1.0848533751
0.1804741480
0.3571464735
-2.7775493625
-1.2794290804
0.4604462075
1.1684556588
-1.2632134084
1.2105452205
0.3939525489
-0.5510557034
0.1294863853
-0.2329637181
-0.2861558687
-0.0796985749
-0.1512101870
0.3683992780
0.7820181762
0.8822024295
-0.4909081552
0.2467893900
-0.7376654522
-0.5399840736
0.2586457194
0.7914396112
