16 3 0.04
38 0 3 0 4 0 8 1 3 1 4 1 8 1 9 2 3 2 4 2 5 2 6 2 7 2 8 3 0 3 1 3 2 3 3 3 4 3 5 3 6 3 7 3 8 3 9 4 2 4 4 4 5 4 6 4 9 5 4 5 5 5 6 5 7 6 2 6 3 6 4 6 5 7 4 7 5
46 0 5 1 5 2 5 2 6 3 1 3 4 3 5 3 6 4 1 4 2 4 3 4 4 4 5 5 1 5 2 5 4 5 5 5 6 6 0 6 1 6 2 6 3 6 4 6 5 6 6 6 7 7 1 7 2 7 3 7 4 7 6 8 2 8 3 8 4 8 5 9 2 9 3 9 4 9 5 9 6 9 7 10 2 10 3 10 4 10 5 10 6
38 0 1 0 2 0 3 1 1 1 3 1 4 1 5 1 8 2 0 2 1 2 2 2 3 2 4 2 5 2 7 2 8 2 9 3 1 3 3 3 5 3 6 3 7 3 8 4 2 4 3 4 4 4 5 4 6 4 8 5 3 5 4 5 5 5 6 6 2 6 3 6 6 7 2 7 3
2 6
1 3
2 5
0 0 0 0 0 0 0 0 0 0 0 0 0 0 0 0
0 0 0 0 0 0 0 0 1 0 0 0 0 0 0 0
0 0 0 0 0 0 1 1 2 1 1 0 0 0 1 0
0 0 0 0 0 0 1 0 2 3 2 0 0 1 1 1
0 0 0 0 1 1 1 2 2 3 2 1 2 2 2 0
0 0 0 0 1 1 3 2 3 1 2 2 2 2 1 1
0 0 0 0 1 1 0 2 3 2 2 2 1 1 0 1
0 0 0 1 1 1 1 1 2 2 3 2 1 1 0 0
0 0 0 0 1 1 1 2 2 2 1 2 0 0 0 0
0 0 0 0 0 1 1 2 2 0 1 1 0 0 0 0
0 0 0 0 0 1 1 1 1 1 1 0 0 0 0 0
0 0 0 0 0 1 1 1 1 1 0 0 0 0 0 0
0 0 0 0 0 0 0 0 0 0 0 0 0 0 0 0
0 0 0 0 0 0 0 0 0 0 0 0 0 0 0 0
0 0 0 0 0 0 0 0 0 0 0 0 0 0 0 0
0 0 0 0 0 0 0 0 0 0 0 0 0 0 0 0
-0.3873593446
-0.5450453196
1.3651831047
-0.2130193684
2.0164669218
-0.6935963159
-0.7066078534
-1.7102158764
-0.1542511256
0.0934090635
1.6784536216
0.7918551289
-1.0194373060
-0.4762056525
-1.3956649792
0.0896296740
0.7186644547
0.2789578394
1.6828883508
0.9076299578
-0.6675971485
-0.2017545430
0.1453145361
-0.4314177039
0.1945123699
-0.9155689203
0.2344558250
1.2831007251
-0.7622408276
-0.1514515770
-1.2447996172
0.2902836860
-0.1227757951
1.5678613691
0.7242351995
-0.5454830851
1.1932828156
1.7671508987
0.0739695207
-0.4157330055
-0.6593321594
0.6148212001
1.2370526345
-0.3037144925
-2.0683557911
-2.0570424610
0.7916201921
1.3305358134
0.0555522717
2.0159452612
0.7122483680
-1.0444585976
1.6177714444
-0.9821768680
-0.2993410817
0.0945468464
0.2979853876
-0.4205380662
2.1527259630
0.5198993584
0.0604752896
-1.1239216298
1.3254948475
-0.4888640963
0.7292004888
-0.9960935553
1.0535596900
-0.5329884165
-1.0954596018
-1.1284775708
-0.4286004663
-3.5477260255
0.9513411125
-2.1798959030
-0.4323135014
1.7821800130
-1.6237572280
-1.4522742121
-0.6339545090
-2.3878090275
0.7252970519
0.4022138832
1.0970056533
0.5355998180
0.8965524607
0.4828785276
1.4656334998
1.4606520215
-1.5922760279
-0.0167446011
-0.5499909490
-0.2849210468
0.0872578231
-0.6201290766
0.2943523772
0.8329699675
0.1372616718
-1.1107589181
-0.8564009048
0.2316652644
1.4623441559
-1.1611605553
-0.4671669624
-0.8274962809
-0.0721108741
1.1240688081
-2.2765094562
-0.5808431342
-1.1028818290
1.4689203447
-3.0000885208
-1.1837450758
-0.5341521599
-0.1580486537
0.0344415089
1.0041339846
-0.3633971140
0.5827708563
0.8038137319
-0.2743876024
-0.6310986701
-1.7523906863
0.9536916815
1.8717288664
0.2306197715
-0.5980389254
-1.7732769036
-1.1473725224
-1.4647894075
0.0675538352
0.5657048454
1.2042824227
0.4460283406
-1.0061873976
0.0359595280
-1.1282500587
0.3902841259
-0.1493498966
-0.7997981223
-0.7531392356
0.9442589361
-0.2374739474
0.9161932538
0.5224651213
-0.4697728875
1.5871844670
0.5470296920
-2.1114764646
0.4654281169
1.0466710904
-0.7011059836
0.3109118380
-0.6333441747
-1.7840090851
-0.6031535526
-0.5708996490
-0.1112210959
-0.9682479194
0.0565532946
-0.3770110506
-0.4574682836
-0.4444858235
1.0135908728
0.4558564165
0.7498619789
0.3409779479
-2.0822906304
-0.4797955483
0.4481648345
-0.5034415043
-0.3888435919
1.4720185671
-0.0208046833
0.6592261714
-0.8729144166
0.4198222576
-0.3877877111
0.0621747312
0.9945970459
-0.6209151930
0.9356213201
-0.8490867691
-0.3160141817
2.6829861595
-2.3134381670
-0.5252033068
1.1515391503
-1.6858805399
0.2402718938
0.0990906422
-1.1004353221
1.5613319913
-2.1638441282
-0.9247704187
-1.1782084915
-0.5774536639
-0.4549117774
-0.9797977920
0.4499795694
0.3276273731
0.1506611905
1.3279778207
0.4087682053
-1.5664132265
-0.0674027483
-0.9127711117
0.0356829329
-0.1071922270
1.0050862723
0.0582168035
0.6780928016
1.8127660630
-0.1573503729
1.5911081277
-0.0922242405
1.2282630544
-0.9245716610
0.0943265617
0.6384504206
-0.4947352830
0.5078681170
-0.4225181296
-0.5420407982
0.1418176682
-2.6161263110
-1.7289700270
0.6295612184
-0.9390495429
0.8863008150
0.1150273188
-0.3308851146
0.0582115147
1.6680681799
1.0198606317
0.7645877215
0.2895454677
-0.5121386505
-1.2656270794
-2.1488879958
-0.9930491848
0.7585534089
-1.4523806951
-1.4723023678
0.0103286334
0.7336066451
1.0820571095
0.1385568804
-1.4703624817
-0.1745045290
-1.0823124057
-1.8589471272
1.3349347154
0.0944346979
-0.2814902377
0.6567056937
-0.4769286789
-1.2687977186
0.8965895366
-0.9415764904
-0.9564866010
-1.6918490103
0.9844251152
2.8982087086
2.2922773506
0.7798524867
0.1911212441
-0.3003508201
0.3465859245
-1.0636074650
-0.8006313609
-0.9373719380
-0.4161281892
1.8018172814
-0.8386736272
0.6622180041
-0.0121905836
-0.6283055214
-0.1738930920
1.7916803296
-0.2349414252
1.2096159602
-0.9789781391
0.0589199070
-0.3139484499
-2.1487038492
0.7538372509
0.0380682797
-1.4669607371
-0.8165678600
1.7863479129
0.7602489189
-0.0183467863
-0.4681401054
-1.1063793724
-0.6953209773
-0.0973114243
-0.2046173704
-0.3968220505
0.0337322675
-0.9632467189
0.4443081937
-0.3047098264
-0.7564286701
-0.0554754645
0.9813100960
0.7553806531
0.3935479232
1.7090799483
-0.1469268178
0.9439643581
-0.8501358985
-0.8738139623
0.3591439590
0.8388483245
-0.1736834979
-0.7307218183
-0.2226489731
0.1100282442
-1.5727127090
0.7101844513
1.5693363883
-0.7543835285
0.4645098816
-0.5345006970
-1.0998646799
-1.9024075504
-1.2169137504
-1.7535500489
0.7795068628
0.6016325496
-1.6663630947
-0.7044297766
0.6493204296
-1.4421479482
0.1660649255
2.6989159279
-0.6469596546
-0.7959501167
-0.3441530679
0.4389228954
0.2207966343
-0.2623681132
-0.3946723146
-0.5775081657
0.5306400399
-1.5554763519
0.2251072345
0.1807748752
0.1080323108
-1.2390170290
-0.2364173718
-0.0786309942
-0.6490477106
-0.7540005773
-0.8587497953
-0.9921353574
0.5331883505
-0.6273704463
0.2915797418
2.3189101493
-0.3316741207
-2.0246961055
1.9605460742
-0.2379370923
1.9882302393
-0.5038087394
-0.0496429058
-0.2940317971
-0.6666151978
0.4124244223
1.3252432717
-0.1533150547
0.9451476971
-0.0496998565
-0.1869519397
1.5958406152
-1.6743355995
-0.4903517487
-0.3191692326
0.9172947822
0.2937789930
0.5153093507
-2.1364393688
-1.5306511433
0.9272457729
-0.1279437833
1.2953935064
0.5988865486
1.1519260096
1.3363483959
-0.5500691782
0.9518187289
0.0499410580
0.0427585534
-0.3543313679
-1.3990603559
-0.2909152260
0.1614990630
2.0288339587
-1.0762761701
-0.3995885048
-1.1068346134
2.0518452345
0.1809579883
-0.3768935681
-1.1480944441
0.7316485966
-0.3814733733
1.4766558833
-1.5017922365
0.6817459760
-0.1033875268
0.7604084636
0.7773386200
0.5098813946
0.4842064206
-0.2361042158
-1.0415492563
-0.3145708950
0.5621085366
-1.8997963144
-0.5937413323
0.4740063176
0.6222492266
0.2663096902
0.3885718851
1.2342788389
-1.1671979194
0.8727496448
0.3408557620
0.1305319254
0.3468966250
-0.3586284875
-0.1596108107
-1.2674009957
0.6272958770
-0.4729670264
2.0402863191
0.4518540538
-0.9621487224
0.8404382893
1.9915470537
1.8438862225
-0.2671885852
0.8653883193
-2.1725416197
1.0472330614
-1.0118681118
-0.6670905269
0.3911411890
1.0763473316
-1.3963701574
-0.3411198580
1.8696570086
-0.3447932185
-1.3995006035
0.7798285033
0.6201144465
0.0986583953
-1.4118349899
-0.4783261123
-0.0903549867
1.2178065049
-2.3706929325
-0.6058139216
1.2423836950
-0.2940486035
0.6031825663
-1.2081447291
1.3500106301
1.0257833997
1.2604344165
0.8941623062
-1.4308974825
-1.1870916017
0.1017048265
0.1089124500
-1.8584468618
0.4731068881
0.3225616175
-1.3880384941
-0.2976987232
-0.9369427940
1.8326415113
-0.1555484987
-1.9831012545
0.2384664707
0.0682740648
0.6540381424
-0.3417726858
0.2183629606
0.3964878234
-0.9041447136
-0.4723352313
-0.0729753332
-0.5170750920
0.3489964753
-0.0975454119
-0.4961865949
1.9914064282
-0.4702896956
-0.5948135213
0.2577387960
-0.2423492774
-0.7328802858
0.6831775084
0.3345714140
1.2824668809
1.1034937801
-1.4574352242
-0.5730565410
-0.0734074840
