12 4 0.11
18 0 1 0 2 1 1 1 2 2 0 2 1 2 2 2 3 3 0 3 1 3 2 3 3 4 0 4 1 4 2 5 0 5 1 6 0
19 0 1 1 1 2 0 2 1 2 2 2 3 3 1 3 2 3 3 4 1 4 2 4 3 5 2 5 3 6 2 6 3 7 2 7 3 8 2
19 0 5 1 2 1 4 1 5 1 6 1 7 2 0 2 1 2 2 2 3 2 4 2 5 3 3 3 4 3 5 4 4 4 5 5 4 6 4
19 0 3 1 1 1 2 1 3 2 1 2 2 3 1 3 2 4 0 4 1 4 2 4 3 5 2 5 3 5 4 6 1 6 2 6 3 6 4
0 1
3 2
1 3
5 2
0 0 1 1 0 0 0 0 0 0 0 0
0 0 1 1 0 0 0 0 1 0 0 0
0 1 1 1 1 1 0 1 1 1 1 0
0 1 1 3 2 1 1 1 1 0 0 0
0 1 1 2 0 0 1 1 1 0 0 0
0 1 2 1 1 2 0 1 1 0 0 0
0 1 0 2 2 2 0 1 0 0 0 0
0 0 0 2 2 1 0 1 0 0 0 0
0 0 0 1 2 1 0 0 0 0 0 0
0 0 1 1 2 2 0 0 0 0 0 0
0 0 0 0 2 2 1 0 0 0 0 0
0 0 0 1 2 1 1 0 0 0 0 0
0.4871567266
-0.7492828445
0.7330246853
0.3091523885
1.1835487380
0.6260777924
-1.1948252508
1.1255457940
1.5783001801
-0.7767409644
0.8322506241
-0.4090516605
-0.2731482151
-1.1246723754
1.3904794406
0.0036290766
0.3696403931
1.8351743769
0.5734566152
-0.4259548227
-0.1444459016
-1.1367391404
1.1747469677
-0.5892457617
0.6290899843
0.2988312882
-0.5087353675
1.4348229767
-0.8093649744
-0.6671828248
1.5359239746
1.8189792672
0.3924144333
1.3509707240
0.4542502156
2.1919321294
-1.7825889626
1.6061757028
0.4572841936
0.3647635956
0.1036154775
-0.3308439431
0.6002368030
-0.9867899053
0.0484992234
-0.6120083162
-0.5459921517
-1.2963111915
1.1146212098
-2.0161307056
0.5955262270
0.5698481556
1.6317901181
0.3336019542
0.0168456258
0.3552865053
0.3648243017
0.9823455401
-0.2922899011
-0.0220813787
0.0774578016
-0.6610467398
0.3637322936
0.2401713905
0.2006189111
0.1756624396
-0.3165661532
0.5004759628
-0.3350747863
-0.3522854703
1.6241044669
2.0611409516
-0.2949240661
0.8220127133
-0.2344487958
0.7067803710
-0.2467981753
2.2265407708
-1.9119054075
0.2370203123
0.3905531413
0.4712361816
-0.7063369064
0.5057404779
-0.5307461616
-1.9482931862
1.8371466910
0.4283239888
-0.3502301469
-0.9074895116
-1.4726288274
1.9419925513
0.5271117049
0.1167775442
0.8076607914
0.3499666184
0.9616469543
1.0885603559
0.6690893723
0.2160604055
0.6229554729
0.1687600375
0.0697970217
0.0315685075
-0.1612182739
1.1144324716
1.2812272689
0.7494597312
0.8111426517
1.0610783182
0.8436698967
-0.7421670574
0.4316327919
0.7497970827
1.2765276830
1.2203786441
1.3228560912
1.6243467287
-0.0379961372
0.7317222974
0.6885169101
-0.0540685700
-1.5629786208
-1.8016132590
0.7925577763
-0.6810801815
-0.4760947857
0.5154039820
-0.3004393791
-1.2098970695
-0.2066767460
0.0901439079
1.0219898897
1.2739363488
-0.1673271376
1.3568296948
-1.8804361086
0.9634374691
-1.6386617999
0.8234646411
0.5238000434
-1.2279079553
-1.9638834438
-1.3099447701
1.6726944150
-0.3651454574
0.5107306890
-1.0403630871
-0.4385540066
2.4322579103
-0.3124807432
0.5716430643
1.4013314808
2.5680099317
-1.1899867772
-1.5971806499
-1.0624913959
-0.0136605991
1.5203644706
-0.1648701346
0.7662463266
-0.3900459696
1.1889384734
0.7120380676
0.2317684899
-0.2914869780
1.1111041117
-1.1619293298
-0.4406586667
0.6141156251
-0.7293467888
-0.1703712065
0.8675294699
-0.3409964746
-0.1118788918
-2.0394814906
1.1101833439
1.0364306995
0.2380613381
0.5393097103
-1.7416485036
-0.3922560748
-0.3635821321
-2.2754241579
-0.2133564326
0.3382148197
-0.8488442582
-0.9099528607
0.8217416972
0.1492055863
0.6697736886
-0.7675241492
0.6411142923
-0.2631244105
0.5685927624
0.0213253218
-0.9383268670
0.1024850042
-1.1134173092
-0.4607307227
0.4372710150
0.6219130360
1.1555181213
-1.0226109327
1.6707029746
1.1337637532
1.9644939922
0.1792575931
0.7671277186
0.6130793232
-0.7909806560
-0.4105185072
1.7933463314
0.6221244935
-2.5410412472
-0.2071780812
1.5260566500
-0.4345521768
-0.9911852177
-0.2324861188
-1.0079739397
-0.4652374437
-0.0797671230
0.2878084102
-0.7880141429
0.5291728882
-0.0170092026
-0.3059917083
0.4526531968
0.4226385252
1.4410549210
-0.0848168607
0.0157525433
0.0087852608
0.5313314081
0.4783296380
0.4107586870
2.0294666272
-0.4688270487
1.3161111755
0.1796566790
0.0470146484
1.0082962794
0.8215618397
-1.7737849830
-0.0957270066
1.0106494606
0.8378605898
-2.0988323094
0.6892231953
0.5428304485
-1.4151880924
-0.5354894779
-0.1924738435
0.8454636723
-0.0758098857
0.5215809656
-0.5402825360
-1.3774124900
0.8365065977
-1.7851560363
0.7265578297
0.5786104754
1.7537336819
-0.8978877762
1.3625367709
-2.2121248125
-3.0894152746
-0.4233922940
-1.2998257689
-0.8644001241
0.6427479789
0.0486658725
0.7473119926
-0.1022479997
-0.2235573132
-0.5606531163
-0.2130113672
1.2410773388
1.8088698057
-1.9803306870
-0.0570179907
0.7539618882
-0.2332847253
-0.6996387291
1.0560558750
0.9487529827
-0.3366302755
