20 2 0.18
26 0 3 1 0 1 3 2 0 2 1 2 2 2 3 3 0 3 1 3 2 3 4 4 0 4 1 4 2 4 3 4 4 4 6 5 0 5 2 5 3 5 4 5 5 5 6 6 1 6 2 6 3
111 0 5 0 9 0 10 1 5 1 8 1 9 1 10 1 11 2 4 2 5 2 6 2 7 2 9 2 10 2 11 2 12 3 3 3 4 3 5 3 6 3 7 3 8 3 9 3 10 3 12 3 13 4 2 4 3 4 4 4 5 4 6 4 8 4 10 4 11 4 12 4 13 4 14 4 15 5 3 5 5 5 6 5 7 5 8 5 9 5 10 5 11 5 12 5 13 6 0 6 1 6 2 6 3 6 4 6 5 6 6 6 7 6 8 6 9 6 10 6 11 6 12 6 13 7 0 7 1 7 2 7 3 7 4 7 5 7 6 7 7 7 8 7 9 7 10 7 11 7 12 7 13 8 1 8 2 8 3 8 4 8 5 8 6 8 8 8 9 8 10 8 11 9 1 9 2 9 3 9 4 9 5 9 6 9 7 9 8 9 10 9 11 9 12 10 2 10 3 10 4 10 5 10 6 10 7 10 8 10 10 11 3 11 4 11 6 11 8 12 4 12 5
10 5
3 1
0 0 0 0 0 0 0 0 0 0 0 0 0 0 0 0 0 0 0 0
0 0 0 0 0 0 0 0 0 0 0 0 0 0 0 0 0 0 0 0
0 0 0 0 0 0 0 0 0 0 0 0 0 0 0 0 0 0 0 0
0 0 0 0 0 0 1 0 0 0 1 1 0 0 0 0 0 0 0 0
0 0 0 0 0 0 1 0 0 1 1 1 1 0 0 0 0 0 0 0
0 0 0 0 0 1 1 1 1 0 1 1 1 1 0 0 0 0 0 0
0 0 0 0 1 1 1 1 1 1 1 1 0 1 1 0 0 0 0 0
0 0 0 1 1 1 1 1 0 1 0 1 1 1 1 1 1 0 0 0
0 0 0 0 1 0 1 1 1 1 1 1 1 1 1 0 0 0 0 0
0 1 1 1 1 1 1 1 1 1 1 1 1 1 1 0 0 0 0 0
0 1 1 1 1 1 1 1 2 1 1 1 1 1 1 0 0 0 0 0
0 0 1 1 1 2 1 1 1 1 1 1 1 0 0 0 0 0 0 0
0 0 1 1 1 2 2 2 2 1 0 1 1 1 0 0 0 0 0 0
0 0 0 1 1 2 2 2 1 2 0 1 0 0 0 0 0 0 0 0
0 0 0 0 1 2 1 2 1 2 0 1 0 0 0 0 0 0 0 0
0 0 0 0 0 2 1 1 1 1 1 1 0 0 0 0 0 0 0 0
0 0 0 0 0 0 1 1 1 0 0 0 0 0 0 0 0 0 0 0
0 0 0 0 0 0 0 0 0 0 0 0 0 0 0 0 0 0 0 0
0 0 0 0 0 0 0 0 0 0 0 0 0 0 0 0 0 0 0 0
0 0 0 0 0 0 0 0 0 0 0 0 0 0 0 0 0 0 0 0
-0.6437211240
0.2510621716
0.7092004682
-0.8765489292
-0.9526137379
0.9998218826
0.1535536180
1.0537483754
-0.3054836787
0.6631083820
-0.6636488288
-1.7002191563
-1.0476219998
0.5980573720
-2.8530904934
-0.8514340601
0.2124082013
-0.9382569413
0.7437216796
0.6808122037
0.2764191989
0.6229123519
0.7117365061
-0.4014944859
1.7468060057
-1.1217798575
-0.2252873094
0.0601110036
-0.8262790461
0.4966906817
0.5740388668
0.0838049637
0.2037618182
0.0541129313
-0.6073533879
0.3059110990
-1.4086422923
-1.8835479465
-1.0993482087
-0.4589911469
-0.6613499466
0.7780405530
1.4766739788
1.1032451982
0.0099864870
0.9573272754
-0.5892419012
1.0557006712
-0.4037007064
-0.8389144218
0.5764117984
-0.8299869639
-0.3167801644
-0.4054724521
0.4485452217
0.5308079768
1.5758123115
-1.6566168685
0.9649384883
-1.0487440487
-1.3619425745
-1.5867159828
0.6182873988
3.0235109908
0.6470984640
-0.6979176681
-0.5432669378
-1.5602685453
-0.4763472350
2.7384235434
-0.5811220887
-1.6547652837
-0.4558466755
-1.0706341596
2.7409353368
-0.4455011977
0.9054563419
-0.6035976339
1.0981659293
-1.1494785812
-1.0962300510
0.6847559459
0.4662575535
-0.6040988185
0.3216157049
-0.1431266888
0.8325956943
-0.5531603644
-0.7907577897
-0.2133319294
-0.0546235429
0.3459397312
0.6799716378
-0.5446971902
-1.3841386184
0.9879831617
0.2759238271
1.2017997585
-0.1171284445
1.2504368497
-0.4239721048
-0.9290297998
-0.1917942711
0.3610068239
-1.2162283827
0.7050103647
-0.3643465697
-1.5867672715
0.5150100897
0.7507172599
-1.6986479880
0.3265196334
-0.0763575590
-1.6404703335
0.4095565512
0.2893465882
0.1249517432
0.5497593074
-0.8061459859
0.7575596457
-0.1385357371
1.7607878327
-1.1615169758
-1.5171279437
-0.3463821370
-0.1047836475
0.2943738767
1.1132803098
-0.1172954623
0.0153764572
-1.0671098755
-1.8134856305
0.0178298120
0.9113559801
0.7053310454
-0.8887238163
-0.1323508953
-0.4322006255
-1.2893125213
1.3217294994
-0.0780388693
0.6936814847
-1.4147527553
0.4727050610
0.7980172374
-0.0662602245
0.5329313023
0.0921942758
0.6480393027
-0.0152243351
0.1390390996
-2.5819885308
0.2885610812
0.3222501350
-0.1531358337
-0.4104040330
-0.9380678074
-1.1120451835
-0.9845157587
-0.1415918844
0.4062247842
-2.2336140871
-0.5376341872
-0.4095691048
-0.1383143549
1.4962943289
-0.4213398967
0.7314689448
0.3940721413
-1.1176068360
0.2805940597
0.4272138232
0.2416674629
0.0139246205
-0.6846494062
1.7641890987
-0.4421486824
-1.7295249457
-1.5461334212
0.4578502695
-3.1123104605
1.4537010834
-1.1067675586
0.5409755478
-0.3363683107
0.9739867998
0.1342664264
0.1056228496
1.4017456431
1.0288792416
-1.3251783010
0.0491200051
2.0365439081
0.8919788510
-0.6846293404
-0.9256881784
-1.3158827024
0.0763649120
1.0950424647
0.1782414857
-0.5428870185
0.3874340825
-0.3782668494
-0.9530490822
-0.1587115226
0.7021068648
-1.8183785812
-0.7883343755
0.7505099593
1.7778011700
1.9404852146
-0.1123245715
0.7642165591
2.0164488724
0.4875146838
-0.2697565658
-0.6509346796
0.5074155315
-0.1689644286
-0.6916153260
0.5860977111
1.1008393101
-1.4128251306
0.0903863504
1.2701748459
-1.7779114287
-1.6670305666
1.1966889013
0.0394601207
1.5658455180
0.8293891410
0.6144752297
-0.8857722782
0.7521679633
-0.7118808520
-0.3482871267
-0.3704959421
-1.5028187808
-1.4047140344
-0.2505497634
-0.2383456741
0.9768453674
-0.1011566553
2.1061483179
-1.0399860138
-1.2172882660
0.3075621121
0.8164443790
-0.0820334090
0.2633927500
-1.0405769680
-1.1748466804
-0.3023939590
-0.7589368855
-1.8135834394
-1.1812904728
1.2663200155
0.0181709563
-2.4403343605
0.5181952632
0.5238724008
0.5078805672
0.1565122609
0.0989733972
1.2122739463
-1.4433087760
0.4997205329
-1.0773076552
-0.0733301502
-1.1544672360
1.2501870538
-0.6348917687
0.8243418318
0.1636701836
-0.1647939070
-0.7880557096
-0.9618534026
-0.1736249531
0.5316847505
1.1550045022
0.2190817567
0.6662264411
1.0851582227
-0.3801398308
-0.5287625306
-0.1932171659
0.7775526378
-0.4856672972
-0.5824115841
-0.1177846397
0.7172880827
-1.8183765974
1.3081086318
1.0746604116
-0.7491473360
0.1618913935
-1.2822855454
0.3298351393
-0.7451982616
1.4271203710
1.1036033378
0.2952597222
0.0544233031
-1.6221786789
-2.2660341266
-1.3542646813
-0.5901201734
-0.3091083111
-1.0237534250
0.9840806085
0.7515284318
-1.2785862683
0.7319206939
-0.3942542921
0.1304749813
1.2390407213
-0.9606162887
-0.3760485577
-1.3158637608
-0.3952392974
-0.5577146868
-1.1269315976
0.7077284155
-0.2006884624
2.4344758848
-0.1257425847
-0.8046238440
0.6133812433
1.3889849164
-0.6665639029
-0.3597502439
0.6359108546
-1.5033168044
1.3063054214
0.5795060051
-0.5402927113
2.3432389486
0.5650682881
-0.0659196084
-0.2434078781
1.4989706641
0.5512330501
0.4348599716
1.2441928333
0.0678924491
0.1564215552
-0.0507447664
0.1124273777
-0.1108966522
0.5285150113
1.8560041950
0.3122464955
1.1002856081
0.7262690820
0.7665309238
0.2151363497
-0.6335885349
0.0263320854
0.7036169973
-0.0218063155
1.3787199538
1.2849079906
0.2002607914
1.2861820046
1.0120915436
-1.6419852532
-0.6136175863
0.1385757881
1.2393528010
0.0908397316
0.5915699912
2.5526864858
-1.1747619419
3.0115392227
-0.5306359679
0.2996630220
-0.1710508834
-0.7334278224
1.1220400513
-1.0147241201
-1.9972730831
-0.6773148459
0.6145601850
0.5352482944
0.0253444223
-0.4106426004
0.6807063988
0.2366772460
0.3474171229
0.2934951005
0.3247403092
-0.0484719758
1.6179851634
0.2415998686
0.5266169688
-0.0555087875
-1.2660415254
-0.1377735462
-1.4161877998
0.6247807364
-0.8987349281
0.2040615013
-1.0230029936
1.4982616411
-1.1973161395
0.4028218271
-0.0715794104
-2.7582374712
-0.5075549703
-0.4659079092
1.3527555585
-0.4599576458
-0.0498975986
0.6886860062
1.2096250389
-0.9927357962
0.3022748784
-0.5646360219
1.3689639473
-1.3123523891
-0.9732017853
-0.1065171411
-0.1956141940
1.8197876334
-0.6433094615
-0.5483348603
-1.0942222317
-1.5583371753
1.0531862003
0.1921243399
-0.4056385041
0.3984111203
-1.7909731648
-1.0657564336
0.4351773339
-0.8450345744
-0.2536067225
1.2309347882
0.1695282215
0.0444374903
-0.0204074711
0.8689040905
1.5737641200
-0.7166194212
-0.8510504737
-0.1139054829
-0.9785381849
-1.3601916789
1.3024451494
-0.1771301288
-0.0954972921
0.5632180243
3.3571923457
1.6219932502
-0.9450589692
-1.1228225193
-0.7203949975
-0.9032428081
-0.0218618694
0.0992755568
-0.3339936299
-0.2655295298
0.8834002392
0.2172746445
-1.8690208932
0.0439014552
-0.4988163350
-0.4191631468
-0.5106956968
-0.8285940049
-0.5523068744
-0.5453171408
-0.3756999724
2.5373846885
1.6323723987
-0.1453233083
0.8005738098
-0.4341011931
-1.6122743477
1.0770446372
-0.4707044785
1.3801900314
-0.0667999618
-1.0417043869
2.0292134239
-0.2816287318
-2.3558393791
-0.4829340273
0.4294863814
-0.8803174215
1.3841866612
0.7472546939
-0.9677481327
1.2252829206
0.8451078298
0.2552414417
-0.2972830694
-0.1112836732
0.2800539179
-1.0216702707
-0.1895860737
0.8702353590
0.3578175443
-0.9925780087
0.3770461955
0.2874755691
-0.9214989328
-0.8737482814
1.6545041012
-1.3698005804
-0.4197048790
0.8488387196
1.4694281416
0.8870466498
-0.8096080998
0.6102606358
-0.4755144276
0.5989177511
-0.3637008530
1.5558313019
0.8741517514
-0.4532223117
1.4996368026
0.5300975541
0.2155455068
0.2316075376
2.9307692562
0.4440009761
-0.3079006650
0.8653378852
-0.1728207888
-1.2547421949
-0.8852085459
0.4515933875
-0.6129327444
-0.3928723764
-0.8887158649
-1.5311073144
0.6761199394
-0.3326155324
0.5708359895
-0.2169948060
0.0412797278
0.0122882782
-1.2164621499
-0.2467523323
0.4109049180
0.2472856982
-0.4348690300
-0.9778678523
-0.5670056588
0.8909084378
-1.0316982092
-0.9610189214
-0.0867538698
-1.4405737085
0.4951512198
-1.6634899568
-1.2454652512
-0.5413325426
0.9756000138
-1.2086454509
-1.1409869980
0.6747173909
1.9708509367
0.7111876696
-0.0991337392
-0.8456897937
-1.9380772159
0.5154658731
-0.7135692084
1.9457372037
-0.7662759166
-0.3753440231
0.4906914327
0.3822050187
1.2327882152
-0.0192173568
-0.7790171190
-0.1387383618
0.7961351193
0.0412408803
0.6669688207
0.8940568309
1.3290090821
0.2159074721
-1.3268781990
-0.2813921278
-0.1757644663
-1.4413440331
0.5992182702
-0.3182792277
2.0083765318
-0.3420574389
0.3910909754
-1.3552688675
-0.4372961741
-0.5519472921
-1.2148463541
0.6123389658
-0.9394865730
-0.4993649645
0.1089132132
1.5118405605
-0.0772137005
-1.0258105903
0.7166128628
1.0667818164
-0.4567169609
1.1791089895
1.9368883378
0.0097652174
0.3827801892
-0.1311196734
0.3326028696
-0.3398370529
0.5577117564
-0.6932873007
-0.2345414707
-0.7419615335
-0.9656528326
1.0384956468
-0.6773660856
0.7707596771
-1.0609796910
0.7509617522
2.6099134098
1.0645783224
0.1028224290
-0.7678109427
0.6719576839
0.3374567359
-0.0784708656
0.4606639140
1.2397277640
-0.3508991694
1.3736133201
-1.5026094291
-0.0755144215
-0.7689299288
0.3455492334
1.2318869745
-0.1466353302
-0.1526197736
1.8063729477
1.8247509279
0.8590372731
-0.5237626319
1.1575727987
-0.3862028948
-1.1499334230
2.3053533951
0.4818188218
-0.5162203739
0.1967062563
-1.0111027366
-0.7956116067
2.4628998993
-0.0154144637
-0.7154958836
-0.0597259977
-0.2257073201
-0.8204493408
0.8459812142
0.2799857709
-0.9863521008
-0.5051885875
0.2244869589
0.7369001606
-0.0484788727
1.0720792312
-0.7177042653
-0.5932464254
0.9702859916
-0.5598215561
-0.1637608757
0.4310161735
-0.0495360835
0.0614176307
-0.4868511519
2.3678432283
-1.1740875930
0.0457569201
-1.3603214437
-0.2438140225
-0.2878236324
0.4711809904
0.3409992595
0.8770506759
-0.8604850915
-0.1181270877
0.2610837678
-0.5941854968
0.8911116681
1.5078323039
0.2845917914
0.0404202229
0.6556539361
0.0452065419
-1.2724020755
1.2529246046
0.5329710149
1.1409484105
0.7309217947
2.4314225144
-0.7606190763
0.7982783926
-0.2484864359
1.4357272151
1.2219667123
-1.0371533730
0.0653299207
0.0536865670
0.1094824797
-1.0538213905
-1.7746671626
0.2116160152
0.8532446379
0.7093041768
1.2726218393
0.7082299942
1.7761548504
0.8469453107
0.4281790810
1.7223855804
-0.4052262636
0.5349405435
1.0804049721
0.6419758727
0.3714094280
0.0048059213
0.9132904813
2.5175944555
-0.0861318824
-0.9471994539
-1.6662272397
-2.4997257211
-0.8622701920
-1.5368691504
0.2132285120
0.1838700127
-0.0237339378
-0.4252640937
1.0214142329
-0.6357331371
0.0592295138
0.5041306771
0.2745798170
-2.4405298635
0.8623049861
-0.0970968078
-0.4236131086
-1.1745539324
2.1631466253
0.8791412082
-0.4381874201
-0.2522862089
0.1811573637
0.9082607750
-0.2389035023
-0.8158458559
-0.7561378425
-0.9410907734
0.3452113655
0.8486686469
1.4053771197
0.2915762070
-0.6236496164
0.9930628452
-0.1970225815
-0.6075780966
-0.2999326952
-0.2800433532
1.9365093586
0.5554574714
-0.9188455527
-0.2476313275
1.3861522192
0.2954871454
0.3707583667
-0.6227721038
0.2315365875
-1.0236928577
0.4357920258
1.0424180873
1.1954935306
-0.1398630170
-1.0291676065
-0.3694188653
1.8058620622
-1.6550366110
2.0241031291
1.0064173199
1.1872734158
-0.9293842639
-1.1899752241
-0.4156338733
-1.7902752846
0.1751770879
0.5134798530
