18 10 0.13
12 0 2 1 1 1 2 1 3 2 1 2 2 2 3 3 0 3 1 3 2 4 0 4 2
12 0 1 0 2 1 1 1 2 2 0 2 1 3 0 3 1 3 2 4 1 5 0 5 1
9 0 2 1 0 1 1 1 2 1 3 2 1 2 2 3 1 3 2
9 0 0 0 1 0 2 1 1 1 2 2 0 2 1 2 2 3 0
20 0 2 1 2 2 1 2 2 3 2 4 0 4 1 4 2 5 1 5 2 5 3 6 1 6 2 6 3 7 1 7 2 8 1 8 2 9 1 9 2
13 0 0 0 3 0 4 0 5 1 0 1 1 1 2 1 3 1 4 2 0 2 1 2 3 3 0
18 0 4 1 3 1 4 1 5 2 2 2 3 2 4 3 2 3 3 3 4 4 0 4 1 4 2 4 3 4 4 5 1 5 2 6 2
21 0 3 0 4 1 3 1 4 2 1 2 4 2 5 3 0 3 1 3 2 3 3 3 4 3 5 3 6 3 7 4 1 4 2 4 4 4 6 4 7 5 4
12 0 0 0 2 0 3 1 0 1 1 1 2 1 3 1 4 2 1 2 3 3 2 3 3
15 0 3 1 1 1 2 1 3 1 4 2 0 2 1 2 2 3 1 3 2 4 0 4 1 5 1 5 2 6 2
2 10
4 14
11 7
6 1
0 2
4 10
9 5
7 5
4 5
6 3
0 0 0 0 1 0 0 0 0 0 0 0 0 0 0 0 0 0
0 0 0 0 1 0 0 0 0 0 0 0 0 0 0 0 0 0
0 0 0 1 1 0 0 0 0 0 0 0 1 0 0 0 0 0
0 0 0 0 1 0 0 0 0 0 0 1 1 1 0 0 0 0
0 0 1 1 1 1 0 1 1 0 1 1 1 2 1 2 1 0
0 0 0 1 1 2 1 1 1 1 2 2 2 1 1 1 1 0
0 1 1 2 1 1 2 0 1 0 2 1 1 1 1 1 0 0
0 0 1 2 2 1 1 2 2 1 1 0 0 0 1 1 1 0
0 1 1 3 2 1 0 0 1 1 0 0 0 0 0 1 0 0
0 1 0 1 2 1 1 0 0 2 1 0 0 0 1 1 0 0
0 0 0 1 1 1 1 1 2 2 2 1 1 0 0 0 0 0
0 0 0 0 1 1 1 2 1 3 0 1 1 0 0 0 0 0
0 0 0 0 0 1 0 2 2 3 1 0 0 0 0 0 0 0
0 0 0 0 0 1 1 1 2 2 0 0 0 0 0 0 0 0
0 0 0 0 0 0 1 1 1 1 0 0 0 0 0 0 0 0
0 0 0 0 0 0 0 1 0 0 0 0 0 0 0 0 0 0
0 0 0 0 0 0 0 0 0 0 0 0 0 0 0 0 0 0
0 0 0 0 0 0 0 0 0 0 0 0 0 0 0 0 0 0
-1.2883281111
0.1962425039
1.1621120056
0.6291767412
-0.3339545372
-0.6248141815
0.9266889072
0.1365109674
-1.3438964172
0.2895578441
0.3687381505
-0.7614555300
-0.2171179886
0.4268467800
-2.1476492861
1.2982509739
-1.1016064819
-0.0199153643
0.4074378011
-0.6710259095
-0.0044695218
0.7893633865
0.7055515856
1.0218777354
0.2157053381
0.4047385766
-0.1490570805
0.0912319629
0.1616664512
-2.0055369360
-0.1756769183
0.6826537107
0.2545353430
1.1488280158
0.1413629662
-0.2504204993
-0.1619370818
-0.0902425759
-0.1187997142
-0.7749854120
0.1192796517
1.2730150007
2.1070724557
0.2887289982
1.1293102707
-1.5202889447
-0.6953619888
0.4699964929
0.6788701667
-1.3488136526
1.6259393331
0.4764476422
0.5501125609
0.7952077583
0.3883126562
1.9552357992
-1.0093405702
-0.2721088010
-0.9897306722
-0.5258447675
0.9662483186
1.1534189775
-0.1004679822
0.4922262749
-1.8174099152
1.6180129402
0.9158456771
1.0398422194
1.6120123173
-2.2859327051
1.6748290046
0.4143019465
0.0466893438
0.4373965227
-0.0762995008
-0.9897846553
0.8851344864
0.5625444151
-0.1245531031
-0.7614194753
0.4316659236
1.2224026923
1.5474253161
-1.0961267347
-0.1485171266
0.2133395146
-0.3929434675
-0.1390829906
1.1765669817
1.9525296832
0.8765942785
2.7916489965
-0.7508761569
0.2972220584
0.1829306543
-1.4347715139
0.7953025313
-1.8442525054
-0.1426396858
-0.6412590430
-0.2275938969
-0.3464575426
0.5484928321
-0.2702713090
0.4273826313
-1.7568823922
0.1012342194
-0.3198892842
1.4527727263
1.3403058866
-1.1186485781
-1.0362929329
0.3355640613
-0.4457074469
0.5833577044
2.2947595406
-0.3868745860
-0.3460494636
-0.1307078497
-1.5284483709
0.8712327769
1.0784022453
0.0096195640
0.0497722809
-1.6095075794
-0.9253778986
0.3902205259
-0.1780160453
-0.4228244548
-1.0446485794
-1.3946672617
-0.8607048301
1.2093259506
-0.1749509430
0.7279451785
-0.7120839270
1.3614309703
-0.5820460529
0.5616018463
0.9469053960
-0.0553853918
0.8681539888
0.0859845150
-0.0108704386
0.5152158453
-0.8975632174
-1.3036767827
0.0059760024
1.3724168185
0.5996634774
0.7021361357
0.3626225546
0.9046067514
-0.6563247933
0.7319264171
0.4438378904
-1.3417401555
-0.4290141327
0.3041793296
0.4245633629
-1.5701377881
1.7277029548
-2.5646576554
1.4694945096
0.7427795809
-0.1767883724
-1.4626377876
-0.4683675806
0.4901233760
1.4964484059
0.5727620702
-0.2029037180
-2.2494857591
0.0483931300
0.5681615590
-0.2511497819
-0.5369019695
1.2250474151
0.5692859682
1.7252378252
1.2862205309
-0.7190564609
1.3259475154
-1.0776590603
-0.0396871152
-0.7754389389
0.6257390840
0.6353230550
-0.4865029203
-0.9565669099
1.1567300051
-0.1864386670
0.0836503670
-0.6056386236
1.8235153593
0.3299993717
-1.6814261393
-0.0244965967
0.1162483245
-1.2526677429
-0.6791321393
-0.1817314432
-0.1069128419
0.6125297710
0.6475630784
-1.4173322457
-1.0639442432
0.8704909260
0.1183393061
-0.0667133310
1.4202239481
-0.6239355277
-0.5141309152
0.1791562451
0.4180442002
1.2772592855
1.6627292046
0.1045382157
-0.8162668930
0.3182203116
1.5519298130
-0.1935230428
0.8747774592
0.5344602039
0.1231552509
-0.5571953704
-0.0980689736
0.7453924752
-1.0493547678
-0.6100835348
-1.0698082560
1.3515666930
0.2838142556
0.3646388365
-0.4623097555
-1.8518600026
-1.0993359819
-1.1317002484
0.1240136810
0.2930212393
-1.8083591821
-0.6634051155
0.6738151202
0.8714978602
0.1809059232
-1.8221390538
0.8967952423
-0.7210684317
-0.2300249047
0.3944746045
-1.3746312922
1.1712575354
-0.8041250017
0.0575436967
-0.8014230088
-1.2898189419
-0.5196297551
-1.7960486781
-0.8937056790
-0.0203486106
0.5892877338
-0.9935818434
0.2807244319
-0.5851447823
-0.1489037456
0.5607307491
0.0367203376
0.2569444608
0.2784588438
0.8130121939
-0.4079993256
0.2763466576
-0.7167231264
0.4078458337
-0.4289743971
1.0580971402
0.7300405927
1.1713082577
-0.4190606245
-0.1615213056
-0.8633065889
0.0122049190
-1.3886304939
1.4981748900
-0.5348322964
-2.4894808141
-0.0288019427
0.6333402462
0.1517595841
-0.8970967217
1.1419697349
-0.1247942982
-0.9106963839
-0.6239604312
0.1161110784
0.1248140031
-0.6948733193
-1.6599697916
0.1069190631
-0.6476876272
0.8968118346
-2.5078154802
-0.3118048271
-0.5206354030
0.0615956898
-0.0884555197
0.7880313803
-0.4958784084
-0.2156534524
2.0968400410
-0.5971544934
-0.7420958792
-1.7731590981
-1.4616252098
0.2391250706
0.7267085992
-1.2660590489
0.0764758528
-0.3990344458
0.5260166705
-1.3795351917
-1.0470434969
-0.9936344283
-0.8386789439
-0.6231239520
2.6576834909
-0.0679327394
0.0054423362
-0.7114631877
-0.3894022924
1.1466895736
-0.0990286412
-0.6083547222
1.8205717965
0.6452648094
-0.1007915286
0.6353838809
-0.5342998986
-1.4495274647
0.9361880553
-0.4371728419
1.0993772574
-2.4760824898
1.1716957803
-0.1618887835
-0.9665564148
1.5486120160
-0.3642350190
0.7689425027
0.5588259482
-0.3332533796
0.8925437844
-2.0564437397
-1.0226519817
-0.4768166003
-0.4286089148
-0.2756243604
-1.0233717364
-0.4452112080
-0.5351291546
-0.9618614626
0.9591286658
0.0487956255
0.4491882501
1.5576919221
1.3703692878
0.0915827860
0.9327352101
0.1160641212
1.2502935189
0.4116480667
-1.9694889473
0.2871363892
-1.5373866500
1.8990929893
-1.1100106772
-1.4258713120
0.1541366747
0.1825579378
0.0484820316
0.1501819027
1.0005129725
-1.8462892836
-1.0769168280
0.1860862759
-0.7579014316
0.1266760105
1.0483182442
-1.2756724215
-0.5235423978
-0.0339926142
-0.3413028803
-0.4062742582
-0.0010580124
-0.9543608564
-0.1263269463
-0.5865596495
0.1383064802
-0.7757093030
1.7465155984
-2.1029809915
-0.3583917871
0.6548768283
-0.6563652486
1.0627714553
0.3336909025
0.4766571024
0.3936530236
-0.1424857651
1.3496829830
-3.9524043477
1.0894140702
-1.0725102459
0.3643757897
-0.8833861417
0.2738198608
-0.5633884652
0.3075294737
0.2762330378
0.3264326204
0.2812100104
0.7601105048
1.4092243419
0.5535760548
1.2106110496
-1.0128181778
-0.0982361278
-0.7213229736
0.4810293546
0.5647750151
0.6592132966
1.3334013612
0.5389672058
0.5423870401
-0.6361998542
0.0051638252
-0.6653522700
-1.2628341708
-1.0658710709
0.9870904545
-0.1213439416
0.6359584673
-0.3430987245
-0.8217555718
0.7885138003
-0.1231346624
1.9050519091
-1.1961063523
0.2036389882
-0.7208013609
1.0812696883
0.7773036561
1.1949261286
-1.4803450899
-0.4437181200
-0.2951959952
-0.7035236123
-1.6261798046
0.0047360999
0.8227419709
0.1557903856
0.4789061248
0.1122236574
-0.0878482001
0.3003539090
0.8412363644
0.2554124277
0.8551879466
-0.0774512623
1.4754384468
0.6116265647
-0.3572839265
0.4094277311
0.1657213312
1.7174453316
-0.2213367535
0.0537844387
0.4996652890
0.5281258077
-0.2131243059
0.7407580995
0.1825533533
-1.0496851470
-0.1191200853
-0.7614844389
-1.2048153135
0.4865203247
-1.6232496194
1.5688868562
0.4223485542
1.0443796827
1.5820752920
-0.1646772504
0.4239545876
-0.1188058133
-0.1747938841
-0.4324852435
-1.2212075363
0.0715280442
-0.7359354858
-1.3883520001
0.5433081775
-0.2151948446
0.2950129293
-0.4194421481
0.4439847786
-0.0736472935
0.9375864179
-0.1583054768
-0.2331723417
-1.3486594046
0.2701375623
1.6752011358
-2.3763827437
0.0524763765
0.5269247264
0.2008653719
1.0821944263
-0.5356023924
-0.7776332511
0.3705546673
0.9308075167
-0.5689227614
-2.4094676125
-0.2132889519
-0.6780953470
-0.5628495189
0.0054706323
0.0158104527
0.7545017227
-1.5971718903
0.3477759856
0.0846148193
-0.3492659171
1.1248897588
-0.1959165635
-0.5848305482
1.2144145444
0.7925320632
-0.1242527615
-0.1902405378
0.9496527173
-0.3515244298
-0.2641456674
-0.5423805783
-1.6141978763
-0.7975144597
2.1199540285
-1.0012265566
0.7779015570
-0.2085430735
1.1678638836
1.3300901391
-0.1937195824
-0.5417814560
0.3016761010
-1.7923143318
1.1331097527
0.7448717259
1.2580537240
0.5463695103
-0.2270492269
0.6058448806
0.9218485590
0.0621862098
0.7628474141
-0.3138082187
0.1403568880
1.0041078934
-0.0152596448
-0.5481428693
0.0556661954
0.3644503447
0.6909406013
-1.4026609847
-0.5830429982
-0.6236322038
1.8253749440
-0.6825498390
-2.1921291919
-1.2212084482
0.7503584037
0.4489621991
-1.9054965584
1.0817894564
0.5672639532
-0.9170495558
-0.3701482003
-1.2064234751
-0.3113095899
0.3922966533
0.8953522163
-1.1539855858
-1.5322686860
0.4762524511
0.8428752733
-0.9927824663
-0.1147560854
1.0406769344
-0.5186812975
-0.3539985755
-0.1824959807
-1.3454565896
0.2388434644
0.0279209170
0.0505608496
0.4561031579
1.1687999604
0.5042152479
-0.2615371224
0.8995510535
-1.9110952335
0.7069978905
0.2730719403
-1.4331252035
0.7974303542
-0.2170258451
1.5597909926
-0.0426679717
0.7478962075
-0.6471502965
1.9816540800
-0.1908312259
0.2043906946
0.4525830851
-0.0165838442
-0.0448253040
1.4290612950
-0.1194832958
-1.3210878401
1.6254048245
-0.5560656227
2.1299224353
0.5971391876
-0.2666922650
-0.4907449088
0.6039796390
-0.4827581526
-1.9673772157
1.3580351673
-0.0361336657
-0.6006086916
-0.0612389222
1.0076856432
0.5027086982
-0.1771631305
-0.6995944652
2.8509888629
