16 3 0.10
15 0 1 0 4 1 0 1 1 1 2 1 3 1 4 1 5 1 6 2 3 2 4 2 5 3 2 3 3 4 3
19 0 0 0 1 0 2 0 3 0 6 1 0 1 1 1 2 1 3 1 4 1 5 1 6 2 0 2 1 2 2 2 4 2 6 3 1 3 2
15 0 0 1 0 1 1 2 0 2 1 2 2 2 3 3 0 3 1 3 2 3 3 3 4 4 0 5 0 6 0
7 1
7 6
5 10
0 0 0 0 0 0 0 0 0 0 0 0 0 0 0 0
0 0 0 0 0 0 0 0 0 0 0 0 0 0 0 0
0 0 0 0 0 0 0 0 0 0 0 0 0 0 0 0
0 0 0 0 0 0 0 0 0 0 0 0 0 0 0 0
0 0 0 0 0 0 0 0 0 0 0 0 0 0 0 0
0 0 0 0 0 0 0 0 0 0 1 0 0 0 0 0
0 0 0 0 0 0 0 0 0 0 1 1 0 0 0 0
0 0 1 0 0 1 1 1 1 1 1 1 2 1 0 0
0 1 1 1 1 1 2 2 1 1 2 2 2 1 1 0
0 0 0 0 1 1 2 1 1 0 2 0 1 0 0 0
0 0 0 1 1 0 0 1 1 0 1 0 0 0 0 0
0 0 0 0 1 0 0 0 0 0 1 0 0 0 0 0
0 0 0 0 0 0 0 0 0 0 0 0 0 0 0 0
0 0 0 0 0 0 0 0 0 0 0 0 0 0 0 0
0 0 0 0 0 0 0 0 0 0 0 0 0 0 0 0
0 0 0 0 0 0 0 0 0 0 0 0 0 0 0 0
1.5325584867
-0.0213189820
0.5021683586
-1.6674087796
0.6057780910
0.1795102171
-0.2493392767
-0.2844682595
1.1649673320
-0.5961046617
-0.3223665501
-0.7535039916
-0.7522206953
0.6913487284
-1.8831800581
-0.4091187612
0.3383641153
0.5876334812
-0.2939116653
-0.5534837431
0.1039630161
0.5180418425
-0.4073375027
2.0684503532
-0.6973548004
0.6494288451
1.2030247309
0.1757397215
0.1999150810
0.7083957943
1.4327323861
-0.0081148973
-1.5271470121
1.4219245783
-0.4513590007
0.2442447856
-1.5962067329
1.1422717517
-1.2903844513
0.8027042313
0.0951126890
-0.9223798569
-0.5809926719
1.0833191084
0.1238571349
0.1622279292
-0.0678395615
0.9600063547
0.5390903585
-0.1032959740
-0.0105914860
-1.2989349967
-0.3583706048
1.0849732626
-0.5078343048
0.6646193968
0.5272144758
-0.8337204572
-0.0961203911
-0.8529539869
-1.7671442704
-1.0055005983
1.9441119914
0.5605579278
0.6201040029
1.1839294145
0.5546906655
-0.3380855259
-0.3777164769
1.2375828747
-0.2246728100
0.6909302352
1.4686609991
1.3916357457
-0.8972578659
1.6174909140
0.2666830195
-3.2128198343
0.8862343326
-1.9472236397
0.1924279361
-0.0061564706
-0.5351823376
-1.7022938350
-0.1261882276
-0.1107825300
-0.5521328196
0.5967205872
-0.1200604093
0.7886662267
1.7278748926
0.1852414266
0.9066459518
0.7359775717
-0.4005614691
-1.6191162606
-0.4634069818
-1.0779335612
-0.4704231398
0.3885620260
2.3749760348
0.6859700040
0.2917643478
0.7159365975
1.7711826865
-0.4881048446
0.3088406529
-0.3000070716
0.0992273089
0.6448098572
-1.1924255518
-0.6348061153
-0.5865395931
-2.0917617049
0.7595282084
-0.1996795452
1.1036019181
0.9428090625
0.7284447821
-1.0666257571
0.7213246297
-1.2779422404
-0.6502940697
0.5532668097
-0.3467382489
1.4286809024
-0.6940068502
0.2169845524
1.8020724964
1.3434046397
-0.1261767401
-0.8544522421
0.2164308380
0.0173160097
-0.3213934922
0.9668446007
-1.8149069356
-1.1470988550
-0.4200273013
-1.7977851215
-0.5137332021
-0.3334850227
-0.5285462240
0.3859624316
1.4518329766
1.7211167977
0.0411520892
0.3282756477
-1.1169302238
-0.3455968338
1.6166402648
0.6435757065
0.1900816355
-1.6852025186
1.1620419922
-1.9728502592
-0.1049218339
-0.0805069326
0.3176917484
-0.1053866766
-0.4406965992
-0.2174596025
-0.0213505276
-1.3593500199
0.1066274382
0.2508866881
1.1436825148
-0.4288708191
-0.3642118788
-1.1870712248
0.5109321408
1.1041499273
-1.0554289450
-0.0825080752
-0.8007631908
0.2243182287
-0.3809835737
-0.6920951573
-1.6643534194
1.6239065934
1.2047379414
0.5749032038
0.1477892173
0.5953768387
0.1146039408
0.0117879677
1.6091737288
1.0523667597
1.4138457323
1.0687215295
0.1205561608
1.5423322728
1.0517319308
-1.8743097821
0.1600176779
-1.4333647673
1.0718198079
0.3729792631
-0.2631117455
0.1736025544
0.4064770377
-1.0864249946
1.7064965318
0.8824183642
0.0787947512
-2.2477253683
-1.1242999538
1.0068012777
-0.1090484679
0.0997813893
-0.3525293333
-0.5163665361
-0.5073366509
0.2148459810
1.1813985278
-0.0437889145
-0.1790514633
-0.5604593230
2.1910508260
1.3253410010
-1.7660683331
0.8592612019
0.2281694120
-1.2454744343
-1.0424886263
0.4971782725
0.3131011850
2.4567332959
1.2001633941
0.4551524473
-1.3391794503
0.4853393437
0.5317399188
-0.0087988014
-1.6381995796
1.1643805750
0.8950996990
-0.8906959055
-0.0188176486
0.7534454967
-1.0222018605
1.1640597340
1.3025365864
0.8549008821
0.3247788383
-1.4532682963
-0.6769141590
0.0326753602
-1.2844532272
0.2668940062
0.0407728435
-0.7275535691
-0.3489675460
-1.0776001135
1.4486544748
0.2021334911
1.1841894147
0.4965737870
0.5682116039
-0.1408208521
0.1701554329
0.6097256765
0.4205103957
-1.4854592872
1.2807213438
0.3413783051
0.7113202303
-1.3309529894
0.6776628033
1.5810249879
0.7719965129
-0.3573173716
-1.2564978975
1.3499579449
1.2362980996
-0.6359014461
-0.1755851885
1.9821693383
-0.9945476580
-0.5718903284
1.7058245835
-0.2027265469
-2.0148701155
-1.0238961717
-0.2997012264
0.2299477379
1.3022569642
-0.3188325807
0.9106771299
0.5950490610
0.1447959344
0.2516658935
0.2313714649
-0.7211829580
0.8040761923
0.0265598179
-0.7570719542
-0.9252659114
0.2250074910
0.1814717268
-0.5671593076
-0.1053336566
-0.9236487806
0.9215118104
0.1975667500
-0.7928626279
1.8229992505
1.2911179194
-1.5688231307
-0.0021014103
-1.4167706918
0.2118241811
1.5578119072
0.6275077883
1.0928094335
0.1578296121
0.5086864148
0.9773614902
-0.4689977532
0.5720603535
0.5056781198
1.7594437432
0.9846312154
3.0914442086
0.0368153860
-0.1398425050
1.1127871719
-0.0702878054
1.0165979941
-0.0418921379
0.5395755744
-0.4623145231
-2.2369478870
-0.3015477151
1.4545058241
-0.9061724826
-0.2593926734
-0.4939116353
-0.2628714118
0.3140387907
0.5875119290
1.6670632707
0.8838409820
0.0591635129
2.0104313056
-0.0556610207
-0.9949525016
0.4965222121
1.5199396920
1.7747545234
1.2115713202
0.0735327264
-1.2364216391
0.9837917854
0.8484778387
-1.1273395659
-2.9116704477
-0.0634864515
-0.5252467103
1.0417040050
-0.1643803880
0.4040233748
-0.1244051357
-0.4633963451
1.8242608413
-0.6104274826
1.0274792128
-0.3516006386
0.6456533581
-0.3785951791
-0.0791815727
-1.0556927468
-0.8102903326
1.0086443823
-0.1879248112
-0.5774645908
-0.6809763454
1.3860532033
0.8773247179
1.0910867823
-0.7292042048
1.8050628492
-2.1338215936
0.1081519116
-0.7087409281
-0.1538850139
-2.2716653649
-1.2390513162
0.4922873331
0.7012876104
0.0315960726
0.0822796225
1.4293718185
0.9650609833
2.3029319834
1.2330479121
0.9948031731
-0.7075147820
0.0649811758
-0.7709819683
-0.5243057540
1.5377572098
-0.0700611539
0.4419290539
-0.6601160369
-0.5799396031
1.6843443772
-0.1706206238
1.0546279453
0.9159539230
1.5504547297
0.1182113567
0.7839119486
-0.1872864298
-0.2736133277
-0.5462024046
1.4121053533
-0.8338878124
-1.2489448151
1.2336430826
-0.1548728863
0.1433463832
1.5855132492
-0.8254177755
0.7675965996
1.2088982215
0.2470102127
-0.1105396801
0.9345389228
-1.4393591733
0.8358713239
1.0027399593
-0.0052003729
-1.0147185530
0.4439778080
0.7207839460
-0.0791990318
1.8533002285
1.1644017900
-0.3563673896
0.3150807543
0.8187709910
0.9784050585
-0.3967874871
-0.3198776362
1.9514840948
-0.8356013818
-0.4334172397
-0.3333544750
-2.1651297626
0.3167770123
-0.1178960119
0.9057056428
0.7635773575
1.9513831371
-0.7760694148
0.2827058075
-0.8420048440
-0.4351250339
-0.3938341079
-0.1213806088
-0.5137314583
0.6805091653
0.0428654399
-0.0177173012
-1.0542532522
0.1832814858
-0.5081818817
-0.9844812036
-0.6399055282
0.7948284940
0.5411443232
-0.4608401041
0.9410943467
-0.8281782493
1.4047586516
-0.6364918725
-1.0385583115
-0.5226891029
1.8325757174
0.4024875281
-1.6644040031
1.0355098993
0.1578117563
1.4342526161
0.4709785873
1.2084622391
-0.2541095256
-0.2544168725
0.4484199245
1.8222646917
-1.4186252033
0.7463927656
-0.2221001018
1.5693697796
-0.7340257467
-2.2651583324
-0.4611590362
0.6271272507
0.5923463284
0.8605367267
-0.5075087229
-0.3390925127
1.6340128930
0.1505649980
-0.3529277032
-1.9215013882
-1.0349428571
-1.0952214919
1.0857753129
0.9228809180
2.1601832681
