20 12 0.09
9 0 1 1 0 1 1 1 2 2 0 2 1 2 2 2 3 3 2
12 0 1 1 1 1 2 2 0 2 1 2 2 2 3 3 0 3 1 3 2 3 3 4 0
17 0 3 1 1 1 3 2 0 2 1 2 2 2 3 2 4 3 1 3 2 3 3 3 4 3 5 4 3 4 4 5 2 5 3
20 0 2 0 3 1 3 2 2 2 3 2 4 3 0 3 1 3 2 3 3 3 4 4 0 4 1 4 2 4 3 5 1 6 0 6 1 6 2 7 1
7 0 2 1 0 1 1 1 2 2 1 3 1 4 1
21 0 0 0 1 0 2 0 3 1 1 1 2 1 3 2 2 2 3 2 4 3 1 3 2 3 3 4 1 4 2 4 3 4 4 5 0 5 1 5 2 5 3
11 0 1 1 0 1 1 1 2 2 0 2 1 3 0 3 1 3 2 4 0 4 1
19 0 2 1 0 1 1 1 2 1 4 2 1 2 2 2 3 2 4 2 5 2 6 3 2 3 3 3 4 3 5 3 6 3 7 4 3 4 4
8 0 0 0 2 1 0 1 1 1 2 2 0 2 1 2 2
22 0 3 0 4 0 5 0 6 0 8 1 2 1 3 1 4 1 5 1 6 1 7 1 8 2 0 2 1 2 2 2 3 2 4 2 5 2 8 3 4 3 5 4 4
11 0 2 0 3 1 2 2 1 2 2 3 0 3 1 3 2 3 3 4 1 4 3
8 0 0 0 1 1 0 1 1 1 2 1 3 2 0 2 1
2 2
3 3
12 10
2 8
7 17
4 0
9 5
0 10
8 10
6 11
9 16
17 16
0 0 0 0 0 0 0 0 0 0 0 0 1 0 0 0 0 0 0 0
0 0 0 0 0 0 0 0 0 0 1 1 1 0 1 0 0 0 0 0
0 0 0 1 0 0 0 0 0 0 1 2 1 1 1 1 1 0 0 0
0 0 1 1 2 0 0 0 0 0 0 1 1 1 1 1 1 1 0 0
1 1 2 2 2 2 0 0 0 0 1 1 1 1 1 0 0 0 0 0
0 1 1 2 2 1 1 0 1 1 1 1 1 0 0 0 0 0 0 0
0 0 1 2 2 1 1 0 1 1 1 1 0 0 1 1 1 1 0 1
0 1 1 2 0 0 0 0 0 1 0 0 0 1 1 1 1 1 1 2
0 1 1 1 1 0 0 0 1 1 2 1 2 1 1 1 1 1 1 2
1 1 1 1 0 0 1 0 0 1 1 1 1 0 0 1 1 0 2 1
0 0 0 0 0 1 1 1 0 0 1 1 1 0 0 1 0 0 2 0
0 0 0 0 0 1 1 0 0 0 0 0 0 0 0 0 0 1 2 0
0 0 0 0 0 1 1 1 0 0 0 0 0 1 0 0 1 1 1 1
0 0 0 0 0 1 1 0 0 0 0 1 0 1 0 0 0 1 0 1
0 0 0 0 0 0 0 0 0 0 1 1 1 1 1 0 0 0 0 0
0 0 0 0 0 0 0 0 0 0 0 1 1 1 1 1 0 0 0 0
0 0 0 0 0 0 0 0 0 0 0 0 0 1 1 0 0 0 0 0
0 0 0 0 0 0 0 0 0 0 0 0 1 1 0 0 1 1 0 0
0 0 0 0 0 0 0 0 0 0 0 0 0 0 0 0 1 1 1 1
0 0 0 0 0 0 0 0 0 0 0 0 0 0 0 0 1 1 0 0
0.3367368297
0.6044082548
1.1153069685
-0.9018404267
0.1620054483
0.0626527963
-0.0004798904
0.0786020712
1.6265798855
-0.5940628095
-0.1303081148
-0.7272883376
0.7284525082
-0.3915907960
-1.3496632943
-0.3292743360
-0.8921030447
1.1898181486
0.9667095747
-1.8746709956
-1.6009353909
0.4882826531
-0.3295809915
0.3809144892
-0.1913723104
1.7597141845
-1.6246804405
0.8513153146
0.3923055765
0.2332342835
0.3088804174
0.0448688792
-0.8158410252
0.6365150396
-0.2793882789
1.9208778763
1.0181825566
-0.3129079327
0.6462345884
0.1730981144
-1.1998353608
2.4277049199
0.8658035389
0.0644798684
3.5427848314
2.3481063212
1.0879394578
0.8064091865
0.7000549267
-0.0922207142
-1.5550859799
0.4516053588
-0.7811571251
1.2511905453
-1.8464670968
-1.2395067402
-1.2737327160
-0.6094948725
-2.6927406426
1.1089030245
-0.0302829585
0.9244417676
-1.3430536296
0.2444139071
-0.8963980241
0.3284517194
-0.1228128204
-0.6644912615
1.5971661381
-0.3242562905
1.2983707285
0.9576647441
0.5703271938
-0.0889111244
1.2402344237
-0.0591130318
0.1687598783
1.6875336040
-0.0249949827
3.0670304029
-0.9716511412
-1.0406958788
1.1162214878
1.0173412374
0.3825192132
1.0683053148
-0.2379711788
-0.7276075690
-1.4416191357
0.3089874648
-0.6946963677
1.0064030003
-0.4450024248
0.1928846133
0.5563544849
-0.2102174405
0.8520039920
-0.2008521962
-0.4692199302
1.2507079473
-0.2554040478
-1.3233681174
-0.6303088105
-0.3828609847
-0.5364585624
-1.7242862433
-2.6200152473
-0.0734347200
0.4627608777
-1.5654623713
-0.0753080678
-0.3550219800
-0.4456085069
2.0895508224
-0.5858541070
0.7783127964
-0.2060368098
-1.2779653146
-1.1026374089
0.4147352342
1.8757168370
1.6977990251
-1.2812858347
0.1490971660
0.2640168744
-0.0129783896
-1.7586627405
0.6589384423
0.7428620140
1.2523497337
-0.8486570265
-0.7801321207
-1.0285812579
0.9534649434
1.4477778327
-0.5409551883
-0.5434757118
0.1293791627
1.3097874841
-1.5353043112
0.1976170626
0.7257970074
-0.6365132765
-0.1970331673
1.9390924298
-0.7235437543
-0.0589351612
-0.5028913224
-1.1912593408
1.9842780446
2.1456055373
0.5138627655
-1.5359222211
0.2845236122
1.8298949486
0.2065046395
-0.4250463813
-1.4715753543
0.8096340762
0.5294099694
-0.5459642222
-0.3033037888
-0.8999878452
1.5899507601
-1.6120376908
0.6506515297
-0.2646813105
-0.1925795204
0.1453789377
-1.6341403908
0.8087949503
-0.8525069505
-0.6400454533
0.9383173908
1.4725513258
-1.0138828409
-0.7599198126
-1.0632279811
-0.8780982471
0.5122506002
-0.8485195092
-0.1156711525
0.0024356044
0.8894588297
-0.3413596910
-1.0692988070
-1.5365832194
0.5138195602
1.0501797527
0.6193618477
0.7569914151
0.3210535953
0.8962106929
1.5155368274
-0.1463579868
0.9828786329
-0.8802769895
-0.4770913451
0.3944263374
-1.1809614954
-0.3255666063
-0.0251015492
1.1150538368
0.0424818829
-1.9568662784
0.1023374557
-0.5737144869
-0.8504509287
-0.5924573081
-0.2113058929
1.7675280844
1.4683296592
0.1174971725
0.8285548343
0.6924803818
0.7591862317
0.8711774405
-0.7317845069
-0.4064927117
0.7056017377
-0.5613198200
0.5307604890
0.5109381653
0.9951074417
1.2396943574
-0.9259881240
0.0898377420
-0.7357622363
1.4344063120
2.2712417529
-1.1564746869
1.1584836749
-0.3919801846
0.2702480457
-0.8225659276
-0.0038014429
-0.3804103641
-0.8486564185
1.3445660704
-0.7433924094
0.7934110061
0.6261516480
0.1836129704
-1.6988619719
-0.1629449764
-0.1850953745
0.5303254309
1.0656450466
0.7592288118
-0.9356575854
-0.4579130976
-0.1386435053
0.0305574016
-1.4555478258
-0.3279946464
0.0505620682
0.0397183726
-2.2922265734
0.6172718873
-0.8383777930
0.1373742653
0.1630778905
-0.0603796741
-0.9419326990
-0.8652194704
1.2698784762
-0.2766004660
-0.8996745174
0.3729824187
0.9835203310
-1.3657629908
-0.8886093883
1.5084862540
0.4013366023
0.5560983767
-2.6802669446
-0.9757672720
-0.8727286424
-1.4553966376
0.7325065371
1.5778554596
0.2392199549
-0.5749697343
-0.5103047206
-1.5331555209
-1.4996103981
0.2335682658
-0.4710835166
0.6847907242
0.0301029976
0.6545978603
-0.5648568892
1.2007708132
0.6199263293
-0.2487633813
-1.1196932487
0.1666837074
1.5088088724
0.9273194928
-1.0466599781
1.9627834381
-0.2783254819
1.1879267460
-1.4047857305
0.1823698782
0.4379046717
1.9928992835
0.3685921845
-0.7984178797
-0.7324489987
0.1827188157
-0.1387286999
-0.1238784979
-0.1363515207
2.0067502849
0.3264724926
1.0464501615
1.0400106506
-0.9075608941
-0.3213649497
-0.3900473230
0.0459117064
0.0077825719
-1.3343184336
1.0677150855
0.1633652008
-0.0882830608
1.2130145432
-2.3216851783
-1.9640418536
-0.3192106482
-1.0119727937
0.6386673741
-0.5775998490
0.3738193841
-1.8720145901
-0.3452406106
-0.7085800194
0.9275645835
0.8681724403
-0.9850941948
1.3844136012
0.7272069333
0.0660025843
2.1772942581
-1.7977594206
-1.4460198204
-0.0312458584
0.1248802595
0.2075998484
-0.9461143631
-0.8494927128
0.9566455310
-0.1632678285
2.2133194152
-0.6763993238
1.7969287954
0.5002316529
-0.8021228853
1.7109268123
0.4884279421
1.0085705053
0.0442530754
-1.2525684866
-1.7828377531
1.3880503522
-0.0592856116
0.7451656735
-0.0047016863
0.2052278061
-0.8731102192
-1.1183224083
0.7172944039
0.0253404798
0.2777429635
-1.4420569684
1.6872674507
2.1897986525
-1.9741270725
-0.4262410017
0.3174238880
-1.4001194573
-0.4157250159
0.9481501390
1.8207331756
2.5176863649
0.6566885899
-0.2531916163
1.7339965144
0.5813438813
-0.0365652001
1.0604173671
-0.2148970889
-0.2234984146
-1.2377895519
0.4866967219
0.7017174981
-0.1396047151
-1.7242659825
2.0652821946
-0.1193718613
0.2804301233
-1.1216469924
-2.1983190672
0.7460892125
-1.2297877812
0.1763523254
0.4840271467
0.4508464084
1.0247283354
-1.0506052821
-1.6289722606
0.2624847711
0.7883755864
-0.3305355475
0.6605862380
-1.8354770591
0.5894349587
2.3974686160
-0.3529158120
0.7874984563
1.6400982615
0.8628685501
1.2408404478
0.0813359300
-0.1902186061
-0.7597301585
0.1072922466
-1.6526381771
1.8675210167
-1.0678765550
-0.2657562692
-0.1284939133
-1.1572092173
0.0087962139
-0.5132225227
-2.2687390748
2.2084713930
0.9673680594
1.1096430759
0.5452405024
-0.8756390960
0.3724189757
-0.4891091958
0.0330232494
-0.9886032565
2.2692396747
1.5619589760
-1.2212440827
0.9627906009
-1.5607600922
1.0771608153
1.6485246927
0.6520959810
0.5926117358
0.2332541431
-0.7924284957
0.2465923799
-0.9542891090
0.1626683428
-1.1004996947
2.6182357291
-0.4239152284
1.0401292699
-1.4147196573
-0.5087057996
0.1622983152
0.0989744672
-3.6310490570
0.3435220883
-0.0466079501
0.4863988876
1.2931035180
-0.0519164046
1.3835773767
1.1797980126
-1.3673484714
-1.6890084676
0.4284591745
1.6280155190
-0.2467399761
0.1739533409
0.2518780476
-0.3646993480
-0.7107416821
-1.7481774728
0.8498931619
0.4581302379
-0.1957126618
1.2628464173
0.2125995954
2.1410031508
0.8289145914
0.1327473211
-1.4281808931
0.8143159230
0.3982327483
-1.2608563698
-1.2903482737
-0.7293069704
0.6809613585
0.3173076081
-0.6961617449
-0.1369303188
0.4486944712
0.8503064138
0.3723659114
-0.5024629343
-1.1596716599
0.7160729281
0.6225771350
-0.3222755221
-0.7699749701
0.9575665437
-1.1848083908
-0.7042264653
2.0972556253
0.3060068665
0.2186776248
1.3298035119
-1.6243126849
1.3541893910
-1.5042927634
-1.6082907159
-0.4620591940
0.7807022942
-1.4525684974
0.2106045529
2.2469920898
-0.8379080799
0.5979849371
-0.8302519400
-1.5459487687
0.0512233318
1.0486511115
-1.4794341861
-1.3397741463
-0.4291852298
2.2801519374
0.7425312820
0.4897020460
1.7348666974
1.2106797020
2.2248541519
-1.3815874303
-1.0879745036
1.1009748562
-0.6715150598
-1.6108057567
-1.2519747917
1.9104626268
1.2320213633
0.3815832589
0.4252400726
-0.1731435109
0.4033589904
0.4329986342
0.9349103390
0.9043055028
0.1604856769
0.4352208462
-1.0546214142
-1.2502230583
-0.1600736638
-1.2146574295
0.6612179570
0.6434227322
-0.0124828738
-0.5964303818
1.3496124555
0.6010094503
-1.7773567045
-0.3699422967
-1.3555559890
0.8390137140
1.3759308574
-0.0819946654
-0.5017967372
0.8571477334
0.7923904508
-0.2486466100
0.4515772554
-1.3105896818
-0.0428433106
0.0607471468
-1.9542715293
0.9614795900
-0.3863130856
-1.0295248747
-1.2030878402
1.0722216982
0.4277914764
-0.3353768819
-0.4307202827
0.8772204181
0.8761531306
0.4437061020
0.6780719389
-0.5467928836
0.1670886205
-0.2839966216
0.6593467190
-0.5382113093
-1.4617657852
0.9655417512
-0.3849486252
-0.7067498918
-0.8490363024
1.5279784912
0.8541866405
-0.1787748597
-0.4190618956
-0.5618493023
-0.5171872715
-0.2732026551
-0.2218133422
0.4919175277
-2.1247798767
-0.2293161521
0.3985015208
-0.9784854395
0.6329946392
0.0173456686
0.6341679305
-1.0844439705
1.2322210568
0.2470296913
-0.0203051040
0.7456192581
1.3178455915
-1.6077015229
-1.1773476714
1.2003646948
0.3149814497
0.6388233469
-0.5578184631
0.1437899293
0.9729924791
1.2046612973
-0.6143900208
-0.5492930164
-0.1773845834
-0.1857330140
-1.1092830538
-0.5202089811
0.1800885254
-0.8282429248
-0.1371496998
1.5000072209
-0.1610896926
2.2920495362
-0.1123249454
0.2104686643
0.6992941758
1.2298636449
0.6058413823
-0.9616464584
-0.0674575438
-0.8010014622
0.6979161994
-0.3885897953
-0.8939482600
-0.6456221412
0.0890009512
0.8616387044
-0.0153842973
0.2663696292
-0.9444931196
-1.1020773724
0.4006377318
-0.5051609104
0.0494284375
-0.6888276727
-2.6903918323
0.2413742757
-0.8987875175
1.8469211232
-0.5276439629
-0.7851140742
1.6794535167
-1.1803771911
1.0815782364
0.2157521946
0.6808046891
2.2698290866
1.8421910909
-0.0889937719
0.3154825012
-0.5437198249
1.5608656503
2.3382468140
-1.1593481409
0.7915177114
-0.8275187699
0.7601795372
0.0363271466
0.2749046887
0.3547047244
0.8318872679
-0.6856293695
2.5422202517
-0.0663432592
0.1404848076
-0.2432156218
-2.5772253243
-1.5228807280
-1.4007956736
1.5915046772
1.7430093987
-1.3013252406
0.4567097330
-0.2518043374
1.6313706233
1.3914531408
-0.9690411817
0.6496941426
-0.1401842140
-0.4099339320
0.7777958875
2.1438074503
-0.8352553935
-1.3613033383
0.9468133798
-0.6550499829
0.1107940925
-0.7765504614
1.1985562149
-0.5366179137
0.2069124962
0.1492418615
1.3367379936
-0.0655955168
0.1301999419
1.9714171935
0.2777312024
-0.9238930084
0.0710256674
-0.4810598276
0.7680150306
0.4895281966
-0.1137129393
0.1453453225
-1.7812923366
-0.2887158108
1.7507844256
-0.6957986739
-0.2421071355
-0.3154945188
-1.9036778832
1.3789001606
-1.1874149190
-1.2409176679
0.4043907363
-1.1998177596
-0.7076371604
0.1336459235
0.0978432944
-0.2305031794
1.4096801157
-0.9174200640
1.5636643408
-0.3405395159
-0.4715524076
0.0961021508
0.6141005749
-0.6531944439
0.4594976525
-1.3022052737
0.2206692604
-0.0656846990
2.9527059125
-0.9195831420
-0.6027935028
0.9140787423
0.4230836432
0.4852592023
-0.6748178066
1.7027687895
-0.6866945152
-0.7294513795
-1.0051085616
2.4052630720
-1.0742556703
-0.2346095997
-1.0132802436
0.1311861614
0.5048488690
0.3548465757
-0.1984194366
1.0491188612
-0.9294705599
-0.4918972138
1.2595783026
0.3732011282
0.4245768534
0.0100150069
1.6600587215
1.4211178564
1.9229541874
0.9052388772
