19 14 0.04
7 0 0 0 1 0 2 1 1 1 2 1 3 2 3
7 0 0 1 0 1 1 1 2 2 1 2 2 3 1
6 0 0 1 0 2 0 2 1 3 1 4 1
8 0 2 1 1 1 2 2 2 2 3 3 0 3 1 3 2
8 0 0 0 2 0 3 1 0 1 1 1 2 1 3 2 2
8 0 1 1 1 1 2 2 0 2 1 2 2 2 3 3 3
7 0 0 0 1 1 0 1 1 2 1 2 2 3 2
6 0 0 1 0 2 0 2 1 2 2 3 2
7 0 0 0 1 0 2 0 3 0 4 1 1 1 2
8 0 2 0 3 1 2 2 0 2 1 2 2 2 3 3 0
8 0 1 0 2 1 2 2 0 2 1 2 2 2 3 3 2
7 0 2 1 1 1 2 2 0 2 1 2 2 3 2
7 0 0 0 1 0 2 0 3 0 4 1 2 1 3
8 0 2 1 2 1 3 2 0 2 1 2 2 3 0 3 2
13 9
15 7
9 6
14 7
2 9
0 3
15 7
14 12
17 8
5 0
14 15
4 10
7 13
13 5
0 0 0 0 1 0 0 0 0 0 0 0 0 0 0 0 0 0 0
0 0 0 0 1 1 0 0 0 0 0 0 0 0 0 0 0 0 0
0 0 0 1 1 1 1 0 0 1 0 1 1 0 0 0 0 0 0
0 0 0 0 0 0 1 0 0 1 1 1 1 0 0 0 0 0 0
0 0 0 0 0 0 0 0 0 0 0 1 1 0 0 0 0 0 0
0 0 1 1 0 0 0 0 0 0 0 1 1 0 0 0 0 0 0
0 0 1 0 0 0 0 0 0 0 1 1 1 0 0 0 0 0 0
1 1 1 1 0 0 0 0 0 0 0 0 1 1 1 1 1 1 0
1 0 0 0 0 0 0 0 0 0 0 0 0 0 0 1 1 0 0
0 0 0 0 0 0 1 0 0 0 0 0 0 0 0 0 0 0 0
0 0 0 0 0 0 1 0 0 0 0 0 0 0 0 0 0 0 0
0 0 0 0 0 0 1 1 0 0 0 0 0 0 0 0 0 0 0
0 0 0 0 0 0 0 1 0 0 0 0 0 0 0 0 0 0 0
0 0 0 0 0 0 0 2 0 1 1 1 0 0 0 0 0 0 0
0 0 0 0 0 0 0 1 1 1 1 1 2 0 0 0 1 1 0
0 0 0 0 0 1 1 3 2 1 0 0 2 0 0 0 0 1 0
0 0 0 0 0 1 0 3 2 2 1 0 1 1 1 1 1 1 1
0 0 0 0 0 0 0 1 4 4 1 1 1 0 1 0 0 1 0
0 0 0 0 0 0 0 0 1 2 1 0 0 0 0 0 0 0 0
-1.4634797888
-1.0332889342
0.6714116559
0.3465958276
-2.6581145789
0.2998019489
-1.3927319390
0.0290561169
2.2700269396
0.2026370309
-1.1404968384
-0.6910747340
-0.2128937744
0.1255884228
0.5014964460
0.7604981610
0.6264059550
0.0323336711
-0.8659908458
-1.7318025410
-0.3491417487
-0.2444660108
0.8976619218
0.6044639307
0.1670770950
-0.8741131290
0.1275860190
0.2097637559
1.2557157668
0.3369401968
-0.0602535011
-1.1915916209
-0.8936442430
0.8740240999
0.2924888603
0.7977803462
0.2971482244
0.2587854069
-1.2250746136
0.2785615559
0.3218638513
1.4653021514
1.1464243147
-1.1837281704
-1.1798857252
-0.0780105933
-1.3700355836
-1.5941285498
0.5715896411
-1.4237958871
-0.4162474683
1.4522347928
-0.1962095132
-0.6161347440
-0.8768463219
0.5220946639
-1.7705189483
1.2465532235
-0.4401588327
-0.4456523635
-1.4217501417
1.3304798123
-0.2545804304
-1.0682157757
-0.5485278085
0.9460951310
0.8522589339
-0.7385401404
-0.9457769680
0.0694913214
0.2266846251
-0.1404726329
-0.4470584503
1.3241288145
1.8842607894
1.0793543074
-0.7910134321
-0.3009466664
1.9321646862
-2.4133183312
-1.7709467255
-0.3135366667
0.8726378768
-0.2913367607
-0.6574245503
-1.1887127908
-0.0081983112
2.0882818772
-0.9519727013
-0.3078948055
-0.2597733205
-0.8887258339
-0.5955459082
-0.3364787342
1.7762863255
0.8080334044
-1.5799501794
1.6123655718
0.4042102772
0.5559522391
0.9730143812
-0.3134656303
-0.5533208478
-0.2121535446
1.7328634391
-1.6058980617
-0.8973480853
1.1461173234
0.6962344297
0.2127182387
-0.2261403925
-1.4897942007
0.7473098416
0.1647922709
2.2811097621
-1.2024895675
0.0878237920
-0.0388751412
-1.9445510411
-0.1924838108
-0.5487131303
0.4845815463
1.4708424203
1.2761323880
0.8308100460
-0.7996504415
1.6998892918
-0.9110758945
-1.6477426460
-0.6563359281
-0.2511579403
-1.2679753739
-0.1446030996
2.4731636949
-0.9351556727
-0.9346529349
0.3704526287
1.6830410918
0.3354015040
1.1482602313
-0.5174295171
-1.4024262636
0.2598721413
-0.1098899255
-0.2403407291
-0.4812606973
0.7352606662
1.3315413283
-0.7590651454
0.0816352378
-0.6997957898
-0.4369164935
-0.4119376060
-1.3761949450
-0.6435467616
0.0828332953
0.5348902699
0.8899749554
0.1519140842
1.1859718928
0.8416205349
-0.3540789171
-0.3487172657
1.2275537316
-0.4895295589
-0.0225992225
-0.2690686794
-0.0778482804
-1.2546176597
-1.0448383071
1.3679025742
0.3496889760
-0.0538102622
-0.7518119646
-1.1234515982
-0.2624610650
0.3621897221
1.2229671986
1.3624619905
-0.0174441721
0.5427475415
-0.5246327756
2.0460479633
-1.7953054495
-1.1053663895
-0.1001869756
-0.1414868131
-0.6173389025
-0.5617809010
-0.3374994565
-0.4539716323
0.0598567885
0.0092288443
0.5582852307
1.1339231405
1.6897365228
-1.1270499448
-0.0177562585
-0.0351747619
0.1155316027
-0.6227277278
0.1952941050
-0.1330909722
1.1054407107
0.7491255281
0.2092446150
0.2537266228
0.9481719166
0.8758244712
-0.3291262152
0.8772236793
-0.4644045868
-0.6889240522
-0.0082819201
-1.8803633751
-0.1513556996
0.9250937761
-0.9242984460
0.0039836206
-0.2296303762
-0.5414266355
0.5387120700
-0.0881136242
0.4694531671
1.2438768733
-0.3753991928
-0.5634159300
-1.8075911866
-0.8990947230
-0.1109410989
2.3430047249
-0.3843672836
1.5412133843
-0.6065279615
-0.3471732831
0.5326461158
-0.4280906535
2.3503041563
-2.4072914707
-0.7204363666
-0.9800999047
0.7287076720
2.8048427233
-0.7842490403
-1.3369924034
0.0127834701
-1.9331806060
-0.6918265409
-1.3062443589
0.4157559196
-1.0994558831
-0.9652180025
-1.4949056776
-1.4497317027
-0.4627843700
1.0697815629
-0.1322409565
1.1875514592
-1.0176712137
-1.6877061539
0.4722110426
0.2109732319
-0.8985599256
0.9738095245
-0.1956661059
-0.2122022833
-1.3836046944
1.0172584365
-1.3363531792
1.3685149585
-0.3569844187
0.0005948525
0.7133689338
0.2832241215
-0.3162195926
0.4026210468
-0.8272663536
0.1605285423
-0.8155297043
1.1042162305
-1.2521024939
-0.0536928291
2.0721740194
-0.3114760645
0.2028262109
0.5453213758
1.2017212361
-0.8317105636
-0.6094553226
-1.0639914524
0.1294595841
-0.4501765795
1.2674828159
0.3924853630
0.5503142546
-0.4266666815
-0.7466760264
1.2158190238
-0.0641410932
-0.2225782100
1.0918474709
-1.3691470994
-0.5172197801
2.7689041706
-1.3261782298
-0.6960956139
-0.3757945892
-0.2149622795
1.2539428483
0.2578413939
-0.8596586153
1.3546372785
1.6680173810
0.8832423996
-0.2713864811
-0.5057618541
-1.9782757435
0.5103233503
1.3746641512
1.4266063170
-0.2655635101
1.0712117758
2.8377587288
-0.4673774423
-0.3213890876
-0.3080048552
0.5435672105
-0.7175226850
-0.1442507533
0.3094258665
0.8863822667
-0.0432629219
1.7600662062
-1.6564892900
-0.7043975973
1.9038511808
-0.0611947332
0.1820360874
-0.0648887881
-0.5613535023
-0.1911085200
0.1231445520
1.4784274565
-0.1951758907
2.1590931940
1.5738080698
-0.2724005988
0.3899492063
1.0475368019
0.7427549384
0.4469329487
0.5321596613
-0.8595695540
-0.5570947860
-0.0715002632
0.5394052709
1.4445455300
-0.1822514390
0.7506066412
-0.6338220730
-0.7544036163
-0.5079827445
1.1864545176
1.9001437933
-2.1355360170
0.3341487280
1.3524648568
-1.0728353083
0.0107613981
-2.7886099386
0.0124536728
-0.2798865519
-2.1214278995
-0.8289616716
-1.9908685064
0.7673221594
0.6836959738
-0.0549972199
-1.1378387125
0.7316064318
-0.6678448760
-0.9817726305
-0.8669587867
-0.0601833746
-1.2882038901
0.5292115323
0.1746804573
-0.3484051955
-0.7297926870
0.3219976457
-2.3008983537
0.1074583470
-0.3081488437
-0.2925048298
0.7940720919
0.2719315570
0.6969319519
0.8131495321
-0.2001768085
1.4966349805
1.5601704467
-0.4468764362
-0.1860522823
0.7957317032
-1.7792835230
-0.8374658983
0.3569206224
-0.8857928185
-0.3610360303
0.2722035581
0.3698556654
0.2850701173
0.1716378769
-2.1551265859
-0.5997253422
0.8560901617
1.1284165621
-0.2921038133
1.0081552883
-2.6287955931
-0.2097256084
2.2846700389
-1.0324640047
-0.1791050845
0.7145617843
-0.3290921347
-0.3612613576
0.2988903402
-0.0100883925
-1.3020682172
0.5888120313
1.7337034213
0.2249332377
0.9685310713
-0.1937520481
-1.3710276374
-1.3518010237
-0.3723780120
1.4111571213
-0.1718349775
-1.1578820957
0.3981884246
-1.1170582079
0.8316600342
1.8124235838
-0.4524419101
1.2505275083
-0.7944606014
2.6300182536
0.8757694738
-0.0743674254
-0.0018173607
0.5164196091
1.9642996027
-0.5645476723
-0.7424869109
-0.7289901135
-0.6764183216
0.8075418980
-1.4682412629
-1.2788682101
-0.6391190717
-0.3928364705
0.4966770891
-0.0362006046
-1.4273923449
0.2682521437
-0.2638377712
-0.6408292098
0.1093104179
1.0167354014
0.3783062929
0.1450109549
2.0892309696
-0.5703783984
0.0476305458
0.0522577689
-1.1517261382
0.2426169892
-1.1949124243
1.5325550238
0.6886743390
-0.9710048157
1.6085649270
0.4394370181
-0.9212708847
0.4853193057
0.1461767735
-1.0262884619
-0.6614707650
-0.1559122679
0.4399773076
-1.6461475455
0.6777083253
-1.3286823732
-0.6941426930
-0.6420911629
-2.3164050880
-0.9213285218
0.1657755509
1.2446983842
0.3097661319
-0.8393420689
0.1473677626
0.7368561716
1.9090887880
-1.6877763206
-0.5088050536
0.5437439874
0.0803179948
1.1909044095
-1.3167940356
0.2134552990
0.0616415086
1.0173083058
-1.2740087372
-1.0859939481
0.7149135640
1.0568463608
0.6559384505
1.6491424126
-0.4543993706
-1.2012499675
-0.6554209444
-1.0132531425
-0.6504158159
-2.1134328628
-0.1272917954
0.6957403563
0.3113050486
0.3045634806
0.9151437191
-0.2586583101
0.2625637698
-0.4391901986
0.0761582055
-0.2693634867
-0.1474892241
1.4185713436
2.2784110060
-0.7602859454
-0.6051619737
-1.0300851977
-0.1990393312
0.4338544488
1.3571331315
-0.1431251587
-0.7544335824
0.5239905619
0.9910434876
-1.3080881234
0.2376042222
-0.3733837649
0.7683089004
0.3278388221
0.8186538600
-0.6479390906
0.5839917962
0.0287063405
0.9477043674
-1.1591506200
1.9447582249
1.2948058343
0.1425159900
-0.0817834069
1.4118705326
0.4422858949
1.6848175493
0.9447578632
1.6722929807
-0.4779428287
1.9528669466
0.7494046793
0.3706799094
-0.3271781841
0.2069359499
-1.3417452229
2.0340805051
0.0331944519
0.3650039183
1.6944753790
0.8807388970
0.1995023017
-0.3040962506
0.3439768875
0.9200997752
0.5838248474
0.5504770610
-0.2900730996
1.2899803203
-0.8865703752
-1.8593697696
1.0021968040
0.5211461784
-0.1520556089
0.6669644371
-1.3696820770
-1.0512690517
0.4416401472
0.8655762607
0.0176953770
0.9483236005
-0.7308651686
-2.3582402198
-1.5186363023
-1.5868589437
1.3089288436
-1.5263847108
0.7153153744
-0.2795324745
-0.0780518922
0.8950141103
0.0321032012
0.6121588432
1.5834084120
-0.3241472516
-1.2154114357
1.6734222570
-1.3482122568
1.2791124866
0.9213547417
-0.9479786711
-0.6382220660
0.2744212110
0.6525252951
-0.3640273486
1.4555945441
0.6673390295
1.5341322378
-0.7714822192
-0.5380597485
-0.5284780636
-1.3286355043
0.1162371344
1.4575395241
-0.6505767494
0.4169151314
0.9281349756
-0.5547663718
0.6605397127
-1.8394788725
-0.6520097276
-2.0379254473
1.2760447604
-0.6456558365
1.1881162064
0.6168962800
0.7869415881
0.5330296580
0.1610932477
-0.0970254546
2.1942640614
0.6063429056
-1.9639364948
0.4452992373
-0.4008538809
0.0033140442
-0.1082188108
-0.5447868143
0.4899513439
-0.2531793386
-1.0062103253
-0.4781604056
0.6775834946
-0.3044802748
-1.1122388660
0.5885959137
0.3482794500
0.7805796280
-0.0654624640
0.7809566706
-2.1687259563
-0.2023129333
-0.6943552749
0.3184000280
-0.3750484524
1.9031153468
-3.5360538582
-1.1879942621
0.4105180057
0.4518015147
-0.3683673245
-0.0291285416
-0.9893832207
-0.8940329025
-1.6747737178
0.6448137186
-0.9618627199
0.0602432224
0.5616607104
-0.9461499558
-0.2626177152
-2.1579357059
1.6907055273
0.7100577482
1.2460464728
1.6647380669
0.9877196058
0.5880497120
-0.2484570602
-0.3282582420
-1.2645109057
0.0065635156
-0.7113119782
-0.4990873721
-1.7529351061
-1.0520579359
1.5705799540
1.3009337543
-0.5486804546
0.7895845920
0.8363093579
0.3342394861
-1.7941399035
-1.0129222757
-0.4529053044
-0.5861896030
0.1954401562
0.1654960779
-0.6156665396
1.0076240627
-1.0576824078
