14 5 0.04
10 0 0 0 1 0 2 0 3 1 2 2 2 2 3 2 4 3 4 4 4
11 0 0 0 1 1 0 1 1 1 2 2 0 2 1 2 2 3 2 4 2 5 2
11 0 0 0 2 0 3 1 0 1 1 1 2 2 2 2 3 3 3 4 3 4 4
14 0 1 0 3 0 4 1 1 1 2 1 3 1 4 2 0 2 1 2 2 2 3 2 4 3 2 3 3
12 0 2 0 3 1 1 1 2 2 1 2 2 2 3 3 0 3 1 3 2 3 3 4 2
2 7
6 2
2 6
1 8
9 9
0 0 0 0 0 0 0 0 0 0 0 0 0 0
0 0 0 0 0 0 0 0 0 1 0 1 1 0
0 0 0 0 0 0 1 1 2 3 2 1 1 0
0 0 0 0 0 0 1 1 2 2 1 1 1 0
0 0 0 0 0 0 0 0 1 2 2 2 0 0
0 0 0 0 0 0 0 0 0 1 0 1 0 0
0 0 1 1 0 0 0 0 0 1 1 1 0 0
0 0 1 1 1 0 0 0 0 0 0 0 0 0
0 0 1 1 1 0 0 0 0 0 0 0 0 0
0 0 0 0 1 0 0 0 0 0 0 1 1 0
0 0 0 0 1 0 0 0 0 0 1 1 0 0
0 0 0 0 1 0 0 0 0 0 1 1 1 0
0 0 0 0 0 0 0 0 0 1 1 1 1 0
0 0 0 0 0 0 0 0 0 0 0 1 0 0
1.6799329596
-0.1658257726
-0.7546040457
-1.0917835716
-0.4477029973
-0.4625909118
-2.2182759063
-0.5188247374
0.3303720392
-0.5074092682
0.4827299029
-1.6313337189
0.8140215475
-1.0389448652
-0.2383689653
-1.3566865370
0.4172358675
-1.4291854669
0.6064649669
1.4016711078
0.3574829754
0.8607541309
-1.1472897956
-0.2009686215
-1.5169742601
1.3145535144
0.7132042999
-0.2010973783
-0.7458605740
0.8757048639
-0.8917035562
-0.3727521933
-1.2882310568
-0.2036839544
0.2079814453
0.9168036164
0.0481388154
-0.0577628956
-1.6005340496
-1.0661757685
-1.4715145546
0.1865787362
1.4320818618
-1.2312827522
0.5198988615
2.0296674272
-0.2470951245
-0.0403378531
0.1929104053
-0.7873442452
-0.6525320540
0.8333264261
1.7035075606
-0.0697549013
0.2825667477
1.8329909182
-1.1127764092
-1.2081584290
1.9375267937
-1.2728225758
-1.1132070805
0.0624172192
0.8732380647
-0.0327019394
-0.0556591708
0.4423491251
0.0233850291
-3.5083477704
0.9014594358
-0.2097869257
0.5833729274
-0.6428610902
0.2586358312
1.0274573725
-0.7919186186
-0.3115817719
-1.3274606938
-2.4775542867
-0.4693396791
0.5770313525
0.2776044082
0.6281835267
0.3143266691
-0.4002089601
-1.0841080515
-0.1335630650
0.3904800590
-1.2590936834
-0.0867863223
0.0486370973
1.0578137261
-1.2930120327
-1.2222026313
1.5585959629
0.2687467409
-1.6913669000
-0.5835636117
1.7440147408
-0.5922139533
-0.6492205016
-1.6099991062
-0.7110398261
1.4173679532
-0.1687144873
-0.9697953123
-0.0221559023
-0.4792635714
1.3767042263
-0.0469821641
-0.1181721223
-0.1540229038
1.6131401074
0.5662269431
-0.4742150660
-1.1591563532
-1.5410985215
1.1870744053
1.9604440247
-1.0907259758
-0.1059826962
0.3237404480
-0.2110045959
1.2132357410
0.4253669288
0.0061084969
0.7343143760
0.6727420869
-0.9687647688
1.9550169810
1.5592571785
-1.2357992769
-0.7176332545
-1.2942691886
0.9325981850
0.0751822381
-0.9071044841
0.0580257472
-0.5148562519
-1.3298979309
-0.8199468285
0.8221378940
0.9649865970
0.9336809302
0.4026456075
-0.2100003679
2.3895715515
-1.4614103422
0.9388944432
-0.0596082135
0.0793057642
-0.1468429428
1.5701922623
0.3515841196
-1.1947097734
2.8226342013
-0.7686843216
0.8392069528
0.2560463242
-2.0314552351
-0.4056719344
-2.7279392819
0.1488571627
0.4222143800
0.6793637415
-0.5484618344
-0.0881956901
0.9182461962
-0.9047990422
-1.3110035652
2.2103566289
0.9006913086
-1.5817194041
-1.4370007229
-0.2093907865
0.3002354658
-1.8284109494
0.0524263132
0.1541590977
-0.3441062672
2.3801626534
-0.0809324499
0.4809953063
0.4978778722
1.7102588391
-1.0710171422
-1.0429382187
0.3647054822
-2.0560058684
-0.7550484992
-0.2254307497
-0.2847934004
-1.0067933199
1.2039838100
0.7919435129
-0.1287757011
1.0376887087
-0.0218008968
1.1663669887
0.1106322340
1.0926418070
-0.6219108633
0.0951892863
0.2073378843
0.1184934627
2.2991184814
0.8689345690
-0.0892802171
-0.6355469162
-0.7054858869
0.1469940843
-0.1937182583
0.2683684925
-0.7069268195
-0.8971242951
-0.2285603441
-0.9844138312
-1.1750376641
0.1347748045
-2.4782831660
-0.9127753217
0.8359364193
-0.3943444727
-1.4588441563
1.5295060226
-0.1676079940
0.5778138067
-1.9588904427
0.7971022087
0.5919741106
0.5529772442
-1.3951387425
-0.7975728418
0.6546482030
0.3792150652
1.1163010401
-1.1093678689
0.1259267705
0.5909912729
-0.6873355578
0.1634289244
-1.4226012420
-1.0683547026
1.2047199946
0.3408476470
0.0903599980
0.8896508822
-0.3892077421
-0.8009330828
-0.7530951658
-1.2929617318
-1.4389797262
-1.1246502827
-0.4370282183
-0.8329670570
-0.7439833370
0.1886610685
-0.9468912029
-0.5992398471
-0.7095567599
0.7551014358
1.9730807295
-0.2374892626
-0.8207757032
-1.2101071225
0.7711784929
-1.0697377780
-0.4216441108
0.2562944007
-0.0923387497
0.8698772119
-1.6807704901
-1.5892229092
2.0562846045
0.2751846005
1.3637707666
-0.6085180926
0.2688810566
0.6083211387
-0.7307062627
-0.9077571877
0.4950621501
1.3448698979
0.0939805449
1.6653426044
0.8914289289
-0.7425944992
-0.1874917692
0.0417665749
-2.3315724271
-0.8873883492
1.2019828979
0.3493476187
-1.3265264084
-1.1006156426
-0.0236208945
-0.3218672580
1.2423757114
0.2205840981
1.0404650939
0.5613254215
-0.0412429564
-0.2525915091
0.2781551371
-2.3148745899
1.2253072425
0.9595293937
0.3697649800
-0.1838203463
0.7222219101
0.5328109302
-0.4024204298
0.8568543066
0.0748151907
2.3870022276
0.6621669337
-1.1069806007
1.1472014241
-0.3958827885
0.6554489085
-0.6032175444
-2.3028697902
0.8818620081
-1.6693199251
-0.4735499216
1.5160872988
-0.8252804372
-1.4018640427
0.1401841629
0.4016652238
-1.2311746403
-0.8726967742
0.9748547091
0.4541305741
-0.0897314995
-0.3096242615
0.3596392329
0.6250810388
-0.4675137755
0.8957994176
1.1851942454
-0.0491816570
1.2900003954
0.9022882383
0.5253760962
0.9871995987
1.0261903428
-0.2750517077
0.2847192632
0.0685744920
-0.4754580943
0.3923083474
-0.1654581524
-0.2257727887
-0.4299862347
-0.3357188351
0.9058488278
-0.6645083444
0.0802422907
1.2861323029
-0.7439408492
0.3852520839
0.9139677983
0.4137701565
-0.5145852488
-0.0865642867
-0.5444912493
1.5419056632
0.4420474657
0.0794897046
0.7356115949
0.0126442471
0.3519961222
-0.3922833532
0.9947703986
-0.2193507183
0.0697465140
0.6799741559
-0.5451196581
-1.0223709374
1.2038326816
0.1571172064
0.5770456435
1.0158636089
-0.2615618517
1.0504840337
-0.7889192936
-0.6021296027
-0.9397010448
-0.4614109378
-1.3693058523
-0.9651215801
-1.7095824822
