11 3 0.08
8 0 0 0 1 1 0 2 0 2 1 2 2 2 3 3 0
8 0 3 1 0 1 1 1 2 1 3 2 3 3 3 3 4
8 0 1 1 0 1 1 1 2 1 3 1 4 2 1 3 1
6 6
6 6
7 0
0 0 0 0 0 0 0 0 0 0 0
0 0 0 0 0 0 0 0 0 0 0
0 0 0 0 0 0 0 0 0 0 0
0 0 0 0 0 0 0 0 0 0 0
0 0 0 0 0 0 0 0 0 0 0
0 0 0 0 0 0 0 0 0 0 0
0 0 0 0 0 0 1 1 0 1 0
0 1 0 0 0 0 2 1 1 1 0
1 1 1 1 1 0 1 1 1 2 0
0 1 0 0 0 0 1 0 0 1 1
0 1 0 0 0 0 0 0 0 0 0
1.0699773155
-1.3652086326
1.2013865791
0.4162850441
0.2530808228
-0.1370622862
0.4888785686
1.0412620249
0.1228249416
-0.4241921962
0.9314519479
-1.0458802402
-0.5509726872
-0.7201179857
0.6023030778
0.0387433707
-2.5275046653
-0.3334880372
0.5171693543
0.5130424526
0.3690170560
-0.4259108824
-0.3419183779
0.1235318981
-0.2613109135
-0.0876900673
0.3164354664
-1.1108224348
-0.2792912335
-0.0660110627
-0.3662444256
-1.0076231407
1.2295342512
0.0361248982
-0.0379665100
-0.2528072260
0.3117012668
1.0832651188
-0.1597889881
-0.3652932535
0.5988940266
-1.1699246418
1.0099854274
-0.2314119950
0.5871481638
0.1569640941
1.2118882465
0.9038258931
1.5563050200
-1.5578970969
-0.0102222714
0.8380087822
1.1585213628
1.7754085197
0.8004565349
1.3175275776
-0.5143371923
-1.1643414245
1.1096335942
-0.2506298515
1.0049608939
0.6798738118
-0.6708983659
1.8395460914
-0.5277117432
-0.5994367079
-1.0667320624
0.1434752130
-1.2068859953
-0.2152447235
0.5128404566
1.6628066559
0.9054970932
1.0174135622
-0.0116677839
1.3884574142
-0.1466376274
1.1141149636
0.4999241085
-1.3059109009
1.6245202753
0.0109696746
-1.1976133209
0.5875576047
0.4214510650
0.0711960322
-0.0459340184
1.7861325517
1.4547413897
0.1941907082
-0.5526701225
0.1938176786
0.7335476120
-1.2846779916
-2.0087314602
-0.9765670530
-0.9644126993
-0.6439307307
-0.5589852164
0.7450790476
1.0101311375
-0.3723225944
0.3240771709
1.3520202581
-0.6274183207
-0.9697940787
-0.0894032072
-2.1003073696
0.9772865601
-0.3522327393
-1.0650536842
-0.3268817130
0.8008348401
0.1134216218
1.7400550353
0.6649123221
-0.4942525761
0.6834846818
-2.5343869305
-0.1748447169
0.6918030151
0.4640505303
0.8454508431
1.0337452218
-0.2537005462
-1.2739024907
-2.0233116661
1.4886363004
1.0161867899
-0.8852715389
1.0313193202
0.3124427469
-3.7199461327
1.5515163979
0.6214733897
-0.0069572889
0.1484903426
-0.6390381173
0.4760500698
0.8045774980
-0.1505542314
-1.0356312359
-1.1010765856
0.6685141619
0.1508419213
0.3979266282
-0.1471805724
1.2412506534
0.4192476785
0.0308902998
1.3111026699
-0.1815908111
0.1774432677
-0.2101194175
0.7413006119
0.1133214596
2.5300170586
-0.1940162985
1.1203783702
-1.4301473077
0.2275052465
-2.1945531711
-0.8668122666
-1.0372685402
-0.3430884699
-1.1159968567
1.1765087251
-1.6533707666
0.3813009287
-0.0333023346
-1.0025438113
-0.7211125108
-0.1988807436
-0.6221559319
0.9674832539
1.0012171665
0.6901918763
-0.8712921138
-1.5007497992
1.0096731436
0.4936469887
-1.6990133665
1.1306597013
-1.0093333300
1.1454846832
-0.3734398490
-0.6039534723
-1.1307447288
-0.5565790077
0.4153378951
-2.3716817552
0.5241802639
1.1479435501
0.8932107063
-0.3125477482
1.1093947007
-0.5952662293
-0.0207269493
1.3679661776
-1.2031844693
0.1563123309
0.1485507423
1.4993106014
-1.0195556625
-0.1244755136
0.9804391661
-0.4308975215
1.0525390298
0.0753192375
1.7677547541
-0.6788945326
-1.6856637627
2.1799397318
1.4822094837
0.3528345939
-1.0094931487
-1.9801467661
-0.1206606311
2.1764043863
-1.9518546459
0.2540405507
0.4040587607
0.5244464524
-0.0146320063
0.7750425749
-2.2322102936
-1.0402569143
-1.6325164013
0.1332619786
0.0517300023
-0.0276893628
-0.0404050177
0.9005049444
1.3853658371
0.0536965064
-0.4128178334
1.1017162473
-0.0782526303
-0.2763699977
1.1442539491
0.4277433523
0.5488046347
