10 2 0.14
6 0 1 1 1 2 0 2 1 3 1 4 1
7 0 1 1 0 1 1 1 2 2 0 2 1 2 2
5 0
1 7
0 0 0 0 0 0 0 0 0 0
0 0 0 0 0 0 0 0 1 0
0 0 0 0 0 0 0 1 1 1
0 0 0 0 0 0 0 1 1 1
0 0 0 0 0 0 0 0 0 0
0 1 0 0 0 0 0 0 0 0
0 1 0 0 0 0 0 0 0 0
1 1 0 0 0 0 0 0 0 0
0 1 0 0 0 0 0 0 0 0
0 1 0 0 0 0 0 0 0 0
0.6144681504
-0.3001321301
-0.0700492701
-0.1339039430
1.0144227102
-0.3515254480
-0.9759462820
-0.0983084003
-0.7541020914
1.7061411128
1.2132418943
-1.3726012622
-1.4925114292
-0.9040758683
0.6556836627
-0.2380996019
-1.4178511761
0.1013636216
2.1002208548
-0.4748333429
0.0758262759
2.0151521472
1.8206376141
-0.7071483478
-0.0717799700
0.9501152066
1.1532616926
1.4376470872
0.7537063443
-1.0861822925
0.8120405887
-0.7355158648
0.2637192858
-1.3782797162
-0.2735200924
-0.9674901207
-0.3154011013
1.3287190909
-0.2056188291
-1.0629792268
0.3602916421
1.5176468325
-1.0327437395
0.7731252835
0.3160905238
-2.2129195274
0.5534419457
0.2262840102
-0.8559584189
0.6091913953
-2.3123390872
0.5606388675
0.5521558685
1.9363723629
-0.4193994149
-0.6418616579
-0.0516400221
0.8931459962
-0.8144714925
1.5470886884
1.0916405554
-2.2597901386
-1.3623805914
2.0004146898
0.6431770965
2.4431773450
-1.1691080889
0.9404139423
0.3908893839
-0.2755521947
0.4522738217
0.1205386526
1.1322662485
-2.3260455795
-0.4386983860
0.7476394112
0.6620319273
-0.5523921470
-0.4538459499
-1.8390144449
-0.4021700793
0.0950212314
0.4532251309
0.5002903508
-0.6372431985
-0.5100301088
-0.3809611364
0.2010788239
0.0370707041
0.7677693036
-1.9988850824
0.0758469215
-0.0944514860
0.6502671261
0.9619961384
1.5657313073
-0.7226415653
-2.2482248241
1.2771245719
-0.6909944389
-0.5182075139
-2.0092457173
-1.8164869367
-0.3887090848
-0.9421481958
-0.2335225374
0.7746326474
0.3062316925
0.9524987070
0.8402222723
0.3861725179
0.8162085855
-0.9728770164
-0.6158044162
0.2078858391
1.3869589410
0.1138501938
-0.3738134512
-0.5221360513
1.7165989178
1.3091167040
0.1961965102
0.2628643727
-1.0703234750
1.0803258380
-1.9149577539
0.3025278248
0.0505219280
1.1114087234
-1.4504685026
-0.6386966403
0.7130413336
-0.6652372879
0.5120492301
0.2221458460
-0.2068265111
-0.2124818037
-1.0282982732
0.8913641482
-0.5059855275
0.9101276232
-0.4262936293
-0.6567252091
-0.6269631854
0.4785408815
-0.0271874523
0.8497051417
2.6386828147
-0.6444512210
-1.2646861297
0.4408404008
0.0669796037
0.7227897590
-0.1989034130
0.3356010807
-0.3544194755
1.7893781449
0.3511904761
-0.2182957999
-1.4136338700
2.0083699781
0.5851161835
0.1828528697
0.6668771330
-0.4991329042
-1.8104235511
-0.3207365615
0.9896232299
-1.4291803794
0.6763813315
-1.0030034034
0.2478393487
-0.0922413406
0.6688272108
-0.1719582631
1.5253458614
0.7452658941
0.1094978840
0.7996448609
-0.6806259373
-0.3220276885
0.0251325671
-0.9442343114
-0.2865224833
-0.5716662026
0.5612378954
-1.1196665454
-0.5388577639
1.1873665441
-0.7046011516
1.3126739190
0.5098080709
0.4629448656
0.0736186642
0.3535995440
-0.6077381267
-1.1908176302
-0.9345412444
-0.8949712646
0.6309476617
