13 6 0.15
8 0 0 0 1 1 0 1 1 1 2 2 2 2 3 2 4
8 0 0 0 1 0 2 1 1 1 2 2 0 2 1 3 1
8 0 0 0 3 1 0 1 1 1 2 1 3 2 3 3 3
7 0 0 0 1 0 2 0 3 1 1 1 2 1 3
7 0 0 1 0 1 1 1 2 2 0 3 0 4 0
7 0 0 0 1 1 0 1 1 1 2 2 0 3 0
3 6
2 10
6 9
7 5
8 9
9 4
0 0 0 0 0 0 0 0 0 0 0 0 0
0 0 0 0 0 0 0 0 0 0 0 0 0
0 0 0 0 0 0 0 0 0 0 1 1 1
0 0 0 0 0 0 1 1 0 0 0 1 1
0 0 0 0 0 0 1 1 1 0 1 1 0
0 0 0 0 0 0 0 0 1 1 1 1 0
0 0 0 0 0 0 0 0 0 1 0 0 1
0 0 0 0 0 1 1 1 1 1 1 1 1
0 0 0 0 0 0 1 1 1 1 0 0 1
0 0 0 0 1 1 0 0 0 1 1 1 1
0 0 0 0 1 1 1 0 0 1 0 0 0
0 0 0 0 1 0 0 0 0 1 0 0 0
0 0 0 0 1 0 0 0 0 1 0 0 0
-1.7448046259
-1.2276346026
1.0502119983
-1.1575749895
1.1345584731
-1.4823434758
0.2459774975
-1.2094975782
-1.7417017437
-0.9616163414
2.0874220499
0.3929455269
0.3256414043
0.0474671033
-0.4702693567
1.0630550695
-0.1178431719
-0.7361159802
0.0194567876
-0.2342664551
-1.1065037614
-0.9158214660
1.6841540761
0.0541136231
-1.3449338420
0.3957474930
1.7030709992
-0.1709205926
0.1561471339
0.0683796232
0.0611059742
0.8781646279
-0.0433497224
0.6933901123
-0.6818032973
-0.8256605580
1.0133535682
0.4980273970
2.0635804644
-0.5874322984
-0.2704371293
0.8378444905
1.3060095230
0.2023827333
-0.0218698188
-0.3763471273
0.5429264324
0.0900540764
0.4823175504
0.5603264632
-1.0732694584
0.7512126350
0.7535865599
0.0124306122
1.1858091277
-0.5733163597
0.6107418945
0.8618587175
-1.2743032455
0.8601019409
-0.7500120750
0.4019422832
-1.4132257041
-1.0198130916
-1.1274086539
-0.9467196919
-0.2264984716
1.9154996817
0.5269698225
-0.6128096574
-0.4323400218
-0.7689410634
1.3922481428
-0.8435834291
-0.9645803417
-1.3924458641
-0.9551091018
1.1703470500
0.7643202788
0.3796032048
-1.1531768737
-0.2208906049
0.5403822456
-1.0182234577
-1.0530381717
0.5816923186
1.2194092330
2.1792568619
-0.3881138932
-0.7862039811
0.4376021044
-0.0122788646
0.6505316968
2.0525416020
0.0281566110
-0.1578183450
0.5548129224
0.2192882619
0.6356087725
-0.9761348630
0.5282519044
-1.1432485188
0.5671987696
-0.4368186519
0.1004265848
-0.0361737494
0.2053040187
-0.3937704095
-0.6455905777
-0.6753114063
0.1071653133
-0.3542190246
-0.3765238835
-0.4237928769
-0.0351578909
-0.6696651439
-0.0473508861
2.4786253547
1.0833088899
-0.7530131158
-1.6240889346
-3.0975671046
-1.1052557764
0.1207879204
-1.3774756342
0.8012169704
-0.6559567431
1.6513938291
-0.5922134355
0.0132031476
-0.5996712828
1.3494853413
-0.8352307074
-0.0579850986
0.7920305741
-0.3219927843
0.8047238996
-1.1972984369
2.4561581217
-0.1127266102
0.9369672314
2.0927047894
1.9315570888
1.5329198486
0.2620098556
2.0478166073
-0.2154211199
0.5910322225
0.0483369620
0.2714875849
2.4429066315
-0.6271629055
-1.0406035231
1.3043052126
2.0318416008
-1.0751591463
-0.7645752142
0.7818603430
-0.5384353217
-0.6520019884
1.0726235971
-1.1675785287
0.8591109818
0.5943901075
-0.0688024537
0.5234635403
0.3417897770
-0.8648053120
0.2790188775
-1.6319622515
0.8101204153
-0.0153360080
-0.4847159848
-0.4915235411
1.5408577562
-0.8143462571
0.0960447758
-0.1673486122
0.0387633513
-0.2861215863
-0.3093421086
-0.7807494990
-0.2118203422
-0.1416927207
0.0620219874
0.7385800754
-1.4519843949
0.8921762026
1.1526543697
-1.1789108028
0.8017380537
1.4519524022
-1.0559622189
0.6113487763
1.7509677988
0.0613914597
0.0811511797
0.1338852988
0.9550556456
-0.1090512510
0.0136215304
-2.1553328183
-0.1593365304
0.8905868998
-0.2843177041
-1.5163370309
0.3524492406
2.3207140534
-0.9661557833
-1.7216997134
-0.8274856939
-0.2854804128
0.5241782857
-0.8375161299
0.1830675411
0.5725884013
0.4444310065
0.8264246915
1.1250579505
-0.7915857076
2.3709867274
0.1621202283
-0.9831001038
1.5194032449
0.3607762058
1.4539967990
1.4607083416
2.2414847057
-0.8306080493
0.3056926138
1.1482870492
-0.3329536293
-0.4988869937
-1.1175762315
-0.8555410145
-0.4807848162
0.4633075519
0.5221536245
-0.3217886869
-0.7360564424
-1.0763901111
0.9514277700
-1.7595888322
0.6620385497
-1.1323508005
0.0553508173
0.1932140739
-1.3742139828
0.2782936793
-1.3710970051
2.1209265788
-0.7678875654
-0.2565710139
-0.9611732280
0.6092332314
-1.8229464589
-0.4407135800
-0.5332596016
-0.3052781227
-1.0284059630
-0.7100822369
-1.6086466128
-0.3716938192
1.7353191154
-0.3589765510
-0.7045710815
-0.5735704667
-0.3223385398
0.1586136632
-0.0015973629
0.2747029953
-0.9113486447
-0.2233161722
-0.7699518757
-0.0051196691
-0.9976250851
0.4388370840
-0.9668049949
0.4899730319
-0.4888116065
0.7708578580
0.5066083870
0.6275701929
-1.7606851491
0.4448479669
0.9986371294
0.1479833716
-0.4887330441
2.5477064553
-0.7512436990
0.4361775735
-2.2502454589
2.0356911102
-0.0658021897
0.4713854176
0.2591373252
-1.4155788858
0.1057097918
-0.9572545782
0.9703585566
0.1703839860
-3.0358832161
-0.7555766754
0.5643654836
0.1347022481
-0.9141315043
0.2042671888
-0.3421551629
-1.6875295918
1.9822606738
0.7103354137
0.9771803208
0.6341513381
1.2036752824
0.7184148499
0.4761872001
1.1141628088
0.4677533995
1.6858937235
-0.5480254462
0.1265505118
1.6915687533
2.0519799037
-0.5231143731
-2.3594407504
0.1733216300
0.4159370712
-0.1329932981
0.5232113425
0.7066526048
-1.2002698201
-1.4275379351
-0.2124023172
0.3005654321
0.2419492657
1.0678944175
1.1957806168
-0.3317071867
