15 10 0.19
5 0 0 0 1 1 0 2 0 2 1
11 0 0 0 1 1 1 1 2 2 2 2 3 2 4 2 5 2 6 3 4 3 6
5 0 0 0 1 0 2 1 1 2 1
10 0 1 0 2 1 0 1 1 1 2 2 1 2 2 2 3 3 2 4 2
11 0 0 0 1 1 0 1 1 2 1 2 2 3 0 3 1 3 2 4 0 4 2
7 0 0 1 0 2 0 2 1 2 2 2 3 3 0
13 0 0 0 3 1 0 1 1 1 2 1 3 1 4 1 5 1 6 2 1 2 2 2 3 2 6
11 0 3 1 0 1 1 1 2 1 3 2 2 3 1 3 2 3 3 3 4 4 2
8 0 1 1 1 1 2 1 3 2 1 2 2 3 0 3 1
9 0 2 1 1 1 2 2 0 2 1 3 1 3 2 4 1 4 2
1 8
0 6
10 8
8 3
1 6
11 0
6 2
8 0
6 7
1 11
0 0 0 0 0 0 1 1 0 0 0 0 0 0 0
0 0 0 0 0 0 1 2 2 1 0 0 0 1 0
0 0 0 0 0 0 1 1 2 1 1 1 2 1 0
0 0 0 0 0 0 0 1 2 1 1 1 2 0 0
0 0 0 0 0 0 1 1 1 0 0 0 1 1 0
0 0 0 0 0 0 1 0 1 0 0 0 1 1 0
0 0 1 0 0 1 0 0 1 0 0 0 0 0 0
0 0 1 1 1 1 1 1 2 1 1 0 0 0 0
0 0 0 2 2 2 0 0 2 1 0 0 0 0 0
1 1 1 2 1 1 0 1 1 0 0 0 0 0 0
0 0 1 0 1 1 1 0 1 1 1 0 0 0 0
1 1 1 1 1 1 0 0 0 1 0 0 0 0 0
1 0 1 0 0 1 0 0 0 1 0 0 0 0 0
1 1 1 1 0 0 0 0 0 0 0 0 0 0 0
1 0 0 0 0 0 0 0 0 0 0 0 0 0 0
-0.5628155407
1.4172593445
-0.1775241855
2.1732030307
1.8800193762
-1.1106147690
1.4641672452
-0.1133475289
-0.3159226222
-0.5348347382
0.3139123387
-0.9573080599
0.3900680722
-0.3201504369
-0.2003349023
-0.4346665343
-0.3789915889
0.2880780995
-0.6089557166
-1.5493439967
-0.5578405079
-1.0021143396
-2.0127147020
-0.8393953263
0.1375357248
1.7975506634
-0.2385391960
0.0873689978
-2.7996262257
0.9562881646
-0.1995134852
0.8969440735
1.2913507201
0.6390011897
-1.9387860362
-3.1583885203
0.7761050419
1.2265088796
0.2516143740
0.0612316705
0.2355946705
0.3296549645
0.2824210032
-1.6386274226
-0.4768965924
2.1481673224
1.3203243043
0.3826521072
1.2214195116
-1.2633611326
0.6305888282
0.0985125038
-1.0496820925
-0.2241189406
0.5086301845
-0.6649153822
1.0796175023
0.0834564896
0.2165009114
-0.1087052677
1.1127602465
0.3557428164
-0.3413787060
0.9372604656
1.0967411090
-0.4876357850
1.0054937153
0.1296828761
0.9970030726
-1.5403777521
0.6909561290
2.3983437342
0.1414991351
0.0473991309
2.3363440697
-1.2512823111
-0.1562315921
-0.3505348340
-1.2396036675
0.0753943032
0.8780047840
-0.3190094499
-0.8925790539
-0.9443228957
0.6993236307
1.5098899075
0.7384325814
1.2006297085
-0.8054236271
0.4881373121
-1.0683832663
0.2293785215
-1.2291480101
0.3364502394
0.7965320159
0.7562740124
0.9498060350
-0.7816146529
-0.3383466109
-1.8635578564
-0.0059509989
0.9181273303
0.0287606526
-0.1467885572
-0.1269006543
0.0403055503
0.7849344863
-0.2269173349
1.5078376815
-0.1105347207
-0.1934471917
-0.6680950452
-2.1825410519
0.0242693591
-0.6551383541
1.2432005665
-0.0465638987
0.6304492700
2.1407878866
0.2562926334
-0.0455959492
0.6943400837
0.0346160551
0.5862040669
1.3133626962
0.1094530241
0.8177631148
-0.9860605545
1.0218332583
1.8391239932
-0.0563973193
0.2836379240
1.0260360645
1.3087632898
-1.5345098586
1.1371962126
-0.5756434048
-0.0613404505
-1.4731664570
0.3518173313
-0.5897439393
1.0210968072
0.3194345817
0.0907642017
-0.5832054756
0.5155613778
-0.0818448638
-0.1494289948
1.7503012875
-0.1225174278
1.2217641144
0.6501308662
-1.1337852322
-1.5759088694
0.2759308454
0.9087581952
0.5146371967
-0.3054789071
-0.3644507647
-0.6048103111
-0.0822187496
2.9404946730
1.0274941727
1.5544925379
-0.6135591157
0.3121180851
2.5575042690
-0.0208542997
-1.3709916597
-0.0658030848
1.6604793919
0.4151007520
0.2518774208
-0.6123676806
-0.3385785973
0.0418583146
1.4596660827
-1.2303119389
0.8727561981
-0.0151026951
-0.4873808486
-0.4926344349
-0.0825879089
0.2726720699
1.1010036378
-1.0710776609
0.8547152950
0.6004861395
0.2326953684
-0.6728511160
1.5133587053
2.4356044595
-1.0535361738
-1.6448787806
0.0372963243
0.5682159285
0.6127007676
-0.2475337296
-0.9864656529
-0.4730604700
0.5363538271
-0.4052173473
1.0576531874
-0.0120796748
0.8183718217
1.5327712942
0.3353391453
-0.8595576167
-1.3380210055
-0.0771171991
-0.2529284254
0.0978631998
-0.4690580618
-0.6386691442
-1.2021450059
0.7336942990
0.6586529666
0.1867104274
0.0419675748
0.2847748856
0.7108253655
-0.3004466660
0.4361296915
-0.6719863337
0.2380931509
0.6756014338
0.6795154637
2.1705498075
1.1321125016
0.8268200931
0.1292691249
-0.3996580270
-1.4824264579
2.0360432837
-1.8793873609
0.2944973264
1.1200535915
-1.4241644313
-0.3724479970
-0.4203381928
-1.0999851342
0.5379714872
0.6676436246
0.8257566154
0.9730144774
1.8827429044
-1.3728616908
-1.6186190941
-2.4417424410
-0.1024636809
-1.5965684906
-0.8860432926
-0.5465848874
0.1372187911
0.4991439073
0.5079950736
-0.2069138995
-0.9467666363
-1.5453466563
-1.1382793576
-1.2289919443
1.5657693619
0.0532044707
-1.2587859820
0.2378641214
0.7109641206
1.2507423087
-0.8242158166
0.5372198627
2.0678186206
-0.5803563381
0.8241900239
-2.0629072284
-0.6190842396
-0.5566209375
-0.3883644773
1.3645901470
-0.3486773680
1.9753460551
1.9016875482
-1.2806437627
-0.6058201585
0.0313542506
-1.6805282050
0.2793291942
-1.7567792500
0.3530380168
-0.3830479315
-0.3405223742
-2.1361222770
0.6883569202
1.1230756715
0.3376021369
0.1961238567
-0.7537551902
-1.4248910431
-1.9359601128
-1.9540903157
-0.6211794073
1.3148268207
1.4723926763
-1.3694030835
0.7828287964
-0.7005431786
1.2436677140
-0.0379794582
0.3970331629
-0.6601544539
2.0603530597
0.4010216967
0.1681006323
-0.0237902813
-0.6887905300
-0.9500643955
-0.8907774331
-2.2803020296
0.7889044945
-0.8405982633
0.7534564631
-0.1746756090
-0.8191108261
-1.3219206310
0.7957246503
-0.2440654883
1.7154574961
0.3030807192
-0.6075704887
-0.1241598961
-0.4024838230
1.4026798998
1.5428411260
-0.8073868929
-1.1674788456
-0.4782654214
0.2810598987
0.9368105911
0.0276255523
1.5731986013
0.0608405557
-1.6427011174
-0.5964129886
0.1572658534
-2.4496539837
0.4276877565
-1.4688665141
-1.4381028595
0.6311568418
-0.4131847489
-2.1505950666
-1.2702168033
1.5896124813
-1.6666362406
-1.0099139379
-0.3509664344
1.1089905349
1.3809063286
1.6454230738
-0.4867430096
-0.5590374854
0.8096477193
0.8117737037
-0.5870878888
-1.2225381354
-1.5459722026
-1.6132908099
-0.7492789169
0.5976507649
0.2709705882
-1.4156736987
-0.1413429416
0.9754528222
-2.1228563708
0.2450041603
-0.0154210278
-0.6621782779
1.0820805740
2.6107641094
0.0014520213
0.9401820230
0.2696622325
-0.4515231875
1.0706657746
-1.2459209014
-0.1291724262
0.0473987557
-0.1675626357
-0.0146719761
-0.4360229712
-0.6006011097
-0.8042532330
-0.1050491593
0.1881349994
-0.2508094990
-0.2418971659
-0.6050212104
-0.6572011559
-0.3484682501
-0.3250577008
-2.5499713336
0.0917761220
-0.4312560159
0.2836597705
-0.7879810612
-0.9988163611
-0.6072646760
-1.8687766723
0.2825887135
0.1407967763
1.7215571361
-0.6324733925
-0.2672143991
0.3277579912
-0.3248065068
-0.7440403000
2.0260180660
0.5401829645
0.1263905435
-2.2067711951
0.8188420044
-0.8030924164
-0.9132527037
-1.2778617734
-1.6325931592
0.3836162548
-0.4644346302
0.9852897552
1.6247585510
-2.2507982546
-0.1920876459
0.1744928752
0.7953005990
-0.0558661205
1.2723813841
-0.4315403263
-0.4035936398
-0.3119670058
0.6620529681
1.9477044260
-2.1122838405
-2.3143010462
-1.4904093736
-0.1845136346
-0.5428411671
-0.4443811772
0.1059711218
-0.1425508198
-0.3970493570
-0.2806000858
0.2923876232
-1.9810999085
