13 5 0.05
10 0 1 0 2 1 2 2 0 2 1 2 2 3 0 3 2 3 3 4 2
13 0 2 1 0 1 1 1 2 2 2 2 3 2 4 2 6 3 3 3 4 3 5 3 6 4 3
11 0 0 1 0 1 1 1 2 1 3 2 1 2 2 3 1 3 2 3 3 3 4
16 0 3 1 2 1 3 2 1 2 2 2 3 3 2 3 3 4 0 4 1 4 2 4 3 4 4 5 1 5 2 5 4
18 0 4 1 3 1 4 1 5 1 6 2 0 2 1 2 2 2 3 2 4 2 5 2 6 3 1 3 2 3 3 3 4 3 5 3 6
0 1
4 4
4 4
0 3
2 3
0 0 1 1 0 0 1 0 0 0 0 0 0
0 0 0 1 0 1 1 0 0 0 0 0 0
0 1 1 1 1 1 1 1 0 0 0 0 0
0 1 0 1 1 1 2 1 1 1 0 0 0
0 0 0 3 3 2 3 2 1 1 0 0 0
0 0 0 0 4 4 3 3 1 1 0 0 0
0 0 0 0 0 1 2 1 1 0 1 0 0
0 0 0 0 0 1 1 2 2 1 1 0 0
0 0 0 0 0 0 0 1 0 0 0 0 0
0 0 0 0 0 0 0 0 0 0 0 0 0
0 0 0 0 0 0 0 0 0 0 0 0 0
0 0 0 0 0 0 0 0 0 0 0 0 0
0 0 0 0 0 0 0 0 0 0 0 0 0
-0.2290810662
0.7778395796
-1.0382791459
0.3239979997
-0.9247764649
0.6356330708
0.7008582525
-1.2848246145
0.0923041042
-0.4144150550
0.0720672627
0.8564637883
1.5271322315
0.5179437238
0.0669440235
-0.2406688750
0.9229883491
0.3246069827
0.1035997428
-2.0586086089
-0.6285586241
-0.3841992804
0.7032647797
1.2810920328
0.7093114840
0.6895432432
-0.5556801971
-0.2411292247
2.1236549246
0.7950579999
-1.2065351607
-0.0971511168
-0.1976825909
-1.2387448153
0.8427137327
-1.5860331528
-0.5900653959
-1.5425427136
-2.1203976658
1.0214607699
-1.7025699933
1.9887773426
2.1074192181
0.3224016414
-0.6218937727
-0.1310371760
-0.4187496060
-0.2938228412
-0.5822863203
-0.4833449778
-0.6276117215
-0.4440492651
-0.0796927761
-0.4455127745
0.2896484257
-0.4128846071
-2.0722433756
1.0478409301
0.6133562998
1.4133100102
-0.0266286668
0.0613292202
-0.1634287406
1.5251484447
1.1505509461
1.4176949369
-1.8772024913
-0.2054496939
1.0353089597
-1.2884074015
-1.5117550722
-0.4017192423
-0.1100320070
-0.7214271940
1.0028927134
-0.5257757469
1.3522177732
-0.5584316619
0.7181843939
-0.2881834536
0.6964905527
1.3715378969
0.1288128523
0.5573773857
2.2622621214
-1.7075725220
0.3332224374
0.7690672341
0.2620595211
-0.8898018707
0.1346228059
-0.1257282782
-0.7212893290
2.3440464934
0.9303344339
-0.6331169512
-0.9751985875
1.4466440712
-0.1413666328
0.8423280820
-0.1354732929
-0.5593705405
1.2374384925
-1.9353156784
1.9655972331
-0.2668976437
0.0795960992
0.7705300892
0.7999499959
-0.6341805129
-0.0568871098
-1.3248646911
-1.1238413002
0.3868201662
-1.3905684945
0.6044557822
-1.0410142804
-0.6950429203
1.3880877755
-0.3891866650
-1.1905187327
0.0009775750
-0.1151780453
0.9698488692
1.3018820082
-0.0518855059
-0.4870277348
-0.1848882614
-0.3749050633
-1.2486580567
-0.8180334899
0.2975769494
-0.3766263734
0.0965078422
0.4223713457
0.1189489605
-0.4602092186
1.3762203942
0.5563727826
-0.4789548558
0.6356821742
0.7431031709
0.0443645098
-0.5116875374
-1.4664859777
-0.2309395768
-0.7973216428
0.0046229096
-0.3868673108
0.0892471443
-0.2690174863
0.9451946459
-0.6294447045
-0.6999824842
-1.9044196677
-0.3207457955
-0.1638028255
-1.0500657207
1.2571126153
-0.3819081510
-0.4529383078
-0.7020817150
0.6877188330
-0.2741184555
1.3642480112
0.7371297083
-1.3114172454
-0.5913955556
-0.6831636238
3.5251665122
1.5791174363
1.5393012135
0.1221859775
-0.7663372036
-0.3452204048
0.4304694415
-0.2707503838
2.1841713931
-0.7108898459
-0.6760864103
0.4348016231
-1.4003792302
0.6351624734
1.1643749039
-0.6181277409
-1.4320051764
1.3594091374
-1.0636402458
0.4537732525
-0.5667500041
-0.1511290877
-0.6280128012
-1.1089786081
0.3503679418
-1.0114498835
0.7465144756
-0.4324246553
-0.1602879110
-1.4559438318
0.8352054455
0.2011345578
-1.4780587268
-1.1110418874
0.8122955529
1.0293464410
-0.2360125609
-1.1742512945
-2.0919529258
-1.2049326045
-0.6261486082
0.6891194725
-0.1176461888
-1.7778064225
0.4528259879
-0.9525607276
1.2686213857
0.7880821810
1.2484373024
0.5082416688
0.2419840508
0.9545400572
0.2351181840
-0.0593726537
-1.2996013096
-1.6732248055
-0.8808133647
-0.5244512849
0.1897863096
0.8033398678
-1.1929579745
0.5544281219
-1.2652173297
0.9861097694
1.0097702836
0.7123566220
1.6886124779
1.8923951316
0.8576490541
-0.3449486535
-1.0752428548
0.9406765753
0.7831366860
1.6711770621
-0.6634848957
0.9568404862
0.7345332947
-0.7602766267
-0.0512346244
0.4994883241
-2.3204137663
0.0263734561
-1.1469779177
-0.6129400250
1.8547827478
-0.3398524250
-0.1723328314
0.5478658965
-0.7839619832
0.5499148414
1.9097504283
0.9298248635
-0.4162613059
0.8051612198
0.3958216897
1.4595131252
0.4219071578
0.5064468880
-1.6987507365
-0.2763585626
-0.1853329757
-0.2146861475
-0.1101865329
0.1248256756
0.8929835867
0.8668406694
0.5226331807
1.5574262754
0.3091304978
1.4454993797
-0.5169622588
-0.4438818538
0.7502804152
0.4695671204
0.7585119536
-0.6664566687
0.0896658605
0.4054203039
-0.2563576738
1.1141082439
0.2965816901
-0.0172253040
-0.1668744464
-1.4168898720
-1.4295427389
0.1512553439
-1.8760962547
-0.1634583205
-0.0162854975
0.6235540805
0.9592120777
-0.1884267399
0.5625953539
-0.5582086517
1.1387262385
-1.3019009509
0.1587360489
1.4325952387
1.1255714458
-0.8002946198
-0.7244016329
0.3404312109
-1.7185305806
1.1491121511
-2.5814466498
1.5659373635
0.4274813577
-1.2572083582
-0.7253777359
-0.6799612337
0.4740553748
-0.3214059933
0.2983768395
0.6643423671
1.8667336673
1.2208757531
0.6465516351
-1.1540577570
1.0559736475
-0.9497312309
0.8969895540
-1.8535471738
-1.0692073440
-1.5291384938
-0.3237339229
-0.6395777157
-0.2793988339
-0.7045203883
-0.4441771643
