15 5 0.09
19 0 3 0 4 1 3 1 4 1 5 1 6 1 7 2 2 2 3 3 2 3 3 4 2 4 3 4 4 5 0 5 1 5 2 5 3 6 1
27 0 2 0 3 1 3 2 3 2 5 2 6 3 3 3 4 3 5 3 6 4 0 4 1 4 2 4 3 4 5 5 1 5 2 5 3 5 4 5 5 6 2 6 3 6 4 7 1 7 2 7 4 8 1
17 0 2 0 3 0 4 1 3 1 4 2 2 2 3 3 0 3 1 3 2 4 0 4 1 4 2 4 3 4 4 5 2 6 2
19 0 2 1 2 2 2 2 3 3 1 3 2 3 3 4 1 4 2 4 3 4 4 5 0 5 1 5 2 5 3 5 4 6 2 7 1 7 2
21 0 2 0 3 0 5 1 0 1 1 1 2 1 3 1 4 1 5 2 1 2 3 2 4 2 5 2 6 3 1 3 4 3 5 3 6 4 4 4 5 4 6
0 7
5 8
1 2
7 10
10 2
0 0 0 0 0 0 0 0 0 0 1 1 0 0 0
0 0 0 0 1 1 1 0 0 0 1 1 1 1 1
0 0 0 0 0 1 1 0 0 1 1 0 0 0 0
0 0 0 0 1 1 0 0 0 1 1 0 0 0 0
0 0 1 1 1 0 0 0 0 1 1 1 0 0 0
0 0 1 1 1 1 1 1 1 1 2 1 0 0 0
0 0 0 0 1 0 0 0 1 0 0 1 0 0 0
0 0 0 0 1 0 0 0 0 0 0 1 1 1 1
0 0 0 0 0 0 0 0 0 0 0 1 2 1 1
0 0 0 0 0 0 0 0 1 1 1 1 1 2 0
0 0 0 0 1 1 0 1 0 1 1 2 2 2 0
0 0 1 1 1 1 1 1 0 0 1 2 2 1 1
0 0 0 1 0 1 1 1 1 1 2 1 2 1 1
0 0 0 1 0 0 1 1 1 1 0 0 1 0 0
0 0 0 0 0 0 1 1 1 0 0 1 1 0 0
1.4689194197
-1.0700380992
0.8709492025
0.4993269492
0.6336670444
0.1562388179
1.8238811591
-1.1661424769
1.9504326274
-0.3365918867
-0.0099489915
0.8151819609
0.9456262847
-0.0361637186
0.8466404505
0.0412223110
0.4601954817
2.0550579466
-0.8523010137
-0.9688125417
-0.4984049864
0.3562888963
1.0183844354
0.1672518850
0.2573783632
-0.6848789402
-1.1532006318
-0.5080283597
1.4240282545
0.9259734037
-0.0635964372
-0.3877993240
1.5356847641
0.7218485771
-0.6521822061
-0.4299287805
0.3321810690
0.1130718903
0.9969304254
-0.0747376990
-0.3690901995
1.3168595784
-0.1611435342
-0.5307668318
0.1627559215
0.7124840413
-0.8611939721
-0.3637458753
-0.2172777932
-1.3092802874
-0.0684019593
-0.6722382398
0.2770354915
-0.1386709373
-0.0391536744
-1.0825170693
-0.0694219753
-1.5898025469
-1.1643388380
-1.7443684205
0.0693608734
0.0856524238
-0.5077513728
0.7378674079
-1.8567920772
-0.7783673641
-0.1158086203
-0.8052028249
-0.5147793503
0.6597523708
-0.3933498790
0.2635621774
-0.4514612590
-1.7312909586
-0.5685223233
-0.3464823901
1.1045189627
-0.7848175275
1.8608104881
-1.3079274707
-0.6368799768
-0.6314463293
-2.0469121008
-0.8907331093
-0.3749601219
-1.7178562419
-0.1200506451
-1.3931057596
-1.0546553167
0.9708794156
-0.1729686069
-0.4459277294
0.1304485944
0.1497417582
-0.3559836906
0.7319323066
1.0593768505
1.7377305677
-0.8762279979
0.1422879524
0.0127443963
1.4484942524
0.4408049734
0.6189287448
0.9196912195
-0.0810035945
-0.3029278402
-1.8083752827
0.8191880068
-1.2030865590
-1.7853483491
-1.0811584597
-0.6668980922
-0.7655701020
-0.5240364374
1.0674255301
0.9732561212
-3.3171113643
0.6959775021
-0.0422738355
1.6354821550
-0.8739623845
0.5216727152
1.3697718956
1.7792688670
-1.5710689506
-0.6005174395
-0.6875276015
-0.5883290789
-0.5688908617
-0.1630265434
-1.6099284470
-1.1880377749
0.1546704570
0.4078123742
0.0868625699
-0.0015716757
0.1708829126
-0.5362655081
2.4452122702
-1.9972425804
-0.5198443834
1.8389831046
-1.0447459531
2.0500663195
0.9694435255
0.0577832423
-0.3435352654
-0.7205571245
0.2877804637
0.0763240901
-1.5547205006
0.9935349575
0.4850691972
0.7571855243
0.1552242893
0.5146314669
2.1121935176
0.2404039020
0.5061969487
-0.3603238218
-1.0521590677
0.4135870221
-0.4130186243
0.0521649516
0.6397059841
-1.2423790964
0.1735000679
1.5930625304
-0.4141918703
-1.5262994768
-0.2381982667
0.0436522166
-1.8658511852
0.9023240505
1.3518648545
1.8677370131
2.6471688198
0.2578964325
1.0697540642
0.0448124740
-1.2234101561
-1.8409989561
1.1846139425
-0.6483236529
-0.4799819614
0.4337324519
-0.2577195481
1.1393747893
-1.6664507321
0.8646330592
0.9453581580
-1.2745721217
1.7971198599
0.8958383597
-0.2670505932
-0.8456703441
-0.1796815977
1.6545484149
0.6158941447
0.6236798367
0.4090518449
0.7075096418
0.0843124678
0.8554993422
-0.4504139509
0.6077071644
-1.3059221544
-0.3087316830
-0.1045789965
1.0653058348
-1.6805288335
1.0612264137
1.0728430530
-0.0626163815
-1.1391199023
-1.0622654515
-0.2315371065
0.2197579265
-2.3176441963
1.5580662727
-1.2384731067
1.7827398671
-0.4462742727
-0.2024009897
-1.8231046510
0.2232224782
0.6174508266
0.5998687117
-0.9147518033
-0.4397815419
1.2309869540
-1.1817853609
0.0791776339
0.2809638758
0.4586243147
-0.7450691924
-0.8159642306
0.3793983461
-1.2988085803
-1.5417771440
1.1149959301
-0.9048526022
0.8159115351
0.4594583146
0.4926289327
0.5815750332
-1.0385732593
-0.7988151883
1.9256069411
-0.8291441884
-0.1680415789
-2.9021232098
-0.6573504058
-0.0725794331
-0.2658030686
-0.7072384677
-0.3538942015
-0.0825666417
0.2164263128
0.5882441862
-1.5736308831
0.6797501313
-1.1756632798
1.5653824476
-0.2002430533
-0.6970841919
1.2957172950
-0.1600515609
0.9943303635
0.3010122097
-0.2718613313
-1.1279126903
-0.1230541211
0.1010410651
0.8827365176
-0.9122340381
-0.1981682634
-0.5126391923
-0.2184487943
1.2581385073
1.3739531242
-0.7349292592
-0.5045392462
-0.1768561442
0.0607135230
0.7104123163
-1.1136549538
0.9523962869
-0.7834685294
0.9727983957
0.5080040649
1.6303313973
1.0647174525
-0.4769971220
0.7732151241
0.8426075670
-0.5964471398
0.3613220383
0.5520721345
0.5450031373
-1.2168205739
0.0108110685
2.7603559373
1.0696225112
-0.0709430306
-1.1310988755
-0.7849179274
0.6691497384
0.2382960396
-0.2348720944
1.1392808741
1.8801206855
0.7821954304
1.4386986743
-1.4469899280
-0.4185472095
-1.7971109500
-1.4248926665
-0.4399674668
0.0657570520
-0.8383304466
-1.0163753535
0.3108931356
-0.3595251335
0.2539295804
-0.9884690961
1.7157389159
0.5936530051
-0.2732853574
2.0378276502
1.5752078154
-0.4030827911
-1.5961175884
-1.5753572605
1.1433316468
0.2053048955
0.4162388394
-0.5394907001
0.0907487858
2.2271639839
1.7870543972
-0.4717444356
2.4657223833
0.7157310242
0.3318529798
-1.2531516929
1.1017640505
-0.6983391640
-1.8633449415
2.0158284302
0.3259213864
0.8571633548
-0.0732191693
0.3222136497
-0.4254394873
-1.9003325553
-0.7792910703
0.4532679372
0.8972042128
-0.4972697673
0.1794020933
0.1538909106
0.5506609818
-0.2403683231
0.3886236767
-0.4424974645
-0.6665937986
0.0486263853
1.6727811030
0.8706593069
0.8339358993
1.0012291450
1.5132987896
1.3246178677
1.3720698044
-1.1703159863
-1.9543585383
-1.5893576029
1.3262534129
0.2358663938
-1.3740268179
-0.1141932474
-0.3346381546
-0.3837605038
0.4001671466
-0.6157705593
-0.9025239088
-0.8117226368
0.4797990447
-0.3609020444
0.6457957086
0.2809377539
0.7332674238
1.7377907370
-0.2607845644
0.9645403306
0.7753109100
-0.8008952548
1.2180170540
0.1978392361
0.0735628678
2.1797478140
0.5983255195
1.8001153563
-0.5329746613
0.7834592471
0.5852283810
0.9437109429
0.0610552259
0.1812156662
-0.7413712816
0.7023352935
-0.7981936509
0.9961078135
0.3633592287
-1.7627259087
-0.0793796881
0.8206511935
1.9910225308
-1.4135201409
-1.6834425000
-1.8923811905
0.4589644721
1.4697593055
-1.7165931349
0.2639938855
0.4350166822
0.3508015922
0.5987582937
-0.2964416192
0.5183279699
-0.5683147033
0.9678042388
0.2132803074
-0.9439788170
1.0805066222
0.4709970020
1.7824253947
0.5624884806
1.2979414520
-0.7465466782
-0.0137234829
-1.0539947846
-1.0093876382
0.9001102208
0.1378429253
-1.1698291761
0.1767038165
-0.7449200996
