16 9 0.05
6 0 0 1 0 1 1 1 2 2 0 3 0
6 0 0 1 0 2 0 2 1 2 2 3 0
6 0 2 1 1 1 2 2 0 2 1 2 2
6 0 1 1 1 1 2 2 0 2 1 3 1
6 0 0 0 1 1 0 1 1 1 2 2 0
6 0 0 1 0 2 0 2 1 2 2 3 2
6 0 1 1 0 1 1 2 0 3 0 4 0
6 0 1 1 0 1 1 2 1 3 1 3 2
6 0 0 0 1 0 2 1 1 1 2 2 1
11 12
0 1
1 0
7 8
3 10
8 1
9 9
3 1
9 8
0 1 0 0 0 0 0 0 0 0 0 0 0 0 0 0
0 1 1 0 0 0 0 0 0 0 0 0 0 0 0 0
0 2 2 1 0 0 0 0 0 0 0 0 0 0 0 0
1 2 2 0 0 0 0 0 0 0 1 1 0 0 0 0
0 1 1 0 0 0 0 0 0 0 1 1 1 0 0 0
0 0 1 0 0 0 0 0 0 0 1 0 0 0 0 0
0 0 1 1 0 0 0 0 0 0 0 0 0 0 0 0
0 0 0 0 0 0 0 0 0 1 0 0 0 0 0 0
0 1 0 0 0 0 0 0 0 1 1 0 0 0 0 0
0 1 0 0 0 0 0 0 2 2 2 0 0 0 0 0
0 1 1 1 0 0 0 0 0 3 2 0 0 0 0 0
0 0 0 1 0 0 0 0 0 2 0 0 1 0 0 0
0 0 0 0 0 0 0 0 0 1 0 0 1 1 1 0
0 0 0 0 0 0 0 0 0 1 0 0 1 0 0 0
0 0 0 0 0 0 0 0 0 0 0 0 1 0 0 0
0 0 0 0 0 0 0 0 0 0 0 0 0 0 0 0
-0.1220674585
-0.0338510301
0.8125560478
-1.0144201230
0.9068719341
-0.1410680867
0.0205114092
-0.2732555451
0.3854217299
-0.0569253771
-0.1788588754
0.6717217316
-1.5407098545
-1.6330268439
1.1831955932
-1.2462757631
-0.4423989956
-1.3219621563
-0.9392979304
0.8247163227
-0.5289013299
-0.6768661685
0.2715674386
-2.1990789293
0.0943190679
-0.0027676198
-1.6525792627
0.7700929705
-1.4685263385
1.7714523158
-1.0347189640
-0.2206995908
-0.1417275492
-1.5624949119
-0.0128804014
-1.3559617452
-0.7981088030
-0.4351825701
0.2661334379
-0.5560354029
-2.0246614843
0.2188614302
-0.6308057625
0.5003644955
0.2572477520
0.1097801751
0.5289299827
-0.0580297769
-0.9429555990
0.7183652453
1.0821308314
0.1845002495
0.8384030546
-0.2819877635
-1.2058635035
-0.6810585872
0.5896377627
-0.2844709832
-0.8903908432
-0.2578985011
-1.0425610615
0.5822378922
-0.2137781964
1.1043338687
-0.1171007854
-1.5801412854
-0.9686419853
0.7851597628
-0.1562170575
0.3070029954
1.4915972799
-0.2971099644
-0.3726223807
-2.2695655233
-0.0434939094
-1.7418830009
-0.3478733807
-0.5748498474
-0.7618112987
-0.6379476877
-1.6668733933
-0.8011684091
-1.0042110024
-0.3685540249
0.4934262568
-0.0820727090
-0.4817474522
-1.1302286396
0.4892008710
-0.7316631683
-0.3002329400
-0.6460588777
-0.4209121483
-2.0954120021
1.1119202679
1.0712795495
-0.9604679678
-1.6939243466
0.3385965022
1.5770105049
0.9250857106
0.2509765294
0.3482576557
-0.5012990580
-1.6996499169
1.3251365054
0.9514936689
-0.8234929088
-1.0366049079
-0.7502079991
-0.6144158597
0.4092060407
-0.4745575115
0.2058732264
-0.6487055850
-0.1690545685
0.5251254539
1.3679309076
-0.2703675905
-0.1753118685
-0.0994048448
-2.2289986831
-0.2867936927
0.8849550050
0.3266472267
0.2966333233
0.3274720888
-0.8790661629
-1.3674178692
0.4007171909
-0.4299124242
-1.6583101104
0.9177178317
-0.6064541037
1.8848892082
-0.6401842891
-1.6872301593
0.7075217313
0.3759174788
-1.2034376605
-1.2383050072
-0.0243264374
-0.0519296831
-0.3294339674
-0.5389801954
1.1657553219
1.9219948081
0.2242078014
-1.2009710893
1.0125471876
-0.0570991597
-0.2488435916
-0.4329352424
0.9557051980
-0.6983779419
0.6952032634
-1.3044732189
-0.2437777469
0.0821691562
0.4877768086
2.1250263061
0.0756373144
-0.5570312339
-0.5221432025
-0.5014939894
-1.7800256254
0.1718315014
-0.0905846571
-1.1948570247
-0.9632349644
-0.5489003836
0.6717466774
-1.6270470240
1.0423638494
0.2479072542
0.0373049812
-1.1293308995
-1.5023277989
-0.7672796525
1.5518976119
1.0962184502
0.2523178513
-1.0469236035
-0.9833428568
-0.2679026975
-1.1272395437
2.0680947014
1.2825507932
-0.3397805152
-3.3014387771
1.2341658299
-0.5167838932
0.1859472018
-2.2889785370
-1.0533184531
-1.2863885483
0.0991843114
-1.9794596424
-1.8188468503
-0.6186022037
0.4871222573
0.2692990152
-0.9637633046
0.7088674870
2.1371414203
0.8623534461
0.6054675804
0.1328981343
-0.2694662092
-0.4937470744
0.1523042115
-0.8191100187
-0.2955421159
0.6286180060
-0.9487245495
-0.7317300135
-0.4096585869
-0.4429800509
-0.7521420677
-0.6135418552
0.1445069653
-0.1601072014
-1.0233154771
0.5501936943
-1.3628544301
-0.6182819666
-1.1491948974
-0.3885522600
0.2007269335
1.2888138603
0.1633629387
-0.5654701935
1.7451676934
1.2412249241
-1.9441383291
-0.3971977866
-0.5795067087
0.0869548494
0.3541289525
1.2394600921
-0.3873071536
0.3031465193
0.4260151965
-0.5782707986
-0.0104407654
1.2953969730
1.2100171624
0.4859939187
-0.5541751163
-0.5959702120
-1.8003348487
0.0483519449
1.7644881461
-0.4656486044
1.2125197262
0.3000973496
-0.7349823658
0.9572481611
1.8427704927
-0.5785446670
1.2847352091
-0.8744456951
0.1999015129
0.3700214924
0.5727164177
2.6658402928
0.1800470353
0.4335524924
-0.0971709671
0.1218897455
-0.1536583564
-0.7779041213
-0.5309342643
0.2305691953
-1.1201926956
0.1630374892
1.9332378958
-0.6651667218
-0.5534400804
0.7804544101
-0.8335471303
-0.1503836790
0.1860822855
-0.9717451653
-0.4849062879
0.7359775705
-0.3474877372
1.3601301715
0.2435036082
-1.2266398312
-1.0221567515
-1.8896820804
1.6386600758
-0.6877870814
0.6330472483
-0.2193648014
-1.0344887453
-2.4166067749
0.6316060252
1.0099259111
0.2785685236
0.0241337253
0.0640466354
-0.6666747998
0.0055387859
0.7343236905
-0.2534027903
0.4835155816
0.4692375975
-0.7113558032
0.6552340771
1.7476518415
1.7705298871
-0.5057973501
-2.2109768034
-0.2486915842
0.3172169144
-0.6640158180
-0.8405361662
-0.1066614858
1.2714310942
1.3676706657
1.4041879937
0.4851792435
0.9818767240
-0.9644812378
-0.7803503421
0.2798519607
0.1051399975
0.0972474839
0.5228322061
-0.0422903694
-1.0797554178
-0.7426062561
-2.0099374129
0.2612868385
1.3252227363
-2.8782996350
-0.5849948838
-0.2836080390
1.5590053031
-0.8740820894
-0.7844760388
-1.3066999173
-2.2605271330
-0.6348009840
-0.9599636833
0.1121474348
-0.2879221956
0.2342400469
0.0991679854
2.0144937673
-0.7399479152
0.9205745588
-0.3624128842
-0.1804033720
-0.2928081035
0.3812521398
1.5470197545
0.3677852195
-0.5467738992
0.3891339191
0.9043468666
0.0173067218
-1.1849664308
1.3702732112
-1.8342453987
0.7767927575
-0.8613144474
-2.0151926628
-0.5171292743
-0.9124725221
0.1109854000
-0.3943440913
-1.1974298139
-0.4983156556
-0.2924542155
-1.5582374618
-0.9979460013
0.2373697497
0.0057199443
-1.6775651662
-1.2349037638
0.7694152261
-0.0057630998
-0.9232526118
-0.8400524814
-1.0967654057
0.1874725461
-0.9381737069
0.5575225738
0.1434693924
0.8922264178
-1.7026050986
-0.2805965060
-0.4380448893
-0.0283977656
-0.9606028283
-0.7976738613
-0.0707788137
-0.3078773914
-0.9236390250
-1.1865306642
-0.2957066892
-0.7858474743
0.1975792611
-0.5024083940
0.0570131160
-1.4902024227
0.1603399741
-1.9657202129
0.8952560756
0.2018360335
-1.8349774431
-1.3716910377
-0.3416428729
3.0531448315
-0.7615459845
0.3052424855
-0.9185420532
-0.3528188477
-0.9778726917
1.6291327324
0.1638127676
-0.7659045307
0.6110640260
-0.3235125346
0.7565529137
-2.7281298020
-0.1732374093
-1.4864744404
0.3870704327
0.1714981026
1.4042326247
-1.2695696687
0.8690007668
-0.8509401429
0.3910486636
0.1421824339
0.7672736082
-1.4057406446
0.8580854960
0.0363966841
-1.2765426000
-1.0245115543
0.1982983824
1.4054563174
1.2503802768
0.0513388891
0.1553830032
-0.4846709763
0.9566218532
0.4735852538
2.0913436871
-0.5402814176
-0.1654148080
0.6236876083
-0.4335040810
-0.5336656578
-1.3639540422
1.9591864223
0.5684269339
-1.7385813481
-0.8197951974
0.5542623268
-1.4401446629
0.1608519013
0.5901722023
0.1881178811
-1.3747663480
-0.2823077693
0.0485787460
1.6331560231
1.1144611231
0.5929737638
0.0968441861
-0.8209772446
0.8030006064
2.1629717810
-0.5711196353
-0.6897620897
-0.0714893287
-1.2001555935
1.2060974931
1.2145960603
-0.4193456056
0.3377735238
0.5180844185
0.6762868404
-1.8513295494
3.0389393705
0.3487492707
-0.5090272051
-2.0320761473
-0.2644140698
-0.0949953661
0.0841898518
0.3881830636
-0.2111085536
-3.0537438927
0.5397881969
2.0502709530
-0.0043094597
-0.6770221714
1.9728461360
-0.7061290002
-0.6908524145
-1.8446387045
1.0804164750
-0.5810768918
1.5589829707
-1.1076070293
