17 14 0.09
5 0 2 1 0 1 1 1 2 2 0
5 0 0 0 1 0 2 1 0 1 1
6 0 0 0 1 1 1 1 2 2 1 3 1
7 0 1 1 1 2 0 2 1 3 0 3 1 3 2
9 0 0 1 0 2 0 3 0 3 1 3 2 4 0 4 1 5 0
8 0 0 0 1 0 2 0 3 1 0 1 1 2 1 2 2
9 0 1 0 2 1 1 1 2 2 0 2 1 2 2 3 0 3 1
5 0 0 0 1 0 2 1 0 1 1
7 0 0 0 1 0 2 1 2 1 3 2 2 3 2
5 0 0 0 1 1 1 1 2 2 1
8 0 1 0 2 1 0 1 1 1 2 2 1 2 2 2 3
6 0 2 1 2 2 0 2 1 2 2 3 2
6 0 1 0 2 1 0 1 1 1 2 2 0
6 0 0 0 1 0 2 0 3 1 3 1 4
8 11
11 8
13 14
11 4
8 11
13 6
3 9
1 10
6 2
9 10
7 11
9 9
11 12
15 4
0 0 0 0 0 0 0 0 0 0 0 0 0 0 0 0 0
0 0 0 0 0 0 0 0 0 0 1 1 1 0 0 0 0
0 0 0 0 0 0 0 0 0 0 1 1 0 0 0 0 0
0 0 0 0 0 0 0 0 0 0 1 1 0 0 0 0 0
0 0 0 0 0 0 0 0 0 0 1 1 0 0 0 0 0
0 0 0 0 0 0 0 0 0 1 1 1 0 0 0 0 0
0 0 1 1 1 0 0 0 0 1 1 0 0 0 0 0 0
0 0 0 0 1 1 0 0 0 0 0 0 1 1 0 0 0
0 0 0 0 1 0 0 0 0 0 0 2 1 2 0 0 0
0 0 0 0 1 0 0 0 0 0 1 4 2 2 1 0 0
0 0 0 0 0 0 0 0 0 0 0 4 1 0 0 0 0
0 0 0 0 0 1 0 0 1 2 2 3 1 2 1 0 0
0 0 0 0 0 1 0 0 1 1 0 2 2 1 1 0 0
0 0 0 0 1 1 1 1 1 1 0 1 1 0 1 1 0
0 0 0 0 1 1 2 1 0 0 0 0 0 0 0 1 1
0 0 0 0 1 1 1 2 1 0 0 0 0 0 0 1 0
0 0 0 0 0 0 0 1 1 0 0 0 0 0 0 1 0
-0.1051663791
-0.4956044440
0.3138957498
1.3720417581
-0.3042408288
-0.9767852657
1.9828218642
0.7056852487
-0.0575293422
0.5242129744
-0.3386077121
0.0235350213
0.7249750392
-0.5528200527
-1.4467185064
-0.4276816406
1.7111944905
1.0636241540
0.7418833711
1.4102489792
0.4268003881
-1.0021782168
0.7017372544
-0.0998944617
-0.0367351588
-0.7157545564
0.5858701608
2.1878066969
0.8801717847
0.0835203020
-0.1912775775
-0.0798114505
-0.5942288627
-0.9939835495
0.2157167275
0.8481167902
-0.4086565225
0.7948058724
-0.1071353892
0.2753402358
1.1564694469
-1.4375694019
-0.8668904161
-0.5698100951
0.0172629096
0.1715506251
1.3582549967
0.8300015839
-1.5949397302
0.2642971658
-0.8215721250
0.8575303749
0.4035736064
-2.0226191060
-0.1177571853
-0.2632538090
-2.0852531038
0.0419554174
0.6377461762
0.0800974089
-0.5096619251
0.3356849991
1.5918770273
-0.7017916136
1.4211184324
0.0132029637
-0.7723122458
-0.8034318637
-0.0208164291
0.2486087054
2.7231887008
1.5870371231
-0.1049091447
0.8195936598
-1.4121170502
2.1674337953
-0.3507670921
0.1269308408
-1.2312482349
0.6579156739
0.0814253706
-0.6432326504
0.6248118080
-0.3468722739
-0.4066065317
-0.2318318640
1.1511605130
1.0841094559
2.8610778468
0.1692532342
-0.2062454727
-0.2054025346
0.0562964805
0.5300804703
0.0534220336
-1.6950679822
-0.4336782695
1.3392053987
-1.7060396360
0.3737401860
-0.1793733115
-0.7064077990
-1.3600885915
-0.7794340694
0.7611070909
0.7341730953
1.2650104619
-1.3239028603
-0.4453630242
-0.4465311440
-0.2186095746
-1.3580939118
0.7022216105
-0.6803275801
0.2759455604
-0.5275781291
-0.5586486625
1.1614735179
-0.4057040110
0.2186224407
1.5875945404
0.3081109802
0.3102611332
0.0627040112
-2.7316086139
-1.2631358783
-0.3110776304
0.0318662357
-1.2604785259
-0.3193195181
0.4257722110
-0.5106366699
0.1904788741
-0.6392588211
0.0476077184
-0.5869247929
-0.2134915547
0.5803417566
-0.7598022882
-0.2591142336
0.6391765767
-0.0163829182
-0.0111142734
0.9961957079
0.2959828618
0.5588278886
-0.5621575769
-1.1663521184
1.2585296661
0.3960864502
-1.5286544275
-0.2344480283
0.3917714746
-2.1815946816
-0.6302365833
-0.0395211654
-0.4037685257
-1.4690652905
-0.6650944210
0.8679180067
0.1657990858
0.0580379488
-0.6963879586
-0.1057891558
0.2243839141
1.0806019691
0.4002388641
0.5385065016
2.3009878465
-0.3446212251
-1.2751372649
1.3801252950
0.6561655942
-0.2389594772
0.6066512120
0.9082861155
-0.4742478965
-1.2845219910
0.0519877567
-0.5599198521
0.5715034809
-0.6046861061
1.3571789986
-1.2872387997
0.4507914651
0.5549518958
0.2823552288
0.7381898604
-0.0150059379
-2.0810364025
-0.3776311220
-0.8138384897
-0.4954539696
1.1751225630
1.2428941062
1.0162140714
0.2676776747
-1.0937879300
-0.6505377994
-0.6749934242
-0.3873472772
-0.1397210750
3.0359133793
0.5724991532
0.1761494863
1.2384542627
0.5475493875
1.9660354181
-2.3060414506
1.2340498969
0.9349959582
-0.7887468080
-1.3608774402
0.4205689583
-0.8071727555
0.0558425863
0.2234760855
-0.3366961452
-0.5233321308
-1.1515148051
1.1730694252
-0.5002098967
1.5938391996
0.1137818341
-1.2027149914
-1.8735915388
-0.6185589020
-1.6330749785
0.0836563922
-0.3300915449
-0.6370462695
2.6036344559
-0.2165279932
0.3354183497
-0.3350866200
0.2914418301
-0.7240180056
-2.0162314389
1.2117241764
-0.7257376911
-2.0372162263
-2.2647130483
-0.1732981216
-1.5221852613
0.5732554012
-0.7054024401
0.0372435536
-0.2066487870
1.9456836159
1.3000885047
-0.7691808164
-0.3618177153
-0.3696484138
-0.7844660995
0.8820466653
0.1944362595
-1.4830807051
0.4523508316
-0.9627741393
-0.0424682537
0.2868866658
0.4653205435
-0.4358452554
1.0457406637
-1.4880656072
-0.7155735741
-0.7366370082
0.1897011703
0.1025436261
0.8118103725
-1.7135439957
-0.4374521118
-0.8398431350
-0.7084145830
-1.5072242605
-1.4316462632
1.1923327625
1.0439016735
-0.9670135769
1.7082076293
2.2245388325
-1.8895553512
-0.7329340456
1.6249507947
0.4682058781
-0.1762537482
-1.2483139812
-1.7149038220
-1.4331664812
1.2782503794
-0.0834141292
-1.0212891399
0.8111642407
0.2522309377
0.1692075148
1.4266651794
0.9601810995
1.8515375928
-1.5475188925
0.2057611829
-0.2335039663
1.1561824319
-0.3593591566
-0.8202497884
1.4045477799
0.9209443120
0.3856110665
0.6810010116
0.1759764344
-1.0380668062
-1.9545295809
-0.8309847509
-1.4283231714
2.4326169647
0.7481090915
-0.2079081118
-0.7043092973
-0.1343501867
1.8492595149
0.8106006470
1.1524224882
0.4863376401
-0.7205895068
0.5204748497
-0.2562661646
-0.5749144912
0.7601416235
1.1533882041
0.8003304453
-0.2684311402
0.0543307989
-1.3266804053
0.2771325734
1.2244063611
0.1383730910
0.4029046399
0.0654164694
0.4015943402
-0.6201101205
-0.4282815995
-0.7233562079
1.7860612795
0.8926969842
1.1282411950
1.9585553708
1.0967024978
0.2388832142
0.7929473214
0.7620430936
2.4444730181
-1.0621887459
0.2510507145
-1.4654640698
0.5362297524
-0.4396966796
1.1918216860
1.0588650633
2.3440653398
1.5666277277
0.2957298399
-1.8312968194
-0.6418493588
-0.4832995135
-0.3008074118
0.2557438381
0.2899517742
1.3026662560
-0.9437832493
0.2479612935
0.2180715802
0.8329268630
0.4839443071
-1.0945470017
-0.3015163370
-0.3336624768
0.9673162591
-0.3599002709
-0.0930520970
0.8095353605
0.6031178994
-1.5119693846
-0.0546459510
-0.4413363109
1.2013722932
-0.3413009333
1.4239832012
-1.3341459104
0.1837890306
2.0881502294
0.7365362443
-0.1794237999
0.0873567393
0.1717764024
0.8896610355
-0.9001671711
1.4613002830
1.3490917850
0.9596752401
-0.2149024629
-0.7072774856
0.9285646259
0.1455282639
-1.6464387101
0.9946804528
-0.7826063205
-0.6170487740
-0.2188542510
-0.5844376345
0.3301309312
-0.6738762552
-0.4252700529
-0.9766447339
1.6985271701
0.5990749648
-0.9417601458
-1.1422961782
0.1598203379
1.9300378104
0.0185755532
1.3266049120
1.6927174085
0.9895816740
-2.2447540207
1.5771649823
0.2578114387
-1.1805821621
0.9674525118
1.1904962367
0.0039848869
-0.9238583177
-0.6072832139
-0.0181477472
0.8226667445
-1.1433689606
-1.2303911516
-0.2993686738
-1.0032272821
0.6416949656
-0.0513363234
-2.2748349335
0.0615647319
-0.9935299734
-0.3727952759
-0.3420744060
1.3578983938
-0.9168412082
-0.3665775913
1.3545339147
0.2237951743
0.7052496434
0.5507796545
-2.5228927604
-1.1416061938
0.1429979606
1.5740446208
0.5661980179
-0.4210698165
-0.5403525074
-1.3676581792
0.9205332128
-0.6494821312
-1.0361575421
-0.7356105909
2.3342321244
-0.0085423727
0.2919125304
0.3321200535
1.4069039737
-1.4179384113
-0.8009116945
-1.7959662150
0.7125730070
0.2545279191
0.5474926519
-0.9522993840
0.3738018793
0.8629563626
0.3570532910
-1.9052800261
-0.0001961670
0.6486114834
-0.0808903533
0.0656167211
-2.0685198046
-0.4760645700
1.2118349202
1.3345921692
0.9186272628
0.5738986642
-0.8405648875
-0.8566723748
0.4119252894
0.4963641042
0.1584811371
0.1117955012
0.7550330431
-0.6849674509
-1.0661971447
0.6579628676
-0.2170589772
-0.9872135043
-1.4781614351
-0.7644198184
-0.7728593453
-0.8210849921
0.7562983624
-0.4533071320
-0.5164368755
-2.4780323866
-0.5159519859
-0.9901650988
-0.7954824663
0.6209694287
0.8797609124
1.1050445124
0.8690981307
2.0511487110
1.1397739978
-0.2815301379
-0.3733812259
-0.4845419565
-0.3659070787
-0.3300959607
2.4453439858
-0.6765673933
-0.0263753118
0.6552369225
0.8066238027
-0.3749505252
-0.2372286465
-1.0685925104
-0.2114263446
-0.2626363462
-0.1443990125
-1.1132343572
0.6020655199
-0.2439736746
0.4029801932
0.2734116581
0.1315714421
-1.0409318605
-1.4561544583
0.6367608882
0.0297042519
0.8439350873
-2.2642623536
0.4034906493
-0.7470711391
1.3599109950
-0.2258295116
0.0165561316
-0.3713255698
-0.2919353666
-0.9721566960
2.2292390855
0.5105929124
0.9609210278
0.8541234748
-0.2060190508
0.3656064610
1.3447174768
1.3467127114
2.0104826755
0.9827263236
-0.1001001092
0.2370533739
-1.0541009993
-0.9841687351
-0.4464156567
-0.9102998898
-0.6948168525
0.2691081505
-0.2144503667
0.8460680186
-1.1681937294
-1.3348556677
0.3600333679
0.5544309688
