13 8 0.19
9 0 1 0 2 1 0 1 1 2 0 2 1 2 2 2 3 3 1
12 0 0 0 1 1 1 1 2 1 3 1 4 2 1 2 2 2 3 3 0 3 1 3 2
6 0 0 1 0 2 0 2 1 2 2 3 2
5 0 0 1 0 1 1 2 0 3 0
6 0 2 1 0 1 1 1 2 1 3 2 2
10 0 2 1 2 1 3 2 0 2 1 2 2 2 3 3 1 3 2 3 3
10 0 1 0 2 0 3 0 4 1 2 2 0 2 1 2 2 3 2 4 2
9 0 0 0 1 1 0 1 1 2 1 2 2 2 3 3 2 3 3
2 1
5 8
1 10
8 7
5 4
5 2
5 2
1 1
0 0 0 0 0 0 0 0 0 0 0 0 0
0 1 1 0 0 0 0 0 0 0 1 0 0
0 1 2 1 0 0 0 0 0 0 1 0 0
0 1 2 1 1 0 0 0 0 0 1 1 1
0 1 1 2 2 0 0 0 0 0 0 0 1
0 0 1 1 2 1 2 0 1 1 0 0 0
0 0 0 0 3 2 1 1 0 1 1 1 1
0 0 2 2 2 1 1 0 0 1 1 1 0
0 0 0 1 2 1 0 1 1 1 1 0 0
0 0 0 0 1 0 0 1 1 0 0 0 0
0 0 0 0 0 0 0 1 0 0 0 0 0
0 0 0 0 0 0 0 1 0 0 0 0 0
0 0 0 0 0 0 0 0 0 0 0 0 0
0.6971103752
-0.7666624620
-1.2240165385
0.7899511408
-0.6862560186
-0.0399321512
-0.3571320750
1.8032859968
0.7369586656
-0.0998341516
1.6284732259
0.6390987429
-0.9246157697
-0.5398838652
0.7208756720
-0.2176115609
-0.0812958086
-0.2922431109
0.3693591786
0.3289181282
-0.9111784255
-1.1741133543
-0.0880718370
-1.2356488675
1.1064385746
2.1972439075
0.1636591092
-2.1199538748
0.0062121339
-1.5157816664
1.1032179936
1.1320783664
-0.5576108539
0.9679695883
-0.6640918418
-0.3627727073
0.5175411056
-1.8025736877
-2.1195135513
-0.9531304299
0.4639668480
0.4861863445
-0.8063238204
1.4429616351
1.1200715483
1.7009770653
1.0934954601
1.0716145187
0.4114986386
0.6224318867
-2.0183844243
-0.5562738588
-2.8818878186
-2.2493040661
1.8660489240
-0.8129011798
0.2353052526
0.3524607720
0.6264432005
0.8469158688
-0.3727130021
-1.0168343667
1.0695121331
0.9616989939
0.9711038931
-1.1029584997
0.2633671177
1.4874160201
0.7262443263
-1.3080510960
-0.8974477742
-0.1399765851
-0.9118827271
-0.8983178428
-0.5731277598
-0.1320692134
-2.2075306015
1.3200277618
-0.5794684178
0.3593341867
-0.6363637258
0.5089295177
-0.4211178152
1.0019879209
-1.6315618637
-0.0383780409
-1.8897512128
1.0915397196
2.1513112644
0.3753517941
0.6723118991
-0.7568818607
-1.4818779182
-0.9214211278
-1.5981111873
0.7042478131
-0.9327744330
0.8294825150
-0.3242790694
0.0659504399
0.7033567979
-0.5810276477
-0.4120088879
-0.9788056629
0.4138225207
-1.4504150246
0.9142158643
-1.2859719306
-2.4003085809
-0.5625293083
1.0230652576
2.0512219026
-2.8011137487
0.0812938803
0.7518516013
0.3623200145
1.1921125278
-0.4547224267
-1.7258325306
-0.4830641289
-2.5540045387
0.0332911185
1.1406832428
0.3888353945
0.0810335844
-1.2968654558
-0.5672058550
-0.0482374377
-1.1413099490
1.1632300661
0.6845657511
-2.9401025416
-1.9045281062
0.6220845723
0.9422356168
0.4043010975
-0.0857835130
0.0343535766
0.0268354128
-0.0274300975
-0.2065310556
-0.7814141683
0.2569084239
1.0741600958
-1.2076242342
0.9231865826
-0.2614609363
-0.1694008451
0.7614455412
1.7021979131
0.1213373539
-0.1149147861
0.5709263845
0.8658020300
-0.1581379537
0.8680493219
0.7951578678
1.0506382380
-0.8085666762
1.3838491473
-0.6992066872
-0.5274495088
0.2621932519
0.1953908792
-0.6313757004
-0.6513654915
0.6464760780
1.1890745574
0.2469889258
-1.0491762995
-0.5676803464
0.3417389050
-1.4271348107
-0.3138926794
0.3306526531
-0.7727129553
-0.0651972933
0.0687389582
-0.3493568891
0.1959916251
-1.1034620526
1.1520678842
0.8093942732
0.6565861009
-1.5796375512
-0.6756898922
0.4178915074
1.2681818769
0.0185132014
-1.5207309609
0.4117836574
0.7337169778
0.7359457535
-0.5492070149
0.2469925766
-0.4001466268
-1.9757101199
0.6509328911
-0.8635958999
0.0750213558
-0.5513947851
-0.3882078275
-1.3758264305
0.2639984105
-0.2050510869
-1.5483034455
-0.9751641828
-0.3844853246
-1.5712296617
1.1153351792
1.2494349499
0.0483893555
-0.2198607873
0.4885728119
1.7958238017
0.2854034539
-0.4581106598
-0.8924018373
1.1799550812
-0.4400153911
0.1766826433
1.2482278587
0.2172789293
0.2945415347
-0.2546312891
-0.7271751605
-0.2205684892
-0.5693990307
0.8419463435
-0.5092690319
1.1055482261
1.3318736234
-1.0417435860
0.7761736604
1.1314813009
-0.0072331686
-0.6734409146
-1.1519007235
-0.3895924509
0.9449439172
-0.3459830371
-0.6310713443
0.4458263978
-0.6050339779
0.8168119004
-1.1874009011
-0.5087263087
0.5737571181
0.1010907835
1.2113858644
-0.1969572070
0.2758644224
0.3905272457
0.5785271720
0.6393530356
0.3164036807
0.0482238554
0.3188828168
2.0397487633
-1.0516912244
0.0400151760
0.2244556200
-0.7613179610
-0.7349039988
0.9883070763
1.1872649685
-0.2627718023
-1.0613678203
0.8956716453
0.5684180616
1.5786206766
0.1479121978
0.4331038832
-0.2217899033
1.8197160783
2.4061696438
0.5945065987
-0.9496151348
1.9914407586
0.9984398657
0.6778845430
0.2332039588
-0.6466488008
-0.0499946036
-0.7954262687
-0.0886439428
1.0513355898
-1.8553892557
-1.3765018359
1.8086187685
-0.2671301484
0.4092391147
0.0162965878
-0.4310185513
-0.2170575942
1.1339572891
-0.3692240042
-0.0133288302
0.0198560493
0.6209235301
-0.5364660770
0.8610677852
0.1708790978
-0.5793532198
1.5449946999
-0.2734448041
-0.5661895117
0.1234884003
1.5924362856
-0.1679014916
0.0086933642
-0.3425559982
-0.3911433251
0.5133667881
-0.7252311634
0.1928160802
0.3363146135
-0.0332845919
-1.4219492879
0.3705548085
-1.0944821769
-0.4878468259
1.0379911961
0.3487067303
0.4024459107
0.8349608582
-0.3124258494
-0.2106242209
-0.2481959843
0.3369165815
0.5430099746
0.1951562404
-1.5909888565
-0.7859814984
1.6714601706
-0.8549139379
0.6011245621
-0.1441312209
