20 18 0.03
10 0 0 0 1 1 1 2 0 2 1 2 2 2 3 3 1 3 2 4 1
11 0 1 0 2 1 0 1 1 1 2 1 3 2 0 2 1 2 2 3 0 3 1
7 0 2 1 1 1 2 2 1 2 2 3 0 3 1
12 0 2 1 2 2 2 3 1 3 2 3 3 4 0 4 1 4 2 5 0 5 1 5 2
10 0 1 0 2 0 3 1 1 2 1 2 2 3 1 3 2 4 0 4 1
7 0 3 1 0 1 1 1 2 1 3 2 2 2 3
10 0 1 0 2 1 1 2 0 2 1 2 2 3 1 3 2 4 1 4 2
9 0 0 0 1 0 2 1 1 1 2 2 1 2 2 2 3 3 1
9 0 0 0 1 0 2 1 1 1 2 2 1 2 2 2 3 3 3
8 0 3 1 2 1 3 1 4 2 0 2 1 2 2 2 3
10 0 1 0 2 1 0 1 1 1 2 1 3 1 4 2 0 2 1 2 4
8 0 1 1 0 1 1 1 2 2 0 2 1 2 2 3 1
11 0 1 0 2 1 1 2 1 2 2 2 3 3 1 4 0 4 1 4 2 5 0
11 0 0 0 1 1 0 1 1 1 2 2 0 2 1 2 2 2 3 3 1 4 1
13 0 3 1 2 1 3 1 4 2 0 2 1 2 2 3 1 4 0 4 1 5 0 5 1 5 2
12 0 0 0 1 0 2 0 3 0 4 1 0 1 1 1 2 1 3 1 4 2 2 2 4
8 0 1 0 2 1 0 1 1 1 2 1 3 2 1 2 2
13 0 1 0 2 1 2 2 0 2 1 2 2 2 3 2 4 3 0 3 2 3 3 4 2 4 3
6 13
8 16
11 7
12 11
10 6
3 14
3 15
14 1
13 7
12 5
0 7
5 17
7 9
11 4
13 12
8 3
5 11
9 9
0 0 0 0 0 0 0 0 1 1 0 0 0 0 0 0 0 0 0 0
0 0 0 0 0 0 0 1 1 1 1 1 0 0 0 0 0 0 0 0
0 0 0 0 0 0 0 1 1 0 0 1 0 0 0 0 0 0 0 0
0 0 0 0 0 0 0 0 0 0 0 0 0 0 0 0 1 2 0 0
0 0 0 0 0 0 0 0 0 0 0 0 0 0 1 1 2 1 0 0
0 0 0 0 0 0 0 0 0 0 0 0 1 1 0 1 2 2 1 0
0 0 0 0 0 0 0 0 0 0 0 1 1 2 2 0 1 2 1 1
0 0 0 0 0 0 0 0 0 0 1 1 1 1 1 0 1 2 1 1
0 0 0 1 1 1 1 1 0 0 1 0 0 1 1 1 1 1 2 0
0 0 0 1 1 1 1 1 0 0 2 2 1 0 1 1 1 1 1 1
0 0 0 0 0 1 0 2 1 1 1 1 0 0 1 0 1 1 1 0
0 0 0 0 1 1 0 1 0 3 2 2 1 1 0 0 1 1 0 0
0 0 0 0 1 1 1 1 3 3 0 1 1 1 0 0 0 0 0 0
0 0 0 0 1 1 1 4 4 3 0 1 1 1 0 1 0 0 0 0
0 1 1 1 0 2 2 3 3 1 0 0 0 1 1 1 1 0 0 0
0 0 1 1 0 1 0 0 1 1 1 0 2 2 2 0 0 0 0 0
0 0 1 1 1 0 0 0 0 0 1 1 1 2 0 0 0 0 0 0
0 0 1 0 0 0 0 0 0 0 0 1 2 2 0 0 0 0 0 0
0 0 0 0 0 0 0 0 0 0 0 0 1 1 1 0 0 0 0 0
0 0 0 0 0 0 0 0 0 0 0 0 0 0 0 0 0 0 0 0
-1.3253704125
-1.0688818206
0.2185907854
1.3693685409
0.1848643047
-0.8835675391
-0.6275177218
-0.2456640640
0.4686906853
-0.3437136398
0.0140779318
-0.3324940604
0.5998746641
0.2210424402
0.2995244645
-0.7058389163
-0.4335808574
0.0874473336
-0.4593501198
-0.1178422658
-0.6727596304
-0.0913223333
0.3398706322
-1.3900896220
-0.0788143609
-0.4593769720
-0.8306477408
0.0544131549
-0.1009042520
0.0918405146
-0.1840684303
-0.6177570673
-0.2611583793
-2.0457893824
1.5861568882
0.0372241649
0.7457174523
-1.2954753412
-1.0969381525
-1.2921914545
0.1621587885
0.2396966172
0.5981636183
0.7795056464
-0.6053733527
-1.5817821302
-0.9325151325
0.8297864045
-0.3892598972
-1.2504462211
0.7499892826
0.2079581301
2.1446177423
1.4076851933
0.1815391651
0.3049236364
1.0876288438
0.3985720801
0.3058786565
-0.3726449987
0.8692058408
1.8859641344
-0.1748066467
0.0449063745
0.4836985114
-1.2889250932
-0.3390788501
-0.1925013619
0.2206080718
-0.5764446431
1.2482555312
-1.5369759729
0.3459465758
0.5783461325
-0.6527930547
-0.4521126020
1.0453195234
0.7547651116
-1.5715067344
1.1402827118
0.1423701439
0.5700265838
0.7897883030
-1.7959275002
1.4741569544
0.5695493529
0.1340721779
0.7013343195
0.4928656473
-0.6760095870
-0.5960002256
0.8342296067
0.2609207595
0.1863410629
-0.2593942047
0.6318426047
-0.7618982349
0.0652977855
-0.5684933707
0.8041010944
0.6403884675
-0.4589979048
-0.5965426309
0.6756395493
1.5137664243
-0.8702851544
-0.0472413439
0.0274898003
0.2681254630
0.3258006794
0.4962406596
-0.6947069156
-1.3022321338
0.2215752328
0.6385186871
-1.5186204763
0.2160348479
-1.0972959650
-0.4085638333
-0.1212428813
0.6852598115
-0.4159726679
1.5654875777
0.5983387115
0.4909714468
-0.5782955117
-0.5216131693
0.3587132214
-1.6139794566
0.3948900402
-0.8393480093
0.6482890474
1.5120952226
0.3464434389
-0.7359940859
-0.1357940118
-0.0859294568
-0.5055569479
1.7594782093
-0.4458897066
-0.4525547335
-2.1260471348
1.8961669014
-0.7784915946
-0.8529570929
-0.3523161958
1.2003272551
-1.1243735388
0.9938574937
1.4113622802
0.4337783763
1.5018312762
0.8111652987
0.2754000146
-0.6499121875
-0.4131807724
0.2845985746
1.4386371690
-0.7754350716
-0.9395549192
0.3065854330
2.4686892811
-1.4013950470
0.4378613842
-0.2536978061
0.7846484349
-0.6778392442
-1.2478502649
0.0901425648
0.3767063959
-1.2323639201
0.1827145767
0.6994604581
0.1222029757
1.2698651077
1.0332825050
-0.0872368906
0.6427401544
-0.6993293611
-0.3205690201
0.8131466371
-0.2003975890
-1.0308125363
0.7953240499
0.7594864410
0.6644991817
-0.7604014976
1.7305709264
0.1144207534
1.0611361295
1.2627615816
0.8084569859
-2.1941904285
-1.7566354820
1.3434674669
0.0440008584
1.9126199769
1.7425614779
0.7544731683
-0.8806477221
-0.5518751937
-0.5896723438
0.8843682199
1.2319532329
1.1068896773
-0.3883782046
-0.5828973711
1.9508535370
-1.0773275542
-0.7265637092
0.1297381033
-1.2334125763
-1.0906894026
-0.0745919548
-0.2091006580
-1.6251774094
-0.0455473886
0.4057495053
-0.2479678056
1.2759874907
0.5244050131
0.5645267921
-0.4548196377
-0.5428757271
-1.3110514362
0.4504715639
-0.9018125632
-0.5873510765
3.1871731618
-0.2614792343
0.1051342412
-1.5148597398
-0.2092031742
-0.7340677426
1.6430559846
-1.8147194843
0.7261966240
-0.1713459778
0.5465563085
0.1890337237
-0.7274022252
0.3862482230
-1.3213609351
-1.2456269923
-0.0339497106
0.7804259807
0.0167198337
0.5824993815
-0.5099517894
-1.3746370746
-0.0020684403
-0.1872529758
0.3271841660
-0.0726399753
0.6601814007
-1.1922313160
-1.7994916840
-0.2126902284
0.7517482065
-0.4997166556
-0.6170500680
0.2814887895
0.3783461515
-0.7641658626
0.4504434555
1.2218442069
-0.2766691696
0.7734144835
-0.4995545219
0.0316616474
-1.9460320018
0.7039663880
0.3515170351
0.6591629621
1.5883375743
0.2603312920
-0.3086395532
0.4253603616
-0.8501489255
1.2268604197
0.2641793519
-1.5372806762
1.4047650935
-0.2606422636
1.1862942436
0.9155944049
1.7184029673
0.7266914346
1.0447189909
0.4758431715
-1.2259129529
0.5043414931
-0.1602252269
0.8370450379
-0.4770337446
0.0535754126
-1.5682644945
2.0412585974
-0.5251900658
-0.0799478358
-0.4428325824
-0.6401194193
-0.3717638785
-1.3731407882
0.5485288718
-0.5250333213
-0.1236482333
-0.1823838366
0.2310559499
-1.1432320206
1.0101245836
-0.7371477694
-0.2409566223
0.2381341717
0.1298997827
-0.9189091717
0.4086833250
0.2483049614
-0.4721580523
1.5450720701
-0.7332508738
1.0035123075
0.3231599365
-0.8669521732
-0.5286738258
-3.4165736077
0.0170602228
0.2354974995
-0.8755492820
0.2270576510
-0.7602152887
-0.6012242319
-0.4755653667
-2.4413448315
-0.7147435099
1.6958267359
-0.8867159156
1.1305888988
-1.2931867680
-0.3242200364
1.1700695005
2.2092796462
-0.8812881270
-0.0225143089
-0.4785355912
-1.1358016108
-0.8646180199
-1.3477776170
0.3387841191
-0.0234874884
0.4485004200
0.3136716102
1.2683861117
0.4653661225
1.9191196988
1.5160856398
1.1129935157
-0.3750454701
-0.3187334730
0.8343597915
-0.5870877660
1.2406704118
-0.9369574477
-1.4866559252
-0.2212633518
2.0320405578
0.2968770982
0.4586041964
-1.3112192147
0.7683362207
0.1028968317
-0.3059048216
-1.2928746609
2.6750886996
1.0588008657
-1.3042466796
-0.6269326558
1.2490674014
-0.6301214449
0.1346838947
0.4470265371
-0.8186650670
-0.8726164063
0.7582283611
-1.0222862341
1.0245636763
0.6420953036
0.5261292300
-0.5296136813
1.6778673518
-0.8572221597
-0.2974970682
-1.5351476702
-0.3530050283
0.2025486509
-0.9526200737
2.1286706377
-0.5103172869
0.4359971703
0.5153876570
-1.5596801184
0.4011517328
0.3724410019
-1.6701254334
1.2131305267
1.2484839777
1.0558802801
0.5974924582
-0.3424286337
0.9128458593
-0.3147281482
0.7069621124
0.8363968425
0.3064314828
-0.8960197204
-0.7156011131
0.0732801824
-0.3527334068
0.5422068219
0.7535415015
0.3553726310
-0.0257315241
0.7814952406
0.8354115703
-0.3016740668
-1.5090469485
-0.1468188034
0.8439711147
-0.0087366562
-1.5750629495
1.0380919250
1.3697359987
1.0632314806
0.3333257810
1.2266009116
0.7154336950
1.1398192936
-0.5487471131
-1.4700111416
-0.7733975450
-1.2236919386
0.7104231955
-0.2723251985
1.1524947750
0.8153607454
-0.7046059167
-0.9511755049
0.9784926237
-0.4069594301
0.1713640569
0.0220864677
1.8655005795
0.0064640767
0.1389136811
0.0983098971
-1.4555308981
-0.9494182057
0.0900965306
2.7285655793
-0.9440656174
0.1719161354
-0.0198951239
0.2671023541
-0.9165213030
-0.3213148879
1.4714113841
-1.3495723243
-0.1962559694
-1.7121282989
0.5725321393
-1.6849461973
0.2529115020
0.2756590852
-0.2431418200
0.7044733630
-1.1742125324
-0.5560160694
0.8680445408
-0.6988235451
-0.8429152390
0.0153484026
-1.6770048179
1.1415065771
-1.4356164649
0.6355725370
0.1011234256
-0.0306839126
-0.1352631193
-0.9148474380
0.8354138207
-0.8972811489
-1.4535142158
-0.9679598324
0.4929598713
1.5785571233
0.7011667125
0.9472404207
-0.7433418370
-0.9187271419
-0.3060466130
-1.9284804761
1.7799871312
-1.3429568521
0.1999876844
-1.4044819335
0.2632681400
2.3955091998
0.5150712798
-0.6675311705
-0.0449893264
0.3272100883
-0.2257058695
0.9486769056
0.4154525314
-1.7843894047
0.2101418665
-0.5549551315
0.9276640062
1.2600700406
2.8136390528
-0.6159438209
-0.4253776995
-1.3631766550
-1.9519197155
0.2694352286
1.9935273589
-1.3757929205
-0.7716644048
0.3569848168
-0.2699352927
1.0414500887
0.5851151105
-0.6566728393
1.7488271494
-0.4683786075
0.6937434353
0.8573286085
0.0175326447
1.4268846704
-0.2740967146
0.1254324416
-0.8862058241
-1.4907363910
1.0153365482
-0.1117193142
2.7788006706
-1.3426927581
-0.8517199962
0.1746249881
-0.6662684005
0.6923364285
0.3608780110
-0.3559486279
0.0497244193
0.1391812541
-0.3658874041
1.8238574084
1.1374060726
-1.9022606538
-0.7801546765
-1.3814979579
0.5594495709
1.1945918131
-1.2994079574
-0.8908554071
-0.6499139142
1.0014559356
0.8698154608
-1.8135167251
-0.8083771624
1.6613516893
-0.9071121659
2.2748269579
-0.3763923302
0.4033544556
-0.0029242203
-0.0513882827
1.6097630695
-0.5346010325
0.1391071498
0.8545828710
-0.8881157711
1.5557188446
-0.4484814841
0.9473221695
-1.3116696949
0.3979181368
-0.1168216483
0.7418774356
-0.4691344843
-0.0302507122
2.1497421262
-1.0072755144
-1.1033962582
-0.7905005049
0.1721143483
0.4649696883
0.5724088571
1.5431147276
-0.3479084741
2.4689992527
0.8271521258
-1.5129465657
0.0510928196
0.8963549244
-0.3609977040
-0.5368579142
0.2111252851
0.7967814493
0.0996491665
-1.5910044349
0.0896592375
1.2489625568
-1.0617128313
-1.6106285417
0.9113363526
-0.2702409114
0.6944428084
0.4715006584
-0.5947914899
0.3996542028
0.2156835205
0.3476736140
0.1452383644
-1.5944003851
0.0533006539
0.9479902205
2.1501262378
1.6384276634
-1.2590825694
0.3009038276
0.0419147772
-1.6431999732
-0.0199924254
1.5287019397
0.1047545592
-1.3955503014
-0.7633585690
1.2338592581
-1.4158983537
1.0873918823
0.8080759572
0.5107088336
1.6446960035
-0.0197009110
1.6525713015
-1.4694385753
0.2085594413
1.7920041361
-0.3069426329
0.7685909324
0.3139670893
1.0966921914
-0.4179235474
-0.0403689361
0.1767933352
1.0002527290
0.9182485397
-0.9079184582
0.3153376146
-1.0041148944
-0.3034561428
-0.0986700025
0.9956808516
-0.0536416665
-0.7348973859
1.2443736030
0.4617791739
-0.3638590631
0.3187005633
-1.5386668017
-1.3436866602
0.0120401747
0.3355513856
-0.9447865981
-0.9431256002
-1.4935762551
1.0959887501
0.3470068725
-0.1419001230
1.2077951993
-1.4153696380
0.3915988322
0.3722635777
-0.2417287020
0.6588030861
0.8510076843
-1.5847293906
0.5173009322
0.6799143565
0.6037731538
0.3163283493
0.6511044671
-1.6463623110
1.3866454059
0.1308217226
-1.0540272866
1.1814059806
-1.5531462581
-0.0106189650
-1.9004724752
1.8516282620
-0.4136390019
0.9166919691
-0.6330402518
-1.5239706603
1.6902570438
1.5662426757
-1.2582615712
3.4745764707
0.8389537404
0.5296238996
0.4850613186
-2.4250091809
-0.6856956659
-0.4219466374
2.1942695776
-0.5517322867
-1.3390613185
-1.7242274529
-0.3455685049
0.6880000669
1.9800589131
0.3810353108
0.9811485387
1.0291155200
1.0017635138
0.1632218330
-0.2814813053
0.2254640847
0.2163927424
-0.9655704726
-0.3592168893
-0.1821096580
1.0047158410
-0.1647083727
-0.3365372539
0.3898703741
1.5076450335
1.7727512747
-0.7165738401
0.2907574386
-2.6489801389
-0.7330063220
0.5843983183
-2.7307857619
-0.4557931589
0.6743189425
-0.1730516007
0.1270676476
1.5808126981
-0.6811863408
0.2674179622
-0.4381464123
1.7439363701
-0.2101206481
-0.6369091648
-0.9725135670
0.7771386909
0.7132949165
-0.5162277460
1.0773865114
-0.7179359902
0.1291435890
0.8074460615
1.7592274409
1.7795272046
-0.0809979744
0.4792989900
-1.2327357832
-2.2473589889
-0.2499551334
-1.7427118554
-0.5996413351
0.3513870169
-0.2561544612
-0.6102978133
-0.8234105573
-0.9739538725
-0.3310714842
-0.8547148513
2.4427668133
-0.4233476590
0.8605017611
0.2829611215
0.0832609820
-0.4507742096
-1.4607131200
-1.7105062003
0.1889190564
0.0405501607
0.9862298378
-0.0993475280
-0.6417863721
-0.8435292145
0.4831561531
-0.0723773677
0.4729245855
0.1633598107
0.9437504755
