13 5 0.13
12 0 0 0 1 0 2 1 1 1 2 2 0 2 1 2 2 3 1 3 2 4 2 4 3
12 0 0 1 0 1 1 1 2 2 0 2 1 2 2 2 3 2 4 2 5 3 1 3 4
12 0 3 1 2 1 3 1 5 2 0 2 1 2 2 2 3 2 4 2 5 2 6 3 3
11 0 0 0 3 1 0 1 2 1 3 1 4 2 0 2 1 2 2 2 3 3 3
11 0 1 1 0 1 1 1 2 2 1 2 2 3 0 3 1 3 2 4 0 4 1
8 9
1 5
8 5
6 1
0 7
0 0 0 0 0 0 0 0 1 0 0 0 0
0 0 0 0 0 1 0 1 1 1 0 0 0
0 0 0 0 0 1 1 1 1 1 0 0 0
0 0 0 0 0 1 1 2 2 2 1 0 0
0 0 0 0 0 0 1 1 1 1 0 0 0
0 0 0 0 0 0 0 0 0 0 0 0 0
0 1 0 0 1 0 0 0 0 0 0 0 0
0 1 0 1 1 1 0 0 0 0 0 0 0
0 1 1 1 1 0 0 0 1 1 1 1 0
0 0 0 0 1 0 0 1 1 0 2 1 0
0 0 0 0 0 1 1 1 1 2 2 2 0
0 0 0 0 0 0 0 0 1 0 1 1 0
0 0 0 0 0 0 0 0 0 0 0 1 1
1.4811197370
-0.4679772632
0.7018430417
0.0637862330
0.0000692264
0.7555406563
-0.2221716387
1.1141449838
1.1555428923
-1.7662942242
1.6567201597
-0.2457415724
-0.0871335626
-0.2832263855
0.6178592738
0.6318287687
-0.7826310841
-0.4484401172
1.1047721085
0.0378315589
-0.3309061923
0.4252388643
-0.2310851693
-0.4325765933
1.1165616247
0.3698174302
-0.1097165447
1.0851452971
-0.3138592992
-0.3918260066
1.2174496557
1.2370558600
-0.1926835026
-0.9037222811
0.3154124678
-2.0954071355
0.2713921609
0.3656072356
-1.7990052676
0.2219161454
-0.0530095103
0.0695609008
0.4607575450
0.5182267067
0.4151858367
0.1390232277
1.0483236224
0.4620413735
-0.7129717088
-0.3641587327
-0.8371354333
-0.3206566038
-0.0224817772
0.6792071377
0.5008985638
0.8701248866
1.3448687926
1.5290688183
-0.5679232292
-1.0220464158
-0.0537296838
0.5626802853
0.7785012515
0.0992096305
1.1837566037
0.5102085591
-0.8945740763
-1.0496225317
0.1264716730
0.5413523552
0.5693228385
0.8477359659
-0.4899263172
0.8506851802
0.6492455041
0.3434938176
-0.4310362685
-0.6427209764
-0.1358962818
-0.2933314793
-1.2677795600
-0.6641738289
-0.5894024112
-1.8218830887
-0.1336129290
-1.2915145131
0.3770374488
0.2781442686
-0.5202921097
0.8116279511
0.3850745816
0.9575505305
0.5940586641
-1.2616959965
-1.3270940556
-0.2466073593
-1.2230371555
-0.8025754090
-0.8520753873
-0.6229221268
1.6965572632
1.8912334337
-0.8698711864
1.5873653707
-0.4004222971
-0.0523526138
0.4311624641
0.5474920673
0.8215415273
0.4873313910
1.3431623033
-0.9526197073
0.2213528690
1.7374790167
0.1597449097
-0.0503945685
-0.8334365837
0.7570428381
0.0132937914
-0.4682630083
0.6462655892
0.2331887883
-0.6373419494
0.6433619977
0.9585855540
0.5297597317
-0.6728973240
-0.3811255495
0.6734845922
0.2843273381
-2.1565812123
1.2983022871
-1.2396275087
-1.2951942365
0.0391115315
0.5500226162
-0.3597179904
-1.6331249282
-0.6686482354
0.3681005282
-0.6512881173
-0.7500362110
-0.6811030111
0.9056247626
-0.8099922799
1.6875324478
-0.3077450983
0.0292320273
-2.8754099319
0.8070056781
1.5447484979
-0.3081606409
-0.9813201852
0.2418702573
-0.4672370682
-0.0757459743
1.5282512856
0.8449025085
1.0579777381
-0.9646449591
0.3263774544
-2.0413424506
-0.9648680350
0.2651858295
0.7979362096
0.1161619656
-0.3294267984
0.4715298943
0.6776723331
0.0931973119
-0.4740225242
-0.0965977440
-0.5294249144
1.3007944983
0.4711039261
2.0134310830
0.2371877339
-0.5108708450
0.5938836570
2.0680095383
1.4172576383
-1.0113624997
-1.9388902928
1.0683616907
-1.2966814577
-0.8610359255
-1.1733542705
-0.5013638338
-1.9583753860
-0.1300689190
-1.2831787590
-0.0726020806
0.4993088746
0.8365590320
-1.7325298239
-1.2071084426
0.3731842543
0.5959533222
0.0967130176
-0.4209524074
-1.3138468825
-0.1477929358
-3.3101227408
1.1805187194
-0.2816491244
-1.8349104897
-1.8969249604
1.1019893182
-1.5672919728
1.9425944412
-0.2392388395
-0.5436350708
0.7535982401
-0.0577795439
-0.0362045706
2.1410259924
0.7924151786
-0.0793729777
-0.2743078580
0.8488614932
-1.0852903220
0.2839924698
1.1044868042
1.5195402515
-0.4993421988
-0.5715889794
-2.2919248905
-0.5901260209
-0.7455756395
0.9565253000
-2.0287274993
1.5120234514
0.2515882757
-0.7621660047
-0.8403315584
0.8477605531
1.1044124087
0.6926584424
-1.8281787769
0.1235173930
0.2772840323
-0.4595130390
0.0725982561
-0.0325879388
-2.4132999674
0.7741667733
0.9065746143
-0.9185541895
0.7780224848
0.6559253528
-0.6513396048
0.0608040682
1.5762169880
-2.0403066388
0.9136116201
0.0392944229
-1.3569797307
1.4255246016
1.4637425946
0.5086441724
-0.4200444838
-0.5751741046
-0.7375397361
1.5426739694
0.6098472719
-0.3433904537
0.6295199048
0.7891470407
-1.3100329269
-0.6824907671
1.5635139593
-0.0938612772
-0.9364908255
1.1896016291
0.2825108403
0.4060689716
-0.7798936734
-0.1706309758
-0.0671278336
0.4940831582
-0.5103677669
0.1987408902
0.8314090890
0.6356846937
-0.1759459917
-0.4089342224
-0.1333726633
0.2502828867
-0.6079694776
-0.0435313531
2.0415256226
0.7489553295
-0.1699233338
-0.0014431387
-0.5919705764
0.3359799621
0.5729239857
-1.4617341442
-0.9865086847
2.1230852884
0.4213835902
-0.3913268641
1.0715432947
0.3264622811
-0.3508323545
1.6201209471
-1.1804646552
-0.7702964229
-0.9937306906
0.9603758742
-0.3731100486
-1.4891183557
-0.8277932261
0.3359441658
0.6221838882
0.7460603049
-0.5651453686
-0.7139819800
0.2327923357
-1.2354347267
-0.9075814204
0.8941103012
0.6237147113
-1.5314310041
0.6080268761
2.7169071822
1.5357871094
0.5859529480
-0.3377114188
0.2008137544
1.6296899670
0.3144283678
1.4825138430
-0.8260069686
-0.7450122730
0.1082622208
-0.4334930698
0.3129304140
