11 3 0.05
16 0 2 1 0 1 1 1 2 1 3 2 1 2 2 2 3 2 4 3 1 3 2 3 3 4 2 4 3 4 4 5 3
18 0 6 0 7 1 6 2 3 2 4 2 5 2 6 3 0 3 1 3 2 3 3 3 4 3 5 3 6 4 3 4 4 5 4 6 4
18 0 3 1 0 1 1 1 2 1 3 2 0 2 1 2 2 2 3 2 4 2 5 3 1 3 2 3 3 3 4 3 5 4 2 5 2
3 4
3 1
3 1
0 0 0 0 0 0 0 0 0 0 0
0 0 0 0 0 0 0 0 0 0 0
0 0 0 0 0 0 0 0 0 0 0
0 0 0 0 1 0 1 1 1 0 0
0 1 1 1 2 1 1 2 0 0 0
0 1 1 1 2 3 3 2 1 0 0
0 1 2 2 2 3 3 2 0 0 0
0 0 0 1 1 1 1 1 1 0 0
0 0 0 1 0 1 0 1 0 0 0
0 0 0 0 0 1 0 0 0 0 0
0 0 0 0 0 0 0 0 0 0 0
-1.1156725858
1.6866043356
0.6624449620
-0.3637506347
-0.1483967301
-2.2585279365
-0.2801119851
0.2605145603
-1.1684255855
-1.2108450371
0.6390914573
0.8013215810
0.7439762959
-0.1727771117
1.2665878644
-0.1172731437
-0.2960895142
1.7087555225
-2.6330596100
0.3702725520
-0.4715177356
0.8351310545
0.7526528745
0.8539408153
0.7865249825
-0.5083698763
0.9564768239
-1.1206105011
-0.9179884067
0.8304606603
1.8667074882
1.3882598026
-0.8243375073
-0.2356799472
0.7291030168
-0.8088425933
-0.0124621144
0.0922299449
-0.6322869961
1.2280088886
0.2712854757
-1.1531746370
-0.1710118857
0.8908398145
-1.1497133846
-0.2679398617
0.8802988275
-0.1513351704
0.5191831622
-0.2895673288
-0.0267912598
-0.2351231394
-0.3400338035
-0.5251420243
0.3259030491
2.6463797771
-0.3737863108
-0.7527635298
-1.8177154897
1.5011256208
0.0852505005
1.3404355704
-1.6971054031
-1.1127275878
1.3024805700
-0.3582647618
0.8647040989
0.2156286422
0.7386003308
-1.2943724860
1.6270294545
-0.1931053337
1.8096514026
0.4325760113
0.6410316680
1.5229832456
-1.9181254373
0.5555103246
-0.3687804417
-0.2835136923
-1.4104406482
-0.6435003296
0.1093918395
-1.3546051045
1.2178875211
-0.7698791056
-0.7719904228
-0.6686845276
0.7387508502
0.2498536886
-1.0401717621
0.5998942065
-0.4564293467
-0.8366358112
-0.7363564658
0.1580707472
-0.1595801703
-0.0567078372
1.9445037408
-0.4831291852
2.1220385639
0.0116698487
0.3318071696
1.2119101887
-1.1483197545
1.4697545105
0.7376534451
1.1173942111
0.6618045105
0.6468709762
0.5396432628
0.5609755538
-0.7102864008
-1.7004841743
2.9390018123
0.0471580956
-0.0356214692
0.1468600409
-0.4180395059
-0.2123442915
-0.9613110048
-1.3239502630
1.1247722758
0.1277802568
-0.3804564299
0.5266889859
0.5807073510
-2.4188995503
-1.1069964137
1.9488485727
0.4010027551
-1.1221742916
-0.1108933099
0.2257501122
0.9782020376
0.1781140293
0.1123466088
-2.3563385754
0.3524971399
0.9445275761
-0.0707710693
-0.3762176759
0.9589095559
0.3862906641
0.6042808659
-0.3904946794
-0.4425774991
-1.3654030259
-0.6656634001
-0.8657234904
0.5109630144
0.5926533487
1.6342358198
0.0283360435
1.8852811075
-1.6139604992
-1.5662620375
0.5057591734
0.6207074020
0.1024074172
-0.4523829979
0.2557798739
-0.1002309143
-1.2569929535
0.5724398960
1.4709119294
1.1919879422
0.5606154900
0.6673322946
0.8797969316
-0.1640612532
1.9645243212
1.3671507688
0.9084247051
-1.6414979121
0.7813639851
1.5026748599
0.6954400675
0.5343809030
0.2641424985
0.2813172859
0.0583658294
0.6928369757
-0.4474193346
1.7104542489
-0.2887983162
1.3528804159
1.0787528022
-0.7436344693
-0.0226757246
-0.4133851795
2.0069542471
3.6320069013
0.4911292786
0.4526228740
-0.4147156391
0.6708777824
-0.7303612741
0.5402447563
-1.9407103355
0.1746602490
-2.2930169260
-1.2250393875
-0.6786415685
1.3951179513
-1.2347478138
1.8057858082
-1.8085464491
-0.4441155987
0.3393108351
1.6752922159
-0.8588074482
1.6921569625
2.6395560602
-0.1480898180
0.2045427314
1.0919632546
0.9207977173
-0.3204445005
-1.8285727049
0.5749505279
-1.1996884470
0.1266880210
0.5659871515
-0.2793716787
-0.9129102031
-0.6657578944
0.6635293667
0.9775180626
0.0222475646
-2.3218619121
-2.0045949641
-0.8553158546
-0.8680709902
1.5229268560
1.8766352250
-0.4273918288
-0.8677587472
1.3961950944
-1.0863777782
-1.4846314017
-0.7562685487
