14 4 0.03
23 0 1 1 0 1 1 1 2 1 3 2 1 2 2 2 3 3 2 3 3 3 4 4 1 4 2 4 3 4 4 5 2 5 3 5 4 5 5 6 1 6 2 6 3 7 1
23 0 3 1 3 1 4 2 3 2 4 3 3 3 4 3 5 4 0 4 1 4 2 4 3 4 4 4 5 4 6 5 2 5 3 5 4 5 5 5 6 6 3 7 3 8 3
23 0 4 1 2 1 4 2 2 2 3 2 4 2 5 3 2 3 4 4 0 4 2 4 3 4 4 5 0 5 1 5 2 5 3 5 4 6 1 6 2 6 4 7 2 7 4
23 0 3 0 4 0 5 1 3 1 4 1 5 2 1 2 2 2 3 2 4 3 0 3 1 3 2 3 3 3 4 3 5 4 1 4 2 4 3 4 4 4 5 5 1 5 2
6 1
2 1
6 4
5 8
0 0 0 0 0 0 0 0 0 0 0 0 0 0
0 0 0 0 0 0 0 0 0 0 0 0 0 0
0 0 0 0 1 0 0 0 0 0 0 0 0 0
0 0 0 0 1 1 0 0 0 0 0 0 0 0
0 0 0 0 1 1 0 0 0 0 0 0 0 0
0 0 0 0 1 1 1 0 0 0 0 1 1 1
0 1 2 1 1 1 1 1 1 0 0 1 1 1
0 1 1 2 2 1 2 1 1 1 1 1 1 0
0 0 1 1 2 0 1 1 2 2 1 1 1 1
0 0 0 1 2 1 1 0 1 1 1 1 1 1
0 0 1 1 3 1 1 1 1 1 1 0 0 0
0 0 0 1 2 2 2 1 1 0 0 0 0 0
0 0 1 1 1 1 1 0 1 0 0 0 0 0
0 0 1 0 0 0 1 0 1 0 0 0 0 0
-0.1771675208
1.7052285662
-2.1897960729
0.8022291464
-1.6670725795
0.0099057877
-2.1668526177
0.3236771322
1.0737572813
0.2629032338
-0.4699712039
2.0330071210
-0.9570438686
0.5201861492
0.5930027995
2.8837757762
0.9177801596
-0.1591237821
1.0864346546
-0.7573910687
-0.7732539051
0.6408448655
-1.4892712721
-0.1030138314
0.5552582371
0.6707901658
0.5470454633
-1.4981700898
-1.0280267647
0.7131221724
-0.5843489530
0.5473591607
-1.3912718070
0.0350505354
0.6262362052
-1.5120679917
1.4121627854
0.4967961603
-0.1350846917
1.1025309124
-0.0703906427
0.2992829757
-1.9147164594
0.7098194648
-0.0478101178
-0.0812078669
0.8779421582
-0.4439512445
0.5888845794
1.3063379576
1.7105607301
1.2056610031
1.1099443627
-0.2655393709
0.3961970595
-1.4405430310
0.4665032718
0.6987136687
1.6354969119
0.5086147466
-0.9507174490
-0.0588911309
-0.2329958409
0.9628180232
0.4382066947
1.4579944470
-0.0016906697
-1.4400621443
-0.2758341372
-0.6688647390
-0.3668831861
-0.8868386898
-1.4312542394
0.5305240124
-1.6014181998
0.8800429806
-0.4862403794
2.4348919505
-1.9007910744
0.0439656055
-0.7340598801
0.4621916929
1.2472444014
0.1361356213
0.6499220420
-0.5008454144
0.9689574614
-0.6284496675
-1.0604526350
0.9765132841
0.9269074785
2.3446403313
1.8085510967
0.5904587866
0.0845036197
-0.5902388172
0.5320351386
-1.3138367512
-0.2136506878
1.4251574970
-0.2808732334
-0.1272818205
1.4092912158
-1.4763847483
-0.3693176096
-0.8515886120
-1.3430753004
-2.5470545179
-0.5504222625
-0.7576105985
-1.2664145053
-0.9916234971
1.9112100376
1.0830925562
1.2115975426
1.3217712582
-0.3297754029
-0.3652889521
-0.0655758947
0.4543752351
1.0072429054
0.6175632677
-0.6858505732
-0.3997641862
0.7364683195
0.1846316952
0.3054663545
0.2004856423
-0.4058961581
0.4460805005
0.1088563468
0.1686741803
1.6718067834
-0.7027130801
0.8352382500
0.8079304251
0.1292363498
0.3799844045
0.3253484883
-0.3492968433
-0.9353343216
1.6522637936
-0.8381997860
0.7659931317
1.3367170224
-2.5606909628
1.5563358278
1.6353467378
-0.5941573177
-1.6415893193
1.0539316153
-2.2407728817
-0.4058469574
-1.3414553908
1.4490516211
0.4368077517
-0.9710680870
0.0521545397
-0.4479800806
-0.0060554190
-0.1665618182
0.7916182807
-0.8242799979
-0.3144100498
-1.0845698852
0.0958631185
-0.4291294316
1.1773740926
-0.6285895317
0.4981658078
-1.0912382948
-0.6213609144
-0.0862816364
-2.9824966748
-2.4196900260
-0.4690799848
-1.4780184844
-0.0393337939
0.0194385544
0.2282741661
1.3277253934
-1.0308756235
-1.5507221460
1.7746392710
-0.0336590915
0.2208802398
0.1727018918
0.4450211799
-1.2440634395
0.4001983706
-0.3468160864
1.3349720910
-0.0381869160
1.1012039303
-0.4023281826
0.8405673708
0.8680116879
0.2696712454
-0.9891180856
0.5876589398
-0.2038198198
1.3912339791
0.6797195210
-0.3396742216
1.8774520889
0.8059330947
0.7097193899
0.0152243409
0.8555527938
-0.7570397533
-0.0815405518
0.6633424908
1.1209279524
0.7747268560
0.4026139171
-0.0461686285
-1.3521577955
0.0959634349
0.4060779033
-0.9101168899
-0.1363029960
1.1471320412
1.3988078609
0.6830649043
0.2646426813
-1.1218110519
-0.4758409681
2.0040459862
-0.9658178651
0.1286865883
-0.5020300261
-0.5208679925
1.5690547101
1.9059307556
-1.2196215104
-0.2262164886
-0.3883296403
-0.8643676666
2.4255099133
-0.6235919976
0.1861268959
1.2211920079
-1.1343056432
1.3794340905
0.1980577824
0.9762053503
-1.4436552963
0.2268583708
-1.4781889021
1.1709540283
-0.0623286237
1.6676948549
0.0114037774
1.5098455914
1.0312489679
0.1179847935
-0.9083316315
1.2914490886
-1.0209067237
-0.2476067866
-0.3700432153
0.1935028857
-1.2942400747
-3.7279570897
-0.1853520303
-1.6919628011
1.2488987292
0.0886109049
0.8543416171
0.1281141236
-1.1900345948
-0.2304848518
0.9161888943
0.8252511830
-0.4918115478
-0.2146684205
2.7070535759
-0.6678546326
1.6106377429
-2.1729151202
0.7806097370
-0.2450865331
0.2286721871
-1.1058031204
-0.3631607390
-0.6322729022
0.0142550192
0.4250536785
0.7746014382
0.5438779343
0.1451751900
0.3640997904
1.0222983477
0.2443716383
0.2023706947
0.5805693340
-0.8153394727
0.4645683121
0.5900661420
-0.2474149820
-0.8214745410
-1.3603921665
0.5996700052
1.4343015866
0.2736633190
0.2501557451
-0.4207461976
1.4378553301
-0.4963396988
-0.2757179186
0.4507281741
0.9949290216
1.6691619184
0.5055090655
-0.8853971784
0.3743595708
-1.6212142424
-0.1628959981
-0.1837445600
-0.8141565929
-0.7524835095
-0.1143103812
2.5829010981
1.6615154738
-1.6179284327
-0.3603735243
0.8310729071
1.4621517303
-1.0483474713
-1.3340884027
0.1104207768
-2.1274446029
-0.3795712941
-1.5125550512
0.0972260209
0.2323411192
-0.5766247648
0.6143722003
0.5246621532
-0.8649736403
-0.7644758846
0.1113004696
-0.2430123104
-2.6102608438
3.0731842926
2.9114142705
2.2843665972
1.8343166902
-0.8512844696
-0.9856525878
0.3667714211
0.0095252602
-1.2739008595
0.2104938619
0.6001845474
1.3336920856
-0.8515274308
0.7861751500
0.5950354621
-1.6198812822
-0.2557506022
-0.0953928637
-0.2905588461
1.2521371289
0.9466436108
0.1156827139
-1.2334173017
0.7733323466
0.3852003013
-0.4240516457
0.7469404617
-0.8644295364
0.8600954303
0.8375698232
0.9272017120
0.4312779188
-2.6913887932
1.1404478309
1.3172937557
-0.2070770918
1.1260578144
-1.0932204660
1.2737560586
-1.7891814908
0.4533041494
1.2862444224
-0.5945517482
0.6838948272
-2.1469594668
1.3779786437
0.7979094474
2.2093754962
