11 6 0.04
6 0 2 1 2 2 2 3 0 3 1 3 2
5 0 1 0 2 1 0 1 1 1 2
6 0 1 0 2 0 3 1 0 1 1 1 2
5 0 1 0 2 1 1 2 0 2 1
4 0 2 1 0 1 1 1 2
6 0 0 0 1 1 0 1 1 1 2 2 2
6 0
8 5
1 5
3 1
9 2
1 3
0 0 0 0 0 0 0 0 0 0 0
0 0 0 1 1 0 1 1 1 0 0
0 0 0 1 1 2 1 1 0 0 0
0 0 1 1 0 1 0 0 0 0 0
0 0 1 0 0 0 0 0 0 0 0
0 1 1 0 0 0 0 0 0 0 0
0 0 1 0 0 0 0 0 0 0 0
0 0 1 0 0 0 0 0 0 0 0
0 0 1 0 0 0 1 1 0 0 0
1 1 1 0 1 1 1 1 0 0 0
0 0 1 1 1 0 0 0 0 0 0
1.3201740584
0.4238688668
-1.8591434690
-0.3638148761
0.9452550002
-0.9541352853
0.3779923740
-1.0030307216
-1.4150537272
-0.5747832591
0.7709094760
-0.2147001394
0.7511260971
-0.3451953198
-0.2501507190
0.2478856278
0.8643547068
0.8835976502
-0.5099141073
0.0061807863
-0.5509591641
1.2912053628
0.3024997415
0.7320247479
0.8090839594
-0.6143292900
0.9648496197
0.4413664892
0.4806171368
0.5495099040
0.1802183334
1.2239486749
-0.0310270373
-0.9654377181
-2.3287337317
0.8273714386
2.2036100600
1.3078388125
0.5980056774
-0.0721678516
-0.7322419296
0.5769841830
0.9706351057
0.3351843230
-1.8799615617
1.7350282430
1.5928016857
0.3363985062
-0.1153171732
-2.0697592026
0.5947568582
-0.4989693331
0.1112235940
1.3605573440
0.0840314282
-0.6907152905
0.8400205940
0.1465598930
1.7000147969
0.8897617567
0.7072049872
-0.3463325671
0.1631481647
-0.1110490966
0.2052541393
-0.3363060665
0.0583733470
-0.0808417796
-0.0243469523
-0.2784418121
-0.0481875235
-0.4504551766
1.7828345854
-0.2206123122
0.4042887254
-0.5373495901
1.1366048813
0.1523128139
0.1445482085
0.9328153056
1.2402823152
0.0781500026
0.3709930786
-1.9869553435
-1.3749749044
0.9844385028
1.0225421203
0.5565486071
0.1414012197
0.4258208746
-0.4665205323
-0.3893825942
0.1459397259
-0.5639899278
0.6232031381
-0.0408934737
-0.2341992646
-1.0098286649
-0.9797200461
0.2035936986
0.3482608895
0.6918005297
-1.4007515126
0.2128707320
-0.8319467888
0.5527095990
0.3168201823
-0.1726671866
0.4158323890
0.3584365460
0.0287658383
-0.3615288979
-2.2274420459
-0.6511149808
0.6500799704
-0.1824508842
-0.0470431923
0.9183755438
-0.5713581981
-1.2116058084
0.0565064395
0.1927381679
-1.6822611336
-2.8031241875
-0.2566656919
1.0899693450
0.5804593344
-1.5010111116
0.4131388461
-1.1726748459
0.7021934033
-0.3629299569
2.2615532155
0.9291227106
-0.6114139822
0.0775251581
-0.7475395889
0.6196716222
-0.3079039077
0.3849620930
0.4471887188
-0.4981075195
-0.5554855953
0.1747522828
0.5265460546
-0.3626322057
-0.8771895438
-0.5495208953
1.2256897886
-1.2103673299
-0.5698952574
1.5054449179
0.4386841204
-0.5282871713
-0.2725703763
-1.6976592851
-0.9242592138
-1.0250397485
0.3981995834
-0.7629586005
0.1173111039
-0.4070712382
-0.5219912568
0.4213857242
0.1330394892
1.1374868964
-0.4806161556
-1.1381676290
-0.8270076546
0.9739933917
-1.3194801745
-0.5736309037
-0.0909784447
1.7921761870
-1.0076523580
0.5663458907
0.9288331210
0.7686303445
0.3492428609
0.7729013894
-0.3061311696
0.2192117446
-0.0006164184
-0.7414795806
0.2975939419
0.7175016072
-1.3708987822
1.0977789105
0.3063926465
0.7839227629
1.3370623855
1.4886536280
-0.4583964758
-1.2508975407
-1.6158838573
0.0523342291
0.7523218306
0.0027743280
1.0260072829
0.6703924299
0.8154524955
2.0375381258
-1.0361491968
0.2881752900
-0.7126808023
-0.0032977233
0.4812246536
0.4672814543
-0.0431376945
1.6083081431
-1.7210728802
1.0468803550
1.5583340528
1.0264647285
-0.7179433196
0.0896404944
2.0545671281
0.7370869289
-0.9467538057
1.0753809242
1.3941160992
0.9607571221
1.5582067917
1.2253041828
0.2838993448
2.0129727662
0.7233878091
-1.3047695076
1.9496351142
-0.5911911043
-0.0909546423
-0.3520183148
-2.0734492758
-0.6273871210
-0.9962299560
-0.3616535633
-0.3101514111
-1.7660949278
-0.0704736028
0.7552299607
0.2985242976
-0.9303216522
