10 5 0.14
5 0 2 1 0 1 1 1 2 2 1
5 0 0 0 1 0 2 1 0 2 0
5 0 0 0 1 1 0 1 1 1 2
5 0 0 0 1 1 0 1 1 1 2
5 0 1 0 2 1 0 1 1 1 2
7 1
4 4
8 0
5 2
8 1
0 0 0 0 0 0 0 0 0 0
0 0 0 0 0 0 0 0 0 0
0 0 0 0 0 0 0 0 0 0
0 0 0 0 0 0 0 0 0 0
0 0 0 0 1 1 1 0 0 0
0 0 1 1 1 0 0 0 0 0
0 0 1 1 2 0 0 0 0 0
0 0 0 1 0 0 0 0 0 0
1 2 2 2 0 0 0 0 0 0
1 2 3 1 0 0 0 0 0 0
-0.6642823320
-0.2402642208
0.0015222328
-0.1757131258
0.1847895763
-0.1195160301
-1.1580613100
1.4971185307
-1.9673724485
-0.0264668857
-0.0458929921
-2.5323711187
-0.4238037006
-0.8563520226
0.2712550096
-0.1531313537
-0.0690389708
0.4324037492
-1.3725220676
-0.8570277365
-0.0796983219
-0.2956775559
-1.6076450660
0.2653689230
1.1435973171
2.7178119695
0.2353589220
0.5484176417
1.1700178172
0.5251215060
-0.6272371072
0.6340126780
0.5632749733
0.5849098215
-1.8684731695
-1.2501417301
-0.3036776544
0.1090801476
1.4712262628
0.8855090313
1.1352404942
0.7916169880
-0.1552076960
-0.7108523717
-1.3204830154
0.3845083038
0.2800370116
-0.3870580595
0.1772087358
-0.1834130640
0.4179206141
-0.8323402882
0.7350447720
-2.0041863740
-0.2074627848
-0.0483307037
-1.2833212029
0.7057475409
-0.8779133881
1.7377029916
-0.9595598036
0.5613377323
-2.0166972808
-0.8671600063
1.0134670174
-0.2338204093
-0.5967634792
-0.6531296541
-0.4929220546
-1.0356566841
-2.1662192955
0.4054496007
0.0351971223
0.3707895740
-0.9049313997
-0.0024668339
0.4430263323
-2.1914052624
0.9477041291
0.0528569064
0.5549560316
0.7826705212
-1.1281573811
1.4318701882
-1.4174114960
1.3406253131
-2.3504401096
-3.4619873068
-0.4792567817
-0.5623114025
0.7693644683
-2.7214534750
0.0661221592
-1.2158734244
-0.9767982840
-1.2608719549
-1.3317043752
2.2215571673
-1.6404113573
1.7890317330
0.2008694397
-0.3754814646
0.2813129296
0.6148391406
-0.1512834699
1.4559607883
1.9259162881
-1.1327833472
0.1054080117
-2.4817226892
0.9457840952
1.5475847153
0.1315719381
0.6605552156
-0.9549999674
-0.8522777624
-0.6955553399
-1.2000167579
-0.6187310639
-1.0853419472
-0.3680124392
0.4640581242
-1.0418463895
-0.7392461319
0.2635157674
1.4459251588
-1.3909574924
1.0171836621
-0.0720004279
-0.2254006467
0.0766189177
0.6477095615
-0.2039380412
-1.9770613608
-1.3224584306
0.4998117851
0.6855077530
0.8949727571
0.5932839407
1.8574519111
-1.5811871500
0.2118883753
-0.4224908643
-1.6183996891
-0.7171325617
1.2310943619
0.8955038067
0.2270727816
-0.6262047413
-0.6234451578
-0.8782349840
1.3642834319
0.8899782580
-0.4432162618
-0.5968855958
-0.3681238391
0.9063516703
-0.3790637774
1.5715375778
0.0711465458
1.6257702724
1.3030884016
0.5182110901
-2.0981074241
-0.1863071927
0.9724720686
1.5252874680
-0.7739956950
2.0600262293
-0.6625724390
0.3606553259
0.4856686698
-0.5359640531
-1.1029081900
-0.5748890268
-0.1786379885
0.9387874564
0.2663217457
1.2169309618
0.1986406585
0.2623208468
-1.7500346003
0.9603028349
0.3130435455
0.6023883649
0.8068467456
-1.0390097717
0.7928019566
-1.3295945038
1.2035531104
0.8015784446
0.7706171431
-3.2513002664
-0.6162887248
-0.4453292187
0.2329770391
0.5108399712
0.3274403316
1.4140839168
-0.1196453452
