14 8 0.04
19 0 1 0 2 0 3 1 2 2 1 2 2 2 3 2 4 3 1 3 2 3 3 3 4 4 0 4 1 4 2 4 3 5 0 5 1 5 2
15 0 0 0 2 1 0 1 1 1 2 2 1 2 2 2 3 3 0 3 1 3 2 3 3 4 2 4 3 5 2
16 0 3 1 0 1 3 1 4 1 5 2 0 2 1 2 2 2 3 2 4 3 0 3 1 3 2 3 3 4 0 4 1
19 0 2 0 3 1 0 1 2 1 3 2 0 2 1 2 2 2 3 2 4 3 1 3 2 3 3 4 2 4 3 5 2 5 3 5 4 5 5
19 0 2 1 1 1 2 2 0 2 1 2 2 2 3 3 2 3 3 3 4 3 6 4 2 4 3 4 4 4 5 4 6 5 2 5 4 6 2
9 0 0 0 1 1 0 1 1 1 2 1 3 1 4 2 3 3 3
13 0 1 0 2 1 1 2 0 2 1 2 2 3 1 3 2 3 3 3 4 4 1 4 2 4 4
19 0 2 1 2 1 3 2 2 3 2 4 0 4 1 4 2 4 3 4 4 4 5 5 0 5 1 5 2 5 3 5 4 6 0 6 4 7 4
4 4
3 9
7 0
7 0
1 7
10 6
8 5
2 0
0 0 0 0 0 0 0 0 0 0 0 0 0 0
0 0 0 0 0 0 0 0 0 1 0 0 0 0
0 0 1 0 0 0 0 0 1 1 0 0 0 0
0 0 1 1 0 0 0 1 1 2 1 1 0 0
0 0 1 0 0 1 1 1 0 2 2 2 0 1
0 0 1 0 0 0 1 0 0 1 2 2 2 1
1 1 1 1 1 2 1 1 1 2 1 2 1 0
1 1 2 3 1 1 1 1 1 1 0 1 1 0
3 0 1 2 3 2 2 2 0 0 0 1 0 0
2 2 2 2 4 1 2 0 0 0 0 0 0 0
1 2 2 2 0 1 2 2 0 0 0 0 0 0
1 1 1 1 0 0 2 2 2 2 1 0 0 0
0 0 1 1 1 1 1 1 0 2 0 0 0 0
0 0 0 0 0 0 0 0 0 1 0 0 0 0
0.5658951977
-0.0092468643
-0.6826109407
-0.1351651888
-1.4525428830
-0.2170694475
-1.8482991441
1.7048010460
1.0256358122
1.6919225622
0.5851526306
-0.2331450064
0.3870793228
-0.5287417936
1.9364287913
0.1140413360
0.1297379621
0.6172171059
2.5665104315
-0.1672142925
-0.0307069261
-0.0427387828
1.1971729916
0.1220176948
1.0571226757
0.3234538349
0.1745460750
-1.5031609403
0.1011819193
0.3782466606
0.5483044819
1.8162629221
-0.4341183143
1.0318273377
-0.2616037374
-0.2113479161
-0.2999504353
0.4298933059
0.4524811093
0.2948533531
-0.6193074111
0.0635414478
1.3427027324
1.2035306191
-0.4914623382
1.0376481657
-1.4043623118
-0.6262636365
0.6556231084
-0.5325327216
-0.5185771253
1.2464668259
-1.1456571457
1.3741537276
-1.3196822547
-1.8143115936
1.0848249354
0.5066108552
-0.8572985232
-0.5093167681
0.5193416313
-1.6934697006
1.7969619664
-0.0354354730
0.6389395138
-0.0648106928
0.7840508205
0.3502951827
-0.3816004135
-0.2086907872
0.4526801417
-0.6451990027
-0.7035960501
0.7251840825
-0.1033168220
-1.3245320780
-0.3867385064
-1.3455001032
0.5282533752
0.8082392152
-0.4774844425
1.0699945772
-0.3984873577
-2.0668868122
-1.2717577673
0.1714314803
-1.3762133735
-0.0179095258
-0.5270619384
0.5874922910
-0.2463901456
-0.7641204325
1.6118348831
-1.3695451087
-0.3135220930
0.9075783509
0.2984395245
0.5193295246
2.3456703800
0.2360807787
0.3911133031
0.2286090319
1.6317840734
1.0866854643
-0.6489757513
-0.3452678989
-0.6523288798
-0.5287625827
-0.9539952223
0.5108835272
-0.0199022962
0.2922956405
-1.4165239702
0.3318584655
-0.8229053969
0.6691467318
-0.2084095632
0.1810793167
-1.8876458203
1.2289408611
1.3496280132
1.2434004186
0.6924131692
0.2893531124
-0.7997854443
-0.4728635549
-0.2114207135
0.8511791326
-2.1060583563
0.7527962349
-0.6824182181
0.7798031274
-0.9552369688
1.7367816919
2.1767772366
0.3609119656
-0.9174404789
0.1675888969
-0.6862786532
-0.4394144235
-0.2056461926
1.2997984239
-0.4985315972
0.6572147188
1.9528734020
1.1984019253
0.0447106361
-2.0167097362
1.3438325163
0.8947201866
-0.0507445166
1.4339312159
1.0174864834
1.1496169733
-0.3294342166
0.7867380143
-0.8927209016
0.4979696055
0.3294191662
0.8596855417
-0.7768658386
-1.6027928307
0.2806786277
-1.7191276598
-0.5678073824
-0.2057250334
-1.1492013509
-1.0128962149
-1.0449297224
1.7622473549
-0.8041300704
-1.0868208391
0.1822524677
0.4671106743
0.1878221457
-0.1890235747
0.2946477949
-0.8560337185
-0.3113569887
-1.6405169063
-1.0890020046
0.8319190698
0.7392815445
-0.9157656499
-0.0850909966
-0.0873256547
-0.4078082587
-0.4695465572
0.5315420183
-3.4406252848
0.3185670524
1.0674153590
0.7337979740
-0.6333736601
0.6511229990
0.5471898761
0.4626608098
-0.2902047771
-2.1289181739
0.5460530471
-0.3178583560
1.9405719011
0.9273415087
0.9683055411
-0.3971831607
-1.4544931709
-0.1121299690
-0.4914497000
-0.6225672491
-0.3851453349
1.6083488968
-0.3081729568
1.0486460037
0.1377334438
-0.6447629615
2.1208618857
-1.0450621964
-0.6957481741
-0.3139409375
0.8344280895
1.3390611678
1.4290240263
0.9645836688
-0.6817679046
0.1201411095
-2.2317374979
-0.1895418087
0.1316716755
-1.4300486327
-0.2696930688
0.2549013463
0.4555677054
-1.5786487075
0.0731240432
-0.2316041202
0.8249718702
0.2493057082
0.5010508934
-0.0087113912
2.4819724457
-0.7192030175
-0.2475524145
1.4208721852
-1.3341420017
0.3544390432
-1.6510088730
0.3883859968
1.2268489376
-1.5516534795
-0.3746945783
0.5544920737
-0.5186616672
0.4565972391
-0.2600109415
1.6310602953
-0.3316977272
-1.4017912346
1.3286879411
-0.7065981017
1.0596661628
0.7480021831
-0.4445750029
0.9788324542
-0.8753715080
-1.3226049526
0.3340817916
-1.2362786290
0.2215964718
-0.6055559095
0.3246767987
1.4497343400
0.9582689578
0.1425998412
-1.1466153302
0.2624194941
0.2417134258
-0.0215232221
-1.3127939677
0.8999278431
-1.5149402839
-0.4102802791
-0.5722516353
0.8367306113
-0.7765938070
0.6040223744
-0.2039163376
-0.3877173053
-0.7771513107
-1.6483475611
-0.7539985214
-2.5942901382
0.2451541849
-0.5195582346
0.2730915133
-1.9642266043
1.3782852763
0.0017295541
-1.9094232063
0.3992346709
-0.3516260805
-0.8168966801
-0.2801432914
-0.5249785046
-0.7734505738
0.2098819168
0.6722868652
-0.9163158302
0.6972445076
-2.0687869127
1.6578704234
0.2148517735
-1.1341448116
-1.2452125966
-0.3800925581
-0.5411919175
0.2669651226
-0.1250695633
0.6450418195
-0.0926232171
0.0008355552
-1.0697667658
-0.7492562866
-0.1887664946
1.1009106088
0.6701885002
0.8844731561
-1.5880109077
-0.4015927769
0.0195205145
-1.4003217147
0.2015561501
-0.3541729203
0.6972910625
-2.4132741776
1.7246383478
0.0054400551
0.7717459432
0.8270363337
1.1767185744
0.8209797052
0.4908865594
-0.6572118954
0.6331804192
-0.3993811262
-0.1493450158
-0.0233998054
-1.3189807698
0.0665284501
0.7015936025
-0.2234125287
0.8309067371
-0.4297654499
0.9268700223
-0.7088399978
0.0879629930
1.1401239166
0.8866258804
-0.0050468791
0.4637120547
-0.1758940513
0.6038177836
1.0849860754
-0.6570403320
-0.7395940251
-0.2268573906
0.0740548338
-0.9466829627
-0.8196798872
0.6757171611
0.3403451793
0.4236106676
-1.1338217901
-1.2808907605
-0.5661235094
0.1429795194
0.5469684113
0.2543415272
-0.8017502522
-0.2086228527
0.2962799046
-1.1143695275
-0.5586495159
-1.4754155607
1.1259317760
-0.7431023137
-0.2570936103
-0.9913906816
-1.0184552779
-1.9407873413
-0.6124735269
-2.2808411821
-0.8528164377
