11 6 0.19
8 0 1 0 2 1 0 1 1 1 2 2 1 2 2 3 2
8 0 0 0 1 1 0 1 1 2 1 2 2 2 3 3 1
8 0 1 1 1 2 0 2 1 2 2 3 1 4 0 4 1
10 0 0 0 3 1 0 1 1 1 2 1 3 2 1 2 2 2 3 3 1
9 0 0 0 1 1 0 1 1 1 2 1 3 2 0 2 2 2 3
9 0 0 1 0 1 1 1 2 2 0 2 1 3 0 3 1 4 1
0 6
0 5
0 1
1 0
5 3
3 7
0 0 1 0 0 1 1 1 1 0 0
1 0 1 1 0 1 2 1 1 0 0
1 2 2 2 0 0 1 2 2 0 0
0 1 2 1 0 0 1 1 1 0 0
0 2 1 0 0 0 0 1 1 1 0
0 0 0 1 1 0 0 1 1 0 0
0 0 0 1 1 1 1 1 1 0 0
0 0 0 1 0 1 1 0 1 0 0
0 0 0 0 0 0 0 0 0 0 0
0 0 0 0 0 0 0 0 0 0 0
0 0 0 0 0 0 0 0 0 0 0
-0.8415898156
-2.3041978060
-1.1017596213
0.1264037615
0.6528022715
-0.5537026270
1.0627595895
2.1899710835
-1.5323492008
-0.1817405257
-0.2809943871
-0.5631683992
-0.3190643068
0.7760185222
0.7307023615
0.3527773796
-0.2974645683
-0.0671889297
0.7032987220
-1.4817786727
-0.9405143531
1.1214386515
0.5722615226
-1.1488218647
-0.2047686559
0.4412644925
-0.0145063922
-0.8126106457
2.3127542342
-1.0360983517
-0.7463922840
-0.9960804487
1.4761727151
-0.0350979250
-1.1756811992
-0.2562921829
0.4604384893
-0.8645575842
-0.1117366969
0.2013857713
-1.0212217113
0.4503391612
-0.1820734093
0.7167886338
0.0809213501
-0.3738881481
1.4984013244
-0.9249898600
-0.6168575887
0.6631279085
-0.9433290386
-0.0591724253
-0.8452377288
-0.0938881964
-0.2107987730
1.8102220335
-0.6613784311
-0.9889979039
0.3652416593
0.1100585322
0.2515980458
-0.5268646206
0.5813233905
-0.5404210076
0.7637521003
0.5906822260
0.2688629368
-0.3467257153
-1.5292170122
0.4450420057
-1.3462769908
-0.2182198369
-1.6299270553
0.0671153830
1.0154050000
0.6862624064
-0.7354862676
-1.6788514626
0.5930666732
-0.8075315298
0.2127969946
-0.7295953662
1.8921173008
-0.0227313946
-1.3851593392
-0.1101071661
0.1699982420
-1.2010867063
0.7397629132
0.1249141456
0.7241179568
-1.1364991144
-0.8786903816
-0.2298344162
0.9627612097
-1.0935396337
-1.2505270252
0.6199395771
-0.4946725201
-0.5189111906
0.4236638772
0.8455224230
1.2931673760
1.6131210517
-1.3938349818
-1.4339346014
-0.0964397251
-0.1922954659
-0.2206279657
0.1507192356
0.0331181719
-0.6532484997
-0.5337296860
-1.7336604904
-1.0501921807
-0.4754890361
1.2744085260
0.0364285428
-0.9708563682
1.1388785679
-1.4671704936
-0.4889283037
-0.2016336931
-0.9398139027
0.5399522921
-0.1253375786
0.3283527129
1.2054959589
-1.3769886864
0.0691142059
-1.0644551587
0.8343559043
0.9934233354
-0.5394745991
-0.5805365221
-0.7915850488
-0.9305719315
-0.1885028089
-0.6276363587
-0.0409678067
-0.2767688653
2.8181664238
-0.6764490063
-0.4560408332
-0.5801259871
-0.6925947068
0.8784219073
0.9954452498
-0.7875381525
-0.4839224596
1.4637891045
-1.1582576422
-0.1798943644
0.4389425591
-1.7286638050
0.2526867442
0.1656744244
-1.3517450729
-0.4176841318
1.1632749163
-0.1119353808
0.4637052183
-0.4208263935
0.4194574675
-0.3219354583
-0.1724820184
1.8208802908
-1.0372558868
-0.6082345448
-0.0042624218
0.1202997018
0.0711166671
0.5493663619
0.5906066791
-1.8062922257
-0.8502870695
-0.5374018174
-0.3575076636
0.3333197957
-0.4644897731
0.7237633213
-0.6635368012
-0.9487293874
1.4147435373
0.9095970330
-0.6971179095
2.3354647543
1.1207915140
0.0698613067
1.3841659848
-1.8288648548
0.1473056044
0.5870045919
-0.4271537852
-1.4856754810
1.1146944658
0.4385881549
0.1797015529
1.3027365204
1.8315076132
-0.8910539175
-0.9235795124
-0.2965127629
2.4543236642
-0.5137860722
0.0002183498
-1.1369701789
0.4965594915
-0.1587526280
-1.2939322485
0.6159171659
0.7241584487
-2.1797362901
0.8504583514
-0.4235963096
-1.4544698175
-1.6143483812
1.4437383817
-0.3362997678
1.9358817891
-1.4468763627
0.2811182758
0.0029668231
-1.3915020828
0.3099492645
-0.2242019623
-0.8183217508
2.1002160728
0.8976635520
-0.0771363360
-0.3994821285
-0.6179716352
2.6384727436
2.7594439492
-0.6675557288
-0.8001337579
0.5551090745
1.5636909887
-0.6498477658
-1.8492907686
0.9391063952
-0.2936694385
