10 2 0.05
12 0 0 0 1 0 2 0 3 1 1 1 2 1 3 2 2 2 3 2 4 3 4 3 5
11 0 1 1 1 1 2 1 3 2 1 2 2 2 3 2 4 3 0 3 1 3 2
4 4
0 3
0 0 0 0 1 0 0 0 0 0
0 0 0 0 1 1 1 0 0 0
0 0 0 0 1 1 1 1 0 0
0 0 0 1 1 1 0 0 0 0
0 0 0 0 1 1 1 1 0 0
0 0 0 0 0 1 1 1 0 0
0 0 0 0 0 0 1 1 1 0
0 0 0 0 0 0 0 0 1 1
0 0 0 0 0 0 0 0 0 0
0 0 0 0 0 0 0 0 0 0
1.8532343822
0.9237609772
-0.5785080097
-0.6050750460
-0.0322817413
-0.6134160462
-1.6836692314
-0.0929630040
0.1564331910
-1.2396531426
2.3709032877
0.1338020676
-0.5632600529
1.9671169667
1.2773004755
0.4610753099
-0.3823117138
0.7883774399
0.7667740281
0.3099499426
1.7200555791
0.1983448666
-0.3650904398
-0.6166967203
-1.9164820880
0.5793151238
0.3696973835
0.2025213897
-0.6023835188
-0.6747810733
0.7823581218
-0.1059805841
-0.7144543594
-1.1847938589
-0.8977511459
0.4772534981
0.6874097815
-1.2006047988
0.0512679989
-0.8358969610
0.1098162432
0.3045974661
-1.1211000627
-0.7760240000
-1.2587449488
0.1048928613
1.2037710850
0.3294601615
-0.3966731677
1.7314089602
-1.6188019833
-0.1244390194
-1.4046589399
-0.3189677748
1.1411266726
0.8063906858
0.2502654606
-0.2451498971
0.8975923070
-1.6971820439
-0.1676033339
1.1583940712
0.7150065842
-0.1999892260
-0.7368446587
-1.6293400300
1.6210321548
0.3440671184
1.5192399111
-0.8138529836
-1.0881760516
-0.3180554266
-0.5257708543
0.1117210756
-1.7083018570
-1.6478576062
0.5435503571
-1.2189814073
-1.3495692955
0.2187285481
0.4564679132
0.9883518978
0.3769448888
1.5462614889
-0.3237732593
-0.0897049665
0.3720461662
1.2384789979
-1.3475026925
1.6101486260
-0.4015913782
0.9542329100
-1.7220166594
0.9485137316
-1.5115897794
0.4797742587
-0.7098330445
0.6198677713
-0.3700420093
-0.0927941224
-1.4598732908
-0.4963182579
-0.1742812109
-0.1264035701
-0.8236091106
1.3991662735
-0.0618947207
1.9538311984
1.0521438424
-0.0372806014
-0.8318671835
-1.0789649699
1.0722330568
0.2517848982
-0.1657905336
0.7377327676
0.4802750372
-0.3406312568
1.1694316624
0.0673180452
-1.6058265327
-1.3716962344
-0.2429022116
1.4997617509
0.8378416720
-2.7215476999
1.1542831853
0.3441413583
-0.7264549544
0.8959470100
-0.6108805034
-0.4344493344
-1.3353143364
0.5228655173
-0.5942876667
1.3584140849
0.1491799179
0.4807304282
-0.6323586693
1.1771400588
0.0384274649
1.2855060082
0.6888110954
-2.0333212255
-1.1146562873
-0.6947660450
-0.4516134226
0.4415634113
1.3117610774
-0.1136592701
-1.6511777354
-0.5237643260
-0.1452578461
-0.2773023795
-1.6442354311
0.2425556272
0.4703270427
0.8407909284
-1.7493233443
1.0738057666
-1.3969263589
-0.7816027272
0.8917015133
0.8826860048
0.5795371063
1.6392533952
-0.3975387806
-0.3344054734
-0.6344816045
-1.6228300027
0.6003260608
0.9277506581
0.6103861920
0.5296490500
0.5678932511
-1.0497773560
-0.0951387211
-0.5882762708
0.2755614549
-1.9609484432
-1.8722312225
0.4499486114
0.6924236925
-0.3027152550
-0.9660473726
-1.9155387302
-1.0550720845
1.8667390794
-0.0419230372
-0.5071282855
-0.5342023502
-0.7316060724
-0.7523738878
-0.6785281626
2.6152441686
0.5245640825
0.9276297060
0.0368066953
-0.2278733158
-0.5342903372
