15 6 0.08
8 0 0 1 0 1 1 2 0 2 1 2 2 3 0 3 1
10 0 2 1 2 2 1 2 2 2 3 3 0 3 1 3 2 3 3 4 0
10 0 0 1 0 1 1 1 2 1 4 1 5 2 1 2 2 2 3 2 4
9 0 1 0 2 1 2 1 3 2 0 2 1 2 2 2 3 3 0
6 0 2 1 2 2 0 2 1 2 2 3 0
8 0 3 1 0 1 1 1 2 1 3 1 4 2 3 3 3
11 8
4 9
0 2
8 4
2 11
11 4
0 0 1 0 0 0 0 0 0 0 0 0 0 0 0
0 0 1 1 1 0 1 1 0 0 0 0 0 0 0
0 0 0 1 1 1 1 0 0 0 0 0 0 1 0
0 0 0 0 0 0 0 0 0 0 0 0 0 1 0
0 0 0 0 0 0 0 0 0 0 0 2 1 1 0
0 0 0 0 0 0 0 0 0 0 0 2 0 0 0
0 0 0 0 0 0 0 0 0 0 1 1 1 0 0
0 0 0 0 0 0 0 0 0 1 1 1 1 0 0
0 0 0 0 0 1 1 0 0 1 0 0 0 0 0
0 0 0 0 0 0 1 1 0 0 0 0 0 0 0
0 0 0 0 1 1 1 1 0 0 0 0 0 0 0
0 0 0 0 1 0 0 1 1 0 0 0 0 0 0
0 0 0 0 1 1 1 1 2 1 0 0 0 0 0
0 0 0 0 0 0 0 1 1 1 1 0 0 0 0
0 0 0 0 0 0 0 1 1 1 0 0 0 0 0
-0.2998828557
-0.4378657644
-0.1793069808
-0.0956203423
1.6155099467
-0.8126959081
0.0584589683
0.1072373661
0.8408242754
0.9668140252
-0.9040851763
1.2247768389
-0.3036162757
-1.2380864665
0.9157627581
0.8671270708
-1.2511065867
-0.6172473401
0.4301643683
0.5684338667
0.3975292817
1.3357353527
0.2650000270
-0.5004168090
1.3332856462
-0.2263612686
0.1815135037
-0.9229608042
0.5131487255
-0.0952692454
0.1159200270
1.7072138851
-0.7069718876
0.7967414307
-0.1973778960
0.7965353070
1.1482911334
-2.0666824689
0.4706240006
0.0584057416
-0.3296607282
0.7832847071
-0.3900366893
1.1600169555
-1.3217321772
0.0859152121
1.2621590793
-0.7918292456
0.4440188931
2.1832685828
-0.3298129700
0.2009356945
-0.8534047901
0.5671165368
0.8988359020
0.1253860343
2.0420222429
-1.9981197763
-1.2376947724
-2.0808753512
0.4409119566
-1.1488260060
0.2910899276
0.0433503366
-0.3736228646
0.4484289990
0.6793522105
-0.6983985845
-0.1981646239
1.0182531489
-0.8063107895
0.1229582502
-1.1029561040
0.1954555496
-0.3134683703
-0.6621632908
2.8343975960
-0.7089561188
-0.2357700671
1.3176979368
2.1575247693
2.0084208075
0.5960437829
0.3609144508
-1.6883202567
0.7083452082
-1.1810401818
1.5824001092
-0.8446156963
-0.8066163359
0.2463195374
1.8032174022
1.3677265647
1.0599583123
-0.7897825239
1.4757192620
-1.9858208979
0.9359590931
-0.3879729672
1.4903195253
0.4802709209
-0.0645300723
0.4934156591
0.6883060476
-1.6237173248
0.1690307256
1.1264796195
-0.3997169807
-1.8396704288
-0.7072027030
-0.8663535682
-1.2719697587
1.1359063185
0.6278939913
1.8895343232
0.8372665351
-0.1506067239
0.1592207491
-0.9241507528
1.3937680580
1.4711253626
-1.5661476538
1.8096266984
0.8469393331
-0.4759922985
-1.5716345988
-1.2966043216
0.5974010116
0.2347677950
0.6884235411
-0.2413301369
0.3734314612
-0.3939000808
-1.4025505263
0.4618133153
0.5534151758
-1.7888837427
-0.3507927237
-0.2750457549
-1.9513620097
1.3889011071
-1.1634042724
1.1404123507
-1.8735090493
-0.2518325894
-0.1687543305
0.0510137860
0.9004760299
-1.6891111169
1.9004173901
0.7094372798
1.8041773275
0.0831430922
1.2388219697
0.9993349480
0.6041936305
-0.6356083554
-0.0905390360
-0.7762723981
-0.0186706798
-0.9944289870
-0.3248427731
-0.5523281505
-1.2781158749
-0.8392452204
-0.8471319216
0.7571413795
-0.2331221231
-0.0799827228
-0.4836002093
1.8052785055
-0.3820634406
0.6540322271
-0.4945667111
1.3035875460
-0.0727750783
0.2111609532
-0.8496424069
2.2522109136
-0.1894866644
1.7701584087
-0.6778902792
0.5608321277
0.5792335921
0.8867558686
0.4603946885
0.6074193528
-1.0060000119
-0.0853250373
0.6025370875
1.0615582158
0.3300757480
-0.4620779300
1.4242418012
-1.6452062986
-0.4494150429
0.5727703830
0.3623783834
-1.1566767821
0.4721371784
0.4226635891
-0.0134425623
-0.6757261568
0.7081221164
1.4156405235
0.0528603194
1.4127351751
0.3985592794
1.8868266751
0.4447113664
0.5419713749
-0.5144574003
1.3904224428
-0.2451528535
-0.7498522881
-0.4831299753
-0.5131037638
0.2168072158
0.2427025233
0.1793720601
0.2256310667
0.3361706746
0.7159270095
1.0251111593
-1.2870577361
1.2310201339
-0.8851277264
0.5405609231
-1.0266819581
-1.0612841871
-0.1717933435
2.5485044152
-0.4361653406
-0.1517834199
0.0052389004
-0.8122382357
-0.4058764705
0.0501686665
-1.3266199897
0.0758648212
-0.1757381747
1.0805947835
0.5477409633
0.0932333474
-0.5839083321
0.4889277800
-1.4687527409
0.2008586362
0.6453976049
-0.4603700795
-0.4593059253
-0.1511750077
1.5676737972
-2.3252495944
1.0144873435
-0.9247466809
-0.9142904749
-0.4245029422
-2.8393078242
0.1336002630
3.0643427613
-0.8964736041
-0.1074503547
0.9845715641
-0.7788400071
0.4983379909
1.4389731040
-1.5962419489
-0.2910915062
-0.0132804676
0.0258911038
0.2595275259
2.0862534106
-0.7261073800
0.4023147862
0.9859713051
-0.9604778022
0.2777800351
0.2612779999
0.8992311530
0.3008628642
-1.1306581202
-1.2927495231
-0.3649913348
0.9214287124
1.7334356065
0.0587952576
-0.3180755621
-0.6096088153
0.7315473424
-0.1914248059
0.2117027640
-0.6953994565
-0.5302141399
-1.2867536460
2.2976780250
0.0597761793
-0.7953580240
-1.0190389757
-0.1455411191
0.1024012419
-0.8445463736
-1.6572726201
-1.4341690725
-2.0224727330
0.6249049759
-0.7660779204
1.6436205624
0.1008317199
-0.0785802684
0.3694713581
1.3057974956
-0.4390021806
-0.2661734877
-0.8589352670
-2.3492591963
0.0263549779
0.2552665321
0.5843736216
1.4533543491
-0.4070299360
0.9087733825
-0.3991114145
0.5317138835
0.6839533275
0.8696303886
-0.7988320164
0.6843857198
1.4073452921
-0.8308716296
1.2863081973
-2.2942727379
-1.7006836622
0.3952836246
0.2038517696
-2.0635395008
-0.9040644295
0.0813002689
0.1494582798
-0.4077309098
1.1819770411
0.2222801418
2.2255625157
0.0136042870
-0.8017751256
1.5719347036
-0.5930645330
0.6601346326
1.0525145855
1.2916131852
0.6325806390
-0.9842650109
0.4735145621
0.9916016924
-1.0933739887
-0.4566444145
-0.8538318566
-0.2833261244
-0.9680859183
-0.1936664115
-0.1737049355
0.3779740438
0.1665445906
0.5628278198
0.2200467210
1.3744354058
-2.3534182242
-0.0886309719
-0.7729785205
0.1108617669
0.3912188350
-1.3724290981
0.2922257073
1.3375591610
2.2476377859
0.5472195887
0.2155861010
-1.0650975069
0.6531758446
-0.0205842336
-0.5841069292
-1.2582721364
-0.9377304060
-0.5023555624
-0.8575474447
1.4649774277
-0.8986035229
1.9819232150
-0.7634666024
0.4885218431
1.0694561063
0.7106562293
-0.4299791124
1.8058767897
-1.2761377902
1.2929123010
0.8577656945
-0.2573059301
-0.4691725931
0.4607873544
0.0403006751
-0.9428983081
-1.8014270642
-0.7266159936
0.3587346611
1.4055602720
0.4821573850
-0.1277216524
-0.1718697816
0.4217263860
-1.2376477179
0.9163785921
-0.0553125771
1.6913649615
1.8254794615
0.5612522555
0.9813748518
-1.5430914193
1.1228500653
-1.0212169135
-0.3143540444
-0.4522218383
0.5633866574
-0.5310904091
-0.8589517097
1.0325972693
-0.1327593462
0.4859774004
-0.3903210903
0.3945588404
-0.7984594602
-1.1989372709
-0.4283922072
1.5776219305
0.0497328738
0.2620334173
0.2108354643
-0.2181070203
0.1743697478
-0.4439636445
-0.0052111565
-0.6831926819
0.0208639222
2.1811318447
-1.2694624565
-0.0196989730
-0.7784000457
-1.0762175681
-1.2290376381
0.7071934558
