16 11 0.17
4 0 0 0 1 1 1 2 1
4 0 0 0 1 0 2 1 2
4 0 0 0 1 1 1 1 2
4 0 0 1 0 1 1 2 1
4 0 0 0 1 1 1 1 2
4 0 0 0 1 1 1 1 2
4 0 1 1 0 1 1 2 1
4 0 0 1 0 1 1 2 0
4 0 0 1 0 2 0 3 0
4 0 0 0 1 0 2 1 1
4 0 0 0 1 1 0 2 0
6 3
6 13
10 0
2 6
6 7
0 2
13 0
10 12
10 1
6 11
8 10
0 0 1 1 0 0 0 0 0 0 0 0 0 0 0 0
0 0 0 1 1 0 0 0 0 0 0 0 0 0 0 0
0 0 0 0 0 0 1 0 0 0 0 0 0 0 0 0
0 0 0 0 0 0 1 1 0 0 0 0 0 0 0 0
0 0 0 0 0 0 0 1 0 0 0 0 0 0 0 0
0 0 0 0 0 0 0 0 0 0 0 0 0 0 0 0
0 0 0 1 1 0 0 1 1 0 0 1 1 2 1 1
0 0 0 0 1 0 0 0 1 1 0 0 1 0 0 1
0 0 0 0 1 0 0 0 0 0 1 1 0 0 0 0
0 0 0 0 0 0 0 0 0 0 1 0 0 0 0 0
1 2 0 0 0 0 0 0 0 0 1 0 1 0 0 0
0 2 1 0 0 0 0 0 0 0 0 0 1 1 0 0
0 1 0 0 0 0 0 0 0 0 0 0 1 0 0 0
0 2 0 0 0 0 0 0 0 0 0 0 0 0 0 0
1 1 0 0 0 0 0 0 0 0 0 0 0 0 0 0
0 1 0 0 0 0 0 0 0 0 0 0 0 0 0 0
-0.0342762306
-0.2401975134
-1.6954601392
0.8289302954
1.1208663130
1.7363416402
0.7109094623
0.4645142880
1.4366701866
-0.0000441416
0.8229851132
1.3538467946
-0.5886438993
0.2927554806
-0.0875100778
-2.1514926789
0.5904934808
-0.4726172777
-1.9172296481
-0.3269000371
0.3468603271
0.7174599758
-0.6371985776
0.1350423939
-0.7196653539
-0.6539737747
-2.5283720808
-0.8178300093
-3.9908509558
-0.0936372176
1.7370379479
0.0887090670
0.2851788161
-1.8646169409
-1.4298052548
1.3591194397
1.0247908618
0.8595969890
-0.3052948133
0.3350073858
0.6549307695
-1.9729553622
-0.4480730987
-1.3068418774
-0.4819464984
-0.2968635875
-1.3203633312
-0.7835866743
-0.4760356872
1.1685602230
-0.1192730046
-1.1672469854
0.4424612963
0.5256533539
0.1432713622
0.3710445967
0.5847291190
0.3594366689
1.0232329640
-0.7356487003
-0.2798426139
-0.2752004988
1.3931324395
-0.3782366181
-0.3354818221
-0.5678587456
0.6668833408
-1.6231065849
1.7283854659
0.5149591842
-1.3798748522
-0.8681229601
0.4849548383
0.0444398839
-0.1281395131
-0.8257839208
-1.2006841689
-2.5817151040
-1.9145578823
0.7305131262
0.4767771400
-0.2025665838
-1.0169571442
-1.8482692077
-0.3949176087
1.1122472715
-0.3107018406
0.3197895123
-0.8397529246
-0.4927300864
1.0229134001
-1.3044510775
1.7453772066
0.2107362318
-0.8588065803
1.5321013897
1.8520275577
-2.1779745898
0.9163303421
-1.1321120035
0.3372777181
-0.3087781356
1.1549047940
-0.9668911862
0.1292521116
0.6318228404
-0.0495669823
-1.6265968203
-0.5038979918
-0.9563705776
-1.7145455085
-2.2256428169
-0.3812657527
0.4767146852
-1.4340131697
0.7794014066
0.6888204300
1.3127979835
0.0010218673
-1.7658854686
1.3133589798
1.3133001530
0.6453860575
0.4437035974
-0.6551589437
-0.7852636754
1.7327533812
1.1789626948
0.1239964670
-0.9311870704
-0.1899588424
-0.0163382588
0.8473387425
0.2520434647
1.0863751785
-0.2071200759
0.2501047970
0.6318269016
-0.2666527429
0.7969996981
0.7797534722
-1.0324529238
0.7059760422
-0.5427518755
0.7654152645
0.8954211542
2.0187175679
0.7083955082
1.4916611064
2.1734087144
-0.1433227321
0.4784492387
1.3880482086
-0.1985545969
2.2360231524
-1.6442762288
-0.0583451164
-1.0345229343
0.2498238552
0.2206613438
-2.3675685276
-1.9334743117
1.0500628273
-0.8573851001
1.4002545463
0.1840672761
-0.6895167460
-0.5158862929
2.7869808020
1.2919765839
-1.8104480538
1.4931750214
-1.6220075860
2.6215836110
3.3261406982
-2.3219137077
1.6850800206
-0.2378734203
0.3085205536
-1.0513487132
-0.3499934091
0.0055469481
1.8347202174
-0.4479251469
-1.0433336403
0.3637615471
-1.7842472249
1.8745718052
1.1836093880
-0.7486249619
0.7597414660
-0.4592661094
-0.6281473504
-2.3480028702
0.7962208204
-1.1334398513
-0.7284442420
1.6318260396
-1.3797357328
-1.4840434330
-0.0754450946
-1.5517932495
0.5186732509
0.4254332157
0.5890990357
0.4219996249
-1.8584763396
-0.6858231303
-2.0257541895
0.9808867261
1.8365441247
1.2450754947
-0.6018478594
0.5336208894
1.0557502659
0.4805989128
-1.7762419248
-1.3710779239
-0.0339576336
-1.9620014869
0.4699243622
1.0113116608
0.2761617691
-0.1504806406
-0.4370765996
-0.4654643302
-0.4741250375
0.4983000213
0.0516327115
0.3875816926
0.1541833320
-0.5400840582
-0.3238303558
-0.3782115246
-1.0910772443
0.0300616495
1.0673874969
-1.0227325707
-0.5260733481
-1.1485961376
-0.3099856728
-1.2563906554
1.0005159043
-0.8494144070
0.4519914907
-0.1873040702
-0.7323021858
2.2905321090
0.6852967835
0.4239005814
-0.0707648699
0.8640065329
-1.4731815619
0.5260356268
-1.2028383885
-0.3908757508
0.5806560107
0.6878357382
0.1802451501
0.6848430142
-1.0925315458
-1.3600112204
-0.2237183701
1.5562687728
-1.7235996898
-0.4786838644
0.6750340445
-0.9193272666
0.9851039341
0.0124943252
0.3864321311
-0.5635745283
-0.9519489124
-1.2163207973
-0.5061714820
-2.0469946581
-0.7537674961
0.6475589449
-0.6001255516
-1.8278118355
0.3225559036
-0.8090903700
0.4666279703
0.7770786621
-0.8666710647
0.7075285959
-0.0079274858
2.1406308073
0.8409483569
0.9908448901
0.4736193746
-0.9759742680
-0.8628068496
-0.4450325497
1.4901619741
-0.5809609140
-0.5884827249
-2.3188797654
-1.0394523976
0.7749827296
-0.0210608441
0.4169298586
0.3621639863
2.2594714738
0.3650845726
0.0523752346
-1.2804701345
0.5293216160
-0.3694216542
0.6353315573
0.9923107983
-0.9204720336
0.3892092908
-0.2304299324
1.1506476211
0.5514044939
0.1356858106
-1.5377752196
-1.8053956784
1.2349051119
0.5881972779
0.4246276066
-0.4573130776
1.7379987200
-0.3847222672
2.0795880210
-0.9693902136
1.4094621586
0.6494474031
-0.4550437775
-0.7448051429
-1.1565302339
-0.8231402445
0.6848614198
-2.5932333679
1.0362877280
-1.8465843525
-1.4609924611
-0.5493375590
-0.9872897204
-0.5890149879
-0.5101767603
0.5493007774
-0.8611672884
0.0943942337
-2.6509917254
-1.2364218812
2.4233912720
-0.4774081828
-1.3694746006
-0.7458433335
0.8205710255
-0.3174122500
0.3899759616
1.7843598062
-0.9840271635
1.1644989194
-1.0711397194
0.2946062892
-0.5258794491
0.1325208461
-0.1096865390
-1.9698251792
-0.3221618911
-0.7498073962
-1.0274796895
0.0870158586
0.0116771510
1.7325244580
1.0014224866
0.3273151755
0.0715618702
0.3208142953
0.5495225198
-2.1409702578
0.7950314516
-1.1521032899
1.1351660251
0.6398557378
-0.4928934005
1.4252774518
0.8384956084
-0.3919022791
0.4634958662
-1.3398157391
-0.4195743691
1.5510244819
2.0886687968
-0.1159680488
0.5308547338
-0.6092589794
-1.1799284954
-0.1236019175
-0.7762646973
1.9611242838
2.2304353292
0.5930523061
-0.1540190593
-0.6055370561
0.0711888178
0.0795345197
0.3525225177
-0.0888687511
1.7279582326
-0.0664629706
1.0099140635
1.0756851992
2.5690438424
-0.7106677392
1.2415555608
0.7055106807
-0.1179545685
0.2110234679
0.2333989584
0.1980479495
0.3652262362
-0.3456008949
-0.2576210180
0.4740907485
0.3787410104
-0.1928514822
0.8672899863
0.9442649697
0.4797505258
-0.5560460763
-0.6882994772
-1.1809263874
1.4585133648
0.7573849283
-0.9012558265
1.6341580901
-0.0574111157
0.0109547608
-0.1541617360
0.4716247168
0.0853885555
0.2565917616
-0.9425962330
0.9373080501
0.3615637665
0.7121763582
1.9744387148
-1.1702003934
0.7413799274
1.1679160318
-0.1415793098
1.5491695436
-0.6936638042
1.6909574238
0.8619628767
-0.6067577196
-0.4703063896
-1.4943866487
-0.4612838374
0.4432871038
-0.5484104576
2.3252744701
-1.9589492477
0.0969605998
2.5273955726
0.0387746255
-1.1229090664
0.3254004612
-1.5601125674
-0.0959472649
-0.6434531823
0.1998075726
-0.2916198441
0.4535010866
-0.1469238177
-0.3535848427
-1.2699628500
-0.4328946609
-0.5573649307
-0.1633598149
-2.0636892997
0.4084251503
1.1476297249
-0.5608539078
0.3469476868
0.7597681156
0.9167752028
-0.3317922593
0.0283021234
-1.4384143150
1.4962155273
-0.6296094894
0.8293978959
0.1910814200
0.2531781160
-1.4667387251
0.3200807583
0.5275600621
0.8022991554
1.0875661892
-0.4301089845
-0.1464689504
-1.3183468979
-2.0049547083
-1.1218713677
1.9639820783
-0.9057080582
0.5001782961
0.0569343143
0.7137748062
1.1672782429
-1.2212859262
1.5048960146
2.3518075874
0.2436145260
-1.5905128824
1.3051664766
