13 2 0.14
8 0 0 0 1 0 2 1 1 1 2 1 3 2 1 2 2
26 0 3 1 1 1 2 1 3 1 4 2 1 2 2 2 4 2 5 2 6 3 0 3 1 3 2 3 3 3 4 4 1 4 2 4 3 5 3 5 4 5 5 6 1 6 2 6 3 7 3 8 3
2 5
4 4
0 0 0 0 0 0 0 0 0 0 0 0 0
0 0 0 0 0 0 0 0 0 0 0 0 0
0 0 0 0 0 1 1 1 0 0 0 0 0
0 0 0 0 0 0 1 1 1 0 0 0 0
0 0 0 0 0 0 1 2 0 0 0 0 0
0 0 0 0 0 1 1 1 1 0 0 0 0
0 0 0 0 0 1 1 0 1 1 1 0 0
0 0 0 0 1 1 1 1 1 0 0 0 0
0 0 0 0 0 1 1 1 0 0 0 0 0
0 0 0 0 0 0 0 1 1 1 0 0 0
0 0 0 0 0 1 1 1 0 0 0 0 0
0 0 0 0 0 0 0 1 0 0 0 0 0
0 0 0 0 0 0 0 1 0 0 0 0 0
0.0245779877
0.2447692052
1.7853041965
-0.0434490480
-0.4639264596
0.7612658336
1.7149108127
-0.6350760835
0.2505486157
0.4051660714
-0.3220824538
0.2666694990
-0.1964297840
-0.5932015546
0.6120457406
1.3745259509
-0.0196709454
-1.4249710050
0.1129261290
-1.1312378720
1.6884384855
0.4046448359
0.0644849412
-0.4135384470
-0.7748197302
1.9815730566
0.8491873012
-0.6583475326
-0.3145801208
-0.3975909073
0.6064484871
1.6713938204
0.8403396511
-1.4027049170
0.1550967917
0.3740018736
-0.0462693048
0.1790489127
0.6550401658
0.7783350781
0.8532234262
1.8596818050
1.2391469400
0.1114608003
0.6141963207
0.0225066579
-0.5020924691
0.9659471549
0.8293156561
-0.5127370891
0.1406128479
-1.3709898062
-0.5912252847
0.7154515516
2.5498813800
-1.9344634805
1.1100295462
-0.4225666420
0.4718987565
0.3348291216
-0.8071199713
-0.9538421131
0.0549652989
-0.3072048891
0.0232799151
-2.3597249473
1.1662822240
2.3515496060
0.6425249762
0.6134125865
0.5271661551
1.2571248327
0.0492682796
1.0744871852
0.4990974767
-0.1726025067
-2.0379805797
-1.4685449965
-0.0083395149
-0.4495035786
0.4708429795
0.4463669394
0.9283790633
1.0315810605
1.5028962414
1.5839582696
0.3774666675
1.4526947771
-1.3930071431
-0.4936487536
0.3510699092
1.2369050564
0.2509039215
-0.2545474523
-0.4874809407
-0.4416853954
-2.8635961529
-0.3996795354
-0.9179431555
-1.0275965862
0.4175261194
0.8748463876
0.3542424767
-2.5399153618
0.2732881922
0.0415239227
-1.9098459137
-0.4432718007
-0.0819797069
0.7298046712
-0.8895648511
-0.2520603759
-1.5011255144
0.9357367588
-1.1533868147
0.2553762966
-0.2862456816
0.3708194693
0.7481446307
-0.5439120951
0.7913811891
1.0337442505
0.1255591983
1.8275180533
-0.3267892655
0.0419284878
-0.4437414231
1.1752495672
0.5536283431
1.4549284139
-0.7404777754
-0.8547490978
0.0742334639
-1.1257742517
-0.8389745850
0.3789077648
0.7524895042
-1.6310132678
0.3015461168
-0.2701268665
-1.1709499298
-0.2614781489
0.5666510853
-2.2180647986
0.2193125505
-0.3253181260
0.2721182983
-0.1781507597
1.5664806077
1.3713717113
-0.1498534188
-0.3707714659
-0.5763606045
1.3473561895
0.2824929842
0.5132180880
0.3474884692
-0.3115784781
0.7505234791
0.1117102486
-0.4131124995
0.0148724431
-0.4590173911
-0.2253941230
-3.0274247766
-0.9773110690
1.0654548393
0.4994672169
-0.6949457105
-0.1194220413
-0.7226326979
-0.6488922319
1.5234606672
0.0953883081
-1.5015828249
-0.0840604282
2.3163798100
0.3505045641
-0.7930252481
-0.8114710643
1.5412560871
0.5631399639
0.5696018749
-1.9707003222
1.0425078383
1.7142255421
0.8202834454
0.2506157108
-0.1838575329
0.4109801035
-0.3232310578
1.0255153622
2.5039629663
1.9073088857
-0.2507164587
0.3672591025
0.2753193717
0.0449563127
-0.8951836490
-1.1622034038
0.4949209806
0.3082160695
-0.2315005938
-0.0301389523
-0.0310185367
-0.2008452191
-0.4315336850
0.3826441709
-0.4617534744
-0.0761239898
-0.4991576303
0.6978952757
-0.8591113619
0.1930112429
1.3261252181
-1.7522835261
-0.4687836520
-0.1047418444
-0.9184102917
-1.5686746529
-0.2089840294
-0.7818425936
0.7978792431
-0.2523291129
-0.0026098627
-0.6388578624
0.4458002999
0.3000640060
-0.6896295451
-0.4844571323
-0.6760281847
-0.2282918383
-0.6744071093
0.2240723361
-0.4964615443
-0.5271322016
-1.6338155755
0.9461139559
0.1850991594
1.2413318113
0.9811832701
0.2996860403
2.1957850490
0.2250826426
0.5011857773
2.0171891319
-0.3878143725
-0.3708756226
-0.1272005151
-0.3302710444
0.3242794544
0.6269472413
0.7708158816
0.1985595883
-1.2018541371
-0.8568790799
-0.0964978896
0.9477640292
-0.7963633047
1.0387887772
-0.7301309320
-0.0143529700
0.2710440923
0.0877532427
-0.2870040696
1.2477411038
-0.4753771613
0.1178665265
-0.4430618722
0.7844778675
-1.8403058266
-0.2230984645
-1.2267855824
-0.8503730867
0.3552214501
0.0443120509
0.2561097409
-0.2665439830
-0.3210306653
0.2143930529
-0.6849577940
0.3508203541
0.1725924768
1.1291595359
0.5958849714
0.9913277150
1.1757530957
1.4619831059
0.7813296417
-0.2950543350
-0.6118270841
1.1514794343
-0.2952469024
0.1241338006
1.1812142153
0.7944938674
-0.0436132300
-0.8793109910
-0.0208458540
0.1729183430
0.8407596764
-1.2664598082
-0.3996894828
-1.2178225497
1.2458434461
0.5002643424
-0.0337459525
-0.5990468434
-0.8588626663
-0.1455093228
0.7540975686
-0.4982719337
2.5456131876
0.6312739319
1.2713564140
1.6675878990
-1.5029455529
-1.8228629262
-0.2507950724
-0.0188477313
-1.1625824307
2.0756021254
0.9454148750
0.1791905357
-1.4806613901
0.9305448955
0.2090100639
-1.0921061922
0.5277667636
-0.5338208062
1.9226481796
0.8143603752
0.3967685099
0.1254117712
-1.1847092429
-0.0847054604
0.4302994066
-0.2389176566
