19 11 0.18
7 0 1 1 0 1 1 1 2 2 0 2 1 3 1
8 0 0 1 0 1 1 2 0 2 1 3 1 3 2 4 2
11 0 4 1 3 1 4 2 2 2 3 3 1 3 2 3 3 3 4 4 0 4 1
11 0 3 1 1 1 2 1 3 2 0 2 1 2 2 2 3 3 2 3 3 4 2
11 0 2 1 0 1 1 1 2 1 3 2 1 2 2 2 3 3 3 4 3 5 3
8 0 1 0 2 1 0 1 1 1 2 1 3 2 1 2 2
8 0 2 1 0 1 2 2 0 2 1 2 2 3 0 3 2
8 0 2 1 2 2 0 2 1 2 2 2 3 3 0 3 1
9 0 0 0 1 1 1 1 2 1 3 2 1 2 2 2 3 3 2
8 0 0 0 1 1 0 1 1 2 1 2 2 3 0 3 1
7 0 3 1 2 1 3 2 0 2 1 2 2 2 3
0 12
4 8
11 10
14 9
8 9
10 9
10 6
2 5
12 5
2 16
13 4
0 0 0 0 0 0 0 0 0 0 0 0 0 1 0 0 0 0 0
0 0 0 0 0 0 0 0 0 0 0 0 1 1 1 0 0 0 0
0 0 0 0 0 0 0 1 0 0 0 0 1 1 0 0 1 1 0
0 0 0 0 0 0 0 1 0 0 0 0 0 1 0 0 1 1 0
0 0 0 0 0 1 1 1 2 0 0 0 0 0 0 0 0 1 1
0 0 0 0 0 1 1 0 1 1 0 0 0 0 0 0 1 1 0
0 0 0 0 0 0 0 0 1 1 0 0 0 0 0 0 0 0 0
0 0 0 0 0 0 0 0 0 1 1 0 0 0 0 0 0 0 0
0 0 0 0 0 0 0 0 0 0 1 1 0 0 0 0 0 0 0
0 0 0 0 0 0 0 0 0 1 1 1 1 0 0 0 0 0 0
0 0 0 0 0 0 0 0 1 0 2 2 1 0 0 0 0 0 0
0 0 0 0 0 0 1 0 1 1 1 1 2 0 1 0 0 0 0
0 0 0 0 0 1 2 1 1 0 1 1 1 1 1 0 0 0 0
0 0 0 0 0 0 2 2 2 0 0 0 2 1 0 0 0 0 0
0 0 0 0 0 0 2 2 1 0 0 1 2 1 1 0 0 0 0
0 0 0 0 1 1 1 2 0 0 2 2 1 0 0 0 0 0 0
0 0 0 0 0 0 0 0 0 1 1 1 1 0 0 0 0 0 0
0 0 0 0 0 0 0 0 0 0 0 1 1 0 0 0 0 0 0
0 0 0 0 0 0 0 0 0 0 0 1 0 0 0 0 0 0 0
0.5473275496
0.5055051765
-1.2102588863
1.3077036038
0.8114386769
-0.0248661912
1.5362160816
1.9105123039
0.2427449175
0.0990408191
-0.7071819210
0.4003492901
-1.0568609117
0.0062120856
-1.5146566802
-2.2834046577
0.2311612782
-0.8825142354
0.6185868744
0.4329834166
-1.0423164609
-0.2920151832
0.6085234559
1.1473891891
-0.4265053233
1.3412278692
1.1299869273
1.5453045133
0.5718191263
0.0569787075
-0.1465286383
0.0518872058
0.4315012801
0.4735859402
2.8246673213
-0.1091857855
-0.2843306619
2.4823758729
-0.3042114963
-1.5562594504
-0.4391987901
0.2492420914
-1.6469718546
-2.0089387132
1.1593930508
-1.8197555852
1.0241629905
1.0066298047
-0.5542388026
-1.2174854760
-1.6633117292
0.2802236525
-0.1059123882
0.2073224298
-1.2955970055
0.0825671301
-1.1144777954
-1.0490342318
0.2906583631
-0.8085215187
-0.5820543349
-1.5296294456
-0.2283998987
1.4965068174
-0.4027255926
-0.0560378305
1.7690142656
-0.0311025760
0.9859093739
-1.4070993337
2.1727717868
-0.2375019232
-1.0365274068
0.4085338134
-0.0409180968
-1.2414420973
-0.3176404096
-0.0705520487
1.5469624576
0.8336152000
-0.9712582557
-1.0382412569
1.0469828907
-0.7313112475
0.8933642690
-0.2960585271
0.2321921352
1.1555614561
-0.8463877597
1.1783761419
0.0561829192
1.9956998711
-0.9929930269
-0.1974739268
-0.5747765659
0.2613307506
-0.1907310532
-0.3248038374
-0.6750924986
-0.0523730544
-0.4879531447
-1.8488945040
1.4512523961
-1.4443215589
1.5045695529
1.0410763213
-0.1753463641
-1.9561483562
-0.4375367260
-0.1420551204
1.4800281394
0.0809402767
0.0897957290
0.0961593358
0.6063075093
-1.5847082536
0.1862055219
-0.6132173744
-1.7621795014
-0.4290240687
0.8405513495
-1.9407673869
-1.1627149593
-0.2867092230
0.0966462546
0.9469283829
0.3179881394
-1.3511047924
1.7060122450
-0.0916553828
0.2267366649
-0.0579231338
-0.2556089809
0.6404881505
-0.2668548879
-0.2989026553
0.6036252190
-0.3447671191
1.7940768519
-0.5175973904
1.4477603032
0.5398930628
0.8772163553
0.1712625350
-1.6458668955
0.5524684730
-0.5516193983
-0.2641247224
0.5324791099
-0.5427532595
-1.4706483086
0.7465365928
-0.9262293768
-0.6843751179
1.1728469717
-1.6427579306
-0.6334155470
-0.7100330349
-1.3594191782
-0.4347353352
-0.2528055342
0.3066047111
1.7689037660
0.4150098816
0.4151989757
1.0560295492
1.3657552064
-0.5020626228
-0.2274402697
0.8624826379
-0.0463022432
1.0299807817
0.5982548153
0.5255287970
0.4113994901
-0.1558025661
0.3339202684
-0.9202611569
-0.2325231236
3.1082280470
-1.7410295173
2.1933277247
1.8619721121
-0.8429006024
-0.8941016629
1.7352751548
0.1774050572
-1.0181784055
0.5091246883
-1.0618397179
1.1514810462
-1.2424526916
1.2623881042
-0.4267619356
1.0109253829
-0.2212354162
0.9162362276
1.2574114092
-1.8103977215
-0.4336516932
1.9824292299
-0.6332740058
-0.6239468218
-2.2098852064
0.1144139149
-0.6650657090
-0.6214295249
-1.2069029622
-0.2681234051
-0.0163591157
1.0336449022
-0.4015334458
-0.0021927698
1.1024917848
0.3191281353
-0.4996817456
0.8934359781
-0.4629499191
-1.0002859536
1.2592003988
0.5540019576
0.1655515866
-0.3356933970
-1.1738579110
-0.3323911670
-1.3820549812
1.7341972348
2.5653348799
0.8967658160
-1.0802258122
-0.5676590793
0.3325937880
0.5562834428
-0.1128466493
-0.1787923580
0.7370509172
0.0450419592
0.0224911487
-0.2068996623
1.2321001916
-1.2823055593
-1.0849698737
0.7412345485
0.9624206230
1.4545296109
-0.4907223579
1.3608111889
-0.4101128486
-0.6166102433
1.4061945336
-2.2300383884
0.6368266829
-1.0675097054
-0.1431721908
1.0905927099
0.9156433016
-0.1425744649
-1.3053433256
1.0177866918
1.3926224896
-1.9470037966
-2.5064528338
-0.6602027937
1.8350068411
0.7882422138
-0.5966583449
-1.0380982831
0.4461223083
-0.2961644480
-0.3592000320
1.2359425838
-0.6727334535
0.6674503077
-0.3113075362
0.6466750375
2.2621091741
1.2768203782
-0.2576077403
0.9835792599
0.2171379540
-0.6402707139
-0.2094892541
0.3026092618
-0.2499928219
1.1458867457
0.2507431034
-0.5063574785
-0.1296904897
0.6218057731
0.5664688864
0.5178303285
0.5560407879
0.5348974272
-0.1059679226
-0.2118859753
0.3338343739
0.4634987581
0.8360905696
0.9528526248
1.3167044680
0.5538494406
-2.0267572905
-0.1189665573
1.3389537970
-0.6211983303
-1.3324666680
0.0280333221
1.6595034506
-1.8847939075
-0.7524324910
0.4485312934
1.2355733648
0.2435483339
-0.2140473401
1.8156967386
-1.0246598577
-0.5829827713
-0.2091742774
-1.3991018808
-0.9116987081
-0.0964867444
-1.4514655292
-1.5340394000
0.3919425370
0.0635331578
-1.0834517804
0.4222531538
2.0192216882
0.2581259460
1.8258589591
-0.0504973816
-0.2102829549
0.0214785362
0.9290460088
-1.7665056621
0.6595313685
-0.7497541084
-0.6933053766
-1.0730404725
1.1842046344
-0.9167115042
-0.6041949978
-0.0259896256
-0.5914351341
1.0597932812
-0.1413876391
-0.9806762227
1.1766220520
0.6178259595
0.4173326904
-2.2469965656
-1.4046420522
-0.8872596533
1.2240906951
0.0541034605
1.3366262203
-0.3351340084
1.2897825500
0.6699296639
-0.2816503632
-1.1557861491
-0.3817950110
-0.2727660598
1.8032551930
-0.1939092771
0.2567983701
-1.2953391308
-0.5353027855
-0.8198854634
0.5171991978
-1.0197900978
1.1777690601
0.7823209279
0.3171405656
0.7460616591
1.1684908047
0.8567852114
0.3113687945
0.4331406435
-0.2337977831
-0.4248099475
-0.5679267810
0.3938916060
0.5788406774
0.3372933092
1.5358210403
0.3445519695
1.2165050029
0.8694684275
-0.5899894790
0.1432588415
0.1835509529
-0.1871990409
-2.3069561963
-0.5452616214
-0.5729412391
0.4510948215
-0.1831701578
-0.7180645122
0.5087766618
-0.4902193675
1.2713332403
-0.1683727814
-0.3554864197
-1.5566780828
0.7843373299
-0.2056173457
1.1356566598
0.8059967725
-0.3091277319
-1.9292210957
0.4900300495
-0.4263623976
1.5801534556
0.5577910385
0.3677361634
1.1298763513
-0.6952424277
-1.0183176046
-1.3927158428
-0.2971192257
-0.0107979352
0.6813134765
-0.4380980427
0.5786414316
-1.0648751328
1.5716399559
0.8429560463
-0.2494627340
-1.6798769378
0.7195034948
-1.2822786788
-1.8259538538
-1.4945600760
0.8085441586
-1.7120446213
0.6491444819
-1.0005598647
2.8616009115
-0.0064798881
-1.5094564391
-0.3974061644
0.5054595933
0.5139044137
0.0675064749
1.1395758846
0.3750683846
-0.0944162946
-0.7573181031
3.2302329318
1.0447905812
0.7229516192
-0.4203588009
-0.8243990216
-1.1333525799
-1.6012712360
-0.9897188537
0.6946075362
-1.2120779482
-0.8535673980
-1.7128408556
-1.1871008859
-1.2721434745
0.7965136781
-0.5834626733
1.0253430071
-1.4286001720
-0.6406549398
-0.9831778250
1.8468204206
0.6378191149
-0.0116003811
-0.9786234027
-0.5222081766
1.4952166682
0.5530759612
-1.6258528567
0.3829714606
-0.2028393719
0.4788200299
1.6985422842
-0.3999312685
-1.9074095997
-1.4248507832
0.2230253915
0.1434457661
0.6891274864
0.2385012815
-1.1338981324
-0.3208193135
-0.1096460476
-0.3408509462
1.1432955842
-0.6079916267
-0.4829506359
-0.7705144356
1.9074557613
0.9583220164
-0.1431944533
-1.1064017005
0.1002315235
-0.2934577832
0.7430316957
0.1792348570
0.8216196263
-0.9779948121
-0.1582198270
-0.0000469351
1.1042874301
-0.2449453101
-1.1211029653
1.1330331789
-0.2137655800
-1.1942318432
0.8337885367
-0.5979316026
-0.5790343104
1.4349730192
-0.0638982972
-0.2598131157
1.1374840988
-0.3944418002
-1.1519517538
-0.2628872806
-1.1208310607
0.4070487325
-1.4913377460
-0.3355015123
-0.8399783348
0.6167416940
0.2350412484
-1.3902651409
1.3200716718
0.9345213137
1.6691974479
1.6795189637
0.4263926918
-0.7885837211
0.6291371470
-1.3551355546
0.0794529316
0.1830074820
-0.6498577386
0.9664734814
0.3886352243
-0.6724138418
0.3301801991
2.0423598225
1.0588888145
-0.7270286289
1.1378943431
-0.9926451857
0.7271745089
-0.4680112571
-0.7044350261
0.5784517865
-1.2388504355
-1.5516882498
-1.0926682904
1.7707728975
1.0533741429
-0.2819460948
0.1459120547
0.5214163973
-0.6752058512
0.4900984887
-0.6810493405
-0.5840475298
-0.6102523654
0.3425984497
-0.1630528605
-0.2821992155
-0.0313158614
0.2492619289
0.2734895963
-0.6375337708
0.8370520874
1.6859498306
1.0080980632
0.2108559897
1.4148052699
0.2575206550
0.5290875478
1.6022106599
1.0893898431
-0.2666349603
-0.2192385673
-0.0554432004
0.1180530750
0.4973096720
0.3084725874
-0.2876828185
-1.2631167099
-1.9971584644
1.0113513846
0.1429214960
2.1390584741
-0.1100309870
0.1538783244
-1.6103706882
-0.2436677408
0.9727369608
0.5570258925
0.4358523377
-1.6227690942
-0.9345222047
1.0596028221
0.7351197346
0.7015194042
-0.5404959779
0.1996740061
-0.5245208694
-0.8564270386
1.8016073980
0.4526708799
1.6711080352
-0.6891626574
-2.4483664229
0.4784967865
0.7318029808
1.3554217870
2.1457975483
0.2373657079
-0.0581593972
-1.1432289021
0.9510278455
-1.5778996316
-0.7522708531
0.3145622158
1.5013973056
0.0920846310
-1.8902814068
1.8606400732
0.7457000835
0.6493320283
-0.4580517848
0.1411211450
1.0422350789
-0.9450253261
-0.3601159355
-0.1673605296
0.8669061540
1.4908501062
-1.3665980103
0.5333454778
0.4744634660
-0.8900564085
0.9864024466
-0.2453191287
0.8396354282
-0.3923993068
1.1113112640
0.4767753124
-2.3305088082
0.8390552189
-1.0172340039
-0.2550557340
-0.1930898758
0.9566681281
1.3658699936
-1.1831843735
0.2974533550
0.9629612494
-2.3234775488
0.8587138539
-0.1899938458
-2.4757736037
0.8747919392
-0.6824508386
0.9646517003
-0.1111899380
-0.6566526880
0.0834122505
-0.3080955022
-0.2816180551
-0.9549438283
-0.1678134723
-0.6521448452
2.5067568201
0.0800044726
0.3726203818
0.1134026895
0.7040634764
0.8894549476
2.8201657182
-0.7483077899
-0.4804467030
0.7364576328
-0.3475782302
-0.3372138057
-0.6180074946
0.1267702125
1.4390043481
-0.4921862428
-0.3438756307
-0.7335901224
-1.7716775006
0.2722397558
-1.0397384191
1.1100657750
0.4952875108
-0.6470991421
0.1158260265
-0.7174750977
0.3216498554
-0.6081475469
-0.9932976966
-0.2279586311
-0.7487137013
-2.0777471923
-0.2924548777
-0.9488625180
0.2588183495
-1.4839387291
1.3572439941
-0.7240300767
1.0543861528
1.0376314879
1.3193711724
-0.4785604359
-2.9279988471
-0.1870646535
