18 9 0.07
15 0 2 1 0 1 1 1 2 1 3 2 0 2 1 2 2 2 3 2 4 3 1 3 2 3 3 3 4 4 4
14 0 4 1 1 1 2 1 3 1 4 2 0 2 2 2 4 3 0 3 1 3 2 3 3 3 4 4 1
15 0 0 0 1 1 0 1 1 1 2 1 3 2 1 2 2 2 3 2 4 3 1 3 2 4 2 4 3 5 2
10 0 3 1 1 1 2 1 3 2 0 2 1 2 2 2 3 3 1 3 2
15 0 0 0 1 1 0 1 1 1 2 1 3 1 5 2 1 2 2 2 3 2 4 2 5 3 1 3 2 4 2
9 0 2 1 0 1 1 1 2 1 3 1 4 1 5 2 0 2 3
12 0 2 0 4 1 0 1 1 1 2 1 3 1 4 1 5 2 0 2 2 2 3 2 4
11 0 0 0 1 0 3 1 1 1 2 1 3 2 0 2 1 2 2 2 3 3 2
12 0 2 0 3 1 1 1 2 2 0 2 1 2 2 2 3 3 3 3 4 3 5 4 3
4 5
13 3
7 2
13 0
10 6
5 5
3 1
3 14
6 7
0 0 0 0 0 0 0 0 0 0 0 0 0 0 0 0 0 0
0 0 0 0 0 0 0 0 0 0 0 0 0 0 0 0 0 0
0 0 0 0 0 0 0 0 0 0 0 0 0 0 0 0 0 0
0 0 0 1 0 1 0 0 0 0 0 0 0 0 1 1 0 1
0 1 1 1 1 1 1 1 0 0 0 0 0 0 0 1 1 1
0 1 0 1 1 2 1 2 1 0 0 0 0 0 1 1 1 1
0 0 0 0 0 2 2 2 2 3 2 0 0 0 0 0 1 0
0 0 1 1 0 1 1 1 3 2 0 0 0 0 0 0 0 0
0 0 1 1 1 1 0 1 1 2 1 0 0 0 0 0 0 0
0 0 0 1 1 1 1 0 0 0 1 1 1 0 0 0 0 0
0 0 0 1 1 0 1 1 0 0 1 0 0 0 0 0 0 0
0 0 0 0 1 1 1 1 1 1 0 1 0 0 0 0 0 0
0 0 0 0 1 0 0 1 1 1 1 1 0 0 0 0 0 0
0 0 0 1 0 0 0 2 1 0 0 0 0 0 0 0 0 0
0 1 1 1 1 1 1 1 1 0 0 0 0 0 0 0 0 0
1 1 1 2 0 1 0 1 0 0 0 0 0 0 0 0 0 0
0 1 1 1 1 1 1 1 0 0 0 0 0 0 0 0 0 0
0 0 0 0 1 0 0 0 0 0 0 0 0 0 0 0 0 0
0.7902796898
-1.1505601860
-1.5782289911
0.7072766100
1.1427042062
-0.9097887556
-0.9825816177
-0.3255813612
1.2485953828
0.1791483095
1.5767302700
-0.4740633134
1.7169688465
1.0329722412
2.5339309430
0.1936946160
1.0397506868
0.0862315045
-0.1347673823
1.1602770691
0.8071996000
0.5193421456
0.1369635721
0.7642261439
0.4111579088
1.5798972246
0.9701128846
0.8636183008
0.6964877534
-0.0510173743
0.6338298318
-0.0581081469
0.1559234484
-0.2534315735
0.0969797716
1.7574120443
-0.6383147917
-0.8167332132
-0.0984745849
-0.1656479601
0.4916565034
0.0543369891
1.9942529499
-0.6406266403
1.9857583051
0.3821294223
-0.3835644093
-0.4939718345
0.1854628129
2.1562117967
0.8194338917
-1.0114026631
1.4084011095
0.2045648333
-0.0442354096
-0.6288208362
-1.6914970845
-0.6874518717
0.2114313073
0.2670473345
1.6940466493
0.2974055742
-1.6097921130
0.3622717321
0.1594869948
-0.0776594207
-0.4612710073
-1.5294758450
0.8295675709
0.7277261929
-0.1514369326
-0.9425392639
-1.0866804290
-1.2748183237
0.6506604034
-1.6835099964
0.6871242521
0.6121178393
0.1382111310
-0.5134500817
-1.2125391454
-0.1516604267
1.7162840718
-1.4037270264
-0.7639263463
0.0642156704
0.7344894999
0.8868989212
-0.8399761165
-1.1425904622
0.8477911542
0.4054536175
0.3008867650
-1.6937981555
1.1584259930
-0.4545498528
0.0719906793
-0.7121331096
-0.3776690726
0.2501013699
-1.3598961522
-0.5041578260
0.6575337705
0.0913789346
-1.7834471624
0.1285299627
0.2796322512
-0.3083626528
0.9864979036
1.5915312983
-1.2733501453
-1.1270688552
-1.7059829768
0.0368617539
0.9239945237
0.4015005526
-0.1817796448
-0.2032140191
-1.0200460724
0.0165610462
-0.0813641841
0.3997152965
1.0787245833
-0.0254066587
0.7755719315
-0.5945940209
0.7812955026
1.9543762533
2.3455383903
-0.9948792716
-0.6839349745
1.3700910227
-0.2862748880
-0.6829293659
-0.3512065270
-1.6112583974
0.5024642147
0.4264866975
0.0830805190
1.5283380055
1.2429547170
1.5616984269
-0.4588083343
-0.2334911425
1.4229890613
-0.6367062909
1.2801679720
-1.5422158204
-1.6406282406
-0.3475216142
-0.0849173406
0.0829549765
1.6932266822
-0.0545811940
0.2578988102
0.1687973650
0.1486408133
0.8173776431
-1.7367986309
-0.3688766319
1.3283438563
-0.6583348346
1.5591389089
-1.6017660579
-1.5453397984
0.5622178444
1.0661358087
0.9435368081
0.5927229408
-2.0398736177
0.3245802487
0.2817404855
0.2730770491
-0.3224470573
0.4462638644
0.5940317491
1.7382014460
-0.1973428697
-0.8307519797
0.1051265707
-1.5981494668
-0.3879959966
-0.1629138447
-0.5921635699
0.4744622644
-0.3244361708
0.6756239027
-1.7902896312
0.2272817723
0.3725889750
0.5671120981
0.4234821180
0.7728224118
-0.9584891684
-0.7295933177
0.6174432504
0.1586441819
1.6764878631
-0.0174207959
1.2877039728
2.1443393202
-0.5086539681
-1.0010713172
-0.7011607761
0.4332835349
-0.3145834945
-0.5988920530
-0.8705742736
-0.6152066336
-0.4374382460
-0.9374288343
-1.2712757057
0.7467744536
1.2663178500
0.2257576476
-0.9394579217
0.4726601042
-1.0787845594
2.2392340924
-0.8170899490
0.1121923962
-0.8216609512
-0.3845834059
0.3605564324
0.0821092597
0.7640194048
0.4181197173
0.9849139683
1.3527960358
0.4076982711
0.1523391125
-1.3465436006
-0.6300047232
-1.2241837911
-0.8434607880
-1.9424762522
1.8960642962
0.0432569578
0.5756792212
1.3077525927
-0.4941712268
-0.4791825073
2.5263701878
1.0285477432
-1.3791137608
-0.8356038003
2.1316751327
-0.6768626426
-0.2825995799
-0.4793941950
0.3605821915
-0.6130723099
-0.1396464479
-0.5880543104
-0.5218707273
0.3080486481
-1.1360066827
0.9793683599
0.5043475388
1.4332931216
1.6016856864
0.2686074858
-0.1878220282
0.8874687399
-0.2067829636
-0.8833890891
1.0465227577
-0.7583165186
1.4864603584
1.0245475419
0.2833988494
1.1445081124
1.2550861505
1.0458484946
-1.6710381022
-0.3179219180
-0.4722440468
-0.2256530143
0.2250209088
0.0431504930
-1.0558722813
-1.1928648971
0.2613239858
-0.2817722410
-2.6258030376
0.1957017566
-0.0501683214
0.2503109371
0.6665116117
-0.0652914929
-0.8201410076
-0.7943513825
-0.9173861911
-1.6491032093
-1.5636676565
-0.8656074125
-1.8394058945
1.5611925744
1.5220303364
1.3207120910
0.4203990031
1.3022942093
-0.2221379957
-0.2466381582
-0.7221321205
0.7358946507
-0.4815137763
-0.7046653086
1.9418726014
-1.0944282753
2.0589114989
-1.2895938715
0.5213520547
2.1713864228
-1.3002782196
1.1804620638
-0.1186864508
0.4297873956
-1.2271822711
-1.4955785334
0.4017858520
1.2615570514
1.0533628885
-0.5672222391
1.2135671152
0.6979198439
2.0599661783
1.0531029558
1.1073634639
-1.5206602960
-0.6315322840
0.3226738041
-1.4182645748
0.7008751930
-0.6747878406
-0.7010933290
0.0737251352
0.1527404602
0.5648842307
0.8568121300
0.0382483679
1.3783245551
0.2172160323
0.1954628708
1.1214616357
1.5826746541
-0.3614892224
-0.0608978062
0.6430339951
-0.7091744727
0.8802573190
-0.2040529147
-1.0102457079
0.3147776780
-0.2112849528
3.2862811837
-1.0946480307
1.0506681325
-1.0945176035
2.1342955186
2.0114336556
1.9176505735
-0.1806255767
0.9306684225
-0.3900623195
0.8241331374
-0.7926286459
-0.4056518248
-1.0734942604
-2.0251292590
-1.9165302864
1.5166832085
-0.8389671155
0.5611873089
1.3839696532
-0.2941908084
-2.0351286156
0.0464937165
0.1811450254
3.0914200249
-0.8229648404
-0.0619833925
0.6503918591
0.6353137854
-0.1239386758
1.7392496960
0.9492868908
0.5265738345
0.9707215842
0.0054729322
-0.3553043659
1.6847803091
0.8283743718
1.1095058024
1.6550620556
0.4687033061
0.4435475047
3.6003491981
-0.8021153980
-0.1953504924
1.9595598361
-0.8553970470
0.2238440010
0.0942416942
-0.3296389552
0.3499065671
-0.1429290859
-2.8260084095
-0.3684848916
-0.6475389930
0.2070598249
-1.5569849182
-2.0324365355
0.5277596890
1.8596200467
-0.4277661101
-0.3085389524
0.8522859050
-1.5420429007
0.2538995762
0.5963405722
-0.7202986807
-0.0026040173
-1.0480576017
0.6374531846
1.0579173325
0.0746948664
1.6433996018
-1.3169465178
0.6991950623
-0.0080712504
-0.2896374673
-0.3873760755
0.2900513697
-0.1349878325
0.8815763674
-0.3376348275
0.5941153699
-0.7847064679
-0.1313653595
0.9482450547
-1.8831549468
-0.2283873525
0.6528106472
-1.2421480355
0.1004787383
1.0095118049
-2.9402074145
0.7244477454
-0.9020863561
-0.3827770219
-0.4112967923
-0.0337955729
0.4843856166
-1.3150555011
-0.5994328319
-0.0203557541
1.5998475622
-1.2820096616
0.3689271298
-0.0843797492
1.0081619943
0.7812864655
0.1551993680
-0.9359537301
-1.2473906467
-1.8510128612
-0.7752982068
-0.6323381901
0.9053738794
0.2850934200
0.1284121650
-1.0740728588
-1.2417999011
-0.9117147345
-0.9413662424
1.1936001891
-0.1365485070
-0.2049274400
1.9630881320
-0.3716532544
-0.0326850193
0.0016360058
-1.2164901753
-1.1639313177
1.3643220100
-1.7289395450
0.8171640788
0.7339759903
1.5457347183
-1.2446436922
0.3618538769
0.5990700380
0.0847970030
-1.4846296224
-0.1067684689
1.9627869082
-0.3139202551
-0.0747058639
-0.7685383453
-0.4213876440
1.2284567102
1.9786235853
1.3420609795
-0.0910173474
0.4603375990
0.6306372760
-1.5199534077
-0.0355869494
-0.1495971628
-0.8357257527
0.0242970270
-0.5993985006
0.2146496504
0.6397118423
0.8301443950
0.6185520897
1.3777776687
-0.7025706957
-1.9958072161
0.2396913878
0.6432722508
0.7927179371
0.7074228784
-0.3214016241
1.2582879712
-0.4263548190
0.1257142628
0.2021358201
-1.4111613698
-0.5250159261
-0.6385679227
0.3698954956
-1.8026340218
-0.6948183322
0.4108225413
0.5680004706
-1.1674560549
-0.9890349639
-0.6097803531
0.0505685774
0.3885369731
1.4539328583
-0.5942640100
0.2780829772
-0.3732160124
0.3723889469
-0.3870013833
0.0100578608
-1.0508743516
-0.4301031247
-1.4556204528
0.3540491061
1.2789571627
-0.7731145531
-0.5402436566
-0.5985469377
-0.6292041638
-0.2360174533
-1.6678230942
1.3118471190
0.9383299348
0.8565328429
2.0675669244
0.6769182261
0.0588111511
-0.9900949187
-0.8959836873
-0.8405832868
0.1684878157
-0.2108025664
-0.1633842311
0.9752723513
1.5985712196
2.4168588937
1.3857684946
-2.2892282040
-1.0028386553
1.1063568319
-0.0477481968
0.4151704386
-1.6795600389
-1.1155196073
1.1264400056
1.4619020040
-0.1636942133
-1.0452614552
0.2327252339
1.1558772651
0.0381265640
0.1652129065
0.7400055862
1.9070920822
-0.1638203256
0.9012762226
0.1627269020
0.4105806945
0.6484011309
0.7162437673
-0.6883106882
-0.1002559304
0.1596367593
0.9374496420
-0.5079611570
-0.9814600523
-0.6940081269
1.5756553567
0.4253692329
0.1225493671
-0.3936391905
0.3497202931
-1.5834545091
-0.7948155417
-0.7575146447
0.5025311064
1.0446812105
-0.0634861452
0.2165761703
0.5524406079
0.7540023277
-1.0523798577
1.0889608762
-2.1900568651
-1.0161437183
-0.3505213730
1.5360788361
-1.1481968716
0.6320011024
-0.3690039359
0.7735647787
0.3828603174
-0.7920082750
1.6689731678
-0.7795634440
0.6793115896
-0.1847179552
-0.6340561567
0.4265974203
-0.4807910640
-0.7404445483
0.3868216172
0.5624439657
-0.9078511167
-0.1134845117
0.7672934311
-1.7309066237
0.3531392178
0.5718177217
