16 12 0.07
13 0 3 0 4 0 5 0 6 1 2 1 3 1 4 1 5 1 6 2 0 2 1 2 2 2 4
9 0 2 1 2 1 3 1 4 2 0 2 1 2 2 2 3 3 2
9 0 2 1 1 1 2 2 0 2 1 2 2 2 3 3 0 3 3
6 0 2 1 1 1 2 1 3 2 0 2 1
13 0 4 1 4 2 1 2 2 2 4 2 5 3 2 3 3 3 4 4 0 4 1 4 2 4 3
6 0 1 1 0 1 1 1 2 1 3 2 2
12 0 2 1 2 1 3 2 1 2 2 2 3 3 0 3 1 3 2 3 3 4 3 4 4
13 0 2 0 3 1 0 1 1 1 2 2 1 2 2 3 1 3 2 4 1 4 2 4 3 5 1
8 0 0 0 1 0 2 0 3 0 4 1 1 1 2 2 2
13 0 0 0 1 1 0 1 1 2 0 2 1 3 0 3 1 4 0 4 1 4 2 4 3 5 1
11 0 0 0 1 0 2 0 3 1 2 1 3 1 5 2 3 2 4 2 5 3 4
11 0 0 1 0 1 1 1 2 2 1 2 2 3 2 3 3 3 4 4 1 4 2
13 7
4 0
8 10
4 2
10 5
8 3
0 11
9 5
1 5
7 5
10 9
0 8
0 0 0 0 0 0 0 0 1 0 0 0 0 1 0 0
0 0 0 0 0 1 1 1 2 2 1 0 0 1 1 0
0 0 0 0 0 0 1 1 0 1 1 0 1 1 1 0
0 0 0 0 0 0 0 1 0 0 1 2 2 1 1 0
0 0 1 0 1 0 0 0 0 1 1 0 0 0 1 1
0 0 1 2 2 1 0 0 0 0 0 0 0 0 0 0
1 1 2 2 0 0 0 0 0 0 0 0 0 0 0 0
0 0 1 0 0 1 1 0 0 0 0 0 0 0 0 0
0 0 0 0 1 1 1 0 0 0 0 0 1 0 0 0
0 0 0 1 1 2 2 1 1 0 0 1 1 0 0 0
0 0 0 0 0 3 2 1 0 2 2 2 2 1 0 0
0 0 0 0 0 1 2 2 1 1 1 1 1 1 1 0
0 0 0 0 0 0 3 2 0 1 1 0 1 1 1 0
0 0 0 0 0 0 1 2 2 1 1 1 1 2 0 0
0 0 0 0 0 1 2 1 1 1 1 1 1 1 0 0
0 0 0 0 0 0 0 1 1 1 0 1 0 0 0 0
0.4636498731
0.6459525887
0.1675435903
-1.6005850636
-0.3298040723
0.3384745651
0.1918411263
1.5267000701
2.3375963435
0.1102399627
-1.7191053338
-1.0665153577
-0.6886249256
0.3197394294
0.5529521805
0.1475119135
-1.5192898200
1.3635878195
2.3866019529
-0.3522792539
-0.7242067779
-0.6765467814
-0.5737915956
-1.0209711596
-0.9850147340
-0.6539415182
-0.3851153859
1.1441789722
-0.1538626021
-0.2562359925
0.1429784459
0.8494465572
-1.2184956993
1.5427361435
-0.4525743834
-1.2339460235
0.1679284634
1.0169624737
-0.3901905180
1.0536753407
-1.3754126404
0.2472118152
-1.0775083703
2.1155056608
0.0942860269
1.0628869005
0.5592510123
-0.1245278596
0.1197774427
-0.3079971872
1.1082861646
1.3975968988
-0.2592010712
0.4198055222
1.8274141498
-0.4434400474
0.8813928731
-1.1112092565
-0.4684318069
2.8033966938
0.1205067963
-1.0749045869
0.1063509911
-0.2871390850
-0.4155456353
1.3822774624
0.8280976328
0.8206206326
0.9472919191
0.5400517234
-0.4639162449
-0.5782364416
0.1200557814
0.9420950955
-0.1531170258
-2.0034834372
-0.4135489229
-0.0529450400
1.2917063776
-0.7884312061
-1.9043744018
-0.7385252973
-0.2798482468
0.3472493913
0.8224893760
-0.0213353873
-0.6238085456
0.5014448515
0.1755192972
0.6832915660
0.5428366837
2.2863267170
-1.3511373350
0.1792769727
-0.8184992116
-2.3354279000
1.6446681737
-0.6689829397
1.4023463166
-0.4574203066
-1.4608560250
-0.1246726460
1.8692537152
0.4461331696
1.2295756943
-0.7812915976
1.1838097099
-1.5502825822
0.7761637298
0.8338160747
-0.5305339522
1.0622794769
-0.2962720091
0.5243252445
0.9648500292
0.8630432352
-0.8275347039
-0.3302957225
-1.3630813997
-0.1155710135
-1.2669867790
-0.3495970901
0.4672413602
1.0345018197
0.8973887901
-0.7290306365
-1.6817029071
0.4061395603
0.5812776213
-0.2273521262
-0.5261095940
-0.3984030545
1.2178848207
-1.3167023597
1.0139399544
-0.2241318044
0.7996502540
-0.9771482158
-0.0155602451
0.7289790923
1.1522418662
-0.4078217447
-1.7589090645
0.0668804021
0.0806093488
-0.2945737182
1.8707486875
-1.7544710353
1.2903590228
-0.2700727645
-1.3032208700
0.9436256760
-1.3822153906
0.8314878431
-2.3361249380
-0.6803001811
0.5432652347
1.7542120920
0.4323761717
-1.3724353471
2.1258762176
1.2895841298
1.2727954604
-0.6315916875
-0.3612814618
0.0250175644
-1.3747048535
-1.0361344656
-0.1202423203
-2.3296664669
0.4047206773
0.0093353907
0.1811429085
1.1244875161
0.4902939114
0.8721825044
1.6369257382
-1.2518805254
-0.4228618353
0.4362998520
1.0593784073
-0.3850776551
-1.1311017355
-0.4974328579
-0.7450302702
0.2651499561
0.2966650899
-0.7906826474
0.8582224885
-0.7057494496
-0.2328164628
1.2602799424
-0.5737637382
-1.6175288088
-0.1025158810
-1.0769037349
0.6954673939
0.7649692809
-0.5847911588
-0.0566010388
-0.2408626194
1.1534962797
-0.3804235189
-0.1939680841
-0.1175842980
1.3016645140
0.6951981361
-0.3094111746
0.5212801444
0.0997632519
1.2178855150
0.1087342487
0.8229372510
-0.7675773164
0.8858586532
0.7884804237
-0.3909761269
-0.1742100020
-0.7801608354
0.2649790376
-0.9091770096
-0.6663676885
-1.8756967609
-1.7190606251
-0.1688755891
1.4872962559
0.9922681077
0.7929358658
0.0897687105
1.8405877573
0.0799463673
-0.5910576964
1.9171503499
0.6928603401
3.1390722686
-1.2194369893
-0.0078660509
1.5649930535
0.1467202904
-0.8232693343
0.1034084077
-0.7897918058
1.8186034510
0.1757744379
-0.2526541504
-0.5213272424
-0.5459668569
-0.4345404367
-0.7442171771
0.1726984985
-0.9188984059
0.7356098306
0.6477416626
0.3499242858
0.7366044196
-0.8453126645
-0.7403081802
-0.1247584051
0.7020175274
0.4301070252
0.7629246937
1.8891068964
0.6539806414
-1.1419514371
-1.1209380400
0.6855607081
1.2202815124
-0.2030496731
0.3668155213
-1.2348312596
0.5640345747
-1.1900594389
-0.9011149951
-1.5240466054
0.1220095832
1.1277252681
1.5868598918
-0.3947534303
0.9310539783
1.3504014894
0.0233545486
-0.4975288058
-1.7942132334
-1.1630212304
0.2759781461
-0.3691863569
0.8952572765
-0.9717145465
-3.3545289825
0.6918353340
-0.7729647435
0.5366352194
0.1630579898
-0.6544237252
0.4470759671
-0.8109780632
2.1279279042
0.0369694451
-0.1381537075
1.7777934932
-1.0504088594
-0.9282240355
-0.3555506848
0.4802837484
0.1718358150
-1.5706492601
-0.4276994907
0.3463342332
0.8544076327
-1.0650555646
0.1270538615
1.0115145313
-0.3321678297
1.9917934092
-0.4535859344
-0.2767942833
1.0661314343
-0.8129693548
-0.5447625224
1.0353205060
0.4168635234
-0.3915425933
0.0427853074
0.4877616361
-0.9198116866
0.2537934539
-0.8681607940
0.6496370777
-1.6251744001
0.9993185747
-0.0875084017
0.9756669617
1.8779063228
-1.0569012072
-0.0448017277
-1.5713638781
0.3660752070
-0.2505193511
-0.0583732130
1.3868409245
-2.0728346876
0.0062522783
0.5840742460
-0.1162135437
-1.1811536140
-0.6572736805
-0.9490010553
-1.2418826194
-0.5484884672
0.8077805320
-1.2190680486
1.1111999428
1.7300135205
1.3576480036
0.3856517513
0.4809047178
-0.1505984830
1.1815633823
1.1907781204
0.8672743288
-0.0009866945
0.5876045496
-0.0364420400
-1.6544792977
-0.0176784492
1.0560658513
0.1274751704
0.5500263490
-0.3445986294
0.7223887196
-0.6799811966
-0.5854730747
-0.2547261319
0.8046033595
0.0612817345
0.5964675227
1.5602542340
-1.8561743012
-0.3376576116
1.1508803706
-0.3153920220
-0.9766272969
0.1918346708
0.3463484576
0.8361152253
-0.3495691772
0.8439339389
0.0899467528
-2.4659039497
2.5739917393
0.8115483452
-0.4605278657
-2.0829894271
1.5595840597
-1.9329975120
0.7223542929
-1.4871019487
0.0143216456
-1.1164505533
-0.1222895707
0.5525388319
-0.2659736743
0.1933686109
0.3016248171
-0.0000428251
-0.1047286480
0.6082714971
0.0126450745
0.4607215260
-0.8602684743
-0.6584413541
0.8324829410
0.8962588070
1.2181700618
0.2846687909
-1.5387927469
0.1627570941
-1.3781959856
-2.2135265642
-0.9392680374
-0.4663612006
0.6185717160
0.3327769708
0.1051103483
0.6466015681
-0.4001819828
-0.5423389779
0.6717633982
-0.0506269169
-1.9117401008
-0.7880116295
0.3074326348
0.6654469048
-0.1797984936
0.3898826856
1.0321505444
-1.2898308985
0.0540983469
-1.0943182961
1.8994293619
-0.4440685289
0.8928047584
-0.2813783648
0.3530305953
-0.4310469272
0.0974620164
-0.6548846237
0.6490545533
-0.1345261162
0.9154614889
1.7928549456
0.5909657668
0.6089672718
-1.7643855462
-1.7749573053
-0.1202869788
0.8319726732
-0.6959427650
-1.1216837242
0.2955954391
0.9663737750
1.1797815542
-0.5857255957
0.2181031930
0.5676626051
0.6149158560
0.0379107638
-0.2659689490
-0.0189750156
-0.3313295573
1.2861523990
0.9792210155
0.7362262463
0.0343637605
0.2666096671
0.0896231035
-1.0602806826
0.3533343720
0.5597978470
2.2198939860
-0.4325827993
-0.9139411710
-0.1183399390
-0.2434491670
-0.7444883632
-0.2715377492
-0.5697179287
-1.8707497681
0.3507790137
-0.8977338814
0.0884109518
0.7360657612
0.9203093599
-0.7443340173
0.0179157648
1.6972479406
-0.0031358665
-0.4631638135
-0.0246362754
1.1296766126
-0.2503059116
0.0283996537
-0.3845029470
-0.9248407517
-0.1132445694
1.1457069345
0.3982939406
2.2093732464
0.4437427972
0.1162996652
1.2434841016
-0.1770348751
