12 4 0.07
10 0 0 0 1 1 1 1 2 2 0 2 1 2 2 3 2 4 1 4 2
10 0 3 0 4 1 0 1 1 1 2 1 3 1 4 2 0 2 1 2 4
10 0 4 0 5 1 1 1 2 1 3 1 4 2 2 3 0 3 1 3 2
10 0 0 0 1 0 2 0 3 0 4 1 0 1 1 1 2 1 3 1 4
3 8
3 7
8 2
10 4
0 0 0 0 0 0 0 0 0 0 0 0
0 0 0 0 0 0 0 0 0 0 0 0
0 0 0 0 0 0 0 0 0 0 0 0
0 0 0 0 0 0 0 0 1 1 1 1
0 0 0 0 0 0 0 1 1 2 2 1
0 0 0 0 0 0 0 1 2 1 1 1
0 0 0 0 0 0 0 0 0 0 1 0
0 0 0 0 0 0 0 0 0 1 1 0
0 0 0 0 0 0 1 1 0 0 0 0
0 0 0 1 1 1 1 0 0 0 0 0
0 0 0 0 2 1 1 1 1 0 0 0
0 0 1 1 2 1 1 1 1 0 0 0
-0.5627574835
0.4006809850
-2.1346848602
1.2808540498
-0.0027843329
0.3492934453
0.5904136890
1.5294038902
0.5065433285
0.2655398810
-1.6149531650
0.4889958532
1.8293942156
-0.2750300116
0.6649704361
0.8458970080
0.4699174490
0.1621162046
0.8100430788
0.7318717142
0.0776139809
-1.4323193369
-0.6158182855
-0.1535896729
-0.5558168742
0.2533506664
-0.2640974194
0.2383886954
-0.0902250765
0.1400542048
0.5448686250
1.6800728191
1.4749359694
0.1631846156
-1.5640124236
0.8890625372
0.2759326634
0.2847400675
-0.6930527185
-1.8191431607
-0.4993618287
1.1523037487
0.2828876149
-1.1411558072
-3.1481233849
-1.1613553949
-0.1533283288
0.2026850956
0.2330863805
-0.1178073360
-2.2123977780
0.9421829449
0.2622699618
1.6365145741
0.0118198384
-0.2269158575
0.9194057830
-0.5477018147
-0.7981234209
0.7720258758
0.6906716170
0.4429997832
-0.0072936225
0.5081184518
1.8585530128
-0.0061430913
-1.1964229374
1.8384080524
-1.8201515900
0.4478699296
0.3074881892
0.2862122464
0.5144480508
0.2296020595
0.8048358276
0.4850403374
-2.0414993287
0.3322304609
1.7211212205
-0.4988786936
0.7990743427
0.4848182958
-1.8851677786
-1.6487454827
0.6161742129
-0.9236485347
1.3765656658
-0.4188679187
-0.1681085925
0.8825344440
0.3780414916
0.1202761705
0.2599126175
0.1532178460
0.4895675187
0.1513805902
0.5588593353
0.2247105378
-0.1131299611
0.4547718847
-0.0627359515
-0.3816673689
-0.9035280246
1.5018389803
0.0307990384
-0.6931425347
1.1026557729
0.7064411339
-0.0922081715
0.5554117090
-0.6887850321
-0.1444717337
0.6936586324
-0.8622682438
1.0471698409
-0.2774103876
1.7612343257
-0.2664995091
-0.5909191335
-0.4495815709
1.9617556870
-0.3924126622
-2.0988805025
-0.5105958785
1.4581234475
-0.9353468529
0.3517691797
0.3351695147
-1.5087537494
0.6033925147
0.5623243523
0.3644805815
0.1291928250
-0.8514455738
-0.2440805930
-1.5741529526
0.6027452064
-0.3919986628
0.1198601132
0.5270888060
-0.0808734006
-0.0399654141
0.2077486020
-0.6874922016
-0.0128446938
-0.4690493885
-0.0222348842
0.3368656078
-0.8759083924
0.2639246835
0.0798067006
-0.3612430989
0.1021972469
1.6706340453
0.0963052691
0.9555163176
-1.0379369925
0.0218573028
1.1227317930
-0.5695728999
-0.9315082145
0.8983451145
2.2363554604
0.4466331223
2.2210779563
-0.1904406942
0.8816049867
0.4754966850
0.1585991211
-0.3755898544
-0.5312707627
-1.6519216270
0.8752662899
-0.0711439877
1.5498514265
0.3677331549
0.6313555084
-0.4935864294
-1.3251095145
1.5781479158
1.3478061255
-1.1885051794
-0.1147723096
0.1767833629
0.1888890341
-1.1129663781
0.9174602323
1.6963643750
0.4568759393
0.1992889864
0.7288958726
-0.2448882779
-0.0272266100
1.0864839324
-1.0631631849
1.6877903291
-0.9967594331
-0.6262637187
0.3768253478
-0.0214323126
0.8460353511
-0.0572678565
1.1738061335
0.9143041850
-0.7801569265
0.3090668090
2.2157684831
-0.4039505218
-1.9033686661
0.9364428951
1.1696846873
0.6000968929
-0.1951748482
-0.5357684598
-1.3327941289
-0.0903123009
-0.8561256851
-1.1091941050
-1.4543814055
-0.7567857136
-1.2621446516
0.3332469965
0.9735157123
-0.3933882839
-0.1665804019
1.0813233389
-1.7565027658
-1.7415435713
-0.2134123641
-0.7926651506
-0.8274866506
0.5248054011
0.5695231138
0.3217641946
1.4704076772
-0.1836946187
0.3900230625
0.0355587640
-0.4111806280
-0.2505753999
0.2802119474
-2.5623445713
-0.5106189889
1.3937761223
1.1969949437
-0.1795948430
1.9070982032
-1.2607097591
-0.9194782453
-0.4522961978
-1.2757082615
0.8249201637
-1.8434887160
-1.8180355431
2.1808806975
0.5024997964
0.0386129223
-0.4528093867
0.1253672250
0.6226131275
-0.1593551401
-1.8062102681
-1.8005975976
1.1336064871
-0.4561234918
-0.1765380600
0.5104229366
0.6842089122
0.7127950254
-1.1253913324
-0.4629799356
-0.4006484795
-0.1541764831
-0.5463763812
1.1555341029
-0.2971657774
0.8197463175
-0.8965922813
0.2359667635
-0.5916499292
-0.0566627889
0.8265259635
-0.5540063826
-0.5690580038
-0.9225963708
1.1051581470
0.4612178669
-0.9291387820
