20 4 0.11
45 0 6 1 6 1 7 1 8 2 5 2 6 2 7 2 8 2 9 3 4 3 6 3 7 3 8 3 9 4 0 4 3 4 4 4 5 4 6 4 7 4 9 5 0 5 1 5 2 5 3 5 4 5 5 5 6 5 7 6 1 6 2 6 3 6 4 6 6 7 4 7 5 7 6 8 2 8 3 8 4 8 6 9 2 9 3 9 4 10 3
38 0 2 0 3 0 5 1 2 1 4 1 5 2 1 2 2 2 3 2 4 3 1 3 2 3 3 3 4 3 5 3 6 3 8 4 0 4 1 4 2 4 3 4 4 4 5 4 7 4 8 5 0 5 3 5 4 5 5 5 6 5 7 6 2 6 3 6 5 6 6 6 7 6 8 7 3
40 0 2 1 1 1 2 1 3 2 1 2 2 2 3 2 4 3 0 3 1 3 2 3 3 3 4 4 2 4 3 4 4 4 6 4 7 5 2 5 3 5 4 5 5 5 6 6 1 6 2 6 3 6 4 6 5 6 6 7 1 7 2 7 3 7 4 7 5 7 6 8 1 8 2 8 4 8 5 8 6
40 0 7 1 7 2 3 2 4 2 5 2 7 3 5 3 6 3 7 4 3 4 4 4 5 4 7 4 8 5 5 5 6 6 0 6 1 6 2 6 3 6 5 6 6 7 0 7 1 7 2 7 3 7 4 7 5 7 6 7 7 8 1 8 2 8 3 8 4 8 5 8 6 9 4 10 3 10 4 10 5
5 8
8 9
6 1
2 10
0 0 0 0 0 0 0 0 0 0 0 0 0 0 0 0 0 0 0 0
0 0 0 0 0 0 0 0 0 0 0 0 0 0 0 0 0 0 0 0
0 0 0 0 0 0 0 0 0 0 0 0 0 0 0 0 0 1 0 0
0 0 0 0 0 0 0 0 0 0 0 0 0 0 0 0 0 1 0 0
0 0 0 0 0 0 0 0 0 0 0 0 0 1 1 1 0 1 0 0
0 0 0 0 0 0 0 0 0 0 0 0 0 0 1 1 1 1 0 0
0 0 0 1 0 0 0 0 0 0 0 0 0 1 2 2 1 1 1 0
0 0 1 1 1 0 0 0 0 0 0 0 0 1 1 2 2 1 0 0
0 0 1 1 1 1 0 0 0 0 1 2 3 1 2 2 2 1 0 0
0 1 1 1 1 1 0 0 1 0 1 3 2 3 3 2 1 2 0 0
0 0 0 1 1 1 0 1 2 1 2 3 3 3 2 2 1 0 0 0
0 0 0 1 1 1 1 1 0 1 2 2 2 1 3 1 0 1 0 0
0 0 1 1 1 1 1 1 0 1 1 1 2 3 3 1 1 1 0 0
0 0 1 1 1 1 1 1 0 1 1 1 2 1 2 1 1 0 0 0
0 0 1 1 0 1 1 1 0 0 1 2 2 0 1 1 1 1 0 0
0 0 0 0 0 0 0 0 0 0 0 1 1 0 0 0 0 0 0 0
0 0 0 0 0 0 0 0 0 0 0 0 0 0 0 0 0 0 0 0
0 0 0 0 0 0 0 0 0 0 0 0 0 0 0 0 0 0 0 0
0 0 0 0 0 0 0 0 0 0 0 0 0 0 0 0 0 0 0 0
0 0 0 0 0 0 0 0 0 0 0 0 0 0 0 0 0 0 0 0
-1.0012226074
-0.8098791056
-1.6153372604
-0.1663147927
1.3025313231
-0.1256387073
2.2978529059
2.3926055983
1.2977001121
0.0384378901
0.4381225620
-0.0841604534
-0.0558871162
0.2493211952
-1.5095636016
-0.4947605539
-0.7487699007
0.9021854526
-0.3370849366
-0.4728817828
0.7421346791
1.5795059351
0.4095854728
-0.5282533780
0.4797189679
-1.1794880752
-1.5479035333
-0.2962188964
0.6753040632
0.8259413296
-0.0997600371
1.4466884767
1.4257817415
-0.4007599128
-0.5373933389
0.3837899806
-2.1194156234
-1.7180342520
0.8054590980
-0.8132442283
-0.0680176929
-0.1242049072
0.4663897718
0.1768460156
0.3934380335
0.0185484535
-1.1398638477
-0.7924729003
-0.3413898168
-0.2625611443
-1.3309187321
2.5073000704
-1.0562453674
0.0890092622
-0.5610006195
0.6114073549
-0.6748147826
-0.3247109069
1.1994792956
-0.8784019010
2.3745513163
0.1625773366
0.4092403015
0.4764381071
-0.7383205449
-0.5978220430
-0.6992819820
-0.3418052244
1.0271746693
1.4344011802
1.8330644224
-0.8931603747
-0.7017424265
-1.3520662661
0.7131696690
-0.0146738807
-3.0437589288
-0.3794372707
0.5953063542
0.7567097023
1.2701509892
0.0597349516
-1.0104494649
-1.4238480302
0.5261924766
0.1027118750
0.9581798204
-0.8456491132
-0.1850901448
0.4383031432
0.7985550392
-0.0143955121
0.1617575577
0.6001807905
-0.2470279739
2.9432920973
-0.1350848669
-2.4582028702
-0.4677525845
1.4919135562
-0.2459994981
-0.9134194608
-0.5386138914
1.2111918393
-0.5055547029
-0.0817294660
-0.4024194171
-1.1523367230
-0.4761296670
-1.1058389745
-3.0402538508
0.6420405760
-0.1075705056
-0.2130741398
-0.9701091742
-0.1757924191
0.2268802470
1.8386613950
0.9004876388
-0.3098892775
1.2874275273
-1.3338540061
0.9876347780
-1.5449910764
-1.2532693782
2.1759135435
1.3880989900
0.4206185308
-1.4236828550
1.1498531177
2.2158408745
1.2613432219
0.4742108523
-0.9034134658
-0.5653573651
0.4541809132
-2.4143727007
-1.0122345185
1.2052812924
0.3044152148
-2.4891109254
0.1590088695
1.9346370904
-0.6353492214
-1.1245855118
-0.4203575554
0.4984133534
1.2856229010
-0.0017653740
0.1646839219
1.4190305810
1.8413998906
1.4320002906
0.4285279128
0.5726491682
-0.3306929209
2.2354092918
0.0581438153
0.6684587185
-1.7078577548
-1.0086905021
0.2156828154
-0.6778132508
-1.8628690546
-0.0162349684
-0.9223791038
0.4356083389
-1.3113904999
-0.1366141808
-1.1431796744
-0.4532853250
-3.1931925775
0.3926163602
-0.5158329952
-0.5616616032
-0.6913010033
-1.0458113434
-0.7971963293
1.4573013173
0.7573593852
-0.6602391758
1.4453893908
-0.2566201771
-1.7495560425
0.3594411125
0.8671825752
-0.1194334481
0.6183063012
-0.8323630782
0.3851290255
-0.1808527258
0.9432630357
-0.5449352630
0.0349718494
2.2964698753
-0.0196716288
0.2544447461
-1.0607883325
0.0130987953
-0.0900195643
-0.6194392083
-0.5100897841
-0.6725940705
0.4509888087
-0.8349621326
-0.5872619294
-0.0257414487
1.2554366300
0.2517523127
-1.2630514818
2.0881678151
-0.9341486355
-0.1500874647
-1.9589112803
-1.1586791059
-0.0222838890
0.0825369203
-0.5056114375
-1.5718016476
-0.8791439272
1.3617792139
1.6435798348
0.3326658880
1.6996534170
-0.4084120195
-0.2654010403
0.1689415507
1.5440213461
-1.2206532831
-1.6736076242
0.5651514534
0.2624935905
-0.8078215676
-0.3892509869
0.7171688101
-0.9108174571
0.3769434731
-0.9503860475
0.0465665002
0.0565456321
-0.5891478692
1.3322144165
-1.0738724672
-0.0571942108
0.1840217234
-0.1621090551
0.1809995279
0.3570473525
-0.7127781888
-0.1258199828
0.1894232581
-0.4722363965
-0.1810762838
-1.4292051130
0.2999058608
-0.0599370796
0.0850404143
-1.7817212250
1.3163965714
-1.6347933723
-0.0632360044
1.4778976766
-0.2120902989
-1.2756624717
-0.0545046176
-1.8310308919
0.8745811198
-1.8937443572
-0.3073906060
-1.3994284475
0.1553605978
0.8984926738
-0.8802992178
-0.7993217965
-0.7592713124
0.0174026917
-0.0291127804
-0.5872834854
1.8902517556
-0.4604944112
-0.3769528124
2.1610710243
-0.8183761226
-1.1057045341
0.6008428127
1.4676274792
-0.0084643769
-0.0253339719
-1.0984720529
0.6177901180
1.4093525039
0.7892645301
1.5029433293
0.1301107733
-0.2981253647
0.4379938214
-0.9957258414
-0.3635646107
-1.2350874760
-1.1553814433
0.1419617415
0.5259446482
-0.4062932598
0.1208823311
0.0529832034
1.4421954138
-0.7462677001
-2.2339714725
-1.8688703770
1.3704268709
0.4408332615
-0.2873899188
1.8797963969
0.1009722268
0.0449694844
-0.0935246736
0.1886137746
-0.4485900146
-0.6831714630
-0.0896934415
-0.0437167073
0.8548421196
1.9684770296
-2.2742737110
-2.2689357869
-0.5855677045
0.6095344463
-1.2560160825
-0.7747132751
-1.9896990218
0.2300265893
0.7079792751
0.3911881381
0.3517305576
0.4071994121
0.3240568920
-0.5684651871
-0.3793208421
0.9602857767
2.2762781888
0.4898272423
0.9170872122
-0.7116293714
0.2379760412
1.4072850824
-1.0295334474
1.0405830503
0.5196616526
-0.6681784286
0.1373073417
0.1406028720
0.7259815120
0.7753796121
-0.5221573316
0.0288635418
0.8132118477
-2.2643987307
-0.1295961687
-0.9938887785
-1.5108082537
-0.8229838267
-0.9529737496
0.6545363947
1.7307224843
-1.0252469405
0.2280116756
1.2568561677
1.4413260767
0.1486562920
0.5943862864
0.7227772948
-0.3732021335
-1.0454600306
-0.3834420812
1.7443529173
1.9693127733
-0.7292945876
0.2097601647
-1.5593968297
-0.3142464970
0.5299934163
0.5463356396
-0.4593994243
-0.4813745651
-1.1920991635
-0.6805598810
1.1945286163
0.5471692893
0.0119087389
0.9785099248
0.1504790385
-0.2852902772
-0.0002325501
0.2684554145
1.0350132414
0.1914449371
1.9300582283
0.5960376532
-0.3823575471
1.1563652511
0.5772826094
0.5356736266
-0.7417997076
-0.1894790871
-0.6524955347
0.1586097935
-0.4488081794
-0.4322968893
0.9644355787
0.2889468408
-0.3830730857
-0.8057240883
-0.3298939249
0.9564992310
-0.0073971582
1.1454956335
0.4618447352
-1.2405770088
0.4064311454
0.9919322252
0.3420232220
-1.2882698559
-0.0873501778
1.6695292744
0.2720138856
-0.8307035369
0.3243170781
-1.4916020358
0.7604191251
-0.5210112583
-2.0359114057
-0.8739475728
-0.1008106620
-0.6163057687
0.4358977531
-0.4027137134
-1.6090914073
-0.4062964282
-1.1182718983
-0.9619449572
0.7201219054
-0.0487285478
0.3845262239
0.1268060188
1.6383232861
3.3112268189
-0.0079190661
0.1708437542
0.3288408585
-1.3632535464
0.8317503872
0.7422852028
-1.3775573894
0.2940109004
-0.0831672613
0.7943571162
0.5309049885
0.6717037085
-1.3255490001
0.7799745373
1.9358641994
-0.0820746264
-1.3619929462
0.5214364443
-1.4048535106
-0.2067325604
-1.1418881485
0.2036225243
1.4950738296
0.1945597553
-0.1108228533
1.9443307786
-1.2373850809
0.7434635897
2.2242542867
-0.6842170030
1.7790743138
-1.1827696815
-0.6393990127
0.0842144484
-0.3350969375
-0.8172695450
2.9063843729
0.9948950198
-0.1119761258
-0.4409864545
-0.1795709436
1.1261056430
-0.3484067039
1.5265487763
0.9675289216
-0.0111146117
0.8165926253
-0.5458991287
-0.5526345519
0.4767015812
-0.9848195502
-0.8496598629
0.3175326100
0.3700381355
2.3427940445
0.6357204005
-0.7297392640
-0.0513606763
-0.3335202706
0.8284522601
-0.4311271688
-3.1242839347
-1.4042640025
0.1907073505
1.0892182336
1.4056822444
-0.8035057890
-0.7966913184
0.4356364137
1.5724653666
-0.1316604832
0.8008131058
-0.3188325934
-0.5300351919
1.0255989300
0.2703938247
0.3222583927
-0.2618057859
0.8547315354
-1.1589332259
-0.7490045385
0.3628842718
0.2101741208
-1.1514900976
0.7684763823
-0.1559754060
-0.1378831952
0.1192003152
-0.4118304557
-0.1093514990
-0.7114433568
-0.3775516086
-1.0126411191
1.6790592218
-2.1032126160
0.2693317636
-0.3329915018
-0.4012305061
0.7860862541
-0.6372761025
1.5191022544
-2.2830813625
0.0946796050
0.8453751483
-0.1349388246
1.3929100661
0.1662643206
0.6929545613
-1.0726098450
-0.2143522082
-0.1146541449
0.6098619653
1.3700137849
-1.2337174962
-0.6447398116
-0.4942160252
-1.0028168270
1.6577289992
-0.4760656425
-0.8476161947
0.0421771205
0.7236231133
-0.1221012988
1.4505439121
0.2435705996
1.5863223187
-1.5957373772
-0.3707372762
1.7963042282
0.8283539991
1.8040256092
-2.6046602184
0.9050438957
1.3581896827
0.3840489752
0.1236763666
1.2541237504
0.4110612896
0.1898408075
2.2003682836
-0.2121659186
1.1454546813
-0.1554288495
-0.8496051327
0.1935406741
0.9431126055
1.5969076313
0.5607629680
0.0849048962
0.5371482132
0.2231098363
2.9952924629
-0.6454125374
-0.9080040082
-0.4491884553
0.3916016878
1.0348676189
0.5742281576
0.4092762443
1.3610770951
1.3156437638
-0.0318678330
-2.1312050518
-0.9406466433
0.9074375370
-0.4408407536
0.9357552345
0.1693928121
0.0490026555
0.3352089318
0.5425906896
-0.0381527197
-0.5106028780
-0.2478882365
0.4526356560
-0.5070082656
-0.3529110045
-0.5235949937
-2.0875616585
1.2752390863
-0.0263781948
-0.0504989509
-0.4619830624
-0.0230744436
-1.5415057725
0.1134550743
0.4329204952
0.5436869102
0.6206832987
-2.1116066200
-0.7565023835
-0.2109768331
1.5878029318
-0.0272500099
1.0426664482
0.4685525101
0.9734991759
0.3341594121
0.2387769597
0.7088557948
0.3560951230
-1.0485826467
-0.6363378544
1.6423764434
-0.3033676559
0.1090375114
0.2896090377
-0.3085890801
-0.5552874348
1.0203035648
-0.5938485837
0.4490332421
0.6827708943
1.1418921918
-0.6927402470
1.1356226749
0.7345234198
0.6757772091
-0.4392319364
-0.7804120053
1.3596807028
0.6174266943
-2.3475616032
-1.7845079519
-0.4813855390
0.3157382851
-2.0383866114
-0.4863179001
-0.4594167037
0.1934667493
-1.7431175375
-0.4594554794
-1.2439815953
-1.0104935156
0.3812160550
1.5291175986
-0.6939234888
-0.2398339623
1.8350799334
0.2351970383
0.2376212311
1.3420838577
1.4315601747
-0.3563222880
0.3107813360
-0.2454406624
-0.2562263228
-0.0471012511
1.1874095390
1.3550774011
1.0118766346
0.6261289071
0.6700691861
-0.3364266757
-1.0975634595
0.3034983537
-0.2026790573
1.3451036676
-1.8910496047
0.8929463382
-0.3199423047
-1.1571592612
-2.3872890828
1.6642031594
-0.0283729365
1.2629806724
0.5350813761
-0.4318107465
2.0810118188
-0.5542988882
2.0161618249
1.7007647039
-0.5614798023
0.1125255878
0.1702147582
-0.1364818315
-0.6173236138
-1.1868313096
1.3649628212
0.8478938353
1.1381828845
0.5940288680
-0.2493985650
0.5409581007
0.1172565051
1.4168027999
0.4288661322
0.5321419730
-0.7250807466
-0.6480140631
-0.2600100331
-0.3907437989
-1.4430685689
1.8846328558
0.2586173878
-0.5667908183
0.0023331424
-1.5282571265
-0.5695124928
-0.4374088539
2.0127948242
0.5612917520
0.4286831667
0.7612835654
0.9492870180
0.6962237064
-1.6606651986
1.2466950098
-0.4186473770
-0.7532138920
0.7899857797
1.1597317970
0.2042186404
0.9037249649
0.3699835633
0.6337714887
-1.7810932499
0.7773936604
-0.3761323436
-0.4364835446
-0.1979773408
0.4854244955
0.0007773636
0.5957071728
-0.3652457352
0.4096755545
-0.6500774764
-0.5984652754
0.8893429392
1.8289624127
1.1926778924
1.3510006875
-0.6276980281
-0.1872622416
-0.5312830604
-1.2192983529
-0.9546765831
0.8570398261
-1.2706504307
-0.2327575467
0.1538768935
0.9937649677
0.7007520458
-0.8271399794
0.3460070689
0.6346168114
-0.5015535583
-1.2633054295
-0.7587001041
-0.2822656801
0.1444156948
-0.8204874775
0.6322273980
-0.0604456190
