14 7 0.14
7 0 0 0 1 1 0 1 1 2 1 3 0 3 1
14 0 1 1 0 1 1 1 3 1 4 2 0 2 1 2 2 2 3 2 4 3 1 3 3 3 4 4 4
14 0 5 1 2 1 3 1 4 1 5 2 1 2 2 2 4 2 5 3 1 3 2 3 3 4 0 4 1
13 0 1 1 1 2 0 2 1 2 2 3 0 3 2 3 3 4 2 4 3 4 4 5 2 6 2
19 0 1 0 2 0 3 1 0 1 1 1 2 1 3 2 1 2 2 3 1 3 2 3 3 4 0 4 1 4 2 5 1 6 0 6 1 6 2
17 0 1 1 0 1 1 1 2 1 3 2 1 2 2 2 3 2 4 3 1 3 2 3 3 3 4 4 0 4 1 4 2 5 1
11 0 1 0 2 1 1 1 2 2 0 2 1 2 2 2 3 3 0 3 2 4 2
4 11
9 7
9 2
2 1
0 4
8 6
3 7
0 0 0 0 0 1 1 1 0 0 0 0 0 0
0 0 0 0 1 1 1 1 0 0 0 0 0 0
0 0 1 0 0 1 1 0 0 0 0 0 0 0
0 0 1 0 0 1 1 1 1 1 0 0 0 0
0 1 1 1 1 1 1 0 1 1 0 1 1 0
0 1 0 1 1 1 0 1 1 1 1 1 1 0
0 0 0 1 2 2 1 1 0 1 0 0 1 0
0 0 0 1 0 0 0 0 0 1 0 1 1 0
0 0 0 1 0 0 0 1 0 0 0 0 0 0
0 0 0 0 0 0 1 2 2 1 0 0 0 0
0 0 0 0 1 1 1 3 2 1 2 1 0 0
0 0 0 1 1 0 1 3 2 2 2 1 0 0
0 0 0 1 1 1 1 1 2 0 1 1 0 0
0 0 1 1 0 0 0 1 0 0 0 1 0 0
-0.9744804959
1.9084259328
-0.9454643335
0.4943133081
0.5836660015
-0.9630664025
1.1922682190
-0.8199086520
-0.4556986577
-0.6029294961
0.3410670923
0.6526909342
-0.7646113222
0.9986954512
0.5509887456
-2.5679987232
-1.5583096121
-0.0780747331
-0.4861937965
1.7301548879
0.0437219334
-0.3278036632
-1.1829105210
0.0115502369
-0.8990741152
0.7202246200
-2.4897669621
-1.2555913832
-0.3465761477
-1.3430757620
0.7957526369
0.4847061750
-0.2134254008
-1.0938672518
-0.5785814504
-1.7124620622
-0.0002767867
0.3845133730
-0.0778371621
1.2383580786
0.1895021967
-0.4291320043
0.5690356961
-0.7588299465
-0.5390979560
-1.3600946940
1.5342759178
0.7344493639
1.6516517270
-0.6251717012
1.3028907037
2.3111490660
-3.0357540439
-0.5985617433
0.6849887395
-0.5151977868
0.6457038755
-0.0740675596
-1.3648373358
-0.3288215649
-1.6030530475
-1.2202078607
-1.3967810545
2.2512601232
0.1874418834
1.2798511906
-1.2251016697
-0.8649062644
1.6266408970
-0.3358333634
0.1366027599
-0.4284362152
-0.1192351960
0.0749496292
-0.9173743186
1.0024011274
0.3441906082
-1.6320064811
0.8797931888
0.6533607412
1.8989229543
0.2244152924
-0.0476848286
-1.0963177644
-0.0652000936
-0.6722736965
-0.5435003745
0.8349312368
-0.2846352654
0.0938641394
0.2709177910
1.5223432901
-1.3040803544
-0.7376780904
-0.8247127712
0.2533316796
-0.4350852207
-1.0502204795
0.8220053717
-0.5356812837
0.1560724129
-1.7289888255
-0.3588224003
-0.3528302910
0.5547306128
0.8023042089
0.6196777685
0.0683655874
1.6094489072
-1.1858208114
0.2122542652
-0.1005090581
-1.8860645240
0.8718315074
-0.7677044900
-1.6506640310
-0.1107246393
-0.3532863286
0.6301375983
1.5157504311
1.2200278093
0.7118055439
1.1419045910
1.0055472494
-0.5855978264
0.5359155826
-1.0735773974
0.5888034005
0.4735747741
0.6449538767
1.0346936888
0.1723692254
0.1129920083
0.6860396640
0.4458440149
-0.8005190077
1.1732915627
0.5749991725
0.3477845018
-1.1965363286
0.1555676577
-0.8008222313
-0.0201509176
-0.1715794646
-0.2799655085
0.8705310217
1.0396967712
1.5685170701
-2.0091078116
1.9351157929
-0.2105451977
-0.1401925541
0.6334941003
0.6370274347
0.5550398624
-0.1430925847
0.2264903505
1.3542807544
0.3492960745
-0.5834957842
1.4261294985
-0.3078274182
-0.4365644978
0.4403770193
-0.3056974034
-0.2081447962
0.3550823798
0.4219651874
-0.8345423997
-0.6307910111
-0.0989447794
-0.1854453157
-0.1154061560
-2.0098282854
1.0603133039
1.3114900770
0.4946207924
0.0857827393
0.7981766454
1.9761527627
-0.5998999191
0.6119042149
-0.4831559737
1.5077375083
1.1752846356
0.0335820973
0.9516782866
1.2358964572
-0.1655949170
0.4880415257
-0.3499307725
1.5254410258
0.3781445979
-1.5299258346
1.6062867004
1.3143682988
0.2019310916
0.1630389848
1.4961504520
-1.5189822044
0.2515538874
0.6741348616
-1.2478619416
2.0609326462
-1.9939713090
0.2114138565
0.2670600228
0.2240699286
0.3601570180
-0.0029062778
1.7459324935
-0.2001436559
0.9239055504
-0.1631297123
0.3650864857
0.1876678494
-0.3765993818
-0.7187092682
0.3955607730
0.7333265266
-0.3864388748
1.3199501389
-0.1595831425
1.0348300631
1.4257252907
1.6494492810
-0.3647105087
0.3329464858
0.7907554865
-0.4115874064
-0.6803071794
-2.1572766461
-0.2079788138
0.8966522120
0.0534904213
0.2243414479
-0.7986221743
-0.3040201334
0.5056072155
-0.6024110905
-0.8921409413
-0.3561102944
0.7184893124
-1.6268428172
-0.2992804971
-0.6338048406
0.6547699692
-0.8041971196
0.0126980839
0.2183200643
-0.2540025430
-0.6339333004
0.0971518648
-1.4911185635
1.1488285066
0.8795755490
-0.1438287220
-0.7860292670
1.6278913543
0.9421571338
-1.2047791578
-0.2270482162
1.2295596016
-0.6546663788
-1.5991047956
-0.7679868682
-0.8397497522
1.4380901081
-0.4497954551
1.1751668166
-0.7768043468
-0.8903533180
-0.5932026874
0.8124613624
0.7838200854
1.0339567863
-1.1506457914
0.5220254192
0.5822728716
-0.4242404497
-0.7671431849
0.6403672303
0.2420484819
0.7862059213
0.6416455539
-0.6082424907
-0.1612429680
1.9272457012
-1.1491025572
0.7789609509
0.1493310812
-1.1570975549
-0.0770889917
0.4188429892
-1.3258482789
0.2847567242
-0.5224253214
-1.3263423829
-1.7306062174
-1.0768545638
0.9415721377
-0.4781340794
-1.3620376703
-0.8506593127
0.5642978788
-0.4199759232
2.1146313310
-0.0898034937
-0.2814596624
0.5625473561
-1.3535387419
-1.8396783464
-1.2428287177
1.0894719502
-0.8722662779
0.2743423495
0.4803665635
-1.0788282018
0.6638102228
0.3544682056
0.8941800413
0.2413073386
0.2591200392
0.0384571216
0.9137848164
0.0543432437
-0.2016575034
-0.2862027952
1.7506899737
1.3913363772
0.2020353597
1.2587502188
-1.6367421885
-1.0478119762
-0.3744671720
0.1426296236
1.4595582473
1.8042694222
-0.4177378343
0.2433123547
1.3448848561
-1.5999075245
1.8081492991
-1.5323462170
-1.1697664139
-0.8271955881
1.0772535974
1.2349725543
1.0245569674
0.7400998901
-2.1815994158
0.3616863959
0.0793047870
-2.1347885776
-0.0185628136
0.2182221830
-1.0944730389
0.9448021059
0.1903871233
-0.8409143556
0.8431828143
-0.6573475571
-0.5843827904
0.1315263394
-0.1301367551
0.1319356198
-0.8619081318
0.2273104900
0.3800014175
-0.9447407707
-0.1453960541
0.4709952270
-0.3858126227
0.9155524613
0.7345735666
-1.0447898346
1.3812058858
0.5808651776
1.3903586085
-0.9729013277
-0.1239063383
-0.7397020999
0.4197777288
0.2738833822
-0.2403637158
0.3434618989
1.2089257616
0.4571235182
0.2907236271
-1.8043785058
-0.4266446585
0.7848325697
