16 2 0.10
23 0 2 0 3 0 4 1 1 1 2 1 3 1 4 1 5 2 1 2 2 2 3 2 4 2 5 3 2 4 0 4 1 4 2 5 1 5 2 5 3 6 1 6 2 7 2
30 0 3 1 3 2 3 2 4 3 3 3 4 3 5 3 6 4 2 4 3 4 4 4 5 5 0 5 1 5 2 5 3 6 3 7 1 7 2 7 3 7 4 8 2 8 3 8 4 8 5 9 2 9 3 10 3 10 4 11 3
1 4
3 4
0 0 0 0 0 0 0 0 0 0 0 0 0 0 0 0
0 0 0 0 0 0 1 1 1 0 0 0 0 0 0 0
0 0 0 0 0 1 1 1 1 1 0 0 0 0 0 0
0 0 0 0 0 1 1 2 1 1 0 0 0 0 0 0
0 0 0 0 0 0 1 1 0 0 0 0 0 0 0 0
0 0 0 0 1 1 1 1 1 0 0 0 0 0 0 0
0 0 0 0 0 1 1 2 1 1 1 0 0 0 0 0
0 0 0 0 0 1 2 1 1 1 0 0 0 0 0 0
0 0 0 0 1 1 2 1 0 0 0 0 0 0 0 0
0 0 0 0 0 0 0 1 0 0 0 0 0 0 0 0
0 0 0 0 0 1 1 1 1 0 0 0 0 0 0 0
0 0 0 0 0 0 1 1 1 1 0 0 0 0 0 0
0 0 0 0 0 0 1 1 0 0 0 0 0 0 0 0
0 0 0 0 0 0 0 1 1 0 0 0 0 0 0 0
0 0 0 0 0 0 0 1 0 0 0 0 0 0 0 0
0 0 0 0 0 0 0 0 0 0 0 0 0 0 0 0
0.1288975674
-0.3491584776
-0.2407143800
1.1174990283
2.4288747689
-1.7393606197
-0.6279337807
0.1068537826
-0.5241493937
0.4092962365
0.0208096093
1.0780649451
-0.7748872275
-0.0419490617
1.1693618516
0.6968512932
1.0690573824
0.0019141331
0.1695581202
-0.8869820523
0.0129609194
-0.2071216206
-1.1210783236
-0.2516526067
-0.2057759691
-1.0539503072
-0.8991622352
-0.8507934113
0.4130048015
-0.3218002400
1.0120595664
-2.0799064467
0.1016217907
0.2490401652
-1.7277818516
-0.1035861835
-0.0212108545
0.2138580913
0.6163787685
-0.3508462711
0.8160997136
-0.4925926259
-1.1195504802
0.1028351983
-0.7506210255
-2.3386599736
-0.5924905465
-0.6688060198
-0.1257403744
-1.7144297322
-1.8509543649
-1.0469091045
-0.7701236282
0.4200292608
0.2902639532
1.8854807588
-0.4373875546
-0.0596932947
0.3924024727
-0.8491507980
0.4355011385
0.1388746605
-0.2549964521
0.4171554393
0.1251320649
1.7535224442
-0.5038954014
-1.1752516626
1.4280691039
-1.3383963004
-0.6172790311
-0.1759400831
1.9422214680
-1.4416547163
0.4810201919
-0.2531039103
0.9257984801
-0.0297164835
-0.8568496661
-0.9489054393
-0.3995955464
-1.2417522456
0.3837988523
-0.9238623086
0.0553911842
-0.4233127061
1.5761735870
1.6892962014
-1.3063165622
1.4264034587
1.8832251299
-0.5932791999
0.2543218508
-0.1568510550
0.0899842450
-2.1811267720
-0.0655268345
-1.2111392580
1.1912533217
-0.7088391570
1.2924701314
-0.1556807183
-0.3895764221
-2.4704939034
-0.5839985580
2.3130587290
-0.9158566062
0.8374559866
-0.6625395364
-0.5478023695
-1.9665091156
-2.5561591571
-0.6093039375
-0.2650515964
-0.7486837112
0.0164181214
0.4570131146
-0.3740036416
-0.9262050771
0.7360063335
0.3487152305
-0.8812896365
0.8481247359
2.1077917853
0.1177579997
1.3355719598
0.7322196435
0.1392214217
0.0710289893
-0.2611295988
-2.5549468815
2.0218003194
-0.4762250169
0.2692774786
-0.3413163330
-1.2420487552
-0.1135448122
1.2045074244
-1.7335090212
1.3399477130
-0.4093834628
0.5940497205
-2.0700145267
1.7232748467
0.3488301288
-1.9116971097
0.4228361163
-0.0720832642
0.0364340565
0.5844519882
0.6535487117
-1.3484311910
-0.2105402570
-1.0340116315
0.2152957745
0.6637279235
0.7458709009
0.4858048553
-1.7559745420
-0.7172083851
-0.3416457286
0.5314147879
0.8572288649
-1.0487631679
-1.3915790928
0.9500190423
-1.4395388993
-1.3824041288
1.2925256363
0.6690644830
-0.4821688213
1.0809032147
0.7081946864
0.4222915646
0.0903575035
0.7897136095
2.0751302979
0.6232779654
0.4004675005
1.4058815799
-0.7390819991
-0.5448317076
1.5488087076
0.4374867254
-0.6642352719
-1.1027426343
-0.3120978353
-0.1993653309
-0.9938406094
-0.3686762772
0.1548505262
-0.7732274524
-0.7332356916
0.0206674055
-0.0951865215
-0.9379365252
-0.3888572509
1.3404189634
-0.2972674658
-0.2807743651
-0.2518915211
0.2098738503
-1.0479151379
-0.7911140622
1.6631007873
-1.8232119067
0.1498202780
0.5592322705
-0.3316931834
1.3946210948
1.0912375553
1.1537280468
-0.4679996691
-0.1127272928
-0.3939443798
-0.9476069520
0.0413378222
1.1124593974
1.3533874044
0.0816574566
1.7396256504
0.5317194992
-0.2868475480
-1.0908905663
-1.3504801853
-1.2292572901
-0.8724560992
-2.5941056539
-0.7107946294
0.4187264248
-0.9214666789
0.0711916631
-0.7599296102
0.1098051502
-0.3471040104
1.3433878747
-1.0553431945
-0.2667683554
0.8295101188
0.9521755260
-0.3595102851
0.9741455828
1.2326378192
0.6465318657
0.8149722502
1.2265804282
-0.3464877743
0.0937194503
-0.3916111572
-1.0668501154
0.6052475492
-1.0749573654
0.9866571429
1.8753351595
0.8767834337
0.4924159733
0.4271883213
-0.1104290808
1.5766309125
-0.3650695059
0.1224480215
-0.1913494641
-0.6369839438
-1.1745140043
-1.6606752465
-0.5478643452
-1.9637813149
1.9314481577
-1.3511721641
-0.6540983741
1.0809309690
0.7405918651
0.7427455137
1.5349791909
0.1526036557
1.5186195485
-0.6020045884
1.3412071097
-0.4514679137
-0.2182392826
1.2491732739
0.7695468792
0.1804602537
-2.1016631441
-0.3599315085
-0.6034648164
0.9748344505
0.9798753800
-0.5092234193
0.3607937054
-0.9158432707
1.0320656311
1.5064473455
0.1806104927
1.3136949477
0.4956238639
0.2695866342
-0.1393163225
-0.0418969187
2.0281320785
0.6506269619
-0.5287313145
0.1151677158
0.8693148578
-1.7653928929
-0.0287216564
-0.2542478202
0.1563400100
1.4244271438
-0.5753627786
-2.3455370826
-1.6038837936
-0.8458036692
-0.5669633841
-0.9642236832
-0.4741710328
-0.0862637955
-0.2381722901
-0.3533297141
0.5485057616
-1.1099070348
0.9126711951
1.5821611903
-1.8461511857
-1.1752951564
1.8730371614
-0.7133635831
-0.9304614014
0.3745110389
0.8096270522
0.6969366936
-0.9046360505
0.9332291485
1.2545985386
-0.3067620189
0.9148057823
0.9385228525
1.6314125886
-2.1045479118
1.6541803259
0.3707678923
-1.2791428974
0.8107328189
0.7345736660
-1.2075313669
1.2942819468
-1.2532469246
0.4880662577
-2.3511042237
0.4493963200
-0.0789758194
-1.9100408072
-0.0577234227
-1.0509911959
-0.5459641456
-1.2145087687
0.4104784445
1.1858880062
-2.2066808139
-1.1670615661
0.2903324137
-0.4581754018
-0.0974183568
-0.2330478313
0.3403393724
-2.3406181120
1.4518292829
-0.0755224434
-0.8344440461
-0.0111850384
-1.4643599674
-0.4901224806
1.5817858011
-0.2851691775
0.5595033726
-0.9040019718
-0.1497082325
-0.6369673419
-0.9634856813
-0.4095615684
0.8474557258
0.1543574962
0.8978726823
-1.2794563868
-0.5822488556
1.1719738154
2.4782971335
0.6729028337
1.8892740521
0.3663061957
1.3291452157
-1.6224234928
0.7230404196
-0.0260282925
0.6487243214
0.0827425185
0.6132065682
0.9531525324
0.5301037678
0.4717892641
0.1070122610
0.3209545403
-0.9593182879
1.9975597365
-0.4174135024
0.7257270796
-0.6825839261
1.5709945998
0.8457911563
-1.4055006634
0.1842244876
0.9861705936
-0.6271579591
0.3327805949
0.5177802940
0.6030608612
-1.2017851694
1.0007002743
0.2489576750
0.9398795618
-1.0551039248
2.1023851183
-1.0597666523
-1.1326932130
-0.7005683906
-0.2177422498
1.4285117432
1.0922908701
-0.0238146078
-0.6985238209
-0.7871160345
1.9407509626
-1.1386057175
-0.1647855704
1.1562310473
0.1043522289
-0.7755034860
-0.6854604305
-0.3016474194
-0.6173187287
-0.3790850669
-0.3900702643
-0.4196508634
0.7278998598
-0.1001071721
-0.1940048103
0.7484027093
0.4543652704
0.1094295206
1.9560116302
0.2227784204
1.3803357911
-0.5206748277
0.4219701576
0.1867514976
1.4028813540
-1.0925715772
-1.2877263409
0.0094268406
-0.8253020144
-0.7668387707
-1.4094444418
-0.8964562480
-0.9704458484
1.4712291560
-0.6079424459
0.2988917336
0.0124275549
-0.9865702388
0.0329322542
0.8806900733
0.0869559938
-1.1786481798
0.1017879741
-0.4793791747
0.3513630889
0.3410772217
1.3656367096
0.6343569571
-1.5061447445
0.8093330264
-0.5531995930
-0.5432334302
0.0224477288
1.5430182655
-0.0113111383
1.5049473805
-0.5253189487
0.3309942654
-0.0364652290
-0.5462461283
-2.0306950169
-0.0402075079
0.7017778660
-0.6241133765
-0.9273037740
-0.5970732846
0.0962672392
0.2112168309
0.4827643827
-0.2269862925
-2.9226261006
-1.0633658883
-0.1841885202
-0.8839370411
-0.1046183204
-0.9299553274
0.8844096732
-0.9084545304
-0.8656125356
0.1486873966
-0.7961501249
