10 5 0.11
4 0 0 1 0 2 0 3 0
4 0 0 0 1 0 2 1 1
4 0 0 1 0 2 0 3 0
4 0 0 0 1 1 0 2 0
4 0 1 1 0 1 1 2 1
5 6
8 6
3 6
6 7
6 0
0 0 0 0 0 0 0 0 0 0
0 0 0 0 0 0 0 0 0 0
0 0 0 0 0 0 0 0 0 0
0 0 0 0 0 0 1 0 0 0
0 0 0 0 0 0 1 0 0 0
0 0 0 0 0 0 2 0 0 0
0 1 0 0 0 0 2 1 1 0
1 1 0 0 0 0 1 1 0 0
0 1 0 0 0 0 2 2 1 0
0 0 0 0 0 0 0 1 0 0
1.5929939473
-0.4823963347
0.3144076517
0.7767435809
0.4559027119
-0.7169597430
-0.8323773517
0.1117883922
0.4695828457
0.2026879357
-0.0795212480
1.0948004352
1.5821867020
0.8769683892
0.9550255467
-1.2680454398
0.5594401608
-0.0249880669
-1.1920632502
1.1599038465
0.9899710742
0.3250316395
1.4454789853
-2.1188730960
0.4380049315
-1.3011935674
-0.5841696109
-1.4159896260
0.1444411096
-1.3332922100
-0.0444185272
0.7593386342
1.8812260733
-0.8587626446
-0.2598551568
-0.2838732184
0.7141329951
-0.9957964670
2.1041052419
0.3791254672
-1.1886380487
-0.9839956793
1.9890963795
0.8488026812
0.7561020932
-0.7594653224
-0.8136270066
-0.1180580471
1.2715864705
1.1366928035
1.9198481859
0.4118570804
2.3267106442
0.6404240839
0.0436600668
-2.1236981145
-0.3244530942
2.7836505921
-0.1667946433
-1.2337051431
0.1301401696
1.0931294989
0.5091484795
0.3185619076
0.3018508731
1.7408820452
2.0770994065
-0.2389238560
-0.4108985748
1.1450476243
-2.0641314777
0.8146698927
-0.1204340264
0.1759094722
0.8822520174
0.0278401359
-0.4571778240
0.8150527974
0.4326321048
0.1604164204
1.5527400622
-0.6497610873
0.1872519102
0.4612695076
-0.3950434208
1.0754915163
-0.2031979974
-1.8645778035
2.0424751776
0.1506096615
1.1358970713
0.9111198431
0.3107385481
2.5562152424
-1.1130832383
-0.6249934828
-0.9395649691
0.1522936966
-0.6507098573
-0.0395369081
-0.0445187274
0.9223958916
1.0216354237
-1.2672268241
-0.2345137412
0.2070566098
-1.6565221317
-0.2030196576
-0.4233847805
0.3115022018
-0.6800874021
0.9228883236
0.6700730575
0.8016510864
-0.0772999223
0.6713001740
0.9892041836
0.6466348159
-0.5065650736
1.6571789168
-0.5312300464
0.0076790208
0.3503558321
-0.3613392575
-0.3082041887
1.3266709503
1.5683428485
0.6653037163
0.9298759499
-0.1525224180
0.0446350944
-1.7053809354
-0.6522442349
0.4293275407
-1.2294260286
-0.6193201776
-0.4681893705
0.2940598887
0.0827528750
1.6780764915
-0.6411509020
-0.0737074331
-0.8177489148
-0.4631996826
0.7674651836
0.0851905347
0.8244442771
-0.4856810174
0.6136656454
-0.8711599522
-0.0495501369
0.2074799294
-1.4184515488
-0.5839389523
-1.1750308222
-0.4448968878
-0.5787297623
0.2007058157
0.4337955531
-1.0452834890
-0.6799136356
-0.5293636271
0.6239296642
-1.2430167519
0.0164699993
0.1147812919
0.3274973860
-0.0729710297
0.7487197882
-0.5646618807
0.7670306746
-0.0414961168
1.1274504190
-1.7764381565
-1.5484776806
0.2078757249
-1.0582773651
-0.7384871072
0.8572527724
0.0513972140
0.1520640074
-0.3237649114
-0.3319498205
-1.8346334364
0.3431236524
1.3527685370
0.1868994949
0.3256305149
1.6609989497
0.4766879771
-0.1596361535
2.5454791757
-0.9557321203
-0.1221879724
1.4735845369
-0.6888697725
-0.1530506194
-0.4396701109
-0.4330873414
-0.1493878025
