16 11 0.02
5 0 2 1 2 2 0 2 1 2 2
5 0 1 1 0 1 1 1 2 2 0
5 0 0 1 0 2 0 2 1 2 2
5 0 0 0 1 0 2 1 1 1 2
5 0 1 1 0 1 1 1 2 2 1
5 0 0 0 1 0 2 1 0 2 0
5 0 0 1 0 1 1 2 1 3 1
5 0 0 1 0 1 1 1 2 2 1
5 0 1 1 0 1 1 1 2 2 2
5 0 0 0 1 0 2 1 1 1 2
5 0 0 1 0 1 1 1 2 2 2
2 2
10 4
5 13
6 8
5 2
6 2
5 8
4 12
3 10
0 2
8 8
0 0 1 1 1 0 0 0 0 0 0 0 0 0 0 0
0 0 0 1 1 0 0 0 0 0 0 0 0 0 0 0
0 0 0 0 1 0 0 0 0 0 0 0 0 0 0 0
0 0 0 0 1 0 0 0 0 0 0 1 0 0 0 0
0 0 1 1 1 0 0 0 0 0 1 1 2 0 0 0
0 0 0 1 0 0 0 0 1 0 0 0 2 2 1 0
0 0 2 2 2 0 0 0 2 2 1 0 0 2 0 0
0 0 1 1 0 0 0 0 0 2 1 0 0 1 1 1
0 0 1 0 0 0 0 0 1 1 0 0 0 0 0 0
0 0 0 0 0 0 0 0 1 1 1 0 0 0 0 0
0 0 0 0 0 1 0 0 0 0 1 0 0 0 0 0
0 0 0 0 1 1 1 0 0 0 0 0 0 0 0 0
0 0 0 0 1 0 0 0 0 0 0 0 0 0 0 0
0 0 0 0 0 0 0 0 0 0 0 0 0 0 0 0
0 0 0 0 0 0 0 0 0 0 0 0 0 0 0 0
0 0 0 0 0 0 0 0 0 0 0 0 0 0 0 0
0.2410615198
0.0128086051
-1.3137719294
0.9993799596
-0.2981155345
-0.8724017330
0.8780626708
0.2806503522
-0.3872956735
0.6519111604
1.2956635808
-1.6832653620
-0.0885922354
-1.0675413729
0.6148665015
0.4917526449
-0.4855954717
0.8971526521
-1.2190349128
-0.5672137741
2.5576181119
0.4087645031
-0.3047992967
0.0627955197
1.3143719727
-1.3952784127
0.9933031480
0.0068833111
-1.0615292636
1.5865021114
-2.1292204285
1.5415418495
0.3539638446
-1.2177237452
-0.3681910023
-0.0344251555
-0.4781137709
-1.6052457147
-0.1730664659
1.5760377875
-0.9168286227
1.5110470686
1.4544697509
0.2992494936
0.8025982271
0.7369140411
0.8674464499
-1.2504594458
0.5591195185
-0.5478152434
-0.8537732471
-0.1357971488
1.1185837564
0.2950317844
-1.2077175335
0.2751793150
-0.7177948057
1.1827477885
-0.3774705786
-0.9256330787
-0.1998347384
0.3708882176
-2.4927874865
-0.6005583413
-1.5440607040
-1.2011380442
-1.3471777495
0.1670068649
0.1574551427
-0.2410358318
0.6779113416
-0.1044769276
-0.7131585530
-1.3169649257
-0.5633029689
-1.8468910216
-0.8806120726
-0.8522745562
0.5349825337
0.0034012534
1.2070574557
-0.1644740665
0.6922645463
0.3231691053
0.2070108245
-0.1592436885
-0.1863277547
-2.5150134801
0.0721014107
-0.3069759263
0.5701782166
-1.3637483520
-1.6864819572
-0.2924051191
1.5706203008
1.3422807030
0.5097804893
0.1997323059
2.1969529838
-0.5251748069
0.3937370531
1.6310758210
-0.4177317982
0.6060392463
-0.3490988414
-0.5161707252
-0.1174571566
0.6683910248
-0.4361498320
0.3630798280
-1.8115464409
0.9423278392
1.0592178603
0.0876046262
-0.8872771905
0.4768615554
-0.0761610248
-1.8270663532
2.1559223958
-1.6648703935
0.2085316811
-1.2540717158
0.0320784795
0.7196023899
-1.4449445327
-2.0245268852
-0.5545005446
-1.7954821066
-1.0749157615
0.1275793756
-0.1158865943
1.2450158428
1.8714173896
0.7666868612
-0.8368101278
-0.6796149568
1.4547444956
0.5130811366
-0.6185642446
-0.6751170820
-0.7199750135
-0.6586451671
-0.9337927031
0.2747718877
1.2128356599
1.2232908545
0.5355852529
-0.4991913730
0.4525293178
-1.5868672003
-1.2887409264
-0.8783449186
-0.5364774389
-0.0211637591
-0.4925549899
0.0455558078
-0.7371821955
-0.4857413827
0.2657322235
-0.6862236554
1.8213114053
-1.7121548664
-0.6347288544
-0.0476074837
-0.4051666634
-0.2626610530
2.3250330610
0.3296383737
0.3913233073
0.9905357199
-0.3316132293
-0.0524063301
-0.2496982742
0.6541244008
0.8070647542
0.6817468460
-0.7385896553
-1.1565135162
-0.0323877879
0.7507116427
-0.7953514250
1.0155323588
-0.7360842175
-1.1694390079
0.2962553973
0.1414055044
-0.4686377193
0.9679481644
0.6853416960
2.0919437661
0.9594519693
1.0307866142
1.0951320679
0.2136372524
-2.2661775068
-0.7165129343
-1.0020719213
1.5889773639
-0.2026448224
1.3606624914
-1.2629862271
0.9298024907
0.1327853108
-0.3844470866
-0.0731481463
-0.0597796822
0.7015258938
-1.5844676426
1.1659697571
0.2841411384
0.3961718084
1.9000382692
-1.1909547039
0.0103199228
0.6320610221
1.5890456296
-0.9144187545
-1.4294074136
1.1215908682
0.0785244186
2.0028149977
-0.6547292701
-0.1819260634
0.3602954152
0.3079093503
0.0106320018
0.8871892984
-0.5801457946
-1.1508254095
0.7136470049
0.4946850331
0.6115139388
-1.8160919247
-0.2493400506
0.3362765070
0.9349102649
-0.1936274060
0.4683428027
0.6340079040
1.8148322613
-0.1454477279
0.0832430815
0.5503806575
2.5112364598
-1.3087084433
0.1916752861
0.6333734590
1.0185054307
-0.0561628457
0.6498415683
0.2076672286
0.7933011343
-0.9597307296
2.6352492092
-1.2462841237
0.6479430471
-1.3891842435
1.4903903904
-1.1811759699
1.4014820260
-1.5919219752
-0.5284875527
-0.6813914303
-1.2575525435
-0.2517200370
0.6099768912
-0.6768189687
-1.3716188387
-0.0177319329
-0.7143508112
-0.6428055886
-0.2324427246
0.9384086996
0.0089514176
-0.7489541320
0.1273152041
0.2301336315
0.7986599405
0.3412972298
-0.6542830354
0.6860694194
1.9719103170
0.5439385515
-0.0670782678
-0.1027062966
-1.3142745093
-0.3731038126
0.7479127671
0.5917933660
1.0922578241
-0.6813080517
0.9831868920
-0.0703079816
-0.3738622332
0.5638548610
-1.4560423695
0.1877963102
0.5265347394
0.1428327881
0.4976832023
0.9582695940
1.5359596323
0.2634720346
-0.7659242880
-2.1733971512
-0.3335760024
1.4083620643
-2.9524104529
1.7702046821
0.5878811107
0.7081307399
-1.1460109932
1.6663900642
-0.5189202398
0.5746306059
-0.6143494579
-1.0039720923
0.4340103516
0.6741806495
-0.0166658467
0.9071920463
-1.8649940091
-0.6334006497
1.2722516754
1.7905778382
-1.1883338586
0.1776954703
0.4630084520
-0.7134356253
-0.5058804512
0.6372719610
-0.8691713104
0.9450021012
1.5044782670
-0.0385302462
2.4021354379
0.2830985153
2.1063320659
0.4777301281
-1.1243327298
1.5636881719
0.2079372591
-0.2431613951
0.1661472252
0.0136620426
-2.8234804866
-2.1717901420
0.9282909547
-0.7226618169
-1.4283090645
1.2399600902
-0.6446750615
-1.1182904432
-0.1272440980
0.2114991096
-0.7556112525
-2.5660168165
-0.0540790456
0.0655210015
0.4971602925
0.9697183387
0.5795799607
-0.2219385989
1.3776140847
0.2463007659
1.2593578116
1.4140723633
-1.5981806085
0.7843554691
-0.0931017426
-0.6158276789
-0.3027465416
-1.2250341540
1.6570282926
0.4126678084
0.0800363161
0.3718176582
-0.2743493760
0.3109301943
0.1611843791
-0.7620410508
0.2334763806
1.2994145415
0.7388261999
-2.1481306276
-1.0891201391
1.0015112917
0.7460150484
2.1930798572
-1.2832817833
0.3473154416
1.3046154974
-0.9648769431
0.9192923677
-0.1271719005
-0.3001349788
-0.3795172360
1.9241244508
-1.0399278133
-0.0286842419
-1.5180444349
0.7438517950
-0.6718227858
-0.3863792837
0.0837370621
-0.7747188496
-0.0526687667
-0.1808925803
-0.2074687829
0.2500332048
-0.3078368057
1.2601844469
0.7094934074
0.1977722958
0.0517413962
0.0435724554
1.9017282319
-0.8412189519
0.9298521383
-1.2654782012
-0.1920453914
-0.1624330102
1.0382494904
1.6595986662
-0.3108373987
-0.9492871914
0.7065981658
0.5741284958
0.0924721545
-0.7433024110
-1.1697053129
0.0488435369
0.0698394355
-0.5276011435
0.9282531045
1.2041343819
-0.1257867574
0.5885753082
0.2088753263
0.0720598191
0.8853842305
0.1528299153
1.1204353310
-0.7230595957
-0.1699716364
-0.5133450787
1.4187453453
-0.0140499178
0.1788670366
-0.7295484418
1.1458394246
1.8598567658
-0.0421491557
2.4529829408
-0.4763697330
-0.3353429921
0.4465455028
1.2424478707
1.1255142418
1.0318868557
0.8199672973
-0.4816974618
1.1756623388
0.4848923687
1.9557699221
-1.6757952790
0.2193526303
-1.1607531210
0.2694820150
-0.0969671585
0.7295050576
-0.1375663632
0.3113768332
0.7437872507
-0.2639489654
-0.3815767164
-0.9199114984
-0.0694503082
-2.0147863061
-0.0608541849
-0.4597977331
0.3944105087
-0.0218077256
0.5276674536
-1.2549731118
1.1389409881
0.5541109302
-0.8847754125
0.1230248852
-1.8408212077
-0.9586493577
-0.5111249741
0.3174210211
2.5425854829
0.7570756453
0.3225446293
-0.6583540169
0.3618760054
0.0397457787
-1.7830546836
1.1574645048
-1.3041505394
-0.7661922254
-1.0387310045
0.2208548029
0.2811142389
-0.3056637215
0.0449420889
1.9226469190
0.7116818698
-0.2803790455
-0.0683354356
