12 3 0.12
9 0 1 0 2 0 3 1 0 1 1 1 2 2 1 2 2 2 3
18 0 1 0 2 1 0 1 2 2 0 2 1 2 2 2 4 2 5 3 0 3 2 3 3 3 4 4 1 4 2 5 1 5 2 6 1
23 0 1 0 3 1 0 1 1 1 2 1 3 1 4 2 2 2 3 2 4 2 5 3 2 3 3 4 2 4 3 4 4 5 0 5 1 5 2 5 3 5 4 5 5 6 4
1 3
5 3
0 5
0 0 0 0 0 0 1 0 1 0 0 0
0 0 0 0 1 2 2 1 1 1 0 0
0 0 0 1 1 1 0 1 1 1 1 0
0 0 0 0 1 1 1 1 1 0 0 0
0 0 0 0 0 0 0 1 1 1 0 0
0 0 0 0 1 2 1 1 1 1 1 0
0 0 0 1 0 1 0 0 0 1 0 0
0 0 0 1 1 1 0 1 1 0 0 0
0 0 0 1 0 1 1 1 0 0 0 0
0 0 0 0 1 1 0 0 0 0 0 0
0 0 0 0 1 1 0 0 0 0 0 0
0 0 0 0 1 0 0 0 0 0 0 0
-1.4031998513
-1.1946745767
-0.1046559610
0.0309755239
0.0457826943
-0.9617220336
2.3816187693
-0.7446576447
-1.2013005615
-0.6282893716
0.3639485306
1.6032121791
-1.2115693347
1.4339642631
-1.0895122607
0.7225484941
2.0000668655
-0.5190046093
1.7068742239
0.3590110672
-0.7109521854
-1.9548145225
-1.5054830749
-0.5005588571
0.8640908189
-1.1317847672
0.6015960087
-1.0537064372
-1.3337298493
0.0914530671
0.5740307054
1.5123918818
-1.2309155253
0.8849370743
0.6112586873
1.7903879528
-1.4254277825
-0.5041367512
-0.4094724629
1.7287018213
0.0830478271
0.7857518926
0.6259328253
-1.1709510911
0.2736420299
1.1082159660
1.5640858016
0.7773400912
-0.7561268495
1.5873423438
0.1232818877
0.2393064754
1.0274074715
0.5399736093
1.4737804498
0.6344191217
0.9006049716
-1.3671390335
1.0147415404
-0.3960490372
-0.2531827526
-1.8259610912
0.6676187850
-0.2595829479
-1.3888556220
0.2942611099
-1.2582141997
-0.0343898515
1.2099481149
-0.2363856727
-0.0901129221
0.2325308503
-0.9133367732
1.1352561304
-1.4766563621
-0.5810285267
0.2174844640
0.9527013190
0.4891127810
-0.7773850497
0.3334705291
1.7021860356
0.9249315491
0.8847132804
-1.7131682409
-0.9603608287
-0.8365756970
-0.7160050556
0.1107055922
-1.6802613107
0.8082791782
-0.4319328542
0.1699148702
-1.6535241193
0.8344314439
0.5292656287
-1.0831555772
0.2591042718
0.2069321887
1.2290329001
-0.2458862694
-0.0623119329
0.5809780591
-0.1987323901
-0.7228165221
-0.4084829206
-0.6009379967
0.3513427019
-1.4478298634
-2.4115223949
1.5540267444
0.9638344749
1.2407211959
-0.1740953250
0.7245181417
-0.0964660032
0.5857332169
-0.1005479044
1.2034487829
0.2980007344
-2.1788198965
-0.6518038641
0.4994523275
1.1038527714
0.8377421255
0.6591602776
-1.3827219581
0.2115713124
-0.4964913984
2.4136789184
-0.6796903157
-1.0302494096
0.2977887893
0.0935905768
-0.5313200533
-0.8604676141
-0.0733758093
-0.9976289462
-1.7130620962
-0.8163570236
-0.8347297148
-0.3372110518
0.1987374168
-0.1509668014
-2.1761661077
-0.4464142868
0.0984923284
0.4619179261
-0.0720085507
-0.8554200727
-1.6962931508
0.7928926467
1.2899514322
-1.0960683532
1.9511149102
0.6333289650
-0.9778484851
-1.3908327776
-0.5375379988
-0.5176244494
-0.3040710179
0.0837249593
-0.8880681955
-0.0999180802
0.1955963577
0.3235591140
0.5662837370
1.8662548466
0.4618202866
0.5022769736
0.9363202140
-0.4231005064
-0.4224182150
0.0071170369
-0.6259184412
0.8240503975
-2.0268176482
1.7580355539
1.6738471883
-1.0895747562
0.8128450498
0.5472441648
1.0560657190
1.0628834235
0.8573881151
1.2444594902
0.6373929559
0.5418453812
0.9530218907
0.6017159668
0.5308841715
0.8300126235
-1.3093091053
-0.2889336377
1.0679746321
0.3254104442
-0.6183999980
0.1692757055
-0.0123271531
-1.0160018148
-0.3707155391
0.6209358959
-0.2860784621
-1.0769489217
-0.0889968423
0.8458761928
0.8580331898
1.0798632929
0.0902968985
1.2817973042
0.9072222453
0.0873733153
-0.7971536735
-1.7524927402
-0.2153375519
0.5217387472
0.8361467311
-0.0001340558
2.3640041893
0.2704917856
-0.5137006289
-0.5387713813
0.1464658797
-0.3500314128
0.0381891324
0.6964106193
-0.9643533360
0.6078566068
0.5143044419
1.7596012218
1.2280534073
0.3170820316
-0.6198088031
0.0799011827
-0.5968849323
0.3290528764
-1.3494845160
-0.7650071853
0.5674304704
0.5919586917
0.7900490372
-0.2760486700
-0.4401057677
-1.7359818398
0.0344725071
-1.0570489966
1.0410942997
0.9542122326
1.2698700280
0.4451937305
-0.3859245101
1.0751117582
0.4803907678
-1.0894626874
0.4408135659
0.5466817979
-0.4521751660
-1.4354431767
-1.1597919790
0.1682671234
0.0381762299
1.4747638909
0.3663275647
1.4984048872
-1.5137318388
1.5449453702
0.7600886068
-0.2060858446
0.1744372067
-0.1274271879
-1.5319619316
0.5114835659
-1.2874818803
-0.1288115089
0.2647307274
1.7466069572
0.2370896622
1.6278196382
-2.8064306939
1.4074368826
0.0327971523
-1.7327880060
1.2215670743
1.5842069862
0.7531560859
2.1909289075
-0.1601735365
-0.4271501788
