12 7 0.06
6 0 0 0 1 1 0 1 1 2 1 2 2
6 0 0 0 1 0 2 1 0 1 2 2 2
6 0 1 1 1 2 0 2 1 2 2 2 3
6 0 1 0 2 1 0 1 1 1 2 2 2
6 0 3 1 0 1 1 1 2 1 3 2 1
6 0 0 1 0 2 0 3 0 3 1 4 0
6 0 2 0 3 1 2 2 0 2 1 2 2
4 7
7 6
2 8
0 1
6 3
7 1
1 3
0 0 1 1 0 0 0 0 0 0 0 0
0 1 1 1 0 1 1 0 0 0 0 0
0 0 0 1 0 1 0 0 0 1 0 0
0 0 0 1 1 1 0 0 0 1 0 0
0 0 0 0 0 0 0 1 2 1 1 1
0 0 0 0 0 0 0 1 1 0 0 0
0 0 0 0 0 0 1 0 1 1 0 0
0 1 0 1 1 1 2 1 1 0 0 0
0 1 0 0 1 0 1 0 1 0 0 0
0 1 0 0 0 0 0 0 1 0 0 0
0 1 1 0 0 0 0 0 0 0 0 0
0 1 0 0 0 0 0 0 0 0 0 0
0.3661822280
-0.5032266642
-0.7360323002
-0.0958196329
-0.0599262011
-1.0525880544
0.3286936093
-0.1017605620
1.0209243605
0.2547672479
-0.4775214755
2.4845230711
1.5753548216
-1.6012765890
0.9801792779
0.1081033160
0.0514934607
-0.8541231651
0.7595941161
-0.6549830303
2.1071357681
0.6877472933
1.4931306174
1.1327259612
-0.0981448664
1.0224089153
0.3029074915
0.9390970036
0.5924259497
-1.4844508332
-0.0471232975
1.0839103338
0.1400749610
-0.3718552860
0.1849544599
1.2219219452
-0.8343947350
-0.9506938254
0.1507244608
-0.1228182767
1.1659959206
-0.7589489017
1.6414152539
-0.7051173537
-1.1917221780
1.0553982393
-1.0435857990
0.1399937046
0.0474058190
-1.1757747683
-0.1817164086
-0.1045829273
-0.7229676822
0.4394989998
0.8134171742
-0.5820777360
-0.1681958650
-0.9149505519
0.1009148148
0.6105498442
0.2342895313
0.2438140877
1.4876062396
0.2313482154
0.9115292480
-0.0595030601
-0.8411875306
0.5398622617
0.5727976159
0.1072685488
-0.9764319390
-0.5317716613
-0.6202249124
0.3734446482
0.0082746408
-1.6658890104
0.9078998004
-0.9193374111
-0.2640706783
0.0193314643
-0.8325433460
0.9653584657
1.1126412954
-1.9219704631
1.2189697009
0.0512638100
0.6821604295
1.7916131133
1.0198433973
0.4858182278
1.1832501337
-0.3563401873
0.6557779229
0.1092416669
0.3837519764
1.0588886491
-0.1217890894
0.7238473351
0.2671822080
0.5155162843
1.2719924895
0.6248347507
-0.0088558041
0.5376648727
-0.0089646553
0.2164609439
0.8549568645
-0.0235996516
-1.3900517588
0.6150105557
-0.4425150804
-0.1690845054
-0.4306364454
-1.0845906942
0.1577286551
-0.6144307596
-0.9803350596
-0.1652677303
1.9484066466
0.3725266298
1.0912305169
-1.7376073777
-0.6731843784
0.7576123018
0.8170368590
0.4259104540
-0.5625765801
-1.9875881521
-0.4118056607
2.0349615907
-0.1347124601
0.5538580005
0.2648401506
1.4721944352
-1.1636384242
0.2834066956
0.8160084365
2.3724877163
-0.2268940955
-0.4992403547
-1.2043418145
-1.2155059775
0.0682567662
0.7273703876
-0.2412605344
1.8618567538
2.2912947981
-1.2968045748
0.9351037671
-1.5827705125
0.0599506015
0.7118065700
-0.0367356631
-0.3521515977
0.0128084104
-0.7921379393
2.0995604619
0.7376015709
0.8963880012
-0.4227332179
0.6651955342
-0.0884079485
1.3645632016
-1.1901450619
0.6617545262
-0.3810287568
0.3724756988
-0.8640534204
-1.7162959179
1.0011347023
1.4406390853
-1.1811697748
-1.0415992734
0.4763013460
-0.4135376071
-0.2861571860
-1.5551697600
-0.6465325280
0.4466692176
0.5175817075
-1.3169064680
0.3662781296
-0.0893545449
0.3940670787
0.1013629266
-0.7318007001
1.0964707266
0.7267644903
1.1967654757
0.3608663541
-0.3742884665
0.8461793207
-0.4297770513
-0.4267410043
-0.6623193588
-1.0165784432
-1.5550240522
0.4548416759
-1.4523844731
-1.4143095555
-0.4775750532
0.9382464101
0.6962613750
0.8849060164
0.6900857472
-0.3449749784
0.1292194866
-0.8486196361
-0.2301196442
-0.4657790681
1.3664261846
-0.2662792297
-0.6042708349
-0.3632315826
-0.4939270617
1.5992600256
0.5676271786
0.3339527634
-0.4884125952
0.7936751664
0.3899456756
-1.8686640990
-0.6705007931
-1.0308162555
1.2157140171
0.3423232072
0.9324924318
1.4008254129
1.9021711019
1.0679108803
0.1938297787
1.6814774764
-0.9564883779
1.6287003476
-0.7513508712
0.9590622348
1.1093435841
-1.9200986985
-0.6113197317
1.2854384649
-1.8861589425
-0.3357034798
1.3337067293
-0.5741266516
1.1079793811
0.5927421042
-0.0793853339
0.2201284492
0.8428159760
0.5759657314
-1.0751012033
-0.8149809665
0.3761315323
-1.4415262471
-2.1822091033
0.6167186342
-0.3389642357
-1.2344589156
-0.1194066880
-1.4082186521
-0.5356875387
-1.7914008580
0.5269676111
0.3627001634
0.7831764028
-1.7089221120
0.6242936021
1.1183800832
-0.9391136513
2.7690138024
-1.9903410503
-0.4022908994
-0.2639885179
0.3991760742
-0.3529689026
-2.4305912273
1.1708502708
-0.0172462323
-2.1091064419
0.3201162154
-1.1190622480
-1.7019423251
-0.5006404643
0.1350300456
-1.7074999243
0.9877755124
-1.3137469527
-0.0421536460
