16 2 0.19
27 0 4 1 4 1 5 2 3 2 4 2 6 3 3 3 4 3 5 3 6 4 2 4 3 5 2 5 3 5 4 5 5 6 0 6 2 6 3 6 5 7 0 7 1 7 2 7 3 7 4 8 2 8 3
27 0 4 0 6 1 3 1 4 1 5 1 6 2 2 2 3 2 4 2 5 2 6 3 1 3 2 3 3 3 4 3 5 3 6 3 7 4 2 4 3 4 4 5 0 5 1 5 2 5 3 5 4 6 3
0 5
9 3
0 0 0 0 0 0 0 0 0 1 0 0 0 0 0 0
0 0 0 0 0 0 0 0 0 1 1 0 0 0 0 0
0 0 0 0 0 0 0 0 1 1 0 1 0 0 0 0
0 0 0 0 0 0 0 0 1 1 1 1 0 0 0 0
0 0 0 0 0 0 0 1 1 0 0 0 0 0 0 0
0 0 0 0 0 0 0 1 1 1 1 0 0 0 0 0
0 0 0 0 0 1 0 1 1 0 1 0 0 0 0 0
0 0 0 0 0 1 1 1 1 1 0 0 0 0 0 0
0 0 0 0 0 0 0 1 1 0 0 0 0 0 0 0
0 0 0 0 0 0 0 1 0 1 0 0 0 0 0 0
0 0 0 0 0 0 1 1 1 1 0 0 0 0 0 0
0 0 0 0 0 1 1 1 1 1 0 0 0 0 0 0
0 0 0 0 1 1 1 1 1 1 1 0 0 0 0 0
0 0 0 0 0 1 1 1 0 0 0 0 0 0 0 0
0 0 0 1 1 1 1 1 0 0 0 0 0 0 0 0
0 0 0 0 0 0 1 0 0 0 0 0 0 0 0 0
-0.4033653240
1.2688781272
-0.4135650816
-1.0732170988
-0.8667476129
1.6962450699
0.7877191232
0.5874368121
-0.8320602246
0.1225371485
1.2214459820
-0.1100716766
1.9364119135
0.0672815904
-0.2761001508
-1.3172476987
-0.4755652372
2.4097046790
0.0193162131
0.5017232542
-0.6168664990
-0.7656389908
0.5043255178
1.1281081178
-1.2177891737
-0.7413949755
1.7789201130
1.6752316252
0.0748771634
0.6413680283
0.5596523890
0.1860993535
1.4328111584
-2.2699543025
-0.7867537221
0.8547841751
0.4044542874
0.0745433152
-0.0200690162
0.2508542170
0.4577036765
-0.0171910450
0.6547483593
0.8177023831
-0.4182546834
2.5543973452
1.3392146770
1.3010514894
0.8407349107
0.3882156791
-0.3925593169
-0.0591612247
-1.1013168587
-1.3334097718
-0.3449791331
-0.4744197460
0.4542593793
-0.0734072477
1.2306808952
-0.1484181264
0.3345019348
-0.4542729604
-1.1199970234
1.1621411430
1.5083527902
1.1310916454
0.5952065443
0.0620791844
0.5310434318
0.5658655535
-2.3203008278
0.2838353210
0.6832900634
-0.0585555372
0.3306631106
0.6403878324
1.3368079571
0.0403355364
-0.1550348802
0.4897341191
-1.1062798224
-0.8452482877
-2.1145983998
-0.3665142412
0.2597698905
0.4033755985
-0.2332274165
0.7323928232
-0.8295471573
-1.0697677717
-0.2832840080
-0.5362744213
1.7707647926
0.2797680235
0.0215931403
0.1924829299
-1.2217102990
-0.0936216290
-0.6960952613
0.4349997147
-0.3473907805
-0.1777369353
0.5961732930
-0.2466334098
-1.2827620182
-0.4610467061
1.6541559862
1.1806430301
-1.0392733007
-0.1326913514
0.3966895808
-1.2016727078
0.0365256662
-0.5475337234
-1.3921758476
0.4571771665
0.7322385411
1.5435142296
-1.9432546399
-2.0196203394
-0.5361434851
1.1158972110
0.4925772017
-0.5988432226
0.5862637889
0.1792266483
-1.2181747192
-0.2023141389
-1.0279879219
-1.5882291964
-1.2140166574
-0.4048943581
-2.0981474032
-0.9360879450
1.1197640987
0.4250042820
-0.6138921952
0.7261510609
-0.9765703819
-1.2681265562
0.7144447396
1.2143097705
0.7549907725
-0.0135231446
-0.4413470927
0.1033311287
0.7604619859
0.9023479584
-0.5304430158
0.0478253591
1.1075382426
-0.6024721816
-0.3113225569
0.7661616246
-0.1359016857
-1.1216715672
-0.7678756738
-1.6556151649
-1.0898213037
0.9068884548
0.2390743702
-1.5415167071
0.8325716300
-0.5606739291
1.2343836564
0.0673997684
0.8436688587
1.7979867701
0.8336633691
1.3716800554
-0.4839386712
-1.2716783638
-0.3519722326
1.6545815018
0.3428689380
0.3712117481
0.6640611226
-0.7126987183
0.2442899087
-0.3885855546
-0.9152294966
0.7181981395
-1.2550662473
-0.9336593480
-0.5131045185
-0.5487863253
-0.4068109393
0.8583626026
0.3090647497
-0.1105168373
1.3879742976
-0.6581606177
-0.5270225385
0.1420788067
-1.2089765182
-1.2981659919
-0.0805125533
0.9122907889
0.5571988884
-1.0602438661
1.0849468062
-0.8768245644
-0.2568304357
0.6254212980
0.5276262579
0.0720022570
-0.1123024674
-0.1939042244
-0.5080053420
-0.8078841737
0.9114063930
-0.3064322174
2.1573080048
0.7003599307
-0.5570303984
1.4249591691
0.3669723709
-1.2732343411
0.6436449033
-0.7559594750
-0.7288526779
1.1532412213
-0.0027245737
-0.5044661277
1.5296704410
1.0476779420
0.5008004922
1.8119203324
1.6027164603
1.3546361074
0.5618432493
0.9645714615
0.4654247154
1.2612865114
0.9511054740
-1.6447749682
0.3345453039
-0.3234338299
-1.1698841389
-0.2236807777
-0.2549546948
-0.2236856258
0.8295181795
0.0855298390
-0.2710992632
0.3442489242
1.2852677701
-0.6153942356
1.6247591339
1.0025660192
2.5425746307
-1.4049010482
-0.7921435109
-0.4758896261
0.9780554986
-2.5099959777
0.7415510950
0.9047222130
0.9936018284
0.3467773041
0.3234786204
0.7452462238
1.1986364749
-1.0177056773
0.4946785817
-1.4528146151
-0.5466582654
0.8046554884
-0.4597696873
0.5285545911
0.1937905659
0.5840759831
0.1058776041
1.1604838765
-1.4976401044
1.7550506094
0.1310135245
1.3906979510
1.8345555483
0.8445182084
-2.6368354692
0.3001148247
0.3066124240
1.3075860544
-0.5751074603
-0.6478055787
0.9924527895
0.0354545226
-2.0209754127
0.7083523840
2.1555102600
1.0789295419
1.1999265521
-0.1731041811
-0.1597558004
0.1430718600
0.4723453026
-0.4862342181
0.2549314953
-0.7574428748
0.8751614929
-0.2388321154
0.2319777544
-0.9132229242
-1.4116946531
-0.0765057375
-0.1035091877
0.7802422127
-1.1928187109
0.9464561346
1.2876296198
1.5326200149
-2.4570929424
0.1356523072
0.2969437389
-0.2419362840
0.8536400643
0.8147549174
1.4069275796
-1.1917853215
-1.3641728264
1.0011421388
0.4828081576
1.4054630696
-0.0494480496
0.6210481084
-0.7946214834
-0.5241588534
0.4875591445
-0.5523790127
-0.0471180677
-1.8816803413
-1.4619306008
-0.5353599952
1.1398058079
0.5424346990
1.5191117297
-0.2433980309
0.3265655946
-0.2510880005
1.5078404543
1.8152990349
0.3734710724
-0.1036507465
1.0088196830
-0.7170265627
-0.0767855685
0.0902510499
-0.6238185112
0.1230354457
0.6542217712
-0.0972497992
0.6849928881
0.1625955444
0.6670227783
0.6278721809
-0.1407975212
-0.2418388698
0.8803824241
0.7300284115
-1.5088513190
-0.4626556127
-1.0731117743
1.3665942435
-1.0274134181
-0.9731702305
1.4495381707
-0.1699202708
0.1692673463
-0.4938194757
-1.9389713465
2.0087811794
-0.3355858145
0.3331281892
-1.1257270242
-0.2616690917
-1.2650577644
-1.2171019525
0.9609381376
1.4348039723
-0.7137467877
-0.4960257149
0.6141955979
-0.8341938194
2.1604458430
0.9876587767
-0.4519617352
-1.1512898880
0.0875906831
-1.5549088408
-0.3614958679
-1.7374942573
0.5563515470
-0.3644617270
-0.3663422800
1.5426039774
0.5320882709
-0.3051592167
1.4840344825
-0.4635200042
-0.9602449771
0.3669223702
0.0661848537
-0.2159277573
-1.5754514535
-0.1471558789
1.9363622269
-1.2002245166
0.8214539981
-1.3385557838
-1.7589634188
0.8789581127
-0.8201964562
0.0032220950
-1.4304506614
-2.3584114474
1.6799116348
-0.1434296653
-0.2129695509
0.1529878466
-0.5509404517
0.3043821113
-1.9513167223
-1.2937958544
-0.0477772392
-1.4251962986
-1.1986841686
0.3414676402
0.2905231271
-0.8602379003
-0.9154267307
-0.0614486062
-1.0658513748
-0.9085530538
1.4269185339
0.1557461758
0.1637064499
0.6772481286
-0.4532040127
0.6345033048
0.3993607610
-0.0389836217
0.0200956270
0.9011926167
0.1667323242
-0.8089017723
-0.0489383000
0.3207411585
-0.5803942539
-1.2254192610
-0.5352849121
-1.5932516376
-0.5910203028
-0.4780532934
0.2607274892
1.7636536352
0.5718401974
1.2729507893
-1.2830099429
-0.8458079729
-1.3989161225
0.4681976060
1.4786851816
-2.1050435955
-0.5691426036
-0.3215391880
-0.3502329883
-0.1876574661
0.1368911972
-0.4870989869
0.6228323788
-0.6838088934
0.1979957813
-0.1778340548
1.1133723681
0.3074905306
-1.2902032715
-0.7277883785
-0.3094817289
-0.3321548831
0.6988878747
0.7605605506
1.2459542531
-0.3048887857
0.5282568463
-0.0425512498
0.5267913722
1.0351566045
-0.9641106170
0.3524947784
0.2725838790
0.7276083694
1.3216624899
-0.8137486104
1.9107046355
-0.8753122015
-0.3998302435
-1.1260466165
-0.9834770190
-1.1428411798
0.8610061981
-0.8918693324
-0.5542771348
1.1893525892
-0.8284710953
-0.4384552300
-1.2320610738
0.1981942779
1.2084827854
0.3967024910
0.0651333341
0.1213672142
