13 6 0.01
11 0 2 0 3 0 4 1 1 1 2 2 1 3 0 3 1 3 2 4 1 4 2
12 0 2 1 0 1 2 1 3 1 4 2 0 2 1 2 2 2 4 3 0 3 1 3 2
9 0 1 0 3 0 4 1 0 1 1 1 2 1 3 1 4 2 1
12 0 4 1 0 1 1 1 2 1 3 1 4 2 2 2 3 2 4 2 5 3 3 3 4
7 0 1 0 2 1 0 1 1 1 2 1 3 2 2
9 0 0 0 1 0 2 1 2 1 3 1 4 1 5 2 3 2 4
5 5
2 0
3 4
5 2
2 5
3 5
0 0 0 0 0 0 0 0 0 0 0 0 0
0 0 0 0 0 0 0 0 0 0 0 0 0
0 0 1 0 0 0 1 1 0 0 0 0 0
1 0 1 1 1 3 2 3 2 0 0 0 0
1 1 1 0 2 1 1 3 2 1 1 0 0
1 1 1 0 0 1 1 1 2 2 0 0 0
0 0 1 1 1 1 2 1 0 0 0 0 0
0 0 0 0 1 1 2 1 0 0 0 0 0
0 0 0 0 0 2 2 1 0 0 0 0 0
0 0 0 0 0 0 1 1 0 0 0 0 0
0 0 0 0 0 0 0 0 0 0 0 0 0
0 0 0 0 0 0 0 0 0 0 0 0 0
0 0 0 0 0 0 0 0 0 0 0 0 0
-0.8942485561
-0.6533402308
-1.1639645891
-0.0734440496
0.8539411138
0.9457430046
-0.0292662633
-1.1377147410
1.3407236595
-0.6643542553
-1.5588198976
1.3421392537
0.4619518842
0.3644748816
0.4875921598
-0.4775258688
-0.2007266248
1.2842752719
1.4186721568
-0.1021406838
0.9860219336
0.5066569278
-1.5122863013
-1.9049292715
0.7468411653
-1.4154411968
-0.0213251532
-1.0334121150
0.7716279461
-0.9718564011
-0.0821499075
-1.8230386452
0.6873817706
-1.1577389234
-0.6643751971
-0.8241103864
0.6934188748
1.1719610598
0.7034214362
0.3909453583
-1.9037381249
0.3886855661
0.4594392518
-1.4116121091
1.6575077407
1.0762934005
1.3114069961
1.5399721248
-0.8543791822
-0.6175862268
2.4565600011
-0.1745573729
-0.8317061542
0.0665195121
0.3432055306
0.3503370949
0.6452168016
-0.6575459099
0.0934966517
0.1782910931
-1.0742970866
-0.0946480733
0.1510271127
-1.5730807717
-0.6408631838
1.0708291788
-0.2793175633
1.3045612898
1.0782903171
2.5974865888
0.8837992736
-1.9783751079
-0.9988031043
1.6247981030
-0.5749958626
2.6756206216
1.1511146817
-0.3262482658
-2.1741090793
-0.2043743753
-1.1939066958
-0.3086759929
0.8696537144
-0.5897134354
0.5115441442
-0.0475198241
0.8387340833
0.1026250577
-1.4275124954
0.4380094514
0.6489804289
-1.0524010957
-0.8996056125
-0.0405764764
0.4972222940
0.1528357742
0.1026971611
0.5121256313
-0.4929649598
-0.4727252140
-0.7717405746
-0.3647072240
0.5869639260
1.3834827165
1.3549259024
-1.0310652582
-0.4037499397
2.0057607032
-0.0263734943
-0.0535944743
-0.2764157087
1.0259939055
0.5595132754
-1.3812777349
0.7989428056
-0.0027357652
-0.4755200517
-1.0667131389
-2.1887514752
0.9550852140
-0.0481101414
-0.8338780864
-0.0489609805
0.6599365960
-0.9650012493
0.2742131188
-0.6388798376
1.6319334524
0.5388205041
-1.0299462318
-0.6039977098
0.7894286628
1.5370365529
-0.5060073824
0.4660942660
0.1055181202
1.5911685807
0.6562280427
-0.0805900630
-0.7888580699
-1.7208289879
0.8454459290
-0.9715232798
0.0067213003
-1.8295336613
-0.4339081118
0.8655253119
-1.5804709053
0.7771875357
0.4170467805
2.0944169624
0.6658980213
1.5926061825
2.6097048979
0.0124741122
-0.1881947776
-0.7320359080
1.9742294398
0.4499595152
0.2584253717
-0.6023014814
-1.9976475697
1.4167029994
-1.5604357007
1.1567437884
0.4797818508
0.4365391427
-0.3071081362
0.2311682222
-0.5210912252
-1.4383651885
1.4271028508
1.0344659733
1.0354953398
-1.9590397110
-1.4495920805
-0.5921635530
0.7480316286
0.2328956677
0.4772150435
1.4247208471
2.1837402620
-0.1599607839
0.0423022797
-1.9408368508
0.8570736037
0.6552417872
0.4802708404
0.3706580547
-1.1255911111
0.3658792617
-1.5328488279
-0.6144009826
0.0373500041
-0.7411440779
-1.9220795956
0.8152950831
0.1881565752
-0.8508061533
1.0149724009
1.9144003056
-0.4782934312
0.0314586759
-1.3521744435
-0.3048485719
-0.4313164436
1.1403342740
-0.8391828790
0.0870841339
0.0283269100
-1.6163577923
0.1188439674
1.9394484360
-0.5516329925
-1.0021023861
1.7005799235
0.4994257445
0.2158843198
-0.2755524048
0.8630406227
1.2307238212
0.5130383819
-0.6676191877
-1.1885446356
-0.7755337440
0.2309433713
-0.8890804168
-0.5700898459
-0.9930378052
-1.0317505995
1.3250740626
-1.2555685638
0.7553049706
0.3072812247
1.3232982226
-0.1321276146
1.6393546325
-0.4260230254
0.1782968518
1.1973741257
0.3868698556
-1.6802996189
-0.3623734115
-0.8400768544
-0.5770662216
1.0719469716
-0.2264467755
-0.5024022377
0.3609622419
0.2675940539
0.1614285279
0.5567698066
1.1373092534
1.8049850579
-0.4165732594
0.2564440385
0.9988506367
0.2861532232
-0.0159558007
-1.9220456694
1.2932983304
0.3459344362
0.6536066113
-0.4989188102
0.4133904090
0.3823845971
1.6623006664
-0.0366350719
0.0686626581
1.6916484684
0.7485508432
0.2238905121
-1.2048256289
1.0700577659
-0.7871124798
-1.0284265588
1.0953887706
-0.1142275963
0.2032518974
1.6550180410
0.2574046837
0.2559442198
0.3367979633
-2.3196886004
0.5204485733
0.1342786401
-0.3476871234
-0.7994511773
-0.9553199615
0.3818342972
-1.9522587933
0.0272920718
0.6228262309
-0.3140509201
0.1320291503
1.7151665989
-2.5068801327
-0.8259362497
-1.1260984210
-2.0902139860
-0.1262216354
-1.3035219446
0.1269876517
0.0807369363
-0.4418394970
0.4828424052
-0.3070098739
0.1335815267
1.0005062815
1.8963044540
-0.3364623308
1.7486748010
-0.9824536033
-0.4429656156
1.4767673940
-0.1404660097
0.0391339333
-0.0605223086
-0.1480644771
0.3365858911
-0.1600486151
0.8371398613
0.7052427351
0.5927865834
1.8263161736
0.5649625422
-1.7621337675
0.3696211012
-0.1430962826
-0.6245096275
-1.0649131802
-0.3444800275
0.9403310032
-0.0502360675
-0.2216026001
-2.6660225794
0.0341457652
0.3409159982
