20 17 0.07
14 0 3 0 4 1 2 1 3 2 0 2 1 2 2 3 2 4 2 4 3 4 4 5 1 5 2 6 2
13 0 1 1 1 1 2 2 0 2 1 2 2 3 0 3 1 3 2 4 1 4 2 4 3 4 4
9 0 2 0 4 1 0 1 1 1 2 1 3 1 4 2 3 2 4
16 0 2 1 1 1 2 1 3 1 4 2 0 2 1 2 2 2 3 2 4 2 5 3 1 3 3 3 4 4 4 5 4
12 0 4 1 1 1 3 1 4 2 0 2 1 2 2 2 3 2 4 3 1 3 2 4 2
12 0 2 1 2 1 3 1 4 2 0 2 1 2 2 2 4 2 5 3 1 3 2 3 3
7 0 2 1 0 1 1 1 2 1 3 1 4 2 3
6 0 1 1 0 1 1 2 0 2 1 3 0
12 0 2 1 2 1 3 2 0 2 1 2 2 3 0 3 1 3 2 3 3 3 4 4 2
12 0 0 0 4 0 5 0 6 1 0 1 1 1 2 1 3 1 4 1 5 2 2 2 3
16 0 2 1 0 1 1 1 2 2 2 2 3 3 3 4 2 4 3 4 4 5 2 5 3 5 4 6 3 6 4 7 3
6 0 1 1 0 1 1 1 2 1 3 2 0
6 0 1 1 0 1 1 1 2 1 3 2 1
16 0 0 0 1 1 1 1 2 1 3 2 1 2 2 3 0 3 1 4 0 4 1 4 2 4 3 5 0 5 1 6 1
11 0 1 1 0 1 1 1 2 2 1 3 1 4 1 4 2 5 1 6 0 6 1
12 0 2 1 0 1 2 1 3 2 0 2 1 2 2 3 0 3 1 3 2 3 3 4 2
11 0 0 1 0 1 2 2 0 2 1 2 2 2 3 2 4 3 1 3 4 3 5
0 8
5 5
12 3
7 12
7 0
1 6
5 2
3 8
11 2
7 10
4 7
14 3
5 0
12 3
0 2
10 7
12 8
0 0 0 1 0 0 0 0 0 0 0 1 1 0 0 0 0 0 0 0
0 0 1 1 1 0 0 0 1 0 1 1 0 0 0 0 0 0 0 0
0 0 0 1 0 0 0 0 2 2 2 0 0 0 0 0 0 0 0 0
0 0 0 1 0 0 1 1 1 1 2 1 0 0 0 0 0 0 0 0
0 0 0 1 1 0 0 1 2 3 1 1 1 0 0 0 0 0 0 0
0 1 0 1 1 0 1 1 2 3 1 0 0 0 0 0 0 0 0 0
1 1 3 3 1 1 2 1 1 1 2 0 0 0 0 0 0 0 0 0
0 1 0 0 1 2 1 1 0 0 2 0 0 0 2 1 1 0 0 0
0 1 0 1 1 1 1 1 0 1 2 2 1 2 2 2 1 0 0 0
1 1 1 1 1 0 1 1 1 2 1 1 2 2 1 1 1 1 0 0
0 1 1 0 0 0 0 0 0 1 1 1 0 1 0 1 1 0 0 0
0 0 1 0 1 0 0 1 0 1 2 0 0 0 0 0 1 0 0 0
0 0 0 1 2 2 0 2 2 1 0 0 0 0 0 0 1 0 0 0
0 0 1 2 3 2 2 2 2 1 2 0 0 0 0 0 0 0 0 0
0 0 1 1 3 2 2 1 1 2 1 1 1 0 0 0 0 0 0 0
0 0 0 2 3 1 1 0 0 1 0 0 1 1 0 0 0 0 0 0
0 0 0 2 1 1 1 0 0 0 0 0 0 0 0 0 0 0 0 0
0 0 0 1 1 0 0 0 0 0 0 0 0 0 0 0 0 0 0 0
0 0 0 0 1 0 0 0 0 0 0 0 0 0 0 0 0 0 0 0
0 0 0 0 0 0 0 0 0 0 0 0 0 0 0 0 0 0 0 0
1.4991750470
0.3409239227
-0.3252393486
-0.3091447678
-1.2154556120
-0.4371460637
0.8860766370
-1.5546087800
0.3101345922
-0.9006186887
1.3702347075
-1.8971147723
0.4385376810
-0.3515855238
-0.7284637411
-0.5049299310
0.6132030142
-0.3995964645
-0.0111158617
-0.2880036194
0.8052306699
-2.2800499510
0.6029544223
0.5853173112
-0.5284346303
2.9956819006
0.0997929765
0.3664785134
0.3475217718
0.2566782671
-0.5727298208
-0.2664813136
-0.0101790173
1.4800854947
-1.4670437456
-0.6290196895
-0.3544319665
-1.0769461909
0.4553386072
0.7073231713
-1.7961451208
-0.3790004303
-0.3995974952
1.1279985626
-0.6559856846
-1.5321271383
-1.4707776906
-0.3588655060
0.7709304344
0.2991604416
0.1792094099
0.3103787258
-0.1596883815
1.3472925712
-1.6730218489
-0.0080451212
-1.6786006734
-0.5474784327
-0.6384980620
-0.3458102868
0.0486007125
0.7395887112
0.2604216453
-0.1218819925
-0.4038832932
0.0963089581
-2.1190615585
0.6643447487
0.5781014296
0.3111555702
-0.6773349677
0.0716702308
0.7528417950
0.1778363095
0.1563832609
-0.0926245588
2.2658491994
0.1230854525
-0.3634362097
0.1627066535
-0.0404527133
1.5108944753
-0.6235884236
-0.7562752715
0.4439749425
-0.6049976408
1.5071647023
-0.2480314420
-1.7098246126
0.7755469407
-1.0416476427
0.3875750428
-1.6501114282
0.0005166983
0.6720827575
0.1728904330
0.1329513226
0.3685411400
-0.3681837549
0.1582167325
0.5690817550
0.9036811168
-0.7802981625
1.1398592159
0.7300718280
0.7517001081
-0.5648464171
-0.9734335342
2.2183917244
0.7143134401
-0.7033289595
-1.7633472892
-0.8201424404
-1.3493785583
2.0299867828
1.4593172585
0.5581188194
0.7388208467
-0.9821116119
0.1381697464
-0.9020450229
-0.0905853994
-1.0867890532
-1.8946414130
-0.0924970759
-1.9649937637
0.9982756367
0.2441825875
-1.4941453851
0.0521221087
-1.9221360257
-0.0977206316
-0.8619363343
0.8662385462
0.0094136840
-0.4666469681
1.1579386461
-0.7175024558
0.9728915068
-0.2070533558
-1.3179771230
-1.0974660268
2.0236401729
2.4308037927
-0.1789752544
-0.9349764152
1.1833771378
1.4287077874
1.7455992129
1.1144688613
0.8031211521
1.2118032590
0.6557316658
0.7597215604
-0.1752580038
0.8160385942
-0.4540066400
-0.3609820873
-2.2292914215
-1.2403390903
-1.9091105891
1.1663359333
2.0168369601
0.6008075542
-0.5137920110
-1.0817643595
0.4197224398
-0.4893718781
1.7995731449
-1.6681906064
0.2228363753
-1.4976780529
0.3217393273
1.3778886668
0.5741032157
0.2089314546
-0.5545869899
-0.0824123122
0.5267395436
-0.7441775333
0.3863821805
0.8253834111
1.6224554198
-0.1095230794
0.3267148227
0.0643412706
1.6745489186
0.3375130953
-0.7475757044
-2.4119275013
-0.1287738016
-0.2931041401
-0.9298392684
-1.9423945283
0.2283984144
0.1343417256
-0.2821161157
-0.3783243069
0.3697350014
0.6880640575
-0.6947737457
1.0440738913
0.9230257385
0.0030273903
-1.8111045144
-0.9132206933
0.1390623196
2.3440004164
0.3827324397
0.1521281177
-0.0175346570
-0.3017143362
0.1138940597
-0.3727384258
-1.6640589387
0.9993184030
-0.7581581828
1.0148668376
-0.7394528852
-0.4203159203
0.1454205542
-0.3885088390
0.2898997552
-0.1520065252
0.0463785858
0.7493826832
-1.0129181335
-0.8256449070
-0.2229509101
-0.1931722116
-1.6637450462
2.0822812407
0.2034560580
0.9793460238
0.5858066382
-0.4433390428
0.3058055339
-1.7023356220
0.2620427921
0.7477537752
-0.9122932012
-0.0314873004
-0.6559195417
0.1475167353
-0.8589544804
-0.1436160590
-0.8822103035
0.9024544270
0.4287979408
-0.0419480076
0.5447628916
1.4108874703
0.8458594671
0.6089439150
0.7067180717
0.4580746619
0.0225239813
1.8279435924
2.1118700461
1.1375407496
1.0845867260
1.2227624186
-1.8151868378
-1.1995304012
-0.7408860014
-0.9652306279
0.4587258065
0.6472351767
1.7708178148
1.0134024801
-1.0917321484
-1.2267016973
1.8315150457
0.5199970291
-0.2535419302
-1.3297127667
2.0075527824
2.3666060180
0.2488484410
-0.0167804598
0.3947161593
0.6676205437
-0.2634325799
-0.1655859297
2.2068314426
-1.7866916149
0.2913304475
-0.9787138005
-0.1104569198
-2.1568022817
0.5211079710
-2.8722961027
-0.9440623082
-1.0703101665
-0.1610791690
-1.1190339106
-0.2447010352
2.1235551242
0.4694287951
1.3001879452
-1.4809225422
-0.0789061795
-2.0621681111
0.0710008537
0.2434905320
1.7280599777
0.6016853084
1.7516236449
-1.1951966652
0.3513396684
-0.4731197795
0.6340526940
-0.7231998890
-0.6012841649
0.1284201296
0.2257014189
0.8371368839
0.1398715765
0.7773100558
-0.1859108119
0.5431992232
1.1743386312
-1.7379282095
-0.1424347149
-0.1393254904
-0.0089712858
-1.8581141893
1.9725620653
-0.4674489414
-1.0037402657
1.2379007955
-0.3394926205
1.1775674594
2.6384418519
-0.1641870076
0.6925566604
1.7536988750
1.4990701196
-0.9760751501
-1.5962542114
-0.7143944229
0.3593304000
0.8186026564
-0.3915777732
0.0287429818
0.8376654490
0.9348793249
1.4455698165
2.1891410696
0.3829185126
-0.3142663892
-2.0102384274
-1.3422828551
0.4707765139
0.0953290035
-0.0172007139
1.0142775462
0.4972682510
-1.6861304125
-2.5148505066
0.2538430474
-0.4059491935
-0.9983006078
1.3990551287
-0.3510583191
-0.6671625456
0.4019570277
-0.4826219946
-0.8765252514
-0.4988862841
1.7045163404
-0.8951618532
-0.9673249595
0.2389686958
-0.5772625724
-0.0240855987
-1.1283889298
-0.6473783813
-0.9149508833
-1.5515767203
-1.1762252718
0.4178799274
-1.4726877891
-0.9972792244
0.6143536920
0.6358636244
-0.6170346455
-0.8947408525
-1.6377570258
-0.4511834014
0.2631209676
-0.4614137856
-1.5321629481
0.5873042234
0.1812916519
-0.9743327847
-0.0575364868
0.0773368892
0.3077361746
-1.0022666666
-0.4906072440
0.6914680558
1.1675537123
0.6219667395
-1.8148519864
1.3032230028
0.0465092120
0.1141871340
-0.8249617359
-0.9682120604
-0.3484309157
0.1892369088
-0.3930307945
-1.4807789177
0.9209932171
-0.0329766684
-2.7410930155
0.5374717290
1.0205421308
0.0368292675
0.8166298822
-2.3486865289
0.4036906456
-0.3978685449
-0.2394676799
2.2206731913
0.4185167854
0.6254882924
-0.6728788819
-0.1000282557
-0.5879998200
-1.3272347043
-0.3568861577
0.2827013680
1.2920756087
1.4934652030
-0.0676103311
-0.5689921178
-0.0257065392
-1.1491894208
-0.0198725398
0.1225604716
-0.0329875466
0.4499693760
-1.0509920443
0.8220174633
-1.3710895220
0.3587118689
-0.1941509135
-1.7458000494
0.8239445478
0.3906279931
-0.2408284914
1.0676187363
-1.0727315050
0.5340776345
-1.0739071324
-0.4564368019
-0.4923466303
-0.4810704427
-0.7047004356
-0.9390961215
0.4586058677
1.1785575765
0.4651679091
-1.5334250047
-1.0362142638
0.8093630723
1.4108420650
0.1980042590
-1.3597717873
-0.6208163855
0.3346626651
0.0494131529
0.7090053318
1.0798039058
-0.8013188665
-0.9235563640
2.0072232269
0.7099660698
-0.7960751453
-1.4595972959
0.4843814605
1.6370084582
-0.1790759608
-2.0069806569
0.3227821349
-0.2536596588
0.7288317070
-0.3454891126
-0.8783837433
0.0287196013
-0.9122881758
-0.3191624199
-0.2469204424
-2.3561912341
-0.0508205758
-0.4441757942
0.0301102733
-0.0355685934
0.9226236768
1.5521554908
-1.4589025688
-1.9880565556
-0.4151090919
-0.2730514456
1.3943310819
0.8698504651
-0.0670325003
0.2412342871
-1.2273207608
-0.2602942560
0.7302529803
-0.7117064062
-0.8334189817
1.2303771866
-1.1733418580
0.4807681340
-0.2791941628
0.9154212112
-0.0833915019
-0.3096998156
1.1161036573
-0.0021984513
0.0454916578
-1.1187149944
0.4378663583
0.0807405165
0.5094392769
1.4582578617
0.1320882288
0.8504573596
1.3859481393
0.7789101356
-1.8038398389
0.3505313736
0.5545559851
0.4384312865
-2.5408411804
0.1684446149
0.2054747204
-0.6239889771
0.9489276093
1.1719789788
-1.5358754961
0.0137683881
-1.3126455591
0.2375899517
0.6282889871
-2.2962995328
-1.0273349918
0.2409978551
-0.6298044552
0.6916716854
-0.7928989772
0.1813343188
1.1393706080
-0.0386622609
-0.4016532333
1.4604205498
1.3919486299
-0.4421265081
0.4268430474
-0.5381935735
-1.8798347698
-1.9190546306
-0.8424152163
2.1985069284
0.1108150021
0.1035011418
-0.7796416729
0.7725070132
0.9868500473
-0.9701633266
-0.0735420395
0.5252855878
1.7718650849
-1.0590485092
-0.7916720335
0.4789399982
0.6126581345
-0.4886189838
1.0052739946
-1.1667065355
0.1138783259
-0.6691512371
0.7007628273
0.7062019582
-0.5294814673
-0.6334378100
-0.0462447939
0.1321639707
0.4194832870
1.2881596343
-1.3907987261
0.5323572432
0.3099619143
0.7214124078
0.1644301450
-0.3130023578
-0.0976920680
-0.2342496615
1.4061752997
0.6394049939
1.7063090085
2.3009225706
0.4050838007
-1.4826155586
1.4401904776
-0.2186043374
-0.1317425845
0.1726437161
0.5514007047
-1.4229911240
-1.6357340019
-1.0411541900
-1.3977836649
1.0904303992
1.6185767365
0.0832899521
0.1136133362
-0.0731005453
-0.5082633974
0.7470009540
0.3804606329
0.6175941433
-0.4170159036
-0.7544993523
0.4158145218
1.2577529658
1.2615806602
-1.5929328539
1.2847883265
-1.7012542908
-0.3477830837
0.7162046062
0.9436843487
-0.3038806282
-0.6943986941
0.2724418219
-0.7055718734
0.1699764213
0.4579360601
0.6612281970
0.0383569299
-0.0653746461
1.1825516346
-1.3094494365
-0.0175399902
-0.2632950285
1.2699717404
1.4077979944
-1.1308755936
-0.5944334083
0.2933349048
1.3487197261
1.5152200940
0.0333000342
0.4794178050
0.7606178701
0.0767596158
0.1140905639
-0.9012485458
1.4377640182
-0.6164663219
-0.6762926795
0.3323904868
-0.7067706451
1.2802951252
1.9835360340
-2.4360053738
-0.7252283411
0.0988469153
0.2322494031
1.9372229660
0.8877776833
-0.3188860926
0.4934100001
-0.1773423176
-0.1028351285
0.2167916364
0.2904628985
-0.4944551926
1.7618754747
-2.1068050709
1.0696545509
-1.1810422255
0.0250944962
-0.4392891332
-0.2517375036
-0.5647889307
0.3483134597
1.4895284195
-1.6502329341
-0.9434394944
1.3436283256
-0.5826532901
-0.2837919356
-0.0683516530
2.0656932595
0.2417096047
-1.2866358085
2.0210774984
-0.6805873098
-0.6250533662
-0.4907120378
-0.8389584628
-0.5933911950
-0.2813196240
-0.1411627874
0.2177932825
1.2447411493
-0.1651025008
1.4918438648
0.5464910818
-0.5550286184
0.0240844601
0.8445539445
-0.0556492949
-0.3087031622
-0.8972635627
-0.2112465526
-0.1307667397
-0.9044838998
-0.0234657482
0.7483057843
-1.7372296792
-0.4502180887
0.1578213582
2.6109297695
-0.6493061675
-0.6994419792
-1.9067733283
-0.3380190835
0.8193882468
0.3422626437
1.3291789040
0.2721960723
0.2957688443
-2.5110861475
0.7125805102
1.4812985291
-0.3411732992
0.5965855023
-0.0825718356
1.3165035650
0.4435431692
-0.9075418156
0.9722271088
0.0995940774
0.0757742393
0.1406292870
-0.8424022212
-1.8078222602
0.0373140094
0.5328900655
0.5074054086
1.4829048647
1.1567933747
1.3180903343
-0.3750763188
1.9412472800
-1.2612446939
1.1340567058
-0.7808118146
-0.9354824195
1.1367261503
-0.9962468058
-1.1398565343
0.6405670317
1.7811932725
-1.6710614811
-1.6204363748
-1.4041174964
-0.8335616880
-0.3604981038
-0.5777923610
0.5233138964
-1.0533603199
0.6981317492
-0.0160040821
-0.5428111516
-0.4156281940
-0.2785804385
-0.7597923690
0.0011607686
-2.1438563099
-2.2017688283
1.8641153022
0.6666809866
-2.0881978029
-0.5019374496
-0.7687892277
-0.4543416665
0.3912094403
-0.4391921893
0.0291853692
-0.0603060561
-0.4185350327
-0.0243605221
