12 4 0.10
8 0 0 1 0 2 0 3 0 3 1 4 0 4 1 5 0
7 0 1 0 2 1 1 1 2 2 0 2 1 2 2
6 0 1 0 2 1 0 1 1 2 0 2 1
7 0 0 0 1 0 3 1 1 1 2 1 3 2 1
1 0
4 5
7 7
1 0
0 0 0 0 0 0 0 0 0 0 0 0
2 1 0 1 0 0 0 0 0 0 0 0
1 1 1 1 0 0 0 0 0 0 0 0
1 1 0 0 0 0 0 0 0 0 0 0
1 1 0 0 0 0 1 1 0 0 0 0
1 1 0 0 0 0 1 1 0 0 0 0
1 0 0 0 0 1 1 1 0 0 0 0
0 0 0 0 0 0 0 0 1 1 0 0
0 0 0 0 0 0 0 1 1 0 0 0
0 0 0 0 0 0 0 1 1 0 0 0
0 0 0 0 0 0 0 0 0 0 0 0
0 0 0 0 0 0 0 0 0 0 0 0
-1.3867832363
0.1161389117
-0.1539193828
0.8583096091
1.5553923810
-0.0253456402
-2.0777219377
0.7825518622
0.2409776979
0.4285947732
-0.6861732870
0.3612047660
-0.4550168898
1.0319628332
1.1194257458
-1.7765823019
1.5701189457
-0.8384067272
-1.6886809301
0.5593087961
0.1265453045
0.7118798317
-0.4352614741
-1.3334276500
1.4318885077
0.0578423307
-0.4583740433
-2.0290116985
2.1057672485
-0.4615764101
0.4352799361
-0.8868578457
0.0649546213
-0.5808579334
-1.7199334320
0.7805705925
-0.8764717717
-0.8334177968
-0.4683677656
0.0910519259
1.6735166559
0.6425444644
-0.3548014645
0.0768635471
-0.4751932748
-0.7283626516
1.8988389322
-0.2364120993
0.0224751006
0.8220241126
0.0768007441
0.4088049921
-0.8270291568
-1.2600940291
-0.8508264491
-0.0357213767
0.1560241096
-1.7058855559
-0.6436862023
-0.9226966881
-2.2400315914
0.4098587234
-1.6075012522
-1.2595186397
-0.9820649617
-0.0836509397
0.0474920218
-1.6716716982
-1.5321704919
0.4360663660
-1.2554223319
-0.6611983955
0.5224371887
-0.0134791537
0.5290567868
-2.0274961951
1.0269833679
0.6555193948
1.1629979539
-0.5427659347
0.8187020518
-0.6436767704
-1.7148181963
0.7323266729
-0.1859441014
1.8885753756
-0.5888271242
-1.0670857727
1.2644184539
0.0773721197
-2.2360378924
-0.1644486888
-0.0437811155
-0.7652559202
1.5297067039
2.8955052279
1.2920035641
-0.5462428329
-0.0177797298
1.7252090812
1.2316027211
-0.1561080296
1.4507572410
1.7889744444
-0.6487994456
-1.2026237282
-1.0430114043
-0.0616439624
-2.2560938997
-0.6390204187
0.8858313753
-1.1805561900
-1.4571812500
-0.5340323253
1.3395785591
0.5674319442
-1.2301468678
-0.0915440997
1.0850349531
0.0909690890
-1.7526501222
-0.9756208471
0.2040511706
-1.0336002952
-1.0039190876
0.1533916379
1.2470650101
-2.5798981070
0.2519125645
-1.1074599585
1.3117866834
1.0099295213
-1.4902934180
-1.2549097733
-1.2222005127
-0.3717583714
0.5621796788
0.1375201971
-0.1340838499
0.1280160029
0.9487734032
-0.4232039666
-1.3742745742
0.3187589240
-2.1790960400
0.5110188854
0.6273631866
0.6255412561
0.8090173569
-1.2676254965
1.0128292393
-0.3880727534
1.6459574864
1.1029626605
-1.6131858687
-0.5326487275
1.2171937556
0.1950137558
-0.7968661937
-0.6342936712
0.7751220019
-0.4422760116
2.4708624757
0.5113663678
0.2134664611
1.8122362996
0.5504340483
2.1491984830
0.0384945488
-0.4384012893
0.4293380165
-0.8836524641
2.3201682947
0.5897601428
-1.4110926478
1.2083002602
-0.1059346716
0.1216978598
0.4515444068
-1.7788863007
-0.3004148098
-0.1963018815
0.1882232664
0.7278305489
0.5355673069
-0.8730682011
1.0212024029
0.3783206975
-0.8750339062
0.5880981144
1.2764043167
0.8309753590
0.4827311772
-0.4369327014
-1.6549254751
0.0888265189
0.6943794182
0.1393270414
2.0087164632
1.4648361227
1.0213652468
-0.4132616338
1.3793373705
0.8709478355
1.0913881849
-0.8935524248
1.3894914122
0.8184554532
-1.0681009612
0.0912295666
0.3199313545
1.3202757150
1.2804048647
1.1593864979
1.1021893375
1.0805448149
0.1036971115
-0.0123882422
-1.2673351077
1.0800754300
1.2161579708
0.3194667824
0.9232197396
0.5978297378
1.0724409641
-0.3600750320
1.0542844307
0.0231273152
0.9790050125
1.2586080651
-0.7747666052
-0.0365466027
1.0639362410
1.1416104627
0.7619241588
-0.7408300742
-0.0530822605
1.7147056757
1.1218943565
0.5592326157
-0.4412280840
-0.2461519742
-1.4095996344
-1.3519101243
0.5564873306
-0.6423169178
0.3421262312
-0.1311665030
-2.0790829129
0.7730961459
0.5355744769
-1.7230309201
1.3534843383
-0.2743787054
-0.4266862477
-0.1716811346
1.4316980903
1.4821593622
-1.2987630670
1.4396945805
-0.8710555972
0.6459691131
1.0555962967
0.4498642115
-0.4166070476
-0.6575108854
-0.5292593428
0.4023418982
0.3983399197
-1.7453850123
0.0732990894
-1.5600537036
0.3560250378
1.3119232152
0.0623557441
1.4583336926
-1.1393351971
-0.0252230289
-0.8231047345
0.3760793383
-0.3166518290
-0.5251774994
0.9233999587
1.1598082334
0.0204850598
-0.1954143498
-0.7384279422
-0.4109218938
