13 5 0.11
11 0 1 0 4 1 1 1 2 1 4 2 0 2 1 2 2 2 3 2 4 3 1
21 0 3 0 4 0 6 1 3 1 4 1 5 1 6 2 0 2 1 2 2 2 3 2 4 2 5 3 1 3 2 3 3 3 4 4 0 4 1 4 2 5 2
14 0 1 0 2 0 3 1 1 1 2 1 3 2 0 2 1 2 2 2 3 2 4 3 0 3 3 3 4
14 0 4 1 3 1 4 2 0 2 1 2 2 2 3 2 4 3 0 3 3 4 3 4 4 4 5 5 4
20 0 0 1 0 1 1 1 2 2 1 2 2 2 4 3 2 3 3 3 4 4 1 4 2 4 3 4 4 5 1 5 2 5 4 5 5 5 6 6 4
4 6
5 0
9 3
2 5
1 2
0 0 0 0 0 0 0 0 0 0 0 0 0
0 0 1 0 0 0 0 0 0 0 0 0 0
0 0 1 1 1 0 0 0 0 1 0 0 0
0 0 0 1 1 0 1 0 1 1 0 0 0
0 0 0 0 1 2 2 2 1 1 1 0 0
0 0 0 2 2 2 2 1 2 0 1 0 0
0 0 0 2 2 1 3 2 3 2 2 0 0
1 1 1 1 1 1 1 1 0 1 0 0 0
0 1 1 1 1 0 0 0 0 0 0 0 0
1 1 1 0 1 1 1 0 0 0 0 0 0
0 0 1 0 1 1 1 0 0 0 0 0 0
0 0 0 1 1 1 1 1 0 0 0 0 0
0 0 0 1 0 0 1 1 0 0 0 0 0
-0.1843465828
0.5052987137
-1.2841556693
-0.2099456061
-0.0919629947
1.7027154137
-0.4568563455
0.1408836814
-1.1775656518
-1.1128286792
-1.1806102406
0.5351034724
0.5017845863
2.3552864767
-1.1238972595
0.5316643896
-0.7308558279
0.1574795269
1.1048176378
0.0736111964
-2.6579297190
0.3545224700
-1.4955639895
1.2556961910
-1.0117406683
-1.3157448130
0.2108250393
0.7709723160
-0.6220189710
-0.8571742811
1.2991835360
-0.3519778455
1.4233577872
0.7444611418
1.3544376395
-0.2263511716
-2.3289435040
0.3773731397
-1.0382323568
-1.9324564073
0.7571544430
-0.4724903338
0.8220828534
0.4298770765
0.4511991356
-0.5962127584
0.2626870453
-0.6294295186
-0.6392938733
0.0197354253
-1.0235498899
-1.0132668814
0.2810816448
-0.3596742307
0.2860934040
-0.1890068716
-1.0007461811
-0.5414667766
1.5570556328
-1.0798925548
-0.6369179063
-0.5226621129
1.9793956068
0.9213038604
-1.1119964515
0.5353720166
-0.5020966748
-2.2402046782
1.4325032217
0.3677408355
-0.5823295425
-0.6263204073
0.4242607423
-1.1808243957
0.0967992751
-0.6889148272
0.0040332781
0.5695176010
-1.4578882129
1.6644713988
1.0677240379
-0.7581497823
0.4583553493
0.1447000135
-0.7332038699
-0.3488798300
0.6970158833
-1.0594617983
-0.0385192323
-1.3023415965
1.3480188767
0.0721658361
0.5804047570
1.7811952775
0.2759128452
-0.0787113716
-0.5260167276
-1.1463292243
-0.3212184918
0.5420319824
1.3663926544
0.2555274277
2.4185641940
-0.1703945706
2.0525240423
0.3173450192
-0.4892959336
0.6637765745
-0.7246292474
1.2963618998
-0.9992400764
-1.2488753670
-0.1919923866
-0.6800284318
-0.5547334420
0.4774887928
0.0091780668
-1.7155561126
-0.7522177334
0.2269119221
0.0362130001
-0.0359670603
-0.9422176264
-0.3234980906
-0.7154719002
0.0475753271
0.9317611873
-1.2729095248
0.6472629602
-0.0061888213
0.6836149309
1.8303040805
-0.2918778999
0.5907724190
-0.2406326299
0.6471852710
0.7230314167
-1.2828128667
-2.3059589143
-0.1463572998
-0.0670676598
-1.0311240584
1.7675932773
0.7008948840
-0.3401068821
0.6952510833
-0.9283682684
-1.8906624654
1.4762179359
-0.6138341756
0.7054794169
0.9873390051
0.2152922375
0.0699400386
-0.8154741080
-0.4703426447
-0.0463113429
1.0239589249
0.3672467714
1.0343823360
1.1441978148
-0.2829135590
1.0063993648
1.7090788117
0.4307479541
-0.2424119142
-0.3819402122
1.6263964547
0.8141236659
-0.3207381799
-0.5823094365
-0.4996679460
0.5526819787
0.4570967394
-2.0930415213
1.0298066990
-0.5974328934
0.6997945822
-0.7365610457
-0.8292112541
-0.1878639910
-0.5989866166
-1.0677092929
1.3047768768
-0.5881468350
-0.9808437555
0.0842258429
-0.1410612438
2.3110427944
-0.2539770620
0.7693483734
-0.3809377488
1.1974673800
-0.6210371519
-0.2381645701
1.0719626721
1.5041119967
-0.6083976746
1.4170127156
-1.3022505684
0.5573179783
0.2657253444
1.7557682568
-2.0686165438
0.7334700678
-0.6116525414
0.7199572359
0.5956876564
1.0299727334
-0.7464718568
0.4793418413
-0.2084586894
-0.6115117024
1.9570738918
0.7362105025
-0.8336873556
-0.4025495688
-0.8629561144
-0.7152233021
1.7612831117
0.3011852574
0.9118904213
0.1026098277
0.2031056594
-1.1738780907
-0.2251866810
-1.8081510101
-2.2320558938
0.3077703887
-0.5562030702
-0.1738499661
0.5586675879
0.6308762640
0.8290511118
1.1029382750
-1.3681245178
-1.1636267748
-1.5653742139
0.3873861909
0.3753619318
1.5934171503
0.6094196126
0.2420637398
-0.5809123216
0.1488640210
0.3444978102
-1.3107932831
-0.3594329527
-0.3496583571
-0.2255101254
0.4608230273
-0.1001679782
-3.1460315416
-2.1896661467
-1.0973010106
-0.4879288146
0.0957207243
-1.0267168528
0.6403571333
-0.2418217559
-0.4751199960
1.1942991687
-0.3922894373
0.0207738595
-1.6738953519
0.5724778632
-0.5766893837
0.4929465662
-0.2363068714
0.5384101327
0.7579428983
-1.8098021846
0.0917776571
-0.3664317744
-0.1791165001
0.1298590416
0.4203712036
-0.2401783688
-0.5501036938
1.2217328153
0.1024749385
-0.0276472531
2.0087295644
-1.1182685294
1.9769927601
-0.8991843853
-1.7269438982
-0.8644999838
0.0813943696
-0.1804880786
0.6703402754
0.6659375411
-0.4829188116
-2.6325775646
0.7090991924
-0.9595262841
-1.3747991424
0.2183840055
1.1238885406
-1.0085840162
-0.5876443953
0.4654527913
0.0031113663
-0.8789030334
-0.7498676846
-1.0633037248
-1.6715155913
-0.9047459652
-0.8545331893
0.3721508329
-0.9009165163
-0.2732617799
-1.2775754910
1.2685068701
1.1030077752
-0.3814899488
-0.2563646041
-1.6950778675
0.1047546632
-1.7260803168
0.0375885032
-0.1310804859
-2.4447362294
-2.1071773534
-0.5708903453
0.1816440238
-1.7201005386
-0.6349115997
0.2646319041
0.1574459649
-0.2043449967
0.4686555777
0.6000764045
2.3316662736
0.1067701906
-0.9176431921
-0.3736381571
-0.1358244896
