11 5 0.02
12 0 3 0 4 0 5 1 1 1 2 1 3 1 4 2 1 2 2 2 3 3 0 3 1
12 0 0 0 1 0 2 1 1 1 2 2 0 2 1 2 2 3 2 3 3 3 4 4 3
11 0 0 0 1 1 0 1 1 1 2 2 1 2 2 3 1 3 2 4 1 4 2
11 0 2 0 3 0 4 0 5 1 2 1 3 1 4 2 1 2 2 3 0 3 1
10 0 2 1 0 1 1 1 2 1 3 2 1 2 2 3 0 3 1 4 0
4 2
4 4
4 7
4 1
5 0
0 0 0 0 0 0 0 0 0 0 0
0 0 0 0 0 0 0 0 0 0 0
0 0 0 0 0 0 0 0 0 0 0
0 0 0 0 0 0 0 0 0 0 0
0 0 0 1 2 3 3 2 1 0 0
0 0 1 2 2 3 2 1 1 1 0
1 1 2 3 2 2 1 0 1 1 0
0 2 3 1 0 0 1 1 2 1 0
1 1 0 0 0 0 0 1 1 1 0
1 0 0 0 0 0 0 0 0 0 0
0 0 0 0 0 0 0 0 0 0 0
1.6117743175
0.3941330673
-0.8477206067
0.0304176871
0.4195676325
-3.3084860987
0.0025566083
1.0627617329
-0.4599684775
-0.1934226981
0.9893268808
0.9585728045
1.6205734911
-0.1897658553
0.4859590020
1.4219859741
-1.4051846875
2.3150348837
-0.3161352113
-0.9755212388
0.4777736921
1.0763988343
1.4698564823
-0.0970265861
-0.9599658532
-0.4898649467
0.8324043005
-0.5856254050
0.2620493112
0.5525659494
-2.2393445649
1.6152849520
0.9568781014
-1.7284301003
0.0041988495
-0.1056740870
0.1491418949
-1.9291502612
-0.2600803673
0.2772861760
-0.4882072495
-0.2628461563
-0.6781439841
-1.0740611219
-0.3211262804
1.1977600907
-0.1971035610
0.9704850669
1.5840419609
-0.6150334166
0.0264517099
-0.8589911977
-0.4250847116
-0.3952379188
-0.2390427451
-0.3669069903
-0.7719903748
-0.9768304790
1.5389815300
0.0286847400
1.2619258744
-1.4967587879
-0.8374082927
0.0156673644
1.1882764666
-0.4914284200
0.6640048100
1.8887345140
1.3762429054
0.4908440318
1.1013596248
0.0211356787
3.2060957026
-1.6346266597
-0.2058907160
-0.9083452084
-2.1353653411
0.0878315373
1.6576877502
-1.0932635754
0.3296478010
0.5445043558
-1.5033014183
-1.2248080373
-0.2449856293
0.3891485829
-1.8467540596
0.0592132137
0.0618335488
-1.0051006504
0.5985292595
-0.7486969058
-1.4634072827
1.3524076338
0.3814759063
-0.9992037945
0.4328489509
0.3089952514
0.0792923614
0.1734274977
1.1819014479
0.2319055244
0.5721515014
-1.7502594429
0.3973096089
-1.6600978004
-1.1782334780
0.9145383825
-0.5584787311
-0.2907505685
0.1548119534
1.6937305988
-0.9258052141
-0.9773119082
0.2481573674
-0.6377405780
1.9553315537
0.9564031362
-0.0785842215
-0.8749826828
1.5061158249
0.0458766196
-0.4926662315
-0.4966473663
-0.3193910601
1.6426789837
0.2888347902
1.7911116529
0.4408311208
-0.5176302639
0.1554463391
0.4577150362
1.4281968011
0.1429994664
-0.2559554152
0.1658690891
-0.6570427436
-0.1112761321
-0.1204531598
-1.9979385254
-0.8683761065
0.7021978694
-0.5732853357
-0.6304255870
0.1204756921
-1.3829039405
-0.4476991013
1.5259269423
0.5779892540
0.6650443799
0.3832246007
-1.1019127516
-1.4412925832
-0.3776761708
0.5255929270
1.1129886798
-0.1363641369
0.4241232376
0.8979149751
0.5814479208
-0.0546081725
0.8024839524
2.0189306916
0.9517093278
1.1647834919
0.1738884743
-0.4910627957
0.0285139235
-0.6959598957
1.2751712058
1.2047638937
0.3462280160
-0.2314440219
0.2154563594
0.1827170271
0.8898710737
-0.0804383544
0.8131431536
0.9994740745
-0.7539946043
-0.4607898456
0.4136498738
1.3758034436
-0.1264354243
1.4231633388
-0.3612091047
-0.3362091235
-0.3699223946
-0.9850766488
0.4052788759
-0.1763816287
-0.0771030100
-0.4632606288
-0.1681068295
-0.6189513350
-0.6483843274
-0.6892678781
-0.6056807740
-0.2291462435
-0.2573293346
-0.1934507299
-1.0553906112
-0.7052427975
0.9301181521
0.2016710491
-0.6497976964
-0.0548424366
-0.9871939203
-0.6905624384
0.9700452998
0.4434606462
0.4382411620
-0.7303139009
-0.2088590284
0.9973384732
-1.2499561046
-1.0336877512
1.5605454138
1.3409627057
-0.3936034955
1.4710714667
-0.1612050137
0.4798214414
0.5445078660
0.1212577744
1.3371335639
-0.3213799919
0.8345273426
0.2222919997
0.2151549776
-0.5302742498
1.4686866104
1.4346035278
-0.7951557775
0.8894178763
0.0663842428
0.3963276829
-0.3549847039
0.2232843821
1.2148959641
-0.7862585194
0.2703212960
