16 5 0.09
12 0 1 0 2 1 1 1 2 1 3 2 1 2 2 3 0 3 1 3 2 3 3 4 2
25 0 2 0 3 0 4 1 3 2 3 3 1 3 2 3 3 3 4 4 0 4 1 4 2 4 3 4 4 4 5 5 1 5 2 5 3 5 4 5 5 6 1 6 2 6 3 6 4 7 1
12 0 2 1 1 1 2 2 1 2 2 3 1 3 2 3 3 4 0 4 1 4 2 5 1
18 0 2 0 3 1 2 1 3 1 4 2 2 2 3 2 4 3 0 3 1 3 2 3 3 3 4 4 1 4 2 4 3 4 4 5 4
23 0 3 1 2 1 3 2 1 2 2 2 3 3 0 3 1 3 2 4 0 4 1 4 2 4 3 5 0 5 1 5 2 5 3 6 2 7 2 7 3 7 4 8 2 8 3
0 8
7 5
4 0
1 11
2 11
0 0 0 0 0 0 0 0 0 1 1 0 0 0 0 0
0 0 0 0 0 0 0 0 0 1 1 1 0 1 1 0
0 0 0 0 0 0 0 0 0 1 1 0 0 1 2 1
0 0 0 0 0 0 0 0 1 1 1 1 0 2 2 1
0 0 1 0 0 0 0 0 0 0 1 1 2 2 2 1
0 1 1 0 0 0 0 0 0 0 0 1 2 2 1 1
0 1 1 0 0 0 0 0 0 0 0 1 1 1 1 1
0 1 1 1 0 0 0 1 1 1 0 1 1 1 1 0
1 1 1 0 0 0 0 0 1 0 0 0 0 1 0 0
0 1 0 0 0 0 0 0 1 0 0 0 0 1 1 1
0 0 0 0 0 0 1 1 1 1 0 0 0 1 1 0
0 0 0 0 0 1 1 1 1 1 1 0 0 0 0 0
0 0 0 0 0 0 1 1 1 1 1 0 0 0 0 0
0 0 0 0 0 0 1 1 1 1 0 0 0 0 0 0
0 0 0 0 0 0 1 0 0 0 0 0 0 0 0 0
0 0 0 0 0 0 0 0 0 0 0 0 0 0 0 0
1.0947637475
-0.2404319819
-0.0768213639
0.0393712489
0.3552013233
-1.2278029351
-1.1247771489
0.0807465416
0.6100199186
1.5040734461
-1.3642452730
-1.0014667520
-1.2935200665
-0.9972299950
-1.9675054994
0.8645701706
-0.3855870954
-1.4450642800
0.8819581633
-0.8279781278
-1.4467536768
-0.5865879543
-0.9194881434
-0.4652290852
0.2516517658
0.4839509994
-1.6215230618
-0.1161756464
-0.2903701640
-0.0063568867
-0.1596794944
0.7646663265
-0.2678839135
-1.4213114837
-0.2713585736
0.5943788543
-2.1684526362
-0.8294227509
-1.3663086411
0.5856469916
-0.6621749745
-0.0412991785
0.2815899639
1.4540671116
0.1309853540
-1.0076659957
0.9002591613
0.5225962038
0.6385743713
-0.9679554090
-1.2355395871
-0.1754496938
1.5389944993
0.1746789302
0.1753818970
-0.5331130277
0.4661260874
-0.4426027325
0.7076278114
0.1410317064
1.5676887813
-0.1091548322
-2.7072964770
-1.1282139405
-0.3087988970
1.1165249572
0.6345390087
1.0413033569
-0.1063049393
-0.5709511186
-0.2886703848
2.4578134693
-0.3871000623
-0.4776590796
1.5551549990
0.1439770340
1.1930920041
1.2484786470
1.4008376816
0.7690403225
0.1096802880
0.6161824084
-0.4063956310
2.0208393836
-0.9073789423
1.0743980690
-1.1550432415
1.1451322909
-0.2892909592
1.0978460252
-1.4075704447
0.3718347481
1.6079485906
0.3160372169
0.0012462878
-0.6979912725
0.4626549347
1.2387393770
-1.2079855972
0.3963018835
-0.0438545045
-0.4908641172
0.8153733154
-1.0588459833
0.7155318044
-0.9309317468
0.9587927234
-1.7875143997
0.2937656929
0.5972525287
0.9032266326
-0.8081788951
0.7959152520
-2.8078412885
-1.1170593309
-0.9173418754
-0.9283368367
-0.6517876142
1.4719075527
0.9080199143
0.3545918226
-0.7176973221
0.7483335236
-0.0255109525
-0.0232007339
0.2956700035
2.6748778857
0.5645350022
0.5149765059
-0.4228652853
0.2030523571
-0.5841788319
0.1759001710
0.1996658100
-0.0014583859
-0.3756696539
-1.6644871852
-1.0847788011
-2.3462840617
0.1649380994
1.1923689006
0.0692079165
-1.0551352650
-0.0051065004
-2.3195067475
1.2761479197
0.2495397252
-0.4088854225
0.3861742447
-0.7032175809
0.7115510363
-0.0554799211
0.6304548162
1.4817413645
0.0248865526
-0.4206473874
-0.7419764631
0.6906413816
1.9548833255
2.0823239894
0.9133390659
0.8059634915
1.6599474926
-0.1433166347
0.7315584893
-0.5332095729
-0.8944806457
0.4108644841
0.7237879492
1.3342150236
-0.7879750553
1.0640627662
-0.9137162890
1.2123229605
-0.0178227376
0.2902855793
-0.0708006704
1.3642251555
-2.0968712052
0.3595652729
-0.5855388452
0.4024988451
-0.5272682795
-0.6753799802
1.8019086640
0.4896520354
0.8073011797
-0.4739405268
-1.8721135375
0.2568949780
-0.9790590942
0.6940692790
-0.3714334574
1.3468013776
0.6693788605
1.0928349519
0.7402140377
1.1646211197
1.3926118113
0.8533279127
0.3339381269
-0.2680900105
-0.6677026176
1.2551924272
-0.1084038585
0.2921044768
-0.1745632122
1.4772708042
-0.2056990926
0.1155043783
0.0590468325
-0.0089755105
-0.5499400262
0.3914181000
1.4038544448
-0.6736358248
-0.2301834185
3.1330253177
-1.1869052473
-0.7729790205
-0.8267733413
-0.8171938382
-0.0566171685
-0.2348060740
1.0960671933
0.0300337176
2.5388420177
0.4313981880
-0.5817442777
0.7403828375
0.3110089190
-0.6867704872
-0.8412576591
-0.2544499468
0.1462954321
1.6122260127
0.4038681999
0.7055803976
-0.6088619875
0.7976237578
-2.0792855476
0.0267710767
0.4661166959
-0.6936261204
1.4741964342
1.7645216391
-2.2082031019
-0.1208446241
-0.9221946989
-0.2681873434
-0.4697316463
0.2769693348
1.2010353511
-0.7270222174
-0.3167487283
-2.0562606921
0.5115706754
1.9364208145
-1.0011756238
1.1104056028
0.5114607368
0.1466008531
0.0520540305
0.6318978778
1.0354815016
-0.0298866163
-0.3464495107
0.7735489606
2.3001935815
0.6003770659
1.1587122073
-1.2989934463
-3.2786266189
-0.1516037074
-1.1884928109
0.0824326058
-1.0496733743
1.5576286729
1.2667706679
-0.2010565666
0.7620904346
0.0951535967
-0.3254180242
-0.1474052040
-1.5394760956
0.2357969959
-0.0730693734
-0.2673383588
0.3998888585
1.0300721069
-1.1703826087
-1.4625974291
1.3866159929
-0.9357323349
-0.7273753669
-1.7918436515
-0.9690999601
-0.5902202486
-0.2418696482
0.1413335634
0.6944371641
0.9636470700
2.0267503921
0.0066075726
0.1759992972
0.0545944353
1.6464773551
-1.7070282280
0.5577658000
1.0418733030
0.8225040818
-0.4286096930
-0.0766820257
0.3732107367
0.2998251648
1.9107384728
-0.1489557679
1.7334315622
-1.1904531905
-0.5833774602
0.6863353206
1.1620821319
0.4883197407
-0.7752821483
0.0992380620
1.3842369621
0.0707452987
1.4245644318
-1.0694239354
-0.4530231761
1.4846144162
0.0264425306
-1.0888815913
1.5629731228
0.1564625289
0.6659073478
-0.3806349784
-0.7023701062
0.2497411748
-0.8861508417
1.1595879566
0.9702188334
-1.3994252307
-0.9430793387
2.1128045730
0.3619792503
1.0235010724
0.6113712078
-0.4157780880
-0.1262078086
0.0924357383
0.0020312280
-0.3143491100
-1.0839684603
1.0034495993
0.4196161103
-0.6890507490
-1.1853573463
0.1084226485
1.4886379700
-0.9020308754
-1.6100646140
-0.5149387722
0.2276278569
-0.4511235017
-0.7760257996
0.6492668634
0.5109485849
1.2438693515
-0.3347543929
-0.9227867658
-0.0684000803
0.2929244515
0.5170518516
0.2255782308
-0.3963679395
-0.0567532798
-1.0218108592
0.4992633652
1.5142142581
2.1008727106
-0.2531424516
-1.2570448424
-0.6734009484
1.1773050635
-0.1043541189
-0.3539823384
-0.9936915577
-0.3262843320
-0.4621722428
2.8264088703
1.1198668527
0.3213529357
-0.5924536895
-0.3824268537
-0.1645585196
0.2504252035
1.6083231733
1.1691150360
-1.9743769073
0.7024782401
0.5234453264
-1.1065656936
-1.5546288474
0.0162123532
-1.1520999875
-2.0167392494
-0.2455296690
-0.7624012508
-0.8273221174
-0.9153623145
-2.7295333389
-0.2426044751
0.3962377270
0.4305381831
-0.3047118533
-0.1295946723
-0.1359572357
-1.8879913531
-0.1837996276
-1.2541385071
-0.0028636964
1.3846553929
0.2615240424
0.3796666348
0.3614213730
-0.8447141801
-0.1715584078
-1.3076879154
1.1006501198
0.1567476377
0.3381290989
-0.3600276105
-0.0228122472
-0.3016905025
0.6062870140
-0.7837839245
-0.0152014386
-1.8425393303
-0.2283221451
0.1887856995
-0.4674470297
0.1636407483
1.5689697337
0.2909629212
-1.3280221685
0.0136696312
-0.0299991975
-0.5126370972
0.5500625263
-1.1433152694
0.7977646838
0.4996039961
0.4849841573
-0.1542491949
-0.0488368007
-0.1348708579
-0.7075630647
1.2105070476
-1.4053813842
1.1844269171
0.3885965553
0.9041381961
0.1736489817
-1.2086683560
0.9765379502
2.1542653134
-1.1867991102
-0.0941178533
-0.9769917626
-0.0040402857
-0.6265405762
-1.1280817746
-1.3304076782
-0.0270937798
-0.7334666023
-2.2049926217
-0.3584346632
-0.9846723959
0.5786987257
0.4549934529
-0.9751648736
1.3024171915
-0.9704868153
0.1946486937
-0.2483831542
0.3729311335
0.8803128012
0.0631344918
0.4328073765
0.5380338403
-0.4440668703
0.4760743323
1.1554429857
1.2816741813
-0.2360189999
-1.2326756473
-1.1703378869
0.6476924024
-0.7453701553
-1.1338730236
-1.3566191852
-0.7069645659
-0.2830797758
0.7222532298
-2.2436078723
-0.5916578341
1.3196910230
-0.4895652703
-1.2639597647
1.4315205092
-1.1865026325
