19 6 0.01
38 0 5 1 5 1 6 1 7 2 5 2 6 3 2 3 3 3 4 3 5 3 6 3 7 4 3 4 4 4 5 4 6 4 7 4 8 5 1 5 2 5 3 5 6 5 7 5 8 6 1 6 2 6 3 6 5 6 6 6 7 7 0 7 1 7 3 7 6 7 7 8 2 8 3 8 7
40 0 2 0 3 1 0 1 1 1 2 1 3 1 4 1 5 2 1 2 2 2 3 2 4 2 6 2 7 3 0 3 1 3 2 3 3 3 4 3 5 3 6 3 7 3 8 4 1 4 2 4 3 4 4 4 5 4 6 4 7 4 8 5 1 5 2 5 3 5 4 5 6 5 7 6 3 6 7 7 7
33 0 4 0 5 1 2 1 3 1 4 1 5 2 1 2 2 2 3 2 4 2 5 3 1 3 2 3 3 3 5 4 1 4 2 4 3 4 4 4 5 5 0 5 2 5 3 5 4 5 5 5 6 6 0 6 1 6 2 6 3 7 0 7 1 8 1
24 0 2 0 3 1 1 1 2 1 3 1 4 2 1 2 2 2 3 2 4 2 5 2 6 3 1 3 2 3 3 3 4 3 6 4 0 4 1 4 2 4 3 4 4 5 0 5 2
19 0 1 1 1 1 2 2 2 2 3 2 4 3 0 3 1 3 2 4 2 4 3 5 2 6 2 6 3 6 4 7 1 7 2 8 1 9 1
27 0 7 1 3 1 4 1 7 2 3 2 7 3 2 3 3 3 4 3 6 3 7 4 0 4 1 4 2 4 3 4 4 4 5 4 6 4 7 5 2 5 3 5 4 5 5 5 6 6 4 6 5 7 4
4 9
3 7
0 2
9 6
7 12
1 3
0 0 0 0 0 0 1 1 0 0 0 0 0 0 0 0 0 0 0
0 0 0 0 1 1 1 1 0 0 1 0 0 0 0 0 0 0 0
0 0 0 1 1 1 2 2 0 0 1 0 0 0 0 0 0 0 0
0 0 0 1 1 1 1 1 0 1 2 0 0 0 0 0 0 0 0
0 0 0 1 1 2 2 3 1 2 2 1 1 0 1 0 0 0 0
0 0 1 1 2 2 2 2 3 2 2 1 0 1 2 1 1 0 0
0 0 1 1 1 2 1 2 2 2 1 1 1 1 2 2 0 0 0
0 0 1 1 0 0 0 1 2 1 1 2 2 3 2 2 1 0 0
0 0 0 1 0 0 0 1 1 1 1 1 1 3 3 1 1 1 0
0 0 0 0 0 0 0 0 1 1 2 1 1 0 2 2 2 1 0
0 0 0 0 0 0 0 1 1 1 2 1 2 1 3 1 1 0 0
0 0 0 0 0 0 0 1 1 2 2 1 2 0 1 2 1 0 0
0 0 0 0 0 0 0 1 1 1 1 1 2 0 1 0 1 0 0
0 0 0 0 0 0 1 1 1 1 1 0 0 0 1 1 1 0 0
0 0 0 0 0 0 1 0 1 0 0 0 0 1 1 0 0 0 0
0 0 0 0 0 0 0 0 0 0 0 0 0 1 0 0 0 0 0
0 0 0 0 0 0 0 0 0 0 0 0 0 1 0 0 0 0 0
0 0 0 0 0 0 0 0 0 0 0 0 0 0 0 0 0 0 0
0 0 0 0 0 0 0 0 0 0 0 0 0 0 0 0 0 0 0
-0.1300777927
1.1763636042
-0.7950063530
-0.1336225250
-2.6992410252
0.0460001561
0.4440682869
-0.9447377273
-0.0027649984
0.2094981478
0.3572996762
0.6765931419
-1.1425142438
0.0606170533
-0.9075981138
-0.4981104225
0.4928402764
-0.6044476114
-1.3163384487
1.0489657037
2.3302406488
-1.1762197108
-1.5535107807
0.6715815169
0.5294870647
-1.4896239776
-0.7411121335
-0.2939281095
-0.8572588030
-0.1750445418
-0.6968327504
0.0994019324
-1.6332684846
0.6591746915
0.3335111776
-2.3832462148
0.5297638715
0.1751553413
-0.5346602079
0.9734477961
-1.0338117990
2.1628085261
1.0378251670
0.4576554835
0.6057579383
-0.9940488346
0.4134391481
-1.0517839426
-0.3211401801
1.3850668792
0.0503281506
0.9842936784
-1.3879179837
0.5357299077
0.0492204595
1.4209887582
-1.1890275293
-0.6339574845
0.5426959425
0.3476235737
0.5173350236
-0.7919554401
0.2814220576
-0.7142839072
-0.5871628253
-1.7618052114
-1.0279981368
1.9593510819
-0.0491800670
-0.9859130789
-2.6080806825
-0.2075035020
0.5444141671
-1.3859257753
1.2525221271
-0.2964654466
2.2473186383
-0.3921191630
-0.6263478196
0.5460188296
-0.1769432101
-0.1732000239
0.5169065140
0.4630338235
0.2466636370
0.8321113939
1.5948933206
0.7845329550
2.4745940967
0.2390534497
0.9282683808
-0.8195662898
0.0193119815
-0.1154549619
1.5328755615
-1.5949993038
1.2442650393
0.5697789994
0.7132755372
-1.2093888776
0.5673581468
0.0838491455
-1.1059844002
0.5837444878
0.3570060141
0.5495164250
-0.4221560575
-0.0418773846
1.0033674459
-1.4582657235
0.2399192395
0.4836186836
1.8202024435
1.1631839208
-0.6238820228
-1.5011213538
0.2389715903
0.2308675949
1.6102849862
-2.0718735617
-0.7419037075
0.6505131727
-1.0617668441
0.9374478293
-0.8347076361
-0.2937877700
0.6455198581
0.4265629191
0.3167827025
-0.6254832641
0.1059464776
-0.6388715703
1.7404993437
0.2694734766
0.0383689323
-1.1685519154
-0.0420842318
1.1465812453
1.0512812792
-0.7059144117
1.0623858905
-0.0533097072
0.0540105192
-0.6298958070
0.2964284626
1.6240551712
-0.3588206504
1.4778836921
1.4458695751
1.3674047960
-0.9457056562
1.1715396083
1.0550645018
0.7203892312
1.5500603259
-0.8269050649
-0.3387867733
0.1816694102
0.6089280307
0.8864259706
0.2028802715
0.9939860859
1.1839683551
1.7267328914
-0.9578297980
-0.3742929642
0.4061800688
-0.7670347676
-0.8923815865
1.1854145028
1.7611459888
0.0912096023
-1.0926381486
0.5317661146
-1.0143369915
0.0820699347
-0.1674698803
0.1120699093
-1.0299081311
-1.0778815963
-0.7374519100
-0.1735303537
-0.4049347634
-0.3685910527
1.1925243176
-0.4753169055
0.0222144283
1.6670929942
-1.3188098315
0.0558552752
0.5236250150
0.9243684257
-0.3542831186
0.1588901210
-1.4074804080
1.1875529399
-1.3663824242
-0.4894600629
0.4004554598
-1.0083316928
0.1924666485
0.5021023076
0.0790036005
1.0826477669
1.1906923853
-1.8264134741
0.7553272013
-0.6268961241
0.1222464922
0.6922180341
-0.3679514097
-0.7795595183
-0.3806535899
-1.0829966616
1.0422241331
0.3129264872
-1.1570842530
0.0753618485
-0.9242773329
0.6163967967
0.1565399843
0.0463274200
-1.9713348270
0.6655368140
-0.4177314591
0.7993448717
0.6898763349
0.8109694869
0.2562396290
1.1840848369
1.0049403271
1.6163320764
-1.2967980123
-0.0441509675
-0.0895704169
0.7259020932
-0.6784991582
0.4961820314
0.3394301591
-0.6818165305
0.7449853359
1.5359882809
0.6865735725
0.9806282700
-0.0393093468
1.6260896075
0.3124059042
-1.8902107938
0.8268883828
-1.2042220559
1.0915698919
0.0634177430
1.9910562075
-0.2772270677
0.1713751391
-1.9784372106
0.9305633273
0.7579536742
0.0567877141
0.6271706635
1.3419097943
0.3865008674
-0.0412787014
-1.3244226126
-1.0987518619
0.0611341833
-2.0162580831
-0.8923157559
1.7146693748
0.5584827296
-0.8913681911
0.3481729769
0.5926872788
1.2724376463
1.9268756397
0.7373121067
-1.4681722118
-0.5023528933
-0.5198221509
-0.0076227742
-2.2242973410
-0.4695945952
0.8367954890
0.6991843844
0.8887894391
1.8300287022
1.0654057491
0.5430394417
-1.1634528570
-0.9450018261
-0.4038504897
0.0001894320
-1.5372575167
0.2637729456
-0.6574828817
-0.7608887000
1.3481346666
-0.4428304893
0.3139585474
-0.2984611741
-0.2761442558
0.3379672766
0.9004796240
1.1263467181
1.0344567551
0.1797213161
-1.5523192499
0.8183792066
-0.8633166903
-0.2243384465
-0.0723493837
-0.5258000503
-1.8227405780
-0.8441138362
0.2203061186
1.3070214286
-1.0803440906
-0.1227729711
-0.1174280670
-0.3341891723
-1.9525923186
-0.6688668790
-0.1851866519
-0.4561139545
-1.0914552603
0.5934035651
0.1206253100
0.0111134773
0.7214084921
0.8761500667
1.0382375989
-0.1701199698
-0.0186709694
-0.2036887357
-2.0854291060
-0.9762970918
0.3499715398
-1.2143932874
-0.1993054782
-1.3198289186
1.2745897793
-0.3334352886
0.1833549849
-1.9976092912
-1.1146083304
-0.8797619107
0.2014725136
0.6909056079
-0.2999559924
2.0306862907
1.0642052319
1.1105439161
-1.3823941029
-0.3262932097
1.0578909013
1.3198257714
-2.3573716908
-1.0100839173
-0.5630212395
-0.6608111974
0.2009748830
1.8895680890
-0.5263884268
-0.2060151133
0.9207303831
-0.9443276339
0.7780305382
-1.3134247661
-0.7635753306
1.6672722583
0.8608151820
1.0312678415
-1.0939957368
0.0609413743
-1.0037447599
-0.0136502022
-0.6272446161
-0.1553108558
-0.0268852780
0.2489872393
0.4327596471
-1.4669798640
-1.1700462393
-1.4094777977
0.2611302602
-0.9507999175
0.7100460898
1.2507508106
-2.6559227506
-0.9331469899
-1.3952525602
-0.7566242054
-1.0158611689
-0.8490996289
-0.3105719253
0.8405917398
1.8683215516
-0.2447184655
-0.2379635852
-0.9558610576
1.0333628456
-0.9241286557
-1.5454545123
-0.7285908042
-1.2873753140
-0.1623918688
0.6461794548
0.8887127085
1.0947778516
0.0776303770
0.9933166642
-1.4625752195
-2.0304289805
1.6365394066
-0.7905109894
0.0478275104
-0.8124413572
1.6095173416
0.8134099832
0.9602632723
-0.7083663711
-1.5783498960
1.2270448478
-0.0443941760
-0.1580002567
1.5651217654
0.8207775369
-0.4364807325
-0.2180888503
1.4054192475
1.7978074189
-0.0250598583
-0.3077313847
-0.6357078318
1.6418265724
-1.5438031430
1.6703148861
-0.6675806203
-0.7937423010
0.3812307850
-0.4577480405
-1.6067319305
0.8338038398
1.2271912258
-0.9967027463
-0.2939593198
-0.5708994232
-1.6392113010
-0.7296220619
-0.9223784788
-0.7737587833
-0.2395597083
-0.3191880216
0.3281838865
-1.6363495834
0.6325374676
0.0683872082
0.2904744555
0.5452548165
-0.1219691360
1.3951639544
0.4674260294
0.0972772058
0.6726508311
2.4922901534
0.5653668759
-1.1939973618
-0.2532688283
2.0558522225
-0.8857851076
1.4272610480
-1.4666915025
-0.0162760570
0.0226489426
1.5592890511
0.6707217783
-0.6530539143
-0.4211503902
0.2651144671
-0.6815331112
-0.7610516077
0.4651294885
0.4551255326
-0.0439400680
-0.9636234593
-0.2127880650
1.0990316756
0.8963169049
-1.7701928691
-0.9124698372
0.1566299845
-1.0208792222
0.5375809139
0.5666948277
-0.2076714249
-1.3374928840
-2.5358966499
-0.3099308805
0.5763164387
-0.0719370800
-0.1392528690
0.0819030600
-1.4945913211
-1.4682852922
0.9422782130
1.8768417611
0.6516402140
1.9842984492
-0.4382885751
0.0270646925
-0.4165586124
-1.4433919272
2.6665460041
1.2178000582
-1.2216571827
-0.3730301404
0.0021899862
0.3864416178
-0.3583481400
1.1333281117
-0.6308607386
1.9487114970
1.0269476942
-0.0531591795
1.1092545295
0.4957037352
-0.8515887889
-1.6062994301
-0.4855933120
-0.3138169770
-0.3403606067
-0.3211187001
-2.0355935304
0.5968370649
-0.4897487611
-0.4788401819
1.6782926211
0.0178389699
1.6976671700
0.5312370499
0.6707748154
-0.7857437566
-1.8157298490
1.2645626618
-1.3114562590
1.4969937008
-1.3440499954
0.0724764026
0.4015873938
-1.5400315991
-1.3781071693
1.3409916224
1.1947829193
-0.1363896164
-1.8983347319
0.2317072433
-1.0363241666
-1.5212483496
-1.0596178859
1.7962353226
0.5372517176
0.6875637597
-0.5833679160
-0.9866304835
0.6184576106
-1.2538500211
0.0427060408
-0.6444366825
0.7415784526
-1.5865294470
-0.1948441257
-1.7987844136
-0.2475649004
0.0708247979
0.8406295854
0.5242814187
-0.0122801815
0.7929689208
-1.5303857534
1.3110758653
-1.4597223478
-0.0611525318
1.0116517492
1.1588086105
-2.2447382568
0.9514975107
-0.8284435223
-0.6072924885
0.5440295099
-1.0019588027
-1.1344769201
0.2860429312
-1.2858293796
-0.5413503974
0.4639848062
0.4384900100
2.4821028581
0.7983509050
-0.0567616131
-0.2218052803
1.1542167810
-0.4174404147
-0.1211974881
-0.8984693299
0.4240691508
0.4961672550
0.3043113672
0.3947755781
1.7715959535
0.6642530770
0.0150241722
-0.4063155009
1.0762675919
-0.9598475817
-1.9083567422
0.1785480919
-1.3986071019
0.7680122923
-1.6055354151
-0.1242287921
-0.5921423590
1.3373478473
0.4657453489
1.8491329221
-0.4259414444
0.3644469665
0.4659618787
-0.1416825246
-0.0979404332
1.2983761586
-0.8414079871
-0.7865357826
-0.2457651670
-1.4717049858
0.3356920203
0.5154606842
-0.7431453278
2.1729963765
-0.4805700985
0.8164412048
1.5867532720
-2.5671175459
0.7403878479
0.8770894476
-1.4886440043
-0.7277549023
1.2517970927
1.2377221340
-1.8015132137
-0.8953924545
0.5416417206
-0.3779933528
-0.4912775448
-0.6215693422
2.1030304733
0.5484995626
0.2675592482
-0.7860632791
0.7711820590
-0.9420175747
-0.1818000728
0.6070686258
-0.5621731306
-0.5268630333
1.2419419712
-1.2760612070
-0.8117170045
1.2785280851
-0.5602384083
-2.1686432417
-0.6154873713
0.7827428494
0.6589529847
-1.4306608228
-0.8828483718
0.5170057507
-0.5523975279
0.5818694311
0.0576637448
0.4922133097
-0.0076241011
-1.7052948600
0.0840549270
-0.6978074482
-0.3205269909
-0.4220734221
1.6314251807
-0.1111115223
-1.1607439609
-1.9229497032
-0.5131109567
0.5887079668
1.1144929187
0.9019822508
0.0375998041
-0.2232253545
-0.5298914197
-0.2200325203
2.6795420435
1.0539623706
2.0399422656
0.4680842527
1.4916043237
-1.2495426959
0.8494077590
1.2855555944
1.3031398629
-0.2047219638
1.8948618257
1.7005416672
-1.4985783920
-0.2286835532
-0.0270975896
-1.7553070767
1.1014605578
-0.4740684335
0.7621393667
-0.5075267949
0.1434820099
0.5671659781
0.1637687490
-2.5555056705
