14 5 0.07
11 0 1 1 1 2 1 3 0 3 1 4 0 5 0 5 1 5 2 6 2 7 2
10 0 1 1 0 1 1 1 2 2 0 2 1 2 2 2 3 3 0 3 3
13 0 2 1 2 2 0 2 2 3 0 3 1 3 2 3 3 3 4 4 0 4 2 5 0 6 0
9 0 3 1 1 1 2 1 3 2 0 2 1 2 2 3 0 3 2
11 0 1 1 0 1 1 2 0 2 1 2 2 3 1 3 2 4 1 4 2 5 1
5 11
0 3
1 2
7 1
8 9
0 0 0 0 1 0 0 0 0 0 0 0 0 0
0 0 0 1 2 1 0 0 0 0 0 0 0 0
0 0 0 1 2 1 1 0 0 0 0 0 0 0
0 0 1 1 1 0 1 0 0 0 0 0 0 0
0 0 1 1 1 1 1 0 0 0 0 0 0 0
0 0 1 0 1 0 0 0 0 0 0 0 1 0
0 0 1 0 0 0 0 0 0 0 0 0 1 0
0 0 1 0 1 0 0 0 0 0 0 0 1 0
0 0 1 1 1 0 0 0 0 0 1 1 1 0
0 1 1 1 0 0 0 0 0 1 1 1 0 0
0 1 0 1 0 0 0 0 0 1 1 2 1 1
0 0 0 0 0 0 0 0 0 0 1 1 0 1
0 0 0 0 0 0 0 0 0 0 1 1 0 1
0 0 0 0 0 0 0 0 0 0 1 0 0 0
0.1782875060
0.5503526230
0.3698207799
-1.4129650419
-0.2036460593
0.0974603962
0.3463959686
-1.0764104926
0.8230896988
-1.9736689561
-1.1974651054
0.2291807656
0.0778866315
0.9008311734
-0.9206365120
0.1284000848
0.2701674900
1.7560181595
-0.1779635250
0.3787262381
1.3372654158
1.0422755242
-0.4462365701
-0.8835119708
0.3725815373
-0.7556818157
1.0495570969
-0.9840703279
0.1165920383
-0.7422770001
0.2349109637
1.1520022849
0.2135749329
0.3419701909
-1.5240608630
-1.7530127819
0.8159951223
-0.0017596273
1.4827663770
0.9339570029
0.0474431205
-0.1896180713
0.9885722600
-1.1981771120
-0.1036753333
0.3378391536
0.9985151315
-0.9325501232
-0.9846322270
0.1333765347
-2.0873418414
0.1795591573
-0.3241919750
-0.3555677131
2.0718668320
1.2400640735
-1.3499522502
-0.7402032352
-0.1580333995
-1.3420642216
-0.0229398000
-0.2833016734
-1.5561878872
0.1595725397
0.7423349398
0.4493489217
0.9424389032
-0.8277624711
0.3612869531
-0.1078338608
-0.6226102213
1.7280187371
2.3709188564
0.1061366738
0.6397473270
-1.8901838803
0.9678702043
0.7623051618
-1.4111789964
0.7614581449
-1.0453777540
-2.6871839894
0.5379174887
-0.9172204016
-0.2059541997
-1.0921829064
0.1320541857
0.0569086504
1.5029039633
-0.1370092129
0.0925229687
-0.3115702571
0.5072917879
0.1110353947
-0.0338652191
1.4151948512
0.0404527247
1.0066990975
-0.2913236117
-0.3464682174
0.6954890256
-0.1834094803
-0.4726976104
-0.0336928013
-1.2786531687
1.4543754935
-1.5669038429
0.7137051568
0.3510395757
-0.8209305476
0.3357930419
-0.2204984659
-0.0386342982
-0.9606184707
1.2667682945
-0.3382724613
0.7787327137
1.0540230533
0.5245636148
1.3647118744
-1.0056060136
0.3157994877
0.0258147037
-0.1224873513
-2.6406755110
-1.9082135759
-0.6264619032
0.9207676095
0.1981212671
-0.5163659907
1.7683017112
-1.7648046487
0.3050884454
-0.4608870708
1.0028591250
0.6434833080
-0.1269025971
-0.0166195945
-0.2423521894
-0.7755813409
-0.2576689952
0.9964597219
-0.0964931614
0.5386631796
1.2785563456
-0.2522182108
1.3612707758
0.1682815459
-0.6493887191
0.6168404162
0.6355835777
0.0169515033
-0.6980083933
-0.3003384045
-1.1625711500
-0.6554735557
-2.1827032586
-0.8170999065
-0.8002446981
0.1884960635
0.8627436183
0.2961981590
-0.2142201707
0.1030301654
2.2855925561
-1.1071195135
-1.5851770162
1.2975796131
0.7132695131
-1.2721782445
1.1954838057
-0.1908736867
0.7017545978
0.3575995053
-1.9399760360
0.6311060761
0.3657756705
1.1998259028
-0.0794733782
-0.5704022535
0.4762406439
0.1174459209
-0.2742120797
2.4109110402
-0.4821307160
-1.1478640286
-0.1455686222
-1.4322551516
-0.1254999077
0.8632079405
-1.0523878041
-1.9238114964
0.3394695071
-0.3299913895
0.4390363063
0.3910969597
-0.4157583942
2.0230980705
1.0871434676
0.7881738721
-0.8325880826
0.9488199268
1.0019184553
0.2285291244
-1.0139006760
1.8743457173
1.6548566983
0.6376924722
0.6482257322
-1.2335078193
0.7991777984
2.4977571040
0.4722311967
-0.1446204520
-0.0510827511
-0.4932681556
0.3694135021
0.7981751853
-0.2724877919
0.0500129834
-0.6567925404
-0.9506053313
-0.0910753012
2.2800355986
-0.3514266071
-0.6183455676
-1.4699490685
0.7505860842
-0.1839401830
-2.4728116701
1.2468400211
0.5650256486
-2.3059942588
1.0346137110
0.4622946775
0.4627567498
1.5470380398
0.9122467872
0.7958915067
0.2674977420
1.5003248466
0.3253479186
0.2158008131
-0.1118918484
0.7435672615
1.5406972733
0.3542286720
-0.9044688191
-1.5626829163
-0.4995473829
0.0543428535
0.4784635651
-0.5247050256
-0.1577039337
0.8639111748
0.6370567926
0.3247707189
-0.0444845093
-0.8761656600
1.5080007539
0.9433520182
0.0466884173
1.1012367132
1.3850640942
-0.0610203778
-1.7607404409
0.7902886431
0.2825516233
-1.4778273487
-2.4383047847
0.0636741797
2.2091217209
0.6303042462
-0.5918287714
0.2591091617
-0.0107538527
-0.6975252484
-0.4291692138
1.1753616946
1.6966366276
1.2814653075
-1.0862829494
-0.6023196808
-0.1898153956
0.6362730148
0.4476510734
0.3961075440
0.5756622510
1.9030145280
1.5724251007
-0.0284535850
-0.6216118555
1.1557192657
0.6779271180
1.2563541923
-0.8056274500
0.5709505818
-0.0858419236
0.5388443919
1.9622621316
0.5594413744
0.3827013382
0.1210854416
-0.4096169257
-0.2431730755
1.0352395645
-1.1223532100
1.0983981194
0.3201011986
-0.1887692987
-1.0668250135
1.5752684553
1.5438959767
-0.1612666589
0.3088148748
-0.7163285731
-0.0182105152
0.6537793784
0.8043447184
-0.1825531585
-0.0492092659
0.0286322705
0.5877537025
0.7026848911
1.0085038089
0.2086181112
0.2828163292
0.6720040886
0.3785569487
-0.6612469345
-1.9376564576
-0.4546112866
-0.8661101108
-1.4370875310
0.1181062139
-1.5017983861
0.0734476851
1.3120913452
-0.0647897777
-0.4674058394
-0.0951476222
1.1295819096
-0.1602045919
0.1923277597
2.1483202382
0.4641701146
-0.4059220536
0.7595850491
-1.5069454309
0.9589665997
-0.4669618554
-0.2092276348
0.2618485630
0.4738770138
0.6939801289
0.6896196298
-0.7790401250
-1.2307792288
-1.0831005553
-0.3950001872
0.3587336979
-0.2117407435
0.7060415155
1.5245636963
-0.9086014739
-1.4961903280
1.3893199758
0.0047791146
0.4053742616
-0.9195876939
1.2524075845
-1.5498914605
1.8364503666
1.2343758761
-0.6989209061
1.6077323091
-1.0418425462
0.1957360443
1.1414306968
-0.8090214696
0.1086912324
-0.1927874347
-0.5704618828
-0.6597652488
0.6866778681
-1.1036952713
0.8756452032
-0.5782500804
-1.6884223858
-0.3920212670
1.5356802918
-1.3694241240
