10 5 0.14
5 0 0 1 0 1 1 2 1 2 2
8 0 1 0 2 0 3 1 0 1 1 1 2 2 0 2 2
7 0 0 0 2 1 0 1 1 1 2 1 3 2 3
6 0 0 0 1 0 2 1 1 1 2 1 3
4 0 0 0 1 0 2 1 0
7 0
6 6
2 5
3 0
3 6
0 0 0 0 0 0 0 0 0 0
0 0 0 0 0 0 0 0 0 0
0 0 0 0 0 1 0 1 0 0
1 1 1 0 0 1 2 2 2 0
0 1 1 1 0 0 1 0 1 0
0 0 0 0 0 0 0 0 0 0
0 0 0 0 0 0 0 1 1 1
1 0 0 0 0 0 1 1 1 0
1 1 0 0 0 0 1 0 1 0
0 1 1 0 0 0 0 0 0 0
-0.0811758073
0.4032048967
-0.7731328526
1.6543551970
1.6857352056
-1.2029137823
0.1976759486
-1.9413405052
-0.7291946815
1.0430105898
0.7683364357
-0.1711158621
3.7498396436
-0.8579701882
0.3950264722
0.7837315893
-1.0800033362
0.3756668970
-2.5767753082
-1.9043663880
1.1032382724
-1.1430461381
1.8863112641
-0.5852807037
0.3699734846
0.3637649134
0.8927815776
-0.9608218364
-0.4765122869
-0.7409334943
-1.0661410783
-0.3329135576
1.2247370062
-0.6380983904
-1.1322128365
0.6583554506
0.3103543576
1.4408488201
1.2876207650
0.9273786439
0.1729081898
1.5939091256
0.1890277659
-1.5156775084
2.2310217614
1.0121425470
0.2795217973
-1.0367027872
0.6814463139
1.5661203577
-0.4723642349
-0.1189536772
0.1998216793
0.3411836651
0.5772594590
-0.7767996259
1.1122098257
-0.9662405788
-0.6474617974
-1.6486492287
-0.2347890568
-1.6063348856
-3.3609181309
0.7807786450
-0.2725813768
0.5066012361
-0.3491523170
2.1976288050
-1.0425576690
0.8332097383
0.8126070355
-0.1555660540
-0.3736891763
0.1750992511
-0.3234401693
-1.0033265754
-1.5049174661
-0.1872920396
-0.2071609151
-0.7564385444
1.4340560603
0.4425519608
-0.3664980479
0.2298686501
-0.9473179530
0.6370176831
0.4233088229
1.0684221619
0.7861182499
0.6408242712
-0.0926660178
-1.1052159027
-0.1398714957
-1.8815721636
0.4632674334
1.1928058857
-0.4933109050
2.1394970399
-0.4529225423
-1.0576147625
-1.4439279783
0.0580247168
-0.5717750906
0.2149344400
0.3120514014
1.1780524298
0.5179320019
-0.4254084672
-1.1681016750
-0.8009382410
0.5507150084
0.0452242724
-1.0253358322
1.3947534825
1.2871935453
-0.3330988094
-0.1164985796
-0.0866204835
0.4336346437
-0.9247587426
0.3804019278
-1.5016353412
-0.1950515429
1.0673739744
-0.3995926243
-1.7075641664
-0.8665373029
-2.1529155978
-1.2385234083
0.1531370071
-0.1030194878
1.5337837141
0.1129212675
0.3518092727
-0.2753611161
0.7887637227
0.6040897349
-0.3319323561
0.9840333718
-0.6046054083
1.1982385155
-0.2531335086
-1.0476994035
-1.7323625454
0.8608045742
0.6643111950
0.0222504172
-1.7052718775
0.2661338457
-0.3086629677
0.8654096596
0.3676385054
-0.3369000986
1.4579263963
0.6478132742
-0.4826589769
0.2460419015
-0.7990652346
0.2944115855
-0.7483210860
-1.5227730222
-0.6083639030
-2.0213406205
-2.6109549279
1.1688198907
-1.8860536941
1.2555468315
0.4591424235
-0.1629990237
-0.4060596104
-0.5526523182
-0.1839107820
-0.3331202936
0.1770063646
-0.1160358990
0.5244431672
0.3561868260
-1.1169866357
0.1274453593
0.3797521963
0.4018999649
-1.5339302047
0.6161279268
0.0394430414
1.0218804478
-0.2613316926
-0.2751577761
0.9616106621
-0.8941301685
-0.4204674723
-0.8263072862
0.3632522475
0.1585057798
-1.9331422046
-1.2251456207
0.4221487457
0.0347667740
0.1883953315
-0.6183127498
0.0577667284
