14 2 0.01
37 0 1 0 2 0 3 1 1 1 2 1 3 1 6 2 1 2 2 2 3 2 4 2 5 2 6 2 7 3 0 3 1 3 2 3 3 3 4 3 5 3 6 4 1 4 2 4 3 4 4 4 5 4 6 5 0 5 1 5 2 5 3 5 4 6 1 6 3 6 4 7 1 7 3
27 0 2 1 0 1 1 1 2 1 3 2 1 2 2 2 4 2 5 3 2 3 3 3 4 4 0 4 1 4 2 4 3 4 4 5 2 5 3 5 4 6 1 6 2 6 3 7 2 7 3 8 2 9 2
4 4
1 2
0 0 0 0 0 0 0 0 0 0 0 0 0 0
0 0 0 0 1 0 0 0 0 0 0 0 0 0
0 0 1 1 1 1 0 0 0 0 0 0 0 0
0 0 0 1 1 0 1 1 0 0 0 0 0 0
0 0 0 0 1 2 2 1 0 0 0 0 0 0
0 0 1 1 1 2 2 1 0 0 1 0 0 0
0 0 0 0 1 2 2 1 1 1 1 1 0 0
0 0 0 1 2 2 1 1 1 1 1 0 0 0
0 0 0 0 1 2 1 1 1 1 1 0 0 0
0 0 0 0 2 1 1 1 1 0 0 0 0 0
0 0 0 0 1 1 0 1 1 0 0 0 0 0
0 0 0 0 0 1 0 1 0 0 0 0 0 0
0 0 0 0 0 0 0 0 0 0 0 0 0 0
0 0 0 0 0 0 0 0 0 0 0 0 0 0
0.6333327927
-0.0839913425
-1.3001638592
-0.2013685397
-0.8858430868
-0.8648089006
-0.9568767852
-0.3333217869
0.6364335623
-1.6904287244
-0.7568561881
-0.3422283340
0.6899720342
-1.4299637525
-0.0851592608
-0.2985919510
-0.7365749261
-0.6335708950
0.5588146170
-1.0957631946
1.0838735637
-0.3502166324
0.6087972815
-0.1504315765
1.2635796300
0.1461621657
0.3480939864
-0.4645752667
-0.9533595542
1.2435205240
-0.3009968439
-1.3985181293
-1.9833548437
-0.8173220317
0.7494243062
-1.6094488124
-2.9721740264
-0.7655604949
0.6146505146
0.3540350068
-1.8457115026
1.4206383630
0.3011219558
0.3093240219
-0.2549174081
-0.1711359111
-0.1952788390
-1.9046084672
0.1861090063
-1.2643768420
0.2243458351
-0.3476049320
1.1058024142
0.6827002786
-1.1781275642
0.0499428468
0.4650210588
-0.3548100202
-0.3172673670
-0.5500481552
-0.8915878456
0.4619571403
-0.3606076394
-0.1694021117
0.4614581770
-0.3722421905
0.2018301059
0.3614611851
1.7089200849
-0.8487047897
0.3487876358
1.2911306882
0.6723107898
-0.7427910031
0.9150464298
-0.5556479934
0.3220667367
0.2037766528
0.9299795031
1.0646260725
0.5872950619
-0.1393374169
-1.6112891627
0.6439840994
1.8455415723
0.9500062688
1.8881610505
1.3600289782
-0.0606744731
1.2693373007
0.6331614839
0.2077137574
0.1525085029
-0.7982453328
0.0265863759
1.4336597204
-0.8799110308
-1.7401581459
-0.3289870331
0.5798529321
-0.6229486104
-0.7473568226
1.1615478874
0.3264326107
-0.0900175058
0.7335072446
0.2581471342
0.8732204771
-0.9647973944
-1.9491085156
0.0977463702
-0.4483030747
-0.6080613230
0.6401792198
-0.3306623808
-0.9251301098
0.1683456679
0.5138878660
1.6996201734
1.0485219918
1.9355130792
0.7034093964
2.3952076250
-0.0092755376
1.6251665642
1.3045606135
1.3434130143
-1.4423334834
1.6019671556
0.3327397188
0.9183200235
1.4282840863
-0.3307860262
-1.0248979549
1.1808920183
0.6179300268
-0.7502408596
0.7014460363
-0.9136232363
0.0628276591
-1.1100744331
-0.3114296080
0.3184151782
-1.8267235765
-0.2589889754
0.8133802884
-0.5009847405
-0.6860441870
0.3008666841
-1.5324771208
-0.6488731459
-0.0633710871
-1.4146237693
-0.3420650091
0.9994621622
-2.5093849471
0.9932227032
-0.0590247850
-0.4395467713
0.2799056966
0.0755540192
-0.9082485660
0.7882352162
-1.8964494481
0.3635071556
0.1829188140
0.0161296021
0.5142751922
-0.6894982195
-0.6444618483
0.4186071557
0.5088049066
-2.8536164736
-0.8512186642
1.0398099446
0.0556018458
-1.6688223155
0.9801754768
0.5733140704
0.7873842420
0.0512105634
-0.5633226165
-1.9557361487
-0.8894069859
0.7453144803
0.7280824169
-0.4619363679
-1.4523205307
0.7905634946
0.1831760243
-0.2075162692
-0.6384535985
-0.8921529298
1.7295351888
-0.7126055098
-0.6685099059
0.2202372860
0.3464285049
-1.1308347413
-0.8608412531
-0.1201035790
-1.2982473092
0.7530487017
-0.5020237870
0.6918390015
0.2749060592
-1.2220480567
0.3019648002
0.6335726608
-1.5211909299
1.0747295312
1.1376575103
-0.3805947466
-0.5788484507
1.0084548015
-0.2652887184
1.1567420019
-0.5650093254
0.1241260635
-0.0017967901
2.3261112985
-0.9961945908
-0.5811772516
-0.6957168211
-0.4002392786
0.8872238956
-0.3447425014
0.7041900880
0.6167666566
-1.0028645163
-0.2305033255
-0.4657998498
0.0279681186
0.2355602599
0.6153627525
0.5015027434
1.3200772503
0.8015678167
1.5077342937
2.0662227469
0.8155192613
-0.3209386651
2.3393537736
-0.1700015077
-1.0122023790
-0.6600029762
-0.9876541284
0.6704014938
-0.7515853227
0.5612249064
0.2858631909
1.6978340684
2.2873530314
1.3947055997
-1.3773402017
0.3821679809
-0.6277868371
-0.0334166635
-0.6326555108
-1.7157377434
1.7855128718
-1.2820272993
1.2966803826
-0.7378694452
-1.6198252340
-1.2082799926
-0.4833289298
0.1637187459
-0.2562013390
-0.1783431428
-1.0896205434
-1.8457679106
-3.0226281207
-0.6815792430
-1.3006294784
0.1619583875
-0.2616206437
0.4366450886
0.5260193416
-1.3251651192
-0.0237270731
-1.2179067775
-0.8565466725
-0.0959602937
0.2139417278
0.3232254413
-0.6742231623
-0.5532041555
0.3373974647
1.1427756793
-0.2245533335
-0.4284827223
-0.1432574133
0.5786255109
1.0561184454
0.9136169161
-0.9181165414
-0.8360875568
-0.3502753052
-1.5472070449
0.3183534982
-0.8084629232
-0.0276819476
-0.0672183381
-0.6252545948
-0.3998259100
-1.0336784264
0.8299472800
-0.8066751724
-0.7706090728
-0.5277109220
0.8889172688
0.5354604131
0.0767139864
2.1587562216
-0.7225593590
0.4976601449
-0.5803318983
-0.5371160086
-0.5194551599
1.0259092556
0.2039349942
-1.0284170607
0.3163055567
0.5752157126
-0.5150760808
-1.6440663190
-0.5164974696
-0.4225136421
1.1633665715
-0.2927558133
-0.2499062110
0.3433703768
0.7949924421
-1.7923508733
0.1387732080
0.8227762408
1.0655609771
0.3640817973
-0.5558181766
-0.7113921795
0.0892299225
-1.2633125627
0.7711132628
1.2193510367
0.8183207695
-0.4141838340
0.2840977541
0.8508434313
-0.5004579048
-0.5449242279
-0.4858084275
0.0100364365
0.4113015289
-1.1147988799
0.0909494324
-0.3045240340
-0.6032423569
-0.5220164356
-0.2951907116
-0.3377357174
1.7276795157
0.3869303936
-0.6771799333
-2.2911088945
-0.2494418194
0.5836189210
0.3498748706
-0.5390026341
0.5693738658
-0.3569994502
-0.9697819621
-0.3493329731
0.1881049552
0.7793697210
0.4142629335
2.0890929678
-0.1684268840
-0.1372857024
1.0820832779
-0.5552286866
0.4383055168
0.7322694833
-0.4784221614
-1.4804726430
-0.5070456907
-0.5931269607
-0.4216759672
1.3702040709
-0.1890991782
1.0552849172
-0.5677639267
