16 3 0.13
42 0 2 0 3 1 2 1 3 1 5 1 6 1 10 2 0 2 1 2 2 2 3 2 4 2 5 2 7 2 9 2 10 3 1 3 3 3 4 3 5 3 6 3 7 3 8 3 9 3 10 3 11 4 1 4 2 4 3 4 4 4 5 4 9 4 10 5 5 5 6 5 7 6 5 6 6 6 7 7 6 8 6 8 7
37 0 5 1 3 1 5 2 3 2 4 2 5 3 0 3 1 3 2 3 3 3 4 3 5 4 1 4 2 4 3 4 4 4 5 5 0 5 1 5 2 5 3 5 4 5 5 6 0 6 3 6 4 6 5 6 6 7 3 7 5 7 6 8 2 8 3 8 4 8 5 8 6 9 5
46 0 6 0 7 1 7 2 6 2 7 3 5 3 6 3 7 3 8 3 9 4 4 4 5 4 6 4 7 4 8 4 9 5 2 5 3 5 4 5 5 5 6 5 7 5 8 5 9 5 10 6 3 6 4 6 5 6 6 6 8 6 9 7 3 7 4 7 5 7 6 7 7 8 0 8 1 8 2 8 3 8 4 8 5 9 3 9 5 9 6 10 6
6 4
0 9
0 0
0 0 0 0 0 0 1 1 0 0 0 0 0 0 1 0
0 0 0 0 0 0 0 1 0 0 0 0 1 0 1 0
0 0 0 0 0 0 1 1 0 0 0 0 1 1 1 0
0 0 0 0 0 1 1 1 1 2 1 1 1 1 1 0
0 0 0 0 1 1 1 1 1 1 1 1 1 1 1 0
0 0 1 1 1 1 1 1 1 2 2 1 1 1 1 0
0 0 0 1 1 1 2 1 1 2 0 0 1 1 1 1
0 0 0 1 1 1 2 2 0 1 1 0 1 0 2 1
1 1 1 1 2 2 1 1 1 1 0 2 1 2 2 1
0 0 0 1 0 2 1 1 1 1 1 1 1 1 2 1
0 0 0 0 0 1 2 1 1 1 0 0 0 1 1 0
0 0 0 0 0 0 0 0 0 1 1 1 0 0 0 0
0 0 0 0 0 0 0 0 0 1 1 1 0 0 0 0
0 0 0 0 0 0 0 0 0 0 1 0 0 0 0 0
0 0 0 0 0 0 0 0 0 0 1 1 0 0 0 0
0 0 0 0 0 0 0 0 0 0 0 0 0 0 0 0
-1.2035160576
0.8181048925
-1.6562609962
-1.0789367719
-0.0201226406
2.0899703661
0.4831794283
-0.4969874475
-0.3289362375
0.5502540057
0.6110682854
0.0404595086
1.7528821705
0.2985096664
-0.3054778111
0.1789527659
0.5652039512
1.5114796187
0.2049943599
-1.1381439349
-0.6787499339
-0.2860673407
-0.4776353010
-2.1208819676
-0.4318973677
-0.2435278131
0.6835635284
2.3425626594
1.9974758620
-1.6051405762
1.6501986074
-0.7759207851
-0.7412981190
-1.1725520674
0.9369076353
1.6060337843
0.2141081512
-0.5581359252
-0.1199831941
1.2187460641
0.8902970832
-0.0788737053
0.1551861183
1.1420929433
-1.5896594012
2.0805994531
-0.2813140465
1.8339125701
-1.1246680980
0.7650231116
0.3220288958
0.4130535563
2.0868746169
0.1341154469
-0.2744693281
0.5683825110
-0.7537886471
1.7967105342
-1.3107221579
0.4039252412
0.6618909013
-0.0081921649
-1.3801471620
-0.3993142151
0.6184387238
0.2745446113
-0.0650340512
1.5868476391
-0.6626414003
1.1383446089
0.6398605924
-0.0903572746
1.4792002391
1.3884733042
0.6501439396
0.7713249544
-0.2885910012
-1.8241630804
0.9597452937
-0.3593495015
-0.8779074217
-0.2305225046
-0.4358313885
0.2776390591
1.2277057895
-0.2628566583
1.2778928612
-1.0054231865
-1.0038349146
-0.4681013152
-0.6051634440
0.9176606092
0.4465060346
-1.2767831940
-0.0437041052
-0.6465884299
0.1235857681
-0.3954654820
-1.0507962958
0.6289069673
-1.8416679829
-0.7787329594
-1.0825399271
-2.2569738572
1.3024417222
-0.8867838575
-1.0468515064
0.0439525076
-0.1302776398
-0.1842769870
0.0797238840
-0.3933084255
0.4752679405
-1.4480361524
1.6578931797
-0.7167019231
-0.0850435150
-0.5773013216
0.2302041485
0.6079512155
-0.6395972307
-0.8967372646
1.4798802692
0.5923146047
0.8446140679
0.1083313047
-1.2289977419
-1.0889801553
0.4158605759
-0.9735570638
-0.9361244587
-0.9364172226
1.0535750891
-2.0256800506
1.8176435043
-0.1166593419
1.4112746351
0.8432763845
-1.0805137167
-0.5220298474
-0.1467081747
-0.2663416323
0.1828761275
1.2402739995
-0.6100504147
-0.6922403629
0.5024907133
0.5463263299
-0.1032502194
-0.2471379619
-0.0899987056
1.2224119453
0.2642328955
-0.1789465496
0.5951460675
-0.1522158753
0.7816310227
0.8033534723
0.8166222465
1.4994141413
0.7800603134
0.7556478701
0.3460684224
-0.7639680521
-0.5815005337
-0.5343257935
0.4546989120
-0.1368577320
-0.4994640223
-0.3983295512
-2.1536161915
-0.1808122443
-0.1313475181
-0.9340210035
0.0190382743
-0.1808544160
0.7883501885
0.6541603214
0.9679402872
0.4375861148
-0.2955761180
-0.3307606992
-1.1918794077
0.2751838921
-1.1372564948
-0.4160450041
-0.4166039582
-0.4113777824
-0.8474897365
-1.2827411110
-1.1002408109
-0.1132329997
-1.6467524187
-0.4129686748
-0.6737713173
-0.9569180626
-0.9780660543
-0.6613066886
-0.5596374025
0.5217736694
1.5281287711
-0.0071129379
-1.1799823458
1.0432688917
0.1612979385
-0.3778145924
-1.2193363886
1.1859545826
-0.8453765652
-1.1532354182
0.2025533343
0.8162714542
-1.2209259354
-1.5216787111
-2.6402524653
0.0122877460
1.0562729704
-0.4019946916
0.1374935561
-0.2715030624
0.4544842922
-0.0071810621
-0.1460853514
-0.3949370482
-0.2956169094
-0.0721278324
1.8255814056
0.5464468428
-0.0868795157
0.6892051599
-0.2584470809
-1.0400919379
1.0089409139
1.1424552738
-0.0542010678
1.0270896162
0.7961774721
-1.2883021594
-0.7975215181
0.2909583041
-0.4937665251
-0.0676234383
-0.2062222656
-0.8641198775
1.5412444011
0.4523557242
0.3775171062
0.2687628172
0.4039574020
0.4866945091
1.6327619168
0.2347733543
0.1479443269
1.8838729724
-0.6004755714
0.5769614890
-0.4271837333
-1.5244983715
-2.3142610474
0.4659695430
-0.4715303082
-1.6940184633
0.0860369467
1.0544190234
-0.9189812570
1.6833718186
1.3366290298
-0.4784131051
0.3149112213
-2.2763834045
1.0688248862
0.5104059514
0.0782056799
-0.0913590792
0.3167472642
-0.3970531852
0.9367471090
-0.1496845828
1.8441197476
1.2229944923
0.4873658665
0.0379110590
-0.1006605176
-0.8151731376
0.8782913349
-0.1516471240
-1.6645506968
-0.1797537693
0.8228371171
-0.2694637179
0.4976068145
0.9043123317
0.6860876643
0.8012681564
0.5703303614
1.5850249062
-0.5608923006
-2.6038392857
-0.6604106788
-0.1870157730
0.0302913423
0.6539918813
-0.3984984273
1.8647099332
-0.7420126793
-0.6468600563
0.9327289603
-0.0186182076
0.0724163816
-0.3141555993
0.0312401328
-0.2256422718
1.6025889603
1.4493347791
0.8386722604
0.6461068693
-0.4471660544
-0.9548967611
0.4464221041
1.0843878813
-1.3360194753
1.9725650659
0.6697729463
1.6594209650
1.7421591212
-0.1865792743
1.2850347987
-0.5439509158
-1.8453581989
0.9360389492
0.5757601940
1.0586879397
0.6794378187
-1.6840177926
0.0253388405
0.7960015851
0.5345215134
1.6550442067
-0.0972541239
-0.7285186261
-1.4431601668
0.5815895442
-2.0444207700
0.4236259422
-1.3406905632
1.6378803716
-0.8069560501
-0.5831153483
-0.6158485028
0.6260174386
-0.9997768472
0.0586148579
1.0911406138
0.1559840245
0.8925701127
-0.0205211123
-0.4765447878
0.6379124108
0.1724929136
-0.7001740324
0.2998567899
1.0324788297
0.3627747007
0.4935407890
-0.0801539677
-0.2680045268
-1.1147419330
-1.5962729972
-0.0553494761
1.2732120624
-0.1589259116
-0.1419724629
0.2206413906
1.1448811336
-1.3113550007
-0.2592868094
0.8307479633
1.5836097794
-0.7549755185
2.4996596258
-0.2014708509
-1.0190876632
-0.1742720625
-0.4410761460
0.5282608125
0.4924223356
-1.3761514613
1.6524245754
-1.1324876213
-0.0723719341
-0.1047007807
-0.0010880369
0.0280431176
1.2746815671
-0.2427157125
-0.5244637719
-2.3655006537
-1.1754673016
0.3844822705
-1.2754516669
0.8381605978
1.3388898394
-0.0780980093
-0.3622217577
-0.7573822718
0.1028551857
-1.7228686918
-0.3633025673
0.2003736559
0.6985283115
-0.9804839251
-1.4555930809
-1.9137989372
0.2376062841
0.1529986404
1.6161487300
0.4133116017
0.8727162514
0.6924198478
-0.2947986384
1.2734030540
-0.8237984083
1.6181691522
1.3547430929
-0.8501700128
2.7697857086
-0.6729890882
0.3949092103
-1.6045963108
1.2640869004
2.0078933256
-0.5278862111
-0.6975941998
0.8478464197
-0.9243357787
-0.0670937873
1.7351799831
0.6671671937
0.1815649000
-0.5187180397
-2.1423927605
-0.1032626147
-2.6973796918
1.1738404666
-1.8977657566
1.7457359806
0.0029967042
0.3996381973
-1.2645344781
-0.9176087952
1.2973601436
1.0288560990
0.4670985695
1.4969971633
-0.4785169490
1.3688480858
0.5226376793
-0.0506622012
-0.5920712342
0.3845287870
-0.1073054899
-0.7557653256
1.7062671774
-0.5755457880
0.1693167112
1.6281517000
0.8629493888
-0.0303386076
-0.6927782096
0.2968356870
-0.2458631318
0.3503532717
0.3101278380
-0.1293131713
0.0228430561
-0.0330396610
-0.4627955724
0.3757535658
0.4039591544
-1.2397901876
1.7420259742
0.3007974261
0.8881718284
0.8825985552
-0.0375926668
0.2104477948
1.7927833557
1.0268604089
0.2263780323
-1.4066906445
-0.8075676360
1.1937177590
-1.1311651013
0.6471064246
1.9719132817
-0.1550150676
-0.3990483486
-0.1102956271
0.6741874352
-0.0658442580
-0.1947453667
0.3677288560
0.0621536812
0.0149610680
-1.0016131486
-1.4194113855
0.1786174218
0.0845198161
-0.3280537691
1.9233398088
-1.6808940858
0.8378788754
