14 2 0.05
38 0 4 0 5 0 6 1 0 1 1 1 2 1 4 1 6 1 7 2 0 2 1 2 2 2 3 2 4 2 5 2 6 2 7 3 1 3 2 3 3 3 4 3 5 3 6 3 7 4 1 4 2 4 3 4 4 5 1 5 2 5 3 5 4 5 5 5 6 5 7 5 8 6 4 6 6
33 0 6 0 8 1 4 1 5 1 6 1 7 1 8 2 2 2 5 2 6 2 7 2 8 3 2 3 4 3 5 3 6 3 7 3 8 3 9 3 10 4 0 4 1 4 2 4 3 4 4 4 5 4 6 4 7 4 8 5 4 5 5 5 6 6 6
3 5
4 2
0 0 0 0 0 0 0 0 0 0 0 0 0 0
0 0 0 0 0 0 0 0 0 0 0 0 0 0
0 0 0 0 0 0 0 0 0 0 0 0 0 0
0 0 0 0 0 0 0 0 0 1 1 1 0 0
0 0 0 0 0 1 1 1 1 1 1 1 1 0
0 0 0 0 0 1 2 2 2 2 2 1 1 0
0 0 0 0 1 0 1 2 2 2 2 1 1 0
0 0 0 0 1 0 2 2 2 2 1 1 1 0
0 0 1 1 1 1 2 2 2 2 2 1 1 1
0 0 0 0 0 0 1 1 1 1 0 1 0 0
0 0 0 0 0 0 0 0 1 0 0 0 0 0
0 0 0 0 0 0 0 0 0 0 0 0 0 0
0 0 0 0 0 0 0 0 0 0 0 0 0 0
0 0 0 0 0 0 0 0 0 0 0 0 0 0
0.5411444537
1.0879616225
0.6331197609
-0.1026503342
0.9162027054
0.0671841283
-0.9188590486
0.0241966326
-0.5034098394
0.1042932276
1.7142053685
-0.1832220165
1.7742281817
0.6517196605
-2.6729827451
-0.1150606962
-0.9986568548
0.6157808895
-0.7955987582
-2.9078073646
1.0282671125
0.3421604139
3.4049835093
1.5446228010
0.7250117336
1.1426858789
0.3752263687
-0.1205315246
2.3358787613
-1.1446611132
-0.9795082998
-1.1833121848
-0.2895135404
-0.6243509035
1.4980694862
-1.5884651053
-0.5887888730
0.8908201598
0.1757595637
-0.1533442148
-0.1562441400
-1.7254479368
-0.1448309430
-0.8477531503
1.0794172755
1.4854426841
-0.4296556254
0.5073918071
-0.7398412368
0.6676352470
-0.8928447834
0.2156628483
0.7378202771
-0.3904356915
-1.0753700669
0.9796544892
-0.3779076715
0.9670343538
-0.7347269077
-1.7081570823
0.1298136461
0.7118632661
1.5093289983
1.0812807387
0.5993228778
-0.4614453834
0.6369963839
0.4070640995
-1.9741148049
1.3082717551
0.3727351019
-0.5926381777
-0.7728684924
-0.1184168886
-0.0973630261
-1.3443921115
-1.5628625588
-0.7268334016
0.8540661854
0.7658917948
-0.3944343511
-1.0173293014
-1.5107531341
0.7826986754
1.0177934684
-1.3236380847
-1.2067206122
-1.1491209707
0.0313701610
0.1351954160
1.1858153372
0.8368673078
1.0997665885
2.7664361227
-0.9589958614
-1.2636405141
0.5817164292
0.0388199522
-0.0646530097
-1.0879234255
-0.2336621328
-0.7231702055
2.0185644024
-0.2560785021
0.2042397576
1.1443127852
-0.9336646548
0.0285166621
1.1721358150
-0.0791354452
0.4169055666
-0.2024274231
-0.1224806839
-0.7285622998
0.7383819250
0.9479209602
0.4488987512
-0.0576490638
-0.8983369799
0.2627333760
-2.0526686161
1.2202759032
0.0533630713
-0.9906900681
-1.5458901518
-0.9773934293
0.8138097304
-0.6431898175
0.1367303202
-0.2624892606
-0.8636271353
-0.3269371759
1.2538689610
-1.6642965210
-2.1101062252
-0.4190310988
-0.3667770220
-0.4192463028
2.0617176798
1.7483933578
0.8059748857
1.6116273395
0.5265993836
1.7367722291
0.6414010892
0.6679555183
-0.7373430248
0.3427062520
1.5322835989
1.4301691429
-1.5781922529
0.6814693482
0.8717597796
1.4730158905
0.4769379043
-0.1936561298
-0.6891084358
-1.0857899901
-0.9509519159
-1.2480955304
-0.9605124213
1.0496863332
1.4041933364
0.5617805000
1.5838656571
0.3784422711
0.6954425196
-1.8861352653
0.2579510261
-0.1799838620
0.1154182489
0.7989613611
-0.4518336814
0.1211017687
0.2076270643
-1.2945058925
0.1347451830
0.2090504894
-0.4184464660
0.2408392546
-2.0250971971
0.5201417267
-0.0538593224
-1.2463458560
0.1072770613
-0.3180691977
-0.6856523332
-1.8111170087
-1.3115418216
0.0365520415
-0.0078764248
0.2405990453
-0.0885378582
-2.2708076247
1.3345156094
0.9442996618
2.0039817853
-0.1085935669
0.8034669419
0.8754634134
0.5357613136
1.7867378118
1.8460676885
-0.0440919786
-1.1110531214
-0.2712799865
-0.6064419463
1.2467972567
1.4140716505
-1.0547735103
-2.0037003363
1.8042831677
-0.4997151825
0.9292371585
-0.2663654645
-1.1403278658
0.8182939578
-1.5117788698
-1.2917739804
-0.2030254333
1.6840135521
-0.9179485671
0.1967731010
0.2726224295
-1.5342136490
0.5314670739
-0.0338534517
-0.6272407407
-0.2930325140
-0.4029346068
0.4504018303
-2.2039142452
1.2094755425
2.5533236599
0.6297945407
1.3299931227
0.0647139364
0.4092855592
0.9610752079
0.0374739673
-0.3968231082
-0.7809324920
-0.8121061245
0.0023918599
-1.4514646585
-2.3916675187
-0.5538190626
1.3872679852
-0.4164850725
-0.5111135406
-0.9839728801
-1.9346598605
2.2384990384
0.7897417484
-0.8384320664
0.4543233038
0.1511760711
-1.0226542774
-1.2060631544
-0.1298122942
-1.6825900074
2.2520651679
-0.0116677169
-1.0455861992
-1.8071352251
0.7220196560
-0.1007213723
0.7699942096
-1.3730030611
-1.1764380290
-0.1765216884
-0.4466796515
0.3965016740
0.3697659456
0.1481359239
1.4534254348
-1.0360603503
-0.9663387106
0.8711872581
-0.2813184180
-0.2048271097
-0.5610407070
1.3482917744
1.1797173680
-0.3576782315
-0.0280450441
-0.7199145470
0.6146561221
0.5397567999
1.2214549149
0.7992860162
-0.5831262782
-0.0543949822
-0.2035390616
-0.7726194678
-0.7106946910
1.0578989850
0.2771071238
-0.5554393127
-0.8745064302
-2.0453003176
0.5512716317
-1.9316197490
0.0483291346
-0.0509936241
1.6187092572
-1.9347067413
1.4035372200
-0.3484446644
1.6314284270
-0.0148108576
0.0038340418
-1.0571399355
2.5973677988
-1.8305701136
1.8119272718
-0.3041685197
-0.6019130666
0.9411361366
-1.2894485504
-1.4043743751
-1.4664050780
-0.4210512390
-1.1882049538
-0.2795963408
0.7122104461
2.5964576137
0.0549127687
-0.4633018141
0.1490770161
-0.6548364725
-0.0941934663
1.6955339128
-0.0710132240
1.0290567535
1.2926744672
0.9597768510
-0.0847097255
-0.2936808125
1.8245793525
0.8603121266
2.0432834858
0.0455514507
1.1183947553
-0.2372281288
1.6061811601
0.2652779448
0.8059347524
-1.1715983709
0.5098325310
-0.3206860057
1.3996130448
-0.8890554529
-1.4979660886
0.4038881147
-0.6830982645
-0.4649861807
0.8572273613
0.6967751637
0.6518378629
-0.2559113588
-1.2554630126
-0.5407379103
-0.5900349180
0.4621018765
-0.5330182815
-1.5215811087
-1.8064828966
0.8780399246
0.7825007758
1.1983412501
-0.6448331475
-0.4304580478
0.7446858283
-0.1896365040
0.1777102005
-1.4025708091
-0.4826725757
1.3877308859
0.5885404393
-0.0749796107
-0.2756061926
0.5762895165
-0.1942368440
-4.2979976619
1.8148451714
-0.0922252644
-0.6697513062
-1.7055000303
-1.2422049101
0.9255164309
-0.3916715988
