14 6 0.01
13 0 0 0 1 0 2 1 1 1 2 2 0 2 1 2 2 2 3 3 0 3 1 4 1 4 2
9 0 0 0 1 1 0 1 1 1 2 1 3 2 1 2 2 3 2
13 0 0 1 0 1 1 1 2 2 2 3 1 3 2 4 0 4 1 4 2 4 3 5 1 5 2
17 0 0 1 0 1 1 1 2 2 1 2 2 2 3 3 1 3 2 3 3 3 4 4 2 5 2 5 3 5 4 6 1 6 2
10 0 0 0 1 0 2 1 2 1 3 2 0 2 1 2 2 3 2 3 3
17 0 1 1 0 1 1 1 2 1 3 2 0 2 1 2 2 2 3 3 0 3 1 3 2 3 3 3 4 4 1 4 2 4 4
9 5
2 9
3 6
1 8
10 2
5 7
0 0 0 0 0 0 0 0 0 0 0 0 0 0
0 0 0 0 0 0 0 0 1 0 0 0 0 0
0 0 0 0 0 0 0 0 1 2 2 0 0 0
0 0 0 0 0 0 1 0 0 2 2 2 1 0
0 0 0 0 0 0 1 1 1 1 2 2 1 0
0 0 0 0 0 0 0 0 2 0 1 1 0 0
0 0 0 0 0 0 0 2 2 1 2 1 1 0
0 0 0 0 0 0 1 2 2 3 2 0 0 0
0 0 0 0 0 0 0 2 2 1 1 1 0 0
0 0 0 0 0 1 1 1 1 1 0 1 0 0
0 0 1 1 1 0 1 1 0 0 0 0 0 0
0 0 0 0 1 2 1 1 1 0 0 0 0 0
0 0 1 1 1 1 1 0 0 0 0 0 0 0
0 0 0 0 1 1 1 1 0 0 0 0 0 0
-1.6643316096
1.4813703723
0.5097830908
0.6549183672
-0.0092932346
0.0829404454
1.3235128314
-1.0216241684
1.7604644017
1.4655529743
0.4593996543
-1.3240752498
1.6363401284
-0.4236075539
-0.0370818717
-0.8426788227
-0.4819305369
-1.0408461013
0.3635733942
2.3072356886
-1.4236063832
1.1248180300
-0.9138209831
-0.6138003914
-1.2015029315
0.3605676978
0.7108227491
1.5878533054
0.2241451198
0.8873510431
-1.9167485240
0.1519421398
0.3495893038
0.2173401329
1.3320406175
0.4521807623
-1.1861255784
-0.5775051668
1.2265574210
0.8108586990
0.1756611351
-0.9653790005
-0.3023533821
0.1450363368
1.5384721834
1.2392725178
-3.1932943586
-0.4832632869
-1.1589985199
1.2325342193
-0.6379253638
1.0229301316
-0.2944865080
1.4974277027
0.8183381006
0.6653215533
0.3284634274
-0.2777793562
0.6515401332
0.3851872282
-0.1267679643
-0.7167071580
0.7369283785
-0.4328505815
1.4484565702
-0.7511811049
0.8279377103
2.1059630594
-0.7671619526
-0.2218685580
0.9250849221
-0.6092923343
0.1917399605
0.7003496369
0.1439083182
-0.8936460905
-1.2262075375
-1.0351684885
0.8054489976
-0.8589447052
-1.2840439374
2.0921175735
-1.3851864200
-0.1053629289
1.1022588069
0.3441673896
0.6729660180
-1.0603477655
0.0138849059
-1.0307711384
-0.7130770872
0.4934319999
-0.2700295432
-0.8324065865
1.2768329323
-0.4587841546
0.3729297285
0.8139175431
0.3728857607
-0.4628562273
0.5922946653
-0.7294771738
0.0663997352
2.2055411901
-0.2925355256
0.3266275074
0.8548456402
-0.2842470518
0.4804809619
0.2501659884
0.3190023658
1.4850067154
-1.2786560673
1.3386251434
1.3709967360
0.9356667134
-0.9910942484
1.6770275999
-0.7216499759
1.8356413130
-0.7999761540
-1.9827519708
-0.3243958983
1.7819350802
-0.1660515257
-0.0089377214
-0.3375489769
0.0943089673
0.0211210171
-0.2131286986
-0.8871356616
0.0870304669
0.6842171430
0.9594714245
-0.8405841331
0.9683844903
-1.9535734990
1.0062896287
-1.0368109960
1.2361509549
0.2043398054
0.5773505926
1.4977489101
-0.0334995303
-0.4347566743
1.7343204896
0.6155377154
0.5585479593
0.0329512082
0.0398176212
-1.2464795720
-0.2498240629
0.6391783479
-1.6468781834
0.8681671897
-0.7153711835
-0.3389764072
-0.8422206996
0.7010582634
-1.3733078532
-1.6817928880
-0.4875202936
0.5580352872
-0.7721323519
-0.0356869987
0.6270511439
0.9699242639
1.3472899041
-0.0154561533
-2.0641996184
-0.5685542120
1.7673389990
0.1135367559
0.8078148660
1.3238021074
0.9980557385
-1.5943547490
-2.5045353631
0.3579875721
0.5357318180
0.8531704568
-1.4623874650
0.1248818295
-0.7237853392
-0.0271127290
-0.6929893201
-0.4818894378
0.8462504387
0.6723380410
-0.1673571307
-0.2295824262
-0.4979831691
0.1134837187
-1.7463187841
-0.7825228816
-0.0299050015
0.0796785620
1.2678241844
0.5506035836
-2.4012013643
-0.0188597366
0.8944037718
-0.1760974132
0.2040350941
-2.0589583818
-0.7953691240
0.9254239631
-1.7360027310
0.5341500044
0.1469862909
0.5094750263
-1.6837520060
-0.2446695648
-0.7904401969
-2.0622132610
-1.6400226951
0.5468755603
-0.6916111570
1.0668218509
0.4068316076
0.8911057261
0.7784950577
0.1362460211
-1.0436110876
-1.6472890067
2.0413731288
-1.5548138346
-1.7722900958
1.0405929601
-0.0122532460
-0.8529408863
0.5841503195
1.1660505087
-0.7468980472
-1.3336978244
-0.7852297560
0.0291331652
-0.1821028855
-0.4612548169
0.0387703215
0.0417572671
0.1128866892
1.0158474970
1.1379280660
0.4170280041
-1.7717832482
0.7366056037
0.8911985606
1.3461117844
-0.3694340112
-0.3064619707
-0.4119381171
-0.6031806391
-0.3262124199
1.3085215022
-1.3977795155
0.7096145567
0.4954423011
1.2550398071
-1.0018907323
-0.2895887299
-0.3249666818
0.9990405759
0.1923323602
0.3003517428
0.9124307025
-0.5325786105
-1.8577525340
-0.9416825127
-0.1744742638
-1.0580250760
-2.0130700431
0.4329565817
-0.4157580162
-0.4268684159
-0.0115443020
-0.6813465100
-0.2898633841
1.3207687943
0.7365490000
-1.6289041045
-0.5097561050
0.3545322182
-0.2942518394
0.2125339683
0.3385852635
-1.2066333196
0.0206396512
1.6812362624
-1.8377913702
-0.8296680037
0.6873505416
-0.0281238851
-0.3330682836
-0.4120741814
1.6732673461
-0.2547878789
-0.0274539640
-0.9094057932
-0.5260615528
-1.2028911123
0.6684637824
1.0163049411
-0.1086408800
-0.2722732276
0.9227237579
1.1221009972
-1.1275382185
-0.1573070678
0.5507334125
0.0965818286
1.3402853440
0.5498762531
0.1556731908
0.4522826468
1.4387413817
1.2481233122
-0.2683487325
1.7074999151
-0.4801644638
0.2915334982
1.8104468621
1.6918319259
-0.7351896981
0.6880402530
-0.5154548666
-0.0294808104
-0.3189040927
-1.5149414223
0.1533495870
-0.7623046269
0.8374144947
1.4175553899
-1.3489943877
-0.4557810709
1.4730075438
0.6468215496
-0.0744669107
-0.9112870748
1.1773756682
-2.6674543412
-3.4780726702
0.9638711855
-0.7707986322
0.2029178153
1.2972355780
0.4747829718
-1.7779600397
-2.7142946872
-0.5650880028
0.9554688721
1.0881741464
-0.5486532429
-1.4472957469
-0.6690741737
-1.8466430601
0.0618947383
0.8842189082
0.7723437523
0.6319820515
0.7226925640
-0.1650463987
0.9197060279
1.0727284565
-0.0734003342
2.5742311981
0.3436538166
-0.7001586912
-1.2818936860
0.0932041499
0.1978224281
-0.3590288511
-1.1330986809
0.3231967627
0.3115210706
-1.4032455375
-0.1955766758
-0.4471338160
1.1322000592
-0.1668925932
0.3409919726
0.6069752430
-0.8513501255
0.6981754315
-0.9908886963
-0.8989105413
-0.4187858883
-0.8706364909
0.2525408629
-1.7861513703
0.0637242382
-0.6451023482
