13 3 0.05
15 0 0 0 1 0 3 1 1 1 2 1 3 1 4 2 1 2 2 2 3 2 4 2 5 2 6 3 3 3 4
10 0 1 1 0 1 1 1 2 1 3 2 1 2 2 3 0 3 1 4 1
16 0 2 1 0 1 1 1 2 1 3 2 1 2 2 3 0 3 1 3 2 3 3 3 4 4 0 4 1 4 2 4 3
8 4
4 2
5 6
0 0 0 0 0 0 0 0 0 0 0 0 0
0 0 0 0 0 0 0 0 0 0 0 0 0
0 0 0 0 0 0 0 0 0 0 0 0 0
0 0 0 0 0 0 0 0 0 0 0 0 0
0 0 0 1 0 0 0 0 0 0 0 0 0
0 0 1 1 1 1 0 0 1 0 0 0 0
0 0 0 1 1 0 1 1 1 1 0 0 0
0 0 1 1 0 0 0 1 1 0 0 0 0
0 0 0 1 1 1 1 2 1 1 1 0 0
0 0 0 0 0 1 2 2 2 1 0 0 0
0 0 0 0 0 1 1 1 1 1 1 0 0
0 0 0 0 0 0 0 1 1 0 0 0 0
0 0 0 0 0 0 0 0 0 0 0 0 0
1.6111313705
0.7775205951
-0.9242731963
0.8700403140
-2.9487297605
-0.4472678264
0.8553059971
-0.4680021099
-2.3353648005
0.1068385129
-1.5140784100
0.2146046655
-0.1868492284
-0.1909544240
1.1749871014
1.9111422267
0.6390984147
-1.3665691411
-1.3317758137
0.4469822608
2.3286965237
-0.8680165016
-0.9725841737
0.2337662974
0.9223885282
0.5450580683
0.5177796937
-0.1615208792
-1.1364665564
-0.8440374663
-0.1629544856
1.2591140208
0.3426659891
0.5634437979
-0.9803060547
-0.6568982321
0.3093848163
-1.6465307864
-0.4804349644
-0.0459032382
-0.1441997378
-0.2279034457
-0.5324058066
0.0794567907
-1.8454848509
-1.4986501171
0.5890914343
0.5433828191
0.8758912014
0.7013037433
-0.4735770916
0.0849416837
-1.1637713949
0.6876668046
-0.8927388048
-1.4379931957
-0.2670462193
-0.8007275013
-0.6828211950
1.0596715098
-0.4850160573
-1.5548442470
0.2771630654
1.1845524358
-0.4196002390
-0.2492675808
0.8042834387
0.4659278775
1.1547867938
-0.3030416873
1.7367189518
-0.0893960173
0.5349382112
-0.9079418671
1.9601147111
-1.5008457672
-0.2130163595
1.4618635137
-0.0578296149
0.6020728716
-0.6114441986
-0.6495105758
-0.7916154084
-0.1610578284
0.0738942769
1.0592164334
-0.1165062080
0.0479585654
0.7358629465
0.1324606802
1.6555786001
0.4842664694
-1.0503855144
0.8802275187
-0.2613537839
0.9255721346
-0.9176648102
-1.5305102370
0.9438371181
-2.9561138768
1.2302493367
0.6856093272
-1.1673769815
-0.2079814441
-0.1873607377
-0.8846394984
1.8055777799
-0.7097194258
0.7359891237
0.3014570814
-0.4474282678
-1.0010472511
-0.3468220017
-0.6299764783
-1.6056044423
-1.6406006029
0.9989853684
-0.9696008266
-0.4367318376
0.4791644524
-1.4611312878
-0.5679168933
-0.2823619758
0.5305961605
-0.7548252717
-0.5211708481
1.2760153432
-0.3180807746
1.0627789133
0.1768785425
-0.3223340444
1.5474027636
0.1755810744
-1.0601997437
-1.1513386834
0.9627119176
2.6164712449
-0.2970497159
1.1311267091
-1.6315160665
-1.6864012706
1.0050727131
-0.6085887802
0.6250284988
-1.4144792758
-1.5503617208
-0.7899636969
0.3628158352
-0.8011300601
0.3751741847
-1.4974175794
1.7203458730
1.1548835050
1.7650830785
0.2214800484
0.7336358702
0.6466135335
-0.4214455993
-1.6615179491
-0.1168349263
-1.0975250857
-0.0847376926
0.0112752598
-0.5484060418
-0.7006613779
0.9738203140
0.2959073061
0.3048489223
-1.3558899874
-2.3755107652
0.1516831829
0.3001870762
1.4806427704
1.2171823679
1.0258095980
0.3908829742
0.1267863361
1.0054404620
0.3554741849
0.2185155084
-0.0019248138
-0.7982419138
-1.5085460769
-0.4798884615
0.9360112254
1.9964684927
-2.6890375076
0.1738189858
-1.6526655673
-0.5089940276
2.0026207375
0.8845447308
0.7032444138
-1.1845358508
-1.3087103703
0.3704833413
0.2237575291
1.0997285080
1.2383485184
-0.2136662444
0.1577804344
2.2240103813
0.5608142496
-1.3396091510
0.4502536894
1.2291670777
0.1345748417
1.3699851039
-0.4487240220
0.2781462428
-0.7411786748
-0.4961025274
0.4731821353
-0.0201878368
-0.7359120729
-0.8827959384
-1.4106785682
0.8113997192
0.8585842282
0.1074222897
-0.8328484665
0.2289596279
-0.5986223291
1.2001840295
-0.8842630007
-0.7831141832
-0.1942147908
-0.4337030790
0.6868950834
-1.6087489207
0.2728552856
0.2301372832
-1.1639208615
-0.8384812202
0.0784386304
-2.0519117617
1.1206833051
0.7310558008
0.1704448414
1.7227182307
1.3375782002
0.2199886526
1.4808849503
1.3609724363
0.1516822620
-0.5073121717
0.2819881254
0.5355898996
-0.5376319250
0.7409828994
-0.2910325597
-1.2686949215
0.3469508724
-0.5853938809
-0.4531743847
0.1357828457
1.3962499106
0.1763681013
-0.3117858058
-1.2515923137
-1.0431034606
1.0261155984
0.5486640839
0.8851999170
0.0624711660
0.7141681117
-2.4204099330
-2.3063424925
-0.5340532307
-0.7672063917
0.2546173037
0.5558260068
-0.7695460130
0.1692096821
-0.2241786700
0.9370426755
-0.7737646747
-1.0047849579
-2.1663194420
-0.0109826568
0.1643061678
-0.3301791303
1.9396926339
1.2355472201
0.7385178442
1.1555615368
-0.1740615045
0.5101783860
0.9803363774
0.8868103568
-2.9552791117
1.1171417638
-1.3301254972
-1.3101092759
0.2082668635
-0.1884496550
0.9443716067
-0.7036079135
2.5450081115
0.6494642161
-0.6174013817
-1.3255014598
-0.3338521050
-1.4774818131
-1.3320441876
1.2011938577
-0.3435104343
0.5142579335
2.1447211579
-0.1527211261
1.0478792321
0.7307820636
-0.5339648430
-0.3547588091
1.1275843919
0.6875333861
-1.9827906534
-0.4203407316
0.2855968286
-0.2117748460
-0.3241933404
-0.3587222725
-0.2813248518
-0.2234935369
0.8927323700
-1.6327864350
0.6320952059
0.6260584624
-2.2051599933
-0.9830689283
1.2108212720
-1.0231431307
1.1729465829
-0.3722993365
0.0702454711
-0.6626777282
0.7289055520
0.8926438389
