10 4 0.02
14 0 0 0 1 0 2 0 4 1 0 1 1 1 2 1 3 1 4 2 1 2 2 2 3 2 4 3 2
16 0 3 0 4 1 2 1 4 2 1 2 2 2 3 2 4 3 0 3 1 3 2 3 3 3 4 4 2 4 4 5 2
16 0 2 0 3 1 0 1 1 1 2 1 3 1 4 2 2 2 3 2 4 2 5 3 2 3 3 4 2 4 3 4 4
7 0 0 0 1 1 1 2 1 3 1 4 1 4 2
1 1
3 3
5 3
5 0
0 0 0 0 0 0 0 0 0 0
0 1 1 1 0 1 0 0 0 0
0 1 1 1 1 1 0 0 0 0
0 0 1 1 1 1 1 1 0 0
0 0 0 1 0 1 0 1 0 0
1 1 0 0 1 2 2 1 0 0
0 1 0 2 2 2 2 2 0 0
0 1 0 0 0 2 1 2 1 0
0 1 0 0 0 2 1 0 0 0
0 1 1 0 0 1 1 1 0 0
-0.0888089354
1.5812040916
1.9277490165
0.8963925563
-0.8767522379
0.6278368932
0.7268706384
1.3583582292
1.9234247535
0.2117693541
1.2878270329
1.3844815937
0.5531776747
0.0801470877
-0.8628427054
-0.0602396932
-0.2831118987
-0.3335645953
-0.0066042449
-0.6380182466
-0.1112211573
-0.3568928240
0.0157523187
-0.1086250861
1.5197540523
1.0522882160
-0.9096726544
0.7317898582
0.0925207931
0.4379906448
0.6339771574
0.9439145990
1.9152994228
0.2598345307
-0.1770962176
1.1679842918
0.3682113977
-0.2487785901
1.3763923649
1.5361107201
-1.1676900198
0.4419741957
-1.2657965893
0.9939681044
1.3687530025
1.9475079544
1.0499699480
0.9736945447
-1.3606653818
-0.4492782021
0.3038321538
-2.7993552912
0.2498264476
-0.7912302961
0.3072864356
1.2773939915
-0.0486079092
1.2911919432
0.0145024008
-0.4473495926
-0.7107128992
-0.0255669497
-0.5956654147
-0.0320349833
-0.8629476807
-0.6242529690
0.2540397954
0.7871206938
-1.4018859238
2.5242464409
-0.7528518900
0.8110674975
-0.0436330676
-0.1358201943
-1.2065015714
-0.0017621951
1.6656617639
0.9286092405
0.0199205073
-0.3995642009
-0.5803737863
2.7789238724
-1.1452705325
-0.4353856342
2.0716950143
-0.2340388978
1.2338993044
-0.7833201623
-0.6536617471
0.0849012144
0.9673326273
-0.3754930391
-0.8301699345
0.0190177572
0.9018244030
-1.8505137063
1.8146964864
-1.1443841876
1.7075964463
0.7436018727
-1.3557517106
-0.3850041991
-0.3802673589
-0.8114511170
-0.8599300493
-0.4594439352
-1.8604475221
1.2667081849
-1.4996064722
0.5618724392
0.3505154179
-1.7199937482
-0.3261605154
-0.7409357916
-1.1111852170
1.2486215610
0.2927475087
1.1056959459
-0.4512777622
-0.2647242222
2.0575557105
0.2093323278
-0.9482779425
0.1728472000
0.5330943775
0.1435810745
1.1444395161
-0.2078414535
-0.8149305157
1.1149157763
1.1111539434
0.8498424269
0.2165480765
0.7582811625
-0.2999374063
-0.2337950488
-1.5271742860
-0.0282137233
0.9475886000
-1.7163263929
0.0378642882
-1.2414414044
-0.2395863956
-1.5293537529
0.6962891061
-1.8151935768
-0.5419887230
-0.9853412662
-0.7780860961
0.6025325026
0.3102328162
-0.5483939096
-0.4589488812
1.7231026397
-0.0532879136
1.0770650045
0.1662563855
-0.9231473812
0.3917316647
-0.1561596409
1.1638342002
1.1229151767
-0.1047249484
-0.4609887862
-0.0477445312
-0.0739560777
0.0009703696
-1.3660640755
0.5920412674
-0.5429831356
-1.2048505542
-0.7651380322
-0.8750270251
-0.5999701471
0.6272185773
-0.1137514333
0.2451370442
-0.9163289709
-0.8749672651
0.3155493707
-1.2129008733
0.0970994563
0.2160757838
-0.4167523451
-1.3197438071
1.7678602626
0.9405475073
-0.7514884164
-0.8382516827
-1.0663727902
0.6585355717
-0.3698217361
-1.4835118952
-0.8936989126
0.9780620089
1.0364771666
1.5944727513
1.8774671181
-0.3368215382
0.2764487970
