20 6 0.04
14 0 0 0 3 1 0 1 1 1 3 2 1 2 2 2 3 2 4 3 2 3 3 4 0 4 1 4 2
15 0 1 0 2 1 0 1 1 1 2 1 3 2 0 2 1 2 2 2 3 2 4 3 0 3 1 3 2 4 0
20 0 3 1 3 2 3 2 4 3 2 3 3 3 4 4 2 4 3 4 4 5 1 5 2 5 3 6 0 6 1 6 2 6 3 6 4 6 5 7 2
23 0 3 1 2 1 3 2 1 2 2 2 3 2 4 3 2 3 3 3 4 4 1 4 2 4 3 4 4 5 1 5 2 5 3 5 4 6 2 6 3 7 0 7 1 7 2
18 0 2 1 2 2 0 2 1 2 2 2 3 3 0 3 1 3 2 3 3 3 4 4 1 4 2 4 3 4 4 4 5 5 3 6 3
18 0 1 1 1 2 0 2 1 2 2 3 0 3 1 3 2 4 1 4 2 4 3 4 4 4 5 5 2 5 3 5 4 6 3 7 3
9 2
10 1
0 7
9 6
13 7
0 2
0 0 0 1 0 0 0 0 0 0 1 0 0 0 0 0 0 0 0 0
0 0 0 1 0 0 0 0 0 0 1 0 0 0 0 0 0 0 0 0
0 0 1 1 1 0 0 0 0 0 1 1 0 0 0 0 0 0 0 0
0 0 1 1 1 0 0 0 0 1 1 1 0 0 0 0 0 0 0 0
0 0 0 1 1 1 1 1 0 1 1 1 0 0 0 0 0 0 0 0
0 0 0 0 1 1 1 0 1 1 1 0 0 0 0 0 0 0 0 0
0 0 0 0 0 1 0 1 1 1 1 1 1 0 0 0 0 0 0 0
0 0 0 0 0 1 0 0 0 1 0 0 0 0 0 0 0 0 0 0
0 0 0 0 0 0 0 0 0 0 0 0 0 0 0 0 0 0 0 0
0 0 1 0 0 1 0 0 0 1 0 0 0 0 0 0 0 0 0 0
0 0 2 2 0 1 0 0 1 1 0 0 0 0 0 0 0 0 0 0
0 1 1 2 2 1 1 1 1 1 1 0 0 0 0 0 0 0 0 0
0 1 1 1 2 2 0 0 1 1 1 0 0 0 0 0 0 0 0 0
0 1 2 2 1 0 0 1 1 2 1 0 0 0 0 0 0 0 0 0
0 1 0 0 0 0 0 1 1 2 1 0 0 0 0 0 0 0 0 0
0 0 0 0 0 0 0 1 2 2 1 0 0 0 0 0 0 0 0 0
0 0 0 0 0 0 1 2 2 1 1 1 0 0 0 0 0 0 0 0
0 0 0 0 0 0 0 0 1 1 1 1 1 0 0 0 0 0 0 0
0 0 0 0 0 0 0 0 0 0 1 0 0 0 0 0 0 0 0 0
0 0 0 0 0 0 0 0 0 0 1 0 0 0 0 0 0 0 0 0
1.4555149918
0.9253796290
-0.4463787777
1.0085950344
-0.0821996887
0.3549343459
1.2591828367
0.3310991138
0.2333211524
-0.6155825425
1.9394385958
0.6873802644
0.0887086047
-0.9766202624
-1.7986990498
-0.2041426002
-1.0588273857
-0.0139346546
1.3668773716
0.3592461799
0.5622761024
1.3480138313
1.2507207401
1.1706775439
1.0183976807
-0.1336257364
0.0123457971
-1.3263037040
0.4658153216
1.0948252920
-2.1975276020
1.1015989351
-0.2046206944
0.8979348004
-0.0325169660
-0.9506677867
0.0077993542
-1.3757031593
-0.5210266242
-0.4335850898
-1.7668395560
-0.0708401984
1.5848467696
-0.7076726532
-0.9916240884
0.0052519583
-0.4526711225
0.7037877510
-0.1644678386
-2.1030440477
0.8818968751
-0.4502343495
0.3307715786
0.9798969625
-0.4277546229
1.6774529037
-0.2983546732
-0.5182225993
-0.6083574812
0.4286662942
-1.2868262371
0.1107740574
-0.9530362348
0.1633063977
1.6397930689
0.8437947853
0.1060050329
0.8147107123
-0.3235679301
0.2347865612
0.7054005888
0.0397911676
1.0101510332
-0.0390139259
-0.6071017649
-0.1731722558
1.0880832944
0.6810341225
0.3037535047
-0.3243304436
-0.7295075112
-0.0143075910
0.1483122161
0.7602004805
-1.2894681397
-0.0884398678
-1.0209872175
0.8285959009
0.9631932604
0.1761686691
-0.9967729006
0.8275029803
1.3433099787
1.1551653942
-0.0490051684
-0.4737802844
-0.9723378046
0.3309453330
-1.3150073038
0.1254581586
-0.4615246613
0.1548985884
-0.9358514171
-0.1438788671
-0.3959197876
-0.5817426756
-0.5462911501
-1.4136645092
1.2887604715
0.6197857668
-0.9366208208
-1.2138679903
-0.6512934932
0.2709413985
0.3856245534
-0.4795878529
-0.6802009310
-0.1738736112
-0.6337061096
0.4879170166
-0.5496316108
1.6840945342
-1.1705493996
1.2176531951
-0.2607041211
-0.8470204885
-2.1054343802
-0.0317644850
0.7077509593
-0.2645511799
-0.4762444396
-0.7036621392
1.9042911434
0.7965355439
-1.8942219512
0.6516944803
-1.0813772241
-1.0290738525
0.6519427882
0.4473329589
-0.1830869731
-2.3410980040
0.6071751773
0.4659786295
1.5536283923
-0.1064390835
-0.3730310365
-0.0072905321
2.4149889254
0.4857698980
-0.6651615952
-0.9721174747
0.2780913133
-0.9108457423
0.8963923257
0.4733389133
1.1710048227
-1.8912752002
-0.6778082806
0.1720108080
1.1667655213
0.2734150831
1.4118615782
1.4042518732
-0.7362072042
-1.2825704384
-0.0873713503
-0.2885986328
0.8953038402
0.7945080181
1.0948706713
0.3691916324
0.0414380007
0.5504920015
0.8805286495
0.7690980484
-0.1106188138
1.0246638367
0.7224419358
-0.6809356217
-0.3081059742
-1.6600329360
-0.7054970818
0.4657254853
0.1321484684
-2.4221276477
0.8061240780
0.9615867194
-0.5932706973
-1.3624641695
-0.9326730211
-1.7918991309
0.3196613637
1.6757531682
-0.6766457024
-1.2047781082
-0.0496323317
0.4241689119
0.5102565065
1.1981583939
-0.1947164143
1.0164587216
-1.2366001076
-0.9566817169
-0.8442219646
0.9947994168
-1.5366576313
0.8360914187
-0.1379613679
0.5573014354
-0.5378722734
1.4090957581
-0.1471044047
-0.3844970081
0.4736018552
-0.6336803161
0.5798925136
-0.3339963288
-1.0517109284
0.2750607082
-1.1540414400
-0.8838646698
-0.3602042434
1.2701235557
-0.7232097725
1.1725439897
0.1874584452
-0.3027984848
-0.0066718067
-0.1543493306
-0.1067438350
0.4610933994
0.8600183883
0.0620694519
-1.2224023740
-0.8323717483
0.7558235890
0.6236988787
-1.0941215321
0.3107841628
0.3668045411
1.2949076995
1.2673863729
0.2458363053
2.1755060223
1.4469847637
-1.7373427487
-0.4551152911
-0.7586573147
0.3121757710
0.5925258711
0.6436383741
1.9261782908
-1.8740720161
-3.0213478585
-1.6103307908
0.3032089519
-0.9809747687
-0.3225011983
1.9487036540
-0.9247779242
0.6008355615
-1.3297453817
-1.7114944052
0.4662130811
0.5156449385
-0.1368982636
1.4542366782
-0.3300825390
-0.4991046441
-0.3404192371
-0.7833620344
1.1897737640
-0.0492838536
-0.9534687791
0.4294220222
-0.6815040535
-0.2435938433
0.4863783423
0.9198369605
-0.0348313761
2.0044163877
-0.2656104323
0.2532184368
-0.7315150398
0.4728174330
0.2183824594
-1.3478965145
0.4997830642
0.0486435839
-0.8165098869
0.7719363759
0.2742928536
-0.2919892569
0.5677650321
-0.6721439486
1.2871469157
-0.0376816925
-0.3579299755
1.0829235964
-0.4980635314
-0.0037790771
0.8101417636
-1.3244729297
0.5082788165
0.0630813699
-0.2768305189
-1.3759626835
0.6053339462
-0.6739917085
2.3683037284
-0.6207322698
-0.8765471508
0.2019085329
-0.8508661302
0.1771917886
-0.1033304128
-2.1291920104
-1.9388648853
-0.1068628106
-0.0056058266
-0.0660251694
-1.2011692469
1.1197643213
-0.7443040749
0.1477382209
-0.1312054783
0.7099042255
0.9098203532
0.4325571728
-0.0709398360
1.4572314835
1.0804674607
1.2145600225
-0.1834055916
0.7261076626
-1.7398454855
-1.8201040832
-0.8525391658
-1.5457668958
-0.4136954087
0.5681043552
-0.4443388300
0.5039857366
1.2534436721
0.0781453002
-0.7363005061
0.7670697195
-0.6708785267
-0.7282601876
2.0478061359
0.8857408262
0.5916959072
-0.4046155785
0.0380370368
-0.8510552514
0.1731767550
0.6357692311
-0.1254594034
-0.5410287287
0.5809420168
0.4212648198
-0.8381507206
-0.4329143087
0.0523603792
-0.0706125326
0.4781994153
-0.9388366980
-0.2041208342
-1.4098229646
-0.2744236371
-0.0466219413
-0.1015944640
-0.5247037498
0.9713638509
2.1039460255
0.3862996363
-0.0316141227
0.0614444316
1.7425044003
-0.2026495435
0.0626575955
1.4368216638
-1.4122532065
1.1864989162
-1.3193096159
1.0077211489
-2.0098925848
0.1757733456
0.8979008966
-1.5638034187
-0.5390465387
-0.5449441371
-1.8706615937
0.0187981653
3.0265051902
-1.3135757327
0.6670824260
0.3489154034
0.6121158888
-0.1355341177
-0.2950278487
-0.8884332123
-1.3442549484
0.6010394556
2.0386949629
1.6101969614
-0.1406391509
-0.8854084175
-0.5653878675
1.5234034582
-2.0097872874
1.6494580610
-1.8029052236
0.0456039671
-0.4160605113
-2.6880778313
-3.4089389134
1.8712293535
0.4784422862
1.1541928245
-0.5887298291
-0.4927829502
-0.9894350533
-0.6189809210
-1.0940569284
-0.6973152345
-0.2913113092
-0.2771016714
0.1898638707
0.3899656881
0.4134661167
0.7883885159
-1.4965059810
-0.2096665611
1.7811988184
0.1704933247
-0.9538423171
-1.7594251262
0.6865136965
-0.3194894883
1.1550294552
1.5190491482
-2.5010544111
1.3231666707
0.0270831804
-0.1902849259
0.9472000973
-0.9592434502
-0.2908042881
0.3731793789
-1.1264782755
-1.5723718509
1.3856703564
-0.2099329899
-0.9225408225
-0.7148918847
-0.5502515145
0.4779983442
-0.2209674551
-0.4770492889
0.9694011982
0.7919019011
0.3678392072
0.1807050047
1.3814677163
-0.0630514019
1.2943122934
0.1201903056
1.6283420450
-1.5291116235
-1.1999362969
0.7364149811
1.3397360172
1.6075739672
-0.6181711073
-0.6865202281
-1.1758685609
-0.4879403795
1.3227984898
0.3029632951
1.9613055133
0.3584578045
-0.0530467189
-1.5603589183
1.6270775202
1.5227253732
0.1368512454
-0.3958212383
0.5083053765
1.0736662893
-1.6005561295
-0.4942681759
-0.5297249793
0.8249845026
-0.3675701760
-0.2584416906
-2.4251949185
0.4951324719
2.8684257624
-1.2591486620
1.7715397886
-0.1771405472
-0.3271955478
0.0062100901
0.1521435235
-2.0012839591
-0.8265562056
0.4135506590
0.0234665557
-0.2646363756
-0.6310955439
-0.3972949372
0.1631813552
-1.4787192844
1.4928542211
0.7814011539
0.8692760422
0.8176339961
-1.2381405657
-2.0207253202
1.2495711353
1.4107488086
-0.3560599343
2.0121087023
-0.0187093069
-1.4460017477
-0.3778252742
0.3087665633
-0.8152658806
1.1047753367
-1.6525850770
-0.5917889287
-0.6320443348
-0.3281035737
-0.3938822841
-0.8694516219
0.7368689638
-0.2917412198
0.4967874218
0.5951428461
-0.7797524869
-0.4094318833
-2.6162737818
-0.0957637119
-0.1910730033
0.2826495251
0.6035524328
0.4508569165
-1.7169125334
0.3135864841
1.0401733117
-0.4114754418
0.4474628450
0.9810628962
0.1383302562
1.8731943904
-1.4005243765
-0.2656084062
0.6842935878
-0.2446935011
0.5039961506
0.1170344348
-0.7138408080
-0.2996557131
-0.1810646169
1.2829877905
0.2710183996
1.6532303310
-0.7584529433
0.0635390951
-0.4854530109
0.2453451752
-0.8469512066
1.0447428439
0.8477264497
-1.1002088325
0.4797550360
0.4789448951
-1.2310688015
0.8931747554
0.6998544291
-0.8949291255
3.1516448873
-1.7162860474
-0.6722904107
1.8276009612
-0.6820203418
-0.3474777011
0.3230135682
-0.2803462603
0.4330229859
-0.1582348992
1.3729901939
-0.6738001572
0.5624688448
1.6025150470
-0.1215002963
-0.0953362900
0.2874646420
1.3430376403
-1.0125933339
1.3864351430
0.6242485501
0.1091819229
-0.7501994351
-0.7911783473
0.4102391568
0.2225588339
0.0239248624
-1.0574619084
-0.0926244790
0.3634708767
-0.1744219080
1.8288271175
0.6683267400
1.4625816276
0.3734470448
0.3588280585
-0.0988246720
-1.3951690823
1.3772887469
1.5632047313
0.5351269397
-0.1980029697
-0.3824535402
-0.6360436465
0.8878650699
-0.0998322330
1.0699159356
-0.5932325044
1.7028019231
-1.1088323365
-0.2400603922
1.0713360974
-0.7721389483
-0.0257940978
-1.2754902226
-0.9311672640
-0.7146699573
-1.5459446261
0.9227569154
1.7828366132
-2.0752443838
-0.5506142365
0.4783502214
-1.5391542117
0.3494575977
0.2905443093
0.1682513202
1.4980011601
1.0622492549
0.7425901473
0.9709936307
-0.1747154690
1.7827613125
-1.2091038010
0.0859149574
-0.3749638250
-1.4131939811
-2.9841037957
-0.8100338696
0.5013942137
-0.0546002558
0.3202212406
-0.6326133731
-0.5730893839
0.9045852275
-0.4255660121
0.0710883352
-0.9877975989
0.1702258653
0.5511838769
0.4004439040
-0.4842191360
-2.0928565848
0.1158685794
-1.5258051997
0.8841535880
0.0687473109
-0.2876199464
-1.0553144359
-1.4412643534
0.2948245517
-0.1426021762
0.3847294273
-1.7748591017
1.1241729037
0.8869435508
0.7685347386
-1.1814082514
-0.3150734363
0.5216848758
0.7895249331
1.9955470795
0.2796567640
-0.0401470731
1.1890856392
1.0737019963
-0.0111246582
-0.7598265975
-1.0074004697
-1.2404076676
0.4140981029
0.5561440139
1.1404560579
0.3736927599
0.1776298796
0.1413399906
0.1397179093
-0.4720131275
0.0351856955
0.9187893179
-0.5855405063
1.1129123215
1.6984657812
0.3979372910
-0.3170913294
-2.4878633583
0.3537529129
1.4780411644
1.2203638965
1.4664544924
-1.1543254104
1.6433089252
1.4577654534
0.7907533420
0.4304605449
0.6742013525
-1.1810620172
-0.5839239585
1.9150124632
-0.2951516831
-0.0485522996
0.7289365372
-0.7879170213
1.5050252202
-0.1123556617
0.5855762514
-0.8837616112
0.9827186946
-0.9977032361
0.7041210790
-1.3692487832
-0.6881768843
0.5585663367
0.5364820983
1.2936877559
0.4737774871
-0.5985968711
-0.1923877837
-0.6657192242
-0.9763118724
-0.9744582812
-1.0745704589
0.2748796033
0.9229870014
1.5659831104
0.3625407146
0.4658075299
-1.0411497315
-0.1793728620
0.1970902988
-1.5903197252
1.1300425866
0.2647641596
0.7988041202
-1.6024568485
0.1812570948
-0.7965862488
1.1577475790
0.0048871119
-0.8550375985
-0.0221841320
-0.0784732327
-2.1163214162
-1.9813174129
1.3817387209
1.5786255595
1.1851972732
0.1624775404
-1.1909905711
0.4120308441
-0.8980431477
-0.9655348141
1.0349037958
-1.4986183475
-0.0972441723
1.5066116667
-0.3900074351
-0.4163982538
-0.5973582412
-1.1461111748
-0.7466044692
-0.3814601769
1.7579058926
1.1854000391
0.0836884500
-1.0368485734
0.0114154923
