16 11 0.10
13 0 2 1 1 1 2 2 0 2 1 2 2 3 1 3 2 3 3 3 4 4 2 4 4 5 4
10 0 1 0 2 0 3 0 4 1 1 1 2 2 0 2 1 3 1 3 2
5 0 2 1 1 1 2 2 0 2 1
10 0 1 0 2 0 3 0 4 1 0 1 1 1 2 2 1 3 1 3 2
11 0 2 0 3 1 0 1 1 1 2 1 3 2 2 3 2 3 3 3 4 4 2
9 0 0 0 1 1 1 1 2 1 3 2 1 2 2 3 1 3 2
6 0 2 1 1 1 2 2 0 2 1 2 2
13 0 1 0 4 0 5 1 0 1 1 1 4 1 5 2 0 2 1 2 2 2 3 2 4 3 3
11 0 2 0 3 1 0 1 1 1 2 1 3 2 0 2 1 2 2 2 3 3 0
9 0 2 1 0 1 1 1 2 1 3 1 4 1 5 2 1 2 2
7 0 0 0 1 0 2 1 1 1 2 1 3 1 4
5 1
2 10
13 7
3 3
2 1
6 3
12 5
8 9
9 10
11 9
7 4
0 0 0 0 0 0 0 0 0 0 0 0 0 0 0 0
0 0 0 0 0 0 0 0 0 0 0 0 0 0 0 0
0 0 0 1 1 0 0 0 0 0 0 1 1 1 1 0
0 1 1 1 2 1 1 1 0 0 0 1 1 0 0 0
0 0 0 2 1 1 0 0 0 0 1 1 0 0 0 0
0 0 0 2 2 1 0 0 0 0 0 1 1 0 0 0
0 0 1 3 2 1 0 0 0 0 0 0 0 0 0 0
0 1 1 1 2 2 2 0 0 0 0 0 0 0 0 0
0 0 1 1 2 3 1 1 1 0 1 0 0 1 1 0
0 0 0 1 1 2 0 0 0 1 1 0 1 2 1 0
0 0 0 0 0 1 0 0 0 1 2 2 2 2 0 0
0 0 0 0 0 0 0 0 0 0 1 2 2 1 0 0
0 0 0 0 0 0 0 1 0 1 2 1 1 1 1 0
0 0 0 0 0 0 1 1 0 1 1 1 0 0 0 0
0 0 0 0 0 1 1 1 1 1 0 0 0 0 0 0
0 0 0 0 0 0 0 1 1 0 0 0 0 0 0 0
0.7096363011
-0.8805829775
-0.3058130232
-0.7630417014
0.1534275334
-1.1318002885
0.5688375042
0.0472552456
-1.3498897569
-0.5407260091
-0.7510332317
0.0332873612
1.0848904257
0.3970309633
0.0312487054
-0.2690057513
-0.0999594143
-1.0746921725
0.5065003492
-0.0459290273
0.8166196957
-2.7287708005
1.3552134908
1.0262367663
0.4477254153
-2.6780121610
-1.3429125469
0.9542264393
1.0580695636
0.1033979842
-0.6703351606
-1.0735827619
1.7440313563
0.4022636625
0.4479713799
0.0091243011
-2.3290136366
1.1765207687
0.1930352557
-1.0835267398
1.1363961252
-0.4622122243
0.2752464528
-0.2534084965
-0.9258421793
-0.4010755029
-0.6656409824
-1.4258519507
-1.0325210042
-1.4430579328
-0.0833347719
0.6637765837
0.7540486833
0.3251712460
0.7765119288
1.7837612905
-0.7785091894
1.6411707887
-1.1204269094
0.0529176051
0.7911127000
-0.0703595217
-1.0685955023
0.2137554177
-0.6597342452
-0.2185334389
1.0283355985
-2.4435129787
0.0219943243
0.2972423455
1.7164095171
0.6075001406
0.6134219944
1.4040355471
0.0758487689
-0.1750715940
0.6913881542
2.0067610051
-0.0216440636
0.6313400974
-1.0434808200
2.0298670445
1.6289518902
0.9696544500
0.4642459402
0.8452026210
0.2226449460
0.3137991123
-0.1915360450
0.3458800044
0.4195807639
-1.3388595783
-0.1876372651
1.3072612302
-1.3831890465
0.9403614399
1.4952661471
-1.2735501967
1.3303531468
-0.8582534621
1.1673188294
0.8215073920
1.0828366642
0.2441457920
-0.2127373483
-1.1283011643
-0.2516510534
-0.4359825375
-0.7997160255
0.0253585453
-0.1114842894
-2.1212025357
0.2623001240
0.4904574130
0.0136911502
-1.5137798426
-1.7550044003
-0.1260754000
-0.2587051228
1.3296766875
-0.0917501466
-1.1147828819
0.2768784184
0.9072289045
-0.4114456853
0.4063035944
0.0394478861
0.0162621565
0.2013923159
2.3619338640
1.0095745143
0.0018213673
0.3871392976
-0.1002358798
-1.4653502559
-1.1636233725
3.9229496198
0.3913181254
-0.5545809712
-0.0655096281
0.4004827795
-0.0149885048
0.7072592829
0.5177326149
0.0353990074
-0.4997629085
-1.2991639212
-0.0705992770
0.7923825745
-1.9052838133
-0.8248036582
-1.0928454209
-0.8118149208
-0.0392756316
0.7938383971
0.7277916387
-0.9792271958
-0.1974954812
2.0986039558
-0.5592604410
0.4614549863
2.1490624543
1.2324753459
-0.0068815969
-0.0305001879
-1.9185889632
1.5563569286
-1.4109475891
0.4923007818
-1.1000839260
-0.3481701669
0.4742041548
-0.3580912627
-1.0856051538
0.8010222711
0.1648781136
1.3363247030
-0.6964513683
-0.5667482863
1.9167069018
0.1688121632
0.6454517278
-0.0943643831
-0.8836001811
0.1916291782
0.2311779889
0.2134938510
0.8533778390
-1.2333579704
-0.2191366111
0.8653517707
-0.0347527024
-0.7462240661
-1.2395755815
-0.9332935571
2.9304192364
0.7605027739
-1.0181861498
-1.1814545753
0.3511210760
0.3320066116
0.5631483716
-0.8093366730
1.5499910870
1.0628291490
1.0207421908
-0.1602562669
-0.1797465438
1.9893527672
-0.2053350682
-0.4980869382
-0.7037950190
-1.6778654607
0.5310472711
-1.3513928964
-0.6437370178
-0.1646138092
0.2197522167
-0.4971616396
-1.0605258196
1.3028741055
-0.1148037534
-0.2991996931
0.1681269899
0.6832449108
-0.4154552761
1.2489112863
0.5571929439
-1.5147477504
-1.1231499190
0.8948114739
-1.7729424858
-0.3538104191
1.0573837607
-1.8149104438
-2.2527010590
-0.9468424360
-1.8928725623
0.0126647733
2.3472591157
-0.8031753602
0.7635043958
0.5229762086
-0.6754461948
0.5835276466
-0.5010841760
-0.7145014344
1.5601470727
-0.7058615917
0.3657168074
1.2918735106
-0.4517598548
-1.1671274632
-0.7125552664
-0.0735229255
0.4446848137
-0.0620713494
-1.7388548124
-0.6914262963
1.0990621110
-0.3814881052
-0.2067115270
-0.0331849092
-0.8491531986
-1.0408332588
-0.4463855165
-0.2173703593
-0.0940933159
0.5109755100
-1.7914099613
0.4352565967
-1.1407741435
0.4495188535
0.4929700958
0.6331818442
-0.0689111568
0.0447866196
-1.6440888908
0.1914121205
1.6910655621
0.6485010339
-0.2364350903
0.1310484741
0.5559462546
-0.2246997436
1.1510919342
-0.7157939795
0.4048455232
-0.1767308570
-0.7094275083
-1.3253706808
-0.2887852111
-1.4044086571
0.3182743969
0.2989547576
0.5455152809
1.3832565748
-0.8896296480
0.6115175074
-0.2803450140
-1.1860387675
-0.9535081085
-0.0953049885
0.7211815033
2.4072844580
0.2040770751
0.3513910004
1.6432107215
-0.3193661672
0.7090370691
-1.2262647500
0.5251544075
0.1945885971
1.1076425995
0.4186427162
-2.2225074582
0.7605202022
0.5116791645
2.3113797219
-0.2711181631
-0.0045636165
0.9518638445
-1.6770856751
-1.3537021855
-0.1551894198
2.3345862395
-1.0715407396
1.1845569634
-0.1101457826
0.8174768467
-0.4227410698
-1.2073904778
0.4907421810
0.3276738924
0.9441629822
-1.0313289803
0.8673175919
-0.6484005714
0.5790026846
0.3707411495
-0.3954181275
0.7346236662
-1.6058574660
0.1031245513
1.0550813049
-0.4079827359
-0.2718542006
1.4535651536
-1.4538948715
0.5498769648
0.5724908089
0.6303855073
0.1839758322
0.4549971215
-0.8378166977
-0.9178094326
-0.4803525951
-0.6293679861
0.0781641701
0.2025121643
0.0439954528
-0.4595518936
-0.1180868643
-0.2727506059
-1.2997371578
1.0147823539
-1.1736372006
0.8296169777
0.2716273330
-1.3161226031
0.4771417888
0.1767321004
1.2752946448
-0.5640897395
-1.0365981055
-0.7399253225
0.5495456036
0.2636944999
0.5884273785
-1.4093826184
1.5757862604
0.5833156674
0.2141545293
1.2099256998
-1.4241086457
0.1109492345
0.5805662115
0.8931156325
-0.5164121718
-0.4164986366
-0.2472217818
-2.1716239490
-0.1316485743
0.4593002150
1.1603551455
-1.6891307088
0.9129872605
-0.1564417548
0.3476917802
0.9291673856
-0.1681570266
-0.2329503818
0.1961450402
-0.6236670167
-0.3214341051
-0.2144132403
-1.0369705930
0.0460614411
-0.2554224867
-2.0139607290
1.6423412830
0.5455597858
0.0209497146
-1.0318505406
-0.6073336015
-0.3084368131
0.7669214525
1.9494388150
1.1600428202
0.8333580913
1.1645665025
-0.1035281195
-0.0428585262
-1.4570742029
-0.3233935202
-1.1434244396
0.8270457547
-0.1493165849
-1.1192911912
-0.1199792069
1.1740024898
1.0772309241
0.7969774517
0.9170102096
1.8224153162
-0.4962070580
-3.4637498784
1.1916247646
-0.5158313705
0.7212970231
1.3741479307
0.5695050230
2.3552120279
-0.2324017821
-1.0175257399
1.2184268690
-1.2310670999
0.9995432267
-1.1588856552
0.1333608178
0.3404925994
-0.5341473709
-2.0301634796
0.7846446807
1.0204077616
-0.6398618049
0.3923494513
-0.3033397321
0.3452631254
-0.3319938754
0.4614672084
1.2414922008
0.6239859006
0.1071374232
-1.9908159275
0.6226517057
0.2643377561
0.4443789854
0.4910485278
-0.5911469177
1.1907644994
0.2328848582
0.7605862250
-0.7446151589
-0.0623444426
-0.0169667867
0.3024128279
-0.0818296112
0.8255528639
0.8359487453
-1.4994418261
0.5011113279
-1.5986661927
0.3962511567
1.1577241645
-0.1696459813
0.0577536628
-0.6605680578
1.2574780667
1.3825834847
0.4012658234
0.3398903423
-0.0438822625
-0.1178127474
-0.7426716171
0.1980447887
0.6106726435
-0.1436774491
0.6605322204
0.5315316813
-0.3019505663
1.8114835226
-0.0389713195
0.2804079080
0.3797679363
-2.5090734822
-0.6759653641
-0.7513666080
0.3123959602
-1.2182878417
-0.0867638687
-0.5694996690
