16 2 0.18
41 0 0 0 3 0 8 0 9 0 10 1 0 1 2 1 3 1 4 1 5 1 6 1 7 1 8 1 9 2 0 2 1 2 2 2 3 2 4 2 5 2 6 2 7 2 8 2 9 3 1 3 3 3 4 3 5 3 6 3 8 4 1 4 4 4 5 4 6 4 7 4 8 5 4 5 5 5 6 6 5 6 6
76 0 5 1 2 1 3 1 4 1 5 2 4 2 5 2 7 2 8 2 10 2 11 2 12 3 3 3 4 3 6 3 7 3 8 3 10 3 11 4 2 4 3 4 4 4 5 4 6 4 7 4 8 4 9 4 10 4 11 5 0 5 1 5 2 5 3 5 4 5 5 5 6 5 7 5 8 5 9 5 10 5 12 6 0 6 2 6 3 6 4 6 5 6 6 6 7 6 8 6 9 6 10 6 11 6 12 6 13 7 0 7 1 7 2 7 3 7 4 7 5 7 6 7 7 7 8 7 9 7 10 7 11 7 13 8 0 8 4 8 5 8 7 8 10 9 3 9 4 9 7 10 4
4 1
4 2
0 0 0 0 0 0 0 0 0 0 0 0 0 0 0 0
0 0 0 0 0 0 0 0 0 0 0 0 0 0 0 0
0 0 0 0 0 0 0 0 0 0 0 0 0 0 0 0
0 0 0 0 0 0 0 0 0 0 0 0 0 0 0 0
0 1 0 0 1 0 0 1 0 1 1 1 0 0 0 0
0 1 0 1 2 2 2 2 1 1 1 0 0 0 0 0
0 1 1 1 1 1 2 2 1 2 2 0 1 1 1 0
0 0 1 0 1 2 2 1 1 2 1 0 1 1 0 0
0 0 1 0 1 2 2 2 2 2 1 1 1 1 0 0
0 0 1 1 1 2 2 2 1 1 1 1 1 0 1 0
0 0 1 0 1 1 2 2 1 1 1 1 1 1 1 1
0 0 1 1 1 1 1 1 1 1 1 1 1 1 0 1
0 0 1 0 0 0 1 1 0 1 0 0 1 0 0 0
0 0 0 0 0 1 1 0 0 1 0 0 0 0 0 0
0 0 0 0 0 0 1 0 0 0 0 0 0 0 0 0
0 0 0 0 0 0 0 0 0 0 0 0 0 0 0 0
1.1695643212
-0.1399212069
-0.0228206740
-0.6005288042
-0.1381437503
1.1101469517
-1.9565406829
-0.1986250294
-0.7075206809
0.8826897417
1.3786120433
0.8702515435
-1.7909827988
2.5718805927
0.9724579748
1.0801145652
-0.9417826068
-0.6324812470
0.5478779937
-1.7695148565
-0.0444878736
0.0264640562
-0.6461974188
0.7825233628
1.0346537305
1.2003535975
0.2489052315
1.1425906452
-0.5322703402
-0.0119499278
0.4743096715
-0.5574782584
-1.7600887443
0.8743049354
1.4051447397
1.3289474936
-1.1890674011
1.2846308364
-0.4505434759
-0.8573231877
-2.1490097614
-0.3661033033
-0.7717707282
0.3785423995
-1.4390044701
-1.0528847086
-1.5496340052
-0.1580055964
0.0341751975
-0.4223016334
-1.2778020799
-0.1732099223
-0.9722930775
0.9783891460
0.8664157902
1.3599519469
-0.2124912514
1.2376877160
-0.6637628829
0.9351123513
0.7901205592
0.3996551013
0.2705097401
0.5516307475
-0.2852086057
1.2020506204
0.9946500585
1.0157709165
-1.4215769620
-0.5018167782
0.5796590909
1.4479423030
-1.5558844834
-1.6436901917
-0.1561661633
-0.6098377358
0.7740467690
0.3595561082
-0.7758192581
-0.0188000225
0.7777342324
1.4285649914
2.2977483087
-1.0428502655
-1.0479784320
1.4597551609
0.1488542224
-0.0012778929
-0.3490199748
-1.1011276623
-0.5248098187
-0.7344879490
1.4665728025
-0.7330431521
0.9479373395
0.0207036238
-0.6885200614
-0.9693229044
-0.5410830656
0.1857766416
-0.3815534411
1.0602535596
0.0537523120
1.3436639260
0.4464513451
-0.5695165059
2.0937397237
-0.4075262041
-0.8048230475
-1.0462366504
-0.3179735410
-0.2079931124
0.1188873700
0.2669233249
0.8910078741
-1.0688663193
1.1880422233
0.7523117490
-2.0202814460
0.5184508767
-0.8593569123
-0.5292555634
-1.7915800951
-1.1493469745
0.4150627172
1.1649373026
0.7559406993
0.4192857190
1.0568165041
0.7520809818
-1.8053844769
-0.4033204306
-0.6825588706
-0.6189291790
0.5028304202
1.0326695502
1.4489972002
0.3966432014
1.2060527467
-0.0187006275
-0.0131533947
-0.3537716928
0.5589129798
0.5516373610
-0.1783724681
1.5189695875
0.4154537737
0.3799146604
-0.2711403596
-0.8833475160
-0.7808806821
1.2408956335
0.9406207863
0.4984423812
-1.2108203163
0.8998706490
1.4944191372
-0.2454862822
1.9734469405
0.3496131741
0.3187386004
-0.6453590026
2.1850061514
-1.5815833619
-1.4668442890
-1.5355593951
1.3744849560
-2.2689088424
-1.4890673539
0.6215536498
0.5399108276
-1.2837921954
-1.0379821266
-0.9314939715
-0.1304808454
-0.0521431633
1.6011796293
1.0274767553
-2.2155588856
1.1297433941
-0.1837571533
0.2583178735
-0.7846167674
0.7577728648
0.0511014246
0.5067061753
0.8539067959
0.4173815105
-0.9022999007
1.2888931127
-0.1761662575
0.5798790561
0.4553673476
-0.7774941050
1.2913418344
-0.9782387059
-0.2721704163
1.6353394291
-1.2855346044
-0.1328814124
-0.4146355862
-1.3884553500
0.4305560607
0.2713527158
0.5030975535
1.1656469282
0.5054232253
-0.3635912084
0.1639064617
1.0396920414
0.2183445380
-2.4683792034
0.0723612919
0.0513097494
-1.8598396608
-0.2751442359
0.8992822054
1.0934817217
0.7338634616
-0.8794821297
-0.5831576692
-0.1249654194
-0.0090290779
-0.7409421745
1.3380088072
-1.4656882396
-1.4170454003
1.1208756041
0.9901500355
0.6654000615
1.7098753189
-0.2224377088
0.0402704945
-0.3468913309
1.5490012990
0.7173679482
-1.6759763462
-2.0865135311
-0.3303716677
1.9835985770
0.7197099160
1.0597306282
0.1002129157
-0.2969436160
0.3154803433
-0.9255216940
0.4525678579
0.1542211131
0.0595478034
-1.7798750446
-0.3808088745
0.4639617555
-0.4528585157
1.2826460529
0.3827067920
-0.4049499522
-0.0228214853
0.6150842755
1.0589968021
-0.7267238559
-0.2722217564
-0.3899925274
0.7303169716
-1.2662389851
-0.0230793017
0.9747525919
-0.0175909422
-0.2635071231
-0.7639406628
-0.3327838599
-0.4593370233
2.6686017715
-1.8002079650
-0.5243588380
-0.5385426195
-0.2985411394
-0.5481966121
-0.8462757271
-1.9901596660
-1.2082758939
-0.0762177801
-0.5518719075
-0.6945824946
0.1023559335
-0.3053239650
0.4350112244
-1.6806129944
-0.3598159260
0.7373460520
-0.0084559640
-0.2591184839
0.4234174843
-1.5777508048
-0.7812287142
0.3527355780
-0.9613805719
0.1656372377
0.4861825876
-0.0818848800
-0.4661230826
0.5315004366
1.2581792932
2.1078729428
-1.5123757183
0.9104855171
-0.3641212476
-1.3779670533
1.0715437756
1.0957636000
-0.8535359492
-0.7182193411
2.3210110002
0.2362213565
-1.3824280311
-0.5939316846
1.5608989624
-0.7251472180
0.1200589411
0.0420888444
-0.3317743235
-0.5446937368
-1.0607308991
0.1870109705
-0.4473634502
0.5082847949
-0.8179647099
0.1091406164
0.5546324876
-0.6921395246
-0.7465828336
1.0705225421
0.0328454716
0.7867127003
-1.4997478533
1.2559012413
-1.6906602101
-1.5430494921
0.0508211896
-1.4538973086
-0.6660703428
-2.1852609782
0.2207289474
-1.3465929179
-0.9723214250
-0.6849677599
-0.5758670225
-1.1275945100
-0.5428069341
1.2135568123
-0.8614586018
1.3852564212
0.3364657175
1.0011948557
-0.2578717423
-1.5613053516
-0.0341150667
-0.7509995567
1.1657738596
-1.0080778709
-0.5542194858
-1.6614431586
-1.3052141403
0.1588295123
0.9085092244
-0.3418627950
-0.3317206542
0.1348193742
-0.6337092548
-1.5486702038
0.5067186193
-1.4670883650
-1.0116646933
-0.0046360648
0.2266223093
-0.5819035495
1.2076042087
-1.5578722727
0.5858510162
-1.4059944806
-1.2382872144
1.9594050247
-1.0968271135
-0.4766717368
-1.8467321058
-0.3728936565
0.1348431332
1.4888977777
1.6727867475
-0.4797264815
-0.9900774296
-1.9821284451
-1.7884979819
-1.5144506543
1.5076885228
0.5780092507
-0.1934232035
-0.1968265085
-1.6118018417
-1.1127686272
0.3346961736
0.7024058022
0.7862045552
-2.0215968059
-0.4820975269
1.7845927926
0.0127734318
0.9993087056
-0.8700423750
1.2318365502
1.5095509478
0.4744302149
0.5112910826
0.8376527848
1.6734341275
0.8866511778
-0.8891186423
0.3128673119
-0.6682455924
0.1354061206
-0.0681794616
0.9601842181
0.4375699629
-0.1216217684
0.0368459166
-0.4488376331
1.3780039130
0.4153963150
0.0396594449
-0.1019502663
0.0431693099
-0.3698168414
-0.5867873071
1.3346855274
-0.3233052680
0.1433682553
-0.6069316302
1.2335815271
-2.2080943900
-0.1836140356
0.3593981415
-0.2242822752
-0.2458391924
0.8784268432
0.2176666251
1.0609313484
0.4795509590
0.2499868371
-0.7733082230
1.3601005797
1.6318227027
-0.6970424475
-0.1335255781
-1.2924928358
-0.2395603198
1.5225041195
0.3028168385
-0.7993037058
-2.2560703254
0.0272089767
1.2531629461
-1.6729269096
-0.8937633379
2.5961504173
-1.3966371820
0.5048522233
-1.9499038109
0.1550585703
-1.7822232376
-0.0360303788
0.0819531410
-0.7424584451
1.4471276504
2.3996102205
0.0702098437
1.3148322167
1.3367400860
-1.1198846346
0.3331609698
1.0993103529
0.3287445746
-0.8983567456
0.9193578364
0.6383023816
0.5335151029
-0.3310551688
0.6683996467
2.2267422412
1.9300600980
-1.3946595037
-1.8050549853
0.4447882092
0.2836743799
-0.1641761080
-1.0274830655
-0.9855593374
2.1361820483
0.3895896328
-0.4624521436
-0.6477788927
0.9268312581
-1.0494442851
2.9766436444
0.4717997586
0.9479499857
1.0264456770
1.7042201489
1.6194197427
-1.6724798267
1.3953576107
-2.1894431037
0.0709572142
-1.5889232569
