18 2 0.02
78 0 5 0 6 1 6 2 3 2 5 2 6 2 7 3 2 3 3 3 4 3 5 3 6 3 7 3 8 4 3 4 4 4 5 4 6 4 7 5 0 5 1 5 2 5 3 5 4 5 5 5 6 5 7 5 8 5 9 6 2 6 3 6 4 6 5 6 6 6 7 7 3 7 4 7 5 7 6 7 7 7 8 8 3 8 4 8 5 8 6 8 7 8 8 8 9 9 0 9 1 9 2 9 3 9 4 9 5 9 6 9 7 9 8 10 4 10 6 10 7 10 8 10 9 11 1 11 2 11 3 11 4 11 5 11 6 11 7 11 9 12 2 12 3 12 5 12 7 12 8 13 2 13 3 14 2
23 0 1 0 2 1 1 2 1 3 1 3 2 3 3 3 4 4 1 4 2 4 4 5 1 5 2 5 3 5 4 6 0 6 1 6 2 6 3 6 4 6 5 7 2 7 5
2 4
3 12
0 0 0 0 0 0 0 0 0 0 0 0 0 0 0 0 0 0
0 0 0 0 0 0 0 0 0 0 0 0 0 0 0 0 0 0
0 0 0 0 0 0 0 0 0 1 1 0 0 0 0 0 0 0
0 0 0 0 0 0 0 0 0 0 1 0 0 1 1 0 0 0
0 0 0 0 0 0 0 1 0 1 1 1 0 1 0 0 0 0
0 0 0 0 0 0 1 1 1 1 1 1 1 1 0 0 0 0
0 0 0 0 0 0 0 1 1 1 1 1 0 1 1 1 1 0
0 0 0 0 1 1 1 1 1 1 1 1 1 2 1 0 1 0
0 0 0 0 0 0 1 1 1 1 1 1 0 1 1 1 1 0
0 0 0 0 0 0 0 1 1 1 1 1 2 1 1 1 1 1
0 0 0 0 0 0 0 1 1 1 1 1 1 1 1 0 0 1
0 0 0 0 1 1 1 1 1 1 1 1 1 0 0 0 0 0
0 0 0 0 0 0 0 0 1 0 1 1 1 1 0 0 0 0
0 0 0 0 0 1 1 1 1 1 1 1 0 1 0 0 0 0
0 0 0 0 0 0 1 1 0 1 0 1 1 0 0 0 0 0
0 0 0 0 0 0 1 1 0 0 0 0 0 0 0 0 0 0
0 0 0 0 0 0 1 0 0 0 0 0 0 0 0 0 0 0
0 0 0 0 0 0 0 0 0 0 0 0 0 0 0 0 0 0
0.2545137665
-0.3930814666
-0.6316391506
-0.0952587725
-1.1155989844
-0.4789115518
0.9734153262
-0.3264203431
0.1388463949
-0.6061580030
-1.3238138935
0.2173696552
0.8511560530
1.5674468622
-2.0302144875
0.7991821891
-0.7340170996
-0.1643916507
1.1692623094
-0.7668964052
1.9709212402
-0.0337828471
-0.4884792561
1.1333258960
-0.0267340172
-0.6079555815
1.0679923721
-0.1680328546
-0.0623890630
-1.6143315044
-0.1638310133
-0.4127149836
0.7269962849
2.0996655821
-0.7422829697
0.7813227589
-0.6169552290
-0.0788062242
0.7299996866
-0.4275636743
1.2171381303
-1.2069146109
-0.6672800100
0.6143632514
-0.9129725784
-0.3054493934
-0.1564393154
-0.1291327621
0.6632935384
-2.0720662167
-0.0113997169
0.9896149368
-1.5299870430
0.7546283460
-1.6663532770
-0.6583475225
-1.7656171617
-0.7649004492
2.4566219599
-1.7116979080
-0.6583316119
-0.7791543925
-0.3645994577
-0.6553301530
-1.1652157695
-0.5583024953
-1.8407428724
-2.0765747256
0.9944728760
-0.6822916341
0.6191262160
-1.2402394845
0.6862926377
0.6676739290
-1.6615753197
0.9591013944
-0.2737714625
-0.8776071810
-0.4856953360
1.0280784840
1.2315317793
-1.2534501912
1.8559076628
-0.2754652859
-0.7366984814
-0.7754718120
0.3094490200
-0.9367162756
0.7054544423
-2.1201889802
-2.2955418344
-0.1107195823
-1.1479159651
-0.6484515576
0.9964649879
-1.5482133272
-0.2619999254
-0.9135938807
1.5888997615
0.8248351569
-0.8733200406
1.0098072422
-0.0224355188
-0.5759526936
0.6157379698
-0.2253378566
-0.8321917286
0.1705319770
0.6930377126
-0.9916074024
-0.3747435952
-0.8146626226
0.7867171621
0.8195118360
0.5223657121
0.7153071726
-1.6783872716
-1.9430418774
-0.5735357265
1.2691669856
-1.0861921417
-0.2758799771
0.0467435761
-0.4256981279
1.4145939404
1.0104010120
-2.1350824794
-1.7810623425
-0.1872030715
-0.6537126968
-1.4346266168
0.0558988269
2.6630964791
-0.1205422042
0.1554512018
-0.5535091570
0.3717722780
-0.6509459101
-0.5202211543
0.3383293187
0.2870000717
0.3191523204
1.0148082790
-0.0812177895
0.4608377878
0.9054890431
-0.0506240936
0.5439909361
-1.0261147898
0.3122097140
0.6108526590
0.3605649972
-0.1805249278
-1.1895436161
-0.0628040616
-1.3881345568
0.3883184891
0.3942032530
-0.9210143278
-0.2384997473
-1.2919801655
0.2497280974
1.1060071728
-0.6916116886
0.1977593397
-0.1741170726
-1.4700989135
2.5207048482
-0.1882777972
-1.0709753267
-0.1295619242
0.6198939875
0.7926365444
-1.1355596555
0.1252849097
-0.2648432404
-0.0284936807
-1.3890922277
-1.6357705497
-0.3996492917
-0.2920511398
0.9921264241
0.3531521220
-1.1650768824
0.4280859009
1.0778610252
-0.6721195944
0.5061633596
1.3281247068
-0.7950015660
-0.2549233867
-1.2710753259
0.0231746614
-0.2464823972
0.2701275712
0.7384768254
1.0497353996
-1.5566071223
0.2104364026
-1.2792639458
0.2418485882
0.3600581589
0.2405184486
0.7267303895
1.5424577709
2.0770290379
-1.3289185639
0.1596540985
0.7725100502
-0.5207413169
-1.1641762960
1.7321569436
-1.3166865134
-1.1214700242
-2.2430210396
-0.8822613823
-1.1036263905
0.5940237319
-2.4356143838
0.4551770066
-1.0216481940
-0.6114754766
-1.8582223064
0.5829397016
2.1310447898
2.3359562281
-1.6446949535
-0.7756004894
0.7974332598
-0.5660656236
0.7626987262
-1.8291009273
1.2514674026
-0.2974995550
-1.0352740660
-0.9646653911
0.7751146094
-0.1562225190
-0.0537872396
1.0140047924
0.7990277538
0.4215610945
-1.0134275224
1.2425888512
0.5327732594
-1.3458190536
0.1291079791
1.1808571733
-0.1451321223
0.5941092978
-0.1599458134
0.8212253817
-2.3625673805
-0.6966797158
-0.5827487036
-0.6861833412
0.9269219946
0.2437607587
-0.5486739836
1.3203162190
0.0000245876
-0.0437604343
-1.2408736504
-0.0957438679
-0.4336226008
-0.8028109263
1.3667481452
0.9517136753
-0.1805243984
0.7153156170
-0.1976398714
0.0882788094
-0.0824582218
0.4053818813
-0.0857797725
0.9500420666
0.7373666139
1.4568784127
-0.2081474740
-0.0037513128
-0.3933942207
0.8212936847
1.7856916810
0.9927740292
-0.6660027237
0.2800649572
0.2396987941
0.7867241528
-0.9689842114
0.4353645375
0.3800579758
1.0119015859
0.6997247082
-0.1515032588
0.4921778170
-1.2333404435
-0.7429143918
0.4234518947
0.0818127282
0.1766602560
-0.5641254354
-1.6521169050
-0.0187915859
-0.9611987450
0.5645234306
-0.1993037867
-0.1096038048
0.8451992139
0.2679913677
-1.8679008707
0.6954215578
-1.0768581386
-0.3173832692
-1.3774352656
1.4792817372
-0.1285737874
-0.5684574821
0.2859818859
0.3297649825
-0.7704738971
-0.0497888880
0.1318945133
0.0588637724
0.5496050429
1.1555142687
0.3903873308
-0.8919373943
0.8298464150
-1.8011798285
-0.4386010899
0.1355675775
-0.0607865090
1.1922435887
-0.4677847519
-0.6660401475
0.4458000856
1.0306866168
-1.8383718922
-1.6163485963
0.3853348618
0.2215097150
1.0489601503
-0.6084297023
-0.4752959885
0.4366503681
0.0015343048
-1.4281613409
0.6038367379
-0.7283932524
-1.0923633982
1.1972320705
-1.0906457157
0.1309842018
-0.0522020936
0.2959907017
0.6546751279
0.6369895610
0.0253170845
0.3088239570
-0.7908969146
-0.7359072691
-0.0730430469
0.3357931279
1.2430600570
-0.7270345880
0.7983921964
0.5981119815
-2.4467275644
1.8399771263
0.8411578750
0.2555049831
0.9154056554
0.3539858821
-2.7294931303
-2.4024370114
0.3676270764
1.0959854455
-0.9024708902
0.1554863411
0.5308391525
0.9136540092
1.8605416845
0.2448735828
0.7690058575
0.7223887084
1.6933316318
-0.0884050745
-1.4138762702
-1.0663090912
-0.8783351268
-0.7072802465
-0.2642461933
-0.4121726447
-1.5340664950
-0.4464924186
0.4652781738
0.1000024539
0.0656268211
-0.0098341506
0.8657685836
-0.1318703006
1.3133062529
0.1133445714
1.1357569490
1.1261516460
0.8199596203
-0.4763875216
-0.3881036642
-0.6740630355
-0.8574178832
0.1084371519
0.0045382026
0.7044530141
-0.5957418522
0.4137099400
1.0205049767
-1.1896224862
-1.1241215327
-0.0759470743
-0.9286147997
-0.8971061053
0.0533803154
-1.6933411629
-0.8458632114
-1.0227242686
-1.0064082696
-1.8069714194
-0.2903517645
-2.5297244446
1.5115104809
-0.6427592298
-1.3386658388
-2.5882523340
0.1911790773
-1.8626536985
-0.3339277775
-0.9667186928
-0.4700740339
-0.1936991279
0.3771543445
0.2332992391
-0.5920588871
-0.5791194938
-0.8222402474
1.3220691512
-0.1940673065
0.2116859231
0.9273500879
-0.2355050649
0.3940145401
-1.1064888925
0.4348593179
-0.2572840015
1.0271004685
-1.2810690389
0.5929317388
-0.5824601316
1.3114580078
-1.1144382843
1.8106973611
0.4041023919
-0.9986149629
1.2584910291
-0.5023924420
1.6138691684
0.4569236948
0.6689519370
0.9139330998
0.1681400192
1.7778813482
-0.9611442391
1.2298989015
0.8269671656
-0.3528295230
-1.5379493043
0.3946464295
-0.2098035166
-0.3733274469
-0.7655065160
-0.7906246227
-0.2074093810
0.0501810365
-0.3566129731
-0.9832829318
1.8868082558
0.6213528062
-0.8976351758
0.7528731668
-0.9150239632
-1.3170674149
-0.3485074971
-0.4557511580
0.4646520949
0.5633511160
0.7572512570
-1.8237959076
-0.1203635829
0.9688923858
0.2595896585
-0.3363981049
0.9254851549
0.7651116430
0.1807121716
-0.9666032816
2.2713435997
1.3475863990
-0.1362901881
-0.6414072267
0.4651791737
0.1529553559
-0.8901446142
0.1739182537
-0.3071835883
0.9146194451
-0.4757828715
-0.5146989182
0.2770029352
1.7604848093
-1.0452738092
-0.6588721874
-0.4122765921
-0.9408561325
-0.0018336644
-1.2225845765
0.5178142662
1.6542623491
1.0174524076
-0.0158799889
1.7186884351
-0.2889808660
1.1621542624
-2.1940103414
2.4848900532
-1.0285137617
0.5129631328
-0.1989335740
-1.4310650097
-1.1854608134
2.9634858378
-1.0353664805
-1.3657757513
0.3105772567
-0.0845875103
0.6600612781
-0.4156419380
-0.0187010936
1.8022297533
0.3324508309
1.4312204173
-0.6435961170
-0.5628728258
-0.3529234071
-1.3555553893
1.7923353450
-0.1132954001
0.1884694234
0.3144657879
0.9028123232
1.6288981602
2.2750022971
-0.7458341406
0.1119011997
1.3884436624
-1.7326887996
2.0496585807
-0.4822499783
-1.0690154017
-0.7824657629
0.3472591647
-0.8088931780
-0.1739486792
-1.6551191245
-0.2969279531
0.0505476417
0.1315109685
0.3972339242
-1.7311799250
2.6447288413
0.1645882885
-0.9829833416
-0.2735596922
-0.8184621717
-0.7407487639
-0.9116546867
0.3700603011
-2.2786856404
-0.9289630512
-0.9074172550
-0.1283393840
1.4709972175
0.4687070729
-1.7814819130
0.5396101634
-0.0212378248
0.8449510772
0.9750386993
-0.2723246739
-0.2878260921
-2.0862719677
-0.3574423545
0.7152450247
1.5723109393
-0.7902977429
0.4402023985
1.8378225546
-1.0554315031
0.3501138961
-0.2929410198
-0.8217759682
1.6827577229
0.4421249962
0.7923431640
-2.0110061808
1.4766989599
-0.3849148655
-0.2912630497
-0.0283803953
-0.7886991522
1.2032478314
-1.7344698312
0.4532302268
0.2116186255
-0.1212484420
-0.1448346530
-0.0757815536
-0.0862287874
1.6132862551
-0.2372058291
0.3643554503
1.1763477960
0.1483393288
0.6211792413
0.3000874653
-0.5023923341
0.5303939658
1.1714984986
-0.8593602160
1.7238891935
-1.3697685898
-0.7389868588
0.6253310522
2.3010741717
0.8778203057
-1.2303670669
-1.0915918832
0.2401669573
-1.8588342965
-0.3312323439
