11 2 0.01
13 0 4 1 2 1 4 2 0 2 1 2 2 2 3 2 4 2 5 3 2 3 3 3 5 4 5
15 0 1 1 0 1 1 1 3 2 1 2 2 2 3 2 4 3 1 3 2 3 3 3 4 3 5 4 1 4 3
5 2
6 5
0 0 0 0 0 0 0 0 0 0 0
0 0 0 0 0 0 0 0 0 0 0
0 0 0 0 0 0 0 0 0 0 0
0 0 0 0 0 0 0 0 0 0 0
0 0 0 0 0 0 0 0 0 0 0
0 0 0 0 0 0 1 0 0 0 0
0 0 0 0 1 0 2 0 0 0 0
0 0 1 1 1 2 2 1 1 0 0
0 0 0 0 1 1 1 2 1 1 0
0 0 0 0 0 0 1 2 1 1 1
0 0 0 0 0 0 1 0 1 0 0
-0.8305879453
1.6261909357
-0.7679252683
-0.7999097061
-0.4856959435
-0.0703164981
-0.6002526430
-1.0640104830
0.1310329060
0.2782714030
0.7426740149
-0.4308826477
0.1457149799
-0.2048171149
-2.1595813677
-1.0798062093
0.3899153292
-0.7671587689
-0.8469787304
-0.6264193131
1.5191884550
0.9829234508
-1.7527736451
0.5583390027
-0.9420072698
-0.0543096035
0.4350189274
1.8327235157
-0.7577337772
-1.9643972630
-0.2997531460
-0.0136889346
1.1713821472
1.0869878527
-0.3948067944
-0.3530810525
-0.4977382979
-1.1886155171
-1.9407960926
-0.0981425779
-2.1035296797
0.5896145850
0.6157226018
-0.4398289965
-0.8395880030
1.5017636698
0.4953305864
0.8981707850
1.5301350388
-0.6423023804
-0.9367169363
0.4415633902
0.5635193350
0.0085014712
0.9712395984
1.4900289122
-1.3012557104
0.5414782540
-0.6027097636
1.0511900475
-0.5038490306
-0.9304424536
1.1038417770
1.0583639917
1.1383096228
-0.9107924120
0.0946391265
0.7132698540
0.0700776511
0.0159361802
-0.9212488600
-0.5333537026
0.1900584569
-0.6076054571
-1.3121830327
-0.4885327452
0.7864319031
0.7268511150
1.7828403082
-0.6815145017
-0.7297692380
0.6935371643
-1.7908110941
1.1100120749
-3.1164819121
1.3390623264
-0.0694772351
0.3305480733
-0.6919670904
-0.8491532154
-1.2859899163
-0.1589885412
-1.4319190542
-0.8401093953
-1.1129633751
0.8763309307
-0.9984599935
0.0419118574
0.7023627758
-0.1628876685
-1.7063757793
0.6277785068
0.3339633659
2.0214703875
-0.8542316400
0.1769145271
-0.3829262574
2.4228474144
-1.5399038278
0.2424582387
-0.1377803576
0.3567195537
-0.8901724387
-0.5115599731
-0.0578444316
0.6566062490
-0.8541832131
1.0919873478
-0.3107930964
-0.0775171880
1.2882320290
2.0312422824
0.4347611217
-0.0571031171
0.7355640102
1.3941953534
1.4717133185
-1.2978673757
-0.4867084405
-0.0215324822
2.0411655301
2.0857060532
-0.9899926932
0.7576865006
-0.1216931046
0.6471046894
0.7772225299
-0.2278118321
1.1584417363
0.0590906495
0.5339751247
-1.1582946114
0.0771234274
-1.1335132819
0.7300153011
-1.4354429726
-2.0679812549
1.5286029845
-0.5760648394
0.0854714827
1.1994711202
0.8014892529
-1.0677774629
-0.4822522657
0.8759736992
-0.4204168137
1.1980173660
0.1538861241
0.9596843446
0.4732411149
0.3889484094
-0.9274084109
1.3589808723
-1.0072516925
-0.4705280400
-0.3497635065
1.6994667376
1.4057061188
-1.0090081126
-2.3581990795
1.0100214999
2.2038109362
2.2947387377
2.1368011185
-0.8189351044
-0.9618523388
-1.2165913752
0.1419340109
1.3551563375
-0.3874554248
0.5962528721
-0.3724322627
0.3057468187
-0.8958070057
0.9245664981
0.3421891721
1.7324262150
0.3631741152
0.9870772721
0.1359970399
0.0103827571
-0.6731661706
-1.1917723641
0.2741762917
-2.0520996439
-1.2167485225
-0.1073466233
-1.1372759192
0.6523015254
1.0617342613
1.3701779739
1.1841993109
-0.9539944738
1.2207517927
0.7405551587
1.6442356133
1.0484615094
1.4406958973
-0.0664965577
-0.2102828318
-1.0052907920
-0.4259652194
-0.4765878739
-1.0972537062
-0.6853546718
-0.1813510874
1.8476727602
-0.1570597347
0.6749382305
-0.6824262847
-0.4673958406
-0.9175614819
-1.0745740102
-0.7706995894
-1.5554561675
0.3303096909
0.6769870889
-1.4498460350
0.2049337054
0.7048075250
-0.5473929557
0.6559210387
1.2971188562
-0.7661077395
0.5893741380
-0.3719448210
-1.4221400065
0.7100125209
-0.7915231949
-0.4659771484
-0.7813540018
-0.2818304574
