15 9 0.09
10 0 0 0 1 0 3 0 4 0 5 1 1 1 2 1 3 1 4 2 2
7 0 0 1 0 1 1 1 2 2 1 3 1 3 2
9 0 2 0 3 1 0 1 1 1 2 1 3 2 2 2 3 2 4
9 0 1 0 2 1 1 1 2 1 3 2 0 2 1 2 2 2 3
9 0 1 1 0 1 1 2 0 2 1 2 2 3 0 3 1 3 2
10 0 1 0 4 1 0 1 1 1 2 1 3 1 4 2 1 2 2 2 3
8 0 3 0 4 1 1 1 2 1 3 2 0 2 1 3 1
8 0 1 1 1 1 2 1 3 2 1 2 2 3 0 3 1
7 0 2 1 0 1 1 1 2 1 3 1 4 2 2
0 2
6 2
10 3
2 2
8 0
11 3
10 4
6 9
5 0
0 0 1 1 0 1 1 1 0 0 0 0 0 0 0
0 0 0 1 1 1 1 0 0 0 0 0 0 0 0
0 0 0 1 2 0 0 0 0 0 0 0 0 0 0
0 0 0 1 1 1 0 0 0 0 0 0 0 0 0
0 0 1 1 1 1 0 0 0 0 0 0 0 0 0
0 0 1 0 0 0 0 0 0 0 0 0 0 0 0
1 1 2 1 1 0 0 0 0 0 1 0 0 0 0
0 0 2 1 1 0 0 0 0 0 1 1 1 0 0
0 1 0 1 0 0 0 0 0 0 1 1 0 0 0
1 1 0 1 1 0 0 0 0 1 1 0 0 0 0
1 1 1 0 0 1 1 1 1 0 0 0 0 0 0
1 1 1 1 2 2 2 2 0 0 0 0 0 0 0
0 0 0 1 2 3 2 2 0 0 0 0 0 0 0
0 0 0 0 1 2 1 0 0 0 0 0 0 0 0
0 0 0 0 0 0 0 0 0 0 0 0 0 0 0
0.6189294384
-1.9950194781
2.2572462866
-1.2312337528
-0.9649946039
-0.8133097280
-1.6876846960
-1.4168449417
-1.5152348670
0.5561726606
-0.3494160029
1.3472516883
-0.4779986141
-1.3547639077
1.8484214742
0.7906433722
0.3944956581
-0.5899101426
-0.5886288260
0.2915338153
-0.6356940059
0.1626853115
-0.5555298923
0.0644574745
-1.8219888425
0.1298583638
0.5320781759
0.0926183587
1.4132309411
-0.4582714399
1.8175246454
0.2315803627
-0.8078398166
0.1146857372
-2.0127040536
0.3607129674
-1.3226640663
-0.0580077446
0.0076809592
-2.3108681078
-1.4062641006
0.5597443406
0.5643426149
1.5672777407
0.3097236537
0.7525256488
-0.4209181883
1.4228718726
-0.6715025788
0.1026280731
-0.4610014140
-0.7182546473
0.9658638730
-1.7689354142
0.5911376238
0.9444827950
2.5928755553
-0.2489986995
0.8404301288
0.1597781860
-0.4894135399
-0.7064809114
-1.0245597995
0.3478562436
1.3679133219
-0.1618455958
-0.2547353105
-1.3788224707
1.1832748769
-2.1072860251
-0.7349180568
0.5171283050
0.5416911880
-1.0989514252
1.9058180069
0.1789421929
-0.9206285490
0.8495260452
-1.1393023341
0.2459278885
0.4384846614
-0.2341462141
0.5079741359
1.0744989436
-0.1159006846
-1.4747497614
-0.5757662748
-0.1346528565
0.3026428154
-0.4401322411
-1.8381040648
-1.3356969588
1.4437189114
0.5251526785
-0.8159923407
1.1700568181
1.6047386507
-2.2033125803
0.4268601385
-0.2926216908
-0.5852731222
-0.7155913719
-1.3298792016
2.0610177154
0.5702108336
0.0327153910
-0.6598864521
-0.8020578912
-0.0781905685
0.7033201957
-1.3347355670
0.8554464371
-1.1360418326
1.2427252398
0.2040904659
0.5749494286
2.0691104964
-0.0076532348
0.4024510308
0.9642900368
-1.3670848396
-1.6826454374
1.6084412209
0.6589302722
1.9935082556
-0.2718658058
0.0969468815
1.2794031289
0.2874940409
0.6616203968
0.0204858861
1.1593651828
-0.6264708146
0.8703292995
-1.3693886909
-0.6427593819
-0.2507866019
0.2334472733
-0.6571698063
-1.2114136176
-0.5332784275
-0.6602105623
0.6882656562
0.3273888096
-0.8018324783
1.8637497734
0.3594160621
-0.1271515992
-0.6159468986
0.9840598754
0.6438362849
-0.0614395249
-0.8325522159
-1.5962618886
-1.1113388035
0.7006216168
-1.2196628249
0.1366969193
1.2015307873
1.7780395164
-0.9924867468
0.6290074163
0.6466276260
-1.6407581854
1.2718748384
0.5134222448
-0.2306531644
-0.7303084570
-0.9892710631
-0.0094417046
0.0202243280
-0.8196260836
-1.9408130001
-1.7257222179
-0.4999463903
-0.9730824712
-0.2092186777
0.1607401853
-0.7433776845
-0.0131340166
-0.9582858136
-0.3066325126
1.2799430783
1.0175407859
0.9884348294
0.0154162803
-0.4233329053
1.5021203480
-0.0522845793
0.3498002322
-0.6865928228
0.4835245297
1.2434267819
-0.4034281421
0.8367363293
-0.2328850431
0.4644288470
-0.1131005633
2.2287708816
-1.2836201476
0.1555158392
-1.1781702713
-1.7389181785
0.1401882675
-1.5681456516
-0.2259239723
1.5661511061
-0.0083804767
-0.3789197510
0.9812698088
-1.1663680947
-0.7264173065
-0.4654254751
0.8108239299
0.9391772677
-0.4889320474
1.1255812998
0.5091284178
0.2034293257
0.6887633555
-0.5684990724
0.4113191845
0.3552982453
-0.6915769344
0.1414930462
-0.3909476844
-0.0614507219
0.7516473290
0.2602139164
-0.9010137802
-1.0277112634
0.7131587271
-0.4809805151
0.3320855461
0.2899176903
0.8628888217
2.2476994373
-1.7991147324
-1.5176885985
1.3295598459
-1.1373400374
1.1454223137
-1.2157746424
-0.3915239891
-2.2251560132
1.9771949567
0.8697707630
-1.4211014584
1.1731806795
0.7959669630
-1.2973602431
0.2808061354
0.2060519480
0.0414188005
0.1829498021
-1.3950796390
-0.7440191103
0.6177190030
-1.6634108216
-0.6865226989
-0.5314971940
2.0765081468
0.2674128988
-0.1511898961
-0.5760152496
-0.7951717221
0.2386288490
1.4608128390
0.2523526422
0.5181828420
0.3273560406
0.7950298720
-0.0275784653
0.2215931607
1.1585192021
1.4960175946
-0.8248594111
0.1845884322
-0.3644133314
-0.7147949637
-1.4085667743
-2.0944832405
-0.5296470132
-0.4108797651
-1.7462730204
-0.4363943618
0.0810726116
0.2700197899
-0.1497646325
-1.8556053026
-0.5585544980
1.6353633905
0.2402973913
0.1007606479
0.0042587057
-0.5046543236
0.5951564233
-0.3742924150
-1.0826479754
-1.6558839096
-0.0727478956
-0.7643284769
-0.7215318206
0.5390707134
0.7141107613
1.0870394436
0.4179917472
-0.8916946063
-1.1491792036
0.0373421941
0.4560047326
-0.8157971629
-0.5183711921
0.2727643573
-0.0213693496
-1.9261731117
1.6028778147
-0.0223552647
-0.5858829759
0.6266490595
-0.7711854345
0.6568673272
-1.3115014783
-0.1352502031
-2.0471284400
0.4515005783
0.2748091739
0.5974639587
0.1526135880
0.1594782598
0.4549854687
-0.3419857798
-0.5804008677
-1.7973404311
-0.3993715509
1.4120015000
1.1224841676
-1.6673436399
-0.4356153738
0.0043675565
0.3395740194
0.2589440036
1.7943656615
0.3915670152
1.1201560585
0.7693354977
1.7974018577
-0.8385857208
-0.6684186166
0.0212235674
0.4361961325
-0.3988301109
-0.4522231011
-1.0362293237
-0.8954601734
0.3859176389
-1.2199276289
0.7066175546
-0.2642417195
-0.3082988406
-1.2685632390
0.0074052125
1.8106481211
-0.0842013887
-0.2280254753
-0.0364765304
-1.7273610784
0.9464558657
0.5503553371
-0.6898258074
-0.2599163906
0.5768325871
-0.0950664907
0.1325683299
0.7024171839
-0.4148484460
0.4614793686
-0.5422443042
-1.2210361396
0.3688365992
1.3479415985
-0.7189623098
1.3085154841
0.2435865859
0.7808389197
-0.3620676590
-1.7997914558
0.2948215099
0.5455953625
1.5758185291
-1.7377180946
-1.0516400108
1.0581854157
-1.1611647696
1.8237714609
-0.3618033485
0.3218673038
-0.0253147013
-1.7957615731
-0.0456083179
0.4472725469
-1.0357539649
0.7765265550
-1.6508684786
-0.7392051060
-1.4049272814
-0.1945527395
0.7724370944
-0.9436108155
0.7591669838
-2.0427745488
1.3277774373
0.0047732441
0.4236961646
-0.8475592465
0.1563848062
-0.2142693202
0.5558340212
-0.6753858530
0.3612163815
1.0797563686
1.2270219123
1.8491922971
1.2808375484
0.7115490623
-1.8645243656
0.0459480288
-0.9110673884
-0.1406446473
1.6221356803
-0.6801775565
0.1297706326
0.3193522617
-0.1682175983
-0.9777549343
-0.5262096948
-0.3671793502
-0.0436925992
-1.7004496496
-0.0416530734
0.9662052365
1.3625524415
0.2615033563
-1.3414068337
0.3972862453
-0.1184113716
0.2066748024
-1.9564326725
-0.6438369064
-0.3958537177
