10 5 0.09
6 0 1 1 1 1 2 2 0 2 1 3 1
6 0 0 0 1 0 2 0 3 1 0 2 0
5 0 1 1 0 1 1 1 2 2 0
6 0 3 1 0 1 1 1 2 1 3 2 3
7 0 1 0 2 1 0 1 1 1 2 2 1 3 1
0 3
7 0
1 5
7 5
5 2
0 0 0 0 1 0 0 0 0 0
0 0 0 0 1 1 1 0 0 0
0 0 0 1 1 1 1 1 0 0
0 0 0 0 1 1 0 0 0 0
0 0 0 0 0 0 0 0 0 0
0 0 0 1 1 0 0 0 0 0
0 0 1 1 1 0 0 0 0 0
1 1 1 2 0 0 0 0 1 0
1 0 0 1 0 1 1 1 1 0
1 0 0 0 0 0 0 0 1 0
0.0234146378
0.0264747437
-0.0457534469
0.1925529524
-1.0705370251
-0.6664482071
0.0475129888
-0.0003997577
-0.6261366848
0.0139264756
2.5847672053
-0.3719256298
1.3989984620
-1.4939748730
0.3554899693
0.9413535752
0.4831309479
0.5400311934
1.9373795056
0.4578423530
-0.6068368665
0.5237700630
0.9115242427
-0.5371678088
-0.4283659207
-0.2089631360
-2.6728594013
-0.5921514192
1.6497483791
-2.5786061200
-0.7528360833
-1.7885202634
0.6587716119
-1.5954395125
-0.8145650835
-1.1639279279
0.4657235409
-1.0268855738
0.9868540592
1.7791195297
-0.3541378137
0.7550146831
0.4256708436
-1.1228710518
0.3797713530
0.1271682116
0.9280832890
-1.0232050007
-0.3783120868
1.5765137327
-0.6992716792
0.8179598362
0.6376954905
-1.0629639168
0.0614098845
-0.7775206684
-1.7674205680
0.3970208587
-0.2473926823
-0.2068486902
-0.1085713853
-1.1027605847
-0.5674916663
-1.2250493376
-0.4787553556
-1.1722096832
-1.3180938948
-0.2737983890
-0.2090697293
-0.7659428606
0.5043412653
0.3929348180
-2.5418330454
0.3976521983
-0.5609632031
-0.5144616211
-0.9788078380
1.4040746154
0.2955637163
-1.3568401916
-1.4175632784
0.9060517186
-0.8192530614
0.0521479615
1.1325099981
0.1910087730
0.6627296314
1.4246674506
1.7455888632
-0.4310346708
2.6805142974
0.1033315302
-1.4830058270
0.1815230989
1.3498840659
0.9675861282
1.4534605748
0.3620607261
-1.0736162387
0.9537868303
0.4760128460
-0.2649518814
-0.6361483571
-1.0397369579
-0.5540236234
0.9207570386
-0.0136089873
-2.2483557017
-0.0544882227
-1.2000527202
-0.5400405533
-0.0973222929
0.5604796189
0.8722828066
0.1066778798
0.6713211941
-1.5769596474
2.7570879640
2.4159967009
1.8039336916
0.2448908537
0.7847260004
1.1269138975
-1.3604267161
0.6560978432
0.2105102036
-1.5543048331
0.6695158558
1.5634768490
0.7509128151
0.5970352625
0.0261779568
-0.1806795607
-0.1266666372
-0.7700596345
-1.8450504002
0.3473631636
-1.7626939542
0.2722304656
-0.9771204478
-0.1314270919
-1.0664651681
-0.4839863384
0.5478970669
0.0188586428
-0.2032604668
-0.7833737288
0.5046537367
-0.5695234805
0.1000313880
-0.4837286967
-0.3225548763
-1.7984029451
0.7791390073
-0.2501088210
-1.7125665688
1.0494317470
0.4341497417
0.9341786449
0.0768379974
1.4182892118
-0.7328572202
1.3324087449
0.2906360318
0.8533685867
-0.6937443659
1.0748675553
0.4399007258
-1.1031882566
-0.2757957737
0.5007986345
-0.2005716231
-0.3855223537
2.8546653436
1.2152623218
0.1041612987
1.6815914402
1.0581894382
1.4014116166
0.6600560525
0.6247151015
-0.0132348669
0.8241772977
-2.3197602487
1.4688609618
-0.3307071247
1.3625410715
0.9036959802
-0.0232379298
0.9023286327
0.7324337609
0.2811081881
-0.8822382589
0.3545805948
0.3854029098
-1.5100607335
-0.7364200416
1.7247568620
0.2764598968
0.5952197377
