18 8 0.14
13 0 2 0 3 1 0 1 1 1 2 1 3 2 1 2 2 2 3 3 2 3 3 3 4 4 3
13 0 3 1 2 1 3 1 4 2 0 2 1 2 2 2 3 2 4 3 2 4 2 4 3 5 3
11 0 1 1 1 2 0 2 1 2 2 3 2 4 2 4 3 4 4 5 2 5 4
12 0 1 0 2 1 2 2 1 2 2 3 2 4 0 4 1 4 2 5 0 5 2 5 3
8 0 1 1 0 1 1 1 2 2 2 3 2 3 3 4 2
13 0 2 0 3 0 4 1 0 1 1 1 2 1 3 1 4 2 1 2 2 2 3 3 1 3 2
10 0 1 1 0 1 1 2 1 2 2 2 3 2 4 2 5 3 2 3 3
9 0 4 1 1 1 4 2 1 2 2 2 3 2 4 3 0 3 1
13 4
12 2
8 5
5 3
5 4
14 7
8 3
7 12
0 0 0 0 0 0 0 0 0 0 0 0 0 0 0 0 0 0
0 0 0 0 0 0 0 0 0 0 0 0 0 0 0 0 0 0
0 0 0 0 0 0 0 0 0 0 0 0 0 0 0 0 0 0
0 0 0 0 0 0 0 0 0 0 0 0 0 0 0 0 0 0
0 0 0 0 0 0 0 0 0 0 0 0 0 0 0 0 0 0
0 0 0 0 1 2 0 0 0 0 0 0 0 0 0 0 0 0
0 0 0 0 1 2 1 0 0 0 0 0 0 0 0 0 0 0
0 0 0 0 1 1 1 0 0 0 0 0 0 0 0 0 1 0
0 0 0 0 1 1 2 1 0 0 0 0 0 1 0 0 1 0
0 0 0 2 2 1 2 0 0 0 0 0 0 1 1 1 1 0
0 0 0 1 1 3 3 2 1 0 0 0 1 1 0 0 0 0
0 0 0 0 0 1 1 1 0 0 0 0 0 0 0 0 0 0
0 0 0 0 0 1 0 1 1 1 0 0 0 0 0 0 0 0
0 0 0 0 1 1 2 2 0 1 0 0 0 0 0 0 0 0
0 0 1 1 2 2 2 1 0 1 1 1 0 0 0 0 0 0
0 0 0 0 1 1 1 2 1 1 1 1 0 0 0 0 0 0
0 0 0 0 1 1 1 1 2 1 1 0 0 0 0 0 0 0
0 0 0 0 0 1 0 1 1 1 0 0 0 0 0 0 0 0
-1.1017451010
-1.2979706495
1.5900062944
-0.1934324156
-1.7474688054
-0.2558515229
-0.7173556492
-1.4464430895
-0.1274381527
-2.3099568343
-0.3535295354
1.8509333726
-0.5772451847
1.0185773078
1.1911626253
0.1126765458
-1.0126041246
-1.7647064922
0.6924911459
0.2746548097
-0.7013790491
0.9658157648
0.9405157742
0.8712884603
0.2112560718
-0.3487765373
-1.2912174487
-0.3985397473
1.0640094051
-0.0026130044
-0.7019955903
0.1234088193
-1.9212274118
-1.8371103637
0.6342022713
-0.6316929170
-1.4467310822
0.9082445742
0.1959425564
-0.6216072314
-0.6871576117
-0.5624903897
1.4497932510
0.2773410453
0.6688138793
1.4461864515
0.3903142012
-0.4337470275
0.5721628065
0.9880010622
0.9804894641
0.6336774286
-0.9030311985
0.7576706668
0.0638727079
-2.0368440646
-1.3834285468
-0.4315509038
-0.5097620078
1.6459680048
-0.7958973595
1.3157893484
-1.3440042151
0.6338187777
-0.9242782368
-0.0929163980
0.1648991552
1.2151377080
0.3124237472
-1.4565296790
-1.5000992314
-0.1433611315
0.4720912199
1.2405413133
-0.9033347134
0.0790427614
-1.4199797488
1.5589292266
-1.2703001923
0.2644573769
-0.0588821400
-0.8840737933
-1.4022593552
-0.3492597909
-0.6235061616
0.2312060210
0.8613474832
1.1855965106
0.4957733390
0.2630789102
-0.2372568093
0.2658124922
0.0277076444
-1.8845827612
-1.1192239317
-0.4246519407
-0.2690357737
-0.1006482620
0.5796910140
-0.1566652758
-1.8187533846
0.2201899210
0.0831345350
0.2996577875
0.8238644693
-0.4100337601
0.3515125732
-1.4400331570
-1.2001321786
0.3655866427
0.5327500879
0.3189039764
-0.7247360646
-0.4713247769
-1.9637175504
-0.2433316765
2.1209333753
0.5331288384
1.3024399032
0.4193390436
0.0527715205
0.1494982873
1.3635290688
-2.1235608007
0.9033980763
-0.3005348648
0.0154621298
-0.5182615743
0.3466230505
-1.5449550198
0.1068583366
0.1098564164
-0.9039479843
0.4531437239
0.5415452306
1.0073019715
0.1214759729
0.7713120638
0.8803518297
-1.2591002667
0.5468405801
0.8987609280
0.7013850750
-0.6730473517
-1.1361395877
1.0218122203
0.1709213773
0.3235892593
-0.8285410556
0.3080345244
0.6251199248
-0.3143243466
-1.7296611454
-0.9464613803
-0.0580779125
1.9421640777
-1.0796986260
-1.2586782464
0.6933425304
0.5527877305
-1.6751098947
-1.3566270387
-0.1430712858
1.1756370814
-0.3435406283
0.6336633291
0.0613941235
0.5810678687
-0.6316326376
-0.2260039543
-0.8471419594
-0.0347964372
-3.0659245839
-0.8602373649
-0.2514182976
-1.7820523304
0.7463932991
0.6099624342
-0.8110186838
0.9842401866
0.9429647920
-0.2966600423
-0.0610239613
0.0653522574
-1.1382151558
0.1310394077
-0.5025152567
-0.1435275975
1.2972912880
-0.8307351324
1.5890343276
-1.7281749012
-1.3443927431
0.4565182319
0.9738393625
-0.7059914048
-0.9088284030
0.7186167830
0.4440322607
-1.7853059618
1.3612713361
0.1600321659
0.4988804229
-1.0455343391
-1.2638545889
-2.5995336363
-0.0527051109
-0.2663625542
0.6002676608
1.3617932517
-1.2186289034
-0.1649536297
0.7552738198
-0.2570744959
1.2207567678
-1.0229613228
0.2024142899
0.6921247244
1.7507647113
0.7809573188
-1.6554232510
0.6151226554
-0.4133017146
0.6838489251
1.1220655878
0.3940710934
1.1424399581
0.6855446522
0.0696237062
1.0850576741
0.0117154109
-0.2961942157
-0.4933444237
1.1273997814
1.1514000539
-0.7731540449
-1.4173405495
1.0345593763
1.1342331191
1.2588877597
0.2082813047
0.5537841029
0.4079590199
-1.7612840305
-0.0755254052
-1.1361750678
0.6226272891
0.1627312373
0.2183529884
-0.8029268174
-0.2602647222
0.2558418867
0.4346322522
-0.7615610597
-0.8788128012
0.4991490110
0.8790716431
1.3863735056
-1.0569857367
-0.1231525073
-1.7156804711
-0.6070873384
0.9961910648
0.1710822819
-0.0598108169
-1.3400895896
0.2291226272
0.3555200667
1.2307896871
-0.9289091130
-0.5870254468
-0.2363380928
-0.4491393178
0.0439896889
1.2721913037
-1.4768191806
0.4576627959
0.2531517725
0.4960287716
-0.4482276067
-1.2221218994
-0.4743423455
-0.6562148423
0.2177000940
0.1724852443
0.5182844931
-0.6043797630
-0.6145806263
-1.1602943790
2.2604349007
-0.2369618752
0.2555848525
0.4971486128
1.3526828930
-0.2537300867
-0.6945533801
-1.2292719550
-0.7452336907
2.3370001322
1.5671835239
0.6794670820
0.4982232658
1.0151531051
-1.4665825575
1.0491790631
2.4249899544
1.2686870435
0.0457973269
0.4788477495
-0.1358347510
0.1425620968
1.0606994015
-0.1956108031
0.0902989928
-0.1609097703
0.1426278951
0.1893559732
-0.0964450555
0.8488969822
-0.0957258306
-0.9119266693
0.3799502610
-1.1972416860
-0.7649389810
-1.1152765902
-1.7845620544
-0.9371484198
-0.3105924109
0.7091747534
0.4439062378
1.0199956997
1.3571645647
0.0518187392
-0.0920787416
0.9867195892
-0.7575885633
-0.9468194124
0.0118599195
0.5390892497
0.8883863899
-0.7311267108
1.3320127299
-0.2560983913
-0.4088129854
-1.6247425626
-2.2133896382
0.3373466069
0.1359611029
0.4150409343
0.2736279022
-1.1744520824
-1.8695530955
0.9753805883
1.5857859790
1.5376361364
0.9985412523
0.5792256897
0.5240697156
-0.5864944302
-0.2487205925
0.9392735868
0.4998062730
1.1031162124
-1.7590059209
0.2449961386
-0.7410099587
-1.9366733135
-0.3790769427
0.2786871256
1.0770611782
0.0209606919
-0.5381064523
-0.5121417624
-1.4423739129
1.3310146365
-1.5424607091
3.6887389450
0.5713078558
-1.2835291927
-0.2157563116
-0.1498417680
-1.0461912316
0.5972114436
0.1509558388
-1.0606188142
1.5597473096
0.7546624252
-0.4742874466
-1.5284222586
-0.6455167590
-1.6226789621
0.3854083669
1.6065265939
-0.4706109010
-0.0170477855
-0.2592875726
1.1025154755
1.5255412678
-0.1955537907
1.2883526573
-0.9834101710
-0.2560699830
1.6126144175
-0.2469440347
-2.9582461048
-0.5879725104
-1.5747789014
0.7350288028
1.4334614332
0.3746037578
-1.5504905193
-0.9044619189
-0.3086617150
-0.3791017170
-0.2828851651
0.4407349513
-1.1745107921
-0.6486064257
-0.5223628853
0.2107467768
0.2416477146
0.8537346910
-0.2218451395
0.5844389108
0.9045931348
-0.8438547080
0.3706747955
-0.0908200283
-0.7483237312
0.4854091754
-0.8775773437
1.8396082025
-0.4924876077
-0.7473019737
-0.0711782017
-0.7143464496
-0.7271980054
0.0708795837
1.0659563303
-1.7783484169
0.6942801320
-0.8666878301
0.1423025967
-0.1740362122
0.1999363877
-2.5596439309
-0.7205351631
-1.5081295315
0.2282409061
0.6919282500
0.2646649101
-0.5527083043
-0.6958746995
-0.7981911005
2.1212078035
1.4496949521
-1.2852681174
-1.8961936519
0.6861292814
0.9466525208
-0.4622845063
-1.3538690763
-0.4238639719
0.9353025701
-0.8222593897
-0.2456875074
-0.6862118992
0.0151856731
-0.0787594970
0.3015782377
-0.9113182270
-0.5982410231
-1.4470470544
-1.4097208759
-0.0352576007
1.0212471429
-0.4471059058
1.8246647731
-0.9117467686
-1.0492578048
-0.4808850741
1.0540865423
0.4603529285
0.6968889355
0.1185487811
-0.4284770536
-0.2897181402
0.8218542822
0.2169193520
0.4079117860
0.0980215295
-0.5158449886
0.4522009373
-0.6250272680
1.5733367157
1.0714844108
0.8171781329
0.0167867045
0.0446364870
0.1436771105
0.2096413656
-1.1441078312
-0.7923424394
-0.3820903934
0.6826579739
-1.0312859375
-1.7514946725
-1.1318153358
-1.2277332393
0.9929762035
-1.2245194510
-0.1079953145
-0.4335905848
0.5820410388
-0.9834679846
-0.2563223605
-0.2325045412
0.2807752492
0.6584701589
-0.5724067874
-0.3517821978
-0.7082492325
1.5095663429
0.9325955040
-0.5439329764
1.1808384934
2.7171253478
-0.3895095528
0.2973328739
0.2678699294
0.3405591896
-0.7743997451
-0.4778813950
-0.8327224619
2.5625435095
0.7261308226
0.0756238708
-1.9831214151
1.8577913454
-0.3507946030
0.3910425361
-0.2508985032
2.2525953318
-0.2735638033
-0.0575259446
-1.3984063081
0.0800559082
-0.3747752403
-1.2688902741
-0.6046663529
0.8669651443
1.7203944321
-0.2872155838
0.6254892808
0.3156813136
0.5981912820
-0.1473267465
-1.4831415763
0.9792289114
-1.3266904346
0.7551397190
0.3616615850
-0.1474454227
0.9316131609
0.1579737746
1.0187752336
-0.0148922956
-0.1591508387
0.5104912757
-0.6049637110
-1.1286648457
-0.3008487708
-0.8711249409
-0.4990634429
-0.5099904794
-1.4662651877
0.0599087944
-1.0631080137
0.3794751280
0.9625353970
0.2868050066
-0.1926920846
-0.1445497210
-0.7965682514
0.4208138684
1.4634264247
-0.2012694775
-0.0972167391
1.4193750091
0.8207327361
-0.1070948316
1.3467837285
-0.6852582985
-0.5489489128
-0.6033360849
1.9230623851
-0.1991603466
-0.4068314099
0.2732021986
0.2422558806
0.2566980930
-1.0533968936
-0.0991065565
-1.2825606479
1.2068912466
1.4051155316
-1.5141628714
-0.6067182383
3.0538558062
-0.4113267622
-1.7181149793
-0.9891783053
-1.5974251987
-0.5333074016
1.3432731273
-0.3240526403
1.6857153714
-0.7762591526
0.2843184094
-1.0746666465
-0.5569407801
-0.6759959660
0.1167266223
0.3308631085
2.4553928251
-2.0639832480
0.9488774024
-0.0620857922
0.6379296165
-0.1449934662
-1.3318230731
2.4943499201
0.4993994090
-0.4234708830
0.1872594630
-0.3114663218
-0.2256702128
0.2252220710
-1.1809134267
1.6648344559
-1.6368221131
0.0015502879
-1.1545458791
0.6803930990
-0.6973483182
-0.8045724595
0.3386135893
0.1249488141
