18 16 0.03
5 0 1 0 2 1 1 2 0 2 1
5 0 1 1 0 1 1 2 1 2 2
5 0 1 1 1 1 2 2 0 2 1
5 0 1 0 2 1 0 1 1 2 1
5 0 0 0 1 0 2 0 3 1 1
5 0 0 1 0 1 1 2 1 3 1
5 0 0 0 1 0 2 0 3 1 1
5 0 1 0 2 1 1 2 0 2 1
5 0 0 0 1 0 2 0 3 1 0
5 0 1 1 0 1 1 1 2 2 2
5 0 0 0 1 1 1 1 2 2 1
5 0 1 1 1 1 2 2 0 2 1
5 0 0 0 1 0 2 1 0 1 2
5 0 0 1 0 1 1 2 0 2 1
5 0 1 1 0 1 1 1 2 2 1
5 0 0 1 0 2 0 2 1 2 2
11 1
15 0
8 4
12 3
15 12
10 5
5 6
12 5
11 6
9 0
7 13
4 7
0 10
7 6
14 13
9 15
0 0 0 0 0 0 0 0 0 0 1 1 1 0 0 0 0 0
0 0 0 0 0 0 0 0 0 0 1 0 1 0 0 0 0 0
0 0 0 0 0 0 0 0 0 0 0 0 0 0 0 0 0 0
0 0 0 0 0 0 0 0 0 0 0 0 0 0 0 0 0 0
0 0 0 0 0 0 0 0 1 0 0 0 0 0 0 0 0 0
0 0 0 0 0 0 1 1 2 2 0 0 0 0 0 0 0 0
0 0 0 0 0 0 0 2 1 0 0 0 0 0 0 0 0 0
0 0 0 0 0 0 1 0 0 0 0 0 0 1 1 0 0 0
0 0 0 0 0 1 1 1 0 0 0 0 0 0 1 1 0 0
0 1 0 0 0 1 2 1 0 0 0 0 0 0 1 1 0 0
1 1 1 0 1 2 0 0 0 0 0 0 0 0 0 1 0 0
0 0 2 1 0 1 2 1 1 1 0 0 0 0 0 1 1 1
0 0 1 0 1 1 3 1 0 0 0 0 0 0 0 0 0 0
0 1 1 1 1 0 2 0 0 0 0 0 0 0 0 0 0 0
0 0 0 0 1 1 1 0 0 0 0 0 0 0 1 0 0 0
0 1 0 0 0 0 0 0 0 0 0 0 1 2 2 2 0 0
1 1 0 0 0 0 0 0 0 0 0 0 0 1 1 0 0 0
0 1 1 0 0 0 0 0 0 0 0 0 0 0 0 0 0 0
-0.6546539160
0.4404624607
-1.5233912516
0.8988547574
1.7393583055
1.5375097250
-0.9501247144
-1.0797635554
-1.1978917447
-0.2231560911
0.2501358871
0.2597729931
0.2338761632
0.7865706952
-0.5966641725
-0.5936570872
0.8538163310
0.6006354741
-0.3193665609
0.1995411184
-1.2656303785
1.6594156797
0.1250322831
-0.8689182111
-2.1075145885
-0.0302368516
2.7611910978
-1.6557228055
-0.2180040306
0.7655388247
-0.6508782905
1.1208803877
0.1988788254
-1.0264936958
-1.2796813210
-0.1942659191
0.1684844340
0.2436985909
0.1227889870
-1.0706638062
-2.1135999265
-0.6020257819
-0.7796839863
0.4531094326
-0.6761716814
0.0710592158
1.6796930736
1.8340722497
-0.8250901075
-0.1681388121
1.2720025857
0.2396802074
-0.6708096693
0.2221423301
0.8043476582
0.7797851441
1.8259605848
0.8766750001
0.7158538033
0.2620258997
-1.1329943033
-0.9291684039
-0.5098835708
0.2812017537
-0.6637950716
0.2434684033
-0.5846548246
-0.8112383939
0.1467929205
-0.3217605780
1.2606168197
-0.4382589403
0.4858500009
0.3302984018
0.7840549225
0.6011655167
-0.5204733735
-0.1373129056
-0.1459648286
-0.2840669371
0.6145719122
0.0110145555
2.0251215493
-1.5911388366
-1.9444296547
-0.6494865089
-1.1475302378
1.7612101685
-0.7258057837
-0.2406275496
0.2955828541
1.7813509949
-0.6133745107
1.7148328328
-0.2351090783
0.4530980371
0.7676454503
0.7025800110
-1.0280231577
0.0893303607
2.4521666344
-0.0850461935
1.8569391488
1.2622092081
0.0147118238
-0.7479438038
-0.4324719274
-0.6787939558
0.3025385504
0.1707868646
0.2491740254
1.4241416551
-1.2189451080
-0.8929475858
0.1566591934
-0.0633817038
-0.9407883693
1.2017411792
-0.7190837511
-1.5218277747
-0.7412461266
0.1135786771
-0.5034124326
-0.3284364203
-0.1780673320
-0.8928922710
-0.6225440898
-0.9143264570
1.2186374390
0.3877228918
-1.4341310367
-1.7387763928
0.0946751917
0.6051410289
-0.0448418861
-2.0383007708
-0.8387435695
1.0338044549
-1.1127763115
0.9029072887
0.0098137737
-1.3530350386
-0.3489070252
-1.1597415027
0.6151801559
-0.5704380194
0.4696924878
-1.3868216575
-1.2203235901
-0.0383974585
3.5186410317
-0.3763830499
2.8756314170
0.4138181725
0.3221908238
0.4287491584
0.5916951780
-0.8382497947
-3.2198566754
-1.7553886655
0.5814436706
-0.4983905343
1.7968687749
0.4607883211
-0.9093931067
1.0609728310
-0.4114880710
0.6405597693
-0.6317717380
1.6433517019
-0.7928182720
1.0251436509
-0.0438171698
-0.1074127418
0.5241343529
1.8116033916
-0.7936038913
-0.2180326193
0.7201918262
1.1961064752
-0.2266456722
-0.1482545256
1.8633413552
-0.2978751169
1.0422767086
0.4604816704
-1.9811396249
0.5521210377
-1.6734492098
0.0637020155
-0.2075265750
0.4650819657
-0.3061441172
0.9158662416
0.6037693734
-0.4541703840
0.1749068209
-0.5558921714
-0.5207261105
0.3129464878
0.2240048775
0.8994027221
1.7677352172
-0.5425092218
1.4308306580
-0.3095223909
-1.8376944532
-0.4844973040
2.2891276567
-1.2545035850
-1.3237091540
2.0748738848
0.1022045631
-0.6789189571
0.2021431119
-0.9165169257
0.1510474586
-0.4941807023
0.4757719881
1.3085343333
-0.1638307182
0.0522994709
-0.5438055475
-0.5157617693
0.5891200271
0.1625214267
-1.5926151616
-0.3558259715
-0.3605363837
-0.3857228550
0.2669875704
-1.0713109285
-1.1681181252
-0.7662558658
-0.6593143586
-1.9866370650
2.5952653120
-0.9994869569
0.7230105144
0.8139018605
-0.8843441122
-0.5449467437
0.4452120768
-0.9609661903
0.9478377040
-0.4410415368
-1.0080618161
0.0244361239
-0.6711569712
0.7380322311
1.3683465994
-0.2525055934
-1.2857356770
0.7794664408
-0.1529445855
0.2821253961
-0.9416339840
-1.4098409646
1.2391118907
0.2568346306
-0.9747468347
1.4103882733
-0.2042066634
1.2718282734
0.9346067735
-2.0365469070
0.5094347667
-1.6234523564
1.3043191137
-0.1387438572
2.1937714773
-0.2814164705
0.0190560661
0.0709321906
0.6297180870
0.1316556657
-0.4049933950
0.0206333781
-1.1925230350
2.5494730092
-0.5725180904
2.2746215839
-0.8341089376
0.5363487154
-2.3133542677
-0.9507505766
-0.0315159261
0.0783254693
0.2247990893
-0.2218343882
-1.3528678646
-2.3558198450
-1.7388550772
-0.0887008481
0.1679613835
1.3788406442
0.3751188530
-0.6659456216
-2.0392656472
-0.2316838246
-1.1135546157
0.6306044936
-0.0625663654
-2.2691116786
0.5792234254
-1.0637309079
0.0706159553
0.4427898681
0.1006123138
-0.9180264498
2.0095672422
0.7586900577
-0.3262427255
1.6160292616
0.2597500336
0.0412834429
-1.1299461181
-1.0599543143
0.6087026165
-1.3084485472
-0.8206750032
1.4465205197
0.0367121418
-1.6070376001
-0.9584690076
-0.2817354214
-0.9193824366
1.3130399800
-0.8128709261
0.5839920622
1.0612629009
-0.6465521197
2.0496161111
0.2915751283
-1.2155037491
-1.3537111075
2.4454464573
-0.4890012555
0.9545484761
1.0038123638
0.9506806294
2.1242800792
0.3361425386
0.1211677729
0.9188341540
-0.3989111312
-1.7191312201
-2.2966837907
1.3669442599
0.4475342422
-0.0794594384
-0.8480013641
0.7313836160
-0.9033570675
-1.1242431865
1.3846348242
-1.1637722258
-1.1683678241
1.3939648510
1.0211506082
0.7787122688
0.2388321846
0.2247974365
-0.6218873195
-1.7985793790
0.8572532888
0.5529824207
-0.6231923975
-0.4016686313
1.5107477987
-0.1217991276
0.4341372406
1.8048432898
-0.6191030168
-0.4102679635
-1.1781942840
-0.7857255499
1.2591210821
-0.8079662190
-0.3369638289
0.1848866965
-0.2841969441
-1.4441266972
-1.3057367312
0.5328473663
0.7976852577
-2.1203266530
-0.2285070853
0.4781469809
-0.0646244077
0.1063904143
0.3786839094
1.1596363602
0.4288038880
0.5225102171
-0.4580282883
1.4882829384
-0.7883567616
-0.5620241731
0.7773052791
-0.4952493956
-0.1999742426
1.2297028841
-0.6725320500
-1.5649040447
0.4220663029
-0.6884014227
1.2868185455
0.5602172288
0.3683227369
0.5363150571
-1.2346955669
-0.1956444697
0.7485896404
-0.4999185752
0.5488522455
-0.2641144332
0.5070928822
-1.1687537506
-1.1324675644
2.6787110838
0.4148631196
-0.3799011473
-1.3444777220
0.5810657451
0.4376023758
-2.9644819023
1.0253121762
-0.5854992838
0.7025098735
0.2409213555
-0.5887805988
-0.4043874468
-1.0995794661
-1.2925502303
-0.3828735048
-0.6313908777
0.7283955598
-0.8394171493
-0.0839836637
-0.7208698740
0.6574532755
1.4621985277
-1.4780960028
-0.4897405777
1.0747673247
-1.6820094066
-0.9478327736
-2.1531179268
1.2453436559
0.7149332790
-0.0575903975
-0.1599466875
0.0287701708
1.5203236373
0.3951236573
-0.4678221987
0.1822616964
-0.9993969054
-0.2476790651
0.2567397796
-0.2241262553
-0.3606154275
0.1890035675
1.6717781985
0.6562972814
-0.4742034403
-0.1920970125
0.3058614786
-1.0047959269
-0.3963755704
-0.4247495797
1.9905324461
-0.1905289961
0.4559544015
0.8513993799
-0.8224467430
-0.0526352614
0.6973935290
-0.2798423937
1.1332256466
-1.0060224227
1.1413303923
-0.9258953582
-1.6969767791
0.5214694190
0.2672878883
-1.7931983166
-0.1268548420
-0.3455170977
0.0152799598
0.3781531185
-1.8945082237
0.0327162197
-1.8721610157
-0.7385141743
1.3711382749
-0.5035505508
-2.0067464286
0.2295402039
0.8887098096
-0.2119357412
-0.4386599619
1.0550223702
0.8699949593
-1.1234078573
-0.3870766503
2.0707820332
0.1550222137
-0.8753746001
-0.0234911943
-0.2753963772
0.6570318641
1.3376352005
0.5632790812
0.6245435557
-0.4327688204
-1.5061438519
-0.0217635783
-1.4552694941
2.1104323949
0.2007466322
0.3767821240
0.4785937505
0.4902952473
-0.1811755666
-0.6415727166
0.6937170017
1.8337784437
0.5541719787
0.3633958385
-0.3257873877
0.9430053026
-0.2392430105
0.1611024760
-2.4615481968
-0.9241692254
-1.2697707324
-0.2635267285
-0.3071141841
0.5336129002
1.0651752250
-0.8158300915
-0.3490897833
-1.2367015891
2.7490378859
0.2429345420
-0.5428707524
-1.1489366696
0.2641222450
-0.3453610271
0.1585625072
-1.2699597418
-0.1508938457
-1.8404758817
-1.1802637597
1.2730381609
0.7344891524
-0.4400681361
1.0661609118
-0.2539925969
-0.7651372045
0.6501132959
-0.2313321650
0.1810766615
-2.0199108176
0.0841385927
0.2625385710
-1.2396820114
1.5137027139
0.3329907487
-0.6867367837
-0.4158584453
0.4787825711
-0.4209553908
0.8739562990
0.4529736873
-0.5076413461
1.5619288394
0.5701528579
0.7181505917
1.1123140711
-2.3311281123
1.8487501957
-0.3984530203
0.7095939263
1.1502722912
-3.0622406864
1.0446979747
-0.4543821472
0.7518903713
-0.5344554927
0.3772394190
0.1052470154
-1.6325405072
0.3943465885
-0.7988745394
1.9397578083
0.3702328187
-0.2944306497
2.4286713383
1.9415249173
0.6161187556
-0.3313878320
-0.0977727471
-0.3666488778
0.4183941814
0.0201067786
-0.1351819778
0.7106558154
0.5832070441
-1.0828880396
0.6662240765
0.9047438382
0.8146812810
-1.5824916955
-0.7641591760
0.4256366103
-0.4352685650
1.8487330237
1.1661247101
0.7264634113
-0.0664885207
0.7079607539
-1.6671632963
-0.4237865615
0.2710391571
-2.2134738084
-0.7084530750
1.9753401276
-0.1800471559
0.8067377455
1.1305642493
0.6533103605
0.5831210525
-0.0616910522
-0.2950604598
0.6880151587
-0.1103615088
0.5028485068
0.6886947719
2.2875465505
-0.6273275127
-0.1147603647
0.6218766668
1.2564835097
0.9917063160
-0.5534600909
