17 6 0.05
17 0 1 0 2 1 0 1 1 1 2 2 1 2 2 3 1 3 2 3 3 4 0 4 1 4 2 4 3 5 1 5 2 5 3
18 0 1 1 0 1 1 1 2 2 0 2 1 2 2 2 3 3 1 3 2 3 3 3 4 4 0 4 1 4 3 4 4 5 1 5 2
15 0 1 1 1 1 3 2 0 2 1 2 2 2 3 2 4 2 5 2 6 3 1 3 2 3 5 4 2 4 5
18 0 1 1 1 2 0 2 1 3 1 3 2 3 3 3 4 3 5 4 1 4 2 4 3 5 0 5 1 5 2 6 0 6 2 6 3
16 0 3 0 4 1 0 1 1 1 2 1 3 1 5 1 6 2 2 2 3 2 4 2 5 3 2 3 3 4 3 5 3
18 0 2 0 4 0 5 0 6 1 2 1 3 1 4 1 5 2 2 2 3 2 4 3 0 3 1 3 2 3 3 3 4 4 1 4 3
9 3
3 7
6 9
5 11
7 0
11 7
0 0 0 0 0 0 0 0 0 0 0 0 0 0 0 0 0
0 0 0 0 0 0 0 0 0 0 0 0 0 0 0 0 0
0 0 0 0 0 0 0 0 0 0 0 0 0 0 0 0 0
0 0 0 0 0 0 0 0 1 0 0 0 0 0 0 0 0
0 0 0 0 0 0 0 1 1 1 0 0 0 0 0 0 0
0 0 0 0 0 0 0 1 1 1 1 0 1 0 0 0 0
0 0 0 0 0 0 0 0 1 1 2 1 1 0 0 0 0
0 0 0 1 1 0 0 1 1 0 2 2 2 0 0 0 0
1 1 1 1 0 1 1 0 1 2 1 1 2 2 2 2 1
0 0 1 1 2 2 0 0 0 0 1 1 1 1 2 0 0
0 0 1 2 1 1 0 0 0 0 0 2 1 1 1 0 0
0 0 0 1 1 1 0 0 0 1 0 2 1 2 1 0 0
0 0 0 1 1 1 1 0 0 1 1 1 1 0 0 0 0
0 0 0 1 1 1 1 0 0 1 1 1 0 0 0 0 0
0 0 0 0 1 1 1 1 1 1 1 1 0 0 0 0 0
0 0 0 0 0 0 0 0 1 0 1 0 0 0 0 0 0
0 0 0 0 0 0 0 0 0 0 0 0 0 0 0 0 0
-0.3388019394
0.5357812636
-0.5722914438
-0.8572009699
1.0587002338
0.4488831011
-1.0032619215
-0.0286267878
-1.7426660140
0.8326857236
0.1341413845
0.7131801231
-1.3708118287
-0.8340895641
0.8380439556
-1.2557782388
-0.9698209621
-0.0711596086
0.5309203247
0.5364690610
0.0639127217
-1.1653541215
-0.2502307113
-0.9241988657
-0.2198387263
-0.5560647844
1.1317711320
-0.8908014716
0.6296458842
0.1749354104
-1.1289156805
1.8407546178
0.0932433476
0.6461610468
0.5907466960
-1.3489323301
0.6665669442
0.5528042549
-0.9683671266
-0.6662706268
0.0030268226
0.9319373379
0.2625589681
-0.6168882999
0.2109824837
-0.6220143018
-1.6704855473
0.1070966726
0.9645162856
0.0857645537
-0.1139787283
0.9455087734
-0.3357268567
-0.5922406704
1.0393752859
-0.3004336803
0.7033958763
-0.2490094617
-0.0151096650
-0.9707199816
0.2351941030
-1.6315818619
0.0742421477
-1.9382945776
0.4850584345
0.8525802975
-0.2051679389
1.3347223470
0.0777287090
-0.2971750149
-1.2998240438
-0.7742579048
-0.6626396347
0.4803579095
0.6097628385
-0.9044272752
1.2808005065
-0.1415854460
2.7833733681
0.2663795150
1.0802628184
-0.9771588876
-1.2475808451
-2.5203535354
0.9383866066
0.8434620000
0.5105989899
-1.7488202522
-0.3579251916
-1.3730403647
0.9225160802
-2.1772813820
0.4007852896
2.1830767185
1.1524077836
-0.8428381529
-0.1254821582
0.2481297125
-0.8418397574
-0.5333824540
-0.7165110921
-2.3882329397
-0.5018556408
-0.1766650511
-1.8957144669
0.7116042685
0.8077594593
-0.6689152088
-0.8871122643
-1.4362320332
1.9863398276
-0.4903167602
0.8883096373
1.3581038434
1.3554610098
0.2343177397
0.5740563069
-0.2753295901
0.1903187523
0.0232927852
-0.0046423456
0.9138270308
-0.2844463075
0.6939368675
0.0173049916
0.3213809811
-0.5259080859
0.1520001704
1.3923879476
0.2425082883
-1.1472339971
-1.0829912218
-0.3315495418
-1.2443951193
-0.9422920921
-0.6528991804
0.0603546726
0.4689759367
0.0354236288
0.5072143191
-0.6195038796
0.4767103873
0.1515925334
-1.1764918091
0.4311622454
1.0322652927
-2.9756385439
-0.2579932426
0.8726788048
-0.6711674104
-1.1287732334
0.8302909930
0.6081366542
0.3069567232
1.0871126590
-0.1193602700
-0.0530911902
0.1321839138
0.3556147568
1.6923898742
0.7633974190
1.0497997023
-0.6779055258
-1.8690897643
-0.6664560193
-0.9039243190
-1.8703300347
-0.1689585496
-0.5925603352
-0.3651645822
-0.3100287843
-0.4413913526
0.7512224952
1.4600305062
-2.1189454440
-0.2386842057
-0.3384196070
1.2162905680
0.6829301978
2.2575936525
-0.0433370705
-0.4027338568
-2.7426646553
-1.0266450139
0.6003635632
-0.0297178139
0.6156831458
-1.7488581489
0.7887551521
-0.3079221337
-1.6409484931
-0.7947476895
-1.7593947580
-1.5560549905
-1.4723216038
-0.8731072371
-1.3824943279
-1.0019175060
0.0711081505
0.8486811052
0.0752339698
-0.9596874284
-0.3753116340
0.5897372958
1.0241138133
-1.8727336375
-1.7102930497
0.8794716749
-0.2054648414
1.4577238095
1.1044475796
-0.1923407296
1.6653745967
0.7411121541
0.6782709431
-0.6806662817
0.4163177062
-2.2370894179
-0.4080944638
-1.4623566037
-1.3660238315
0.6015888060
-0.5263137131
0.3050273979
-0.5679072496
-0.6037228811
1.6297458886
0.1547452679
0.8454347298
1.3241077631
1.4642318913
0.2538295125
-0.7551936526
0.5221240326
-1.2929078860
-0.6525509196
0.9941996741
0.7436070180
-0.1441386124
-1.1340097836
-1.1573017612
-0.7843310602
-0.0378708675
0.7850731866
0.6735194010
-1.8448477483
-0.5640438105
-0.2427469371
-0.0801455432
-1.4883138442
0.1013154324
0.1472284896
0.6744943890
0.1759891394
1.4911481664
-1.1506773886
-0.4928990870
0.0188764843
0.7213347905
0.7295620071
-0.3058016937
1.5381419359
0.2179587041
0.6750831384
-0.8980322513
1.1341034260
0.6579600581
-0.4238974784
-0.2071911673
0.4972945460
1.0923001289
1.4969102859
0.4296418752
-1.8310916568
-0.2200096241
-1.3190308829
0.2608226642
-0.8101154624
0.0848831711
0.4185689951
-0.6913003805
1.0029693599
0.4341090535
-1.5789790725
-0.4493114345
-0.4826733820
0.3103028461
0.4486406096
3.0070815053
0.2678018055
-0.7364130262
0.0823280606
0.0484710863
0.1082254298
1.6173657781
0.0841242415
-0.4961923616
-0.9285442890
0.1082581144
-1.4104608284
0.8282787013
0.2708531673
0.6162477085
0.0502684608
2.0650392834
0.3603668563
-1.0923249088
0.0594566427
0.4997649869
0.2175245420
1.2890505870
1.1450619484
-0.8508114243
-0.4973639986
-0.5703369309
-0.3442663982
-0.6498599816
-0.3902698470
-0.5491549955
-0.3458664066
1.0164439435
-1.3219349990
-0.2017258172
0.3045825251
-1.0417519452
0.2055379630
-0.8081390021
-0.1660340625
0.5257993658
1.2158055591
0.1259506774
0.3589891234
1.5211807739
-0.5090796887
0.8318958148
-0.2012473443
0.3728471591
-0.1687486704
0.1919370858
1.5412401265
0.9894538905
0.2998034106
0.1813715719
0.0691629588
-1.1197882023
-0.2972956993
-0.5642003920
-0.1411710243
1.0361936060
0.1874833782
-0.7469483143
-0.4939173044
-0.6780954173
-0.2294560458
2.9085409745
1.9990475247
0.0453715070
0.3387400001
0.3197240826
0.3689668674
-0.3988650893
-0.7843778411
1.0744015352
1.2363285101
2.0410664376
1.3280207485
-1.2290793836
-1.7878934304
-1.3562699015
1.1001893084
1.1524070680
-0.4700962831
-0.4584617549
0.5200471203
-0.0012115813
0.6125368422
-2.3148369591
0.5688059532
-1.7822331656
-0.4778790455
2.5265517462
0.4224042212
-0.3474121053
1.7370569664
-0.3533187623
-0.0453935326
0.7424886611
1.6034013989
-0.7474722120
-0.2005121934
0.3326562901
-0.2292300317
-2.2100962274
1.4405629307
1.4249965161
1.5662579922
0.1641332969
-1.2971747436
-1.9631174832
-0.1775319282
0.9689560683
-0.6774895073
-1.7840762076
-0.0149759391
-0.4623265554
0.2810040801
1.5664096648
0.1494365828
-0.0608128103
-0.3641776071
-0.0424772317
1.0742199123
0.7017999544
-1.3351392116
0.4311003382
1.0925643555
-0.2863868413
0.5852514874
-1.5578806482
-1.5084054556
0.7228122672
1.7142283873
-0.2328066503
-0.7479400879
-0.7381903512
0.6908412404
-0.1198031492
0.4426384011
0.9714143254
0.1454068886
0.6023538366
-0.2867588630
1.5019966102
-0.3371433100
1.2890805902
-0.4213619285
0.3389060017
0.6516043585
0.4953560741
1.8534312267
0.7091864515
0.7677377737
1.2005635507
-0.5089661592
-0.0288455251
-0.4615187218
-0.3074427111
-0.2080845536
-0.4058536938
0.0484538653
-0.8148666138
-0.3336770063
-1.0588627472
0.4145989261
1.6286039514
0.6125453206
-1.2393114065
1.0353360589
1.0441876941
-0.8927905575
-0.1905207995
0.1951020403
1.2195768425
-0.2981679732
-0.2430105018
-0.3061199978
-1.8196165397
1.8026322315
-0.6344105620
0.2613154323
-0.7419057201
0.0717536585
-1.1960492546
0.2975899234
0.8403765938
0.5552151619
0.8036028835
0.6123201351
-0.0731589084
-0.0618170370
-1.6231230792
-0.2534332303
0.0305424196
-0.1083451837
0.6645959872
-0.3311250229
0.3532691863
-0.7638410873
-1.0347095583
0.1742250313
2.7892868525
0.6543789318
-1.1979339417
-0.3251709563
0.5535165427
-0.3264770642
-0.0850288536
0.9953781987
0.7209456844
-1.0255812224
1.6973905078
0.6092758674
-0.9174598710
0.6472481984
1.3731529700
-0.6827640528
-0.9988923633
-1.1694681003
-0.7818657981
0.0694773937
-0.1974745977
-0.3606046215
0.0614330274
0.0688915925
-0.1547903685
-1.6032909689
-1.1890886209
0.6423965013
-0.9217735685
-0.4345624421
-0.4866616476
0.8941439232
-0.6713049074
-1.4940317600
1.0794274029
-0.8296227502
1.2827396057
1.6038636805
0.5973406511
0.7548738337
-0.0965509480
0.3906242548
0.9638535200
-1.2001204213
-0.2295055211
0.4494331728
0.3842950289
-0.9264121549
-0.1103156295
-0.1859605263
-0.5838707989
-0.0546604746
-0.4345036757
-1.8083187496
-0.2422594572
0.6150879346
-0.8313799753
-0.8247443258
-1.9014377026
1.0369701038
0.1377647437
-1.0862308495
-0.8781469747
0.5414418261
-0.8737465750
-0.6052576054
-1.1755621673
-0.4222992470
0.3002504109
-0.9268541641
0.9541077970
0.8815095865
0.6033572491
0.0619056417
-0.9983889787
-0.3087269666
0.8299998056
0.4429939450
-1.0252115164
-0.8594542926
0.1782912088
-1.2985058845
-0.7785484800
-0.0734802742
1.3938275454
0.8907999793
1.0914579762
-0.7196257281
