15 4 0.19
15 0 5 1 4 1 5 1 6 2 1 2 2 2 3 2 4 2 5 3 0 3 1 3 2 3 3 3 4 4 3
15 0 2 0 3 1 1 1 2 1 3 2 0 2 1 2 2 3 1 3 2 3 3 3 4 4 1 4 4 4 5
15 0 1 0 2 1 0 1 1 1 2 2 0 2 1 2 2 3 1 4 1 5 0 5 1 6 1 6 2 6 3
15 0 2 0 3 1 2 1 3 1 4 2 2 3 0 3 1 3 2 3 3 4 2 4 3 5 2 6 1 6 2
8 8
6 5
3 6
6 4
0 0 0 0 0 0 0 0 0 0 0 0 0 0 0
0 0 0 0 0 0 0 0 0 0 0 0 0 0 0
0 0 0 0 0 0 0 0 0 0 0 0 0 0 0
0 0 0 0 0 0 0 1 1 0 0 0 0 0 0
0 0 0 0 0 0 1 1 1 0 0 0 0 0 0
0 0 0 0 0 0 1 1 1 0 0 0 0 0 0
0 0 0 0 0 0 1 3 1 0 0 0 0 0 0
0 0 0 0 0 0 2 3 2 0 0 0 0 0 0
0 0 0 0 0 1 3 2 0 0 0 0 0 1 0
0 0 0 0 1 1 2 3 2 2 0 0 1 1 1
0 0 0 0 0 0 2 1 0 2 2 1 1 1 0
0 0 0 0 0 0 1 0 1 1 1 1 1 0 0
0 0 0 0 0 1 1 0 0 0 0 1 0 0 0
0 0 0 0 0 0 0 0 0 0 0 0 0 0 0
0 0 0 0 0 0 0 0 0 0 0 0 0 0 0
0.6093977200
1.2415621710
0.8382698732
0.5054666025
1.6331362893
0.1531302184
-1.3535119795
1.3494591178
1.4048755662
1.6718558716
-1.0887768338
-0.4302325290
0.1376369475
2.9717844623
0.3712140236
0.3068045474
-1.3219361882
0.4962732158
1.9454215802
0.3504122600
0.7703635661
-0.2303653397
1.2438431405
-0.0100939928
-1.5536780749
0.4280324882
0.1856668757
-1.0582772757
0.7517278799
-2.3849646749
1.7220760014
0.5110687399
1.0394516950
-0.0406077617
0.9231639225
0.1749638966
0.1215262474
-1.0184927798
0.5244057330
-0.3423709199
-0.8057849475
-0.7736017438
1.4229257146
-0.4589699016
-0.2288790959
-0.0770264935
-0.7248304622
0.5192215027
-0.2892710171
0.2177769658
0.0363041044
0.3785016904
1.6536505815
0.8859095013
-0.2688176314
0.4497028475
0.0685691415
0.3483816909
0.1643087921
-0.5240532634
0.7290681437
0.5179458764
-0.5185008032
0.7285618384
-1.3171485000
-0.1094109128
-0.0528657207
0.5196112879
0.6248204032
-0.3291969896
-0.2845060721
-0.5362600492
1.0534967940
-0.0609879958
-0.6810451807
-0.9727114464
2.1734438968
-0.2347775552
-1.4856883991
1.1105759694
-1.0109571265
0.0585355882
1.4079249996
-0.7580977506
1.6427916183
-0.1837358863
-0.9224891340
-0.4266692386
1.4359077017
0.8849251328
0.6977018943
0.6986730178
-0.6450919364
1.9192085823
-1.2809435241
0.3121596180
0.5786224208
0.4525055610
-0.3822985133
0.5551601210
0.4281832687
1.5210809761
-1.3147130321
-0.4282026858
0.1792309712
-0.4245652683
0.8369036439
1.2240507325
-0.4623269581
-0.7544002185
0.0340444304
-0.6569380958
-0.8882594055
-0.1927389424
0.2574422026
-0.8257664699
-0.5583199793
-0.4696909844
-2.3711532528
-0.5244114159
-0.8422115718
0.2201406697
0.2589113692
0.0995306084
0.9573651479
1.6814723976
-0.6454143323
1.7466889458
0.8410294809
0.2951878913
-1.2358173677
1.1374686230
1.2630035675
-0.4133584602
1.1380516360
-0.4369779779
-0.6417394973
0.8374408385
-0.5535591779
0.8115637381
1.8574061804
0.4262521034
0.3001476552
0.6200910331
-0.6677501088
0.3650812012
0.7302193262
-0.1454211658
-0.4447968005
-0.7203054708
-0.9993673216
-0.5751456702
-1.2559375297
0.5766873276
-1.2143674321
-0.0498700880
-0.5278451163
0.4511973395
0.9518622317
-0.0984535698
1.2152645933
0.0793757061
1.4058189449
1.0957095708
-0.3185243091
-1.2730294301
2.0602761422
-0.9669279727
2.8274432770
0.0862565577
-0.0677209493
-1.4592957532
0.6968506894
-0.3469264502
1.2592914928
0.0358592572
0.2859105135
-0.6202499491
-0.3230762598
-0.9537958871
1.9643126793
0.4680238981
-1.2118074225
0.3671656357
0.1534763786
0.3536326686
-1.6218949529
0.7632342551
0.8740846686
0.5187632038
0.3905975640
-0.0758698830
1.6707460221
1.2487030788
0.8471008170
0.7445780250
1.3577575713
0.9625418715
0.5287101383
0.5397305818
0.3219329114
-0.7027962251
0.4164819129
-0.0717277874
1.0939647746
0.7397066811
1.0731568808
-1.3756263159
0.9125429126
-0.5372315890
-0.4794406915
0.3258739873
0.5064581967
0.2552492995
-2.0608729555
1.4668356368
-1.1817434407
0.0458453991
1.8587227828
-0.0297090204
-0.2465951857
1.5238060568
1.4395045707
0.3873199388
-1.0026197573
-0.3963974618
0.1719758125
1.2705328150
-0.3982642656
0.2386310129
-2.4121679166
-0.9793247831
1.8142591713
-0.5020215105
-0.2602149653
-0.3397635900
-0.2240760173
-0.2506978089
0.3122953501
2.5232386160
-2.5041768328
1.5417779094
-0.4025771575
-1.5623407075
0.3772548966
0.3568842348
-1.6434940852
-0.5387617199
-0.0110316785
0.4616200849
0.1173474288
1.2092512778
0.1624328702
0.6488897512
-0.0344050239
1.2904034044
1.4998566878
1.9057415061
-1.2370276061
0.2059482487
-1.1986752557
0.1313640458
1.0856143338
0.3274603686
-1.3519610852
-1.6827853055
0.5259353600
-0.5837291980
0.0179068446
-0.9193741125
0.9514929390
-0.6441474003
1.1066190135
-0.8510724825
-0.2352531822
-1.1709853073
-0.4078287449
-0.4219544051
-1.0622849525
1.7166826224
-1.6131140485
1.3873453366
1.3499130691
0.2508913626
-0.1011369816
-0.0736950747
-0.2580766422
1.3885049852
-0.3648145152
-0.4617160091
-1.1350686170
-1.1975857678
-0.0571465727
0.5567545627
-0.5670309125
0.0274209542
-1.0655637404
1.1023486187
0.5141250609
-0.9394216016
-1.2524165540
-1.8960133560
-0.5007914816
0.1954096760
0.1379442908
0.6315517062
-0.5212288917
0.6294701415
-0.9374354536
-1.6505055123
-0.0593955942
-0.4435124076
-0.9686611905
0.6295317707
0.4291089508
0.5790224801
-0.9543781848
1.1872208509
0.7551411765
1.0442479123
-0.7444537638
-0.5153298735
-0.4169080454
0.6603954293
-0.0576629751
-1.0273831239
-1.3391823225
0.2827999628
-0.5036837841
0.7436722801
0.1476208186
-0.8693256375
0.4155599358
-0.0624917646
1.5757174441
0.2372301534
1.4562063314
1.6582427507
-0.7534645021
-1.4783327809
-0.4106602911
0.3517523276
-1.4213455511
0.7640539529
-0.1693026720
1.4588699750
-0.4707651977
0.2705739124
-0.8114639044
-0.2296408539
0.1983411158
0.4356174570
-0.7837469627
-2.2716801003
-1.4731363310
-0.8900822928
-1.4714035222
0.5138824105
0.7710653340
-1.7539806961
1.5391098982
0.9587937458
0.5588167401
-0.4085936233
-0.9487857475
0.0483955337
1.1148108957
0.1537142667
0.9087815003
1.4126012991
-1.4926658567
-0.5872693977
0.1376581867
1.4969288379
-0.7807444321
1.2881871456
0.3544005406
0.3283610162
0.3633562760
-0.9751925031
0.7361408409
-1.2572346634
-0.6322862501
-0.4947895983
0.1310178011
0.2194630861
1.1565954966
-0.7911728298
0.3632264375
-0.7377053221
-0.3940577953
-0.4432927363
0.6383519296
-0.5408612164
-0.4301187181
0.3368733065
-1.4481272753
-0.5186046144
0.1949068624
-0.3270994576
-0.0723376750
-0.5351091767
-0.1044968264
-0.5933646302
1.5404277150
1.1350519226
0.8962829364
1.3518432800
-1.9244388905
1.1566350316
-0.8022928980
-0.5196548145
1.4909888285
0.4711185082
-0.5859994497
-0.0915278631
1.1166336708
-1.1491639600
-0.7989845209
-0.0032643300
-0.2004221401
-0.5367113737
-0.1385931277
-1.6400052026
2.1805043367
0.1543700773
-0.0462950898
0.0855795788
1.3034823296
0.7410431081
1.9958672383
0.1864813002
1.5943214196
0.3073766258
0.5665946647
0.6336365717
-0.5935062285
-0.4990683293
-0.0164677940
-0.0563657943
-1.7209186123
1.1242626642
-0.2781324525
-0.7905533755
0.7918106133
-0.4633433702
0.3682596668
0.2101566980
-0.5179882205
-0.8302783951
