20 2 0.01
43 0 3 1 3 2 3 3 3 3 4 4 1 4 2 4 4 4 5 5 0 5 1 5 2 5 3 5 4 6 0 6 1 6 2 6 3 6 4 7 0 7 1 7 3 7 4 7 5 7 6 7 7 8 1 8 2 8 3 8 4 8 6 9 0 9 1 9 2 9 3 9 4 9 5 9 6 10 1 10 2 10 5 11 2 11 5
46 0 2 0 4 1 1 1 2 1 3 1 4 1 5 1 6 2 0 2 1 2 2 2 3 2 4 2 5 2 6 2 7 3 1 3 2 3 3 3 4 3 5 3 6 3 7 3 8 3 9 3 10 4 4 4 5 4 6 4 8 5 3 5 4 5 5 5 6 5 7 5 8 5 9 6 4 6 5 6 6 6 7 6 8 7 5 7 6 7 7 7 8
7 2
10 2
0 0 0 0 0 0 0 0 0 0 0 0 0 0 0 0 0 0 0 0
0 0 0 0 0 0 0 0 0 0 0 0 0 0 0 0 0 0 0 0
0 0 0 0 0 0 0 0 0 0 0 0 0 0 0 0 0 0 0 0
0 0 0 0 0 0 0 0 0 0 0 0 0 0 0 0 0 0 0 0
0 0 0 0 0 0 0 0 0 0 0 0 0 0 0 0 0 0 0 0
0 0 0 0 0 0 0 0 0 0 0 0 0 0 0 0 0 0 0 0
0 0 0 0 0 0 0 0 0 0 0 0 0 0 0 0 0 0 0 0
0 0 0 0 0 1 0 0 0 0 0 0 0 0 0 0 0 0 0 0
0 0 0 0 0 1 0 0 0 0 0 0 0 0 0 0 0 0 0 0
0 0 0 0 0 1 0 0 0 0 0 0 0 0 0 0 0 0 0 0
0 0 0 0 1 1 2 0 0 0 0 0 0 0 0 0 0 0 0 0
0 0 0 2 2 1 2 2 1 0 0 0 0 0 0 0 0 0 0 0
0 0 2 2 2 2 2 1 1 1 0 0 0 0 0 0 0 0 0 0
0 0 1 2 2 2 2 1 1 1 1 1 1 0 0 0 0 0 0 0
0 0 1 1 0 1 2 2 2 1 1 0 0 0 0 0 0 0 0 0
0 0 0 1 1 2 2 1 2 1 1 1 0 0 0 0 0 0 0 0
0 0 1 1 1 1 2 2 2 1 1 0 0 0 0 0 0 0 0 0
0 0 0 1 1 0 0 2 1 1 1 0 0 0 0 0 0 0 0 0
0 0 0 0 1 0 0 1 0 0 0 0 0 0 0 0 0 0 0 0
0 0 0 0 0 0 0 0 0 0 0 0 0 0 0 0 0 0 0 0
1.1391716769
0.4108605183
0.6497775565
2.3323489188
-0.2744546046
-0.0332479009
-1.0476196807
1.2588711341
1.4719684219
-0.5831327127
-0.6867582426
-0.1291214257
0.4941665414
-0.7829280239
0.8213073746
-0.4763670165
-0.2843585039
0.4513276907
-0.1241688676
0.0848670854
-0.6848211424
-0.8852418806
-1.8206077457
-0.3570555461
1.0193288107
1.5222136791
0.4159286955
1.2248068464
-2.1540817317
0.4647436857
-1.2052157519
0.3968674430
2.2678840716
-1.6508494152
0.5349415038
-0.7645994221
-0.2525588835
-1.7145050307
0.8531552520
0.7692511954
2.1948610537
0.6677176192
0.9442503810
-0.1464609867
0.5617585379
-1.3402472405
-0.2824115193
-0.4154163787
-1.1466296081
0.5395052018
1.5203419435
-0.3869180341
-0.8167766174
0.0131085613
0.5061722705
-1.5533968335
1.8004917193
0.0874554644
-0.2119640779
0.2879869311
0.7742450532
-0.9417059398
-0.6817734179
-0.4805052073
1.6396696499
1.0451263831
-1.3344417227
-0.7281797576
-0.6216524834
-0.1233581302
0.7091147386
0.2763592727
0.4402509783
-1.0434540943
0.7221883826
0.0323109290
0.2823974018
0.1081197668
3.1652058209
0.3582632557
-1.2710282930
-1.0234976354
-1.3854918527
0.1784911753
0.3313187761
2.2801975945
-1.3509230032
0.7188576019
1.6181759172
0.9285982712
0.2078546407
-0.2091196178
1.4973093691
0.0535449255
-1.0624230507
0.5477835736
-0.3780340772
-0.6576800610
-0.4062724257
-1.2838360335
0.1015804661
-1.6368553532
0.3191843889
-0.0106002780
-3.7032921846
-0.1281054523
-0.5795128273
-0.5420467700
-0.7728012002
-0.0144376400
-0.2607628275
-1.0509619205
-0.7972591718
-0.1622975209
-1.6031500499
-0.0007676616
-0.7176498058
-1.4500906589
0.0301732952
-1.1596902538
1.4061531409
-0.3569850875
0.0813047901
-0.8519105144
1.3975237106
0.2863955065
-0.4038657746
-0.4106701445
1.0827377521
1.4817217606
-0.8898778872
0.5662314933
-0.3353253860
1.5887765539
-1.9197144883
0.5838811649
0.8377365305
0.4817374879
0.2523623107
1.2423349833
0.0410439440
0.5182185097
-0.0946267785
-0.5828369034
-1.3117314015
0.1180170675
-1.9751567277
-0.3703871401
-0.7896534871
-0.3583126829
0.3850835639
-0.9626645933
0.0814243006
0.2272032151
1.0191188333
0.3515731583
1.0874650461
-1.4734286236
-0.7302661815
-0.6705701832
0.0265084815
0.4937197437
-0.8566466422
-1.6367571703
-0.1089457357
-0.6172777571
0.4010476502
-0.7693269357
-0.5592305444
-0.1985408385
-0.2832924103
0.3228885675
-0.1351237572
0.8131741549
0.9521421388
-0.0277377254
0.6584049358
-0.3281054409
-0.1879684335
-0.0856212437
-0.8090196521
0.8647297983
-1.4784999846
0.4247040802
1.3907271391
0.2151703096
-0.7362751698
0.3319218318
-0.6586696598
0.2169206642
0.5379771106
1.0078810325
0.0503196851
-0.1849415204
1.3666071181
0.5253254605
-0.6362240788
0.3706347127
-0.5116136237
0.4141294007
0.6990643177
0.9713427439
-0.2217778999
-0.1176349685
1.1095655669
-0.9966645935
-1.2316543732
0.6631575562
-0.7080095816
-0.5827033085
0.5049771381
0.7448288596
-0.2671294358
0.2921470302
0.4063681655
-0.5933647615
1.8609860407
-0.4853110518
-1.1767899148
-0.4779326688
0.7013670435
0.4910682338
0.1253198463
1.7376252491
-1.2007493259
0.7777138564
-1.5739000651
-0.2124166185
0.3816865349
-0.8537844962
0.2788245829
0.9181262316
-0.3050843438
0.2394919697
1.0696131979
0.2849729641
0.2254561293
-1.3891826831
-0.1259343860
-2.5444268621
0.0362039730
0.6722047397
-1.1296529446
-0.4716825576
0.9141193132
1.3344730826
-1.8995128202
0.3046376056
1.5408271702
0.7437228587
0.9116665107
0.5623984916
-0.4798139630
-1.4762388198
0.3476173726
1.2749477065
-0.1437643387
-0.0923861990
0.6654503913
0.4090538653
-0.1529522371
-1.1994160043
1.0820504733
1.3539063240
1.1348482154
-0.2187227006
0.8760690555
-1.1586578829
-0.8783864876
-0.7395620664
-0.1793850554
0.5837087075
0.7712334838
-0.7749753875
-1.2547282558
1.0670983527
1.8133835772
0.0889257761
0.6319135262
-1.0983213918
0.8188454382
0.6563168438
-0.7891154577
-0.5879203561
-0.1659872585
0.1899422023
-0.7624855229
-0.8512099887
-0.9537643515
-0.0371813685
0.9538479010
-0.8022010882
-0.4591833428
-1.5757461801
0.5442427185
-0.1158539035
0.4356292211
0.1237733621
1.0741502514
0.5175182148
-0.3902251079
1.4542438990
0.8989115910
-0.0938037413
0.0056957738
-1.6265571664
-2.1776235106
-1.2598166702
2.4353396950
0.7480943105
1.4980671103
0.8839087632
-0.9719392626
-0.8702119288
-0.4973824970
0.7571670030
-0.6763897386
0.5758420335
-0.8124431980
1.2570294355
-0.1342430773
-0.7069044686
0.1628455025
-0.0644415714
-0.6161555516
-1.3076166694
2.0054830986
-0.2192105989
0.2104748067
0.4367755950
0.8293759146
-1.5713441392
-0.1712854789
0.1044958819
0.5947229921
-0.2286350277
0.1178693952
0.5120506133
-0.2486081030
0.4011090597
-1.1068350057
0.8615099080
-1.1796034372
0.7419502258
-0.7355382256
-1.1312890343
-0.4077717080
-1.2334890085
-1.0852184928
1.6082760463
-0.2279058124
-1.6362769536
-0.7266724468
-1.0408291042
-0.0120846772
0.1379007095
0.4223349622
0.4155365922
0.9648309852
-0.8028126936
1.3373825008
0.7432177861
1.8396602671
0.0922883602
0.6858817343
0.0569766130
-0.7918744038
0.9883489293
-0.9037590666
-0.4291303504
1.8430408574
-0.1830904225
-0.1939798567
0.7346672898
1.0840290358
0.1409711871
-0.5443555452
0.5753557048
-0.7948783392
1.0601030077
-1.2444802609
-1.1469609019
-0.8472404927
0.0568174725
1.8339180679
2.5570781730
-1.3420441534
0.4642887655
0.0732050014
1.5689611472
0.4671635065
-0.6416389705
1.1529780382
1.2569738287
0.4213744330
0.0492940923
0.4224536869
-0.1958201627
-0.7534437670
0.0293225599
-1.5831358930
0.2040936894
-0.2995958175
1.0165885267
-0.4292176744
-1.0803537652
0.2977525351
1.7419236935
0.8410193990
0.4358155756
0.1181441167
0.6746873188
1.5542356635
-0.3990872134
0.0438852922
0.2163548579
-0.4937917302
0.8266349678
1.8217645275
-0.2996074203
1.4710697130
-1.0779824620
0.2236371344
-1.2836664846
-0.5420485824
0.9549163873
-1.4757180214
-1.7650106614
0.5615377856
0.4378226475
0.9862097146
-0.2465021066
0.2738548430
-0.2665735853
0.3733009947
0.7986266221
-1.8588933631
-0.4845437585
0.5816691281
0.8926310848
1.1104702893
-0.9314222498
0.0627859609
-0.1123160751
0.1279885972
0.0189148791
0.3559100820
-0.7516596122
1.3730890770
1.9742811792
0.3555870986
0.3394881801
0.5557661523
0.1393565573
0.3645455545
-1.1647680040
1.4645342279
0.3267195397
-1.7553332486
-0.5225671642
-0.4199559602
-0.3086036942
1.3842742685
1.8125140231
-0.0602482790
1.0785107366
0.3412624965
0.0397283301
-0.3072016896
-0.6740805716
-0.3271166917
-0.0334139265
0.1839122446
-1.1279761208
-1.5663409837
-1.1537798385
-1.0835714706
-0.3596884529
-0.1746143107
-0.2362606301
0.5095825100
-1.7104126672
1.7031228933
0.9872192260
0.6279481102
-0.7266974685
-0.9014447178
0.1927019455
-1.0979915761
0.1877543590
-0.3663619128
-0.1308325076
0.2522302230
-0.3260699146
-0.8928558328
-0.8031887059
-0.3644884794
-0.0048512110
-1.1801331680
1.1272786669
-0.8630022687
2.0355040265
0.3626920344
1.2005468324
0.1856652860
1.6370792454
0.0415878305
-0.3476807608
0.6182017510
-0.2559543529
-0.4781785389
-0.3072267587
0.2843558633
1.8728527921
0.3350323101
1.8663941751
0.1530506836
-0.6380291603
-1.4373934918
-0.5941189002
0.9779857615
-0.2464030287
-1.2188036305
-0.8059637752
0.8198219096
0.4697576953
-0.4603366831
0.8281192032
-1.2199379705
-2.4110705048
1.9819890261
-0.3620121939
-0.7178211590
0.4976563436
1.5679636849
-0.0320546232
0.0953701095
-0.3062096118
1.7429428540
-0.0423036084
0.5816089737
1.3265434737
-1.8184721026
-0.6590480600
1.5512947302
1.4474556540
0.7594226861
0.7297666334
-1.2840691786
-0.3269720142
1.7837624051
-0.2106599364
0.3823090158
0.1637959698
1.9112768707
1.1460463778
0.8709929145
0.3490560138
1.0129420886
0.2282713783
-0.9934506802
-1.4258403899
-0.6347175102
-1.3668119880
0.3716499820
0.5232034464
0.2624453759
0.6589317412
-0.5906610032
-0.1478137591
0.3221310977
1.2863067832
1.9591833109
0.2126210930
-1.1531320331
0.0546489611
-0.4319353593
0.1758064491
-0.4294660655
-0.1398216777
-0.2731403722
-0.0551149622
-0.7048600257
-0.2529990151
-0.8098742089
-0.1829587178
-0.5259702680
0.0553886743
-0.3274091430
0.1794983785
0.9316248568
0.6289876132
-1.0912509843
-0.2509757280
-1.5145707849
1.3163207273
-0.4023483970
-0.5647993747
0.6760575655
2.7250943201
-1.4293490968
-0.1169337207
0.5771507567
1.5245899071
0.3496206482
1.7460926764
-0.6140477074
2.2901814994
0.6254005593
0.8584692464
-0.4434158770
-0.8111312031
-1.0769022773
1.4703745240
-0.6849376402
1.2808501556
1.3479583183
-0.4005920023
1.2166059501
0.1965369670
0.3878995641
0.1027548978
0.8180766176
-1.3320433440
-0.3955576055
-1.1905512288
0.0381393392
-1.6501835619
-0.0010756169
0.6818079385
0.7470546988
-0.7500144154
0.2812313151
-0.2807682595
0.3238758787
-0.7061970661
1.7347066983
1.1769053985
-0.2614734706
1.0713005022
1.0173207610
0.5043508572
0.1491660793
-0.5706692979
-0.9902629482
0.6675301321
0.8362761366
0.8821009593
-1.7048069916
-1.0703858495
-0.1761723399
-0.7826646005
-0.1528154408
0.3698115963
0.1155542816
0.5989499590
0.4667441843
0.8430547935
1.1581449674
0.5393068399
-0.9847327600
0.2713786090
0.2696653762
-0.1301887606
0.5567368317
-1.1735342117
-0.3241748839
-0.5671145124
1.4704862549
-1.3018941313
1.0723955278
-0.8565773398
-0.8427872483
-0.5876457868
-1.1615247455
1.5853253997
-0.4729206597
0.1050177965
0.0704142987
-0.0431545944
-1.9118008615
1.1516021272
0.3291879527
-0.4690124319
0.1351611649
-0.3185276375
-0.2972176979
-0.6290104564
0.1021117559
0.3644683620
-1.0312688411
-1.0787760224
1.5413142519
0.2243307686
-1.1936123242
0.6856684729
0.2701407886
0.2179642407
-0.7837757352
-0.4511679651
-0.7807305371
1.0058769621
-0.9513999909
-0.8720137210
0.6492947776
0.8115081837
-0.7312535911
-1.7015446188
0.3776240178
-1.0339712368
0.3303840756
-0.2319010710
-0.5304834468
0.8012823069
0.1792593608
0.8186632945
-1.4880133868
-0.1483954866
-0.2452685249
0.5541317531
-0.2149204570
1.4781089271
0.5054610248
-0.5877123815
-0.0063739361
1.7881243068
1.2490581649
0.4802516759
-0.2825346991
1.6472587708
-1.3122226669
-1.2281863077
0.9137769342
-1.6355641914
1.9205668300
-0.2227229721
-0.6835985339
-0.5778800831
0.1948846246
-0.1995747085
0.0127134255
-0.9055838429
-0.3658575622
-0.5709277562
0.8461608440
-0.6607336630
-0.0673594900
-0.8130437492
-0.4470089504
0.5985527539
1.1096170648
0.0851411870
-1.2510084478
-1.3900779165
1.2389321879
1.3330935900
0.3135805834
0.2534612153
0.0169170638
0.1712351175
1.7787441547
-0.6724237595
0.4814786738
0.6187638412
-0.6092799684
-0.9452306138
-0.0382066173
-0.2997494315
1.8607163612
-1.0147821074
-0.1796957382
-0.1259873508
-0.3606224677
0.1413636092
-0.3846067480
1.2198506265
0.5218433415
0.5579600527
1.3086782775
-0.4466916752
-1.1251619503
-1.5394330325
-0.5981305487
-1.5107692088
0.1672866822
-1.0880969112
-0.9845117811
-0.1316692865
0.6486190399
-2.7225488363
0.3661895085
-1.4784443587
-0.7644080696
2.1585418334
0.1419329738
0.0426608541
0.0147454355
-0.7254331648
-1.8390433697
-1.0586305023
