10 5 0.19
8 0 2 1 1 1 2 2 1 2 2 3 0 3 1 3 2
8 0 2 1 0 1 1 1 2 2 0 2 1 3 1 4 1
7 0 0 0 2 1 0 1 1 1 2 2 2 2 3
8 0 0 0 1 0 2 1 0 1 1 2 1 2 2 3 2
7 0 1 1 0 1 1 1 2 1 3 2 1 2 3
2 7
2 4
2 1
6 5
2 1
0 0 0 0 0 0 0 0 0 0
0 0 0 0 0 0 0 0 0 0
0 1 1 1 0 0 1 0 0 1
0 2 2 2 2 1 1 0 1 1
0 0 1 1 3 1 0 0 1 1
0 0 0 0 0 1 0 1 1 1
0 0 0 0 0 2 1 1 0 0
0 0 0 0 0 1 1 0 0 0
0 0 0 0 0 0 1 1 0 0
0 0 0 0 0 0 0 1 0 0
-0.5098047781
0.2649346728
-0.3737648472
-0.7314051270
0.2470347168
-0.1927025987
-0.3026013893
-0.1432606165
-1.1494272606
0.5503923695
-1.9649599382
-0.5917927408
-0.2578749639
0.9968075551
0.0736202449
-1.4700852315
-0.6013081213
1.0844426754
1.3461220692
-1.3634947449
0.1464185461
-0.3020508328
0.5131788570
-0.5073135916
0.0062776328
1.1892961044
-1.2976460801
1.1047516704
-0.1347840170
1.0203735644
-1.9054747020
-0.0033864598
-0.2822529039
1.8162387901
-1.0939127594
-0.6312094457
0.0559260739
0.3054170698
-2.2686248755
-0.5820406266
1.1728790566
-0.6357614728
-0.8176968709
0.3400900472
-2.3611964366
-0.0707603116
0.6233470513
-2.3580861082
0.2903380498
1.7927625455
-0.0847639750
-0.0946278608
-1.1675565617
-1.0155279233
-0.4234710442
-2.1427304337
-0.9818395339
0.0823465883
0.8063241030
1.2156872639
0.2967594264
-0.4868265592
-0.4974813379
0.4701496446
1.7145835275
0.3836065961
-0.1014099488
1.4446288843
1.4180659671
-2.5222106229
-1.5283548189
1.0072284724
0.1001313117
-0.7869911663
-0.2856159040
0.0648879026
0.5490005211
0.7047025634
-0.1784906783
0.5286728423
-0.9504901209
-1.1646939954
0.8638705928
-0.7783213070
0.3375338961
-1.4671329833
0.2432388149
-0.7508991941
1.0561747872
-0.0047472549
-0.0449806230
0.7915275664
0.0355043394
-1.8628505306
-0.1070908528
0.7586526035
1.6925953106
0.0713557444
-0.0997350573
0.4332769296
0.2020486101
-0.2981443500
0.1112849469
0.1325524037
-1.7526813515
-0.1616705065
0.2766223057
1.0817543995
1.5420744661
-1.2870600133
0.7771145635
-0.9128659666
-0.8586209275
0.5349550544
1.2331228268
1.0337426712
-0.0917219550
-2.5345239125
1.0117532070
-0.1019684174
-0.1109810407
-0.4456526496
-2.1626270330
0.7301775307
-0.4638604968
-1.5767687169
-0.6450431443
1.1326757479
-1.7208375356
-0.3520622070
0.0910154488
0.2720212867
0.0627325110
0.8087285111
0.6880591734
0.3702588235
0.5810244275
-2.2825181698
-0.5838903964
0.2731303873
0.6798760615
-0.0008788656
0.0241272220
0.3731727883
1.9490296154
-1.3478553206
0.5548558627
-1.6740394050
0.2593212151
-1.2254419641
0.6938872360
-0.0033712017
1.0665284344
1.2745053484
-0.0097776787
0.0097137788
-0.2199711200
1.1971978332
-0.5558876341
0.5633077375
-0.4704011391
-0.4259035342
-2.4590346413
0.0571498838
-1.5573990032
0.3760336233
0.3573803795
0.2771821022
0.0313632264
0.8518565570
0.0871210500
-1.4045188833
0.9348636104
0.8393621029
1.8024081121
-0.9744932052
-0.5910650963
0.9525477363
0.0617350994
-1.1443374106
-3.2314098470
-0.1739551321
1.3763161951
-1.5253616798
-0.2141463373
0.2249121702
1.1080488646
-0.3680617000
0.9893435036
0.9543765112
0.6941365232
0.4867004101
-1.4549897920
0.4811392731
-0.2932520698
0.1936630395
-2.1020466428
-0.6349105659
0.4264744983
-1.0012850152
