15 11 0.11
4 0 1 1 1 2 0 2 1
4 0 0 1 0 1 1 1 2
4 0 0 0 1 1 1 2 1
4 0 1 1 0 1 1 2 0
4 0 1 1 1 2 0 2 1
4 0 0 0 1 0 2 1 0
4 0 0 0 1 1 1 2 1
4 0 0 0 1 1 1 2 1
4 0 0 1 0 1 1 2 0
4 0 0 0 1 1 0 1 1
4 0 0 0 1 0 2 1 1
1 8
6 5
6 13
0 4
9 0
7 9
12 2
0 12
7 1
7 0
2 5
0 0 0 0 0 1 0 0 0 0 0 0 1 1 0
0 0 0 0 1 1 0 0 0 1 0 0 0 1 0
0 0 0 0 1 1 1 1 0 1 0 0 0 1 0
0 0 0 0 0 0 1 0 1 1 0 0 0 0 0
0 0 0 0 0 0 0 0 0 0 0 0 0 0 0
0 0 0 0 0 0 0 0 0 0 0 0 0 0 0
0 0 0 0 0 1 0 0 0 0 0 0 0 1 1
1 2 0 0 0 1 1 1 0 1 1 1 0 0 1
1 2 1 0 0 0 0 0 0 1 0 0 0 0 1
0 2 0 0 0 0 0 0 0 0 0 0 0 0 0
0 1 0 0 0 0 0 0 0 0 0 0 0 0 0
1 1 0 0 0 0 0 0 0 0 0 0 0 0 0
0 0 1 1 0 0 0 0 0 0 0 0 0 0 0
0 0 0 1 0 0 0 0 0 0 0 0 0 0 0
0 0 0 1 0 0 0 0 0 0 0 0 0 0 0
1.4463751830
-0.2020603775
0.2030149230
-0.7289555869
0.0140456578
1.0719316970
1.2603468103
0.3241340296
-1.2012616014
-0.0508169730
0.7606430842
-0.2111239331
-0.4838678423
0.4449788878
-0.2636805943
1.9235868749
0.4731281697
-1.1021371438
0.4428223612
0.5795843299
0.0088819044
1.1663807264
0.7651645503
-0.0446634497
0.0162919513
0.4685541365
0.9940655356
-1.3211790339
-0.4291342493
1.2099778204
0.1670510212
-0.1716917403
-0.2175855492
0.5446517619
0.5664518321
1.5544301957
-0.1240803399
0.1457677992
0.6621298610
2.3370410714
1.0736604555
-0.2535421798
0.3280619479
1.3626111163
0.2405672714
0.3999066638
0.2711158061
0.3484539866
-1.8946557554
1.3232722414
-0.5937881754
0.1286546631
0.2094227831
2.3139769140
-0.1467447559
-0.6496553009
1.0339521965
0.6482460065
-2.4498581658
0.1485048046
1.0023551869
0.3404783799
-0.9748640369
-0.2455892853
-0.7286264222
-2.4448699168
-0.2382451309
-1.6936839825
-1.1627864913
0.8051242760
1.0311550190
-0.9808880563
-0.1720177624
0.6550272960
-0.7151622175
0.1903693101
-0.1890386889
-0.4952039463
-0.6648266753
0.9671213509
0.6366818831
-1.2932687686
-0.5987960614
0.5355128649
0.5700322192
-0.5563548192
-0.6521305887
-0.6497641405
0.0421426576
1.0001082892
1.4603470134
-1.8665915649
-0.9632227624
0.4218460269
-0.0084481022
-0.2898409139
-1.0428936748
-1.0828286268
0.7177510547
0.4528958390
-0.1322625959
-0.7180149296
0.1646520836
-1.9227865375
0.6265015236
-1.0328723583
0.4524967458
-1.3103934921
-1.2447148421
-0.0964243358
-1.0031114689
1.6715863978
0.8532614994
-0.6634991802
-0.3217969188
0.5169800876
0.6108919736
-1.1189368403
1.1369828632
-0.0266483527
0.7527093899
0.0276659613
-0.1091432448
0.3377992714
-1.5131915324
2.2426519818
-0.3978051670
-2.1204806870
1.2137722649
1.7162941198
-0.7663684457
-1.6848048217
1.3137973457
1.0200805575
0.6943796071
-0.5511789693
0.3552054068
-1.2050370014
0.3619014360
-2.2773246376
1.2199118150
-0.0182771948
-0.3620581397
0.7994150742
-0.8247486463
0.9772737075
0.1043648599
-0.2066020054
-0.7467053133
-0.9986813479
0.3097053203
0.3753718352
-0.6921166123
0.4955600490
1.7274778416
-0.5815467289
1.5508644935
2.2838353648
0.3633661787
0.4336763292
1.6531806415
0.6959248341
-0.5473162769
-0.7891909650
-0.9683235258
0.5297079253
0.9747017625
-1.8441946504
-0.5336319921
0.7778371719
1.0160914666
0.5223571806
-0.7360397428
2.5085820105
2.3549922708
0.3968381075
-0.8179616997
-0.6729070882
-0.2796234862
0.6624405140
0.1206511447
1.7020314422
0.4875125036
1.1594434243
0.4796365635
0.3054983480
-0.9223026182
-1.2032393081
-1.2069296152
-1.6689874300
0.7919713063
1.3336167850
0.4450664244
-0.5544928617
0.0972549765
1.3016445649
0.5442681706
-0.7029835727
0.5734118727
-1.7510620636
0.7291086816
-1.0853853781
0.8762285210
-1.1759083894
0.6336338665
-0.4270536330
-0.8875607380
0.5272952994
0.2748730937
0.0199733087
-0.7260311123
1.6401267095
0.3041824379
0.0400374436
2.9857793092
1.8275409831
-1.0138124313
-1.6480776901
2.0636900482
-0.7853197490
1.5041539583
0.5687451159
-0.8908084699
-0.0411446722
-0.3650761373
0.5884005001
2.0205370170
-0.6731921389
-0.2327295661
2.3875167659
-0.5501131723
0.6121268914
1.1747168340
-0.2845046396
-0.7561473180
-0.7243573592
0.1823213829
0.5143394656
-1.1244495492
0.0976494614
0.0994926008
-0.3899725977
0.2947275304
0.9010796209
1.6111261326
0.2377946610
-0.3828330351
0.9011810651
-0.2886344319
1.0583432416
0.2380016941
-0.1452895960
0.7181094115
-1.6680274586
0.5373383135
2.2481565614
0.0436282879
-1.9742414719
-0.4466904970
-0.8141338804
0.1795954880
0.3927336995
0.9049899358
-0.5758022120
0.3418050158
-0.4822315496
-0.3518976605
1.0061445058
3.1828744313
-0.4516613939
1.3340481347
1.8090708173
2.8321517199
-0.1859820499
-0.8663946649
-2.5495658063
0.0474910215
0.8328895424
0.1535372640
-0.0912050934
0.8058399782
0.1422776305
0.5989419098
1.9127353937
-0.5147420402
-0.2459738799
-0.0022493541
1.1666759475
0.5393088696
1.0711758987
-0.8714379890
-0.8533467140
0.4306369875
-0.9158488248
-1.5368732273
0.9229697066
0.0702313537
-0.1395529866
0.2902330846
0.4692337163
0.5716178376
-0.8799756108
-1.4481676821
0.5945056567
-1.6637008005
0.6020283508
1.2824919743
0.0718056346
0.4719626646
0.4436881464
-0.5970082070
-0.7781909478
1.7623339213
0.0538937171
-0.9947662499
-0.3134004245
0.5538333161
0.9318678016
-0.5570662138
-0.5040254473
0.7986414670
0.4888048270
-0.6255489881
-0.6382813902
0.3495303844
0.3062938959
0.6671851722
-1.1562248572
-0.3155517493
0.5809397237
0.0701382286
-0.7096749681
-0.8280705214
0.6655708561
-0.8431449877
0.5579787401
-0.4555275791
1.5672797162
0.2754175569
-0.1170193788
-0.9904480939
0.5757655774
0.2495466920
-1.0010300798
-1.4674519734
0.7773743311
-0.3160125202
-1.3068914796
-1.0202586742
0.2169356792
0.6942802952
-0.1356127493
-0.5059701734
-0.4047180454
0.5895956483
0.1679898352
-0.5450661637
0.2962918630
2.3458472070
0.1185384133
-0.5050807771
-0.1434170630
-2.3380637481
-0.1866685119
0.4369934937
-0.4272522387
-0.2018276138
0.6462199255
-0.7169702251
2.5657773638
-0.4588512314
-0.2689994905
0.8228801631
0.2620335672
0.0060569355
-1.2333596509
1.7150313583
1.4505341662
0.0050499140
1.8537524729
-0.7139493072
0.7951691788
0.7569102214
-0.3528302261
-0.4229140702
-0.8053632484
0.9990247658
-0.3816087060
-0.8583936282
-0.9302669318
1.3554774278
-0.4608427567
0.0741375833
-0.3549492254
-2.0738789790
-1.1575612443
0.9997139186
-0.1091761128
0.2272754687
-0.5597366837
-0.7627757982
-1.8584221746
0.2584653651
0.0045451919
-1.2191827352
0.7999726692
1.2711419416
0.2236676526
-1.0399490891
-1.3930572955
0.8517347109
-0.3050947408
0.0952499173
-0.2399800820
-1.8222753164
0.6083534933
-0.8622456698
0.7643307417
0.7251830509
-0.6234694043
-0.2005471626
-1.6405818506
1.1249075063
-0.8639023069
-0.1776327767
-1.8781932657
-1.8611783255
-0.3826648643
-0.5391389439
-0.2846602591
1.4270929141
0.1797432896
-0.5522346532
0.4812270612
-1.6493330397
0.7199764901
0.7134631221
-0.1427320538
-0.2842389147
0.6531409080
0.2668881007
0.6546022072
0.1806439204
2.1924653597
1.0395404466
-0.8343719426
-1.7552413639
-0.3306789597
-0.6631114637
-0.0937849972
