11 3 0.12
16 0 4 1 2 1 4 1 5 2 0 2 1 2 2 2 3 2 4 2 5 2 6 3 2 3 3 3 5 4 2 4 3
15 0 2 0 3 1 1 1 2 1 3 2 0 2 1 2 2 2 3 2 4 2 5 2 6 3 2 3 6 4 6
17 0 2 1 1 1 2 1 3 1 4 1 5 2 1 2 2 2 3 2 4 2 5 3 0 3 1 3 2 3 5 4 1 4 2
6 0
1 4
2 4
0 0 0 0 0 0 0 0 0 0 0
0 0 0 0 0 0 1 1 0 0 0
0 0 0 0 0 1 2 1 0 0 0
0 0 0 0 1 2 2 2 2 2 1
0 0 0 0 0 1 2 1 1 1 1
0 0 0 0 1 1 1 0 0 1 1
0 0 0 0 1 1 1 0 0 0 0
0 0 1 0 1 1 0 0 0 0 0
1 1 1 1 1 1 1 0 0 0 0
0 0 1 1 0 1 0 0 0 0 0
0 0 1 1 0 0 0 0 0 0 0
-2.4123226371
-0.7370310699
-0.1476705670
0.9167697462
1.5612688606
0.0301313983
0.1766540261
-0.7376830894
-0.4270730278
-0.9100304978
-0.7659228026
-1.5675119765
-1.1477621773
-1.0908489406
-1.6305072757
-0.1550951748
0.9207327880
-1.1354521954
1.5680023064
-0.3777614479
-1.6644137762
-0.4667850846
0.2127476085
0.0404449984
-0.5704624147
-0.8202855927
0.9270220776
-2.1283458217
0.7752756732
0.6524879433
-0.4184496643
0.4141495957
-0.1926197856
2.5108610795
-0.0325282254
-0.0640403601
0.3779878096
2.1601993313
0.0497627884
-0.5494643455
0.9991774488
-0.5067144022
-0.5509126604
0.8576014543
1.0551527411
0.0571259425
-0.6362862117
-0.4290928581
0.1165831804
0.1130775993
-0.0631998147
-0.5459200976
0.0262979184
0.3237076781
-0.0563108247
0.2249819128
0.2741063624
-0.0801808259
-1.1906104791
0.7372249323
-1.1878582959
-0.4693219529
-0.1729259997
0.5780889470
-1.1026888101
0.0734241796
-0.4453310493
-1.6315190078
1.0547984739
2.3964096425
1.1634021983
-0.4593576003
0.7411324059
0.6843832616
-0.8782609888
0.0857449478
1.2721408427
-0.5410818181
0.2988944682
-0.6280139513
0.4478801885
-1.3919713082
-0.0906821933
0.1514925310
-1.3097815638
1.0649081184
0.1629711823
-0.2638928253
2.8335970278
-1.4820097585
-0.7630471280
-1.4953770343
0.2293022829
2.3436665041
0.4551322475
0.0788463615
0.3230827586
1.4972881044
1.6194781179
0.8514631640
0.8814754925
-0.0979323640
-0.9800384980
-1.6660450478
0.1517333374
-0.4699941508
0.9223666903
-0.6673948608
0.3840946746
0.0782646259
1.1576475688
-1.6359195646
0.3836481126
-0.6850960753
0.2847833835
-0.7070216551
-1.5381632009
2.1451433374
-0.2725549541
-0.0447517441
-1.1731598780
-0.4652371100
0.9879303946
-0.4007317751
2.2078706144
-0.4949614999
-0.4708389657
-0.9930256707
-0.3161652615
-0.7632109871
0.8800549944
-0.0980611300
0.1000446214
-0.8217146722
-0.4760422694
1.8309951941
-0.3548167337
-0.2669359541
-0.7266593689
0.3051176541
0.1172084814
0.2374738856
0.9793769281
1.0863041931
-0.8603105274
-0.0711347924
-1.7055305084
-0.3306069255
1.1037687404
-1.6163361649
-1.3519476795
-0.8188974709
0.5783792123
0.5067301174
0.2316581824
1.0785470064
1.4297369995
-0.6876927106
0.5275512003
-0.0155846675
-1.7347483518
0.5789427379
0.2129596876
1.5376957220
0.6449491117
1.6002975182
-1.4449258019
-0.9761490420
-0.4738951521
-1.1171727404
-0.2684645117
0.7544833631
-0.8899499370
1.3600304812
-0.0748630854
1.0945447119
-0.0499244614
0.3505825235
-0.6287766516
0.9275321529
-1.2363108649
-0.4078149875
0.7738122409
-1.0737282903
-0.4759703300
-1.3970095478
0.8540119114
-0.1902356283
-0.2074078358
2.0040263567
-1.4736995704
-0.3722336746
0.4583198566
2.4302575217
0.6631783965
0.8416164193
-0.3114917685
-0.5532610639
-0.3680798265
0.6694939766
0.6885373465
-1.0717684021
-0.8444301497
-0.6764040504
-1.2645637519
0.7491034798
0.2071271815
0.5891716690
2.0293174863
-2.0600246974
-1.7447323357
2.3798444734
0.3189505986
1.2774332810
-0.9505051356
0.7509299090
-0.4175233070
0.0361560088
-0.4623102585
0.6224813760
-0.6578913339
-0.6595833753
0.8762121197
0.4139717443
-0.9191967795
-0.6627437546
-0.3642358385
-0.8401773290
-0.0002121731
-0.5830981034
0.0604255065
0.4570912224
-0.0077846524
0.6150915672
0.6806788903
-0.9777897764
0.2004334020
-0.3592893520
-0.4103061835
-1.4177498788
1.8116400351
1.2471058383
