20 3 0.01
32 0 5 1 1 1 4 1 5 2 0 2 1 2 2 2 3 2 4 2 5 2 6 3 1 3 2 3 3 3 5 3 6 3 8 4 2 4 3 4 4 4 5 4 6 4 7 4 8 5 2 5 3 5 5 5 7 5 8 6 2 6 3 7 2
60 0 3 0 4 1 3 1 4 1 5 2 0 2 1 2 3 2 5 2 6 3 0 3 1 3 3 3 4 3 5 3 6 3 7 4 0 4 1 4 3 4 4 4 5 4 6 4 7 5 1 5 2 5 3 5 4 5 5 5 6 5 7 6 1 6 2 6 5 6 6 6 7 6 8 7 5 7 6 7 7 7 8 7 9 8 2 8 3 8 4 8 5 8 6 8 7 8 8 9 3 9 4 9 5 9 6 9 7 10 3 10 5 10 6 11 4 11 5 12 5
64 0 4 1 3 1 4 2 3 2 4 2 5 3 0 3 1 3 2 3 3 4 1 4 2 4 3 4 4 4 5 5 1 5 4 5 5 5 6 5 7 5 8 6 0 6 1 6 2 6 3 6 4 6 5 6 6 6 7 6 8 7 2 7 3 7 4 7 5 7 6 7 7 7 8 7 9 7 10 8 2 8 4 8 5 8 6 8 7 8 8 9 2 9 4 9 5 9 7 9 8 9 9 9 10 10 2 10 3 10 4 10 5 10 6 10 8 10 10 10 11 11 2 11 4 11 5 12 4
10 4
0 0
7 2
0 0 0 1 1 0 0 0 0 0 0 0 0 0 0 0 0 0 0 0
0 0 0 1 1 1 0 0 0 0 0 0 0 0 0 0 0 0 0 0
1 1 0 1 0 1 1 0 0 0 0 0 0 0 0 0 0 0 0 0
1 1 0 1 1 1 1 1 0 0 0 0 0 0 0 0 0 0 0 0
1 1 0 1 1 1 1 1 0 0 0 0 0 0 0 0 0 0 0 0
0 1 1 1 1 1 1 1 0 0 0 0 0 0 0 0 0 0 0 0
0 1 1 0 0 1 1 1 1 0 0 0 0 0 0 0 0 0 0 0
0 0 0 0 0 1 2 1 1 1 0 0 0 0 0 0 0 0 0 0
0 0 1 1 1 2 2 1 1 0 0 0 0 0 0 0 0 0 0 0
0 0 0 1 1 2 2 2 0 0 0 0 0 0 0 0 0 0 0 0
0 0 1 2 1 2 1 0 0 1 0 0 0 0 0 0 0 0 0 0
0 0 0 1 2 3 1 1 1 1 0 0 0 0 0 0 0 0 0 0
0 0 0 1 1 2 2 2 2 2 2 0 0 0 0 0 0 0 0 0
0 0 1 1 1 2 2 2 1 2 2 0 1 0 0 0 0 0 0 0
0 0 0 0 1 1 2 2 2 2 2 2 2 0 0 0 0 0 0 0
0 0 0 0 1 0 2 2 1 2 1 1 1 0 0 0 0 0 0 0
0 0 0 0 1 0 2 2 0 1 1 1 1 0 0 0 0 0 0 0
0 0 0 0 1 1 2 1 1 0 1 0 1 1 0 0 0 0 0 0
0 0 0 0 1 0 1 1 0 0 0 0 0 0 0 0 0 0 0 0
0 0 0 0 0 0 1 0 0 0 0 0 0 0 0 0 0 0 0 0
-1.4856305334
1.4043608657
0.3159452489
-0.7816967021
-1.0260441310
-1.5200842217
-0.9797525511
1.3858599115
0.4363231410
-0.2183793937
0.9447709262
-1.2882751069
-0.7172179767
0.5957314693
0.8142688855
-0.2970791715
1.0647483481
0.5947310464
0.6445527753
0.2394330421
0.0841692161
-0.7188291683
-2.0332660368
-1.2821665297
1.5720698262
0.8463913693
-0.3678907444
1.2775791423
-0.2235385729
0.3172367780
1.8442373677
0.4192663093
0.7323960113
2.5501776262
0.5346028026
-1.7266288379
0.3021062154
0.3122410551
0.2969084136
0.6162969604
0.1371676837
-0.6274782745
-0.7221712739
1.3222259888
1.7067426116
0.7585081397
1.6303783973
0.9621163489
-0.8077816303
0.3123357415
2.0088895908
-0.1352867633
0.1562032420
0.6883665039
-0.0411772206
-1.6205901424
-1.1060518327
-1.2800206011
0.0744549476
1.4222873547
0.4230456062
-1.2178085260
-0.7010902198
0.4577780918
0.7836516813
0.6490457924
-1.0668604037
0.5177847746
-0.8531270405
-0.7359526825
1.2313832180
-0.9445321145
0.2010350276
-1.2775573469
-1.0478549310
1.1243055247
-0.9092397739
-1.3327642335
-0.7855071260
-1.6299742252
0.8549556409
0.9023302868
0.2112606254
-1.4163562265
1.0891808060
0.2822074634
-0.1691561420
0.7846462843
0.5827761465
0.3685346647
-0.2736515949
-0.0968554798
-0.1648095987
0.6896660201
-0.4277336237
0.2675495564
0.0608036803
-0.9738055053
0.6636600082
0.0930660910
-0.4432629698
1.2014381305
-0.3584750532
-0.5059034842
-1.0685755374
-1.3158380111
0.2859597205
-0.1518412532
0.4861216286
-0.5343516042
-1.1983694297
0.6122319819
1.3608042863
0.0289477084
2.3136815897
0.1478475832
2.2598504462
1.6220001698
0.1395576055
-1.2168663383
-0.7120489523
-1.7125216955
-2.0701005630
-0.5570971035
-0.9666941391
0.8199139838
-0.9109404491
-0.5801725949
0.2050707118
-1.9834467163
0.5900318227
-0.4701999942
0.0983128704
1.1986970860
-0.2284641213
0.9641360587
-0.8982861945
0.4812708679
-0.7806835675
-2.2316560907
1.2999025354
-1.7278829868
-0.8572950790
-0.3199441847
-0.7520691330
0.2160711982
0.1830743458
0.2749622539
0.1452930683
0.0875799817
0.7874656351
0.6777628972
-0.5931772251
-0.7642175944
0.9234591099
0.0175788041
3.0838130007
1.1553152535
1.0503218487
1.4188613578
-0.2422909389
0.6846907253
1.4016608480
-0.0528155319
-0.1079747458
-0.3813324010
0.5762829080
1.3459956686
-1.4373718074
-0.6169318275
1.9001850253
-0.5250690169
-0.2171982423
0.3090183892
1.6069976193
0.0737998942
-0.1717081912
0.9587446920
-0.3257187006
-0.4487311532
-0.1457025386
-1.0152907214
0.8799556466
-0.1667334541
0.4131637365
-1.1462061033
1.2078723085
-1.5263977678
0.5674820942
-0.4563082418
0.1190327783
-0.8076062441
-0.9363141082
-0.9064952771
0.6035457250
-0.3746441146
-0.8902849325
0.9422765092
-1.3506541477
0.9394911901
0.2417722553
-1.2573955672
-1.6568361247
-0.6928378801
-0.3945827188
-0.2944625934
0.2889193554
0.9303531573
0.6141309301
0.1984895206
1.4937773149
1.6174979114
1.1412296235
-0.8410199075
-1.1686712151
0.1188167542
-1.3407380867
0.3581769578
1.1127716492
-1.0701318776
0.1107165014
1.3146986507
1.0183867298
1.6575529451
-0.8534381702
0.9641327669
-0.9545670397
2.0827884664
-0.3769838258
0.9972834525
-0.9575158988
-0.7363734551
-0.4096711373
0.6006036885
-1.2685347135
1.2420188126
-1.5181215773
-1.7818891505
0.3731568189
0.5902982894
0.4277298499
2.3901454735
-0.1041817785
0.5180826841
-1.4370629204
0.9002258014
-0.4755590968
0.3734904638
0.7224332471
-1.9940110988
-1.1305512382
0.6343832300
-0.4714894588
-0.2981824310
-1.9507892886
-0.9746918347
1.8090942215
-0.2180726676
-0.9489703359
-1.6039150170
-0.5515082086
-0.9140807384
-2.6720530824
-0.2174655296
-0.9090315959
-0.7713935676
-0.1370102987
0.7142777615
-0.4971756542
-0.6762477157
-0.7319041618
-1.2411310854
-0.4945499140
0.9854288016
-0.8136489067
0.1420201826
-0.0110382235
0.8423513854
-0.5470138534
-0.7105855806
-0.1936706814
0.5531885036
-1.3538244088
-0.8252687570
0.6306760601
-1.3901707265
-0.8732799765
0.5047058095
0.1025517110
1.6880726569
-0.2668908242
1.5001432616
3.0853241192
0.6928327881
-1.0716138090
-0.3310749173
0.1025610856
-0.2119492784
0.4514189234
-1.5281456241
0.0268205366
-1.0676603234
-0.1165000038
-0.6750407819
-0.3661710381
-0.1363528231
-0.8591264403
0.1286630457
0.7704421157
-0.0339612991
-1.7036831351
0.0927642728
0.6539643502
-0.2651100802
0.0780609511
-0.8081562454
0.6074834229
-0.2803466769
-0.7281676222
-0.2300631493
-1.8502285590
0.5292265355
-1.5591323543
0.4814562978
-0.9603359137
0.3919213383
-0.0154415626
-0.3328719905
-1.3457307918
-0.9729881470
-0.7556438087
-0.0624588289
0.4150411001
0.8692252675
1.4805597768
-0.8550871433
-1.6226075796
-0.4353561971
-1.2342866458
2.1406854770
-1.1556855561
-0.5517110215
1.0499992136
-1.2992089355
1.2545686364
0.8941588558
-0.0778217947
-0.5270867574
0.6814474823
-0.1294028092
0.9096060236
0.1244718094
-1.1785517893
-0.6157462697
1.6736866213
0.2314946510
0.2427772200
-1.5310193495
0.0383772345
-0.4667704866
0.7738707413
-1.4627765203
-1.4682828684
0.9988226734
0.8234679865
0.5175818593
0.2112875208
-0.0600378899
-0.1975171987
1.0614723042
-0.4387883202
1.7171384379
0.2008619230
0.4441848309
0.8350418066
0.5478859529
1.0481319124
0.7416481653
0.1011283684
-0.4858763867
1.3086301200
-1.0471109431
1.1115982243
-1.3232423397
0.1827981890
0.0875902385
0.2255618394
2.7914886197
-0.8033148288
-1.2412228838
1.0928857716
-0.6024307342
0.0979640857
0.5896131080
1.0696567295
0.0126665771
-1.1683511920
1.0993734628
-0.1420314560
-0.6775131508
0.7129343790
-1.1495171927
-0.8446689505
1.8022243990
0.0697508839
-0.7295554953
0.3070353677
-0.6086646045
0.8547043063
1.5061048812
0.9383885992
-0.1380224616
-0.7089149657
0.1393629316
0.2632770336
0.1678472191
1.1689414226
-0.9441160814
-0.9750965547
-0.0429940584
-0.1642924731
-0.7178876552
-0.6947079076
1.1770154540
-0.3879035264
0.1708942752
-0.6307018864
0.6321616595
0.9155827993
0.1814844810
0.2570614803
-0.7755204919
0.1418904593
-0.1756423144
-0.0801159188
-1.5536153260
-0.4140191083
-0.7506822985
0.5123434273
-0.1557500022
0.4810406754
-1.9586402383
0.4960412520
-1.1687424592
-1.5166727007
-1.9361500323
0.1282633471
-1.5620018605
-0.8708310991
1.8663564877
-1.1654005156
0.1905166461
-0.9698269783
0.6697651133
1.4881514867
0.0402140664
-2.0335430129
-0.4132633154
-0.2269054109
0.6953270737
-1.3784555837
0.1452326978
-0.1348084936
0.1937433703
-0.7444273952
-2.1560380388
-1.1134815819
-0.2468780861
-1.1220830309
0.3247359295
-1.7020785805
-0.4922475189
-0.9617268871
0.5055783487
-0.6632039062
-0.0513503712
-0.3749244134
0.1414623253
-0.8436447098
0.8644538442
-0.2913062289
-1.3000113708
0.0511934604
-0.8359588119
0.6664314590
0.1581096515
-0.8162401944
1.8290271292
0.0887980635
0.0958396783
0.2834793116
1.6379996141
0.3019930340
2.7693050573
-1.6643597018
-2.0976849056
0.7407127637
0.4238306108
-2.6756895598
-0.6498668596
-0.4673299526
-1.6355672514
0.0726006262
0.5082007232
0.3877608988
-0.3489404120
0.2697292069
-0.4129793459
-0.3637914863
0.7168823298
-1.3016257293
-1.0065631026
-0.4597135713
0.0194421566
0.1410169282
-0.2302139134
-0.9864760476
0.1818775459
0.3288347677
0.6795591485
0.2289795459
2.0106385862
-2.3193945492
0.1050683022
0.4072618584
0.8615536930
-0.4830074430
-0.1130346046
-0.2628794420
-0.5249025147
-0.3923248685
-1.4342042463
-0.7079439055
0.0641048138
-0.0178399581
0.5016302804
0.4747844251
0.6789160481
-0.5876357861
-0.3516879845
1.9514297494
-0.9863772208
0.0114598871
-0.5747074681
-1.6433057027
-0.7998144587
-0.3177877201
-0.4938928997
-0.4897392784
0.8490124558
-0.6680039012
1.6530957518
2.2290792915
0.3469752908
-0.4805829677
0.2735213142
0.8326209890
-1.0184619509
-0.5689125290
1.2555617891
1.4459553077
-1.3000984030
-1.7064935471
1.2847874822
1.4324101224
0.3349689847
2.2643117056
0.1598281039
-0.4150650119
0.3272288018
-0.0809346803
0.9564578020
-1.4883177770
-0.6432025270
-0.1931641518
-0.8161263504
-0.8856715668
0.1398194977
-1.4559252344
-0.1696932289
0.0392943435
-0.1369518928
-0.4677690314
1.8741218897
0.3568145621
1.3305103203
-0.8546839696
0.0186868656
-0.3392909277
1.0747479106
-0.9199459475
0.1792858078
-0.5853241110
0.9892712690
0.5818375572
0.5216919138
-0.2164783950
-0.1713658981
0.1254624266
-0.8926217258
1.7312237279
-1.3240096329
-0.8193569057
-0.6052860184
0.2565285450
0.5180043475
-0.4883077269
0.8552068923
0.5647226706
-1.0430468377
-0.5574472993
-1.3488890379
1.2653115514
-1.1009075245
0.3098218267
0.6261109837
0.1318320638
-1.5321454973
-0.0896059875
-0.8452293823
0.7311029300
0.0989398666
1.3542470077
-3.0341551227
-1.4226748523
-0.2091512260
0.0465961189
-1.0844239097
-0.5841644762
0.4950769035
0.0047520909
-0.6043236178
2.4395667396
0.5107410918
-0.7612668533
1.3450562368
-1.0697879110
-0.8900341834
-1.7501231560
-0.6499610365
0.8003635126
-1.0881681357
-2.2733597235
-0.2934102278
0.1404789418
0.2031495557
-1.1104836639
-0.3613382841
0.4072378096
-0.1438774628
0.8670946755
-0.6668383339
-1.5973529245
-0.0053911770
-0.3212006262
-1.6334121068
1.0981599661
0.9332773057
0.6847506517
0.7002419608
0.5212791058
0.3061095111
0.1537009161
0.4318731447
0.6694003125
-0.2001688678
-1.2836608298
2.3545606056
-0.0125048616
1.8563183433
-1.9050767120
1.0919557811
-2.0219061166
-0.4844199188
-0.7040503913
-1.3985061592
1.4836912157
-1.8193319278
0.6743180110
0.5241583912
2.4326534323
-0.7833036156
-0.7260491746
1.1019625353
0.2188737113
0.1101790736
0.3561358618
0.5395919375
-0.8535323217
1.7126167534
-1.3291643057
-0.8796609873
0.5963725479
0.8877535820
0.7354423952
1.1267303180
-0.3228775707
2.0576689392
-0.5343228443
-1.0901651451
1.4095743698
0.6087641422
1.1569264159
0.9544899358
-0.5898716396
0.8121046137
1.3110113297
2.0182241425
1.5996336307
0.3063303897
0.5769222913
-0.8582242853
-0.4676966416
-0.5630483192
-1.7598922619
-1.3956773523
0.6495174350
-0.2946461930
-0.1843108359
-0.6722810222
-0.0380153766
-0.4280223996
0.0565730417
-1.2881541311
0.4865892386
0.6390512126
0.3177628149
-0.1812378949
0.8327811701
0.7589887428
0.4007341816
1.3512050555
-0.3592790620
-1.1988798125
-0.9142969795
0.4896393642
-0.4776965430
0.3942579503
-0.3908749819
0.8503612528
-2.2801694545
-0.6123879702
-0.1743755389
-1.7140707295
-0.3169099816
0.0474442872
-0.5351326486
-1.9327815396
-0.0673281799
-0.2278917244
0.1853381394
0.2419393284
0.6659286791
-2.3768523001
-3.0709074652
0.9799065270
-2.3309965042
1.4679076957
1.5117971693
0.4082153748
-0.2261965066
0.0763434861
0.3759258084
-0.5944127581
0.0393157423
-1.3335576965
1.6121518780
-2.3192540468
-0.3289230560
0.3412797040
-0.6843758502
-0.6079701232
1.4223962632
-0.9433673665
-0.0735314581
1.8665522771
0.8334350393
-1.4628243996
1.3196542308
-0.0398398759
-0.0443878966
-0.9695784404
-1.3225094979
1.8299074443
0.4542320298
-0.0678663844
-0.6055649379
-2.1163425609
0.4575805208
-1.4706442187
0.9229852144
0.4040459803
0.7591516961
-2.1335752526
-2.1136799945
-0.4167061087
-0.4435364344
0.4713594037
1.2331807366
-0.1636291277
