18 6 0.15
8 0 0 1 0 1 1 1 2 2 2 2 3 3 2 3 3
21 0 3 1 3 2 0 2 2 2 3 2 4 2 5 3 0 3 1 3 2 3 3 3 5 4 1 4 2 4 3 5 1 5 2 5 3 6 0 6 1 7 1
15 0 5 1 0 1 1 1 2 1 3 1 4 1 5 1 6 2 1 2 2 2 3 3 0 3 1 3 2 4 2
12 0 2 1 0 1 1 1 2 1 3 2 2 3 1 3 2 4 2 4 3 5 3 6 3
24 0 4 1 2 1 3 1 4 1 5 2 3 2 4 2 5 3 2 3 3 3 4 4 0 4 1 4 2 4 3 4 4 4 5 4 6 5 0 5 3 5 4 6 2 6 3 7 3
15 0 2 1 0 1 1 1 2 1 3 1 4 1 5 2 0 2 2 2 4 2 5 3 4 3 5 4 3 4 4
13 8
2 6
2 10
3 12
2 2
2 8
0 0 0 0 0 0 0 0 0 0 0 0 0 0 0 0 0 0
0 0 0 0 0 0 0 0 0 0 0 0 0 0 0 0 0 0
0 0 0 0 0 0 1 0 0 1 1 0 0 0 0 1 0 0
0 0 0 0 1 1 1 1 1 2 2 2 2 2 2 1 1 0
0 0 0 0 0 1 2 1 2 1 2 2 3 3 1 1 0 0
0 0 0 0 1 1 2 1 1 1 1 2 2 1 1 0 0 0
0 0 1 1 1 1 1 2 2 1 0 1 2 1 1 0 0 0
0 0 1 0 0 1 1 1 1 1 0 0 0 0 1 1 0 0
0 0 0 0 1 1 1 1 0 0 0 0 0 0 0 1 0 0
0 0 0 0 0 1 0 1 0 0 0 0 0 0 0 1 0 0
0 0 0 0 0 0 0 0 0 0 0 0 0 0 0 0 0 0
0 0 0 0 0 0 0 0 0 0 0 0 0 0 0 0 0 0
0 0 0 0 0 0 0 0 0 0 0 0 0 0 0 0 0 0
0 0 0 0 0 0 0 0 1 0 0 0 0 0 0 0 0 0
0 0 0 0 0 0 0 0 1 1 1 0 0 0 0 0 0 0
0 0 0 0 0 0 0 0 0 0 1 1 0 0 0 0 0 0
0 0 0 0 0 0 0 0 0 0 1 1 0 0 0 0 0 0
0 0 0 0 0 0 0 0 0 0 0 0 0 0 0 0 0 0
-0.0966185072
-0.4947299571
-0.3209826936
-1.4978485799
-0.1672886033
-0.5681556056
-0.6785510426
1.1529189937
0.7498599607
-0.9018777211
1.3612254059
-0.9300479056
0.0630973614
0.0815142097
-0.0107895186
-0.1133167524
-1.8665468851
-0.6659288745
-0.2358984156
-0.7688797664
1.5264067720
-0.8705224985
0.5981267326
0.8898462523
0.5916921020
-0.9988377027
1.6451450287
-0.3354537180
-0.5924620282
-0.9391066124
-0.5211298834
1.0999685768
-0.5548579038
0.1639497197
-0.5582522565
-0.6789116877
0.7252348763
0.5801317772
0.4573854228
1.5897849181
-1.0690764822
0.9216571484
0.5721681929
1.5248937179
-0.3519688387
0.7280756290
0.0577940458
1.2522156711
-0.8934640154
0.0838419215
0.4119196985
0.0209775322
-0.0346222587
-0.5777200056
-1.8189079105
0.0379017980
0.3639550689
-0.5468807912
-0.2342146216
1.3005194891
1.1973817458
-0.2329052111
1.2928035279
0.4087527989
0.9431214886
-0.0582261959
-0.2859665834
0.5588360859
0.3706308322
1.2489424632
-1.8076416546
0.5756294357
0.2057408513
0.9756699464
0.5152899547
-1.7582554042
0.3415422724
0.9516009495
-0.6262749549
-0.4397475465
1.4651477696
-0.6331484283
-0.3206865664
-1.0041022474
-0.0433186130
-1.3743802796
0.0783243554
0.2084595359
0.4940683957
0.9460266205
0.8941217096
2.7459294958
-1.8505973540
-0.9805233159
0.0495578955
0.6145206015
0.6348685912
0.4688855821
-0.7841188595
-0.0886555225
-0.9383937846
1.0412203148
-0.5226672199
0.4079187909
-0.0363378562
-1.5509441193
1.1399508393
-2.1939983398
-0.7735043314
0.6233850829
-1.6666182971
-0.4360456555
-0.4342501587
-0.5906474326
-1.1756635307
-2.5381158055
0.5479711686
-0.7514243714
-0.3462751461
-1.0890116190
-0.6234747092
-0.1172817080
0.4021172156
0.3515857350
0.3533321603
1.1536937189
-0.3076748317
0.2739626755
-0.1723956707
0.1428329896
-0.2502774829
1.2218529101
-0.3322016275
-0.9711778971
-0.1658800516
-0.8351789080
1.3598265896
-1.2007673250
-0.5379159055
0.6697052661
0.2398262385
0.3865038780
-2.4636693968
-0.2484485243
-1.3416895291
-0.4510861495
0.1135658695
-1.4238090957
-0.2591153532
-1.5033305872
-1.1229733458
-0.1018157125
-0.5430428792
0.2424013471
1.8961205887
-1.5743907342
0.8732165121
0.2755416673
1.5193296661
-1.4398737435
0.0094538046
-0.3591301717
-0.4860406322
0.2928935916
-1.4462636013
-0.6608942928
0.3172413797
-0.1890496112
0.4354356466
0.8687374068
-0.8198892143
-0.1457195538
-0.1504890423
1.2338330283
-0.6112746064
-0.0272780711
-0.2979485876
0.4243565516
-0.1787480477
-0.4766053612
0.1915954425
0.0465584997
-1.3136261486
0.6421767868
-0.4732761034
-1.1992767436
-0.4495469619
1.2901524889
-0.4083202816
0.0284266277
1.8429546067
0.3634712443
0.1002444803
-0.5828472191
-0.0182841482
0.6469909929
0.0174146643
1.4125261671
-0.9751781689
-0.5235785779
1.6754933249
-0.0824640855
0.9098561884
-0.0118833219
0.1569008986
0.7187506100
0.9805092668
1.7062410006
1.4367490068
-0.3499773150
-0.4884215174
-1.3095052724
-1.4881360430
1.0503645043
0.0418949316
0.4191376528
-1.6283449312
-1.9501311985
-0.3065580227
-0.3252184487
1.4434427058
-0.6178198810
0.2657925397
-0.8652963777
-0.7420823653
-0.7499678334
0.8827665609
-0.5811868017
0.5697669517
-0.9571333462
0.3255798102
-0.6738426084
1.7556115206
-0.6886675184
-0.6041049966
-0.9158635473
-0.4774622364
-0.2191696424
1.6411837205
1.3060500186
-0.5752159166
-0.9015095225
-1.1364356193
0.2694163298
1.3378045413
-1.0162594667
-0.0102075404
0.0458707180
0.2308281165
0.3234452102
0.3027205843
0.3471150702
1.2459731413
0.0347671042
-0.9239098763
-1.0817269485
0.4076524142
0.3909668294
-0.6309944336
-0.1187829191
-0.0464661531
-0.2709347468
1.2656805672
0.5581122404
-0.6534476238
-0.7627348986
0.5882259945
-0.7122601837
-1.1381123563
-0.3986143714
1.1078399379
-1.5087915712
-1.2812699480
0.2726287044
-0.0538289067
-0.7993611150
-0.2472121075
-0.5123754740
-0.8432055236
0.5294285545
-0.4669946929
-0.4775122728
0.0534650303
-0.8563356473
0.9169676274
0.8375614973
-0.8520935529
0.4825255350
-0.5085458523
0.1104024650
-0.2027021741
0.0424859335
0.3574925184
1.3469172022
0.3154626200
-0.9353752505
2.1892476845
0.7333440607
-1.5224000089
0.5522559769
-0.2689808003
-0.6034273412
-0.7939382631
-0.7293167847
-0.8034197866
-0.0576943482
1.0510143817
-1.3900621783
-0.6848986716
-0.2706491930
0.1163347479
-1.9878520690
1.1928786196
-0.1911144012
-0.1278241865
-0.4112991252
-0.3855392382
-1.6845786256
0.2642560084
1.5746288261
-2.3280636444
1.1380830093
-1.0571913766
0.9773741741
0.3173016589
1.3190311350
-0.1226483421
-2.3551407331
0.7671224525
-0.2465728031
-1.1607253537
-0.1923915471
-0.0570269879
0.6893347571
1.3211640179
-1.2126066866
0.8161011955
-0.7308004195
0.7163888326
-1.8214897618
0.9007580176
-2.1306851560
1.1143501196
0.5479561168
-1.4206197243
0.5202969292
2.4220793852
-1.4618766070
0.1023330836
-0.5690659222
0.2070267009
-0.5964416255
1.0490746998
-1.0486165162
2.5943101175
0.9118549259
1.3758382058
-0.5148606607
0.5301445794
0.4697750030
0.1688324519
-0.1227899520
-1.6078446440
-0.6676916366
-0.1230491708
-0.4767168065
-1.7190646671
-0.8202285014
-0.3307737603
-2.1241505858
0.5806321892
1.4342056914
-1.0012309666
0.8765307052
0.3144967800
-1.0125016629
-0.3019687559
0.7044473238
0.3841487896
-0.6315245384
-0.5932517534
-0.0806904706
-0.4205534246
-0.1672781898
0.9929064747
0.2209652834
0.6892643953
0.6132755177
1.0002167866
-0.0430156731
1.0804463433
1.9306844699
1.1003994428
-0.9312596951
-2.9858782742
-0.6971315817
-0.0657875158
0.2912561571
1.6081265393
-0.3890719270
0.3142290886
-1.7385899356
1.3788005077
-0.7701629020
0.7571185182
2.2427400928
0.9817656246
0.1475678583
-0.1825416210
1.1639677174
0.1012930490
-1.6175978177
-0.3985689144
0.5037972580
-0.3848527067
-1.3926775125
0.0792413801
-0.1608681228
-1.2457462122
0.9475211752
0.6851806682
1.2192981338
-0.1910310313
-0.2507170540
1.0478623462
0.8530459446
0.4236445675
0.1696762075
1.0005255445
0.6232572613
-0.0980441336
0.1442810238
1.2409129036
-0.5185343063
-1.0672779237
-0.1084590504
0.4726508078
0.8398693635
0.6410240166
0.0451910244
0.0321439038
0.0087348028
-0.0761212223
0.3493341731
0.6704491577
0.3628665898
1.1143178940
-0.7645075504
-0.9065067343
1.2415770858
-1.9170901362
1.3155616054
-0.2529478266
0.9729015853
-0.1937041853
-1.1085586710
-0.2154665513
-1.3759228213
2.1165615045
1.3869754862
0.7497893882
-1.6042791660
-1.0851522736
-0.8613309976
-0.7829706081
0.7918108047
0.8305550585
0.0075926297
-0.7298683733
-0.4382611736
-0.3926026089
-0.4464209750
0.7083010571
0.1446495830
-0.8555690102
1.1559511279
0.0491397747
-0.2667048863
-0.7444599520
-0.4310452469
-0.4051345928
-0.7189003021
1.2905148442
-1.4348801954
0.0065053261
0.3491417415
-0.3140480684
-0.3271109516
-0.9119077015
1.0383730097
-0.7341601354
-0.2348382867
2.4400629024
-1.8644577756
0.5696202762
-0.2098654514
-0.0639398060
-0.1048029860
-0.6380710092
0.6004003250
1.1247361830
0.1343167694
0.9908977233
0.6390668721
-0.1849167647
0.3550532272
0.7715859020
0.4631785230
-0.1220713335
-0.4985318401
-0.8245136129
-0.4420160476
0.6733766803
-0.8772799281
-0.4045731190
-0.9949353010
-1.4292587664
0.1714967655
-0.2643796932
-1.2772888868
1.2170101857
0.9759326820
-0.4517478122
1.4209714492
-0.2055475916
-0.7831619734
0.3139005255
0.8572969338
0.6921194860
0.7953589951
-0.6311958749
-0.4285427536
0.2695489008
0.8097572046
0.4615986055
0.8339927959
-1.1182981403
-0.5552870513
-1.2220605723
0.3114395224
0.2543044819
-1.2594219012
-0.1196399588
1.4578569172
-0.7198996985
-0.6326655025
-1.7515631962
-0.3389582647
-0.2622286540
0.5208025021
-1.0893002256
0.2076293548
0.7712008266
-0.7125715863
0.8198176394
0.9976670610
-0.2960568593
0.0687562495
2.7223174429
-0.0511367327
-0.2326951448
-0.8922331829
0.9723402973
-0.7901884622
-0.1417280391
-0.0248576485
0.7248986544
-2.6054225973
0.0221646269
-0.3669072867
0.3062045182
0.7233230266
-0.7044380417
-0.8392925999
-1.0053452587
1.8830923589
-1.0591821910
-0.8181313908
0.5868857894
1.6065257678
2.7236870866
0.2171155044
-1.3609237961
1.3158696188
-0.2859165498
-1.2084921408
-0.0275124613
0.3426972143
-0.7386000810
1.2499564003
-0.2439784095
1.1321896011
0.4069426248
1.3856777545
-1.1390810865
0.9046399209
0.2318177879
2.1680376419
0.1996311329
-1.5711851622
2.1115881978
-0.4229318520
2.4149940778
-0.2940766242
-1.8290061779
0.6739871323
-0.4372510118
-0.4287940001
-1.5848161065
-0.4526917511
-0.6035666013
0.3950138140
-0.8921720164
-0.2647028231
1.4683011619
-0.4112607296
-0.7489653143
-0.9600656650
1.0206802497
1.2966866791
-0.1108559087
-0.2480837270
0.0772018725
-0.6402451945
1.1130600199
1.7179280342
-1.8971207685
-0.4991121266
0.1039097530
1.3109073925
-1.0202671708
0.6358609244
0.0441055730
0.6562695941
0.4168901683
1.7389474064
-1.5166174612
-0.5075836414
-0.4355211616
0.6651391948
-0.0787768463
1.2676123317
0.4673647256
0.3054178748
-0.1405870879
0.7234803111
-0.3004893820
-0.8441069626
