17 12 0.05
7 0 0 0 1 0 2 0 3 0 4 1 0 1 1
6 0 1 0 2 1 1 2 0 2 1 2 2
6 0 0 1 0 1 1 2 1 2 2 3 1
8 0 2 1 0 1 1 1 2 2 1 2 2 2 3 3 2
6 0 0 0 1 0 2 0 3 1 2 1 3
5 0 2 1 0 1 1 1 2 2 2
6 0 0 1 0 2 0 3 0 4 0 5 0
7 0 2 1 0 1 1 1 2 2 1 2 2 3 1
8 0 1 0 2 1 0 1 1 2 0 2 1 2 2 3 1
8 0 0 0 1 0 2 0 3 1 2 1 3 1 4 2 4
8 0 0 1 0 1 1 2 0 2 1 2 2 3 1 3 2
5 0 1 1 0 1 1 2 0 2 1
15 11
14 6
10 0
8 2
2 9
0 0
5 13
12 2
4 9
4 0
7 5
8 7
0 0 1 0 0 0 0 0 0 0 0 0 0 0 0 0 0
1 1 1 0 0 0 0 0 0 0 0 0 0 0 0 0 0
0 0 1 0 0 0 0 0 0 1 1 1 1 0 0 0 0
0 0 0 0 0 0 0 0 0 0 0 1 1 0 0 0 0
1 1 1 1 0 0 0 0 0 0 1 1 0 0 0 0 0
0 0 1 1 1 0 0 0 0 1 1 0 0 1 0 0 0
0 0 0 0 1 0 0 0 0 1 1 1 0 1 0 0 0
0 0 0 0 0 1 0 0 0 0 1 0 0 1 0 0 0
0 0 0 0 1 1 1 0 1 0 0 0 0 1 0 0 0
0 0 1 1 1 1 1 2 1 0 0 0 0 1 0 0 0
1 0 0 1 1 1 1 2 1 0 0 0 0 1 0 0 0
1 1 0 0 1 0 0 0 0 0 0 0 0 0 0 0 0
0 1 1 0 1 0 0 0 0 0 0 0 0 0 0 0 0
0 1 1 1 1 0 0 0 0 0 0 0 0 0 0 0 0
0 0 0 1 1 0 0 1 1 0 0 0 0 0 0 0 0
0 0 0 1 0 0 0 1 0 0 0 1 1 1 1 1 0
0 0 0 0 0 0 1 1 1 0 0 1 1 0 0 0 0
-0.4929429093
0.7670667572
1.2451725328
-1.4001895061
-0.8729945000
-1.2251490154
-2.0106424067
-1.1727760771
-0.6444793706
-0.6751328803
-0.3541229703
1.1817536538
1.5946172032
-1.5728268345
-0.0550084012
0.0143622981
2.7168427285
0.8515301587
-1.3647141365
0.2941791388
0.0774810196
1.3246469605
0.0159848350
0.3484516397
0.1397537628
0.9975124742
0.4178678317
0.4313332575
0.0363456894
0.6064346597
-0.5001042118
2.0641694765
1.0796697703
-0.5738677037
0.5343236573
-0.0066266309
-0.1575184553
0.1303998093
1.5173531180
0.5957768707
0.0297584849
0.3478952349
0.5214946069
-1.1176017537
1.9183202824
0.3260397327
1.3627269014
0.3014672344
-0.3087316258
-0.1142939030
-0.9481337221
-1.1876653133
0.6642089607
-0.5959921546
-0.0066289245
-0.4547046128
-1.0494087494
-0.6163205020
0.1050830571
0.2314151733
0.0400360871
-0.4758246582
-0.4140235613
0.4099684026
0.0525546927
0.1104705640
-1.2540786323
-0.3670982993
-0.3390836132
-0.6423929245
0.7332948174
0.8584568394
0.3758234676
1.4450862630
0.1225700979
0.9322102882
0.9915829250
-0.4244572188
1.2755223899
0.5462708155
0.0073280923
-0.4229993284
-1.6505512110
0.6541893983
0.0557441936
-0.3273014611
0.4667319650
0.7569438673
0.9791056530
-0.2385284791
-1.5957380044
1.0528663036
-2.0810839538
2.4568045107
-1.3414206677
-0.1422353949
-0.0045509754
0.4712040537
1.0082814063
-0.8934533764
0.6848809466
-0.4104837054
-1.8646038839
0.0399777761
0.7163221383
0.5139732829
0.5973150997
0.7178851455
-0.4190774850
1.2109318389
0.2653588988
1.4778469979
-0.4564194872
-1.9261297348
-0.7256156653
2.7531874997
-0.1497465262
0.7661480366
-1.2080812477
1.4829766369
0.2459647335
-0.1763466341
0.4206645493
0.6469986849
-0.8465487634
1.4119571283
0.0723488945
-0.0340218417
0.2582860534
1.0365511184
0.3740847518
1.2653703613
1.0696147181
0.6804021941
-1.4414186472
1.0905415764
1.1792814544
-1.2990930659
-0.8585113062
-1.3166099125
-0.1137535939
-1.4665234347
0.0095409314
-0.0597946470
0.8624326216
-0.4220178837
-0.5904337489
-1.6210980619
-2.0844561982
-0.6511402903
1.3806019965
0.2877003960
-0.4481406655
1.5621651782
1.1139105423
-1.6696047122
0.1040225943
-0.2387644967
-0.7946837607
1.9658167944
-0.3995678228
0.9839346518
-0.1115163016
-0.4896194275
-1.0743884232
1.5468572854
0.6417608070
-0.4315059304
1.3459611151
1.3790188333
-0.4945227898
-1.9818987974
-0.6880585758
1.9316876414
-1.3220798627
-0.2000796314
0.4477267595
-0.9376396643
-0.3742798831
0.7177780541
1.1601157769
-2.2455435533
0.4391946580
1.0359777923
1.7356578546
0.1899875307
0.6683921221
0.7015810154
-1.1124611718
0.3351044818
0.1616077540
-0.1129738683
-0.3390046001
-0.1273285467
-1.1153824106
0.2871561268
1.0435186078
-0.3297650287
1.4629722224
0.9663622370
-1.1990999271
1.0935869295
2.4886710972
0.8011438299
-2.2607016129
0.3565871148
-0.0813945819
1.1395880335
-0.3838239664
0.8186036706
-0.0321598512
-0.3766989973
-0.3335626705
1.0463644066
-1.1978258284
-0.4512118606
-1.2920338863
1.8285388498
-0.5661016567
0.7006496587
-2.0488926079
1.1185491213
1.2523869909
-0.7883088905
-0.6653292278
-2.2396629703
2.2190169400
0.7375447083
0.3708381942
0.5030355178
-1.3595487745
-1.5245772614
0.2860091212
0.8214854091
1.1197962940
1.0476841351
0.6032866099
-2.2815171731
-0.4910441621
0.9676612844
1.3576935992
0.7243138034
0.1345145680
0.3466016135
-0.3189078371
-1.3353167637
0.0569165212
0.1924022885
2.0844562664
0.9284040668
-0.0716830141
0.3322069834
0.8915043976
0.1073786412
0.4696705696
0.8658288432
1.1009905105
-1.3276838995
-0.1853698874
-0.6806197461
1.1648455298
-0.2882196791
0.4752016589
-0.2196901642
0.0725870946
-0.1989635329
2.7803061096
-1.1665640583
0.0280776461
-0.1542306729
0.7219750508
-0.1250090892
-0.6722994911
-0.3487751110
0.0000223474
-0.1732796538
-0.0003243049
0.3988075218
-1.8694669614
-0.5603431777
-1.0030125978
-0.4808650924
-0.2822597654
-0.8615512522
-1.0195918537
-0.0458296712
-0.7595453712
-0.5967554911
-0.8330071770
0.3931276107
1.3378902072
-0.9091713010
1.7471468235
1.4710222615
0.3017709967
-2.1451795628
0.2497320221
0.0745672243
1.0204849917
-0.1188724811
0.8415625784
1.5314214222
0.5539169843
-1.7701010187
-0.5970732696
-0.2209101903
-1.1391766272
-0.0895623069
-0.5273843897
-0.9419962629
0.8674922386
0.2852556227
-1.7081324141
1.1080466408
0.5858453686
0.2777183359
0.3667491671
0.5134654761
2.3924546087
-0.3495113514
1.8404081436
-0.3316874133
0.0318341073
-0.7139582261
-0.3233469946
-0.7313676273
1.4913280175
-0.8706579554
0.7064359964
0.8249595124
0.2634923806
1.2588040271
-0.0441974436
-1.1079584548
-1.8187911164
-0.2567113634
0.0275960101
1.3581606477
-0.0930057642
-0.6992092285
-1.5207094692
-1.0539298579
0.9336546613
-2.3756784646
1.3664588335
-0.7807287774
-0.1841125893
-0.2371885085
1.1793160354
0.6136262454
0.5644050432
-0.0353889759
2.1604473294
-0.0067454425
-0.0132466657
0.3319475681
0.6444872591
0.6308873790
0.7495675207
-0.8527453205
1.6418938664
-1.0464409516
1.2133411991
0.2942380109
-0.2411238062
-0.9638205039
-0.9765681178
0.1702734591
-1.1419075571
1.5202400490
1.1731145108
1.4239122434
-0.1924952782
1.2520365415
0.6124948099
1.5668393373
0.1397155652
-0.4724230877
1.6788180956
0.3917391175
0.3214017389
-0.0198095389
-0.4252955090
0.2533776459
-0.0167612405
-1.2885188341
-1.1368779300
-0.6280481081
-0.9668147331
1.9746835778
0.1551339867
0.3762095044
-0.1692766806
1.4703819278
0.1021425662
-0.8717852377
0.3875007165
0.6634779451
2.8121860028
-0.5352047462
-0.1098863220
0.2761422765
-0.2394545024
0.3201484408
-0.5012284358
-0.6398788772
-0.1675491004
1.0339840336
0.3894940265
-0.7537686076
0.2296525425
-0.6829150276
0.0819166485
-1.1455470773
-1.1489313594
0.3197510262
0.9111783016
0.4858689916
-0.1568809828
1.4495624492
-0.4490731436
0.4661870125
0.4387596137
1.1315351681
1.8131720697
-0.4353422375
1.6282496764
1.4850053599
0.8093317419
0.1680476066
-0.2754811360
-0.0111042851
-0.3216203672
0.2728039091
1.3377469345
1.0408151426
0.1319137175
0.4221138585
-0.3433702734
1.3524803947
0.4649499807
0.0495002230
-0.9835166771
0.2595995535
1.2878659142
1.3023247296
0.2827107779
-0.1540370462
1.0229826831
-0.1904318916
0.7804385397
-1.0790908499
-1.0387798520
-0.5067216794
-0.2955495360
-0.0286314904
-1.2918418397
0.0603762343
-1.3590936852
0.5336980701
-0.6834039744
0.2830583040
0.3775398397
-0.7635776363
-0.3869544439
1.1779478459
-0.2308823968
-0.6098555102
0.9296538673
0.5000262048
0.4362868318
-0.1482685939
-0.5820136469
-1.2484642190
-2.3190384065
0.6534090740
0.8988014521
0.0503255344
0.2401641689
-1.2203353081
0.3068339648
1.3666396244
0.3658792121
-1.1951821752
1.0273788853
-0.8648825627
-0.8393824122
0.7320158735
-0.7676972781
-0.3405992719
0.8344346578
-0.6204577202
-1.7118381411
-0.6736460736
-1.5090374282
2.0366548058
-0.5204185523
0.5962646168
-1.2748669229
-0.0532481856
-1.3075062611
-1.6910439068
-1.3393145512
1.4368742343
-0.4613851546
-1.5639178949
-0.6598598648
-0.0363325039
-0.7233202050
1.0181258311
-0.8875417216
-0.4922496752
-1.0035374926
0.0805431907
-0.4395761913
0.7864734860
0.5118504250
0.0543986285
1.1673963260
-0.4977025746
0.3687266824
-0.7147869569
1.9285948897
-0.0102748200
-0.5604294076
0.5819898155
0.8054040520
-1.2142422519
-0.2021614656
0.1781949978
0.9056410462
-2.6125146634
-0.8255348921
-0.0695146282
0.0034316799
-0.2338506074
-0.1707458277
-0.5402935094
0.1971404826
-1.7140900006
0.1618985979
0.7348432558
0.7921227561
1.8161398848
1.1236074004
-1.2134396376
0.5385366861
1.5962050117
1.0698632113
-0.0618331426
-0.2325477928
-0.6970392495
-0.0909444131
-0.1994410290
0.8361902739
0.7407788085
-1.2112869381
-0.0118253701
-1.3017582831
0.4493727765
-0.8274929789
-0.6570461167
0.4157858899
-0.9391323002
0.0836606971
1.0313533785
-0.8835550764
-0.3435618701
0.6321631587
1.1168508493
-1.2951074459
-2.1980815072
-1.5189363332
2.1462943346
-0.6731788521
1.5893087065
-1.1067367645
0.3841957354
