15 2 0.01
68 0 2 0 3 0 4 1 2 1 3 1 5 2 1 2 3 2 4 2 5 3 1 3 2 3 3 3 4 3 6 4 1 4 2 4 3 4 4 4 5 4 6 5 1 5 2 5 3 5 4 5 5 6 0 6 1 6 2 6 3 6 4 6 5 6 6 7 1 7 2 7 3 7 4 7 5 8 1 8 2 8 3 8 5 8 6 8 7 8 8 8 9 9 1 9 2 9 3 9 4 9 5 9 7 9 8 10 1 10 2 10 3 10 4 10 5 10 7 11 0 11 1 11 2 11 3 11 4 11 5 12 0 12 1 12 2
82 0 5 0 6 0 7 1 2 1 5 1 6 2 2 2 3 2 5 2 6 3 2 3 5 3 6 3 7 3 8 4 1 4 2 4 3 4 4 4 5 4 6 4 7 4 8 5 3 5 4 5 5 5 6 5 7 5 8 5 9 6 3 6 4 6 5 6 6 6 7 6 8 6 9 7 3 7 4 7 5 7 6 7 7 7 8 7 9 7 10 7 11 8 2 8 4 8 5 8 6 8 7 8 8 8 9 9 1 9 2 9 3 9 4 9 5 9 6 9 7 9 8 10 1 10 2 10 4 10 5 10 6 10 7 11 0 11 1 11 2 11 4 11 5 11 6 11 7 11 8 11 9 12 2 12 4 12 8 13 2 14 2 14 3
2 4
0 2
0 0 0 0 0 0 0 1 1 1 0 0 0 0 0
0 0 0 0 1 0 0 1 1 0 0 0 0 0 0
0 0 0 0 1 1 1 2 2 0 0 0 0 0 0
0 0 0 0 1 0 1 2 1 2 1 0 0 0 0
0 0 0 1 1 2 1 2 2 2 1 0 0 0 0
0 0 0 0 0 2 2 2 2 1 2 1 0 0 0
0 0 0 0 0 2 2 2 2 2 2 1 0 0 0
0 0 0 0 0 2 2 2 2 2 1 1 1 1 0
0 0 0 0 2 1 2 2 2 2 2 1 0 0 0
0 0 0 1 1 2 2 2 2 2 1 0 0 0 0
0 0 0 1 1 1 2 2 1 2 1 1 1 1 0
0 0 1 1 1 1 2 2 2 2 1 2 1 0 0
0 0 0 0 1 1 2 1 1 1 1 1 0 0 0
0 0 0 0 2 1 1 1 1 1 0 0 0 0 0
0 0 0 0 2 2 1 0 0 0 0 0 0 0 0
-1.2798214863
-0.3695394656
0.9941733535
-1.3062939870
-0.1230370392
2.4571930427
0.8461354664
1.0332629183
-0.3922235428
-0.2790145287
0.2729926330
0.4841537212
0.2443244119
-1.9355019278
0.2466405031
-0.5408590745
0.1289506412
-0.0169372072
-0.0603138137
0.4967351756
0.2934631260
-0.6223766573
-0.0082843450
0.5865740321
-0.0436777861
1.4017653946
1.9150403271
0.3169539923
0.0094248730
-2.7945281771
-0.1497429792
-0.0375154746
0.6852077843
0.4104638341
-1.3620829237
0.7171146058
0.5463501433
-1.8888025187
-0.1151586575
-0.7994248620
1.0303344977
0.9792847611
-0.6676648627
0.8729574182
-0.9303644562
-0.2811373236
1.0511079401
2.5880189336
-0.1790346177
0.3204575944
-0.4937342015
-0.8796835125
-2.1459544531
1.4088441739
-0.7278336996
-0.4341666218
0.0278241119
-0.5678514588
0.2521476343
-0.6653978190
1.2224205395
-1.6211920425
1.0978791400
-0.5720646508
1.5277412283
-0.1601324511
-0.5892235540
-1.0421846292
0.0542597027
0.0336074686
-0.7064670111
-1.9940247295
0.5042696402
0.3558920810
1.4980140157
0.1325220594
1.5034480039
-1.2554941990
1.4554760373
1.6837557326
1.5327103649
0.9607193175
-0.4908136006
-0.3786692380
-0.9805598308
0.0303872487
1.1622566345
0.6311083945
-0.2802742553
0.5524704545
-0.1444735891
0.7332517043
-0.3310016518
0.0723015044
-0.3622614386
0.6547970779
1.6200971900
-0.8434740586
0.7486484023
-0.0324838239
1.4433220729
-1.3599346188
-0.4537528588
1.0319078683
-0.0929293353
-1.4361801787
-1.1357117082
0.1611666298
-0.5164502035
0.3691909277
1.3894552526
0.1342540878
2.0695078401
0.3635752345
-2.1334826906
0.0387387082
-0.4246488477
0.7752803736
-1.6088831517
-0.1751480841
-1.5051101772
-0.8827828795
1.6070037638
-0.5391167653
0.1367744585
-0.5848742715
1.1769264030
-0.7609638116
-0.6823108513
0.3877923324
-0.6251700156
2.8318427104
-0.2388970141
0.2820613373
0.2535746536
2.3667400612
0.8752493447
1.3294292916
-0.7440468523
-0.3927179583
0.1400893203
0.4223350361
1.4552377927
0.4609852782
-0.2723807109
0.7414807287
-0.3207292055
-1.6294939036
-0.7244727570
1.2711959231
-1.1670832199
0.0995668695
-0.0655349599
-0.9201702900
-0.3567981959
0.9338186145
1.6371996906
0.5494115296
-2.2918764825
-0.3347921870
-0.4359748849
-0.8404187864
0.8736117443
-0.0080069198
1.2872555661
1.0041089595
-1.0380152995
-1.2751148458
0.0370232309
0.6617720544
0.3451634602
1.0955767770
-0.7491282492
-0.0920354892
-0.2538448707
-0.7013483562
0.7523321594
0.5991267302
-1.1430182522
-0.5738471855
-0.3792291775
-0.9997523527
1.1671453693
-0.5804013367
-0.7787003234
1.8138108145
0.2134666453
0.0828627107
0.4466189698
-1.5722866508
2.0768034210
-0.5416668674
-1.2349231648
-1.4914995516
-0.0642772574
0.0581888358
0.9450612650
0.5429559489
-0.1698927918
0.0088090782
0.1464770745
0.2241008137
0.0424693516
0.5484734774
-1.4320921323
1.7170795853
0.3215749168
-0.9076010767
0.9539334447
-2.5094043086
0.8122782043
0.2378676911
0.7055712339
-1.2342347488
1.2084036444
0.4666464022
-0.1062796689
-0.0212098359
-0.5991941504
0.0758993949
-0.4703102827
0.0099531138
1.5362698729
-1.1480729946
-0.8158123792
-0.1818222801
0.3848775146
0.6524943529
-0.9012255369
0.3428773565
1.9518462377
-1.2638007872
2.1989083459
-1.8822061137
-1.7375078788
-1.0924908538
1.2048241519
0.5288369718
-0.2269495020
-0.7662195555
-0.3693407637
0.5998090804
0.5739627125
0.6198705542
-0.1164410578
-0.7498545989
-0.5635348358
0.6877002837
0.2828333477
-1.5281940305
0.2301778717
-1.9435160950
0.2597789917
0.3331162411
-0.0995021302
1.7254034018
-0.7947402802
0.7297772015
-1.5069700403
0.7406620459
2.0976008314
0.0167395405
-0.2702134558
0.4531450340
0.4233442838
-1.6862777229
-0.0803222030
-1.5905947766
1.3298125929
0.3997423411
1.2291728021
0.2944692268
-1.0130369098
-0.9897820690
0.1379590012
-0.4447723428
0.9689237900
2.2382766085
1.3557604923
-0.1638321688
-0.6130849513
1.3371986643
0.4190821888
0.6834223502
-1.1099040986
-0.8571924909
0.6481993252
0.3744432947
0.4125668867
1.1657501060
-1.3807433814
0.1234976662
1.8249144195
0.1555669992
-0.8990457996
0.6811305057
-1.7391198967
0.6682193022
0.7496476354
0.3453626697
-0.5951682908
0.6024750022
-1.4993263106
-1.0820361176
0.6961131892
-0.2128542738
0.1394333785
-0.1126896108
-0.1346645916
-0.3019612532
0.6920191774
2.4790611270
1.2131977231
0.3717249521
0.4454908953
-0.5428843958
-0.9444204148
0.3452690599
-0.8139326668
-0.2541553358
-0.6928707241
-0.1291487041
0.8589066607
0.6237230963
-0.4570455688
-1.0670952661
0.0315207292
-0.0599021436
-0.0509175147
-1.6987096245
0.2038127167
0.0587264794
0.9086347757
-0.1919796919
-1.0754747620
0.0267116374
-0.4064938221
-1.1551505782
-1.5295837916
-0.8690322453
-1.0539684462
1.3486597752
-0.1747244017
-0.9568346013
0.2844225609
0.9989024220
-0.1639941585
0.3670915671
-0.2620625170
-0.4031644163
-0.4717211682
-1.3319093074
-0.3705867408
0.0231981335
0.3403886363
0.9789399613
-0.8024088460
-0.4827887060
-0.0640399301
-1.0276133151
-0.5264328758
0.9288011311
0.2446883589
1.3773774120
0.0096622660
0.1020138783
1.4224350624
0.3121553557
-1.0285998931
1.5575654857
0.2532604353
0.7224932271
1.2007320272
0.1351742956
-1.5755762168
-0.5708527354
-0.2086947180
-1.3454436538
0.9816171989
0.4876489724
-0.0671796262
0.3688314007
0.2053604743
0.6369272174
1.2266010463
-2.0320342764
1.0238403443
0.3539817932
-2.0152974723
-2.1808443897
-0.3233315252
1.5946697924
1.3308295321
-0.6232550946
-0.7678658457
-1.3880300456
0.3415378931
-0.0216980013
0.0203887009
0.0515702747
1.2460399482
-0.2784189676
-0.2848659190
0.5877748956
0.1721579417
0.0677183291
1.0282419397
0.3126835200
-0.1415474304
-0.4305249331
-1.5456100032
0.1354421389
1.0062551212
-1.5025498323
-0.2394321366
-0.1010761240
0.6767254357
-0.2574940166
-1.5786114902
-0.3022710363
0.6139412589
-0.9991204007
-1.3995454682
0.6677660345
1.8232486171
0.5411340367
-0.3081777683
1.4382927159
0.1821812061
1.3675883968
0.1787568112
-0.0346076453
-1.4447236444
-0.2194319175
0.6030038788
0.0351853176
-0.6671250952
-1.4109323050
1.3512380683
-0.1457106295
0.1731882404
-1.3935078037
-0.1735106555
-0.8739239425
1.5890618731
1.4402369829
1.5090825510
-0.5032815545
0.5837714671
-1.2326169127
