18 7 0.11
11 0 2 1 2 2 0 2 1 2 2 2 3 3 1 3 2 4 2 5 2 5 3
11 0 2 0 3 1 0 1 1 1 2 1 3 2 1 2 2 2 3 3 2 4 2
11 0 2 0 3 1 1 1 2 1 3 1 4 2 0 2 1 3 0 3 1 3 2
11 0 1 0 2 0 3 0 4 1 0 1 1 2 0 2 1 3 0 3 1 3 2
11 0 1 0 2 0 3 1 0 1 1 1 3 2 1 2 2 2 3 3 0 3 1
11 0 0 0 1 0 2 1 0 1 1 1 2 1 3 1 4 2 0 2 1 2 4
11 0 0 0 1 1 0 1 1 1 2 1 3 2 1 3 1 3 2 3 3 4 3
1 9
12 4
3 9
0 3
4 5
11 5
5 12
0 0 0 0 1 1 1 1 0 0 0 0 0 0 0 0 0 0
0 0 0 1 1 0 0 0 0 0 0 1 0 0 0 0 0 0
0 0 0 1 1 0 0 0 0 0 0 1 0 0 0 0 0 0
0 0 0 1 1 1 0 0 0 1 1 2 2 0 0 0 0 0
0 0 0 0 0 0 1 1 1 0 2 2 1 1 0 0 0 0
0 0 0 0 0 1 1 0 1 1 1 1 1 1 0 0 0 0
0 0 0 0 0 0 1 1 1 1 1 2 2 1 1 1 0 0
0 0 0 0 0 1 1 0 0 0 0 0 0 1 0 0 0 0
0 0 0 0 0 0 0 0 0 0 0 0 0 1 1 1 0 0
0 0 0 0 0 0 0 0 0 0 0 0 0 0 0 1 0 0
0 0 0 0 0 0 0 0 0 0 0 0 0 0 0 0 0 0
0 0 0 0 0 1 1 1 0 0 0 0 0 0 0 0 0 0
0 0 0 0 0 1 2 2 1 1 0 0 0 0 0 0 0 0
0 0 0 0 1 2 2 1 0 1 0 0 0 0 0 0 0 0
0 0 0 0 0 1 1 1 0 0 0 0 0 0 0 0 0 0
0 0 0 0 0 0 1 0 0 0 0 0 0 0 0 0 0 0
0 0 0 0 0 0 1 0 0 0 0 0 0 0 0 0 0 0
0 0 0 0 0 0 0 0 0 0 0 0 0 0 0 0 0 0
-0.4655016284
-0.8849411099
0.4720858112
0.6209546049
-1.3505946949
1.3884775744
0.8273444483
0.0429426816
0.2323923710
1.3544507315
-1.6360385776
0.9184562935
-0.4066662820
1.0353111537
-0.3650112618
1.3092849106
-0.2516889943
-0.0331288997
1.2502917276
-0.6800855845
-1.0243678334
1.7162328274
-0.1458125159
-1.5923062420
-1.0443612938
1.1432769064
-0.5377824236
0.2812138150
0.4480654533
0.6237324392
-0.1585385298
0.0799996339
0.9005923709
-0.7994112060
0.8258110454
1.8434947852
0.8669795095
-1.1101267839
-0.1363083723
-2.1158775072
0.8739863256
0.1840371500
-0.7525535707
0.6852707055
1.1475225295
-0.0890973432
-0.9228053314
0.5735942383
-0.0605783217
0.5739369787
1.0372529584
1.8005045512
1.0150888062
2.2133552837
-3.0728782975
-0.4439601641
-0.1470130893
-2.3575361300
0.6894784038
0.0594999600
0.5649385053
-1.0606364403
-0.4889782398
1.7941759287
2.3827037599
1.3584572582
0.3270836999
-0.1476533936
-1.8545874058
-1.1530668069
1.0090017392
-0.0649021146
-0.4736688899
0.0485866861
0.1488691790
2.2309249809
1.5721115708
0.5863398540
-0.5786881607
1.0883325078
2.0923584852
-0.4979527492
-0.2042199559
1.5506869389
-0.5908228839
-1.1128006712
-0.2599998407
-0.6669168308
-0.7099880383
0.8541822989
1.5306232404
-0.7568375500
0.2131683345
-0.1443239374
0.2995161760
0.3810731001
0.6032068352
-0.3797748408
-0.8868668815
0.3492697613
1.0870039361
-0.1890472829
1.6942583476
0.2208234474
0.1828076182
0.6970162240
0.5931080978
-0.4606612070
1.1390694426
0.5417124213
1.2253221862
0.7170558074
-0.5941816315
0.3433530811
0.5315442307
-1.4413124818
0.2875076235
-0.7431021670
-0.5355009170
1.4247109436
0.4885486558
0.7897892049
-0.3521813741
-0.0692258064
-0.1314093578
0.0152305409
0.9353555216
-1.3078841102
-1.3544094410
0.0187101485
0.2850994608
0.2952962802
-1.4533763742
-0.9875283820
1.4250705013
-0.6250993735
-1.4282697888
-0.1375098920
-0.8107950390
-0.2364656227
-0.3923366085
0.6193445843
0.3494898392
-0.6047806834
-0.9067363249
0.2321882632
1.6500494102
0.1626761053
1.1364541470
1.1800774139
0.1162284992
-1.2690023414
1.7354917665
2.5707280930
-1.8994667705
-2.6109667113
-0.6046896696
0.9428247507
1.2354768642
-1.2377759027
-2.3981608154
0.7307067320
-0.5852572794
-0.6289717403
-0.4423275920
1.1979969288
0.3778565711
-0.0247841793
-1.1541796907
-1.1212877715
-0.8274192900
-1.6108748876
0.4637495939
-0.9906724308
0.0709702964
-0.6991715126
-0.4538063175
0.5376891562
-0.2875949873
-2.1438438385
0.9048969833
-0.9221020574
-0.8465379857
0.3273522528
-0.1462693958
1.3015331446
-0.8412327128
0.8358658795
0.9141083848
-0.1140789558
1.0644843587
-1.6987767398
-0.8585377150
-0.5589349228
-0.3661817560
-0.0946566614
-0.6910968117
-0.2668275442
0.2717307779
1.0532482640
0.3467417368
-0.0634349217
0.7568058483
-1.1417398442
-1.0113621052
-0.0100406362
-0.0536562852
0.1978292142
0.8792043351
-0.8530230269
0.1098980733
-0.5147629551
1.0305290946
0.5813586812
-0.3565112669
-1.1515796600
-1.5519363160
-1.0581246187
0.5278373520
-0.5898681930
0.3257739711
0.1094602490
-0.2670362038
-0.3422786903
-0.3756257961
-0.6066877290
-1.6263105613
0.6308064444
2.3867042788
-0.3991797686
2.2947325343
-1.8470222853
0.6106957660
0.7362579637
0.7457799013
0.3545423847
0.1278282744
-2.4784502035
-0.6589870066
-0.9048849374
-0.4759568066
1.7121911427
-1.5669097001
1.1552281127
0.3421600262
-1.1764332729
0.3231918678
-0.1704683293
-1.0755821801
-0.2336985638
-0.5994852335
0.5120383661
-0.4686639471
-1.3608823930
-0.6756371560
1.1109335296
1.2582353522
1.3334526737
-0.1127322793
-0.4694962683
-0.4713117396
1.0522237855
1.8978410832
-0.0346479067
2.0374538783
0.9824485179
-0.4394530574
-0.2250827248
-0.9130379892
0.3369545691
-2.5627046116
-0.0247800137
0.4825888570
0.0270649618
0.7762620375
-1.8420512190
-0.0260679653
-0.6843104236
0.5167492542
-0.8683447791
0.4288146135
0.8251561101
0.0007594073
1.4321423783
-1.9878765201
-1.0698130397
-0.3774247839
-0.6632841248
0.5238312504
-1.0527177862
0.3185803421
-0.9524363619
-1.0974659827
-1.6613615059
0.2879828358
-0.1683579004
0.3704698275
0.6344941023
-0.2643135664
-0.2278156014
-0.7110786519
1.0793386856
1.0141688349
1.1190025341
0.5530308771
-0.0995709739
1.3320525433
1.0830179609
-0.1190118277
-0.5072769302
-0.0295250378
0.3045698529
-0.6110117235
-0.1239780485
0.0365066011
-0.7929880491
-1.2981769498
-0.9787780278
-0.0132740930
0.3379960289
-1.4619153020
0.1232060688
0.9552898024
-0.1726987589
1.1066504566
0.7543019240
0.5482641714
0.0383473133
0.1901830899
0.7487105186
1.5356458605
-1.3123129794
-2.6399831424
-0.4660200592
0.3268013021
-0.7736272594
0.4498023632
-0.5913401552
-0.0430655925
-0.5830073035
-1.5862955595
-0.7170211872
2.5080115808
-1.1320368160
-0.5708576188
1.5438147606
2.3138306006
-0.0912422842
1.2082106011
0.7079541454
-0.5129561467
0.6198021274
0.2293814288
0.8171872781
0.4550101074
-0.7788590816
0.0884356600
0.3991219003
-0.3856633552
-0.9911736854
0.6382388766
0.4471353619
0.7316492236
0.9606244918
0.1685908328
-0.4707730864
-0.5006593039
0.8153693271
-0.6745574711
0.8579070739
-1.7488497124
-0.8042357347
1.4432328335
-0.1549991602
1.7033302767
-0.2662259319
0.7456229172
0.0525040125
1.7439864656
-0.5004781373
-1.7005600426
-0.7730713722
-0.1517320788
1.2378070577
1.9007135935
0.6149502533
0.6779441642
-0.6293980170
-0.2992410862
-1.5760715830
-0.3312904135
-0.5012496096
0.0388430760
-0.8445258719
-0.3250268869
0.3489014376
-0.3908279987
0.3223930319
-0.7647312249
-0.7639959305
-0.3467255136
0.7353610821
-0.3393510774
1.2111549264
1.2368819346
-0.1782441434
0.2146147458
0.6180446567
0.7699278991
-0.4003726179
-0.3593521409
-0.6616199320
-0.1263654042
0.6380969450
-0.9296443811
-0.7651189901
1.8411944487
-0.8028680666
0.9928040812
0.4032818460
0.3464404434
1.0911516937
1.8556678538
0.5988146473
0.1942144616
-0.9608087247
1.1600203055
0.8754441216
-0.6664340202
-1.4686194661
-0.0726996963
-0.5895571744
0.8198207699
-0.7481117924
-0.6558840040
-1.1847099907
-0.6938449385
-0.7925848280
-0.8170091873
-0.3521110766
0.0899620281
0.3763407630
0.9144849379
0.5501030770
-0.0292296934
-1.0221307299
-0.2840288376
1.7433371867
-0.0570918955
-1.0427952918
-0.3484424024
-0.2118701130
-1.9425399102
-1.8069473942
1.1619361846
0.3629586165
1.2907786382
0.4233328232
1.4132054672
-0.2862324033
-0.4249932654
-0.6622442194
0.2414837130
0.5655682651
-0.3682474138
0.9784635066
0.9539972548
-0.8283015149
1.3438711305
0.1479409344
0.0072629975
-0.6199344852
0.1816829415
-0.8467333296
-1.1679967113
-0.3574177338
0.8646384537
0.4335731989
-0.7149339761
0.4148275967
0.1932850315
-3.8471614676
-0.2892472949
2.4791970483
-1.4009854315
1.4056267277
0.0812543033
0.6611277241
0.0832299812
-0.2540053695
-0.4643125515
0.6187207479
-1.2566963415
-0.9659464610
-0.2482458719
0.1319712908
1.2866077823
-0.4701982905
-0.4711678248
0.4948821176
1.6142513519
0.0286803734
0.0748069419
-0.7018136027
-1.1672309412
1.4216517659
-0.6661620659
-1.4824538770
-0.8122495408
1.7366485232
1.1663744835
-0.6287605394
-0.0589930383
0.0410032662
0.0671141617
1.1043323255
-1.9775016873
-0.1987358753
0.4268027462
-1.3619438007
0.3602827152
-0.0259890661
-1.8074815274
0.1234332667
0.9590840024
0.6067659009
-0.9330887226
-0.3259711800
0.0684301737
-0.4269519679
-0.6975487721
0.4287113529
0.1749243133
0.2398375708
0.5840510046
-0.0474038644
0.3839711193
0.1908898083
-0.1922662450
-0.4128060137
1.4682847721
0.7852896258
-0.8221811235
1.4328599103
1.3735850960
0.9992098178
0.7549698028
0.8181238473
-0.4444953748
1.0893226899
-2.7107957171
0.3794676826
0.8979312144
0.4446857025
0.3516991540
-0.0296499365
-1.5511357506
2.2486036834
0.4359305322
-0.0829616978
-0.2218968786
-0.1988783370
-0.6408615240
-1.2711212386
-0.4284174972
1.7595303142
0.2938338094
-0.0561220716
0.3047502991
1.7220451176
0.5560140704
0.3320036403
-0.2808693970
-1.0196993681
-0.1589947417
-0.4216057740
0.7541324129
-0.4998607821
1.3647922623
2.1663846225
0.1926285870
-1.7691467014
-0.5340260994
0.5851572026
-0.5638953345
0.4812113255
-2.2150278244
0.4601039485
-0.0861559081
-0.3660161323
-0.1054027843
0.1903235714
-0.4824472640
0.1121258270
-0.4712159264
0.2399240713
1.3811553493
-1.2794857593
-0.0383850706
1.3908474788
-1.2278232789
-0.0889594323
-0.3262432825
1.2134349940
0.8022932557
-0.9976090698
-0.2692089563
-2.5187030166
0.7213825655
1.0937249809
-0.6964097305
0.8492316195
0.5175981849
0.0818671147
1.1043953579
-0.5439165328
-0.3164285799
-0.6266516952
1.6552994643
-0.8287079029
0.3252692741
0.3209909891
-0.5372732233
-0.9919375915
1.1103836541
-0.5317219213
0.4660172886
-1.1880464556
0.8091459906
-0.8866530395
-0.6693791830
-0.4096334734
0.6353893008
-0.9039938272
0.5680633340
-0.7346444249
0.2388989583
-0.3000957970
0.9716556044
-3.7685649552
-1.0055675515
1.6718866621
-0.1926864193
1.3627059449
-0.4466880576
0.6475170226
1.1999955218
0.3753265325
