18 7 0.07
8 0 3 1 0 1 1 1 3 2 1 2 2 2 3 2 4
11 0 2 0 3 1 2 1 3 2 0 2 1 2 2 2 3 3 1 4 1 4 2
12 0 3 1 0 1 1 1 2 1 3 1 4 2 0 2 1 2 2 2 4 3 2 4 2
8 0 0 1 0 2 0 2 1 3 0 3 1 3 2 4 1
10 0 1 0 2 0 3 1 1 2 0 2 1 3 1 3 2 4 2 5 2
8 0 1 0 2 0 3 1 0 1 1 2 1 2 2 2 3
12 0 1 1 0 1 1 1 2 1 3 1 4 1 5 2 2 2 3 2 4 3 2 3 4
15 2
13 1
9 7
13 6
3 12
1 4
1 12
0 0 0 0 0 0 0 0 0 0 0 0 0 0 0 0 0 0
0 0 0 0 0 1 1 1 0 0 0 0 0 1 0 0 0 0
0 0 0 0 1 1 0 0 0 0 0 0 1 1 1 1 1 1
0 0 0 0 0 1 1 1 0 0 0 0 0 1 2 2 1 0
0 0 0 0 0 0 0 0 0 0 0 0 0 1 1 0 1 0
0 0 0 0 0 0 0 0 0 0 0 0 1 1 0 0 0 0
0 0 0 0 0 0 0 0 0 0 0 0 0 1 1 0 0 0
0 0 0 0 0 0 0 0 0 0 0 0 0 0 1 0 0 0
0 0 0 0 0 0 0 0 0 0 0 0 0 0 1 0 0 0
0 0 0 0 0 0 0 0 0 0 1 0 0 0 0 0 0 0
0 0 0 0 0 0 0 1 1 1 1 1 0 0 0 0 0 0
0 0 0 0 0 0 0 1 1 1 0 1 0 0 0 0 0 0
0 0 0 0 0 0 0 0 0 1 0 0 0 0 0 0 0 0
0 0 0 1 1 0 1 0 0 1 0 0 0 0 0 0 0 0
0 0 0 1 1 0 1 0 0 0 0 0 0 0 0 0 0 0
0 1 1 1 1 1 1 1 0 0 0 0 0 0 0 0 0 0
0 0 2 1 0 1 1 1 1 0 0 0 0 0 0 0 0 0
0 0 1 2 1 1 1 1 0 0 0 0 0 0 0 0 0 0
-0.5356831425
1.1630729492
0.9182265622
-1.4148063570
-1.0486951718
-0.8426335991
0.8407175636
-1.3446285772
0.2773099516
0.0794080856
0.6712038968
0.4867474890
-0.2470247520
-0.4146762751
-1.4356752027
-0.0965434670
0.6655675088
0.9261084904
-0.0973995524
-0.8962530536
-0.9318149552
0.6044675320
-1.1736270463
0.0932031271
1.1097781735
0.1262963236
0.8291369224
1.0203097743
0.0684167023
1.2004160310
-0.3042978698
-2.6232290209
-1.1024641205
-1.0970148938
1.2682308840
-1.1010214925
0.8523799754
-1.5759949055
-0.2566981582
-0.4334267739
0.9468480598
-0.9216013422
-1.9362461439
-1.0429976568
0.4641313969
0.0601519866
1.0560725551
0.7682482354
0.1951446275
-0.3271078846
-0.1084361195
-1.7014154630
-0.2978208088
-0.6763958774
-0.2629636508
0.6334415998
0.4891648764
-0.0139635384
-0.6848363267
0.5246951627
-1.4485937489
1.2934715087
-0.2262283551
-0.3728546613
-0.6030170103
0.2515681710
1.0480282412
0.2410476488
-0.1140337762
1.5028005774
0.9951202409
1.3546208731
-0.3177980277
2.3600143316
-0.4711954213
3.3223317823
-1.3888266410
-1.0802799686
-1.1993913121
-1.0615271611
-0.1634146453
-1.0273503586
0.1080444327
-0.5447404577
-0.9009920556
1.6199077420
0.1733344762
-0.5126878645
0.4369918808
-1.0792071612
-0.5170444103
1.1955495974
0.3179504468
-0.5498347329
-0.7291595342
0.1367112107
-0.7520494417
0.1643945675
-2.4178880257
0.1050162065
0.8202776767
-0.2193641005
-0.5319609097
-0.5459893448
-0.7917173019
-0.9232587436
1.6911861419
2.2110763680
0.5833108517
0.7550176830
-0.4779245312
1.7616182632
-0.1464695596
1.2580311397
0.4346084933
0.7389321818
-0.8822423337
-0.0938778255
0.5381990810
-0.1014982161
-0.7615287186
-1.1529893107
-1.3865420407
-1.1904576891
-0.4527691705
0.1981073601
-0.7526535055
-0.8103880304
0.1582151379
0.1541899371
-0.3458080179
-2.2878491496
-0.4970959736
1.2076392475
-0.6825244374
0.0024827619
1.4045629731
-0.2518497465
-0.8563732213
-0.6383742990
-0.5080405856
1.2414324621
0.1976340445
-0.1869581181
-0.6035432953
-0.3292106600
-0.1779318861
-1.5449003331
-1.3811731150
0.5291183707
0.0446970451
-0.6920829904
0.5334949835
-1.3583448992
-2.2826050785
-2.0833875435
1.6388906232
0.6356622843
1.4058174444
-0.5335849834
-0.2857851562
-0.9027897849
-0.3294987649
-1.1535278437
-0.2550203261
-1.5454762917
-0.5073980206
-0.6176841956
0.5822983001
-0.9857036393
-0.7821786833
0.1112341723
0.7076769010
0.8925724668
-0.3988077847
-0.8573031458
-0.3125448784
-1.1913233738
-1.2154397019
0.8083856970
0.6593677793
-2.4100977207
-1.5492749607
2.6062819147
-0.8965928472
0.1299199033
0.1163127549
-2.0658382588
-2.0920623955
-0.6623411246
1.7039711343
0.8402391831
0.7201277803
0.4842463803
0.9801441583
-0.9232821651
-0.8146408796
-0.3218467046
0.6605005582
-0.7506632074
-1.5867756325
-0.5893320466
-0.4762814679
1.6413876141
-1.0376134737
1.3174475115
0.9406891187
-1.1092504769
-1.6536890918
0.6308957095
0.1070404530
1.3818431482
1.3740497911
-0.2529051448
0.6509912537
-1.6790720611
0.6640212258
0.1073245370
0.2740728738
0.9561534875
1.0251322609
0.0278240695
0.3491838169
2.3484010444
-2.0455883139
0.8202112104
-0.7443729304
-1.7499928929
0.8685133461
0.6305455292
0.4546357329
0.9325591263
3.3893257030
-1.2680261575
0.7542911337
-0.7601732569
-0.5779061963
-0.1152289378
0.1279898773
1.1925186804
-0.5104158814
-1.9852580560
-0.7449739102
-0.5962390481
-0.8276626322
-0.8917823413
-1.0301811515
0.4380490239
2.0773207449
1.4194931600
2.5068075117
-1.3714557283
-1.0009593200
-0.5030154608
-0.7359714444
-0.7164667445
0.1138208409
-2.7604616291
0.5220190583
-1.3902942337
0.0934537231
0.2971133261
1.4413987663
-2.5907656750
0.6177056793
-0.1489384773
0.0806640556
0.4190364554
-1.6177380712
-0.4063966234
0.5789974049
0.8044664476
1.4655026918
-0.5213573372
0.2656533993
-1.7191208524
0.4373042793
-0.3526383802
1.1930935494
0.6711293598
-0.1639951488
-1.5540874359
-1.7540802229
-0.4873908902
0.5018120350
2.6221911353
-0.8305701208
-0.6638585845
-0.0119070391
-1.5740738976
-0.7883842364
1.0398844466
-0.0088250234
2.3446550166
0.2116239822
-1.1489219170
-1.6474030053
-0.0227607520
-0.2164357592
-0.2199864474
-0.2912923909
-0.3871264684
-0.5033071097
-0.9543475932
0.8147184129
-0.8850490527
-0.6363557175
-0.9742559426
0.9127743837
-0.0684602073
-1.2107197403
-1.8487522693
-0.3854312688
-1.5449222233
-0.8377510952
-0.0682306008
0.8620195368
-0.2929232912
0.0930596981
2.3970328271
-0.0493485693
0.1161895947
0.1259514382
-1.9554402702
0.5407816609
-2.0315800242
-0.5238108699
-0.5855680739
0.2292385910
0.0461071994
0.6428226068
0.3161915787
0.1175214809
-0.2762006585
-1.8322699325
-0.7373501226
-0.2274880485
-0.4219192863
-0.7681901592
-0.8705650529
-1.0856407120
-0.0692797274
-1.6170097964
-0.3664023557
-0.0058081662
-1.3002291754
-1.6162885786
-1.0406347507
0.3972266381
-1.2008323062
-0.7833493401
-0.7638493346
-1.3160858734
-0.6657090678
-2.0330403335
1.6477866657
1.0062433701
0.3217698063
-1.2587058445
-0.1564319711
-0.3604030390
-2.3355278820
-0.7481509572
-0.6809487578
1.7100875164
0.9308339816
-0.6138117236
0.1078979446
0.3802989685
-0.4738468456
-1.1451815113
0.3250396167
-0.8242403852
-0.3093005664
-0.6474027520
-1.4116916811
1.8588921507
0.3016892703
0.1920622177
1.5852517942
0.4879610368
-0.5805527683
-0.4141007638
1.4491234063
1.6621726661
-0.3370372642
-1.1261967221
-2.3389744454
-0.3375885920
1.7784231997
-1.0937608809
-0.3371879416
0.6076020355
1.2331496342
2.1061666311
0.3176120560
0.5754824107
0.8712640907
0.4752573894
-0.9895217661
0.4511521320
-1.9901164546
1.3063777554
0.6341269793
-1.7070425161
-0.5474621089
0.3679808692
0.8325447836
1.2309433583
-0.6294218558
-0.1262067258
-0.0199081493
0.3709956711
0.1094487781
-0.9916668464
0.6060594479
-0.8356596542
-1.1119474817
-0.2471494727
-2.3468190558
-0.5070354504
0.7239127433
1.1848660169
-0.8074993501
0.1180756400
-0.3254383576
-0.0886919877
1.0108843549
0.8104702476
0.2646541666
0.1356913988
-0.2572279760
-0.8907230505
-0.3253063388
0.1074963534
0.2728353022
-0.0707724481
-0.4797691849
-0.7813533031
2.0771965098
-1.3942698562
-0.1965990511
-1.0547989141
0.0970883548
1.2269918371
0.3911552011
0.3683673240
-1.0734162043
-1.2092889976
1.6066442789
-1.9860112791
-1.1990088624
0.4726724764
-0.1780650882
0.8749471713
0.4102812122
-0.8466493584
1.1553583801
0.1758657524
-0.5117979900
-1.0086660474
0.2300962050
-0.3811174769
0.0593090027
-0.3098785083
0.6742307542
-0.6075135485
-0.3692772444
-0.5243061405
-1.7917762297
-0.0026038422
2.3429232310
-1.8891458362
-1.3818251447
0.1219059783
-0.4344249258
0.1434881247
-0.3964121046
-0.2883368265
0.8095544387
-0.2290547037
1.5903465846
0.4446041259
-0.5865074982
1.7420350962
0.1474167008
1.2307699658
-0.6357120519
-2.2361815825
0.3802297321
-0.0512936720
0.6279659774
0.2439452622
-0.0311061123
-0.2665744178
0.3299011956
0.4280602277
-0.6373991514
-1.3994305680
0.0118831304
-0.0856368521
0.7475858766
0.5852397490
0.8593270255
0.1619634196
0.2951527927
1.1674332398
0.2277789670
-0.7027537343
-0.2638215839
0.2520482452
0.0486831494
0.5683499682
0.2363545757
-0.4269921534
0.7087107143
0.2743294145
1.0040851462
0.1534113984
0.2246090452
0.6642970459
0.1676244983
0.0926428098
0.1036691356
0.9032304094
-0.8739521287
1.1630811686
1.4035542361
0.1215484336
0.4637893373
0.0744523386
0.6951843144
0.5510523448
1.3005947567
0.9355653632
1.0293772609
-0.1105680587
-1.9232602710
0.8104280843
0.4560166200
0.1673660828
1.0111500876
0.0624775027
0.4384804103
1.5351211053
-0.4288540920
-0.7146599770
0.8513532381
1.4078786892
-1.0050209816
0.9096520889
0.5620602452
0.6793875068
0.2430065033
-1.0915779326
-0.8300015263
-1.2693457308
0.8961641996
0.8553532849
1.0300095242
-0.7462592418
1.2165359880
1.2552372281
-0.2346033207
-0.1988654418
0.3947353170
0.9289530043
-0.5300147915
0.8564555688
-1.0185813438
2.1191228398
1.4442624932
0.2781197913
0.9822234572
-0.8690381810
0.8287253394
0.2951118096
-0.6901390897
0.2411880057
0.6057318185
0.6179402930
1.8522106249
-0.0217132577
0.4009113703
-0.8090057143
0.0400412400
-1.1389773634
-0.8456908521
0.4845027291
0.7932833130
-2.3514806686
1.3921115977
-0.5397748645
-1.5031646614
-0.5813586048
-0.1350003018
0.0397764552
-0.5403735118
-0.1130611330
1.7244485105
-0.3576872082
0.5540345033
-1.3888193324
0.6723949515
-1.0440118803
1.7161368331
0.5946460517
0.5040654380
0.4116994985
0.7085602809
1.0227100148
-0.5751609384
0.6001696103
0.9560120762
-0.4802231638
0.9696823091
-0.7895798999
-1.5428498173
1.5594565651
0.7093693693
1.0755153515
-0.9884073768
-0.0268264899
-0.1283590217
0.3738490653
0.0547012238
1.3389029611
-0.8309278602
1.4435529999
-1.1952515349
0.0865053380
1.2202866615
-1.7914236644
1.8378450887
-0.4477668883
-1.0200918581
-1.1957784477
-1.4403327955
-1.5350909411
0.2347949841
-1.1444818489
0.5455120474
-0.6835741910
0.5571536184
-0.6308885712
-1.1897761769
-1.3293611957
1.5523828700
