12 5 0.15
6 0 2 1 0 1 1 1 2 1 3 2 2
9 0 2 0 3 0 4 1 0 1 1 1 2 1 3 2 3 3 3
9 0 3 0 4 0 5 1 0 1 1 1 2 1 3 2 1 2 3
6 0 0 0 1 1 0 1 1 1 2 2 2
7 0 0 0 1 0 2 1 0 1 1 1 2 2 1
1 8
7 1
7 2
8 8
9 8
0 0 0 0 0 0 0 0 0 0 0 0
0 0 0 0 0 0 0 0 0 0 1 0
0 0 0 0 0 0 0 0 1 1 1 1
0 0 0 0 0 0 0 0 0 0 1 0
0 0 0 0 0 0 0 0 0 0 0 0
0 0 0 0 0 0 0 0 0 0 0 0
0 0 0 0 0 0 0 0 0 0 0 0
0 0 0 1 1 2 1 1 0 0 0 0
0 1 2 2 2 1 0 0 1 1 0 0
0 0 0 1 1 1 0 0 2 2 2 0
0 0 0 0 1 0 0 0 1 1 2 0
0 0 0 0 0 0 0 0 0 1 0 0
0.9293582368
0.5767286184
-1.3049897748
0.9463196813
-0.6326336785
-0.6596436854
-1.1471358644
1.1062539980
0.0959727730
-0.4539955107
-0.1158863133
0.5218409347
-0.0743801398
-0.2627963119
-1.0070890104
1.4275241425
1.0114817887
-0.6910540885
1.7344271607
0.8677519324
-0.8521077642
2.4205157070
0.8668935374
-1.3355893152
-0.2511635870
-0.3775663441
-0.9787289830
2.2065924539
0.3002580358
0.4326402180
0.4718259570
0.1590431658
1.1722335576
2.0122089318
-0.4760858917
0.1809159404
-0.4969171123
1.0298669930
0.2623662163
-0.6986484194
0.5567655355
0.4595274453
-1.8550841048
-0.8204743156
-0.7176626258
0.6265873292
0.0318207543
0.6545044744
-0.0741197783
-0.7620265487
0.5654586073
1.2972142922
-0.1804289009
-0.3169985701
-0.2512519360
-0.4954342516
-0.2540816443
-0.2685463738
1.3610599193
1.5551145950
0.1251093606
0.1267619152
0.4040548831
1.9566300465
0.8849118775
-0.8684699516
0.0510208135
0.1209675183
-0.7106973663
0.0839299526
0.6637645566
0.6152999924
-0.6518856548
-0.9753802317
0.8406164946
-1.2730361627
1.2494562196
0.8398155433
-0.3764375537
0.1713406372
-0.1903459316
-1.5218877219
-0.0745905452
-0.4845445433
0.6561170262
0.6730899058
0.0421291683
0.4139183868
0.5105925771
1.0978168431
-1.4806226927
-0.9856437176
-0.3678458869
0.6245922792
-0.4877732870
-1.4669256859
0.1320161256
0.8923240920
-1.0745743233
1.0308890582
-0.4126282276
0.3032487803
1.2661967248
2.4194827325
-2.5794966545
0.6311138032
1.2461021384
0.0314551386
-0.5270536229
0.1688179976
1.8485045420
1.9530847355
-0.4724588327
1.4286940215
0.6995782517
1.7689191731
-0.6735961670
-1.8233508857
-1.0239666655
-0.2082041060
1.7355063892
-0.3211672983
-1.1329940186
0.7363302383
0.7208179268
0.3884038157
-1.3796077491
-0.3206263481
1.7045311936
-0.9383345368
0.5033906740
0.4444118106
-0.6016771641
0.3150413233
0.8719849805
1.3491083113
-0.5002805048
-0.5033750533
-0.5267144583
0.6472131599
-1.6308942327
0.8501780349
-0.9632462551
-0.7182494898
0.7622116621
2.3847578780
0.7747760420
0.5862575861
0.0354111871
0.6944868903
0.3176287919
0.3736846719
-0.3661143319
-0.0436815900
-0.0212937208
-1.2985001938
0.5758267280
-2.0489559027
1.1342274505
0.3593669239
-1.1477671342
-0.3437831826
-0.3341740744
-0.8773526703
-0.4692839234
-1.9155569100
0.9201122700
-1.2541982683
-1.3925410232
-0.3281909409
-0.4033627596
0.8764566277
-0.0825003355
-0.1002416984
0.1228563309
-1.0261017149
0.5181740690
-0.5969266141
1.1743849615
-0.7899177361
0.8283545373
-0.8343314892
-1.6354387953
0.0987220802
0.1358014199
2.3917637315
0.3880620214
-0.8942040801
-1.5819355322
-1.6850593316
-0.7810022969
0.4599727577
0.6616853624
-0.7022222732
1.0352501296
-1.8481356204
-0.3103434399
0.1028347296
0.0219329039
-0.7055457835
0.5665953118
-1.3333706198
-0.2495820749
0.0431359661
0.7739130566
-0.1679795895
0.7901241200
1.5697615287
1.1772027095
-0.0127646541
2.0696066080
0.4025333699
0.9771915982
-0.1582984686
-0.7417788834
-1.3937589203
-0.9062307300
-0.6364559576
0.5880956597
0.7319696983
-0.9137975677
0.2710335870
0.4826282206
-0.7552890705
-0.5930696381
0.3952175753
1.5471061304
0.5962246771
-0.6973778312
-1.0750222213
-0.8852240376
0.8250275796
-0.3892923359
-2.1730221137
-0.8835812684
-2.4909251504
0.8881947656
0.4133110113
-0.1581637977
-0.5249262531
1.1720605919
1.4825499764
0.5841482572
0.3932573859
-0.9676765337
0.0705117198
1.6269159873
-1.2012286539
0.3693533511
-0.6877527214
1.5389399777
-0.4062347181
1.3671492743
-1.1464102523
0.4845443734
-1.5796551821
0.5640901153
-0.0148704017
-0.7352813017
-0.6096263824
-2.2864820051
-0.1011453946
-1.8823847008
1.6299975367
0.7000983551
0.3751464201
0.5843718670
0.3910517404
0.5793546615
-0.7067205623
1.2388273804
1.3199760517
-1.0389641147
1.4628064263
-0.7324587374
-0.2867868042
-0.5111513757
0.5413894759
-1.0660914237
-2.2956272943
-0.9042687678
0.0360686148
-0.6926545531
0.4491298954
-0.3236029798
-0.2487169189
-0.6807275827
-3.9970637186
