14 5 0.03
7 0 1 1 0 1 1 1 2 2 1 2 2 2 3
20 0 2 0 3 0 4 0 5 1 2 1 3 1 4 2 0 2 1 2 2 2 3 2 4 2 5 3 2 3 4 3 5 4 2 4 3 5 2 5 3
4 0 1 1 0 1 1 1 2
5 0 0 0 1 0 2 1 0 1 1
10 0 4 1 4 2 4 3 0 3 1 3 2 3 3 3 4 4 1 4 2
9 5
0 2
6 4
8 6
4 7
0 0 0 0 1 1 1 1 0 0 0 0 0 0
0 0 0 0 1 1 1 0 0 0 0 0 0 0
0 0 1 1 1 1 1 1 0 0 0 0 0 0
0 0 0 0 1 0 1 1 0 0 0 0 0 0
0 0 0 0 1 1 0 0 0 0 0 1 0 0
0 0 0 0 1 1 0 0 0 0 0 1 0 0
0 0 0 0 0 1 0 0 0 0 0 1 0 0
0 0 0 0 1 1 1 1 1 1 1 1 0 0
0 0 0 0 0 0 1 1 2 1 0 0 0 0
0 0 0 0 0 0 2 1 0 0 0 0 0 0
0 0 0 0 0 1 1 1 0 0 0 0 0 0
0 0 0 0 0 0 1 1 1 0 0 0 0 0
0 0 0 0 0 0 0 0 0 0 0 0 0 0
0 0 0 0 0 0 0 0 0 0 0 0 0 0
0.0509497797
-0.8831257679
0.4594608894
-0.3952156981
-0.3922461386
-0.2267113831
0.0616215477
-0.7801824692
-2.0838651996
-1.0153352413
-1.1064048373
-0.9346754920
-1.6470777511
-0.7890386014
0.1985839603
-0.4252674458
-1.7594657047
-1.3990833099
1.0371196409
0.4241760383
-0.8482520039
-0.4975174858
0.9032021017
0.9369057848
0.0252587644
0.9625478962
-0.9084400623
0.1852422632
0.7340221631
0.5361972652
-0.6306414601
0.1818054416
-0.4247052052
-0.6936549653
0.2054975355
-0.3680450036
-2.2510380224
-0.6021059872
-0.6808017425
1.4846779678
0.0009252140
-0.0048758720
1.4152881530
0.9633145275
0.8543278591
1.7550430581
-0.0385549187
0.3708289326
0.3047429628
0.8016332197
1.4248817050
-2.3297901639
-0.1863477634
-0.2016086519
-1.5352294606
-0.1280045140
-0.0735625035
-1.0655314982
-0.0955480803
-1.2747016844
-0.4816353970
0.2281244687
-1.2895021540
0.8329464902
-0.7615326698
-0.0637383079
-0.8724953620
-0.3068788117
-1.0771429220
-0.3729574935
-0.9264173543
0.7927495484
-1.9541403713
0.1754039250
-0.7517073012
-0.9607385467
1.5464460424
-1.7103409868
0.9684982820
-0.0523067884
0.6345291411
-0.9467537757
0.0371006411
-0.3935898450
-0.9296371293
0.4234356050
0.8512614315
-1.5728898284
-1.1590333856
0.0483460451
-1.0692041638
0.5073448071
-2.0004420760
0.0714340702
-1.0900480009
-1.8398219264
0.5923172953
0.2816932947
-0.5163497979
0.5203898105
-0.2947734548
1.9847442546
1.2750484978
-0.2624795102
1.6342234138
0.9396854081
-2.0558355692
1.0054893528
-0.0898724205
1.1775068347
-1.5307726082
0.6767668918
-1.0130440799
-0.9201856428
0.5564141250
-0.5649950532
1.1507341184
0.2279612123
-0.1492710303
-0.6703935913
0.9472722004
-0.1138335311
-0.5979266345
-0.1274228318
0.1333965572
-0.6667783140
0.0330155044
-0.4410547184
1.3020447475
0.7980023496
2.0082060846
0.2417660505
0.2699208821
0.3332498507
-0.5312177882
-0.5809869400
0.0383484423
-0.5471867425
-0.0197779209
0.7665473032
-2.5479892516
1.4826154339
0.3579124231
0.0653723258
-0.8741103558
1.3808197833
0.5543886455
-0.0459522859
0.0024261423
1.4974400096
0.3867327296
1.3911342410
0.8575508513
0.9944452921
-0.7485221397
1.2585224095
0.7979788315
-0.3456285004
0.8438073521
-0.1855739435
0.8626794527
0.3461162890
-0.7617257227
0.3752278103
-1.1540523030
-0.6683354659
1.3085696424
1.0986535174
0.0988807723
-1.4401356533
1.3144040561
0.6006970048
-1.0647883076
-0.3697385918
0.5112008487
-1.7534475229
0.8112301134
-0.3338032158
-0.2751994273
0.6787745559
-0.2950407740
-0.1509037045
0.1077571503
-0.0786994097
0.7150296877
1.1055442722
-0.0846714476
0.3762209818
-0.3235277941
1.2070960995
0.1338791763
-1.8746651652
-1.3438607837
-0.8518266370
1.2833577094
2.4599222308
-1.0105679072
0.4428772609
0.1258287698
0.2243512689
-0.9029411043
-1.7330794271
0.5511403065
-0.9018000855
-1.5290910484
-0.2815627809
0.3617593251
-0.2135774291
-0.6671095513
0.3114630243
0.2766131159
-0.5054568537
0.4064507849
-0.9973254469
-0.4443992048
-0.4888154160
1.0450206723
1.3223408693
0.4268363567
1.6500656986
1.7217506554
-0.3591059375
-1.5954342948
-0.2587437135
0.6264685875
-1.1635283666
0.1061403942
0.2295830920
1.6930052089
0.1040357734
-0.1255395580
-0.1838219300
0.7041584537
-0.8182321490
2.2266331909
0.8365599189
-0.2752264386
0.8455364691
1.2458514483
0.4484363566
-1.3861419633
1.2274298150
-1.8688370415
-0.2994405697
-0.0928877690
-0.7683746481
-0.4917351927
-0.1669709566
-1.3593197169
1.2696647700
0.8686252902
-0.2488001438
0.6188151750
0.3029088731
-0.0076146157
-0.3395956403
0.4719801270
0.0263338485
0.4260664169
1.5138704240
1.4893936095
-0.1488766768
2.0712186498
-0.2107494819
-0.6796192943
-1.2392093055
-0.5923826149
-1.9855055417
0.4430154012
-2.0416424534
-1.4184186958
-2.1625397480
-0.1648781142
0.6598946884
-1.4035415384
-0.4004721289
-1.2173848634
0.3310723843
-0.2673853282
0.6141430217
0.0164667169
1.7648030742
-1.1478748786
0.7848222748
-0.3873543087
0.0685623032
1.3685813434
-0.9627741151
0.5084878122
1.2990536775
-0.0938981071
0.4639394893
-0.5125567151
-1.0346539870
-0.0030166135
2.3764407089
-1.1196852859
0.6814760033
-0.2438261008
0.6873641963
-0.1304966756
-1.3895977995
-1.2672904101
0.8423277636
-1.3797666014
0.0287673642
0.2103086075
1.5137558516
0.4028061378
0.5664855790
0.2947550043
0.5663348527
-0.0917499493
-0.5422537968
0.1996597582
-1.5599236465
1.6976448187
-0.3867083216
-0.0713516441
0.9019478447
-1.6401992059
-0.7318627094
0.5710801325
0.5719865393
1.4522903094
0.2385413495
1.6417839912
1.0233420013
-0.4233542338
-1.3179647596
0.0646059766
-2.7042152928
0.2567975310
0.7466710985
2.2228574068
2.4360725957
0.3419984238
-0.2694615705
0.5068950868
0.5323456978
-0.6304177524
-0.4808601227
0.8014589803
0.4620538670
-0.5040655463
1.6630620483
1.5391585368
0.6726425645
-1.2932255691
-0.0409929523
1.2873146024
-0.3225883356
0.2992551367
-0.8385508503
0.8506447975
0.5051940584
1.0998125505
0.2717394038
-0.4961876454
1.2311252815
-1.9779100716
0.5883507438
-1.5535700790
0.7020602551
-0.5725553137
-1.5854083232
1.6693952531
0.5945226615
0.5070096317
-1.0871466495
0.7099878202
1.7684563035
1.1280777782
-0.7635723522
0.2581243329
-0.1233113289
-1.0194941392
-0.4807291383
0.9338187129
-1.1311555389
0.9653849488
0.1434235703
0.1277854082
-0.4350840367
-0.4409258289
-0.2725809204
-0.3608051474
-0.7732107860
0.1517839258
-0.2782832471
0.8706148163
1.2067528938
