13 3 0.05
9 0 2 0 3 1 0 1 1 1 2 2 0 2 1 2 2 3 1
16 0 3 1 1 1 3 1 4 2 0 2 1 2 2 2 3 3 1 3 2 3 3 4 2 4 3 5 2 5 3 5 4
10 0 3 1 0 1 1 1 2 1 3 2 0 2 2 2 3 3 0 3 1
1 1
0 1
7 2
0 0 0 0 1 0 0 0 0 0 0 0 0
0 0 1 1 2 1 0 0 0 0 0 0 0
0 2 2 2 1 0 0 0 0 0 0 0 0
0 1 2 2 1 0 0 0 0 0 0 0 0
0 0 1 1 1 0 0 0 0 0 0 0 0
0 0 0 1 1 1 0 0 0 0 0 0 0
0 0 0 0 0 0 0 0 0 0 0 0 0
0 0 0 0 0 1 0 0 0 0 0 0 0
0 0 1 1 1 1 0 0 0 0 0 0 0
0 0 1 0 1 1 0 0 0 0 0 0 0
0 0 1 1 0 0 0 0 0 0 0 0 0
0 0 0 0 0 0 0 0 0 0 0 0 0
0 0 0 0 0 0 0 0 0 0 0 0 0
-0.3565915285
0.2162260448
-2.2359430254
-1.4182338885
-0.0665305533
1.4021128334
1.1037219792
-0.5757971476
-1.1049445727
-1.0559474065
-0.7511069162
1.2673575917
-0.0219078226
-1.5474911590
0.6743259980
1.5340207874
1.3501501769
-1.6303090686
-1.6018853183
-0.7074684059
0.4743878004
-2.1413384800
-0.2402242640
-1.7473803147
1.9497137642
-0.9765918790
-3.2648169145
-2.2244174729
-0.0341322758
-0.7606371881
0.1305875409
1.5546905576
-0.2920188519
1.1318496824
-0.4085099073
1.7744917261
-1.8322387695
0.5869091333
-0.0616776778
-1.5655914078
-0.8570604271
0.0035317965
0.9441051256
-0.5187163675
-2.0537723367
-0.6424850804
-0.1869948128
1.1148575881
-0.4029044690
-0.5648413923
0.4415177721
0.5011667273
-0.1326965214
-0.7298292003
1.7308681189
-1.1486494750
-0.0419784159
-2.7094335070
-1.9192761551
0.3951993698
-0.1731064984
-1.3110280904
0.7882839367
0.9367340796
-3.0255879642
0.2504455139
0.3516227178
-0.3696945755
-1.1115435231
-0.2225293697
1.1435573348
0.9843419186
-1.6551183737
-0.5865689029
-1.1759575774
-0.0180262819
0.6430225607
-0.8872358718
-0.4303681830
-0.2024745527
-1.0558815622
2.2836763929
0.4275028785
0.4329613220
-0.9115267228
-0.9915041127
0.2139314987
0.5190908355
-1.3738864787
0.7723286783
0.5535902383
-1.3070141635
0.4475862617
1.5859045955
1.8563856148
-0.0733282014
0.3284951653
-0.6526724575
-0.3969303224
-1.1017955501
0.7407582806
-0.6441778076
0.2382673830
0.2216294433
-1.5208925519
-0.2225059198
-0.4562513991
0.6651333556
-0.4628829126
1.3953249640
1.1306022929
1.6164691060
-0.0698510483
-0.2840189204
-0.1539304100
0.6121038102
-0.1119889975
0.6475895127
1.7570319273
2.3458287450
0.0102245818
-0.1752654509
0.1694555278
-0.2212832845
1.0581582554
-1.0828944874
-0.3876651072
1.3553062176
-0.2821618604
-0.7126216946
-0.1070017968
1.3697274121
0.2192194518
0.6761613093
-0.0655297476
0.3629789035
-1.3018437557
-1.3951274826
0.0089854945
1.0314630418
-0.2269755023
0.8567910758
2.4179197460
-0.4513837105
-0.1160594618
0.2481036246
-0.9246715955
0.2229519708
0.2287056478
-0.3231918198
-2.6286337604
1.0822937372
0.5500733279
0.5068197074
-0.1570202316
0.2138507587
-0.2952785560
1.1832634907
-0.3380790121
0.3571047287
0.2332288322
-1.3404863534
0.0417606903
1.0400891462
0.8182194768
-0.6122734262
-0.1161049768
1.2322080567
0.5289151352
0.5554325865
0.3910208227
-0.6348995320
0.2690145964
0.4026273605
-0.7689319862
1.2308394032
0.1864035687
1.4563954492
-0.4010630501
0.3788664221
0.1036141295
0.1060293546
0.9049528858
0.1346161553
0.1100070994
0.8307088075
-1.1399178482
-1.2187901010
0.6562345971
1.2004022219
-0.4736204450
2.0159296413
0.7882083642
1.2912309008
-0.0785483061
-1.9801112421
0.0705852248
-0.8265055682
0.0434895639
0.1073478200
0.0377017842
-0.6559623224
-0.5773249341
0.0424364079
-0.1951796242
0.0737931472
1.6630139825
-1.0075618980
-1.4492738118
-1.3369388957
-0.0201138242
-1.7946412258
0.6066722697
-0.5385423512
0.4135925550
-0.9003732313
-1.5155498098
-0.8341330004
0.8157669400
0.6540915359
0.6889348631
0.3160828807
-0.2618246402
-0.6377342641
-0.2446866299
-0.1550497883
1.7493424409
-0.4762850137
0.7070308021
-0.0260578718
-0.0083784101
-0.6790816721
-0.1826976252
0.3087105376
1.0496926880
0.1794464465
-0.1216342566
1.3314662449
0.4027315356
-0.6194675361
-0.2313209352
1.1371177346
-0.5177833332
0.0400370988
0.9633693229
0.0737433286
0.3815065346
-0.5943981428
0.5869660232
-0.3660440714
0.6669149531
1.7959074751
1.1930041683
0.5606876933
0.3459562469
-2.7687885324
-0.4693429341
0.4368669364
0.1690407141
0.0441410543
-0.9460862899
-0.1253407640
-0.6199013747
0.5032335596
1.9145668728
0.0517028809
-0.3430982576
-1.1348960381
-0.1664982825
0.9821623178
-0.0892746352
2.5350784817
-2.5501563583
0.2391069054
-0.0690520733
-1.2082153101
-0.5783267571
-1.7641206997
-0.6756578174
0.0693980653
0.7717204417
-0.9103478588
0.7875219616
0.6980003286
-1.2593580888
-0.4202486976
0.6067440553
-0.1595625469
0.5295070277
0.3302401083
0.5780129041
-0.4258497342
0.1562183634
-0.7667379991
-0.3189077780
-0.2793054631
1.0818516066
-0.2547006108
-0.4188597816
0.3428817138
0.9259093686
0.1933209811
-0.2219401655
0.8518807359
0.6139671230
-0.0478077066
-1.0466649024
0.6313484683
-1.1855263571
0.6529663925
-0.3361245750
0.4052887803
1.4595344299
-0.5313090131
1.2850689373
-0.6141546088
0.6132285630
0.2554960061
0.7463246551
0.0803058838
-0.7605443317
-0.2645708000
-0.8325858229
-1.4099540793
-0.1827790635
-0.8299139164
-0.3046578079
-1.5710616523
0.4258595956
-0.5257446510
0.3019335890
-0.6816473504
-0.1369346732
1.0211305994
-0.3280372399
-0.9512909712
-0.4179053856
1.9757362206
