17 14 0.11
5 0 1 1 0 1 1 2 0 3 0
5 0 2 1 0 1 1 1 2 2 2
7 0 0 1 0 1 2 2 0 2 1 2 2 2 3
5 0 0 1 0 1 1 1 2 2 1
5 0 1 1 0 1 1 1 2 2 1
7 0 0 0 2 1 0 1 1 1 2 2 1 2 2
5 0 0 0 1 1 1 2 1 2 2
7 0 0 0 1 0 2 0 3 1 2 2 2 3 2
7 0 2 1 0 1 1 1 2 1 3 2 0 2 2
7 0 0 1 0 2 0 2 1 2 2 2 3 2 4
6 0 1 1 0 1 1 1 2 1 3 2 2
5 0 1 1 0 1 1 2 1 3 1
7 0 1 1 1 2 0 2 1 2 2 2 3 3 3
5 0 0 0 1 1 1 2 0 2 1
13 4
3 8
2 3
7 14
7 0
1 12
5 13
4 7
0 3
8 11
7 3
8 1
8 0
3 7
0 0 0 0 0 1 0 0 0 0 0 0 0 0 0 0 0
0 0 0 1 1 1 1 0 0 0 0 0 1 0 1 0 0
0 0 0 2 0 1 0 0 0 0 0 0 1 1 1 0 0
0 0 0 1 0 1 0 1 1 0 1 0 0 1 1 0 0
0 0 0 1 1 1 1 1 3 2 2 0 0 0 0 0 0
0 0 0 0 0 0 0 1 1 1 1 0 0 1 1 0 0
0 0 0 0 0 0 0 0 0 1 0 0 0 0 1 0 0
0 1 0 0 1 0 0 0 0 1 0 0 0 0 2 1 0
1 2 2 1 1 1 1 0 0 0 0 1 0 0 1 1 1
0 3 1 0 0 1 0 0 0 0 0 1 0 0 0 1 0
1 1 2 1 0 0 0 0 0 0 0 1 1 1 1 1 0
0 0 1 1 0 0 0 0 0 0 0 0 0 0 0 0 0
0 0 0 0 0 0 0 0 0 0 0 0 0 0 0 0 0
0 0 0 0 0 1 0 0 0 0 0 0 0 0 0 0 0
0 0 0 0 1 1 0 0 0 0 0 0 0 0 0 0 0
0 0 0 0 1 0 0 0 0 0 0 0 0 0 0 0 0
0 0 0 0 1 0 0 0 0 0 0 0 0 0 0 0 0
0.9664459339
1.6397433148
1.1625117152
0.0588115106
-0.5311890975
0.2219985124
-0.6653456488
0.4767365368
0.3220723334
-0.0166222681
0.8406659109
-0.0062523638
1.8904248838
1.0267131205
0.1925412569
1.8923104214
0.9376664646
0.4529087533
-0.7122629481
1.9277220220
1.4057249048
1.2003035613
0.2906884697
1.1462913976
0.9336955126
2.3683024626
-1.0469598536
-0.7709986549
-2.0053796484
-0.6298691348
0.4877077422
0.7811164609
0.2618718048
-0.8962624801
-0.3467115387
-0.8425650640
-0.4358129193
-1.1991684164
-2.0091265357
1.1642517367
-0.9940648584
2.3250168298
0.6718374550
0.9369804348
0.3290657493
0.3672264667
-0.2652470233
1.1488166244
-1.6466805512
-1.1046584508
-1.3589434782
-1.2561850076
-0.4925838496
1.5273758348
0.4886875183
0.6719126104
-0.9878225056
0.7939871838
-0.3437382113
-1.0895292369
0.4128889586
0.0940993700
-1.9200649575
0.9724728925
-2.1652167542
-0.4839457878
-1.9613422331
0.7096433226
0.3026857358
2.2399197020
1.1555686891
0.0758015781
2.4270702345
0.2372309915
-0.8088301373
0.0880428011
2.1357490681
0.3533111043
-0.0244092691
-0.2408269059
0.4798873453
0.3164403383
-0.6519371114
-0.5943305572
1.2165792424
1.5369841468
0.8272483788
-0.2638201458
-2.0122253824
-1.4682471763
-1.7024277482
0.9449433018
0.0742667745
-0.0381824641
-0.5563811764
0.2658085953
0.1758736543
-1.0053509489
-1.6978808874
-0.4113185740
-0.9449182349
1.4755526411
-0.2175108392
0.1902577969
1.8219699275
0.2338018249
0.5373492513
0.0967654128
-1.6739399110
-1.0232766244
1.0345732642
0.2005397102
0.6266272832
-1.0745479451
-0.6335115934
0.0024349709
-1.3309054414
-0.1965427810
1.8160673018
0.0975723530
-0.1251430966
-1.1519513711
1.4169276840
-1.7346799068
1.7304893903
0.3650225245
-1.1763835702
-1.4188817815
1.5969167336
-1.1867593329
-0.1186610457
-0.8295434224
0.8032431708
0.5841090925
-0.3233196046
-0.9234803851
-0.3132942517
0.7063274050
0.4450545035
-1.0936900424
-0.1245980586
-2.3863541403
0.8894325132
1.8822079983
0.5961559791
1.7397978969
-0.0217332876
-0.4925905563
0.3088955107
0.4068534412
0.3803683283
-1.1218926796
-0.9897693263
0.4928277603
-0.2563496901
-1.6717994262
0.2386294240
0.2189123757
-0.8478440048
-0.2225832082
1.6562224154
-1.0636928026
1.0191047391
1.1047350069
1.5908851692
0.8227308483
0.9011363374
-1.1576529925
0.1294870280
1.7243896179
1.1234447033
0.7067342259
-0.8301001148
-1.1209013134
1.9374645915
-0.5221568696
0.3326411607
-1.0439572773
-0.5735955232
-0.6663176988
0.0741610884
0.1978384878
-1.8966922127
0.3260451298
-1.4906231534
0.0534119344
1.5306478636
-0.2175237403
0.2978780812
-0.7876753809
0.4801327864
-0.8577636218
1.7965633312
0.6854883756
0.1497695855
-0.6365022478
-0.4446185304
-1.4439889325
-1.0550149813
-1.6726734702
0.8782071038
-1.2853865402
0.5575982829
1.5423732617
0.3197529277
-0.9385698346
1.4100834051
1.4609155187
-0.2944696778
1.2143511708
-1.4741197272
0.8965629942
0.2895525392
1.1968211608
1.6077811388
1.6680118460
0.2856889939
-0.9660646909
-0.1882401866
-0.1599909964
0.1573545376
-0.0116215279
0.4132012689
-1.9530953152
-1.3161358897
0.1227881306
-1.2207943899
-2.3547968135
-0.2080746815
-0.9604368416
1.2777952074
-1.9170461278
-0.0042413734
-0.1218650515
0.1954864153
1.1699180503
-1.0568168538
-1.1535634676
-0.8643405972
0.7686537862
-0.3294215072
1.2633269048
-0.4147875259
2.6843403899
0.4186213033
-1.6935432113
0.1023131442
-0.9648021486
-0.9900622196
1.5056426237
0.7963082098
-0.7493477272
-0.2772591943
0.8810261728
2.7839326286
-0.4891899386
-3.0393571138
-1.8839006904
0.5488542853
1.4052548653
-0.6208915543
0.9327873112
1.1858246639
1.3802362120
-0.7920463912
-1.1974184573
-0.8302651776
3.3151792022
-0.5241807456
-0.3243451211
-2.2871489866
-1.1495957384
1.0657415528
-1.1360234563
-0.4077777486
0.0956855587
0.1906740572
1.7855596200
-0.3745767710
0.6541447364
0.1738490860
-1.5003646936
-1.4623497453
0.2963760641
0.7211077765
1.4276204572
0.9142611989
0.2440892826
0.3832874270
3.8711575007
-1.0446343743
0.1148869588
-0.5070558966
0.5287216532
2.0483138879
-0.2855781733
0.3537158254
0.3010949391
0.3538138619
-0.1595543614
0.6491335917
-1.6943016122
-0.2974195704
1.5607588279
0.5634360495
1.9299810588
1.6479482773
-0.3977698525
0.1380059804
0.5340255919
1.6491231783
-1.6397651986
-0.5322304489
-0.0360346993
1.1987828375
-0.4735477122
-2.5880362949
-1.4049458018
0.1788223009
0.7494318490
0.7212041842
0.8776214753
0.7068696226
-0.2432987278
0.3555797261
-0.8298592148
-1.4661082594
-1.9528094325
-0.7891477130
-2.0044613330
0.6751850114
-1.8935272447
-0.2353207802
-0.3079378770
0.7003604346
1.6367627746
1.2644246587
0.3042152976
0.1500757211
-0.6021509699
-0.1502196369
0.3360600208
-0.8950957112
0.2272078298
1.2958110229
1.4923221452
-1.2892687826
-0.9178971097
-1.4561354380
1.5201156980
0.2477871938
-0.2130103706
1.6871020099
-0.9408801984
0.6916434694
0.3740876226
-0.0902701279
-0.4245595532
1.5348101104
-0.5514386681
-1.0178338524
0.6960636510
0.8240386097
1.7875419871
0.2082215926
-0.0124758210
-1.0025777820
0.3796918305
-1.2503607282
0.0302749701
1.1308671822
-1.0587590329
-1.2798752652
1.5995409846
-0.5513624928
0.0993805933
-1.6939287154
-1.1261625974
0.0668832280
-1.5463717053
-0.6695220139
-0.9972966075
0.6095106458
1.1032778024
-1.6357858719
0.2676435978
0.6384366583
-1.7540096009
-0.0797871548
-1.1661617152
-1.2447778413
0.3233230270
1.3096721281
-1.4558980773
1.2876110973
-0.0198998346
-0.7592029096
0.9458747407
-1.2095697278
0.1024324935
-0.9250188294
-1.8794316213
-0.4333956818
-1.4610918622
0.0595783429
-0.7923419842
0.1698577360
0.4410173246
-2.4682689773
1.0329379967
-0.1790816642
1.3691913556
1.0603713986
0.2520091256
0.4329877773
-0.4141154910
-0.6500207495
-0.0213467141
-0.9942252984
1.1420245734
-0.3475125623
-0.3119207957
0.5329554458
-2.2844388746
-0.3240152239
1.3798145450
-0.6786493564
0.1570293612
0.1161786488
0.7296489134
0.8363618758
1.5264935342
2.0947303775
0.7116804975
-0.7192915545
0.7488223191
0.1799948586
1.5543111978
0.8182591428
-0.5085574620
-0.0833348295
0.5134947031
-1.0970143656
0.5764767640
2.6571261637
-1.1832284308
1.7156979382
0.6325311032
-0.3944380210
-1.2009218824
-0.0795482804
0.2554852310
-1.7022816051
0.2747220730
0.1151391023
0.7617206919
-0.9215497517
-0.8615537861
-0.2580074086
1.1714479161
1.7102639315
0.8811734841
0.3671445832
1.4176482388
0.0376960024
0.7478252602
0.6878052816
1.6346856622
-1.0023308838
-0.1038866524
-1.2152853814
-0.8908069339
0.7384471302
-0.0787579287
0.3758725820
0.1583398244
0.8657988077
-0.8080764568
-1.1121421779
-0.4195073858
-0.9239976638
-1.1919273376
-0.1289035546
-0.1608778636
0.7252781001
0.1104037581
-0.9631697871
0.8244695330
-1.7281508348
0.5278028987
-1.4709028159
1.1538008970
0.3152692660
-0.7523717264
0.3128977792
0.2084263003
-0.7410308303
1.1649233551
0.3960539414
-0.6842497457
-0.7701282554
-0.7221181017
-0.2384211676
-0.5745636726
1.1806444434
-0.4373868041
-0.1181057974
1.4103115945
0.5399318034
0.4752466426
-0.2997740101
0.2542237195
0.7155001651
0.1123946986
-0.7773057160
0.1441378566
-0.4993906145
-1.9235088075
-0.1242994165
1.3499540233
-0.4347256492
-1.4229395612
0.1871316952
1.0560571344
2.2681057510
-0.3850734536
-0.3611268075
0.3010141445
-0.6236655954
0.7911938489
0.5483699468
0.3480340435
-0.1847136958
0.2287323086
-0.1452686440
1.1574078865
0.6393873575
-0.3317238701
-0.9942901336
-1.4650892286
0.3836888497
0.4414552043
0.1099092257
-0.5807912800
0.2552759439
-1.1234283517
-1.5174131625
-1.0138156388
1.3774484374
-2.1079927849
-1.3460109520
0.0957760140
-0.8616027710
1.6885368308
-0.8891657064
-0.6104892929
1.1124757204
0.9835752383
-0.4563860579
0.3379311068
0.0047090770
0.8562236829
-1.9410935292
2.0716375146
1.6662753060
-1.6029600766
0.2210322616
0.7961734184
-0.7118010331
-0.0748950758
1.5308462507
0.8460985384
0.3881460898
0.9752524007
0.5856400205
0.0582035867
-0.2659219407
0.6387590256
