12 5 0.18
5 0 0 0 1 1 0 1 1 2 0
5 0 0 1 0 1 1 2 1 2 2
5 0 0 1 0 2 0 2 1 3 1
5 0 0 0 1 1 1 1 2 2 1
5 0 0 0 1 0 2 1 1 2 1
9 1
1 8
1 5
6 7
3 0
0 0 0 0 0 0 0 0 0 0 0 0
0 0 0 0 0 1 0 0 1 0 0 0
0 0 0 0 0 1 0 0 1 1 0 0
1 1 1 0 0 1 1 0 0 1 1 0
0 1 0 0 0 0 1 0 0 0 0 0
0 1 0 0 0 0 0 0 0 0 0 0
0 0 0 0 0 0 0 1 1 0 0 0
0 0 0 0 0 0 0 0 1 1 0 0
0 0 0 0 0 0 0 0 1 0 0 0
0 1 1 0 0 0 0 0 0 0 0 0
0 1 1 0 0 0 0 0 0 0 0 0
0 1 0 0 0 0 0 0 0 0 0 0
0.3651383781
1.1894259644
-0.5862255795
-0.1858068451
1.8099631255
0.3046130909
0.6587657679
0.3380850282
0.3724396825
0.8609969541
0.0909296080
0.0791610876
0.8579049091
-1.6061594223
-0.0204587121
-1.8726672099
1.2090980671
-0.9463830976
-1.0174836684
0.0496136351
1.8501620418
0.6686987352
0.6705656437
-0.3154052025
0.5545870464
-1.4443401477
1.3994355056
0.6221601667
-0.8881124698
-0.3315517281
-0.0931450067
1.2400385053
0.2740857005
1.7158079147
-1.4532805847
-0.9101610128
0.1292806625
0.7115225603
0.6153956105
-0.0880969813
0.0136384657
-0.5807615149
1.4341587519
0.0680076853
2.2111702079
-0.7083449140
0.3866041482
-0.6877445534
-0.3223799956
0.3707620645
1.4313346462
-1.1265764194
-1.5116459494
-0.0390953554
1.5629007819
-0.1597228986
0.3027914394
2.9917668888
-0.0689764129
1.9784116426
-0.0212524445
0.2473436279
-0.8506168800
0.3427645855
1.1696756954
1.0002357458
1.4267191692
0.2979274340
0.2344583295
-1.1551106385
-1.1131432529
-0.2947962994
-0.3065729336
-0.1284233553
1.6146464667
-1.3150182181
-1.9104273628
-0.8540781463
3.0590703952
0.9866258138
-1.3169594014
-0.7725069874
1.7530243126
-0.2093138434
1.8938079513
0.8717840308
1.4095305498
-0.8111598101
-1.3411595237
-0.5275377506
0.8188180915
-0.3355002340
0.9429683139
-0.0257462903
1.1231733957
-1.3039973542
2.3904225112
0.0623944550
-0.4455086283
0.3191929656
-0.9665270693
0.6560307530
1.7716188047
-1.6597136003
-1.4631044831
0.3361222158
0.4106370451
-0.1293989147
0.9384329922
0.3838850998
0.4865845374
0.6854482868
-0.2213529291
-0.4430617919
0.8483927217
0.8184170502
0.2523831333
1.1757171235
0.5658632894
0.0337753873
0.0062019264
0.4772915031
1.0929653166
1.0214659604
-0.7300574271
-0.1480767742
0.3730753900
0.9162877253
-0.7067505888
-0.6859612351
0.4884978697
-2.2718226000
1.2287198018
-0.9094296081
-1.3753142098
0.0587792039
1.7927774451
0.0514626451
1.1569810099
-0.7942526217
1.2671769876
0.5654914155
1.5990348925
-0.1777003560
-2.2243828288
-0.2087537864
-1.8526234892
-0.8896969709
-0.8176273882
-1.1198184618
-0.8000626548
0.6052210897
0.3112793399
-1.2031922884
0.0329844832
-1.9675776814
0.2327095095
-0.3203604701
-1.6594107716
1.3231696430
0.9398981879
0.3155852060
-1.6589748950
0.1595297109
-0.2729328470
-0.3325862729
-0.1775590839
-0.4099250985
0.4928853795
0.0727671543
1.0304725485
1.3335520732
0.3404807693
-0.2219090968
-0.1601384603
-0.9788847150
-0.6663072551
-0.4004138241
2.6921187300
0.1991572164
-0.1452744463
0.6588109735
0.6867559517
-1.3965339505
-0.7138325937
0.8267738882
-0.5332810405
0.1430120190
0.1136709121
0.9735229963
0.0547000274
1.2230904228
0.0595568714
-0.2787749015
1.2401126750
0.4593173913
0.2480274365
-1.1071892357
0.5119410180
0.8174207537
-1.1912177845
-0.4629301138
1.2059271628
-0.1581578469
-1.1717150654
0.7121662990
-0.3859999357
-1.2404469562
0.7198276520
0.5894530766
1.3364084006
0.6224231463
1.8468618541
1.2614383551
0.7378245782
0.4548075216
0.0874448285
-2.2014301527
0.0931001188
-0.3710299618
0.7680602655
1.1642734356
-0.9457430274
-1.6137843401
2.1843099919
-0.8882688003
0.8388870422
-0.3853781316
1.0532931254
-0.9112804367
-1.0974307788
-0.6204527263
-0.4698132473
1.0060361484
-0.0695902276
1.0360826864
-1.2532018156
0.3544716102
-0.0289439350
-2.1437046627
0.6299823446
0.1562342046
-1.3867344100
-0.9512534161
1.8456644944
1.3632331189
-0.7256775709
-1.1165313271
1.0005833529
1.7099915404
-0.6329235509
0.5164907168
0.2858713644
0.4059765705
-0.1493805607
-0.6121245900
-0.0349682734
-1.0478017927
-1.4970308298
0.4207110764
-0.4508516502
-0.2140628429
1.1302112434
1.6795401981
-1.4441430243
-0.0397206212
-0.4363452695
1.3699255046
0.3972723271
-1.2277050948
0.6707918590
-0.2373626453
-0.0755689648
-0.1647503168
-1.6212679602
0.9288133956
0.4755105964
-1.6426942622
-0.2377557500
0.7418392283
-1.1067722388
-1.2204263363
-0.4827370589
1.2022423542
-0.8500526534
0.0085269272
-0.3295809529
2.5543720637
