12 2 0.13
28 0 2 0 3 0 4 0 7 1 1 1 3 1 4 1 5 1 6 1 7 2 0 2 1 2 2 2 3 2 4 2 5 2 6 2 7 3 2 3 3 3 4 3 5 4 2 4 3 4 4 4 5 4 6 5 6
36 0 5 0 6 1 3 1 4 1 5 1 6 1 7 2 4 2 5 2 6 2 7 3 3 3 4 3 5 3 6 3 7 4 3 4 4 4 5 4 6 4 7 5 0 5 1 5 2 5 3 5 4 5 5 5 6 5 7 6 0 6 3 6 4 6 6 7 2 7 3 7 6
4 0
3 4
0 0 0 0 0 0 0 0 0 0 0 0
0 0 0 0 0 0 0 0 0 0 0 0
0 0 0 0 0 0 0 0 0 0 0 0
0 0 0 0 0 0 0 0 0 1 1 0
0 0 1 1 1 0 0 2 1 1 1 1
0 1 0 1 1 1 1 1 1 1 1 1
1 1 1 1 1 1 1 2 1 1 1 1
0 0 1 1 1 1 0 1 1 1 1 1
0 0 1 1 2 2 2 1 1 1 1 1
0 0 0 0 1 0 1 1 1 0 1 0
0 0 0 0 0 0 1 1 0 0 1 0
0 0 0 0 0 0 0 0 0 0 0 0
0.2408890056
0.4755730390
-0.4562470873
0.8523590283
-1.8373767609
1.0563222982
-1.6403829886
-0.9867557529
0.5421728591
0.9821591976
-0.3053049279
-2.1820717264
0.9366909745
0.7489293080
-0.7988802167
0.2341582067
-1.6602215234
0.6967853442
-1.1760753965
-0.1212599392
0.9356325432
-0.8427953931
-0.5042140527
1.2943989730
-0.7095827273
-0.8561045151
0.8211985411
-0.1520262495
-0.5656550639
1.9913834191
-0.1602757663
-1.5424120166
-1.2081977400
-0.2554703430
-0.1148419601
0.2269330105
0.2918171894
1.5981695182
-1.7080901679
0.4335037292
0.1599913561
1.3410281684
0.4982725573
1.4237001948
0.7435002187
0.8472937196
1.7979497138
-0.1650659549
-1.1621881957
1.1621527623
-0.5488771568
-2.7475316445
0.6235963094
0.4869008779
0.5355714144
-0.0691835371
-0.1225572121
0.8689785084
1.4353418738
-0.3651564896
0.0054973079
-0.4694282006
-0.0014096539
0.0548039021
0.0093198237
-0.8926421657
0.7371798220
1.1101996989
-0.9084322654
0.8249215837
0.9408260872
-1.8799251671
1.3290659472
-0.6507905776
-0.4563499160
-0.0149109882
1.2010256833
-0.1771497741
-0.3767935517
-0.9204291507
-1.6588975404
-0.8651527150
-0.6814637397
-1.2662668144
0.1169029919
-1.3897409657
0.0060452630
-1.3578119026
0.2693804501
1.0278589636
-0.9123963188
0.0333199602
2.4400564944
-0.0449033450
0.2912213454
0.2410725588
0.0706005611
-1.4142223777
0.3631346608
-0.0990651232
-0.4968284584
-2.0412504186
0.2552719061
0.8683002100
-0.2449364335
0.9276973784
0.2588612580
-0.0339026800
-0.8678082432
0.5032896574
1.5972863700
0.0672733545
1.2967120892
-0.4152187675
1.8735603567
-0.5931635768
0.6469106119
1.4248766847
-1.6329111732
1.0198002514
-0.7664338391
-2.9088790703
0.3994887374
2.1661761295
-0.2658583986
-0.3818499471
-1.1277567105
1.1990201280
0.3525649756
-1.0930192513
-1.7577335438
-1.4357385420
1.9538645685
-0.2692573759
-0.8432747406
-0.7947992361
-0.0127975047
0.3015395890
-0.9103752339
-1.0074409761
-0.9197967582
-0.5647995610
-0.7496035868
0.4432568624
-1.2640086557
0.1750997064
-1.7254910375
0.2640877616
0.9368574742
0.2784393796
-1.0073932754
1.4385539725
0.2106391614
-0.4829144387
-0.5939233722
0.5664424845
-0.4657499354
-0.2130561981
0.1146983064
-2.1295364314
0.5740815863
-0.1883871471
-0.2572504451
0.0774499049
-0.1023233730
-0.4479011892
-1.0019063094
-1.7269583522
-0.7423397039
-0.3369547988
-0.2083468541
0.0026771814
-0.6730332924
-0.7132808744
0.5053722152
-0.3615393076
0.6595014005
0.6810547505
0.5717007380
0.6800482148
1.3478550655
-0.0948991494
1.3103355883
-0.2560576116
-0.4477955118
1.2505143476
0.6706344642
-0.0892897131
0.4978009369
-0.1603429083
0.1809164359
0.0783030671
2.0919240014
0.8753631270
0.0371009036
-0.3627629191
0.7807226459
0.3632998412
0.7956922138
-1.0614522695
0.5055072013
-1.1520531528
0.5227298312
-1.2127817374
0.5960250116
0.5221205585
0.7558274839
-0.8283935534
1.0327949525
-0.1222278348
-0.2268620958
-0.3192408421
-0.0730033108
-0.6986527036
-0.7875500653
0.9213652605
-1.0422545878
1.8029017582
1.8563850083
1.1301291453
0.5822049809
0.0405038583
-1.8003665829
1.4722215848
-0.0675185852
0.1926368863
-0.4936945280
0.9714064476
-0.5646916082
0.0530196677
-1.0731661760
-0.1324933252
-1.2534206631
0.9151000505
-0.4875067468
1.4527388264
0.2425853452
-0.0580386630
-1.2892898169
1.2849960254
0.3303699710
0.1014987999
-1.0869965387
-0.5946605185
1.3334294200
0.5996921017
-0.1415670040
0.2261573772
0.2130743517
-0.9284577430
0.2659565193
-0.5240833713
-0.2431882454
2.1605738909
0.5903920739
-0.2146643651
-1.5241679532
-1.7380668992
-0.6221389978
-0.3423066960
-0.3123354147
-0.4193216464
1.2794687393
-1.1941225161
-1.3755724837
-0.2115146860
0.5352182124
1.2239226011
0.0421572011
1.0751997829
-0.7742673525
0.4695615140
-0.3802913308
-0.8543714413
0.2726206787
-0.8375365732
-0.6319185121
0.8672090046
1.2618666770
2.3647586323
0.6289824051
1.6092375869
0.7599014481
-0.3480418857
0.3805696462
0.6842623114
-1.1554938301
0.2317025672
