17 12 0.04
5 0 2 1 1 1 2 2 0 2 1
5 0 1 1 0 1 1 1 2 1 3
5 0 2 1 0 1 1 1 2 1 3
5 0 0 0 1 1 0 2 0 2 1
5 0 0 0 1 1 0 1 1 2 0
5 0 0 0 1 1 0 1 1 2 0
5 0 0 0 1 0 2 1 0 1 1
5 0 0 1 0 1 1 2 0 2 1
5 0 0 0 1 0 2 1 1 2 1
5 0 0 1 0 2 0 3 0 4 0
5 0 2 1 2 2 0 2 1 2 2
5 0 0 0 1 0 2 1 0 1 1
3 8
12 3
0 7
9 4
0 2
7 11
8 10
7 9
0 12
10 15
8 12
11 2
0 0 1 1 0 0 0 0 0 1 0 0 1 1 1 0 0
0 0 1 1 0 0 0 1 1 1 1 0 0 1 0 0 0
0 0 1 0 0 0 0 0 0 0 0 0 0 1 0 0 0
0 0 0 0 0 0 0 0 0 0 1 0 0 0 0 0 0
0 0 0 0 0 0 0 0 0 1 1 0 0 0 0 0 0
0 0 0 0 0 0 0 0 1 1 0 0 0 0 0 0 0
0 0 0 0 0 0 0 0 0 0 0 0 0 0 0 0 0
0 0 0 0 0 0 0 0 0 1 0 1 1 0 0 0 0
0 0 0 0 0 0 0 0 0 1 2 2 2 0 1 0 0
0 0 0 0 1 1 0 0 0 1 2 2 0 0 1 0 0
0 0 0 0 1 0 0 0 0 0 0 0 1 1 1 1 0
0 0 1 1 2 1 0 0 0 0 0 0 0 0 0 1 0
0 0 1 1 1 0 0 0 0 0 0 0 0 0 0 1 0
0 0 0 1 1 1 1 0 0 0 0 0 0 0 0 1 0
0 0 0 0 0 0 0 0 0 0 0 0 0 0 0 1 0
0 0 0 0 0 0 0 0 0 0 0 0 0 0 0 0 0
0 0 0 0 0 0 0 0 0 0 0 0 0 0 0 0 0
-0.9571413220
-0.8060005436
-2.1076154084
1.7926016718
0.5860705025
0.4368146433
0.2733581970
1.5159765106
0.4947090386
2.1644584403
0.5000420656
1.3252427053
-0.5697565308
-0.7511444090
1.4851405654
0.5639110584
0.5707173076
-0.5449583199
-1.3397020889
-1.7527159371
0.1943320890
-0.3049602695
-1.9183417152
0.6461225674
1.1376226956
0.1847710520
-1.0707544080
1.4220887812
-1.0424728944
-0.4122751838
-1.8661844878
-0.2840020836
0.5990732329
-0.1568252360
-2.4049771227
-0.3561601206
-0.5480210718
-0.4990038188
2.8988622331
-1.2981857852
0.2664076300
0.3947717702
-0.3899413148
-0.0600058296
-1.1252642016
1.7709587694
0.5963759671
-0.9223987423
1.0688063691
0.3323859571
-0.5435135837
1.2712893347
0.6503724055
0.2263103502
1.1935545692
-1.2750883158
1.1997075919
0.2521619073
1.7811768326
0.3415526662
0.7024675600
0.9271252898
-0.4764500877
0.4206219270
-0.8043548167
0.2773690330
0.3099102008
-0.2332580646
0.6490830684
-0.5386522553
-0.6252922729
0.4320398435
-1.4660752562
-0.5093064254
-0.5569395666
0.3235359366
0.3675685628
-1.1375781858
-1.9769844018
-1.0520122416
0.6566787687
-1.4151901411
0.1532170725
0.5394038671
2.2282754677
1.9223807494
1.5886779949
0.3829494626
-0.8525247941
-0.2061596777
0.6898026660
-0.3241228718
-0.7723410964
-0.2505582564
0.8443605328
1.2270937664
-0.8442912707
0.4350458879
-0.9807943323
-0.2323790904
0.1072693674
0.2888585638
0.4221623558
-2.3290755561
1.0877587239
-2.1534094502
0.1844569438
-1.0305311921
0.6197364808
0.0004317672
0.2430997419
0.4808333157
-0.3987437276
-0.5430083754
-1.3380022803
0.5741293086
0.4715386388
1.5718902162
-1.5410008428
-0.2471978747
0.3711546188
-0.6740058895
0.5031830775
0.9306388284
-0.4353503711
0.3336556604
0.9604872137
2.0166070518
-0.6841472756
-0.7594496608
1.0291993975
-0.1847905862
0.1001550664
0.6293503086
2.2710525180
-1.4790532387
0.1764584398
0.8650863652
-1.3491904099
-1.0494254998
1.0094397452
0.0412558621
0.9936300990
-0.9380602299
-0.6306372492
-0.6904737908
-0.1046689560
-0.4006179340
0.0823859929
-1.5414760540
-2.4964322698
0.8824188374
-3.2814451365
0.0730213872
0.1968519825
-0.3172043232
0.6392606173
-1.8336859950
0.0484139639
-0.4181377872
0.1092614028
-0.2999213646
0.7443318178
0.2041632113
2.1338939545
1.6777744030
0.9780090329
1.1563032629
1.6561507048
0.5875424429
-0.7154170987
-1.5249999920
-0.2594517317
0.1823423813
-0.4930785217
0.4476773228
-0.2722003939
2.9212474179
1.6296110946
1.3268227997
0.3992858073
-0.2535661676
-0.2624237998
-0.3471853359
-0.5831740323
-0.0595781867
0.5060678802
-0.1512086917
-0.7219825472
0.3438121467
-0.2949407444
-2.1774289865
1.5472074991
-0.3384703930
-0.6597652577
0.6858533447
-0.4334789864
-0.7646744031
0.6937185367
-0.7686633893
-0.3199193919
-1.2435861706
1.3019229948
2.0813816662
-0.6129926850
-1.2188802835
-0.1865726625
-1.7869452182
0.3429230136
0.1836943420
1.0642701247
0.7367478557
1.4377340214
0.0559251747
0.3080244454
1.1957289415
-0.5560786928
-0.4949909993
-0.3858737950
-0.8459390302
-0.5501333747
1.1296573987
-0.4307897791
0.5769225039
0.7060515639
-0.7783052225
-0.7874508906
-0.0829739660
0.1508391572
1.7675104373
0.8919601887
0.7040055341
0.3511010547
0.5908869699
-1.3320127448
-1.5146606124
1.6993112534
-0.2732191528
1.0131869232
3.2032593579
0.5541193822
-1.9613072794
-0.0036046987
-0.6375602016
0.0321853088
-0.2683567557
1.0346554865
1.8022108451
1.7128599961
1.0751028067
-0.2319984080
1.2047804071
0.0672804784
-0.5641921291
0.2298159405
0.8451791151
-0.2747482652
-1.2587219603
1.4102694440
-0.1470617013
0.4257140492
-0.3544755911
-1.1307260463
-0.4423506579
-0.6750029888
-1.5538120166
0.4076331312
-0.5446345590
-0.1024700359
-0.6610345967
0.2979404940
-0.7636250620
-2.3156602274
1.2342284111
-1.0180188732
0.8718941308
-1.4358259386
0.8391680830
-1.4776021258
-1.1372796739
0.3241019464
-0.7265739442
-1.0125066464
-1.0907195129
0.3972033234
-0.9492568462
-1.1707704997
-1.0983726597
-0.2756220318
-1.0634728668
0.4200630350
1.3709632752
0.7385629270
2.0103902452
-0.2996911297
-0.0927953533
-1.4926635064
0.2935514837
0.4666469325
0.9079781505
0.0576903819
-1.3018151415
0.2581853587
0.3141710566
0.7128370830
0.2463017965
0.4148782014
0.8903228263
0.6666872713
-0.1968494309
0.6363480616
-1.0963183733
2.0818536154
-0.5727731634
0.9775986456
-0.5907197418
-1.2772257771
-1.4835728223
0.4090356238
-0.5799054696
0.5745486744
-0.2768206599
-0.0924401458
-1.6682085658
1.2441231361
1.0601611494
0.1527985203
1.3892661386
0.7629405031
0.2715676705
1.5933123151
0.3891954610
-1.1798938850
0.2673254993
-0.4944106214
0.5574701691
-1.2974730582
1.4039566038
-0.7057045625
0.2866339067
0.3050572779
-0.9845674616
0.7246293356
0.0713704695
1.1485076733
0.9921357896
1.1140788488
0.2201252932
1.8599359980
0.6617247018
-0.1811447242
0.1202698340
0.6898962446
0.6806461009
1.3939037686
-0.4540633839
-0.0237737100
1.3176816381
1.2513260973
-0.1812154766
0.1217820074
-0.3638626040
1.3097705241
-1.1136139687
0.2165542213
1.7726403245
-2.2217634202
2.4184466921
1.2525328710
-1.1089931888
-0.8234749523
0.6784737358
-0.3927549674
1.6568528095
1.3830635630
1.1379757282
0.3625071972
-0.1659678544
-1.2572852810
0.6611018920
-0.7735633276
-0.0503794214
-1.1908607644
0.3394544360
-0.2394461749
-0.6407457432
-0.5589604135
0.5705657533
-0.5154094273
-0.8659100578
-0.0708209544
-0.4784049692
1.9415218669
-0.4417145271
-1.3281722877
1.5856392941
1.1780581417
-1.5226780247
-0.6097873773
0.8631227499
1.2354226780
-1.2754745948
-0.6746561205
-1.0387364484
1.3719721246
1.2077875481
-0.4797962292
0.9657710426
0.2798133908
0.0952564975
0.5305408480
0.1503184249
-0.8808987218
-0.1362876410
-0.4155190398
1.1727110519
1.8236440887
-0.5188452460
0.9697177564
-1.2637878473
1.0720417896
1.2957094949
-0.5604347179
-0.4468872708
-0.4632518890
-0.7303566893
0.4899852578
-0.4763666442
-1.6432295474
-0.5817151658
0.6620839070
2.1122781936
0.2746483871
-0.5484296516
-0.7334552586
0.2509016121
0.8260173498
0.5243361454
1.9446761929
0.9998756889
0.3679364632
1.7954681967
0.6934597558
-0.6349346869
-1.0099522953
-0.9306103429
-2.2890630095
0.9128834219
0.5257214986
1.6188774423
-0.8078936823
1.7144618512
0.8600189635
0.7998605488
-0.5052825956
-0.2749964449
-0.7128236734
0.4377129209
0.7504372306
0.0379289910
1.0288518028
0.5093287389
1.0525828917
1.1715581466
-0.5816707788
0.6501255000
-0.4831242095
-1.1395718640
0.7695973475
0.1609626726
0.8993721010
0.5882687665
0.0899441027
-0.0623018394
1.7417462172
0.5685526838
0.0265285283
-0.5590973158
-0.4995921804
-2.5015074998
0.0423369792
0.1793919424
0.3357381167
0.1347095667
1.4503183202
0.0362583182
0.3130119281
-1.7729537781
0.5059413551
-0.6691138430
0.2064711685
-0.2439472198
0.8405592919
0.3703645513
0.4498731330
1.2387764175
-0.0872895033
-0.4257099054
-1.0849111883
-0.0291847617
-0.3292518220
0.6122863911
-0.1843205264
0.4221932600
-1.4016375955
0.2180781722
0.3063216087
0.2138648636
-0.2811568794
0.4854566477
-0.1296560012
0.3205070266
-0.5406972484
-1.0175868096
-0.8253795680
0.5144170299
1.5634586243
0.4853355011
-1.1559615487
-0.5335223649
0.0504830740
1.6682525845
0.0659362519
1.0624361910
1.6682820970
-0.1340503784
-0.4392065824
-0.8861874148
0.1748636494
0.3738099209
0.9348120973
-1.7216977341
-1.3139851291
-0.8581872956
-0.3073829328
1.0636333062
-1.1173337412
0.1992207162
0.4875971457
-0.3381267659
0.0967740564
-0.7290872576
0.3402200699
-0.6485914190
-0.9718738120
0.0324470666
0.3882642545
0.5764999327
0.1369805101
-0.3986394344
0.4283167666
0.0552402492
-0.7566846049
-0.7578202497
0.8670846580
-0.5261265735
-0.6110636735
0.2964279212
-0.4611895846
0.2633228769
-0.0965485030
-1.6445996631
0.5649991348
0.7421118895
-0.7946367940
-0.4028578774
-0.4704308209
-0.4304877518
-0.4330962276
-0.2100019828
-0.1536576935
0.6326757429
-0.9133737442
0.4822555055
-0.6778746744
1.2042594968
-1.6897123461
-0.8701198367
