19 11 0.05
17 0 0 0 1 1 1 1 2 2 0 2 1 2 2 3 0 3 1 3 2 3 3 3 4 4 0 4 2 5 0 5 1 6 0
17 0 0 0 1 1 1 1 2 1 3 2 1 2 2 2 3 2 4 3 2 3 3 3 4 4 3 5 2 5 3 6 2 6 3
16 0 4 1 3 1 4 2 2 2 3 2 4 3 2 3 3 3 4 3 5 4 0 4 1 4 2 4 3 5 2 5 3
14 0 2 1 1 1 2 2 2 3 2 3 3 4 0 4 2 5 0 5 1 5 2 5 3 5 4 6 2
17 0 1 0 2 1 2 1 3 1 4 2 2 2 3 2 4 3 2 3 3 3 4 4 1 4 2 4 3 5 0 5 1 5 2
15 0 3 0 4 1 2 1 3 1 4 2 3 3 0 3 1 3 2 3 3 3 4 4 2 4 3 4 4 5 4
16 0 0 1 0 1 1 1 4 2 1 2 2 2 3 2 4 2 6 3 1 3 3 3 4 3 5 3 6 4 4 4 6
15 0 3 1 3 2 2 2 3 2 4 3 1 3 2 3 3 3 4 4 2 4 4 4 5 5 0 5 1 5 2
17 0 0 0 1 1 1 1 2 2 0 2 1 2 2 2 3 2 4 3 0 3 1 3 2 3 3 3 4 4 1 4 3 5 1
17 0 1 0 3 0 4 0 5 0 6 0 7 0 8 1 0 1 1 1 2 1 3 1 4 1 5 1 7 2 1 2 3 2 4
14 0 2 0 3 1 0 1 1 1 2 2 0 2 2 3 0 3 2 3 3 4 1 4 2 4 3 5 2
11 14
12 14
4 2
9 12
7 14
5 6
5 3
13 8
9 13
5 7
6 10
0 0 0 0 0 0 0 0 0 0 0 0 0 0 0 0 0 0 0
0 0 0 0 0 0 0 0 0 0 0 0 0 0 0 0 0 0 0
0 0 0 0 0 0 0 0 0 0 0 0 0 0 0 0 0 0 0
0 0 0 0 0 0 0 0 0 0 0 0 0 0 0 0 0 0 0
0 0 0 0 0 0 1 0 0 0 0 0 0 0 0 0 0 0 0
0 0 0 1 0 1 1 0 1 1 2 1 1 1 1 1 0 0 0
0 0 0 1 2 1 1 2 2 2 2 1 2 1 1 0 0 0 0
0 0 0 0 2 2 2 2 1 2 2 2 1 0 0 1 1 0 0
0 0 1 1 2 1 2 2 2 2 2 0 1 0 0 0 1 1 1
0 0 0 0 1 1 0 1 1 2 2 0 1 2 2 0 1 1 1
0 0 0 0 0 0 0 0 0 0 1 1 1 2 2 1 1 1 1
0 0 0 0 0 0 0 0 0 0 0 0 1 1 3 3 2 2 0
0 0 0 0 0 0 0 0 0 0 0 0 0 1 4 5 3 1 0
0 0 0 0 0 0 0 0 0 0 0 1 1 0 3 2 3 1 0
0 0 0 0 0 0 0 0 0 0 0 1 1 1 3 3 3 2 2
0 0 0 0 0 0 0 0 0 0 1 1 1 0 2 0 2 1 1
0 0 0 0 0 0 0 0 0 1 1 1 1 0 1 1 0 1 0
0 0 0 0 0 0 0 0 0 0 1 0 1 1 1 0 1 1 0
0 0 0 0 0 0 0 0 1 1 1 0 0 0 0 0 1 1 0
-1.6748595436
-0.8883984445
0.4396174892
0.0978994264
-0.1031381561
-0.1536935515
0.1984988976
1.5934817442
0.1526724573
-1.5538763842
0.7730822838
-1.1742234479
-0.5767366796
-0.0893982520
0.4834901146
0.1403396548
0.8154626313
2.1803097629
-0.7225986622
-0.3981262012
-3.3577563365
0.9969492968
1.4895574137
0.3146216245
-0.0986195477
1.1831438698
-0.6185352097
1.1040569432
1.2419547145
0.2446272837
-0.3992214316
-1.2363331998
0.8623574047
-0.1904271645
0.9706020219
0.5657321831
1.7075535696
0.4194101191
-0.1223665975
0.6221852145
-1.9138779283
-0.0098372966
-0.9933427623
0.2210513174
-0.8557793591
0.2830701704
0.1611417719
-0.7968937660
-1.3149910627
0.0879630369
0.2353569995
0.3086561651
-0.3289966615
0.1601716077
0.8927306624
0.3832614836
-0.7094099201
0.0512896243
-0.1881148028
0.5968515402
1.0969510866
0.8731292608
0.4631501450
2.5732512800
0.4158058361
0.2382234709
0.3304333984
0.4668076509
-0.4424694039
-0.4087783641
-0.3665355231
1.9169410133
-0.6375905181
-2.8044431606
-1.1452462363
-0.5559458168
-0.8533482309
1.5612061101
0.8815275346
0.7094726179
0.3162145308
-0.8199959714
-2.1505920838
-1.3032590088
1.3524816129
0.7899211364
-2.3599360356
2.9153233262
1.7752909294
0.2254644288
-0.2410762913
-1.2190405754
1.5087782185
-2.3126063393
-1.1977556157
-0.2777050019
-0.5079307878
0.8134496703
-1.4627844090
0.4885829435
-1.2644882771
-0.9800393829
-1.4439838099
0.0598669230
-0.9235664459
-1.6213948868
-0.1260180825
0.2447373208
-0.7202849200
0.9090037481
-1.1627267564
0.2648283491
-0.0280269051
0.8660662680
-0.3321625271
-0.5490805182
0.9734740764
-3.0109209725
-0.2355425212
1.1686258424
-0.0607871676
-1.6373494163
-0.4031818638
0.8360260902
-0.1331428002
-0.0832058018
-0.7412154565
1.6309084244
1.0323334228
0.6963875396
-0.7948676550
1.7953668171
-0.8374653589
-0.7822042292
1.5042975685
-0.1472234122
0.4672738174
-0.0520225047
-0.5341603992
0.1034454131
-0.2983704070
0.9821162345
-1.7514637322
1.1918650068
1.4463822966
-0.2976368337
-0.3204280358
0.1599101719
-0.5311580908
1.4593548488
-0.3254195331
-0.0428294684
1.7164084610
-1.2178184423
-0.7042730738
-0.6698061694
-0.4599081705
1.0273758525
-0.4730313336
0.0445288407
1.0242450825
1.3704799531
0.0742792517
-0.3729872005
-1.1644278099
-0.1463933757
1.0841695574
-0.3155751476
0.4167157299
-0.4668290721
1.1270052167
1.0243350025
0.5887062911
-0.0528748923
-0.9925823935
-0.8070037841
-1.1934340289
-0.1788325949
-1.5306879755
0.4366683718
1.2283518740
0.5882048809
0.4670297054
-0.9838779171
-0.4098761273
0.2190517408
-1.0137946052
0.5780237059
-0.2297941691
-0.6057757604
0.6532079761
0.3954990663
-0.8358719615
1.3645950899
-0.7907674326
-0.9405843504
-0.6659098511
1.4048792478
0.5973985668
1.4432823833
1.2315390589
1.6376705038
0.3184037595
0.1602229893
-1.8051914017
-0.6034583773
0.2315708462
0.1964596189
0.3943998824
-0.7399015298
1.1615944692
-0.7901617707
0.1583005562
-1.5603479014
-1.0253446029
0.1769134567
0.7393021842
-1.9767731955
1.4199492138
-0.2975681929
0.8603985960
1.2369445598
-2.1700293077
0.7688822904
-1.3272800866
0.4410275600
-1.9528102480
0.9334136112
1.5232013068
-0.3435405662
0.7762223556
0.2671398438
-2.5502795020
-1.0767146483
-1.1173874708
-1.4213756466
0.2832616452
1.9109874750
0.8670086277
0.1267260932
-0.4233603852
0.2217075300
0.4391222150
1.6134957361
-1.3577198503
-0.9803642952
0.1427307344
0.7673656387
-0.1303265001
-0.3210332362
0.9697843670
0.5061970278
0.3455070017
-0.3730972799
-0.7488099036
-1.9073992208
0.0044597281
0.2916618657
0.3184093140
0.6245379811
-1.1556679802
-0.8393274090
-0.3250139882
1.8932842238
1.2052778120
0.4902958515
1.3002506217
2.3096917526
-0.8001468044
1.4888658808
-1.3533137737
-0.5814594822
-1.1658783536
-0.7164663829
0.5360477356
0.4266107370
1.3698987883
-1.2702992855
-0.0166496976
-1.3404748742
-0.2234014669
-1.1630406309
-0.6239609563
1.6693847393
0.0349952274
1.7510803646
-0.9827053718
-0.0756853220
1.4182032672
0.9503983890
-0.3615726249
-0.0379021273
0.5612729073
0.1598581923
-0.0348328478
-1.5530610676
0.0512059069
-1.3189498055
-2.2306014627
-0.5606444179
0.0826709551
-0.9782439971
0.3158415032
-0.8227980286
-0.2035240143
0.3599476810
1.6768791635
0.3354530898
2.4427913827
-0.8477121182
-0.7256898795
0.4708458697
0.7662174375
0.7821610865
-0.6713279759
0.3090610300
-0.2512062725
0.4900290000
1.5414482094
-2.5793681386
1.1527466982
-0.9669973265
-0.5680512744
-0.1931044289
1.6205384621
1.2580962279
1.4932735011
1.4255693265
-1.6744877471
-0.2963440944
0.2394638922
-0.0590279353
-1.6510687641
-2.3245924815
-1.3154345440
-0.8286182408
-0.9791919329
0.8545714247
-0.3432664705
-1.1177220857
-1.3414076072
-0.0525754242
1.0811054543
0.4861900414
-0.2213621819
-1.4840065720
0.5443418140
-0.2487530561
-1.4825363129
0.9220425338
-2.0845266194
-0.7487205613
-1.0308176328
0.0710205633
-1.4292118957
-1.3114159848
1.5655008284
0.3806202253
-0.5812629591
-1.3918287026
-0.3679992640
0.2961451605
-1.6099808242
2.2987277528
-0.4837524873
0.0489723129
1.5233658419
0.0495989324
0.5034392258
1.8794757568
-0.3928072440
-0.1140722291
0.5413402480
1.5655748569
0.1905734230
-0.6208157618
-1.9015638942
-0.5335867047
0.9704904121
2.1715741554
1.0478560063
0.2106125354
-0.4483251837
1.2660269007
1.2379103070
-0.2324169082
-0.3446561210
0.8051392826
1.3721760080
-0.1055327671
-0.2071702458
0.9576933581
1.1718147060
0.8359029898
-0.2443742127
-0.0839920681
-0.2456939639
0.5540160827
1.6932315449
-1.2812405196
-1.2574227028
-0.0593120084
-0.3382855466
0.2559310144
-0.5036281243
-0.3342901034
-0.1975628239
1.7676650763
0.7112534707
0.3193135584
-1.5136059425
-1.0982576978
0.1581668427
0.3657706297
0.8647983672
0.2960644439
0.8385002998
1.9479421467
-0.4608336690
-0.4797713083
0.4125436390
-0.3664664158
-0.6630227679
1.2430779217
-1.3812643712
0.1200916675
-1.2270535256
1.9962016126
-1.4023139184
0.5350793842
-1.2695908099
1.0286563312
-0.0252677711
0.6834834183
-0.2912894148
-0.9223065200
0.7600899969
-0.7319225757
2.7093820724
-0.0474412113
-0.1879462294
1.5933287089
-0.3666544089
1.0933241288
-0.1070513410
0.2516765980
0.2924289769
0.1901208128
-1.6097505434
0.4213972286
1.7402853375
-1.2277659076
-0.0908775143
1.0698461709
-1.1112909455
0.3810572214
0.1287418953
-0.6887577501
-1.2145693630
-1.1235501638
-0.5429651418
-0.0773664178
0.1081683618
-2.8946217764
-0.5903565617
-0.4665118524
0.7137615474
0.0109938860
0.4040033183
0.9140271184
-0.8474433007
0.3043645824
0.3691476408
-0.0802724864
1.3651950436
-1.6462091217
-0.1117861984
2.3905087811
-0.2685917553
0.3695098257
-0.5931943990
0.6818004563
0.6350298783
0.2877473729
1.3130235236
1.4907758567
-1.6705456593
-1.5384152874
0.3569930320
-0.0035096515
-0.7533742588
-1.3980863670
-0.1535338814
-0.0676426583
1.0875349853
-0.7222385923
-0.6768561796
0.7055801153
1.2739310795
1.5685988984
-1.4563173858
-0.0220344363
0.6270203615
-2.2500563524
0.6346051820
0.5826154252
1.3823332695
0.0503951379
-0.1840625661
0.7976108610
-0.2833577058
-1.5658917745
1.3201580203
-1.4498425037
1.6204078339
-0.6984565206
-0.7283612486
-1.6228077056
-0.9888011116
1.6167502786
0.0700117443
-0.6581789257
0.1453880899
-0.1425331529
-0.0894894109
-1.0581879116
-0.0218165631
0.2274644020
-0.1882709310
2.4660721456
-1.3142524730
-0.6821055967
0.4979474306
0.0715991554
0.2219388479
0.1848287943
-0.7398423460
-1.5884325057
-1.1920581060
-1.1706884075
-0.2155010410
0.6346658542
0.8798597493
0.8767902643
-0.6493839901
1.7662455798
0.5549941371
0.5106378044
0.0136686539
-0.5739797312
0.7302874834
-0.5116356897
-1.9539069482
1.0032500277
0.4645513539
-0.6372880050
0.2565155506
0.4961461362
0.6939430017
0.4219477427
-0.1812545366
-0.3329902093
0.0695470531
-0.2733650809
0.3383399427
-0.8652047740
-0.1559479910
1.5784608038
0.6705278895
-1.4400128182
0.0487662626
-0.0349548525
1.2501012539
0.6436053138
0.2885171973
0.6940105321
-0.2939170941
-0.2027799127
-1.8147372704
-0.1530724753
0.0958884768
-0.4293330170
2.2103223995
-0.8038926259
0.3670887201
1.6110803846
-0.1049692933
1.1364192241
-1.7253938934
0.7981567649
-0.6533060033
0.0269636421
1.6936914790
0.7878735592
0.1414869237
0.5527525818
0.1304637522
0.9154609976
-0.7612538575
-0.1790332924
-0.4143668520
-0.4986427034
-1.0261308741
1.1958102778
-0.2692438007
0.9500812744
0.8591322393
0.9496111184
-0.1609239669
-1.1241339038
0.8904766110
0.7354103163
2.4834008869
-0.7475736490
0.8096903306
0.7420256042
-0.8726691194
1.9642227269
-1.5823322323
0.5676351657
-0.2557013581
-0.2314106194
-0.5885426746
0.4189840726
-0.7690697245
-2.2794492551
-1.5985000013
0.6484092447
0.2358317586
1.0381554602
-0.8944679686
0.8599653779
-0.5522304112
1.7701410824
1.2760409666
-0.3722934152
-0.5049914798
1.0905242035
0.3383484938
-0.1192646388
-0.3561518636
0.3264446255
0.9791597368
-1.3390172625
-0.5835944220
-0.7822143420
-0.4816132323
1.5558130378
1.8952812892
0.9493206590
-0.4543803046
1.5823868555
-0.8326094965
-0.6956702011
0.5689221577
0.3046712188
0.9099415831
0.6512521511
-0.5609953592
-0.5103313017
1.2107446748
-0.4257497562
-0.3676288789
-0.0259814451
0.0239862942
0.0231456548
-1.2121495382
0.6874122911
1.2285105653
0.1615542795
-0.1193118738
-1.3047788046
-0.5831355522
-0.0189223009
0.1995102237
0.9717356205
0.3868119825
-1.7821846159
-1.3652589138
-0.3988354891
0.9758958770
-0.5137659727
-0.8835293382
0.9862258706
0.2569800759
-1.0421650528
1.4284641049
0.8598653738
0.9684881630
-0.1488568976
0.1639829294
0.6066205488
-1.3683429584
1.3141327460
1.0840867243
0.4937614351
0.9788954071
0.5396954104
0.4185148684
0.6999198167
-0.2978592938
-2.1047756465
-0.2647101101
-1.5509735625
-0.6142576425
-0.1459031820
-0.3814406235
-0.5114088258
-0.7962469941
1.9738314863
-1.2898114078
-0.7861647326
0.5564617694
-0.6396865285
0.4081040252
-0.8635044859
0.5683656884
-0.4302762032
-0.6082746295
0.1080009848
-0.4889246217
1.6621034866
