16 10 0.01
11 0 3 1 1 1 2 1 3 2 0 2 1 2 2 2 3 3 3 4 2 4 3
16 0 0 0 2 1 0 1 1 1 2 1 3 2 0 2 1 3 0 3 1 3 2 4 0 5 0 6 0 7 0 7 1
10 0 2 0 3 1 0 1 1 1 2 1 3 1 4 2 0 2 3 3 3
9 0 1 0 2 1 1 1 2 2 1 3 0 3 1 3 2 4 2
9 0 3 1 1 1 2 1 3 2 1 2 2 3 0 3 1 3 2
15 0 1 1 1 1 2 1 3 1 4 2 1 2 2 2 3 2 4 3 0 3 1 4 0 4 1 4 2 5 1
8 0 0 0 1 0 2 1 0 1 1 2 1 3 1 4 1
12 0 3 0 4 1 2 1 3 1 4 2 1 2 2 2 3 3 1 3 2 4 0 4 1
8 0 1 1 0 1 1 1 2 2 0 2 1 2 2 3 1
11 0 2 1 2 2 0 2 1 2 2 2 3 3 0 3 1 3 3 3 4 3 5
8 6
1 12
7 8
11 2
2 5
10 7
5 5
9 7
12 11
2 7
0 0 0 0 0 0 0 0 0 0 0 0 0 0 0 0
0 0 0 0 0 0 0 0 0 0 0 0 1 0 1 0
0 0 0 0 0 0 0 0 1 1 0 0 1 1 1 1
0 0 0 0 0 0 1 1 1 1 0 0 1 1 0 0
0 0 0 0 0 0 1 2 1 1 1 0 1 1 1 0
0 0 0 0 0 2 2 3 1 0 1 1 2 0 0 0
0 0 0 0 0 1 1 0 0 0 0 0 1 0 0 0
0 0 0 0 0 0 1 0 0 0 1 1 1 0 0 0
0 0 0 0 0 0 1 0 1 2 1 1 2 1 0 0
0 0 0 0 0 0 1 1 2 1 1 2 0 0 0 0
0 0 0 0 0 0 1 1 2 2 1 2 0 0 0 0
0 0 0 1 1 0 0 0 2 3 2 1 0 0 0 0
0 0 0 1 1 0 0 0 3 3 1 1 1 0 0 0
0 0 0 1 0 0 0 2 2 0 0 1 1 1 0 0
0 0 1 1 1 0 0 1 1 1 0 1 1 1 0 0
0 0 0 0 1 0 0 0 1 0 0 0 1 0 0 0
-0.1043555834
-1.1650525769
-0.8390254776
0.7207743759
-0.4847149534
-0.6210803227
0.2026483562
-0.7863118922
0.2070146777
1.9183253131
-0.2780529503
-0.1827473518
2.0748761353
-1.7265333513
-0.9403177110
-1.3831451790
-0.7486194551
-0.2098003446
-0.3025834405
-0.3337936129
-0.3178481271
-0.0322710559
1.1670077011
0.5982979766
1.4913295090
0.9748796557
0.0061445848
1.1482251226
0.2907275618
-0.9021170370
0.9378592067
-0.5257876550
-0.0054535088
0.7421797965
-1.0517540347
-0.5148291120
0.8634062339
-0.0211685918
-0.3153052016
0.1665225601
-0.5685463246
-0.3492471709
-0.2272826691
0.2219300841
-0.1136755403
1.2122716135
-0.2854436735
0.4790851157
-0.0477248527
-0.1736783299
0.0310436582
1.5282735963
1.5815735537
-0.7485365852
-0.1497659690
1.0988431918
-0.5144897319
0.5194760834
1.6890383233
0.1609957114
-0.4322958019
-0.3092967918
-1.9357918343
-0.5676984599
-1.8960847752
-0.6298881532
0.0896729193
-0.5631164624
0.5188519539
-0.5616383773
2.5502040712
0.1677761025
-0.2526025337
-1.4495365785
0.8247997728
0.7813656680
-1.2917606657
-0.5839193706
-0.9395513133
-0.0022580778
-0.9574716805
-0.0103599624
1.0616953490
0.0816125527
-0.5858568786
2.0482788879
-0.0551451715
2.0303291196
1.0098293501
0.5392486409
-0.2673446546
-0.8532242444
-0.8532257990
0.2330603033
0.8877948978
1.4481949569
0.6549903722
0.8490569666
-0.9601242253
-1.2532619424
1.4433087766
-0.1829155955
0.2362423219
0.7584689693
1.8115999108
0.4012826024
0.5131802129
1.8065294652
0.7504353321
1.7424716940
-1.5495404588
1.2072926889
0.9506935702
0.2631093500
0.7376199540
0.5921422756
0.9462799168
-0.2070189121
0.1148872483
0.0085358112
0.5583378958
0.3698322927
-0.7780345413
-0.8022031781
-0.0300970143
-0.6569191537
0.1188723237
0.8918927745
0.1979066986
-0.7110199114
-0.5362692665
1.2207428446
0.7538345934
-0.6229562223
-1.3169035120
-0.1663612819
-0.0260728486
-1.6408047338
1.6640030665
0.0230581191
-1.1566726237
-0.0980795992
-0.9472646040
-2.5399408999
0.7356803778
0.6464604193
-1.5686303033
-0.4421199437
-0.8759395539
0.4638751871
-0.0869609087
-1.0767545161
-1.5022661599
0.7481194155
0.1657953008
-1.1724912285
-0.0639872942
0.8454844722
0.8308368172
0.1752495284
-2.3162786753
0.9594847421
0.7748941019
0.2048954094
0.3402235922
0.5303808784
-0.7152480331
0.6053530610
0.0654975067
-0.7108528603
-0.6221983624
0.3286759167
0.2692480998
1.5082470206
1.4427014244
0.3737257743
1.7502889212
0.2841618116
1.5284182864
-0.0968318214
-0.1104648161
0.9201306704
-0.4870340313
0.2635563090
-0.1661674494
0.3901819686
0.0602965151
1.0574271966
-0.0203480476
2.3102042298
-2.5177174799
0.4528878266
1.3354557803
0.9027181692
2.0294591599
1.1728072098
0.4905152763
-0.1190921526
-1.3745088334
-0.4801135056
-1.4522697113
-0.4574411241
-0.4498143148
0.1153596960
-0.6434701823
-1.1824314628
1.5857428727
0.0639463211
0.2677978441
0.2280477095
1.1252503786
-0.8098077002
-0.0742623281
-0.5700818519
-0.5110206195
0.4232826485
-1.0289953336
1.5424801457
-1.4801871438
0.7697462759
-1.0324080357
-0.5279775610
-0.7152702395
-0.5725855566
0.2942672044
-1.6014345976
-0.8747673535
2.0478406524
0.7023578736
-0.8712586158
-0.1921975914
-0.4201618969
-1.1342718011
-1.3083800040
2.2180210160
1.3071716254
-0.7282694475
0.4831950787
-1.3539723556
-1.6231689490
0.2750330894
-0.7189967816
0.3112979441
0.4137865502
1.2873974711
-1.1539457363
-0.8571345593
-1.6058739444
-0.1769099601
-0.2638595932
1.2660869875
1.1802154157
0.4813645227
0.2466185214
0.5279778610
2.4470089972
-1.2074421897
-1.4263884366
-2.2807771481
0.4224602985
-0.2325479489
2.5653470377
0.5265147272
-1.1912851987
1.2478014855
-0.4140725269
-0.9587087513
0.6207878928
-0.4391208566
-0.7481253195
0.4625616778
0.0509272077
-0.3936039200
0.4619079447
0.3605105339
1.2984720835
0.6821313398
0.2501952276
1.8921857304
0.6600073808
-0.1131336245
-0.9742101643
1.4901072928
-0.7800244940
-0.0383342036
0.0995831844
-0.9677117221
0.5119104790
-1.2402581662
0.7272385073
0.6435968426
0.5369787175
0.5972295231
-0.2463711731
-1.5562861836
0.1440559181
-0.2088111614
-1.2032779105
-0.7912588848
-0.1379512738
-0.0507814324
-0.9822272141
0.5281041095
0.6935959363
-0.1139981216
0.6032645806
2.0783593695
-1.5528706677
0.2512341867
0.1808852774
-1.4709773928
-2.4566052778
1.6486989407
1.1137157179
-1.8563043462
-0.6760359913
-1.2876319696
-0.7761806404
-0.5259664120
-0.3072681479
-2.1390708387
0.2505499370
0.3330738216
-0.1413786421
0.3671567383
0.3604421860
0.7049305392
-0.4708775330
-0.3480411474
0.4647320305
-0.9312356292
0.0859015364
-2.0222028052
-1.5201680724
-0.7633527404
0.1470432142
-0.8554940360
-0.2636777569
0.5367580121
-1.6685556972
0.1965487724
3.1075494152
0.1839729338
0.0331044144
1.1688609874
-2.1901425320
-0.5345083258
0.7454255313
1.8444013086
-0.3883821570
-0.2149714792
0.1113799618
0.6246988579
1.6357144713
1.0326121612
-0.0854065722
1.4046361284
-0.4404847731
0.5612147079
0.3041723270
0.6758538114
-0.7589505025
0.3991372067
-0.0741656134
0.8414819387
1.2428582230
-1.3811134068
0.5034984873
-0.0989286141
0.3220640555
0.8232531484
0.5537454736
-1.0117431776
-0.5093230909
0.2651643876
0.6474144858
0.9034178521
-0.1525851051
0.1666038006
0.6029044991
-0.2671158171
-0.7295146767
-0.4305888756
-0.9783492252
-0.0986308340
-0.9167683748
-0.9077522835
-1.3107388740
0.2752222761
1.2870313261
0.7352737880
-1.3752332214
0.7471748469
-0.4932647914
0.3020382356
-0.7523214650
0.9167943234
-0.3226681804
-0.1469635120
0.4930266592
-0.0287705593
-1.7138346716
0.1956206894
1.4741670410
0.5482946629
0.1653733989
0.4223138286
1.2214858137
-0.0642646558
1.2578186573
0.0039218541
1.4658006111
-0.1247179926
0.0526273648
-0.3732834549
0.3583628926
-1.6025568951
-1.0246378214
0.4580700900
0.0847311845
-0.2328223861
2.2801503205
-0.9069539716
-0.2488263455
-2.1846576134
-0.3378957710
0.5105954843
1.8433271359
0.7763396308
0.7936925332
2.5357343064
-0.6666212366
0.2224767358
1.1522934772
2.0340484255
1.2409456948
0.5283680015
0.2321216393
0.5303920328
-0.8747202224
-0.1488635158
-0.1263562875
-0.7812971301
1.4076518852
-0.2408859608
2.3794974702
-0.1472771784
-1.0109926535
-0.4625647229
-1.0037774391
0.2089906232
0.3051261649
-1.4686411982
-2.1081436197
-1.6824782846
0.0320008986
-0.3818076759
1.5834102226
-1.1224465002
0.7738134276
-0.7036858314
0.5319154469
-0.1352440178
-0.2841093086
0.1393252717
1.1831127666
-0.8318252089
-1.3856865363
0.1975621961
2.4208854544
0.1760508017
-0.8951340162
-1.3802235960
-0.1947320819
0.4586319578
0.0808977158
0.7891495854
-1.9657238457
0.4940876208
0.5735059977
-0.4931063031
-1.6271198467
-0.0251290883
0.4762289374
0.7832975028
-0.0345303909
-1.3852957805
0.7336817783
-0.8020242907
-0.1637429318
-0.5342998378
-1.0771433661
1.1250140608
-0.2518809440
-0.7463438171
0.4616159177
-0.1009616305
-1.2499584290
-1.5525271771
0.5578928967
-0.8758106086
0.0575377488
1.1942130278
1.2507243049
-0.1561578331
-0.0756185389
2.6592691081
0.8771366938
0.3609094264
-0.9257594108
0.8591762227
-0.0584610179
