10 5 0.17
4 0 0 0 1 0 2 1 1
4 0 0 0 1 0 2 1 1
4 0 0 0 1 1 1 1 2
4 0 1 1 0 1 1 1 2
4 0 0 0 1 0 2 1 2
7 7
7 4
8 1
3 5
6 7
0 0 0 0 0 0 0 0 0 0
0 0 0 0 0 0 0 0 0 0
0 0 0 0 0 0 0 0 0 0
0 0 0 0 0 0 1 0 0 0
0 0 0 0 0 1 1 1 0 0
0 0 0 0 0 0 0 0 0 0
0 0 0 0 0 0 0 1 1 1
0 0 0 0 1 1 1 1 1 2
0 1 1 0 0 1 0 0 1 0
0 0 1 1 0 0 0 0 0 0
-0.8250627656
-0.2273083098
-0.7371102207
0.0817553623
-0.6053374822
0.5690091441
-0.8127759277
0.9481185604
-0.5718985743
-0.7914585131
-0.6383800930
0.5920521030
1.4595409179
-0.3820526090
-1.1271894118
1.0883875098
0.7292089112
0.8915579975
-1.2373320896
-2.0501782510
-0.4992694521
-0.6317113213
-2.3922777125
-0.3929454743
0.6206116710
-0.6085691705
0.3106673143
-0.4883154791
-0.0319683168
0.1794057162
1.8231912985
0.1564919397
0.5445589906
0.3294801003
0.8682493223
-0.7155972106
-0.5074719514
1.7244589309
1.3868649270
1.7262080982
0.4843413186
0.0296611009
-0.5201387846
0.6315563784
-1.2583496675
-0.2654929981
-0.5333535639
-1.7333387867
-1.2759476737
0.0621673679
0.2495572672
0.6020047289
-1.5481926030
-0.4963411246
0.0467400940
-1.0467851096
0.4076363195
0.5352434951
0.6060882087
0.2176318438
-0.8327080566
2.1817322202
0.4185739998
2.2046269506
0.7087430670
0.0351191672
-1.2782419781
-0.0052786515
-1.7784021532
1.6666456289
0.8965347940
1.6737851516
0.4438498015
-0.1901852524
-1.4539316132
0.8622734454
-0.6085448008
1.2397660167
0.8677944105
-1.1108177490
0.5147941386
0.0194180674
-1.1313827254
0.8647217107
0.3312995575
-0.4364150040
1.5825533504
0.5346177035
0.4808595513
0.7841979016
-0.0029539261
-1.7912486373
-0.2469028263
-0.0998411661
-0.8271443706
-1.3764762917
0.0576165938
-0.3488858714
0.4760424103
-0.8879826738
0.7988756080
0.8334476763
0.8700094581
-0.5221336645
-1.0482851274
0.8836871855
-0.4157253096
0.5803366108
0.4742300316
0.1869989568
1.1766458641
1.8461753401
0.0136077830
-0.5002879763
-1.1638048189
0.8541210617
1.6775054555
-0.3271796895
-0.0844013209
0.7903094173
-1.2329507894
0.4044772668
0.7276679764
-0.9158106418
0.5063011934
-0.4597931092
0.4346557361
0.8519874211
2.0168471201
0.3159495731
1.6417809068
0.7540658763
-0.4805707592
1.3300230029
-0.1714010937
-0.8611508908
1.1385060970
0.1583607046
0.3324470100
-0.2726332373
0.3132259553
1.2682280766
0.1032950182
-0.4221468325
-0.6072129148
-0.4250700604
0.4812761994
0.2807984712
-0.7235959853
0.8697988812
-1.0703903522
0.4146613275
0.3360129804
-1.4533729286
1.5879675524
0.6381554446
-1.1746406628
-0.0920346653
2.0084585059
0.3558866583
-1.3738860880
-0.2100665079
0.4271281187
-0.2607782804
0.4909003614
0.0109364075
-1.5292919247
0.8485240985
-0.0926651531
0.8139364204
0.5676842691
-0.9819927073
0.4302647529
-0.2438724803
1.1811307397
0.4081547014
-0.3316765814
0.3096081938
0.9380090091
0.2145096040
1.0860098794
-0.3331617750
-1.3947629099
0.1119848296
-1.4198699403
-0.9502629238
-0.6604945569
-0.7344175485
0.0056595829
2.0741861092
-0.2446281359
0.4083590900
0.3677988565
-0.1142560819
1.1041634022
1.8763073184
-0.4782219228
-0.8401912440
0.4791467346
1.0324540014
