10 5 0.05
8 0 0 0 1 0 2 0 3 1 2 1 3 2 1 2 2
8 0 1 1 0 1 1 1 2 1 3 2 0 2 2 2 3
8 0 0 1 0 1 1 1 2 2 1 2 2 2 3 2 4
7 0 1 1 0 1 1 1 2 2 2 2 3 3 3
7 0 2 1 1 1 2 1 3 2 0 2 1 3 1
4 4
2 0
1 1
6 1
1 2
0 0 0 0 0 0 0 0 0 0
0 1 0 0 1 0 0 0 0 0
0 2 1 2 1 1 0 0 0 0
1 1 3 3 1 1 0 0 0 0
1 0 1 2 1 1 1 1 0 0
0 0 0 0 0 0 1 1 0 0
0 0 1 0 0 1 1 0 0 0
0 1 1 1 0 0 0 0 0 0
0 0 0 1 1 0 0 0 0 0
0 0 0 0 1 0 0 0 0 0
-1.4938206342
0.9830662353
0.2430888022
-0.7865149418
-0.5171807982
0.0780519083
-0.2329215815
-0.6998808324
0.1487970549
-1.8737397871
-0.1693675017
-0.1154206581
1.1682398468
0.0896740297
0.1577379544
-0.2691522545
1.0236711111
0.2305070810
-0.2748869931
-0.8222878892
0.0801945023
0.5257893402
-1.5778396441
0.4649596995
0.1367041767
-0.4471488483
0.6433863922
0.1602232598
0.3150295759
-1.1575070422
-1.3837330383
-0.2776794432
0.6961004992
1.6454279203
-1.8020639338
-1.1617934736
-0.2619856194
-0.0262972692
1.4069374224
-0.2902462757
2.5945511584
-1.4260582387
1.4901044272
-1.2715666802
-0.2835227160
0.3344429374
0.2284582961
2.5533607395
-1.8844458900
2.3926958793
0.7748742446
-0.1678929069
-0.0242353254
-1.4307109712
-0.7703870880
-0.2722753124
-0.0931861703
-0.8047332610
-0.3518472418
0.5865578732
-1.0850504743
-0.0189066868
0.2977792831
-0.7286217237
0.1782854020
-0.1324025819
-1.9511342108
-1.4136619705
0.7829479757
0.8387240955
-0.4280657458
0.0258243950
-0.3531639679
-0.3839917666
0.0630291903
-0.1947768207
-0.7300601236
-0.9390944153
-1.0890568687
0.4956651853
-1.6060932338
2.1643083480
-0.3017272824
0.6571289676
0.2803726092
-0.1423678983
1.3328604037
-0.0490054418
0.1755648644
0.9296106353
-0.2938925549
0.0785185898
-0.3690766626
1.4191810837
0.1128833928
1.2693964039
0.2781711221
-0.1798737550
0.5525134661
3.4199811096
0.1838352280
0.4370914973
-1.0304682549
-2.1690845017
0.9242711149
0.6171326905
-0.4108865295
-0.3690263134
-1.2050704264
-1.9616486939
-0.6473705747
0.3563264717
-0.7296013158
0.3370004197
-0.5496496697
0.1064247163
0.8884018148
0.1241578679
0.5504624178
-1.1837770517
-1.0487750795
1.1148942219
-0.0558384314
0.0464141896
-0.1630678745
0.8873834963
-1.9818356785
-0.2201786523
0.6293192038
-0.4996343238
1.2289155185
-0.0152090253
-0.6762759780
1.5720920989
-0.5772202293
-0.2107008360
-0.7614016714
-0.5748939949
-0.6096703995
-0.0783915528
1.0457496054
1.8549859667
-0.2565747139
0.1101938534
0.8461908145
0.2817689595
-0.5053283769
-0.3231294593
-0.4862961639
-0.4981264341
-0.2336102284
-1.4805569839
1.4792423049
-0.0686418407
-0.0085745552
-2.2892976342
0.1663414479
0.1869307417
-0.9397323442
0.5287050226
1.2698644602
0.6633549726
1.3445488071
-0.6425634751
-3.1190156174
1.4292149813
0.8621164985
0.3155651257
-0.7873415037
1.1591053569
1.1966884303
-1.3034223616
1.6049296950
0.9053752346
0.0474365642
1.0158221378
0.2443862586
-0.4775870183
2.6347924064
-0.0101713682
1.3444655937
-0.9168622712
-0.4283653789
-1.7344183737
0.8086130989
-0.8414729518
3.0435899861
0.0228697267
2.2156418795
0.2323522051
0.3632768397
-0.6335627997
-0.8347494662
0.4721363439
-1.0795563455
-1.0245494193
0.6645304247
-1.5748069953
2.3833509181
0.6419212857
