12 6 0.10
9 0 0 0 1 1 0 1 1 1 2 2 0 2 1 2 2 3 0
8 0 3 1 1 1 3 2 1 2 2 2 3 3 0 3 1
10 0 0 0 1 0 2 1 0 1 1 1 2 2 1 2 2 3 2 4 2
11 0 1 0 2 1 1 1 2 1 3 2 0 2 1 2 2 2 3 3 2 3 3
14 0 0 1 0 1 1 2 0 2 1 2 2 2 3 2 4 3 1 3 2 4 2 5 2 6 1 6 2
14 0 0 0 2 1 0 1 1 1 2 1 3 2 3 3 2 3 3 3 4 4 3 5 3 5 4 6 3
6 8
6 8
1 5
1 5
2 7
4 6
0 0 0 0 0 0 0 0 0 0 0 0
0 0 0 0 0 1 2 2 0 0 0 0
0 0 0 0 0 1 2 3 1 0 0 0
0 0 0 0 0 1 2 3 2 0 0 0
0 0 0 0 0 0 1 3 3 1 1 1
0 0 0 0 0 0 1 2 2 2 0 0
0 0 0 0 0 0 0 0 1 3 0 1
0 0 0 0 0 0 0 0 2 4 2 1
0 0 0 0 0 0 0 0 2 4 2 1
0 0 0 0 0 0 0 0 2 2 1 0
0 0 0 0 0 0 0 0 0 1 0 0
0 0 0 0 0 0 0 0 0 0 0 0
1.7074923468
1.8642359070
-0.1863494657
0.2386371006
-1.1111198668
-1.7102812216
-0.1240088457
-1.4544918136
-0.0136185341
-0.3712233624
0.0256441348
1.1282687946
-0.0359345694
-0.6269964882
0.5280544011
0.7794705605
1.3672941118
0.2290517773
0.4738000554
0.3241650915
1.9389656224
-0.3088440963
0.9486058836
0.6121650448
-2.0110735014
-1.7549017025
1.9462690293
-0.6105526957
0.9284684772
0.7598743155
-0.9826624915
0.6428372536
-0.7334126469
-0.0506642240
0.7928097485
-1.0231599545
-1.0870794398
0.0649484408
0.2216777715
-0.1103468215
0.2482208821
0.3942066203
-0.7474808676
0.9024595637
0.9008337752
0.0591646606
-0.5873034712
0.8506239049
-0.4013566735
-0.2266334956
-0.0957934128
1.9120898648
-0.2409093128
-0.4984841258
0.9143231239
1.2840421629
0.0284076206
0.1268412983
2.6707100698
0.6243993722
-2.0108610792
-1.2042469687
2.4123322823
1.4679412876
-1.0345625891
-1.7108957259
-1.0846951648
-0.2418627603
0.0895679900
0.1667631070
-1.6073052391
-0.4318587581
1.9894563796
-0.1356898431
-0.2749828346
0.4483802374
0.0775357954
0.6628276501
1.0213679543
0.5106296438
-0.1167240034
0.0828063272
0.2924335728
0.2260576351
-0.0334775162
-0.3114772780
-1.0753401784
0.0201550404
-0.6201657187
-0.1778549127
-0.9368536234
-0.0538764131
0.6585318346
-1.6619733948
-0.6985166669
0.7687795685
-0.3480687221
-0.1989408557
-1.1917451544
-0.7927999475
-0.8096017845
-1.1364225270
0.1480225237
0.9009253533
-1.5461143716
0.5756641978
-1.6049823429
-0.0310984845
-1.2941341766
-1.6495224345
-0.2431855136
1.9741359266
0.5628670569
0.1723496119
-0.0156636866
1.1556314718
-1.3462671489
-1.1936118788
0.1307539114
0.0818740485
-0.1091305285
0.0899902220
-0.9556944758
-0.2935077194
-0.4571598317
0.8011106434
1.4228458856
-1.2543799775
0.1455147984
-0.2245818364
-1.6937894755
0.3795307329
-0.4135769226
-0.2748888963
0.4879065246
0.0226378790
0.3360191157
-1.0494698564
0.2847967336
1.8945994820
1.0281051983
-0.5455452423
0.1175517064
1.9126279556
-0.9569417455
0.1110545480
0.8571510017
-0.2134520728
-0.1645472727
-0.7344216324
-0.5875960965
1.2404661625
-0.8968001416
-0.6823244200
0.5259238030
-0.0127063813
0.2034455079
0.3668004545
0.4758104228
-2.2134073901
0.1822844359
0.6565065661
1.9953222705
0.4280583453
1.2341169197
-1.0965705846
-1.0728612862
0.0445351058
-1.7330005628
-0.8209118742
0.8314987527
-1.1261776610
-1.0200279128
0.8665997350
2.4771451212
-0.7147786414
1.2924609640
0.9829994978
0.1992082737
0.6265174784
1.0526392592
1.5624619992
0.4209645998
0.1236752505
0.7356587960
0.0227505229
-0.9654447583
-1.3600103116
0.4766749956
0.6264100036
1.5624141276
-0.4171454220
0.7239070962
-1.3559878089
-0.6149013692
-0.4633466487
0.5589268748
-0.9674499028
2.3739226623
-0.1364104012
0.0013220978
-1.4018432923
0.5993576101
0.7613775991
0.1070003500
1.1766486357
1.2058558945
0.4169522879
0.2331252311
-1.2128520318
1.2686801935
-0.5525242084
-0.3159544573
-0.4424653229
1.3625495706
1.1809782785
-0.7728542024
0.2850537890
0.3498767454
0.1322391175
-0.2332879785
-0.9393146696
-0.6756609712
-1.0349574741
-1.3853976108
0.4962353629
-1.1369438296
0.9035448449
-0.1938380885
-0.1583520239
-1.2401403750
-1.5215659782
0.7772059546
0.3160054171
0.4320974613
1.2866135945
1.7658884375
0.4037143306
1.3376394897
1.1925194892
-0.3843389679
-0.8296108461
-0.5653938294
-1.2299339386
1.6439140239
0.2579264802
0.1514555687
-1.2101339127
-0.0545871198
0.1414359469
0.6050532931
0.0162744707
-0.9669264220
0.0453619280
0.5011555670
0.8425384860
-0.2361536348
0.6321642681
-2.0331346353
1.5271675104
0.3503354320
-1.2265816839
-1.1333178316
-1.2597444510
0.5299406129
1.9449574672
-0.2334394197
-0.1553939082
-0.2642235200
0.0547782856
2.0627278594
-0.6439992414
0.3792655801
1.0175978077
-1.0294814715
0.5254268211
-0.0775241548
-0.2095710503
-0.2011580101
1.6325499676
1.3200418261
1.3959090570
0.5992358187
-0.0262525470
0.9279227931
-1.5064737053
0.3437964144
0.7768836247
