10 3 0.08
8 0 0 1 0 1 1 1 2 1 3 1 4 2 0 2 2
5 0 0 1 0 2 0 2 1 3 0
5 0 1 1 0 1 1 2 1 3 1
6 1
3 5
3 1
0 0 0 0 0 0 0 0 0 0
0 0 0 0 0 0 0 0 0 0
0 0 0 0 0 0 0 0 0 0
0 0 1 0 0 1 0 0 0 0
0 1 1 0 0 1 0 0 0 0
0 0 1 0 0 1 1 0 0 0
0 1 1 0 0 1 0 0 0 0
0 1 1 1 1 1 0 0 0 0
0 1 0 1 0 0 0 0 0 0
0 0 0 0 0 0 0 0 0 0
1.4708672952
0.1556524838
1.7795396405
-0.2244862679
0.8799996704
0.2691700442
-1.1290014274
1.2766864354
1.4758596144
0.1452486618
-1.5457896633
0.4329243403
0.1683444639
-0.2248291690
0.6737258055
0.2565532563
1.1040912337
0.3134450093
0.9550714041
-1.6672243415
-0.3256986756
0.4659412747
-0.8821458975
0.9293318034
-0.1452919276
1.0637966719
0.6989985664
-0.3776229725
-0.8920002520
1.6309705633
-0.2559171167
-1.1857586338
1.2978677065
-0.7127237242
1.4453339630
0.0244387295
-1.4910019542
0.5757074003
-0.7582689335
0.6974028424
-0.7770205187
-0.1038571989
-1.2441240131
0.2877762357
-1.2058942753
-0.7601954405
-1.3928412675
1.6894846510
0.0026376531
-0.6130707349
-0.1305338328
-1.1638144297
0.8434682746
-0.7449631907
-0.0369660882
-0.6461115967
-0.6903176106
-0.5520446803
1.1648705541
-0.5111537178
0.1360690223
0.2798236785
0.6215324908
-0.2456658947
-0.9576120732
-0.5973302226
-1.0472059484
-0.2554148826
-0.3710069584
-1.1827953221
-1.2630684135
0.4416800978
0.5092422932
-0.4749611280
-0.4893710858
0.3399752688
0.0019502023
0.3522967375
-0.0027805232
1.5494553089
0.7337356506
1.9988995514
1.4464142798
0.4819159832
0.4117847711
-2.7926063084
1.7287195993
1.2604187622
-0.5014687600
-1.6510653800
-0.4187476314
0.1276821494
0.5551073522
-0.0673184552
-0.9459014651
1.0674117085
1.0089065966
-0.4781515541
-0.3201043124
0.3368924298
2.0147398355
-0.5353806696
-1.6209547339
-1.1795909468
-0.8444440096
-0.7793937379
0.1095226759
0.8013961817
-1.3851068369
0.3355018134
0.8872574317
-1.6692258338
-0.1492898792
-1.8089321187
-0.1736521536
0.3636824534
1.1030291803
-1.2164942296
1.0091182962
-0.2112476729
1.3425127401
0.1231922956
-0.1154189567
-0.6387189500
1.0353147351
-0.3798289292
0.1360272369
0.2966522955
-3.1134758187
-1.1814773236
-0.9195795086
0.6623294836
0.7327034287
-0.5788800970
-1.1941613023
-0.9977374154
1.0020436547
1.0255266294
-1.1780117697
-0.0774535628
-0.8810075654
0.9623245475
0.7107363265
0.6282221546
-0.5657134137
-1.3295652044
1.1192348550
0.1381309138
-0.0641627371
1.5722347647
0.7181208445
0.1579402209
0.3678859120
-0.8753678462
-0.6647298275
0.7705253666
-0.3042801757
1.4812662926
1.3544043031
-0.4770744647
-0.3677498753
-0.4657879893
0.3102902098
-0.4218750109
-0.1649696477
2.1770524165
-0.7101170867
-1.9710252230
-1.0915680346
0.5891255226
-0.6080605571
-1.8605670318
-1.1279690324
0.8275590263
-0.9301229986
-0.8988463705
-1.9984442128
0.4071134349
-1.0414376191
-0.0313799576
-0.0380264719
-0.5388065409
1.1430221089
-0.4182324965
0.8351444583
0.1374809288
-0.8292117764
-0.6552901114
-0.9995300154
-0.4584677182
-1.4542454234
-0.3026860699
-0.1394754165
0.7704101357
0.9663353740
-0.5487933880
0.0867415734
-1.2832557897
0.3437881610
-0.5426790188
