15 11 0.03
7 0 0 1 0 2 0 2 1 2 2 2 3 3 1
7 0 0 0 1 0 2 0 3 0 4 1 0 1 1
7 0 0 1 0 2 0 2 1 3 0 3 1 4 1
7 0 1 1 0 1 1 1 2 2 2 2 3 3 2
7 0 0 0 1 0 2 1 1 2 1 3 1 3 2
7 0 1 0 2 1 0 1 1 1 2 2 0 2 1
7 0 0 0 1 0 2 0 3 1 2 2 2 2 3
7 0 2 1 0 1 1 1 2 1 3 2 1 3 1
7 0 2 0 3 1 0 1 1 1 2 2 0 2 1
7 0 1 1 0 1 1 1 2 2 0 2 2 3 0
7 0 1 1 1 2 0 2 1 2 2 3 1 3 2
4 2
3 10
7 9
9 5
2 7
9 5
6 7
0 1
6 7
1 6
2 10
0 0 0 1 0 0 0 0 0 0 0 0 0 0 0
0 1 1 1 1 0 0 1 0 0 0 0 0 0 0
0 0 1 0 0 0 1 2 2 1 0 1 0 0 0
0 0 1 0 0 0 1 0 2 0 1 2 1 1 1
0 0 1 0 0 0 1 0 1 0 2 2 1 0 0
0 0 1 0 0 0 0 0 1 1 0 1 1 0 0
0 0 1 1 1 1 0 1 1 2 2 0 0 0 0
0 0 0 1 0 0 0 1 1 3 0 0 0 0 0
0 0 0 0 0 0 0 1 1 2 1 0 0 0 0
0 0 0 0 0 0 2 1 0 1 1 0 0 0 0
0 0 0 0 0 2 2 2 0 1 1 0 0 0 0
0 0 0 0 0 1 1 1 1 0 1 0 0 0 0
0 0 0 0 0 0 0 1 0 0 0 0 0 0 0
0 0 0 0 0 0 0 0 0 0 0 0 0 0 0
0 0 0 0 0 0 0 0 0 0 0 0 0 0 0
1.6303575252
0.2391638013
0.2335059890
1.4107261055
1.8480341288
0.6772944744
-0.3773676772
0.6221814393
-0.0638053389
0.2984738573
-0.8715754042
0.6189644066
0.0811904382
-0.7511234392
1.4489272386
-0.4214024458
-0.1014729284
0.1465359580
-1.0064393347
-1.6771142165
-0.8247077482
-0.0634881440
1.5406163959
0.2788728449
0.9266110350
2.0422638933
-1.1284575687
1.2710956471
-0.5830606844
-0.0649894453
0.0261691101
-0.5535224441
0.9321086638
1.0469825505
-0.3374308811
-1.4179100334
0.6551742247
-0.1190046576
0.2701099780
0.0304672185
0.5665149072
-0.7262884304
-0.8734753198
0.3592792197
-0.7394889814
-0.0242905925
-1.3418893454
0.0163424720
-0.4607657543
-1.3143736800
-1.2957675890
1.4939644916
0.1471410020
-0.9673953812
2.6215984748
1.0619337631
0.0435820954
1.1070810920
2.1762692196
0.2930669160
0.2814987697
0.0168504393
-2.8359615708
-0.1720123507
-1.7744578418
0.6129792822
0.5782160010
-1.1681791074
1.1735395637
-1.2931137415
1.7442785328
-0.9374689050
-0.1612415092
-0.4110751243
0.7213220488
-0.6352190580
-0.2313552927
-0.7665236122
-1.4086687184
-1.5312750182
-1.6981370791
0.6792110668
2.0766942517
-1.1946699035
-0.5459141176
-0.1240393214
0.2224102345
1.2792330361
0.4066996599
0.6799085157
-1.2668257506
0.1850175435
-0.7653174059
-0.6417674382
0.4482009211
0.0179162897
-0.3515595333
-1.2984631019
0.6500050219
1.8426243934
-1.0153035345
-2.0479616452
0.3529423431
-0.7639045376
0.5265225964
-1.6215199943
-0.3310385514
-0.1792416721
-1.0019381031
1.1432179318
0.6396213605
-1.1301631881
1.1540152239
-0.0354110271
0.8316379868
0.0806027209
-2.3451299576
0.6104292856
-1.2889893118
-0.6149245281
-0.9228389253
-0.3855261057
0.5582568528
-1.7849079216
-0.2716808757
1.6080120619
0.5727242231
0.5225231920
-0.9953601092
-0.4669034485
-1.8466648262
-0.0335497929
-0.0665847858
0.1750632273
0.2947682094
1.0072216352
0.9580143807
-0.0921392330
-0.1110781898
0.7472205260
-0.2935105821
1.2389948948
-0.1086170827
-0.5694068845
-1.1511917390
0.5021874331
-0.3745128742
2.2426468881
0.9882679145
0.9281078031
-0.3096017888
0.2509025587
-0.5830442154
2.7757705195
0.8729735831
-1.1660927215
0.3126738674
-0.7670226087
-0.7987884979
0.2546248067
1.8662197907
-1.0084390914
-0.7345263516
-0.7065167954
0.6777288394
0.2624687061
-2.0077929443
0.7891126998
-0.7298378451
0.1119102774
0.4609026470
-0.1293642115
0.4977958208
-1.2525534996
-0.3019492896
0.2091718862
-2.1807224684
-0.7838807236
-0.1178949883
-1.7944013405
-0.6390626153
0.7923435032
-0.3072494802
0.0101675923
1.1425166136
1.0528299594
0.0198978126
0.3495929663
1.4509361134
0.3047936781
-1.4378187688
2.1135695467
0.4695704967
1.3337731415
0.8491065697
-0.9867838038
-1.6344117777
-0.6859741609
-0.0678068480
0.2456901908
1.0444027845
0.3264750753
0.6248739532
-0.0554639221
0.5849297228
-0.3788082259
-0.2189019343
-0.0982816828
-1.2325712317
-0.8503607733
0.7194421716
0.5056523841
-0.0098967100
1.7396245941
-0.8616845567
0.8412414264
1.4776904532
0.2421360939
1.6055781006
-0.1620292937
-1.1386767121
-0.1153876007
1.4933588770
0.3993588875
-0.4812425134
-3.0268304661
0.1363012265
0.8188101401
1.1299110814
-0.7187070582
-0.0097153247
-0.2060107632
1.2906932915
-1.5629434111
1.2557341815
-2.4423921527
1.4079778988
-0.1664845120
0.7861053318
-2.1566910600
-0.1597704203
0.4241932574
-0.3134194620
0.5556759036
1.0304423639
0.4921830703
-0.1667490684
1.7119995832
-0.4601279394
-1.6663020217
-0.9489791616
-0.7619519141
1.5622877158
1.0773499105
1.1687915084
-1.2847870743
-0.7551750936
0.6010562061
0.7919462528
-0.3930818239
-0.0557446961
-0.5915720144
1.9183293594
-0.2478404456
0.1109341428
-0.3229120347
-1.4480337696
-0.3219893146
-1.8137895372
-0.0713419565
-1.6641824814
0.5603737431
-0.4509720641
-2.4227456135
0.5061538900
-0.9946534921
1.2643188490
-0.1801064034
-1.5350323939
0.0519395737
0.0605435555
1.6734756903
-0.4039531925
1.6150054364
1.5605004363
-0.9740987011
0.4298907561
-0.0615419297
-0.0513163253
0.4126913815
0.9707464096
-0.5220258801
0.7954826957
-0.0837227329
-1.0338574210
1.2043663897
-0.0961592444
2.0491588340
0.2510058895
-1.1923272069
-1.0015827773
0.2397203903
0.0434172268
-1.2893569561
-0.6177358409
1.3448951204
1.7580281038
0.6793673797
-0.5869870112
1.3252730210
-1.1695707731
0.9660367553
1.9400130713
-0.1026186932
0.7106538055
0.8416771856
0.7405569577
0.0507332292
-0.7858391292
-0.6539360893
-2.1927648091
-1.2562023991
0.3170839088
2.6702344466
0.0304291355
0.1207409802
-0.7528277225
-0.4075113153
-0.0570484609
1.3961151395
0.7981180432
-0.8523939702
0.9716813354
-1.9543714072
-2.2150151905
-0.3774476982
0.6265839023
1.2829450759
0.3848859096
-0.8520190322
0.1243575250
1.5302947062
0.5320334353
0.3680490562
0.5437035303
-0.1321933719
-2.1474972410
0.8774777600
-0.5094572932
-1.0510023208
-0.4165214469
-0.1069320014
0.5202739654
-1.1979477624
0.1670081867
-1.7387361566
-1.6117529441
2.9366969772
-0.1883488961
0.1145063094
1.3985941029
-1.0722257515
1.1735799523
-1.3747944286
0.3491502689
-0.2192627056
0.2005785896
-0.5792611699
0.0967106954
0.1829899388
-1.4092673687
0.3244096847
0.8245419730
0.6812430726
1.0673995853
0.0714021299
-0.9464137923
0.5581033147
-0.4315959658
-0.9466179783
0.0743261404
0.8890793253
-0.9539480813
1.3342725961
-0.6298169020
1.0276654292
0.0830578413
-1.0620552738
0.0258980681
-1.3691250071
-0.2401677279
1.4727448744
-0.3986086004
-0.3150760443
0.5382109947
1.0780002405
0.9999874836
-0.3850587215
-1.2823390813
-0.9214709625
-0.2230898844
0.7444918122
-1.0673683138
-0.2191012471
-0.1970757938
2.5202583777
-2.2130658477
0.3123201787
0.1834618036
-0.5963166822
-1.1110629377
0.2027868201
1.5297605516
-1.0452583677
-0.3260733090
-0.1935164112
-0.3764149979
1.3223873978
0.5932404521
0.9235322096
-0.6681622661
0.3606937318
-0.7343608423
0.1850176130
1.9759613101
0.4458641228
-0.5054906934
1.6974227469
-0.9065354501
0.5781830323
0.4704162980
-0.3286266436
2.1083581465
-0.7957558842
0.4989283592
2.6415568991
-0.5111516416
1.6502621823
-1.8568537175
0.0070968394
-1.6719477151
1.5103680677
0.4414649938
-0.7494116546
1.0656861672
1.6881289621
1.6889216581
-0.7236700772
1.0450089659
0.0350271460
