17 8 0.05
8 0 0 0 1 1 0 1 1 1 2 2 0 2 1 3 0
6 0 1 0 2 0 3 1 0 1 1 1 2
6 0 1 1 1 1 2 2 0 2 1 3 0
6 0 1 1 0 1 1 2 1 2 2 3 1
8 0 1 1 0 1 1 1 2 2 0 2 1 2 2 3 1
8 0 1 1 0 1 1 1 2 2 1 2 2 3 2 4 2
6 0 4 1 0 1 1 1 2 1 3 1 4
6 0 0 1 0 1 1 1 2 1 3 2 1
5 0
3 3
1 7
1 0
5 14
0 5
8 3
1 7
0 0 0 0 0 0 1 0 0 0 0 0 0 0 0 0 0
0 1 0 0 0 1 1 2 1 0 0 0 0 0 0 0 0
1 1 0 0 0 0 1 2 2 2 1 0 0 0 0 0 0
0 1 1 0 1 1 1 2 2 0 0 0 0 0 0 0 0
0 1 0 1 1 1 0 2 0 0 0 0 0 0 0 0 0
1 1 0 0 0 0 0 0 0 0 0 0 0 0 0 1 0
1 1 1 0 0 0 0 0 0 0 0 0 0 0 1 1 1
1 1 0 0 0 0 0 0 0 0 0 0 0 0 1 1 1
1 0 0 0 0 0 0 1 0 0 0 0 0 0 0 1 0
0 0 0 1 1 1 1 1 0 0 0 0 0 0 0 0 0
0 0 0 0 0 0 0 0 0 0 0 0 0 0 0 0 0
0 0 0 0 0 0 0 0 0 0 0 0 0 0 0 0 0
0 0 0 0 0 0 0 0 0 0 0 0 0 0 0 0 0
0 0 0 0 0 0 0 0 0 0 0 0 0 0 0 0 0
0 0 0 0 0 0 0 0 0 0 0 0 0 0 0 0 0
0 0 0 0 0 0 0 0 0 0 0 0 0 0 0 0 0
0 0 0 0 0 0 0 0 0 0 0 0 0 0 0 0 0
0.3317945997
0.1764429846
0.9743754427
1.8864439168
-0.5073362798
1.3611608700
0.0261206255
3.2124353722
-0.2832101557
-0.6907687348
-0.1569158490
-0.2664033288
1.6364452719
-0.5168293778
-1.3731630180
-0.3147452289
1.4420670656
-0.2798840925
-2.0984260178
-1.0594783195
-1.0521883466
1.1818708322
1.5257214875
-0.2437867847
-0.0369005478
-1.0150985552
-0.2195695191
-0.0101471637
-0.4442321450
-0.1210556732
0.0230198142
-0.1407471816
-2.1247304406
0.8575223624
-0.0996347370
1.4480078990
0.6791102368
0.0720381292
-0.3414476242
0.0283722042
-0.3757025539
-2.1282877831
-0.8962368763
-0.4891074726
-0.0431900796
2.0001032890
0.3592509674
0.4987959559
0.2761956532
-0.0903376281
-0.1741796950
1.0820347646
0.2783611861
-0.9408971731
-0.2868798455
1.0901968867
-0.8689740053
0.3793311011
2.1709681196
-1.2502318763
0.3461168958
1.6849189890
0.1028568893
0.2330978451
-0.5099300988
-0.5242140226
0.0135007893
-0.4535371484
1.3110150869
0.7398723983
0.7450736687
-0.4689067350
-0.0005573896
0.9355784280
0.0530979559
-0.6623391990
2.2122774765
-0.7530959014
-0.2799886736
-0.8923753901
1.1792444726
-0.8318147109
-0.7225788381
1.5660550066
-0.6369202600
-0.1789627028
-0.4677679318
-1.2949725744
-0.8754924407
-0.0847722057
0.0036919176
0.2894186818
0.4301336030
-0.1535721021
0.9073957431
0.9933368858
0.3486221480
0.5481574822
-2.4083047951
0.9085815873
-0.4036005929
1.7298421723
1.8061418766
0.3208018117
1.3759276574
-0.3898931313
0.3229718675
-2.1433564097
0.1115048780
-2.4127526860
-2.0476721603
-1.6412667288
-1.0939203958
-1.1752707133
0.4240566137
0.6218117546
-0.7773545543
-0.6093369003
-0.1484163966
2.1911315008
-1.7529628805
-0.0871698481
0.8119510913
0.9580475015
2.6830143620
-0.8936672862
1.0796687290
-0.2010573050
-0.2386382612
1.2753901215
0.4230149080
0.3307322666
0.5140095285
0.9482631905
0.3478703190
-0.1956504982
0.3884599561
0.6154985796
-0.0200447253
0.9555450443
-1.3531216071
0.0839088724
1.0740651486
-1.5325330370
0.6539202854
0.0999975891
0.5579039284
0.5967714633
-1.0612980646
0.3890236146
3.6320746632
-1.1213268873
1.2998955017
-1.8636206895
1.4484332239
-0.0674777701
0.5725300704
0.1468494994
-0.9278673101
2.0356476949
-1.1130219802
-0.4127231223
0.1108461244
-1.2944298571
-0.0409082466
0.3162989324
0.7560546340
0.6446426108
-1.3778011453
1.2708639472
0.3727438418
0.6431093131
-0.1547775688
-0.2832623491
-1.3505472864
-0.3644182034
-0.2122236311
0.7377424332
1.1575444507
-1.1142952096
1.3202163526
-0.2709342024
-1.4357415515
-0.1252538852
1.4270134907
-1.0426811349
-0.2572742180
0.7602249921
-0.4889950607
1.6738674791
0.3580544384
0.6391072917
-0.4681056099
0.8682491287
1.3206373845
-0.5916782226
0.6411250994
-0.7279374668
-1.2518726555
-1.5450428208
-1.0992502462
0.8278244492
1.1537435766
-0.1317876888
-0.5135463488
-2.0132543311
1.5174115436
0.4105833355
0.3080742789
-1.2465638737
-0.2842225146
0.0927067918
0.2904002507
-1.8366882925
-1.2125178941
-1.2027452706
0.0819969071
1.0516309603
0.6875558249
-0.4174250580
-0.7285103684
-0.2859718145
0.6340942696
0.9990292689
0.6063153563
-0.2608786124
-0.6893809557
1.0655049164
-0.4573714123
-0.4702569915
-0.5038294969
-0.0402430528
-0.8365599433
-0.9523509220
-1.0603209387
1.4002310106
-1.6852509408
-1.7028151932
0.6020275454
-1.2606432567
-0.5843377235
0.5288784480
0.9546908396
0.4726081834
0.4428557242
0.3110024958
0.5040172655
-0.5951291521
0.3322154052
1.6461933582
0.7759305502
-0.0131510366
-0.3296996951
0.0449269661
0.1045542606
-1.0269605345
-1.2834237018
0.0773160025
0.7157209235
-1.9369983064
0.1802853446
-1.4202222370
-0.3971310675
-0.1381052417
1.1052542207
0.2782023705
-0.8693841673
-0.7690691525
-1.4735523696
0.5177517556
-0.4268026948
-0.7320942995
1.0914774600
0.3111312832
-0.6711680681
-1.0026999224
0.9749730760
-0.1935290388
0.8554003731
0.0349694606
-0.3795731388
1.4674676521
-1.4634995284
0.2306557188
0.4888294549
-1.2226572250
1.0037325381
-0.1022541595
1.5631501954
-0.1294250183
-0.1438242875
1.2058947607
0.1944004820
-1.1812912689
-0.0720010921
2.4582415724
-0.1016382060
-0.8197060685
0.1509692532
-0.9826794875
0.7593812101
-2.0488073914
1.5185184772
0.3763144433
-1.6852565986
0.7543114323
-1.7686398052
-0.2591502769
0.2810353760
-0.6369007532
1.4684235333
0.6715214676
-1.2809650809
1.8325349014
-0.6177201204
0.1188949159
-0.5978545117
-0.7944830964
0.9445446866
-0.6547977073
-1.4672372246
1.0266322597
-1.6262972224
-0.3706840578
1.3261615175
-1.3987398836
-2.3598087082
0.3275344757
0.3673596305
-1.7086351529
-0.7507275435
0.8087526734
-0.7588425018
1.4595765993
0.1070231690
2.1454229475
-1.3516524352
-0.3948425136
0.5923634703
1.1429391797
-0.2491658524
-0.6291108935
0.7013383443
-0.2055461307
0.6939928017
1.5962427296
1.3809450462
-1.2197777577
-0.2988789181
0.3537092969
-0.9830978440
1.4350694335
1.4788683904
-2.0941889386
-0.9270754771
-0.8418510362
0.0633669595
0.5101674122
-0.9510858553
-0.0836254490
2.0140305909
1.3457102166
-0.1252240758
-0.2345089382
0.4522773368
-0.2602816855
0.7915584679
0.3549360282
-1.3362426605
-0.0972391077
1.1506576218
1.4496649309
-0.1835087621
-0.8897901602
-2.1497176369
0.0177651835
0.1401780415
-0.5460185592
-1.8344603001
-1.1766480534
0.2144836056
1.0298215865
2.3973476317
1.2776608272
-1.0563967162
-1.6790086255
0.9481339756
-0.5842077812
1.0969034706
-0.1244165824
0.9479528881
-0.0150874814
-1.1338107618
-0.9730041857
-0.2555126052
-0.6172635310
1.7989589580
-0.0152376810
-0.9728128281
-0.4121894730
2.8517315723
-0.2503578513
-0.7911653958
0.6605556286
-0.4115511743
-0.9016317302
-0.4815903800
1.2813358208
-2.2017683561
1.3292840203
0.1042851641
-1.2326387442
-0.8839195715
-0.1462688380
-0.8470092448
-0.6861737829
-1.1767006121
1.6758216996
0.0918002345
-1.4022230917
-0.1918398620
-0.3617685227
1.4342402833
-0.8845980550
1.1210792804
-0.3026214448
0.9190082724
1.0403408076
-0.4634442332
-0.5215762626
0.5187789462
-0.8117556596
1.0476826694
0.0018396892
0.0371404552
-0.7103995462
-0.3946367290
0.4985024930
0.1676101128
1.9024613327
-0.0848808921
0.5678308003
-1.4876593955
2.0795174027
-0.6856782508
-0.4666541491
0.3094227080
-0.6224619207
-1.1601993521
1.1894666340
-2.0985592666
-0.9651168918
-1.2541178303
1.3957935248
-0.3302610975
-0.7488423307
-0.7211136924
0.1973616774
-0.2964709779
0.6827520687
0.3990163072
-0.7549741330
1.2214616144
-3.1480565824
-1.5623970889
-0.7487563317
-1.8747766045
0.8632991587
-2.2263573257
-0.5435978426
0.6278312357
-0.5539972120
0.3244426826
0.4687121686
-0.1681495265
-0.9408287920
-0.9947083987
0.5478898484
1.5560628294
-0.3049912025
0.0165018952
0.4249237139
1.4434997056
0.0455144981
1.5445742417
1.3818381548
-0.8357244330
-1.7380740140
-0.1300719487
-1.8408553764
0.5009248565
-2.0679564066
-1.6816391457
1.6944362020
-0.8282795048
0.5033185898
0.1792664390
-2.5059987359
-0.5039809547
-0.1946362012
-0.3504014190
1.0875474895
-0.2991347273
0.3562387208
-0.7958613201
0.6213730499
-0.4547691879
-0.7330193558
-0.3331510350
-0.5704971773
0.1539566271
0.6186749423
1.4776276823
-0.4895018321
0.8249578091
-0.6710365623
0.6414575431
-1.3814439842
-0.8672736288
1.2648667145
0.3883002238
1.6126939269
0.7828549041
0.0094929672
0.4707982875
1.8722288301
-0.4615596299
-2.0866467510
-0.5702158778
1.0037894484
0.3363023299
-0.3329079448
-0.3677046406
0.6874613598
1.7865915229
-0.2404000012
-0.0871490675
1.4786797820
0.6413474637
-1.2915405252
0.0832234693
1.0684620380
0.4556075488
-0.8269827490
-1.5731986256
0.5302238187
-0.8710729278
-0.4411364732
0.4392045045
0.7257878902
0.8677694077
0.6146003030
1.5644541531
0.7697703646
0.2010144454
2.0893787454
-0.0216181956
0.3461358770
-0.5413826293
-0.9063598878
1.2078295566
0.5938348509
2.4924339417
-0.5584931554
-1.5249791898
-1.8913371346
-0.7958731987
0.2299524841
-0.1050422982
1.0637104481
0.7894254601
-1.6099062374
2.0438271528
-0.8934650289
-0.5297576006
0.8730014280
-0.0747044015
-0.8338487728
