13 6 0.07
9 0 1 0 2 0 3 0 4 1 0 1 1 1 2 2 1 2 2
9 0 2 1 1 1 2 1 3 1 4 2 0 2 1 2 2 2 4
12 0 3 1 3 2 2 2 3 2 4 3 0 3 1 3 2 3 3 4 1 4 2 4 3
9 0 2 1 2 1 3 1 4 2 0 2 1 2 2 2 3 3 2
11 0 0 0 2 0 3 1 0 1 1 1 2 1 3 2 1 2 2 3 1 3 2
16 0 1 0 2 0 3 1 0 1 1 1 2 1 3 1 4 1 5 2 3 2 4 2 5 2 6 3 3 3 4 4 3
5 1
2 8
2 7
1 2
8 9
4 0
0 0 0 0 0 0 0 0 0 0 0 0 0
0 0 0 0 1 0 0 0 0 0 0 0 0
0 0 0 0 1 1 1 0 0 0 2 0 0
0 0 1 1 1 1 0 0 0 1 2 1 1
0 1 1 1 1 0 0 0 1 2 2 1 1
1 1 2 2 2 2 0 1 1 1 1 0 0
0 1 1 2 1 1 1 0 1 1 1 0 0
0 0 1 2 1 0 0 0 0 0 0 0 0
0 0 0 1 0 0 0 0 0 1 0 1 1
0 0 0 0 0 0 0 0 0 1 1 1 1
0 0 0 0 0 0 0 0 0 0 1 1 0
0 0 0 0 0 0 0 0 0 0 1 1 0
0 0 0 0 0 0 0 0 0 0 0 0 0
1.7705075138
1.4990746083
0.1226515521
-0.7304504674
0.0565731334
2.1359986695
0.4498204126
1.0397738401
0.7161234793
0.4772847301
-0.3291563887
0.8402206372
-0.0604388692
-0.4973354477
-1.2113377257
-0.6835132204
-0.1217949801
-0.9326692852
-1.0552181035
0.1099804115
3.3634348073
0.0920085415
-0.1496333523
0.7706088864
-0.1454833250
-0.1006718799
0.9835167675
-0.5767632983
-0.6823428574
-0.7175088164
-1.0748380019
1.7893152409
-0.3548392157
-0.1745180038
0.8925595777
0.9679382126
1.7258561597
-0.2145330163
-1.1565497894
-0.7502112339
2.1585586440
0.4197190882
-1.5516119278
0.1821809865
-0.1410226893
-0.2691797149
0.4601865759
-1.9333383988
0.8215673874
-1.4815524364
-0.0199078667
-0.4623362894
0.0177121210
1.4421241294
-0.9320296918
-1.0052722807
0.9749949752
-0.6474881216
0.2947506263
-0.1727199452
-0.4723767113
0.4756936090
-0.5578166743
-1.0615515838
0.1841966225
-0.1079108633
0.4637736359
-0.7479198308
0.5168195289
-1.3974307430
-0.5944750539
0.9857972426
1.1067420112
0.6889301618
-0.5445357783
-1.2465380121
0.9633232877
0.3402357853
1.7334464717
0.5136960021
-0.3205041232
-0.3597929800
1.1083025645
0.8084006705
-0.3400515984
0.6081174485
0.8685631499
0.3876008802
1.3489321990
0.2306367819
1.1784203820
-1.0672342892
-0.4873466041
-0.6721035850
-1.3079044899
-0.3838080530
0.3474634092
-0.9330378648
2.2479535123
-0.1855803172
-0.2141712715
-0.0128151566
2.3783231029
-0.8306567372
-0.5760080005
0.9908304933
0.7928799536
-0.7564822966
0.4247482373
-1.6254859517
-0.5044783942
-0.4699080723
-0.1722011463
-0.2507648248
0.8992975143
1.5310946400
-0.1603994050
0.6224567176
-0.0088949481
-0.7010602767
-1.3257436286
0.5885053309
0.5541601130
-0.2208606940
0.0188563911
-0.6112777605
2.2124681111
1.0448135806
2.1162766080
0.2853583821
1.0392222313
-0.6814056098
-1.3181327612
2.3059416302
-1.6891107035
-2.0285198219
0.0206166467
0.7773965697
-0.2652372455
-0.8880708756
0.2833734922
0.1986843085
-0.4856034731
3.1683326162
0.2715597855
-0.6582595235
-0.8077887001
-0.7370601716
0.1798565715
-0.4181140240
1.5844864915
1.3224504901
0.3711232630
-0.0910689183
-0.7319726788
-1.6287897505
-0.0320412408
-0.1467081139
-0.9474751822
0.4653684861
1.0325218433
-1.6637353862
-0.7237889493
0.7248154108
-0.7106871809
0.8285242283
0.0679762169
1.0426270468
0.3504653448
0.4104634547
1.5193796914
0.6690381535
-1.5268410057
-1.0743257335
2.5946773603
0.1447031670
0.2507776106
0.4846854997
0.3152677268
0.3604240502
1.7497398708
2.3002398069
-1.3372441714
-0.4216445875
-0.0828399600
-1.0804655773
-0.1094671720
-0.0392765115
-0.5645208771
2.4008848690
-1.1674000923
-0.0585190102
1.0748176685
0.6224650416
0.7440507904
-2.4125216775
0.1059412778
1.4563118501
-0.3960720359
1.0199706476
0.8780350483
-0.1048324873
0.8570446845
-1.6868124278
0.7026477217
-0.4021157882
1.7230368365
0.0371293413
-1.2075745330
-1.5640781103
-0.7468271019
-0.1012364014
-0.4123360362
0.6144735343
0.4209190819
1.1736154213
-0.1769688621
0.2521360739
-0.3671131672
-0.7842767182
0.2820773243
-0.0109417351
2.2546576070
-1.6359355124
0.2327623925
2.5271506975
1.5608413607
-0.6328922677
0.9727767712
0.5259612671
0.1626698138
-0.8649903813
-0.1750129758
-0.6839635868
-1.6596624026
0.1718607625
-1.2305204207
-1.0478765952
0.7861972525
-0.5490102209
1.4879012634
1.9375618828
-0.8479538373
1.5962284740
-0.1701505081
-0.3492400640
1.3219945306
-0.6272284048
2.0531505786
-0.3896229515
-0.5408701916
0.5975295213
-1.7154530806
-1.1997419739
0.9863233124
-2.1717598823
1.1370687749
-0.5373798642
-0.7122112243
-0.0101009736
1.4792494049
-0.8692304273
1.4015070434
-0.2899539863
-0.1144599122
-0.8505722542
0.4271313638
-0.6083756999
0.5486076452
-0.2790269451
-0.2126217166
-1.0022420417
-0.9014497528
-0.6044192601
0.9984741914
1.0472034514
0.7856343618
0.2783225990
-0.3289820878
-0.0343707520
1.3047429436
-0.5485676320
-0.9057373800
0.1371786912
-0.2589991802
0.1073398755
-1.0110882844
-0.1231044153
1.5557927126
0.8192121516
-2.5462925761
-1.3151542364
-0.2356569061
-0.5268979276
-1.9222202826
2.0608643583
-0.1686613617
0.1639388374
-1.0826911568
0.4666028580
-0.5819401610
0.0109836168
-0.7955032979
1.9807697314
1.6889639857
-1.2641810528
1.4396451396
1.3913365677
0.5459089142
-0.3145497550
1.5772461188
-0.1154204813
0.6561801837
-0.0624187550
0.3451434770
-1.4474175549
0.5414421637
1.1100503612
0.5616887603
1.9224378127
0.8234753450
1.6653526315
-0.3025899921
-1.9308272814
-0.2198013623
1.5677848789
1.3034917815
0.3423813064
0.6330985861
-1.0814624917
1.1372463353
-0.6424592768
0.6246000108
0.1815935283
1.2571670339
-1.2116094068
-0.7233714859
0.8144051341
