19 7 0.12
10 0 1 1 0 1 1 1 2 2 2 3 0 3 1 3 2 4 2 5 2
10 0 1 1 0 1 1 1 2 1 3 2 2 2 3 2 4 2 5 3 3
10 0 1 1 0 1 1 1 2 1 3 2 1 2 2 2 3 2 4 3 2
10 0 1 1 1 2 0 2 1 2 3 3 1 3 2 3 3 4 0 4 1
10 0 4 1 2 1 4 2 0 2 1 2 2 2 3 2 4 3 2 3 3
10 0 0 0 1 0 2 0 4 1 2 1 3 1 4 2 3 2 4 3 4
10 0 1 0 2 1 0 1 1 1 2 1 3 2 0 2 2 2 3 3 0
8 16
12 2
8 1
0 9
3 12
5 9
15 12
0 0 0 0 0 0 0 0 0 0 1 0 0 0 0 0 0 0 0
0 0 0 0 0 0 0 0 0 0 1 0 0 0 0 0 0 0 0
0 0 0 0 0 0 0 0 0 1 1 0 1 0 0 0 0 0 0
0 0 0 0 0 0 0 0 0 0 1 1 1 0 0 0 1 0 0
0 0 0 0 0 0 0 0 0 1 1 0 0 0 1 0 1 0 0
0 0 0 0 0 0 0 0 0 1 1 1 1 2 1 1 1 0 0
0 0 0 0 0 0 0 0 0 0 0 1 1 1 1 1 0 0 0
0 0 0 0 0 0 0 0 0 0 0 0 1 1 0 0 0 0 0
0 0 1 0 0 0 0 0 0 0 0 0 0 1 0 0 0 1 0
0 1 1 1 1 0 0 0 0 0 0 0 0 0 0 0 1 1 1
0 0 1 1 1 1 0 0 0 0 0 0 0 0 0 0 0 0 1
0 0 0 1 0 0 0 0 0 0 0 0 0 0 0 0 1 1 1
0 0 0 1 0 0 0 0 0 0 0 0 0 0 0 0 0 0 1
0 0 1 1 1 1 0 0 0 0 0 0 0 0 0 0 0 0 1
0 0 0 0 1 1 1 1 0 0 0 0 0 0 0 0 0 0 0
0 0 0 0 0 1 0 0 0 0 0 0 0 1 1 0 0 0 0
0 0 0 0 0 0 0 0 0 0 0 0 1 1 1 1 0 0 0
0 0 0 0 0 0 0 0 0 0 0 0 1 0 1 1 0 0 0
0 0 0 0 0 0 0 0 0 0 0 0 1 0 0 0 0 0 0
1.0224653961
0.2691766055
-0.9558996844
0.1077773474
1.1726139217
2.2977149346
-0.7803671680
0.1176995570
-1.9344203154
-1.3574113508
-1.2045377397
-1.3029317641
-1.3387809960
0.1397263378
-0.9705010543
-2.0724505158
-1.3509594089
-1.3725157666
0.8835806733
-0.0790561540
0.3151913077
0.5737401262
-0.8402532444
-0.6197713617
1.6693217943
-0.3324596529
0.4166537458
-0.3989110857
1.3723964909
1.0020400017
0.4458786651
-0.2842067936
-0.5722565316
-0.5355658606
-0.8167393072
-2.3430950824
-1.9891151498
0.9135665170
-1.0034166768
0.9596261150
1.6839504664
0.9132998859
2.3987386607
-0.9260496710
0.2222722768
-0.8276067828
-1.1095052438
-1.5289383795
1.2460496377
0.1942877718
2.4720889878
-0.9605768551
1.0701467922
0.3161630701
0.7730813491
-0.0644556172
0.5390552249
-1.0986359883
0.6665215743
0.1202768593
-0.3409786637
0.8046291157
-0.1561868881
0.4171335489
-0.2246932543
-0.0873398144
1.1069481341
0.5188087550
-0.3518598116
-0.6280937234
-0.3741171448
0.3583691284
-1.0071155182
0.8386614394
-0.1795485351
-1.3870265896
-0.2663841748
-0.3374998199
-0.4197760043
2.4894173227
1.5918238308
0.2400143017
-0.1558475882
-2.9308882306
-0.6676952512
1.4904313087
-0.7614922945
0.3327240042
0.2693716395
1.3279663909
0.3037277799
-0.0318905857
-1.2855454429
-0.5742809414
-0.0322024218
0.8028314807
-1.4262967794
1.5395247680
-0.3924951168
1.2770613273
2.8060431738
-0.4706175723
-1.0572065389
-0.1954138463
0.6848719646
-0.5949142278
-0.5504392053
-0.0126835512
0.9042796395
-2.0187447878
1.5857637933
-0.7831100604
-2.2112953253
-0.6220247421
-0.8310367984
-0.7758041121
0.1203326503
1.2634569661
0.2411919681
-1.3762746690
-1.6970193845
1.6696840527
-0.2328360730
-0.6073213031
-0.5334446880
-0.0548522800
0.6073540550
0.4345521041
1.3466565341
0.0967075465
-0.9297360528
-0.3857029919
1.5504459681
1.2943277357
0.0086580406
-1.2250950093
-0.2741986179
-1.6458206928
-2.2417161049
0.2648043412
-1.2671273253
-0.3572546453
0.2928973596
0.2502606086
-0.1988668973
0.4031857163
-0.2774698844
2.0480928874
-0.3116138220
-0.1167928901
-0.7308384481
1.0408577881
-0.7557988480
-0.1065123369
0.1715046615
0.2482412128
0.6242591793
-0.8447129998
0.6095688210
-0.2656235577
0.3044619247
-1.5193245409
-0.0497565174
0.3355626527
-0.5153851365
-1.4845753503
-1.0115704511
-1.5459958151
0.2300117505
-0.0591518363
-0.6472056437
1.4929594243
-1.7057342061
0.3493935169
-0.3953342259
-0.2727875856
1.8183655406
0.2018975828
2.0902674238
0.4525816511
1.3842617863
0.1126786408
0.4861739023
1.7246761139
-0.2536930097
-0.7536756510
0.0123465950
-0.6074895427
1.0781549975
-0.1255273039
0.5216401287
2.3599174432
-0.3164768913
-0.1237404489
-0.3242394780
-0.5986239268
0.8156362339
-0.4353544210
0.6444582351
-1.8232177988
-1.3391132578
1.2066167396
0.7018203232
1.4625485283
0.7988557472
1.5417173507
0.5764056946
1.5953531814
0.1626256191
0.8614567035
1.6885990651
-0.8487814451
-0.7567360997
0.4882034314
-0.4485708380
-0.5047405611
-0.3707524055
-1.9627921633
-1.9080127555
-0.8677415583
0.0387117490
0.1589539902
1.8783905329
0.1549240153
0.6355435709
-1.5799970191
-0.1808855064
0.0276097791
0.5434207638
-2.7339984480
0.0137422058
-0.3899746799
-1.0010121942
0.2266343558
1.0535414481
0.9370468254
-0.2491997817
0.3922745746
-1.5171389370
-1.7341171804
-0.2544768344
-0.5608741620
-0.0798647860
0.4495495334
-0.5223601137
-1.6932480633
-1.4420400120
0.2460862039
0.6836853617
1.0908228212
-1.7806289579
0.6215273866
-0.5350117369
0.2004055782
1.1781819366
-0.0586426821
1.7613982960
-0.1592661179
-1.2056726996
-0.2247065349
-1.1053344892
-0.3155945618
-0.6469340050
0.3389031158
1.2591310770
-1.2002128913
-1.0198913993
0.2897117669
-1.6326083986
-0.1893872100
-0.0326307229
1.1735449869
0.6440736808
-2.1480004961
1.7416628354
-0.7538987145
0.3412068261
0.5518320616
-0.6016143777
-1.3193240726
-0.5313096810
1.7717853115
-0.1260167412
0.5835535856
-0.1003431925
1.4430645646
0.2193528181
-0.3887172581
-1.0300383370
1.2564598719
1.0540308114
-0.3786245024
0.0412880115
-0.4461853066
0.1928863767
-2.0834666648
1.1737122438
-0.3509088511
1.0964830877
0.4066212403
0.5306050733
0.9866789574
0.7528596342
0.6753406260
-1.5718734376
-0.1479045419
-1.7241065255
-0.6108748751
0.6065797082
0.9304753793
0.1598251915
-0.3653332440
-0.7031706478
1.1872184466
2.2649963115
1.2216842515
0.5452116236
1.1028521462
-0.0754785525
-0.4183642885
0.3615514489
0.3686503486
-1.1147432945
-1.1537350795
-2.4710203202
-0.5453336331
1.2278283390
0.0911173292
-0.8899489949
-0.8917820772
-0.7418664558
0.3306665341
-0.5033748660
-0.4532223130
-1.6397412402
0.2213559124
1.0359677107
0.1188702905
0.1322947952
-1.0304102588
0.5278466989
0.5211203669
-0.9938182756
-0.1603655031
-1.2880180816
-2.1538828045
-0.6033469320
-0.8787436622
-1.2847292210
-1.5369605955
1.5436247094
0.3130937132
0.6804885708
0.9943174658
-1.4028808459
1.3407753309
-1.2681151973
-0.8748371616
-1.3662251944
-0.8149311108
-1.2452021531
-2.3399343929
2.0784662035
0.2749337210
-0.5381932920
0.0765137258
0.6333175761
-0.0385386699
-1.0644625929
2.4552908825
-0.3185841427
2.0263897877
-1.8167777436
0.3125070267
0.2235103453
0.2887920537
-0.2323830404
-0.0414657347
0.3443898665
-0.0202980527
1.2670530191
-1.2224860729
-0.6719470696
1.5630110672
0.3541842860
0.3332916127
-0.4473344872
-0.1011562366
-2.0292801155
-1.7539077241
-0.5019514931
-0.2478981968
0.8377168843
0.2598104608
0.2022222366
-0.1150659581
0.7539653885
-0.2405007654
-0.6892016610
0.1440846771
0.0398774558
-0.7964310530
-0.2100108909
-1.1968586538
-2.0110697884
-1.1228212590
0.3269009769
-0.1335350223
-0.8360799440
-0.3437808588
1.4491580611
0.5529041092
1.1160135467
0.1032204345
0.9174977934
-1.4604724155
-0.7556731133
-0.4340645313
-0.0447740257
0.2577466610
0.1285207886
1.2615307490
-0.8882271205
-0.0613590053
0.2367402913
-1.6592299061
2.5608623186
-0.5104868590
-0.5550289854
1.8619195003
0.5982126666
0.1178181287
-1.8516280199
0.6476816249
-1.3087032576
1.4408582909
1.0513586236
-1.0047612955
-1.3096669865
0.7043847736
1.2697569101
-0.2058691635
-1.1821162537
-0.6485824969
0.2276676428
-1.1009731810
0.3834142817
-0.5937158271
-0.2541382767
0.6041101535
1.7358607640
0.3786713687
0.1025241558
-0.6626859323
0.0216190519
-0.6453870286
-0.1478451536
0.4099622670
-0.8690910226
-1.5121243341
-0.0341347083
1.0258543140
1.2425448695
0.2069024587
1.3933871778
-0.4613838926
-0.9025248385
-0.2918163930
1.4171726640
-0.9978062965
1.0619048370
-0.3412642210
0.5953734589
0.9926704192
-1.4123149584
-0.5346644350
0.6164019619
-0.0948008566
1.3987308295
-1.4463334202
0.0242929533
-0.9296541818
0.8145348245
-0.8997084384
-0.6692233147
-1.8391982319
-0.2366335968
-0.4152669332
0.1926053766
-2.2317379434
-0.3636329433
-0.0338326954
0.5916167370
-0.1595786314
-0.4725780131
0.7524405731
-0.1849569453
0.5139689728
-1.0083030198
1.0024410917
-0.0441319928
-0.9005872021
2.5466341264
-0.6348725761
-0.9565517074
0.5362537368
-0.7018481964
0.2305012951
-0.0058731956
-0.0053103317
0.8100965622
-1.1193794111
1.2873483689
0.6690649640
0.5505215307
0.1275914799
0.3775222111
2.6438570829
-2.2124220648
-0.4116332322
-0.0098693120
-1.3045986100
1.1535685878
0.5063236423
-0.7552626157
-0.0960231420
0.5285431339
-0.5474741538
-0.4676622636
0.4511659028
-0.2832757913
0.1100987212
0.2959205156
0.8120818448
-0.7796322259
-0.9176378636
2.1831811163
-0.7220599440
3.1413645032
0.4887564737
-0.4258124571
0.6512384907
-0.2185545556
-1.0284973421
0.1514752724
-0.7821773309
-2.1971653203
2.2229016030
-0.5079964446
0.1292202424
-1.1302311335
0.3342869648
-0.2449409688
-0.4727434334
-2.7260777541
-0.8333211722
-0.3355740144
0.0441523950
0.4845889856
-0.3523432771
-0.2051858311
0.0717395323
-0.0890298309
-0.7865750114
-1.0264953542
0.4999558182
-1.1420110600
-1.3751488895
-0.0678329619
-0.2552078764
-1.1789852304
1.4521298696
-1.0866567151
-0.3315668991
2.2507476103
-0.9399612000
0.8965541978
0.6770092020
-0.8659066218
0.5644211284
-0.2039204151
-0.4589340401
0.7105505409
1.8302576844
-1.1370723846
-1.0173047559
-0.9543275345
-0.3048921150
0.8956008441
-0.6382135923
-0.0462760319
-0.8084041984
-2.5067560153
0.9560604906
-1.1084875260
-0.3640338242
-0.2394839779
-0.3756952307
1.3538358097
-0.8423047309
0.5025397502
-0.0107180823
1.0938244193
2.1400288947
-1.2386076887
-1.0088692410
1.0304979649
0.4324726089
0.0346658762
-1.8401280269
-0.5290947110
-0.8759610982
0.9233405072
0.9415473574
-0.4064916089
0.2818088749
-1.2864347663
-0.5490540166
-0.3913706682
-0.4343653516
-0.4579826498
0.4962940512
-0.0728438306
-0.1204993067
-1.1178491140
-0.1326336316
-0.4083908659
1.1347252065
-0.4325130379
-0.8677734383
-0.4469850360
-0.7963604003
1.0704998395
0.0530405456
-1.0134971663
-1.3021737209
-0.0282793965
0.2695095883
0.4472002234
0.2990943921
1.4828891309
-1.9362122306
-0.3364404756
-0.3103078459
-0.1644179694
1.5435175638
0.1434182498
-0.1082831008
0.8737635158
-2.1896076119
0.3466845410
1.0872498228
0.2056123979
-1.0759320225
-0.7526368343
-0.7580134166
0.8127226011
-0.2861051069
-0.3903915554
-0.6914003518
-0.6865513575
-1.0608562757
0.7861654736
-0.0591557125
-0.2941973626
1.6551502889
0.5015649539
-0.6570905537
-1.2321744785
1.4715678874
1.0051400619
-1.1842661648
-0.2143039672
-0.6499177495
1.2166227098
-1.1228328489
1.0071810764
-0.5195784020
0.6049981704
0.3532076856
0.4494476812
-0.9705577382
-1.0153071944
-1.2122040589
-0.8808877767
0.9656239272
1.8357461513
-0.4431719812
2.1351939985
-1.2140630300
-0.9597415541
-0.1527171762
-1.2600795281
-1.1688277382
0.2125240051
0.0547675156
-0.6470183693
1.5511988210
-1.5290421178
-1.3050865880
-0.2708306504
1.1507408155
-0.0183153691
0.8857309653
-0.4117791069
1.3075291169
0.6744850828
-1.5772584820
-0.8907918946
-0.3565494458
0.5270987334
0.0003875245
-0.0459860353
-1.9771948014
-0.5378349890
2.0309497552
-1.3066518644
1.3926008468
-0.0251292087
1.2757753831
-0.3792915302
-0.5467839612
