14 3 0.06
17 0 3 0 4 1 4 2 4 2 5 3 2 3 3 3 4 3 5 4 0 4 1 4 2 4 3 5 1 5 2 5 3 6 3
21 0 1 0 2 1 1 1 2 1 3 2 1 2 2 2 3 3 1 3 2 3 3 4 1 4 2 4 3 4 4 5 0 5 1 5 2 5 4 5 5 6 0
22 0 0 0 2 1 0 1 1 1 2 1 3 1 5 2 1 2 2 2 3 2 4 2 5 3 1 3 2 3 4 4 1 4 2 4 4 5 1 5 2 5 4 6 1
6 2
0 0
3 8
0 1 1 0 0 0 0 0 0 0 0 0 0 0
0 1 1 1 0 0 0 0 0 0 0 0 0 0
0 1 1 1 0 0 0 0 0 0 0 0 0 0
0 1 1 1 0 0 0 0 1 0 1 0 0 0
0 1 1 1 1 0 0 0 1 1 1 1 0 1
1 1 1 0 1 1 0 0 0 1 1 1 1 1
1 0 0 0 0 1 1 0 0 1 1 0 1 0
0 0 0 0 0 0 1 0 0 1 1 0 1 0
0 0 0 0 0 0 1 1 0 1 1 0 1 0
0 0 0 0 1 1 1 1 0 1 0 0 0 0
0 0 1 1 1 1 0 0 0 0 0 0 0 0
0 0 0 1 1 1 0 0 0 0 0 0 0 0
0 0 0 0 0 1 0 0 0 0 0 0 0 0
0 0 0 0 0 0 0 0 0 0 0 0 0 0
-0.3061610818
1.7904718753
0.7152859386
0.9881864384
-0.8793143402
-0.3862646882
-1.2931895460
0.9362735939
-1.1511481637
-0.1338599971
1.5489912634
-0.3775903037
0.4544246729
0.7471055395
-0.9808660284
-0.7605853365
-0.9148358287
0.0787647611
0.8866106404
1.1066290682
-0.8357999004
-1.6403790321
0.2476510304
0.3586250997
-1.2812816100
-1.4225884858
-0.3255485514
0.1492550736
-1.1217024752
0.1939233624
-1.3652976385
0.6831827477
-1.0621151385
-2.9134270721
0.3751053137
0.0691669376
0.7060958317
1.4533074008
-2.9724134158
-0.6762441948
0.2067535623
-0.7511792531
2.0601886982
-0.3037055357
-0.2492409200
-1.5733929716
-0.4566408555
-0.8085238030
0.2076158523
-0.6417605713
0.3890384121
0.5852501813
1.3404532003
0.7141822324
0.1882211770
-1.7063614786
1.7630712916
1.2408943017
-0.1998146738
0.6370357035
0.7221692800
-0.1307239465
-1.1558025589
0.9689615012
1.7562139942
-1.0258846873
-1.2714228844
1.3122936341
-1.3511092479
0.9667990306
0.1728679874
-0.4685140834
0.6512964665
-1.1557354990
-0.2921773172
-0.5832922892
-1.0930879637
-0.7369498973
0.9384284911
-1.6030709009
0.1642450259
0.4495284332
-1.4972118989
1.5144471516
0.6594785210
-1.3892494001
0.0188857788
0.0475127942
0.0633967477
1.4405893479
0.7498519158
1.9209205304
0.5891533447
1.6896813823
-0.0912811252
0.3411390345
-0.0363707737
1.8019987876
-1.1966021790
-0.5434788562
1.4973786739
1.2883955351
-0.9915961489
0.9098482406
0.1752963717
0.1724302593
-0.2666990804
-0.6736414145
0.8438962424
0.5542991686
-0.3809427237
-0.7412746211
-1.0411942707
-0.0127779513
-0.2583173689
-0.1827625129
0.8526103518
-0.8868971065
0.3261370604
-0.3547765675
0.9668208759
-0.0731594067
1.7646833423
0.2036396200
0.5734075135
-0.2701653431
0.8599360206
0.7531533378
0.4364295280
1.0725741222
-0.3821530737
-0.4823578247
0.7440546233
-0.0862321169
-0.1045103060
-1.1217382053
1.4434799674
-0.5261056574
0.6102229611
-0.3718630598
0.2274445658
0.9519039811
0.6347047840
-0.0508306173
1.0276726014
-0.8194281271
0.0515240009
1.4581452997
-0.6453512762
-0.3702440695
1.4349203073
-0.7811203499
-0.5603724722
1.8760818174
-1.1567118554
-0.4369936285
0.9208723210
-0.7972117554
0.4422972525
0.5355525134
0.5627035416
-1.1162136694
0.0849381011
0.2652875962
2.0080802118
-0.4641081954
-0.8185259054
-0.5207313326
0.4268378478
0.8903114971
0.4864796542
0.1762839542
-0.4633090117
-0.2740474380
1.0522505359
0.5233255717
0.3083430187
-0.4704132927
0.1681301701
-0.7104846101
-0.4383082625
-0.5499032310
-1.6106097505
-1.2776927903
-1.2447651584
0.3163161177
0.1896260824
0.3042223729
1.0105200134
0.3952709145
-1.2338408342
0.1390604356
1.3182751336
-0.2240105344
-0.6033071253
-0.0696186087
0.7428028985
-0.6098162667
-0.6590093054
1.3045213470
-0.6089564425
0.7035369569
2.3969741027
0.5619645252
-0.2118901692
-0.2865109882
-0.7846796793
0.7847492571
0.2193288445
0.1197044109
-1.2590132222
1.2211943830
-0.3436084250
-0.1873847481
-0.0532894053
-0.1865057928
0.0051456106
0.2340917203
2.4950144011
0.6508422771
1.5155718011
-0.1612734109
1.4209072123
-0.5849864545
-0.3866551673
0.2845084873
-1.7675234022
0.6187576434
-0.4798053375
0.0052378724
0.6690532382
-0.8377186030
-0.1214120922
0.7163575450
-0.6382486753
1.2251312101
-0.3513648574
0.2856157796
-0.1261446074
0.7641556620
-0.8688499211
1.7722569510
0.8349155522
1.7853799591
-0.1506009253
-1.0767624935
-0.8361140826
0.5387001463
1.1298604412
-1.2152236507
0.2044802341
-1.6769488251
-1.1863764375
1.3893431735
0.3436558331
-1.2999022803
0.3368881642
1.8457913442
0.3916494534
-0.5375872734
-0.3824109445
-0.1782843436
2.4890078658
0.6297835510
-0.7180898517
-0.3052655382
1.0302355534
-0.1484884447
-1.4392863024
0.4836234836
1.4986496083
0.9233323391
0.0564226555
-0.7884675116
-0.5192185488
1.0949018489
-2.3760415992
-0.1422724822
-1.0074781677
1.5047440891
-0.8090273262
-0.5923619509
-0.1716616458
2.2185952476
-0.1510270379
-1.5893971461
-0.0521402280
0.0651068250
-0.1429096098
0.3329103470
2.6206775029
0.6835061743
0.8214527039
0.1738394822
0.5920332337
1.3902124488
-2.3107650297
0.4394524552
0.0684141904
-1.3064172281
1.1917753420
-0.9181536383
0.5623838316
0.0792265470
0.3675473813
0.0614675840
0.2019670281
2.0887829305
-0.6176359355
0.4380928427
1.5243365270
0.3951086612
-0.1821456711
-0.2148552809
-0.7651701416
0.0484625419
-1.5035719569
0.6159608510
-0.2881202137
-0.5356777073
0.0390833437
-0.5766387750
0.0665868380
-1.1345461028
-1.0835647472
0.0250482635
-0.1996036573
-0.0373949668
0.2656869684
-0.5967596759
0.0604000471
-1.0271585253
-0.5097934291
-1.0165493946
0.0203945650
1.0099800411
-1.1825759992
1.1323632363
-0.2372050497
0.7420822707
0.7617065343
0.5086523947
-0.1287782567
1.3591161940
2.0744402656
0.2443873378
-1.9271053541
0.2923373061
0.1228920412
-0.8552790296
0.1744711992
-2.1858888801
0.4680397816
0.0211566514
-0.6279264643
1.4244622733
-0.6037887479
1.6985283341
-0.3321947216
0.7495074882
-0.0251196742
0.5293483971
0.7958593921
-0.7456163805
-1.4601826378
-0.4745619597
0.1371584109
-0.1589610576
-0.6250150342
-0.6744340664
0.5144933082
-0.2947640474
0.3723081477
-1.1433906883
-0.6887930943
2.0123578308
-1.5458727477
-2.3610892069
0.8356010969
0.1910591479
0.4515415372
1.4613356375
0.4035170242
0.4325320611
-1.2333446098
-0.7846792946
-0.9250205732
-3.7556178172
1.6348620700
1.0033252028
-0.0832214784
-0.2150888540
