13 8 0.01
12 0 3 1 3 2 0 2 3 3 0 3 1 3 2 3 3 4 1 4 2 4 3 4 4
11 0 1 0 2 1 1 2 1 3 0 3 1 3 2 4 0 4 1 4 2 5 1
11 0 0 1 0 2 0 2 1 2 2 3 1 3 2 3 3 4 1 4 2 5 2
12 0 1 0 4 1 0 1 1 1 2 1 3 1 4 2 1 2 2 2 3 3 3 3 4
9 0 0 0 2 1 0 1 1 1 2 2 0 2 2 3 0 4 0
10 0 3 0 4 1 0 1 1 1 2 1 3 1 4 2 1 2 3 2 4
10 0 0 0 1 0 2 1 0 1 1 1 2 1 3 1 4 2 0 2 2
10 0 1 0 2 0 4 0 5 1 0 1 1 1 2 1 3 1 4 2 4
7 0
6 7
7 9
3 7
6 6
8 8
2 0
9 1
0 0 0 0 0 0 0 0 0 0 0 0 0
0 0 0 0 0 0 0 0 0 0 0 0 0
1 1 1 0 0 0 0 0 0 0 0 0 0
1 1 1 1 1 0 0 0 1 0 0 1 0
1 0 1 0 0 0 0 1 1 1 1 1 0
0 0 0 0 0 0 0 0 1 1 1 0 0
0 0 0 0 0 0 1 0 2 1 1 1 0
0 0 0 1 0 0 1 1 2 1 0 0 0
0 0 0 1 0 0 1 0 2 1 0 1 1
1 0 1 2 0 1 2 1 2 3 2 2 1
1 2 2 2 1 1 1 1 1 2 1 2 2
0 1 1 1 1 1 0 0 1 0 1 1 0
0 0 0 0 0 0 0 0 0 0 0 1 0
-0.9062055500
-1.6590090957
0.0520543871
-0.6709552823
-0.5117504430
0.4973349244
-0.9369028065
-0.2252279848
0.2923059352
0.1579840725
-0.1348060008
-0.6095562739
0.8435124660
0.6008474080
-1.4026859080
-0.2585267616
-1.4671632215
-0.3742826885
-0.5582283048
-1.2171247662
-1.2299267948
1.2171288642
-1.0915619268
0.1531742956
-0.0664857562
0.6211687054
-1.8665175511
-0.2152495072
-1.6181043688
1.1526579362
-0.8191966325
0.0708660198
0.5409953953
1.1945631143
0.3776622470
-2.2849648166
1.2655413345
-1.3164916478
0.8808623636
0.6878593900
1.5894172275
0.4544298396
0.5801340413
0.0370960223
0.8481638183
0.0590763322
-0.6584842382
-0.0063562802
-0.8223976349
-0.2142395898
0.1653965972
0.2844434117
-1.2145146988
0.6579604190
0.4392740612
0.0307647346
-0.7219465407
-0.0041568486
1.7814480816
-1.2131315906
0.6458372185
-1.3834914610
-0.6294288323
0.1038215972
2.1471669602
-0.0256189545
-0.9768335182
-0.0302942261
0.1441231442
0.1341822011
-1.8358493308
0.7208712825
-0.9959868840
2.0104109612
-0.8999679487
-1.1873090698
0.4092220829
0.6880927676
1.2583924870
0.7431549201
-1.0366933093
-0.2859556555
0.7861708593
-0.0985980248
-1.2225727393
-0.4627602872
0.4745824623
-0.2884244666
-0.2557147699
0.6085975710
0.1758874918
0.6098074281
-0.5584765717
-1.7417858390
-0.0254794259
0.8693166415
0.4337760169
0.1852710091
0.5291287321
0.4079195058
-0.5470374379
-0.6478747286
0.0699899560
-0.0119177074
-0.2670883925
0.7514584430
-0.6079174177
-0.7825463856
-0.6838503528
1.6724636010
-0.2532095625
-0.7163799855
0.5796860689
-0.7124632126
-0.1984396223
2.0802425142
-1.3622880247
0.4696725329
-0.2785195428
0.0240471029
0.6316592245
-1.9016043862
-0.6704399224
-0.0565159198
-0.7480897926
1.5102844958
-0.6413600675
0.0019589313
-1.3483833591
1.0599310335
0.5796384234
0.8109064537
-0.9229646287
1.3481187674
-0.2808694380
-0.8275428502
0.2504593222
1.6865281651
-0.3607853620
1.5085670719
-1.5514122142
0.0233572674
2.1067185129
-2.6171424434
1.3981243283
-0.0525590786
0.4890435379
-0.1309508952
0.4267673666
-0.0511566680
-0.1049983350
1.1822103382
-2.9907137809
-0.5851227975
-0.2771330633
0.5865126429
1.1087774353
-0.6869531247
-0.7979912636
0.0480313370
-1.8593505832
0.9495199093
0.4382885240
-0.2352392706
-1.8036063526
0.0023663538
-1.3347951228
-0.1942509767
0.0370995382
0.5186175434
-0.3897261886
1.0798034249
0.5848225588
-0.0851765161
-0.5687189941
-0.6841418597
0.2638029166
-0.6929497169
-0.6669558467
1.0047160094
1.1596233286
0.9779028262
-0.0588242616
0.1313673475
-1.8212309929
-0.3504226602
-0.3720464775
-0.7456345981
-0.5678989880
1.3731672067
-0.7627305704
-1.0073383771
-1.6423993027
1.0292567319
0.9412303330
0.5935588528
1.0277062232
0.1413887307
-1.8018121986
-0.2782879578
-0.4178598660
-0.2051704708
1.8736338213
-0.4998316399
-0.1079572561
-0.4760733653
-0.0882534047
2.4652082886
-0.5458509796
0.9391277825
-0.4324863318
-1.2100417141
-1.0257253840
1.5978812338
0.1876619112
-1.4967100815
-0.3817450740
-0.4014845217
1.6036774711
0.7336944085
-0.6175484016
0.7191912395
1.4200292345
0.6226908846
2.0149649384
-0.1953285860
0.0981312978
-0.4408085296
-0.6939580097
-0.8519116351
0.1279592762
0.9630242283
1.2009584559
-0.5019128792
1.7958531399
-0.0427355923
-0.0650780466
1.1636407328
0.6935541044
1.5710902038
-1.1021258438
-0.6517779610
0.2770698428
2.7976148327
0.1648198420
0.1699336628
0.3057570987
-0.5206297063
-0.3267070628
1.7886772059
-0.8470113674
0.6186106855
-0.3555705811
0.1778249677
-0.5317637648
0.8867745075
-1.5561544455
1.7254386069
-0.2678907884
0.1581322087
1.0250935332
0.6399749598
0.3035194104
0.0573517553
0.0211538077
0.1602690903
0.8441937147
0.1393718885
0.4964235296
-1.4177577596
0.2412227391
0.1848192133
0.4832142932
-0.5221865752
-0.6952463230
-0.0940107584
-1.3718448989
-0.7768406560
-0.3221677674
0.4218042461
-1.4059845694
-0.6672584153
-0.5147627481
-0.9137886166
1.7658642526
0.7406549891
1.6442452265
-0.0446516214
-1.8607547902
-0.3713045751
-0.5231280197
0.2889247217
0.6141759846
-1.1776575929
-0.3701126797
-1.9176945147
-0.0549684310
1.2987124107
-0.2220407554
-0.7932423796
1.0555249604
-0.2261488453
1.6168881373
-0.7254641770
-0.2051573951
-0.0051548156
-0.0149246751
0.2750374932
0.5053473137
0.4975882247
-0.7294021679
-2.5389320386
-0.0605967778
-0.4858666800
-1.2409416661
0.2627340163
-1.0712574244
0.0002024434
-1.0486420223
0.7765104978
0.6908358461
-1.4712690089
-0.1415212185
0.2831254937
0.2579994108
0.6675498416
0.3605168251
-1.1357561042
0.3817010764
0.3686785364
1.4052675678
-1.6612798380
-1.7380154023
0.7674006842
0.2023500857
-0.4363380891
0.6362912977
-1.4209012234
