15 9 0.20
8 0 1 0 2 1 1 1 2 2 0 2 1 2 2 3 0
12 0 2 0 3 1 1 1 2 1 3 2 0 2 1 2 2 2 3 3 1 3 2 4 2
18 0 1 0 2 1 0 1 1 1 2 2 0 2 1 3 0 3 1 3 2 3 3 3 4 3 5 4 0 4 1 4 2 4 3 5 2
16 0 2 0 3 0 4 1 1 1 3 1 4 1 5 2 0 2 1 2 2 2 3 2 4 3 1 3 3 3 4 4 1
7 0 0 1 0 1 1 2 0 2 1 2 2 3 0
9 0 2 1 2 2 2 3 2 4 0 4 1 4 2 5 2 5 3
10 0 0 0 1 0 2 1 1 1 2 1 3 2 1 3 1 3 2 4 1
17 0 0 0 1 1 0 1 2 1 3 2 0 2 1 2 2 2 3 2 4 3 0 3 1 3 3 3 4 3 5 4 2 4 3
16 0 3 0 4 1 0 1 1 1 2 1 3 2 0 2 1 2 2 2 3 3 0 3 1 3 2 3 3 4 0 4 2
6 0
4 9
0 5
2 0
2 9
9 3
6 1
2 3
8 0
0 0 0 0 0 0 1 1 0 0 0 0 0 0 0
0 0 0 0 0 1 1 1 0 0 0 0 0 0 0
0 0 1 2 2 1 1 0 0 1 0 0 0 0 0
0 1 0 2 1 3 2 1 1 2 2 0 0 0 0
1 1 1 2 2 2 2 2 1 1 1 2 1 0 0
0 1 0 2 2 0 1 2 1 1 1 1 1 0 0
0 3 2 1 0 1 1 0 0 1 1 1 1 0 0
0 1 2 1 1 0 0 0 0 0 1 1 0 0 0
1 1 2 1 1 0 0 0 0 0 0 1 0 0 0
2 1 2 2 0 1 0 0 0 0 0 0 0 0 0
1 1 2 1 0 1 0 0 0 0 0 0 0 0 0
1 1 1 1 0 1 0 0 0 0 0 0 0 0 0
1 0 1 0 0 1 0 0 0 0 0 0 0 0 0
0 0 0 1 1 1 0 0 0 0 0 0 0 0 0
0 0 0 0 0 1 1 0 0 0 0 0 0 0 0
-0.5495218680
0.0270996751
0.6967475032
0.5457014212
-0.3531715389
-0.3312673786
-0.0179234448
1.4982581608
-1.3155696495
-0.0283380530
1.0651365799
0.0706996821
0.7882857577
-0.0688031581
-1.1155424086
-0.1081092696
-0.7554358848
0.0498781888
1.6800561866
-0.4226488482
1.4625403772
0.5234961164
-1.2969518735
0.5264932745
1.1721481788
3.1445786005
0.3421372815
-0.8233566958
0.5844642370
1.0153543097
1.1718190807
-2.2521988186
0.0457126040
0.4999117862
-0.4021608521
-0.9363961476
-0.2950204665
-1.0464817561
1.1765001186
-0.0994597616
-0.2761264268
2.3364938380
-0.6396624051
1.1033757524
-0.4131560182
-0.3892349481
0.0454063944
0.2651627426
-1.9829332847
0.5349485255
1.3947420627
-0.6019591854
0.4460316399
1.7433874938
-1.1244217901
-1.6335204493
-1.1920567639
0.2828258898
0.9142494123
-0.0956862394
0.9957271802
1.0341989746
-1.8008862906
1.4540507084
-2.1256098102
-0.4056366598
-1.4352881950
0.2662590378
1.5856058163
1.1792580922
-0.9450244658
-0.3470117346
0.3124292817
-0.1242012271
-0.0957652301
-0.3657882820
-0.4560588351
-0.1416807866
0.9911119328
-1.7066371794
-0.2474293219
1.2072663436
1.0836827502
0.6602846476
-1.6762440185
-0.8779135866
0.5963118724
0.1892584977
-0.1076347892
0.9217164405
-0.7207332751
0.9687629651
-1.5214182925
-1.5933574291
1.7273200480
-0.3733374605
-1.0925394824
-0.2206477434
-2.1901844273
-0.0001027061
0.9381449163
-0.2591915116
0.1120309909
-1.6038066038
-0.2230012806
0.1895494186
-0.5214140434
-1.0842841360
1.4991080633
-0.7744719167
-0.7026342703
-0.3698353516
-0.2362492716
3.1799975382
-1.3895633128
0.4022599538
0.2180886281
-0.5809098475
-0.3407078444
0.0502356956
-1.2668485986
-0.7367014291
-0.3103470134
0.5804417909
1.6328495459
2.1411937837
-0.6251306822
-1.9590324832
-0.3527382513
-0.8042572701
-0.9184743928
-0.4213649741
0.0146481114
1.1844408777
-0.3451765604
0.8280360526
1.7688896155
0.7288195711
1.4405943060
-1.9129179249
0.4692296218
0.1354929294
-0.1503245072
-0.7275578504
-1.2736805022
0.0085286095
1.4921760347
0.6863302606
-0.3531877374
0.5250869627
-0.3680967552
-0.4831615207
1.8432482543
-0.4042221205
0.8173247895
1.1173935586
-1.3080591689
0.5257096301
1.2600042385
1.0521602298
1.3060259554
-1.6600381875
-0.7444526910
0.8339392553
1.3099223315
-1.0053920535
-0.9220218026
-0.7423586705
-0.0006611580
-0.1800308170
-0.5138712621
-0.5491491496
0.6760512275
0.2390245014
-0.1752489541
-0.9720655796
0.2437547826
-0.2280233438
0.7239006635
0.2011140900
-0.6148987161
-0.4853190385
2.4767563722
1.3242914075
-1.5692118937
0.2880610496
-0.7201173595
-0.0024621099
-1.1809699636
0.7963139470
-0.2021943620
-0.6492106763
-0.1065609590
0.4923256104
-1.1136441658
-0.7010300224
0.9980356139
-1.0410434388
-0.6366967490
0.0455016779
1.2583638622
0.0738379539
-0.1504169078
-1.1671768600
0.1842544146
-0.3129135108
-0.1752620998
0.0093707453
0.4694773114
1.3785890679
2.4448213211
-0.9999074437
0.2988683692
-1.0600613125
0.7261141407
-0.3323403375
0.7474146976
-0.4400887798
0.6334635895
-0.1829513797
0.1069764545
-1.0592764063
-0.6693206437
0.4951573036
-0.2707328605
-1.4719247725
3.1812984633
0.8889396318
1.4209680339
0.5701728514
-0.3543692637
0.1131869334
-0.5982511709
-0.2918101036
-0.2633949789
-0.8208335998
-0.2663740005
-0.5470131893
-0.7929269707
1.9064426891
0.4809789476
0.8683731305
0.3044648817
0.0633315311
0.1828141986
0.3404562133
0.1838662378
0.4919809283
-1.0271449751
-0.4885959195
-0.5307780763
0.2542774438
-0.2581081507
0.0849695193
0.4470628341
-0.5314501768
1.0768597718
-0.8863219583
0.1151318164
0.7293044674
-0.0372926646
1.2518713903
0.3112976866
0.4149695506
-0.7961286968
0.5221460782
0.3398060431
-0.4678521259
0.0237112559
-0.6701783692
0.0799587493
-1.0977763734
1.3259955832
-0.5434539894
0.3680980054
-0.4878430025
0.6582415103
0.3696618694
1.2516546807
-2.0640954530
-1.1126023307
0.4711876010
-0.5546583905
1.0899912619
-0.5227117626
1.1112096014
1.2702531334
0.4656305350
-1.2679545532
-1.0157628549
0.2480144048
0.1800234959
-0.9801402102
0.5058924802
-0.0015887700
-2.7160293974
0.1765046425
1.6790868739
1.1789829322
1.2592464290
-1.0317750144
-0.8044025896
0.0434581566
2.6988610641
0.6596322024
0.7105774475
0.6186456229
0.0391048331
-0.2942859682
0.7580934155
-0.0166629714
0.2376006548
0.1068759278
-1.1870572478
-0.9964763293
0.0096782508
-0.8162330847
1.2591739268
-0.8672713929
-0.6518338643
1.3142250888
1.3179697922
0.7473203334
0.7424676190
0.4796114669
-0.9464045036
-0.6181480235
-0.5667890382
-0.5439879199
0.3940125835
1.6017965667
-0.7048033879
-1.1245355561
-0.0248820020
0.4787383866
-2.0886646283
-1.8561105674
0.8149171203
0.2763161900
-0.2137160831
-0.1243769321
-1.2601575976
-1.4779566621
-2.6007009362
0.5483748276
0.5842404581
-0.8521489533
-1.5328119616
0.8194209157
-0.3780464634
0.7626825910
0.5264706465
1.7383728988
-0.9158267247
-0.6228495025
-0.9893161085
-0.9842336338
0.7522830317
-1.7231549958
-0.6233729224
0.5340229676
-1.9688697515
-1.4141859931
1.8303321841
-0.1031174130
2.2654192737
-0.2269168061
-1.2746669376
-0.9540269322
0.6803837976
0.5900142527
0.0518747907
-0.3449264397
-1.5808826936
-1.5330393319
0.2912897700
-0.8107412988
-1.2920827851
2.0208081759
0.0869117152
-2.9967411794
-0.4097917602
-0.0673360218
0.3929969101
1.1545418737
-0.4975622951
-0.7315019570
-1.6070273093
0.5110267222
-0.9515361067
-0.4986567970
1.0116729848
-0.5091889298
-0.2103569437
0.2407550902
1.9650026655
0.7475557666
-0.6037969195
-1.3417781765
1.6228249657
-0.4140445248
-0.1582062378
0.9795800408
-0.0125992894
0.1453156048
-0.7695777147
-0.0909425820
-1.6555822401
1.8460147738
0.1387558633
0.6057096212
-2.2080983574
-0.7653507939
-0.8938439011
-0.3636676184
0.7683220838
0.1251580465
1.1216776128
-2.0656848844
-1.6143347745
0.4962795185
1.3869431357
-2.7670092888
-1.7406470946
-0.2172511674
1.0943154418
1.4019946940
-0.7357690996
-0.7862001162
-0.0495203913
-0.1364369544
-1.2042872588
1.3422464990
-3.3005393997
-0.6706686331
-0.2385523148
0.8422858170
-1.0059873123
1.2849163502
0.6884015221
0.8917935076
0.2889150235
1.2272569895
2.0873031426
-1.2412577696
-0.0649892983
0.3812247357
-0.4543329745
-0.4090183190
0.6289238905
