15 5 0.15
28 0 3 1 2 1 3 1 4 1 5 2 0 2 1 2 2 2 3 2 4 3 2 3 3 3 4 3 5 4 2 4 3 4 4 4 5 5 1 5 2 5 3 5 4 5 5 6 1 6 2 6 3 6 4 7 3
14 0 1 0 3 1 1 1 3 2 1 2 2 2 3 3 1 3 2 4 0 4 1 4 2 4 3 5 0
12 0 2 1 0 1 1 1 2 1 3 2 1 2 2 2 3 2 4 2 5 3 3 4 3
14 0 1 0 2 1 0 1 1 1 2 2 0 2 1 2 2 2 3 2 4 3 3 4 3 4 4 5 3
6 0 0 0 1 1 0 1 1 1 2 2 0
1 3
3 5
5 4
8 1
1 11
0 0 0 0 0 0 0 0 0 0 0 0 0 0 0
0 0 0 0 0 0 1 0 0 0 0 1 1 0 0
0 0 0 0 0 1 1 1 1 0 0 1 1 1 0
0 0 0 1 1 1 2 1 1 0 0 1 0 0 0
0 0 0 0 0 1 2 1 2 0 0 0 0 0 0
0 0 0 0 0 1 3 2 2 0 0 0 0 0 0
0 0 0 0 2 2 3 3 1 0 0 0 0 0 0
0 0 0 0 1 3 3 3 2 1 0 0 0 0 0
0 0 1 1 0 1 1 1 0 0 0 0 0 0 0
0 1 1 1 0 0 0 1 0 0 0 0 0 0 0
0 1 1 1 1 1 0 0 0 0 0 0 0 0 0
0 0 0 0 1 0 0 0 0 0 0 0 0 0 0
0 0 0 0 1 1 0 0 0 0 0 0 0 0 0
0 0 0 0 1 0 0 0 0 0 0 0 0 0 0
0 0 0 0 0 0 0 0 0 0 0 0 0 0 0
0.7717959296
1.2939222036
-0.8685341808
1.2691251546
0.7423048966
1.0493549484
-0.3429020049
1.2175538006
0.4035869864
0.7054626548
-0.3253969773
-1.9031611024
0.2930143024
-0.6902541881
-0.8549010772
-0.2336892265
-0.4053427315
-2.3152038459
-0.6640998958
-2.1373026376
0.1822597541
0.6688726152
1.1769270829
-0.5629952705
0.9383842928
0.2704523052
0.3679279027
1.1173081370
0.1332545003
1.7726150985
0.2947468474
0.9138680153
0.9749321934
0.1439511339
0.4854554988
0.2808552253
-0.0442062843
0.2030149930
-0.7193858248
1.3890593767
-1.9865090058
0.4273984698
1.5042474703
-0.9119242756
-0.2688778161
0.1091130849
0.0230202058
-0.1036741086
-2.0409957160
1.8118931431
-0.7405823311
-0.1194722267
0.8016344329
0.0290787949
0.5897994087
-0.4415078545
0.2956746857
0.2417532678
1.7316328018
-1.6483834830
0.3487591431
1.7649698064
-0.2821554337
-0.0429126871
-0.4545184030
0.3373598929
-1.1222127736
-0.0973769389
0.5940960017
0.6155329915
-1.0832321874
0.5820659569
0.1969053373
0.8971668223
-1.0619771706
-1.7357027492
-0.1455547969
-0.6119327853
-1.7280151194
-1.7475258930
-1.6851825982
-0.4530896006
0.6250372636
-0.4693638469
0.7802262012
-0.0472467978
0.4768019001
1.6291510035
0.4859948468
-0.4780449289
0.9266913748
1.4865925553
1.0963846257
-0.8977839868
1.4049191282
0.7535346593
0.9726455353
-1.6825760165
0.7368253982
0.1543706825
-0.5776994199
-0.3381669263
-0.4612137966
0.9059923559
-0.4746853119
1.0487820082
-1.7517818919
-0.3323384289
-0.3817305595
0.4648334464
-3.2629740599
1.1669825173
-1.0875814078
1.9894558881
-1.9838987082
-1.4720222631
-0.3624703733
0.6004785607
-1.1080689452
-1.3461182009
1.2682640645
-1.8802286344
-0.2746838428
-1.0885479678
-1.8010780895
-1.9197839681
-0.7632663880
1.1598193716
0.4634910907
0.4303486758
0.2527724266
0.0411395312
-0.4708001042
1.1631325913
0.3669479298
0.4255340376
-0.2362058901
0.8327027016
0.3791790637
0.5213473508
-0.0285856220
0.3520071355
-0.2862612776
-0.0158979644
-0.1084046530
-1.4581492105
-1.2976532257
-0.3916183812
0.0754539232
-0.4840384742
1.1723271064
-0.8976291993
0.1263109957
-0.5710157896
1.3537352987
-1.3135577494
0.8582290037
0.6335107585
1.1687049833
-0.8611548990
-0.8927294971
0.6681452763
0.6521175200
-0.2349384855
0.4664782619
1.6920014389
0.1343672518
0.6515129804
0.7076818711
0.1520282839
-0.0665002890
-0.0631132176
-0.3749639009
-0.4688632507
1.0878303965
1.0393240371
-0.1827523914
-1.4132335387
0.5809410293
-1.5031754303
-0.1474909043
0.5359525116
-0.9114728742
-1.0018364830
0.4453972553
-0.5336698317
-0.0870205816
-1.6822380972
-1.6492842875
0.8735615186
0.0040480947
-1.3754699562
0.2952848680
0.9964198443
-0.4011423019
0.5594830399
1.9310659584
0.1828096298
0.3809639084
2.9629062748
-0.5248016938
-0.0201436957
0.5042295021
-0.1417023469
-1.5062129898
1.1670930727
1.5175022851
0.1184107087
-0.2164429188
-1.2456777222
0.2369753968
-0.6822072599
-0.0540545822
0.5363473675
-0.7500733993
-2.2603029346
-0.7272310014
1.1180720017
0.3810159118
-0.2428583035
-0.2985492763
0.1755369888
0.5058472628
-1.0985387439
-1.0440252653
-0.7347792091
-1.4261506063
-0.2843477797
0.3134899320
-0.5131939782
-0.4537790554
1.4646097124
0.9132731235
-1.0304274298
-0.4673799195
0.6837029935
1.5777036172
0.3936353791
0.1459928338
-0.1981005472
-1.4043952454
0.7169869110
-0.4021705811
0.0421470348
1.9671424733
1.5500637079
-0.9004739096
0.0335133291
0.9444006867
-0.1582416726
-2.2621117851
1.1933104135
-0.2968253776
0.1776803142
-1.0870990576
0.1407012494
-0.2811935585
1.0464055092
0.3335499461
-0.6982368266
-0.6358301120
0.2019412842
-0.5852830451
1.1503335352
-0.3171369815
-0.3754245560
2.3265148464
1.0926052007
0.0946295958
1.8173787467
0.2461076028
-1.5959650322
2.0470246757
2.1701396195
0.9086126571
0.3227767022
0.3209336111
-0.7950262432
0.8603523478
1.7445466577
-0.6735456881
0.0143582409
0.1038017595
-0.5742396002
0.6918162597
-2.0569733322
-1.3730162434
0.3348654365
0.6121230162
-1.5653039942
0.2557679583
0.8172904999
-0.3689316866
0.2486644319
-0.1442928142
-0.3377674958
0.7347436374
-0.7011735434
1.2510910662
-0.5104920506
0.6779932711
-1.6091253502
0.8245665401
1.4081588798
0.0858850036
-1.0813660311
-0.3352383276
0.1043054870
-0.8621665793
0.4468597911
-0.3704510503
-0.1946388335
-0.8718364669
0.5783458294
0.1054429917
0.9891529342
0.2162841025
-1.2349342944
-0.3567785559
-0.3992830688
-0.1824740894
-1.5499159418
-0.4665697054
0.8066179654
0.1403649540
0.3081434199
0.5231082829
0.3954348904
-0.1402837059
0.8295136608
-1.0703918376
-2.0651288310
-0.4184905004
0.1974420949
-0.5668999279
-0.0604773748
1.0620020059
-1.9102382261
-1.3325443403
-0.7858482331
0.9186771857
0.5168214855
-0.8746308796
0.0423487258
-0.2899856990
-0.9817344327
-0.0658471817
-0.3015661870
0.4369146519
1.2807751380
-0.2397243620
-1.1877879219
0.8458311914
0.3764827200
1.1447596361
-1.0031101606
1.1514498907
0.5616944411
1.6936558088
0.8801107276
-0.9482282880
-0.3794737358
0.3725607457
0.3330202177
0.9629919050
-0.0673704158
0.9647454374
-0.6161401535
-0.2611182052
-0.1754498094
-0.0640712273
-0.5849070725
0.0400417214
-0.5670395640
-0.9266686169
-0.0153193970
-0.9008212482
0.0314523776
-0.1087316640
-1.2003007728
0.5184939156
-0.5150611267
-0.8165672915
0.1948555830
0.9120976654
-0.4058196255
-0.0777381584
-0.5316331678
0.2632088882
1.8440438109
-0.4119164345
-0.7715093118
1.4844581777
-0.4860412071
-0.5470472448
0.8717008823
0.2779276713
-0.4963121129
0.4866032253
-0.6024542088
0.4672181399
0.4238321283
0.2900820971
2.4263420335
-0.0500633234
-1.2443191153
-1.6686186257
-0.5546385262
0.3032083827
0.2088115143
-1.2311943866
0.1513881398
0.5885472078
-0.9988812679
-0.4641289516
-0.7697776128
1.1873379012
0.8760186865
-0.1748429627
-0.1041991041
1.2219400598
0.9095429063
2.1709835779
-0.4114289356
0.0816310778
-0.4114215513
0.9809652370
-0.7632992188
-1.8975702208
-0.7538501208
0.3481661055
-0.8574005447
-0.3173244266
2.1854425242
-0.2497409979
2.2193838350
-1.6266796579
-0.9285592330
-1.0799794483
-0.1498156388
0.5645622670
-1.5081245821
0.6278204506
0.1043026119
-0.6163987042
2.3172741066
1.2835827647
1.3843508123
0.5024101346
-0.8254936965
