16 6 0.09
14 0 2 0 4 1 2 1 3 1 4 1 5 2 0 2 1 2 2 2 3 2 4 2 5 3 0 3 2
26 0 0 0 1 0 3 0 4 0 5 1 0 1 1 1 2 1 3 1 4 1 5 1 6 2 1 2 2 2 3 2 4 2 5 2 6 3 1 3 2 3 3 3 5 4 0 4 1 5 1 5 2
12 0 0 0 2 0 3 1 0 1 1 1 2 1 3 2 0 2 1 2 3 2 4 3 0
12 0 2 1 1 1 2 1 3 2 0 2 1 2 2 2 3 3 1 3 3 4 1 4 3
28 0 2 1 2 2 2 2 6 2 7 3 1 3 2 3 3 3 5 3 6 3 7 4 2 4 3 4 4 4 5 4 6 4 7 5 1 5 2 5 3 5 4 5 5 6 1 6 4 6 5 7 0 7 1 7 4
26 0 3 0 4 0 5 0 7 0 8 1 0 1 1 1 2 1 3 1 4 1 5 1 6 1 7 1 8 1 9 1 10 2 2 2 5 2 6 2 7 2 8 2 9 2 10 3 6 3 7 4 7
2 9
4 0
10 1
0 6
5 6
7 4
0 0 0 0 0 0 0 0 1 0 0 0 0 0 0 0
0 0 0 0 0 0 0 1 1 1 0 0 0 0 0 0
0 0 0 0 0 0 1 1 1 1 0 1 0 1 0 0
0 0 0 0 0 0 0 1 0 1 0 1 1 1 1 0
1 1 0 1 1 1 0 1 0 2 1 1 1 1 1 0
1 1 1 1 1 1 1 0 1 1 0 1 0 0 0 0
0 1 1 1 1 1 1 0 1 0 0 0 0 0 0 0
0 1 1 1 0 1 0 1 2 1 0 1 2 1 0 0
1 1 0 0 1 1 1 2 2 2 1 2 2 2 1 0
0 1 1 0 0 0 1 0 1 2 2 2 2 2 1 0
0 1 0 1 1 0 0 1 1 1 2 2 0 0 0 0
0 1 1 1 1 0 0 1 0 0 1 2 0 0 0 0
0 1 1 0 1 1 1 1 0 0 1 0 0 0 0 0
0 1 0 0 0 0 0 0 0 0 0 0 0 0 0 0
0 0 0 0 0 0 0 0 0 0 0 0 0 0 0 0
0 0 0 0 0 0 0 0 0 0 0 0 0 0 0 0
-0.3187052197
0.2524612958
0.4268848506
-0.1424160600
-1.3580294647
-1.1859892128
-0.4033904954
-0.7812179222
-0.3041354154
0.0484654054
0.4881287938
0.6331923713
1.0350366559
-0.1919762812
0.7210935677
-1.2317958737
-1.0797583408
-0.3282265548
-0.0431294907
1.0456695064
1.4806980338
0.2669434663
0.7405045630
-0.0242301965
-1.3727732496
-0.2004852614
-0.2676159322
-0.4675271627
-0.9935282962
-0.8182528239
0.8111965725
-0.6469864763
1.5458295208
1.8214103533
-0.9459738056
-0.9535026314
-0.2695988250
0.2736441542
-0.3863971624
0.1420831486
-0.3202169439
-1.2578602022
-2.2566798089
-0.4432237841
0.4527689326
-0.0485915677
-1.7717241459
0.4365868533
1.2081982034
0.0560838877
-0.0878376488
1.2184310025
1.3344648996
1.5294113321
-0.6687901540
1.6010560806
-0.5498464126
-0.3309834840
-0.1021653829
-0.7682835540
-0.3634574434
-0.9955077112
0.8451109939
0.9559158109
-0.0795521206
1.3877892913
-0.6817486384
0.1038727661
-0.9635824606
-1.2790189005
-0.4588679247
-0.4481105700
0.5465255875
-1.0240746794
-2.5229401234
0.0109230928
2.0135130642
-1.9930401261
-0.1090883836
-0.2380153603
-0.2067237844
0.7614991036
0.3728804336
-0.4480793779
1.0544060238
-0.3292279316
0.6369869953
-0.3759931670
0.3825738355
-0.5644298209
0.9909318018
0.5778877557
-0.1206486697
-1.7785254504
0.6945415615
-0.5647253041
1.1252786606
0.6364746798
-0.3805988119
-0.5147749785
1.3140137161
-0.1617909273
1.5201593291
0.0455852133
0.2849278182
1.1257699113
1.2607921928
0.8012883679
1.3828396349
0.9287772055
-1.0915108053
0.9440855738
0.0373348220
-0.3326280212
0.1686164304
-0.2474753076
1.1498662099
-0.1459197198
-0.4741171985
1.7308141054
-0.9335621409
-0.8019106991
-0.0023343094
-0.5479516198
-0.6493295611
0.0932111972
0.8856508471
0.5820126189
-0.0935642198
0.4003169478
1.2641701399
-1.5779027297
-0.7436236708
1.3905265783
0.4592079166
1.9266444639
-1.2725711502
2.2206318142
0.7870777459
-0.7317035602
-1.1972748164
-0.3280998075
1.1609676618
-0.5867532936
-2.2147849175
-0.5252721230
-0.5182392916
2.4313751807
-0.3546533868
-0.8026499434
0.2111079447
-2.2186609386
1.0162673762
1.9364449459
0.6182158145
-0.1150414685
1.8469973701
-0.1791301284
0.0457716995
0.1329297580
-0.5600883603
-0.6958748814
0.4258353188
-1.2527619908
-0.1555941955
0.3501284155
-0.9831370382
0.8611980502
0.7580548460
0.1872141604
-0.3433548708
0.7526807220
1.7798627686
-2.0157032618
0.4471266757
-0.9620817335
-0.7068559037
0.4375864497
-0.4836498364
0.6778370783
2.8804906029
-0.0992822523
0.5088106383
-0.5617917736
1.5865475215
1.7442994844
0.7210678366
-0.3007099272
-0.7663749004
0.8735031669
0.7596994238
-1.1153637378
-0.8689971909
-0.7193654673
-0.6894782877
-0.1890636057
-1.0527393219
0.5019223484
0.0588450783
-0.0816251424
-1.6410947692
0.3266666598
0.2111884077
-0.6093384925
1.1074286197
-0.1069400271
-0.3807843515
0.3367653400
-1.5881802655
-0.0035972876
1.8380586607
-0.8339138706
-0.8578106953
0.8581167886
-1.2687915866
-0.3934658431
0.2647624487
-0.8327107295
-0.5125339022
-0.1923207143
-0.0486395429
-0.8297693872
-0.7588485333
-0.9950174549
-0.1871976272
0.6930162361
0.3290378214
0.6020435978
-2.0593602468
-0.6227356568
1.4364490216
1.2517530896
-0.7138115832
-0.0098462269
-0.0964872202
0.9072446618
0.0794625598
0.1523596661
0.7385861274
-0.5160673206
1.3911272002
-0.8567092915
-1.7189716819
1.2912965363
0.3323621103
-0.3023065880
0.4476336265
-1.2800141230
-0.1518946333
0.5488547595
0.0658259133
0.4232450324
-0.5565755886
-0.1505142855
0.2052095293
1.6981995460
-0.1188932939
-0.2095364594
-0.6791403269
-1.4656845651
0.3524336723
0.1123155530
-0.2243296458
-2.8489527431
0.2803863678
1.0298581755
2.3426040128
-0.3094113859
0.7164028233
0.6932153880
0.2928948346
0.1914836898
-0.8710064824
0.3127866667
0.7245628420
0.8681555368
-0.6965986229
0.2891496075
-0.7043959111
0.7278113344
-0.0023500468
0.1487603629
-1.4079889796
-0.8958365560
0.4129664490
0.2733376791
0.7106643960
-1.5012730679
1.6755278141
0.0457117282
-1.4394982728
-0.2472323434
-0.5146825638
-0.9394323822
1.6228987632
-0.0791527791
0.2385802219
-0.0116761607
-2.1728361770
0.8352318796
0.1731949077
2.3282319678
-0.9868418852
0.3052103571
0.2956683739
-0.4647515385
1.0013932767
1.9343712498
-0.2118092457
-0.3524700173
0.4113507180
0.7652765244
0.3992994193
0.3401334172
0.0651279211
0.5150687049
-0.2771111121
-1.0412611683
-1.6353452335
-0.1446118681
0.1796863326
0.4441744736
0.7215775543
-0.5749506099
-1.1888281869
0.2961015033
1.1009412865
0.4010560665
0.0518989174
0.4537151658
-1.7126926728
-1.1398490580
1.3723765192
-1.8299327613
-1.4233011082
-0.0356390365
0.6274095385
-0.5478790684
-1.4063241106
-0.3942700771
-0.1368280112
0.6855965096
-0.4672029926
0.2786510673
-0.9761157252
-0.8256008171
1.6457499489
-0.0800288201
0.0177463713
0.0231516043
-1.1076890243
0.4210563657
-0.8506901887
1.2384294184
0.2103724528
-1.3615570232
0.5038992579
-1.5031523547
0.1594104869
0.0745494066
1.2461931427
0.4012144142
-1.9685950872
-0.5142773020
1.0582551160
-0.2022330991
0.8936086058
-1.6451065694
-1.5988940972
-0.0920585449
-0.5919036099
-0.4908919441
-1.0784478878
-0.0980730219
1.1388275039
0.0525160774
-1.2000021039
-0.2810412446
1.6133236753
0.4166323731
0.1000788359
0.6218046518
-0.6690873699
-1.4812127928
0.6426558852
-0.2311788982
1.0224959008
0.9061592982
2.7501148357
0.9316771903
0.3422130880
2.6260734984
-0.5260677700
0.5687688197
0.5797837454
1.2090113486
-1.3056872809
-1.5961307412
0.0085304891
-0.1937824636
-0.8924407308
-0.0957277214
1.8624469277
-0.8741824378
-0.9194025695
-0.1148808216
0.7085207505
0.0763759952
-0.0941723434
1.4458225313
0.5598552995
1.3819007179
-0.4698968031
1.1704747265
-0.9346725827
-0.8913845997
1.1063503729
-1.7562004148
1.5621942420
-0.7591127361
0.4020346380
-2.3977725104
0.4673631836
0.2670671297
1.9732608151
-0.5862955354
-0.0353109427
0.9124456658
-0.3389349501
1.1136090511
-0.4123528082
0.7666834734
-2.2371066463
-0.0388727008
-2.7622193895
0.5506983470
1.6541558960
-0.8939965419
0.4315591009
0.0846148937
-0.8128930124
-1.0763649595
1.7000082996
0.3163575037
-0.7902154471
-1.2463415390
-0.2046270320
-0.3033572434
0.1063716326
0.1171448594
-1.2133394986
-0.6319559683
-0.7615490351
1.6016983706
-0.3296831353
-1.6311299900
-0.6054150627
-1.8121728175
-1.2654257089
-0.1226690326
0.4344789825
-1.3087537261
0.8070122897
-0.9132874033
0.0128423518
1.4549352070
0.7654186403
0.2901222207
-1.7950784409
-1.7620934940
1.3730993103
-0.0046421078
0.1552931893
2.4135311215
0.3722327475
0.8727672852
0.0816313878
-0.9726852385
-0.4907503334
-0.7743666797
-0.5871827143
-0.0961141003
0.6498244613
-0.7367727192
0.7090633938
-1.1411611183
-0.0079742182
-0.5771784246
1.1418347398
-1.0675533833
-0.7411887880
-0.9899424495
-0.2998664363
-0.0050942505
1.2506508496
0.4162387417
-0.2726195980
0.6148196143
0.0486548962
0.1482389770
-0.9625680312
0.2063856024
0.3028507759
-2.2708586326
-1.2201098441
1.1391308348
0.8509714621
0.5089655999
0.1897583299
2.1028734711
-0.8570309342
-0.2552373111
