13 8 0.04
4 0 1 1 0 1 1 2 0
4 0 0 1 0 1 1 1 2
4 0 0 0 1 1 1 1 2
4 0 1 1 0 1 1 2 1
4 0 1 0 2 1 0 1 1
4 0 1 0 2 1 0 1 1
4 0 0 0 1 1 0 1 1
4 0 0 0 1 1 0 1 1
6 3
5 1
8 9
10 3
0 6
5 5
1 3
6 11
0 0 0 0 0 0 0 1 1 0 0 0 0
0 0 0 1 1 0 1 1 0 0 0 0 0
0 0 0 1 1 0 0 0 0 0 0 0 0
0 0 0 0 0 0 0 0 0 0 0 0 0
0 0 0 0 0 0 0 0 0 0 0 0 0
0 1 0 0 0 0 1 1 0 0 0 0 0
0 1 1 1 1 1 1 0 0 0 0 1 1
0 0 0 1 1 0 0 0 0 0 0 1 1
0 0 0 1 0 0 0 0 0 1 1 0 0
0 0 0 0 0 0 0 0 0 0 1 1 0
0 0 0 0 1 0 0 0 0 0 0 0 0
0 0 0 1 1 0 0 0 0 0 0 0 0
0 0 0 0 1 0 0 0 0 0 0 0 0
-0.5725054755
-0.1627793958
1.3059057716
0.2982182082
-0.3035517641
-1.0820566807
-0.1786367873
-0.4163413837
1.8410934725
0.2742456579
-0.3867091697
-0.3578099400
-0.3596416806
-0.2013685758
-0.2362468874
-0.3471977882
0.7985921658
-0.3642400550
0.1118217299
-0.7538788738
-0.0523056872
0.5951129861
-1.0523635501
0.1019500564
1.8570562588
-0.0043104841
0.5472000916
-0.0262373628
-1.3632415721
-0.1365155886
-1.8996671835
0.0880083560
-0.0081188734
0.2395563922
1.9323556265
-1.8503155837
0.4384180783
-0.4602234162
0.3872437547
0.7436655722
1.0006891529
0.4495994361
1.1059701500
0.0697094474
-0.3127314892
0.3291935150
-2.1823572645
-0.2302010286
0.4807540988
0.5985315965
1.8416368079
1.1513026482
0.9648944759
1.7533171056
0.0016290820
-0.2021206254
0.4488394669
0.4745103569
-0.0627482267
-1.0042254263
0.6270432652
0.9883511164
-2.4153683527
0.6510027211
-1.9294106080
0.2188870657
-2.2073018524
0.2955729535
-0.3657991678
-0.4870200053
2.1215849600
-0.4658480960
0.6039032680
-1.7927910521
1.2075301511
2.1264621771
2.0211202363
-2.1942386657
0.7793964752
-1.7669405924
0.0190684710
-0.3055797754
0.1136957774
0.0709437368
1.2413495123
0.6254793724
-1.0217040711
1.0384564090
-1.9469471628
-0.5881293776
0.5334202876
-0.2097776474
-1.0648186169
0.5415877181
-0.0166254578
-1.4590586350
0.2872460519
1.7831313444
1.5552180868
-0.1109727704
0.0825449195
1.3859836862
-0.6034167587
1.1229753575
-0.3448710115
-0.3616193567
0.0210196157
1.1534961898
-0.8057435511
0.1353885601
-0.2440168384
-0.3295182489
-0.5723046618
0.1897250534
1.2566222945
-0.3210959960
-0.2594688347
0.0005676849
-0.2620585354
-0.9960573331
0.5588636537
-1.2342507948
-0.2062974057
0.9323503889
0.6345794921
-0.3514598313
0.2988005459
-0.3427451746
-0.3240407526
-0.9386553397
-0.1902293825
0.0547366657
1.7969141547
0.3630458572
-0.9787540307
0.9200442534
0.1388429868
0.7811833922
2.8301398584
-0.6569249798
-0.4109365980
-0.2310201604
1.1281067515
-0.8930251357
-0.0689152256
-1.0602388159
1.5870648913
-0.1917299361
1.3944869612
-0.2140519488
0.6247050384
1.5462815893
-1.9348273210
1.2959052217
0.0569074488
0.0091573480
1.1053082124
0.2153659178
1.1838772649
-0.3494574804
-0.6138890096
2.0897073077
0.5553289319
-0.7815392432
-0.2864636446
1.8990602200
0.7685308332
0.7562351473
1.0612128660
0.5048728827
-0.0411225150
0.5051095123
1.0442135897
-0.5845418090
0.1319054478
0.3928885486
2.1964900955
0.0726784120
0.3577041337
-0.4847975819
-0.7524027712
-1.3468105231
1.2638613883
-1.3923344577
-2.1152801137
-1.1377270927
-0.7370476265
-0.6252921533
-0.7806435280
-1.0747234927
0.3951216130
1.6849167453
-0.5709101812
1.2346083941
-0.5314119932
-0.7470936972
-2.2464187579
0.1603666897
-1.2498001757
-0.0807577086
-0.9072170198
-2.4443274866
-1.9922848180
-2.0552466032
1.3154620307
0.2320913115
0.8777933190
0.3465164542
-0.2345732984
-0.4839204341
-0.7440919636
0.7723198799
1.4049803676
0.1991668355
0.1421935245
0.2564836180
0.0399284580
0.8824893146
-1.1790607242
0.3950082611
1.5854945924
-0.7677001602
0.6937643988
0.4850964304
0.6689657870
1.2942653135
0.4346349286
-1.2296617210
-0.4723904808
-0.4930002600
1.5328962796
-0.8959835751
-0.3512900339
-0.6068309375
0.8052396385
0.3645253585
-0.4522784763
-1.2488099250
-0.8576324766
0.2422753483
-1.4853682141
-0.6850346795
-0.5226806947
-0.6137865094
0.7552600644
0.2224519315
-1.2352714889
0.3541336541
0.4534079671
2.1800644365
-0.9107731479
0.2362221823
-2.3386061191
0.1381540263
0.9933452516
0.5489732323
1.0684339256
-0.5878659777
1.0367751573
-0.2957911592
1.8958959804
-1.3907028380
-0.7276652996
1.4454500756
1.4910308988
-0.2409194387
0.0068952344
0.2733804321
0.0835631650
-0.8377777376
-2.2152767201
-0.1657011585
-0.0869390763
0.0598381964
-0.9475367304
0.1985373673
-0.2599695254
2.6746771735
0.7518351639
-0.0910272241
-0.4362646284
0.9802236493
2.1632703348
-0.1928454642
0.4504086861
0.7552973073
-0.2836331801
-0.0138625523
0.2611611324
-0.4585464289
-0.7434313333
0.9624884116
-0.5833709456
0.1481511932
0.6548432447
0.4531816776
0.7005984799
-0.7154235637
0.3841263149
-0.2155233376
-1.0987611348
-0.6501014229
1.1539920663
2.7390202451
1.8433981588
-1.1334257063
-0.0874075987
1.8291993166
0.1234418942
-0.4702671605
-0.3819950398
-0.8733790972
0.4443678472
1.6046561380
1.3714683518
1.7681164154
-0.0239761874
-0.8201347028
0.1762788573
-0.4928787676
0.1524804418
-0.2719629788
-2.2481670711
-1.3274347100
0.3154426105
0.7398771353
-0.9974782040
1.9589075571
-0.9088166473
-1.0818060346
0.7516926122
0.2464172141
-0.7013292299
-0.4634467275
-1.2232419114
-2.2149504236
1.6845535015
1.2399909097
