17 10 0.14
7 0 1 1 1 2 1 2 2 3 0 3 1 4 1
8 0 0 1 0 1 1 1 2 2 1 3 1 4 0 4 1
9 0 1 0 2 1 0 1 1 1 2 2 2 3 2 3 3 4 2
7 0 0 1 0 1 1 1 2 1 3 2 0 2 2
10 0 0 1 0 1 1 1 3 1 4 1 5 2 1 2 2 2 3 3 1
8 0 1 0 2 1 1 1 2 2 0 2 1 2 2 3 2
6 0 0 0 1 1 0 1 1 2 0 3 0
7 0 1 0 2 1 0 1 1 1 2 2 1 2 2
6 0 0 0 1 1 1 1 2 1 3 1 4
6 0 1 1 0 1 1 1 2 2 0 2 2
5 14
1 13
11 10
10 4
9 6
8 10
4 2
0 10
3 7
6 0
0 0 0 0 0 0 0 0 0 0 0 1 1 0 0 0 0
0 0 0 0 0 0 0 0 0 0 1 1 1 1 0 0 0
0 0 0 0 0 0 0 0 0 0 0 1 1 1 1 1 0
0 0 0 0 0 0 0 1 1 0 0 0 0 0 1 0 0
0 0 1 1 0 0 0 0 1 1 1 1 0 0 1 0 0
0 0 1 1 0 0 0 0 0 0 0 0 0 1 1 1 0
0 1 1 0 0 0 0 0 0 0 0 0 0 0 0 1 0
1 1 2 0 0 0 0 0 0 0 0 0 0 0 0 1 1
1 0 1 0 0 0 0 0 0 0 0 1 1 0 1 1 0
0 0 0 0 0 0 1 0 0 0 0 1 1 0 0 1 0
0 0 0 0 1 0 1 1 0 1 2 2 1 0 0 0 0
0 0 0 0 1 1 1 2 1 1 0 1 2 0 0 0 0
0 0 0 0 1 0 1 1 0 0 1 1 1 0 0 0 0
0 0 0 0 0 0 0 0 0 0 0 0 1 0 0 0 0
0 0 0 0 0 0 0 0 0 0 0 0 1 1 0 0 0
0 0 0 0 0 0 0 0 0 0 0 0 1 0 0 0 0
0 0 0 0 0 0 0 0 0 0 0 0 0 0 0 0 0
0.8751697810
0.6021379393
0.6791088557
0.2640215542
-0.3071367112
-1.7157903980
-1.1575933245
-0.4444458345
0.7703929506
-0.6781057405
2.0620265974
1.8723926666
-1.1044167664
-0.7643393053
-1.9270621237
-0.9239960583
0.3093424449
0.9213463051
0.1625219116
-2.4008371597
-1.1980467425
-0.3400939591
-0.2363592701
1.3350250048
-1.4425057898
0.7955500234
-1.3570089650
-0.4200518278
-0.2174055993
-1.8658566751
0.5991363753
-0.3781084651
0.7650324168
-0.4751652858
1.4143689035
-1.7473602199
-0.2898041819
0.1815352778
0.1558621080
0.9456932270
-1.1221933683
0.4719626760
-0.5447200120
0.4637434107
-0.0110039802
0.8663405754
0.9933972039
0.3187627932
-0.4904017883
0.9100415953
-0.2393150352
0.7688541432
0.7397990415
0.8163738267
-0.9077602519
0.5865981728
-1.1830317309
0.2229265944
-0.3574910328
-0.1110259832
0.4021360588
0.2004666334
-1.0461415401
1.4040141678
0.4097447639
-1.2428512924
-0.8934399959
0.3633304760
0.1091612516
-1.0805978144
-0.3224229928
0.5529378258
0.8812376560
1.4895869506
-0.0617072290
-0.6861264339
1.2820737610
-1.4841675363
0.0953751409
1.2608485061
1.1539736752
0.6876708594
0.8447711089
1.3723031079
-0.1946717067
-0.1841818713
1.6896728373
-1.1666767163
-0.4787402565
-0.9873408750
-0.0786863696
-2.2922346252
-0.4985061092
1.0838494151
-0.8803798158
-0.9254045752
0.8610279696
-0.2719995419
0.4103032116
-1.4646900920
-0.6974069568
1.3744749766
1.1913613225
-0.6918739438
-1.3497219492
0.4250210687
-0.1425040043
-0.4630541156
-0.5707384528
0.6563849789
1.5989507927
1.7178641818
1.6893950619
0.0350729164
0.1947504342
0.4409366577
-0.6587631680
0.3954017822
0.5429147115
-1.0046691410
-0.4312126518
-0.6461618512
0.0680158452
0.3166846512
1.2820454002
0.3777678781
-0.7220283340
0.1856085174
1.0179522901
-1.3818933365
-1.8975752140
0.1388409126
0.2411638663
0.8629633431
0.2855686886
0.7369382143
1.8125257695
1.0826142128
1.1506911635
-0.3429987261
1.5576966975
0.0269333043
0.2024411170
1.4290645515
-0.2737611940
0.3332379658
-1.1356102258
-0.6960680335
0.1120197505
-1.1418744029
1.3292267141
-1.1155316105
-0.1044252087
1.2171046867
0.9231904611
0.5037362188
-0.7546984549
-0.7024374644
0.6449089001
-0.8643980430
0.2897279102
-0.7459398661
-0.7076981805
0.7651809013
0.3754136638
0.0619436227
-1.2573772055
-0.2589046963
-0.9366894463
1.0450271704
1.3877157136
-1.6375545043
-0.4257139200
1.8969190954
0.3587696291
1.7817675412
-0.1325946755
1.0773453608
-0.4958055929
0.0781111660
-0.1983767499
1.8224998479
-1.3003380753
0.0909156274
-0.1967777505
1.5390974550
0.2850950698
-0.6415221016
-0.6386715953
-0.9869406342
-1.1680880612
-0.4470300682
-0.1790064960
0.1963490161
1.1644499206
-0.2264191673
2.1264400134
-1.4108172451
1.3721355878
1.2884242979
1.3802811291
0.3440954964
-1.2003255242
-0.4329936361
0.1317444207
1.1008118411
-0.3228227407
0.4479355175
0.2581277037
0.1251405560
-0.1961761002
2.1531039396
1.3727896518
-0.7729979671
-0.3022145498
1.9129631438
-1.2450001515
1.6329868328
-0.1819716245
0.7898236508
-0.0395194666
0.3556246944
1.1890849081
0.5935867761
-0.1202203004
0.4074596120
-0.1791383335
1.4420221915
0.7275523700
0.0991369871
1.9716717498
-0.4544601167
-1.6688425171
0.9144095052
0.3015367841
-0.8863819174
-0.6516498104
1.9148758170
-2.0854645268
1.1809467800
-0.6050301236
0.4877007744
0.3576662472
-2.4286676248
-0.2858142100
-1.8414740081
1.9170247167
0.3963858371
0.7399689650
0.5299035491
-0.5833493269
-1.3448034452
0.7638413248
-0.2640389558
0.1821903162
-0.8344248176
-0.5604665413
0.8875701467
-0.1206635301
1.7212005259
-0.1371050158
-0.4189515539
-0.7598496281
0.8501788340
-0.3257065585
0.6276674472
0.2088354073
-0.9015365571
-0.4568490678
-0.7453754930
-0.3821009775
-0.1533694160
-0.9113485511
0.5137654178
1.6299879862
1.7707743480
-0.2879173890
-1.0826793418
-0.5587758987
2.2543006400
-0.7383841210
-0.0689158879
0.5672986160
0.0916801987
1.5467112367
0.0575804526
-1.1342434431
0.3279408825
-0.7041511629
-0.1287433853
0.5931685117
-1.0944774650
0.5232505830
-0.5134665966
-1.4904095320
0.7087942496
-0.8561444793
-0.4070791914
0.2080571931
-1.2648650619
-0.2605207521
0.9134679562
-0.4359621559
0.2754009826
1.8520780245
-0.7191237247
2.2296550821
0.7819253213
-1.0738102074
-1.7964504836
-1.8749641288
0.4735647682
0.3454915774
0.7385373601
0.0162216681
-1.4312243513
0.4508693444
-0.3737109977
-1.3281271564
1.1071189955
0.9235262183
-0.8730750298
0.6728464598
-0.4449407626
1.0000262469
-0.2117843928
0.4705459309
0.1216175734
-0.4178830347
-0.5455995260
-0.9257350891
-0.1450090675
1.4501215611
-1.5491269123
-1.0593577468
0.5491738643
0.1357589228
-0.2459439971
-0.3045025646
0.8806828319
-1.8021797641
0.9751159026
-2.0287581864
-0.0682965627
-0.0458658966
0.1711194224
0.2697373060
0.1036925401
0.7335029773
1.1117999487
0.2477992894
-1.5181037142
-0.6604185165
0.1528263512
1.5679741819
-0.2546735414
0.0457814415
0.7897688894
0.1886065709
0.2831775488
-0.0498030538
2.3020911546
0.4993842616
1.2420329696
-0.4979958306
1.0233444137
2.8853742574
-2.9902545076
-0.8149034314
-0.4446200116
-0.1273908727
0.6496005245
1.5042705908
0.5061168060
-1.1516348940
0.6737696701
-2.1094486061
0.5621435361
-2.3012804343
0.7561517034
-0.3995382826
-1.6321054151
0.3671956104
0.8599803990
0.5710817032
-0.4961500666
0.7758221259
0.3071028072
0.7154745684
1.1127423210
-0.4170616828
-1.0585971675
1.3652832832
0.9791515931
1.6487390778
-1.2593924628
0.7338795596
-1.6430326718
0.6380234051
-0.2645034206
0.0247393335
1.4099788969
0.7779283329
-1.2741530105
-0.5951691924
-0.7359093584
0.4131742274
-1.1886938352
1.4046135764
1.3895720603
-0.5050126110
1.5964033615
1.5759521471
0.7187298780
0.2302961484
-1.5058771430
0.6307862465
-1.0249954378
1.1208352230
-2.3078018156
-0.7375303681
0.4230014113
1.3648264449
-0.8174946581
-0.0949961555
-0.5473605365
-0.1789204473
1.0843555721
-0.3339112827
0.4552808596
0.4427942096
0.4279079403
-0.5332547292
1.8383669302
-1.1666365421
0.3082342040
-0.6583289655
-0.9428210344
-0.0937070850
-0.4652208084
1.0578462219
-1.7476442479
0.5049011209
1.0908705925
1.4469059357
-2.2149726701
-0.3981654497
-0.3400457936
1.0329542179
-1.5413737499
-0.7565141861
-0.0313911197
-0.9206918220
-0.4352845117
2.1848480943
-1.4297153099
0.2397737081
0.1458918457
-0.8949474665
0.2472069129
1.5582003297
1.4359665858
1.8535581297
2.1549267436
-0.4802437055
-0.6698158618
-0.3899701135
1.7871718107
-0.7029443623
-1.1312914418
0.9583701804
-0.1602937711
0.6631320402
0.9921859586
-1.1281396616
-0.6478025624
-1.9146786455
0.0725182967
0.8811012896
-0.2251837836
1.6086811251
-0.0542557305
-1.4703667335
-0.4534531596
-0.7501576414
0.1946678085
0.8341198463
0.6532366203
0.5976750348
1.0127219005
0.1473279456
0.5790475712
-2.3956453222
2.6975685894
-0.1766693214
-0.1919438590
-1.1917787649
-2.8828449371
0.8062973204
0.3647407361
-0.4047936323
-1.4896341558
0.1071579674
0.1371138272
0.1888233540
2.9209866115
-0.3275550169
0.0485685694
-1.6791936987
-0.6755831981
-1.5422858438
0.5164298379
-0.6169005408
0.0214836555
-0.7729041410
-0.2330129124
1.6597130724
1.1075475267
-0.5103476709
-0.2342432058
0.8302850098
-0.1919499331
1.3110907231
1.1131514298
-0.5503017512
-0.4873613010
2.0765808369
-0.6027036090
1.0847070861
-0.5156883063
-0.9672731054
-1.9705189253
-1.0256617296
0.6029470902
-0.0850973087
0.5732987115
0.8031605358
-1.5667597582
-0.8171510740
0.5146638087
1.2196676179
1.4184027514
1.2513122271
0.3246504218
-1.1519507560
-1.9144206682
-0.3650604468
0.8996454868
-1.3277450773
-0.3723397689
1.7281469349
0.2063482968
-0.8069691007
0.2244202781
0.5351996665
-1.0256816898
0.6890748769
0.0309931203
0.9839065911
0.1574686069
1.5310292579
0.0590870556
0.1329037950
-0.3806324407
0.1214784509
-0.7147083719
-0.0064137800
-1.4043502960
-1.7013105885
1.3800331190
0.9654291462
1.2504413673
0.0613053740
-0.5183992594
0.1854135244
0.5113171815
-0.7998524696
0.6359875324
