11 6 0.06
6 0 0 0 1 0 2 1 0 1 1 2 1
4 0 0 1 0 1 1 2 1
6 0 1 0 2 1 1 2 0 2 1 3 0
5 0 0 0 1 1 1 1 2 2 1
5 0 0 1 0 1 1 2 0 3 0
5 0 0 1 0 1 1 2 0 2 1
5 8
4 5
3 3
4 1
4 0
4 7
0 0 0 0 0 0 0 0 0 0 0
0 0 0 0 0 0 0 0 0 0 0
0 0 0 0 0 0 0 0 0 0 0
0 0 0 0 1 1 0 0 0 0 0
1 1 1 0 1 1 0 1 0 0 0
1 1 1 2 1 1 1 1 2 1 1
1 0 1 1 0 0 1 1 2 1 0
1 0 0 0 0 0 0 0 0 1 0
0 0 0 0 0 0 0 0 0 0 0
0 0 0 0 0 0 0 0 0 0 0
0 0 0 0 0 0 0 0 0 0 0
1.0830706100
0.2124595261
0.8402009800
0.3785543677
-0.7898179211
-2.1579093008
-0.2276332925
-0.1717294073
1.3552106333
-0.4847057853
-0.1899544364
0.1327631225
-0.4038586190
0.7329791283
0.0090326388
0.2078955791
0.1613062131
0.9794899726
0.3110139685
0.1039853491
1.1700703921
-0.9097210816
0.3472005425
-0.2205520067
0.9780069145
1.0931731456
0.7972443927
-0.7623756952
-1.4283849301
0.6636398512
0.6326628451
2.0840045975
0.9978757252
-0.2717369104
0.4921568216
0.4491761370
-0.7280584600
-0.0777736648
-0.3827616809
-0.6147263162
-0.3234189784
0.0630341161
-0.4290534449
1.5937893719
1.7203206382
-0.3306774558
0.1174089537
-0.3029528150
0.4786334071
1.1506233206
0.5503233739
0.4518169959
-1.1157480497
0.1671000258
0.2613331753
-1.3359890586
0.2469171607
0.4687087206
-0.3125273195
0.9598371841
-1.8149258977
0.4535855096
0.6698534599
-0.6899058796
-0.5452540461
-1.6728184228
-1.5537593558
0.8978530236
1.5967620432
-1.0049312726
-2.1402069630
0.8414854874
0.1551985089
-0.7531218909
1.1941728807
-0.6233459960
0.0359246366
-1.9938014777
-0.5001847222
0.9906735480
-1.0480115349
0.3637463107
0.7491618658
0.0952849194
1.5919150838
0.4161678177
1.7358043099
0.6845485262
1.7318136469
0.5940146213
1.2528320246
1.4353588751
0.3970091458
1.3559383297
-0.9831966759
0.1268005456
-0.6872947846
-0.6300315143
-1.1390379246
0.0185877384
0.3960456111
0.0674221847
-0.6667462537
1.1427269767
-0.3904446372
0.6897675018
-2.5523962871
0.1702621045
2.1684849202
0.4783471291
-0.0297151641
-1.0168955174
-0.9011912812
0.0365854820
-0.5801254856
-1.1330408271
0.9091868525
1.1144891749
1.0645887863
-0.7110063998
0.0924750549
0.4024307940
0.1685932029
-0.5272480538
1.4827767620
0.8644437125
0.3820029077
-0.3542410801
0.0892723362
0.4572053607
-0.3910676870
0.2476894041
1.4675926206
-0.7707290198
-0.2740749390
1.1375002424
-0.8888948855
-1.6046730191
-0.2318881824
0.4253800233
-1.0853295029
-0.6289728681
0.3238377894
1.6666436073
-0.4454900213
0.0830290196
0.2832035626
0.4332241730
0.3369479892
-0.0103167599
0.0131102069
-1.7479849673
0.4598581706
-0.5935532318
-0.8327863786
-0.6197926002
0.0664313431
-2.1213919163
0.9415158202
-1.1323918541
0.3072634533
1.1198034020
-1.0538321667
-2.1641094819
-0.9007175374
0.1125358200
0.2990356611
0.2562177925
-2.4930636535
0.7222629694
1.2965510271
-0.4433393753
-0.7142851908
-0.7142528366
0.6426011649
-0.5253815794
-0.4663178275
0.8059506398
-0.4028621522
0.2182936827
1.6875374433
-0.6677362558
0.0290249548
-1.2554051929
0.2867315436
0.4249230663
2.1485785313
-1.3293721297
0.8597201442
-0.6489903937
-0.2679564813
-0.3777656391
0.2157217664
-0.1685956994
0.7349512135
0.6421201103
0.1293667820
-1.6230471385
0.6318258030
-1.1153717758
-0.1490679473
-0.7593737169
1.6144974667
0.4899504545
0.5367175701
0.3470902972
-0.5222389438
-0.0762605684
1.4542988302
0.4034389056
-0.0226832794
1.8224182262
-1.4371480644
-2.0735077099
-0.0237016656
0.8952786582
0.6069605017
-1.3105087251
-0.2083470345
0.3486630323
0.8534386464
0.3260343988
1.6777427697
0.8335834188
0.5479705475
1.2082884948
-1.0194639284
1.0810917907
0.7142129915
-0.5059107049
1.1141908570
-1.2226351658
0.1369691841
-0.5530305311
-2.3520622748
-0.2389999388
-0.9526475229
0.9972492030
-0.4778197601
-0.0106677747
0.3226788007
0.8955176176
