14 7 0.09
9 0 2 1 1 1 2 1 3 2 1 2 3 3 0 3 1 4 1
9 0 1 0 2 1 2 2 2 2 3 3 0 3 1 3 2 4 1
9 0 1 1 0 1 1 2 1 3 1 3 2 4 1 4 2 4 3
9 0 2 1 0 1 1 1 2 1 3 1 4 2 1 2 2 2 4
9 0 0 1 0 1 1 2 0 2 1 2 2 2 3 3 3 4 3
9 0 1 0 2 1 2 2 2 2 3 2 4 3 0 3 1 3 2
9 0 1 0 2 1 2 2 0 2 1 2 2 2 3 2 4 3 3
5 1
0 4
4 3
8 2
5 0
6 8
0 8
0 0 0 0 0 1 1 0 0 1 1 0 0 0
0 0 0 0 0 0 1 0 0 0 1 0 0 0
0 0 0 0 0 0 1 1 1 1 1 1 1 0
0 0 0 0 1 1 1 0 0 0 0 1 0 0
0 0 0 0 1 1 0 0 0 0 0 0 0 0
1 0 0 2 1 0 0 0 0 0 0 0 0 0
1 1 1 1 2 0 0 0 0 1 1 0 0 0
1 1 2 1 2 1 0 0 0 0 1 0 0 0
0 1 1 1 2 1 1 0 0 0 1 1 1 0
0 0 2 2 1 1 1 0 1 1 1 0 0 0
0 0 0 1 1 0 1 0 0 0 0 0 0 0
0 0 0 0 0 0 0 0 0 0 0 0 0 0
0 0 0 0 0 0 0 0 0 0 0 0 0 0
0 0 0 0 0 0 0 0 0 0 0 0 0 0
0.2045961649
1.5270751975
1.0775900173
-0.9186644099
2.1372668236
-1.9975603008
-0.1600582458
1.3200639809
0.4197822624
-1.3941379027
-0.3520678473
-1.0087106424
-0.6929422209
-0.3938419226
0.3460582830
1.8397067193
-0.5726196055
0.3957114763
-1.5709298812
0.7624764031
-0.7137342445
-0.0822020417
-0.2953075911
0.0134103223
0.3926945234
0.4179747354
-0.6036584933
0.9309904896
-0.4043726869
0.7384758759
-1.1310354248
-1.4880511675
0.7151889315
0.8802699663
-0.3900477605
-0.4299492025
0.2991171363
0.9776827406
0.5209595866
0.1339174999
-0.3244439626
-0.2070704030
-0.8481425699
-0.0750177504
0.2622108585
2.2587451592
2.5742446440
-0.3925320562
0.1277158194
-0.6180905231
0.7254303027
1.1064159954
0.5414215017
0.9577881769
0.4832022918
1.0232980996
1.2385704593
1.0410845192
1.6891130359
1.1070339671
1.4142975513
-0.3116393469
0.8008943842
-0.9716661109
0.8916580562
-1.2082610018
-0.5296129209
-0.5655379100
-0.1382309906
-1.4427310504
0.6393073187
-0.3757451141
0.2976008284
0.4603509281
-1.1477017180
-0.3277510821
0.6151045950
0.5506639734
-0.3111784944
0.1649337206
-0.5697912105
0.2696231688
0.7781883839
-0.1311438413
0.9166852002
0.4939293304
-0.6528567551
1.8720329595
0.0019620112
-2.3156150090
-2.4440089377
0.8259332535
-0.2583380390
-1.5002735824
1.4451847795
0.2523141126
0.3412328748
1.9352041174
-1.0543868389
1.1114785073
0.9108399776
-1.1309157935
-0.0022022664
0.1737950636
-0.8090515185
0.8251919500
-0.3989304953
0.9643068421
0.2701096696
0.4323657475
1.9261612552
3.4590675091
0.4964161653
0.2671532447
1.1914029919
0.0652925816
-0.0806196105
-0.7027627118
-0.5045616322
2.1025360365
0.4766140698
-2.0112254642
0.7483439999
0.8117557921
1.6286373460
-0.9892509629
-0.6172741494
-0.1094712416
-0.7628423568
-0.0690951081
-0.8614952621
1.9459993960
-1.3015312425
0.9579874491
-0.4482928684
0.4970414746
-0.4477297353
0.2236660090
0.4466622334
-1.0976835920
1.6585105243
-1.5407962831
0.0692710793
-2.7428419907
0.9090808201
0.0239840753
0.9823110131
-1.3190676965
0.1035106378
0.4175237313
-1.1680264170
0.1850455630
0.1051372194
0.0591697598
1.3517867990
0.2047629671
-1.1739070142
0.1626955772
1.4898567364
-0.6669533643
-0.2975643943
-0.1978741540
-0.3888740077
-0.7887201226
-1.0971467953
0.0409049871
0.6825323177
-0.2880469539
-0.5780201679
-0.6439886196
0.7037189950
0.4437888228
0.2306840920
-0.2813589670
1.2758528479
-0.5307129517
0.7420920776
-0.9458649709
0.7455658023
-3.1305501731
-0.0946448816
0.0332909657
-0.5951041561
-1.9564938933
0.0608511928
0.7169058739
-1.7560986291
0.0181870459
-1.5332347611
1.2460436278
0.7447347608
-2.3440254592
0.5145540239
0.8787743571
0.2196610314
-0.5867802684
0.9544897048
-0.1811907183
-1.0939466524
-0.7742108306
-0.1833127098
0.3392780946
0.8944773923
0.0224537623
-0.4223880377
0.1741748286
-0.5683887332
1.5648655363
-0.9023793391
1.4778797798
0.4084965714
-0.7417622222
0.0434049561
0.0837205716
0.3059307786
-1.3001175746
0.6746411080
0.7921525457
1.2109738271
1.9511113998
0.6053036650
-2.7683261192
1.1493297924
-0.0796553598
0.3149553776
-0.9744940201
-0.0849282451
0.0536048264
0.8458070188
-0.8567462691
-0.7393200918
0.9095151098
0.6978230532
0.3212378792
-1.1906279797
0.6416571221
0.9229980914
0.9486027043
1.2707179647
0.0737772885
-0.8060589489
1.3637778513
0.8692052811
-0.0001659222
1.8820539337
0.4801246850
0.0482254959
-0.7264033674
-0.3153789561
-0.2987979865
0.8196533324
-0.3262438827
-0.0727730927
1.3360711630
-0.0742369627
2.4714725585
0.9022907467
-0.6382433124
-0.4628800649
-3.1165065579
0.3910105160
-0.7697659349
-0.8417775178
0.4343323268
-1.7480810377
0.8714067806
0.3586731706
-0.9973163870
-0.8909170835
0.5175330256
-1.2336928541
-0.5618986707
-0.4001796220
-2.2224844770
0.6719965431
1.0508888501
-0.3496931734
1.9687606907
-0.0020910102
-0.8970745403
-0.0960523178
0.8274763246
0.5536157110
0.5079314980
0.5761980318
-0.1356885957
0.2709984809
-0.8255303129
-0.9900486244
-0.2066559854
-0.3547034198
-1.0700007413
1.3328424332
0.5064644867
-1.3765266291
-0.1682745446
0.1017048972
-0.4032121528
-0.1648962298
-0.1922187578
-1.7216020890
0.9990995315
-0.5701870764
-0.4224582324
-1.5162300197
1.0817835831
-1.0644127839
-1.7167723232
1.8828454383
-2.0581679042
0.8201406335
-1.4510461954
-0.7414232148
0.7503510855
-0.4438299620
-0.6455128299
0.9782246896
2.0703123692
-1.1891738859
-0.9230603018
0.7448416900
-0.5292798201
1.4597026406
0.9259471666
-0.1050395679
1.7724684747
-0.6245166396
1.4129744588
-0.1577716781
-1.7855919649
0.7453087993
0.1311600466
-0.9512838439
2.1354631043
-1.4007548881
0.0887015625
-0.5686278864
-1.2975969161
0.4441963112
1.2780426763
1.3782393131
-1.8233094690
-0.2515054562
-0.8700518138
-0.4827369272
2.1682465144
-1.1615908491
1.5255548661
1.2277829834
1.3179530641
-0.3462786187
-0.5309504312
-0.9859624634
-0.3707168763
1.0579695103
0.7108350290
0.9884144411
0.5086028203
-0.7172346050
1.0642901855
-1.2311882687
-0.0237952037
-0.2063402709
0.4734805715
0.8631690419
0.3235973365
1.2581685525
0.1790634353
-1.0817269220
-0.5270077889
-0.3045945135
0.3148294487
1.0095295176
0.0553581031
-1.4322160010
1.0848871380
0.4021550098
1.1941666998
-1.1224536119
-1.1155195443
-0.8587985720
0.9215082448
1.1133621507
-0.2282206797
-0.1666341264
1.1388962264
-0.5464735731
-1.4069139039
-1.6083912474
-1.5387158899
-0.8655727540
0.8707054468
