18 16 0.20
6 0 1 1 0 1 1 2 1 2 2 3 1
6 0 0 0 1 1 0 1 1 2 1 2 2
4 0 0 0 1 0 2 1 2
5 0 1 0 2 1 0 1 1 1 2
6 0 0 1 0 2 0 2 1 3 0 4 0
4 0 0 0 1 0 2 1 1
6 0 1 1 1 2 1 3 0 3 1 3 2
6 0 1 1 0 1 1 1 2 2 1 2 2
4 0 0 1 0 1 1 1 2
5 0 2 1 0 1 1 1 2 1 3
5 0 1 1 1 2 0 2 1 3 1
6 0 1 1 0 1 1 1 2 1 3 2 2
5 0 0 0 1 0 2 0 3 1 2
6 0 2 1 0 1 1 1 2 1 3 2 3
4 0 0 0 1 1 0 2 0
4 0 0 1 0 1 1 2 0
12 5
1 5
12 4
3 7
11 7
1 2
0 11
3 13
8 10
9 5
9 11
8 12
16 6
12 6
0 2
8 14
0 0 1 1 0 0 0 0 0 0 0 0 1 0 0 0 0 0
0 0 2 1 1 1 1 0 0 0 0 0 1 0 0 0 0 0
0 0 1 1 0 1 1 0 0 0 0 0 1 0 0 0 0 0
0 0 0 0 0 0 1 1 1 1 0 1 1 1 1 0 0 0
0 0 0 0 0 0 0 1 1 1 0 0 0 1 1 1 0 0
0 0 0 0 0 0 0 0 0 0 0 0 0 0 1 1 0 0
0 0 0 0 0 0 0 0 0 0 0 0 0 0 0 0 0 0
0 0 0 0 0 0 0 0 0 0 0 0 0 0 0 0 0 0
0 0 0 0 0 0 0 0 0 0 1 0 0 1 1 0 0 0
0 0 0 0 0 0 0 1 0 0 1 1 3 1 2 2 0 0
0 0 0 0 0 1 1 1 1 0 0 0 1 0 2 0 0 0
0 0 0 0 0 0 0 1 0 0 0 1 1 0 0 0 0 0
0 0 0 0 1 1 2 1 1 0 0 0 1 0 0 0 0 0
0 0 0 0 0 1 3 2 2 1 0 0 0 0 0 0 0 0
0 0 0 0 0 0 1 2 0 1 0 0 0 0 0 0 0 0
0 0 0 0 0 0 1 1 0 0 0 0 0 0 0 0 0 0
0 0 0 0 0 0 1 1 1 1 0 0 0 0 0 0 0 0
0 0 0 0 0 0 0 0 1 0 0 0 0 0 0 0 0 0
0.4882607311
1.2295410148
-0.2554767865
-0.8666906764
0.4440014646
-1.2771956855
1.8816094150
-0.5130670055
1.6706429669
-0.1315731920
0.7949369076
-1.0898232336
-0.9864570110
1.2281255274
1.1047923361
0.1204998759
-0.3155161841
0.3076564732
-1.4941132893
-0.3288941359
-0.4766854342
-1.4158053081
0.3575899057
-0.8226869150
0.5431079818
0.2735737429
0.1136100930
-1.6422136767
0.0129838904
-1.1960701308
0.7661478876
1.0534664971
-0.3486108421
0.3924582525
0.3365425758
-1.2739028479
0.6429127948
0.9257057709
-0.3578476788
-0.0947131668
0.9090386212
-0.5149125944
0.9137060201
-1.3498597103
0.8781553398
1.4969872169
2.1169422808
0.2010693557
-1.5082232480
0.6300348790
-0.0205399166
1.1769206645
-0.1825386217
0.4364973170
-0.5010687411
0.2921270028
1.0967456974
-0.3471936348
1.7810225645
-0.1186665245
0.7590019319
0.3156443546
-0.5615902742
-0.5387325753
-0.1573515110
-0.6112228316
-1.3600233469
0.0658449301
-0.5508290433
1.3029539417
-0.7284641896
-0.8810498354
0.0189178606
-1.7371604929
0.3534894393
-0.9094119828
-1.5907819935
1.8201415951
-0.2685838883
0.5436026900
1.7461785712
1.4741168530
0.1580731190
1.4599262720
-0.3974569796
-0.6357381771
-0.0736605920
-0.6817933032
0.3827093105
0.8973805820
0.1396369009
-0.2023303884
-0.2986326019
-0.0782879219
0.2133125854
0.2562074022
0.9012227292
-1.1302026928
-0.3665462686
-1.2797229303
-0.6575916140
0.0926392147
-1.4007088241
0.4019468775
0.7198271918
-1.1223387429
-0.9654536636
2.2296651971
1.4236874791
-0.1797936905
0.3493710637
-0.7362645247
-0.5227575042
-1.0234261556
-0.5048885668
-0.3910294336
-0.1699481000
-0.3238119599
1.0824318705
1.6432694102
-1.2503901210
0.5531866368
-1.5884533376
-1.1458820587
-0.5975236908
0.1175233044
1.5996910012
-0.1188536951
-0.9694387866
-0.9629157018
0.2151985183
2.3371600351
-0.2231096087
-0.4246609474
-0.4674385371
-0.1044042854
-1.8891070375
0.9705676391
0.3812443324
0.1556829679
-0.3136317830
-0.3458814984
-0.8707354165
1.3099133069
-1.7150245005
0.4996218032
0.7401541582
-0.2713255756
0.3865858033
-0.1462850296
1.1279923372
-1.0205565388
-0.2980824695
-0.2861261783
-1.3675162803
-0.1997355988
-0.3377595632
-0.8182681753
-2.3758610540
-0.9477505656
0.7672608463
0.1463003344
-0.1832397216
-0.5370018609
-1.1532433230
0.2279164685
0.0070804889
-0.9280491195
0.8376051445
-0.7548403473
-1.0096182529
0.0744778824
0.8383261878
-1.4302733176
-0.0391080964
1.0341620917
2.3224778619
0.7362766724
0.8563205943
-0.1640100763
0.0139376347
0.8918218094
-0.9579415513
0.9502435051
1.0679560014
0.6396059789
0.7498479796
-1.7600317263
0.1197806496
1.0845940313
-0.0998471021
0.8212785263
-0.0756859931
1.3161641026
-1.2153022765
0.9568215442
-0.6278060247
1.7969312329
1.7423505011
0.1972774489
-1.0091093438
-0.8839427265
0.4569759720
1.7287653757
0.2122580831
0.8404154700
0.6419485283
-1.6182661201
0.6803188098
0.3997288427
-0.1130628900
-0.2306941963
2.2872503140
-0.2683995385
-0.3643982805
-0.5100435959
-0.4961267146
1.0046837326
-0.9833782108
1.4065805537
1.9545865911
0.6436908314
-1.3775778030
0.7507614972
-1.5278594036
0.0929342522
-1.2073502112
1.5931572033
0.1221391436
0.0988537574
-1.8851743361
1.6896857460
0.5664158059
-0.2351185542
0.6653301146
1.0893723083
0.6831808348
-0.7299065485
-0.8628136712
-0.6479304165
0.5121926332
1.2908611508
-1.0751472038
-0.8759562562
-0.0967025932
0.3421661093
0.1807459651
-0.2862334684
0.7752028486
1.2571676713
0.0254104204
-0.0901941998
2.6271435877
-0.4164774350
-1.4799894508
0.8910149339
-1.2925478929
-0.5233181583
-0.9424628862
-0.9830218672
0.3020563611
0.3322326604
0.1354090395
1.1510735360
0.1771512492
1.0864618810
-1.5152775309
-0.1167595227
0.1992298087
0.6545804627
-2.0974909791
-0.7772169165
-0.0169122618
0.0092847786
0.5080209004
-0.2635190354
0.2607863309
-0.2984795181
0.7488867361
-0.6440987861
2.2245278490
1.8985001740
1.1307924666
-0.7240052845
-1.8757333794
-0.1924204980
-1.0245365504
-0.2919106477
-0.8925285756
-0.1374609086
-0.0907052604
-0.9981202354
0.4381257280
0.0566385131
-0.2463189116
1.1161886660
0.9079519289
-1.8040757922
-1.7741670248
-2.0926079417
0.4755567891
0.3340711518
1.1752946943
-0.0704965891
-0.2572563470
-0.0952590626
-0.8952943090
-0.1758629906
0.5589967368
-0.0026308244
0.9638002136
0.2256736716
-1.0748040290
-0.2389221763
0.3800119276
0.0411356858
0.4743499673
-1.7545453960
-0.2983058222
0.0177641153
-0.0222177193
1.5944045017
-0.0993335024
0.4801118041
1.6873412883
-2.5369452247
-0.1451691038
1.2214020438
-0.6941086496
0.2333116666
0.7254384617
-0.0121345954
-0.3591351632
0.7378268006
1.8270659773
-2.8186522647
2.4357949565
0.0780236274
-1.1036562257
1.2057683208
0.6198308441
1.7662403148
-1.4706408714
-0.5300946769
0.8486229517
-0.2482574951
-0.4290093118
1.2394498849
3.2312873718
-0.0676728392
-1.7763009636
0.6230488417
0.2848931061
-0.4548854413
-0.3792157597
-0.9180821586
0.9895187554
-1.9729583239
-1.4833207903
-0.1724883753
1.1655909172
1.8529569094
-1.0171148735
1.1430073600
-1.2533545624
1.2162244565
-0.3156558664
2.8987357332
-0.2395327096
0.1209793444
-0.6792841924
1.3494660200
1.6493108529
-0.3942000159
-0.2374646241
-0.1670449721
-0.9538534824
-0.1174968443
0.9239605822
0.2508689608
-0.1869881064
0.6986991903
0.6665930634
1.6989355003
1.0887221030
-0.2097034462
2.1744859878
-0.6042177152
-1.1328607623
1.1436770429
1.6431017631
-0.3361229277
-0.2222209925
0.6558915148
-0.7521818622
0.7718711774
-1.3945064530
-1.2488861323
0.6549377580
1.6648041192
-0.9934379288
0.7458186322
-0.1005684377
-0.2041620255
-1.0178474561
0.2032664916
0.7169560435
0.5194655385
1.1485929774
1.5930476443
-1.9310447017
1.0274866574
1.6085305643
-1.1549377648
1.7646682586
0.4564943210
-0.4468871145
-0.4096026313
-0.5080489459
-0.9990645610
0.3242487886
-0.0369472532
0.0386341484
1.6200006878
0.9049437226
0.8520688706
0.7154632166
1.2459234989
0.2016545396
-0.1134008351
0.8113972019
0.8527540418
-0.3195619259
-0.5140695613
-0.9668931766
0.5017179952
-0.2813459678
1.6938010854
1.5970231703
2.0625034142
1.1253056274
0.5565116633
0.0116776834
-0.0629507331
-1.5321703849
0.7186629277
-0.4033019634
-0.7125654708
2.0851019577
-0.8950420558
-1.6386328861
-0.6493328083
0.3819595955
0.0805534143
0.8073010507
0.7361211339
-1.0814257650
1.2715873766
-0.2044757740
-0.4695901712
-0.2676834327
-0.1866756419
-1.2354663285
2.0332420520
0.0766329264
0.4021102750
0.5152960389
2.3960048808
-1.5421035372
-0.4914145776
1.7546115753
0.3707990478
0.1158074066
-0.8160302683
0.0250681192
2.0791630080
-0.7207477730
-0.6118491620
-0.5731672845
0.1930653510
-0.1029876410
0.0436501703
0.1031378480
0.6386165329
1.3837931257
1.7043211124
-2.8384227018
-0.6383604579
2.3423066700
0.9759012987
-0.3588224498
0.9269311486
1.4045197182
-0.6897207640
-1.9364595432
-1.6017843836
1.2456005120
-1.1819501429
1.6619449430
-0.2080342769
-0.8590204184
0.2728187739
-0.6776682851
-0.0863585027
-0.1451624113
-0.6052535272
-0.6397778848
1.0250207920
-1.5013638164
0.8518871503
1.1242719316
0.2056540434
1.4621422181
-0.2150937662
-0.4102516646
1.4747866247
0.0469577659
0.3701599626
-1.2570257047
0.2028841877
0.7783558999
-1.2340836171
-1.0665618503
-1.5428107510
-1.6676573993
1.8128034530
-0.9876036667
-0.5504997533
-0.1097365098
0.1332238955
-0.5311736648
0.0930923779
0.6510019252
-0.8130928953
-0.4112443304
-0.6294438238
1.0757929190
-1.3306844217
0.8141346305
-1.8134978041
-0.5787772038
0.7628760325
-1.3412602303
0.3185123465
-0.8417736348
-0.7986338159
-0.3908176328
-0.5526519910
0.0327765517
-0.5788457069
0.0543033763
-0.3069924675
-1.0464018173
-0.9649598582
-1.0111952302
1.7664096133
0.3813270933
0.0340110290
2.2659564890
-0.7990395502
-1.6315039699
0.2582711910
-0.6034253395
-1.7068216811
-0.4540964199
1.9523795716
-0.7735949187
-0.0448476076
-0.8555240627
-0.1237459037
1.0427555308
-0.2448510141
1.3627901324
-0.0723014282
0.6161760646
-0.9629223214
-0.2756942378
-0.3800672742
-0.0979913843
-0.9986881375
-0.8722459598
0.0876150532
0.5537336327
0.6569479697
-1.9297846564
1.8348726477
-0.2557925645
-0.0439992505
-0.2920334937
-0.1353304747
-1.5068656892
0.3060207036
-1.2987496369
-0.2519551677
-0.4831159808
-1.0984254517
0.4455512638
1.1074770653
1.5944156193
-0.6072910972
-1.2113581263
0.1901681009
-2.2007086241
0.2073766496
-0.8647122991
0.2460550990
0.3152440187
1.1678792844
-0.7654929556
0.5741157249
-0.2042005820
-1.3430789577
0.2623159533
0.9308929928
-0.9893074572
-1.3515390889
-0.0851173623
0.0316570091
-1.7327282291
-1.6066771044
-0.4931867480
0.8980839314
-0.0490389987
-0.8308662011
0.5725849527
1.2484469721
-0.7296217022
-0.0910884870
1.2087546781
-0.7009040004
-0.3143139977
0.2283901321
0.8856542330
-1.4756344521
1.2047710427
1.5478549959
-1.1624038970
1.1922200510
0.1943911812
-0.9128327076
-0.2150070164
-0.2929015033
1.3866362860
-0.4918890184
1.4153370927
-1.3744736579
-0.6539878660
1.1716876491
