20 18 0.02
8 0 2 1 0 1 1 1 2 1 3 1 4 2 2 2 3
10 0 0 1 0 1 1 1 2 2 0 2 1 3 0 3 1 3 2 4 1
8 0 1 1 0 1 1 1 2 1 3 2 2 2 3 3 2
7 0 3 1 2 1 3 2 0 2 1 2 2 2 3
6 0 0 1 0 2 0 2 1 3 0 3 1
10 0 3 1 1 1 2 1 3 1 4 2 0 2 1 2 2 2 3 3 0
5 0 2 1 0 1 1 1 2 2 2
8 0 2 1 0 1 1 1 2 1 3 2 0 2 1 2 2
11 0 1 0 2 0 3 1 0 1 1 1 2 1 3 1 4 2 0 2 2 3 2
8 0 0 0 1 1 1 1 2 1 3 2 3 2 4 3 3
6 0 1 1 1 2 0 2 1 3 1 4 1
8 0 0 1 0 1 1 1 2 2 0 2 2 3 2 4 2
10 0 0 0 1 0 2 0 3 0 4 0 5 1 0 1 2 1 3 1 4
6 0 0 0 1 0 2 1 1 1 2 2 2
8 0 2 1 2 2 0 2 1 2 2 2 3 2 4 3 3
10 0 0 1 0 2 0 3 0 3 1 3 2 4 1 4 2 5 2 5 3
9 0 4 1 4 2 4 2 5 3 0 3 1 3 2 3 3 3 4
6 0 0 0 1 1 0 2 0 2 1 3 0
13 13
2 16
1 10
8 7
0 4
1 13
8 12
4 0
12 10
2 3
12 14
3 10
14 13
14 14
16 9
4 12
10 1
14 6
0 0 0 0 1 0 0 0 0 0 0 0 0 0 0 0 0 0 0 0
0 0 0 0 1 0 0 0 0 0 0 1 0 0 0 0 1 0 0 0
0 0 0 1 2 1 0 0 0 0 1 1 1 1 1 1 2 1 0 0
0 0 0 0 2 2 1 0 0 0 1 0 1 2 1 1 2 1 1 0
0 0 1 0 0 0 1 1 0 0 1 1 3 1 0 0 1 1 0 0
1 1 1 1 0 0 1 0 0 0 1 0 2 0 0 0 1 1 1 0
1 1 1 0 0 0 0 0 0 0 0 0 2 0 0 0 0 1 0 0
0 0 0 0 0 0 0 0 0 0 0 0 2 1 1 0 0 0 0 0
0 0 0 0 0 0 0 0 0 0 1 0 0 1 2 0 0 0 0 0
0 0 0 0 0 0 0 0 0 1 1 0 1 1 2 1 0 0 0 0
0 0 0 0 0 1 0 1 1 1 1 0 0 0 1 0 0 0 0 0
0 0 0 0 0 1 0 0 0 0 0 0 0 0 0 0 0 0 0 0
0 0 0 0 0 1 1 0 0 0 0 1 1 1 0 1 0 0 0 0
0 1 1 1 1 1 0 0 0 0 1 1 1 1 1 2 0 0 0 0
0 0 0 0 0 0 1 1 0 0 1 0 1 2 4 4 3 2 1 0
0 0 0 0 0 0 1 0 0 0 0 0 1 1 0 4 3 1 0 0
0 0 0 0 0 0 1 1 0 0 0 1 0 0 0 1 1 0 0 0
0 0 0 0 0 0 1 0 0 0 0 1 0 0 0 0 0 0 0 0
0 0 0 0 0 0 0 0 0 1 1 1 1 1 0 0 0 0 0 0
0 0 0 0 0 0 0 0 0 0 0 0 1 0 0 0 0 0 0 0
0.7552758983
-0.3579960299
-0.1330612080
1.4537997116
-0.3011513018
0.0263948115
-1.2186418129
0.8684418321
0.9507001260
-0.4121370095
1.7378621840
-0.7314950425
-0.8012182801
1.1333821939
-0.0637555354
0.2701048776
-0.8125508111
-0.6489979773
-0.5375803428
1.2945482745
2.0129802171
0.5972006048
0.5200361643
0.1963195895
-1.3079251792
1.3535292848
-0.8354165703
-0.0723921721
1.3654181682
-0.3409082706
0.5621120136
-0.0979711693
2.6322054399
-1.3985331898
0.8170018727
1.0257733271
-0.1417092454
-1.4207107377
1.1485063204
0.2950225120
-1.2964059767
-0.9840863081
1.4105272915
1.1395589398
-0.5445522549
1.0476084824
0.7248677677
-1.0094757507
1.3326529430
-0.0702374873
-0.2319967904
-0.0763944116
0.4865961415
0.2024316241
0.4453713954
-1.7543390651
0.8149893664
1.6723806470
-0.5922227963
-0.0514910329
0.6995074541
-0.6623368772
0.9318877391
1.3967742840
1.7326346718
-0.0943639240
-0.2854350687
-0.0985835921
-0.7371279056
0.4038172816
-0.2696330220
0.0225634835
0.1608796760
-0.0876040103
-0.8710586735
0.1525371872
-0.5113315674
1.3041927497
-1.1732959366
-1.4635197216
0.2642257668
-1.2813374269
1.7413215629
2.0324736430
0.4409742940
-1.8615001105
-0.3308867511
-1.2054178881
-0.9951726977
-0.4180729044
-0.6703087116
-0.6366036463
0.5230726167
-0.0986798853
-0.9593086710
2.2856101645
-0.0731379674
-0.2964757880
-0.4106064180
0.9530584931
0.1981842765
0.7953858931
0.6479408057
1.2013576684
1.1273366713
1.7972127416
0.0700205739
-0.2718449343
-1.5713978807
-0.9151025773
-0.7550812246
0.3051574641
-0.0199874894
-1.0905734929
2.0091729769
1.5473917517
0.4960343047
0.7151305039
0.1170029176
-1.8588406443
0.6856574978
-0.3003047336
-1.6373060338
-1.8520084267
-1.3374840627
0.9754919538
-0.4113915607
1.3904974542
-1.2037826965
-0.1389153649
-1.3407221489
-0.8561644247
-0.7441670351
-0.7614537650
-0.9611761106
0.6615684770
0.8494969148
-0.4010417910
-0.2859393010
-1.0320065341
-0.1237289107
-1.1044453033
0.2738516567
0.4353762482
-0.0255117450
-0.0526404395
0.5695281459
1.4853228911
1.3205367800
1.0135900951
0.8606070728
0.1713333026
2.2971904768
0.8876534858
0.4264119245
0.4070659327
-0.4484257687
0.3498249997
0.9322407578
-0.1090608744
-0.1259983130
1.8977969090
3.3207427423
-0.5795127816
1.0199788234
1.6436107028
0.5328814406
0.9775908930
-1.9668668268
-0.9698479173
0.1351042586
2.5840615959
1.0789230044
1.4529736144
-0.5937390582
-0.0140687011
-0.8030281491
-1.5694358059
-0.7821297064
0.0725909346
0.6292689077
0.3681528534
-1.0837442846
-0.1120619196
-0.8409367436
-0.0343523136
0.2420979251
0.7061980460
0.4117561138
0.0380564999
-0.2693242968
-0.5842396616
-0.0209370153
2.0459708120
0.9805153966
0.2283972323
-1.1962537445
-0.7673433639
0.7374498483
0.7421752118
0.4105007749
0.0526172949
-1.6970215719
-1.5694316794
-1.4681813060
-1.1283511008
-0.4728415382
-0.1507898737
0.0578993958
-1.1378192051
1.3645792738
0.6684951373
-0.6519596078
0.6782521851
-0.4374338951
-0.6492091422
-0.0293758413
0.3039084864
1.6881267356
0.3495004977
-0.5913354774
0.9396812659
0.8670531039
1.1633948229
0.7899174601
1.2323367694
-0.1612241667
-0.3472053505
-0.2057377766
-1.3362496459
0.9100237370
-3.0942413190
0.0881202369
0.3057084903
-1.3539570368
-1.7044955630
0.6708652232
-1.4839852167
1.2443304662
1.5816562876
-0.2740050395
0.7128410381
1.3239227660
-1.2917205143
0.6765850911
-0.0429000525
-1.3191519466
-0.1593801744
1.9737932204
1.6478816848
0.8974368106
0.6773174320
0.8129105318
-1.3126849120
1.2144886838
0.4324950474
0.3075860914
2.2124796810
0.1343272247
-1.1859575613
0.0714525138
-0.4869977884
0.8984470221
-1.4403257585
-0.6249807688
1.2687601148
-0.0108029051
-0.3349191516
0.6331679864
-0.0935681634
0.5232940930
2.5302263045
0.5348410713
-0.4331020704
0.8193614934
1.8124664283
0.6510827535
-0.3753257811
-0.5517826505
-0.0721668129
1.7209372242
2.1068584232
-0.9969877689
1.4899556441
-0.8270413011
1.2075261063
-0.5466172783
-0.6096100598
0.1812383353
-0.6463940054
0.0225831377
-1.1242612198
-0.4788002893
0.4455466582
0.6882771407
0.3198106159
-0.3908656940
1.4403652810
-1.5078499628
1.2037367239
0.3824895135
1.7970955579
0.7675424198
-1.0353292094
-0.4473055105
0.8497712932
-0.2179373931
-0.7414434985
0.2428901705
-0.6651114620
-0.3439508154
1.3762123054
2.0872946234
1.3108223572
-0.9044135576
-0.3105940349
0.2212274034
0.0755549538
1.2624713133
0.6759171144
0.4712759490
1.0363342825
0.7587696268
-1.2741097169
-0.4891481414
-0.6040034841
0.7568737606
-0.5860645537
0.0613553349
-1.0662755603
0.9971889786
1.0502989699
0.6465165281
-0.1110115601
-0.6268790166
1.2601671988
-0.7388473894
-0.7178779889
0.7491737319
-2.1194816301
-1.3167846713
0.8902602003
0.6003571108
0.8975726705
1.9010554424
-0.6317325486
1.5917933782
-0.8209197172
-1.9107686551
0.2308503195
-0.5872655888
-1.1139428403
-0.1566942599
-0.7026266523
0.1872898385
-0.0642157766
2.4372133310
1.6630583382
0.1550422701
-0.5704736546
0.4856796416
-1.1228124131
1.3712886602
-0.6452514777
1.5807465649
-3.7666916441
0.5818505938
-0.3607886165
1.2837784671
-1.2472127599
1.4465399605
0.3953928312
-0.5448981645
0.2849663210
1.0362675657
-0.2687983112
-1.6779926532
-0.9601711609
0.8059798350
0.8040341399
-0.2977366255
0.1756598710
0.5161892469
0.6936464972
1.2963997359
-0.6391644392
0.9690384884
0.7282497636
0.2604402131
-0.3061810922
-0.1141234643
-1.1832094047
-0.6818445488
1.0520992988
1.7066016979
-0.4219639602
-1.2541435177
0.4961965078
0.7542087576
0.8420724606
-0.3888334782
-0.6532674859
0.6481260087
-0.2756568602
-2.0702610275
-0.4334283369
-1.1079505602
-1.1255599213
0.3026648805
1.2909069675
-0.3112648805
1.0127780814
0.6946134610
1.7942263082
1.4664027178
0.5879756846
-1.3761013365
-0.9098500092
0.8337314018
1.4974121944
0.2546158147
-0.8513280266
0.6634607556
0.2261978440
-0.1270318311
-1.8045391178
0.0724480556
-2.7479852816
1.1232212575
-1.0557977454
2.0722057336
-0.0173516087
1.7408283443
0.0308445634
0.8827012734
0.5665126536
0.9968910725
0.8571495122
-0.4977939237
-0.0063894067
-0.0895174278
-0.9663204498
-0.0554678388
-1.0802077644
0.0229126403
1.1953295047
-1.2907736975
0.4687940937
-0.6095183031
-0.2202943549
0.8281501753
-1.0194316177
-0.7509553023
0.5208340705
-0.8909669301
0.4482323745
0.2967601335
0.6502956089
1.7148956274
-2.0344597126
-2.3578773688
-1.1307418399
-2.0698665073
-2.0427736152
-0.9679133410
-1.5562849860
-1.5313738321
-0.9052428711
0.5338070109
1.3990480571
0.5917276884
-0.8633531712
0.3755380745
-0.6724093794
1.3888317790
0.8972409968
-0.6278030209
-2.3904460184
0.0793131938
0.3895135910
0.6954699581
1.2245220044
-0.5548960553
0.0736132364
0.0250238757
-1.1998393385
-0.5856603634
0.8010039795
-0.7872057326
-1.0718945384
-0.0829294413
0.6516412134
2.5694928511
-1.3310920132
0.1100086714
2.1507862649
-0.2177154470
-0.4594235311
-2.0862749077
0.0714769010
0.9577257100
-1.1315482204
1.1695917396
-0.0845166051
-0.2960490695
0.2117953667
0.7883990929
-0.5239165104
0.7150887758
-0.8680722500
-0.5252330354
-0.3121104714
0.2043869861
-2.2171584717
-0.2210612406
0.7565190227
1.4366935089
-1.1363066988
1.4563085960
-0.4005842289
0.4195975329
-0.2008570214
2.1485921050
0.2737248029
-0.5460394484
-0.8075948928
-0.9477684076
0.8700361772
-1.0655673830
1.6500279440
1.1667369082
-0.4532610543
0.4346072774
-1.0544665759
-0.5716752912
-0.6449928615
1.9987003153
-0.3091306220
0.5337085814
-1.8231509195
0.7577308974
0.1601892302
-0.5744611889
0.2113446661
-0.1777342959
-0.3642591002
1.7644048627
0.4232689646
-1.3031977485
-0.4359069107
-0.6639492617
0.3671988933
0.8555634890
-0.1761753700
-0.8218697075
-0.8711820465
-1.0154796706
-0.7519190637
-1.4079341212
-0.5468352842
-2.3196676829
0.0049560824
1.3612766319
0.3788688968
-0.1023737534
1.9667260563
2.2351491512
0.2243559569
-0.5551587300
0.1460202908
0.8099497538
0.9505343794
0.0200694255
-0.6695177880
-0.7265680123
-0.3825268131
0.9248574048
0.5610287495
0.5711838236
1.3422350095
-0.8738680958
-0.2876972620
-0.3899327841
-0.4337890937
1.6304514483
1.7989002664
-0.6144024915
-1.4261027254
-0.0316549031
-0.9461546477
0.4663386640
0.5106470480
-0.6011105147
1.1344410662
-0.9267760011
0.0165185463
-0.4489224471
-0.5242610298
1.0973688778
0.0751449343
-1.6501359592
-0.5437227419
0.2275721380
-0.8392784757
-1.5259085099
0.0896136322
-0.9145747055
0.7164814815
0.1028940512
1.2308606318
0.2936217960
1.2748236260
0.7188184778
0.7130406368
0.5707801505
0.4327431750
0.8668870435
1.3818338341
-0.4218947598
1.3380551868
1.6288801735
0.9998323111
0.0836228632
0.9212461926
-1.9322754075
0.6758745486
0.0077106869
0.0748853514
0.9966099540
0.1705177228
0.7550477282
-0.9630596856
-0.3671694195
0.1598034272
0.2659757195
0.2614723950
-0.7983687357
0.0140403111
-0.0447687959
0.5143138737
-0.9998162626
1.0422716970
0.1392006891
1.6517937662
1.0661723460
1.3808100152
0.1700945358
0.7094287747
-0.2818601381
0.2384301383
0.4465468236
0.1582336491
0.2018679375
-0.8705721762
-1.7572889800
-1.8572798742
0.4045126308
-0.6816797322
0.4793564486
2.3323799999
1.8144365640
-0.6592140020
1.0156868399
1.0004730759
-0.2987916238
0.3590192930
-0.4437895158
-2.1961389041
-0.8349629376
-1.9472228089
-0.6184371999
-0.2998508263
0.8482295563
-0.5446926170
0.6052771357
-1.7981865602
-0.2625070799
-0.3817228964
0.9005331350
-0.6772544086
0.5292149911
-2.3892045761
1.7869610462
0.8567836152
0.4482333680
-2.0657758403
-0.0638028512
-0.1110794740
0.4495186288
-0.1480038763
-0.1748906221
0.5282444697
0.8724031000
-1.7498306720
1.9186381316
-0.3855624306
0.1843554265
0.5273216572
1.6314848573
-1.5037329932
-0.0644206399
0.2687262574
-0.4187047283
0.2250438973
-0.6555387333
0.0974502596
-1.1470896519
-0.8064624295
0.2177727060
1.6379028261
-0.8974069349
0.3491746889
1.4596560762
-0.8612580154
0.7031331792
0.7781486814
1.4345132416
-1.1656648769
-1.2026194407
0.5222747684
0.4678791068
-0.5587376086
0.1214351311
0.0406049716
-1.7706441602
-0.5048789787
0.4710268097
0.0960389605
0.2974922926
0.5925661907
-0.1112678852
-0.2035141365
0.3211255864
0.2828740488
0.3708002424
1.6484929911
-1.2256050688
0.6276976538
1.1235704559
1.1427264374
0.9287897441
0.0742248528
0.3635761454
-1.3119287939
-0.8591402826
-0.9123809335
-0.3247964168
0.4958255075
-0.2687326298
0.5636740157
-1.7095209501
-0.4125324903
1.4459882839
-1.7693921861
-0.0943228896
-1.4622907952
0.1954869965
-0.3566384062
-0.0700180632
0.4267104026
0.4687806524
-0.7263078679
-0.2195037095
1.7272494165
1.0329088789
0.4675503004
0.9596006080
1.4382032326
0.8925268632
0.6000089514
-0.1634257926
0.0462359747
1.8942687862
-2.2654524932
0.6552300615
1.1793015015
-0.1336551668
0.0464420224
0.5260564056
1.2570201787
-1.1246651924
0.0639735664
1.4970822079
-0.4720125793
0.3438900570
-0.7495536510
-0.5027707859
-0.5105346181
0.3212793579
-0.3415050826
0.9180567129
-1.3339999925
-1.0994686859
0.2078789225
-0.3949936732
1.2817602679
-0.4088466540
-0.2848529648
-0.2729197952
-0.0366102310
