19 16 0.12
9 0 2 1 1 1 2 1 3 2 0 2 1 2 2 3 1 3 2
11 0 1 1 1 1 2 2 0 2 1 3 1 4 1 4 2 5 0 5 1 6 0
10 0 1 0 2 1 1 1 2 2 0 2 1 2 2 3 1 3 2 4 2
11 0 1 0 3 0 4 1 0 1 1 1 2 1 3 1 4 2 0 2 1 2 2
11 0 0 0 1 1 1 1 3 2 1 2 2 2 3 3 1 3 2 3 3 4 3
10 0 0 0 2 1 0 1 1 1 2 2 0 2 1 3 0 4 0 4 1
11 0 1 1 0 1 1 1 2 1 3 2 0 2 1 2 2 2 3 3 1 3 2
11 0 1 0 2 0 3 1 2 1 3 2 2 2 3 3 0 3 1 3 2 4 1
9 0 3 1 2 1 3 1 4 2 0 2 1 2 2 2 3 3 0
9 0 0 0 1 1 0 1 1 1 2 2 0 2 1 2 2 3 1
11 0 0 0 1 0 3 0 4 0 5 1 0 1 1 1 2 1 3 1 4 1 5
9 0 1 1 1 2 0 2 1 3 0 3 1 3 2 4 0 4 1
10 0 0 0 1 0 2 1 1 1 2 2 1 2 2 2 3 3 1 4 1
10 0 1 1 1 1 2 1 3 2 0 2 1 2 2 2 3 3 0 3 1
11 0 0 0 1 0 2 1 0 1 1 1 2 2 0 2 1 2 2 2 3 3 2
11 0 1 1 1 2 1 2 2 2 3 2 4 2 5 3 0 3 1 3 3 3 4
2 12
10 3
7 12
3 6
1 12
6 1
15 2
10 2
14 6
13 9
17 1
8 10
10 3
13 11
12 2
13 6
0 0 0 0 0 0 0 0 0 0 0 0 0 0 0 0 0 0 0
0 0 0 0 0 0 0 0 0 0 0 0 1 1 0 0 0 0 0
0 0 0 0 0 0 0 0 0 0 0 0 0 1 1 1 0 0 0
0 0 0 0 0 0 0 1 0 1 1 0 0 2 2 2 0 0 0
0 0 0 0 0 0 1 1 1 1 1 0 1 2 2 1 0 0 0
0 0 0 0 0 0 1 1 1 0 0 0 0 1 1 1 0 0 0
0 1 0 1 0 0 0 0 0 0 0 0 0 0 0 0 0 0 0
0 1 1 1 0 0 0 0 0 0 0 0 0 1 1 0 0 0 0
0 1 1 0 0 0 0 0 0 0 0 1 0 1 1 0 0 0 0
0 1 0 0 0 0 0 0 0 0 0 1 1 1 1 0 0 0 0
0 1 1 2 3 2 0 0 0 0 1 1 0 1 1 0 0 0 0
0 0 0 0 3 3 0 0 0 0 1 1 1 0 1 0 0 0 0
0 0 1 2 4 2 1 0 0 0 1 1 0 0 0 0 0 0 0
0 0 2 2 4 0 0 1 0 1 1 0 1 0 0 0 0 0 0
0 0 1 2 3 2 0 1 0 2 1 1 1 1 1 0 0 0 0
0 0 0 2 2 0 0 1 2 3 3 3 1 1 1 0 0 0 0
0 0 1 2 1 1 2 2 1 2 2 1 1 0 0 0 0 0 0
0 1 2 1 2 2 2 0 0 0 0 0 0 0 0 0 0 0 0
0 1 1 2 2 1 1 0 0 0 0 0 0 0 0 0 0 0 0
1.0089355097
1.1798056365
-2.2788066101
0.4021707425
-0.1527357984
0.6798874825
1.1051532400
-0.2036277925
1.4089322387
1.0678583563
0.5196492065
-0.1419679269
-1.4382050326
-0.5261352529
-1.3835786583
-0.6870951222
-0.3726576556
-0.5231461796
-1.0629254087
2.4173540397
-0.7816631666
1.3423643290
-2.0676912004
-0.2437656665
-0.8194887116
-1.1232311311
0.0701954876
0.2817646683
0.0427823242
-0.3176583415
0.5864220305
-1.1977102881
1.8031410275
1.4286050439
2.2508631316
-0.3792558892
0.3996610239
-1.1836833967
-0.3689564850
1.8499684342
-0.9868170772
-0.1789306869
1.3136203908
-0.2414312625
-0.7960476118
0.4793928083
-0.3206255421
0.8788942486
-1.1541911174
1.8806430245
-0.7875085399
1.2237455670
0.1030444317
-1.4822049288
-0.5288209981
-0.5981686352
0.5151834012
-0.4305105380
1.0391362958
0.5106356625
1.6941707388
0.9354458671
0.4170211492
0.8195836336
-1.1737063789
0.0617541412
0.7104563653
-0.5169582692
0.0361268150
1.1945895251
0.9711500002
0.1112487991
0.3422447914
-0.5783707925
-0.9640133640
-0.3162464077
1.7907125868
0.5658819548
0.0789061819
0.4395168345
1.2269885284
0.1755885871
0.2270340285
-0.7578801653
-0.5308470618
0.6983248076
-0.5473757907
-0.5889717870
0.8719851726
-1.4651670684
-0.2448436241
-1.1291036790
0.0895572742
-0.3170781392
-0.0893824335
0.2540858201
-0.6735111556
-1.4693330906
0.2878893688
-2.1978768690
-0.3083882570
0.3574445931
-0.8412591418
-2.0922599980
0.2955510328
0.2796561999
0.2601835205
-0.9868427214
-2.3924265528
1.0565186448
1.1458399856
0.3516878425
2.1929918769
-1.3178071076
0.2889683989
-0.4273227381
0.4924651921
0.2072296091
0.2368607024
-1.2983553512
0.7226163636
-0.0091232921
-1.7853584610
0.1254093025
1.1418884996
1.2036038830
1.6245449346
-1.8839108595
-1.6120306220
-0.1013615800
0.8507164915
0.3008369755
-2.4588600543
-0.4695055204
-1.1873830580
-2.2782213065
1.1933638194
-0.0804138895
0.0178979659
1.4532528413
-0.0635490681
-1.0096458719
0.4187808740
1.1393812215
-1.1096243417
1.7903360386
0.5441224474
1.2478759195
-1.2483619635
-1.9812355952
-0.9318679460
1.6191877241
0.4380693608
-0.1372466686
-0.4208663200
0.3015052232
-1.1892860862
0.4463856249
-0.1452847769
-0.8045445809
-0.3677723198
-0.9724833552
1.1230593380
-0.3810578022
-0.1667587465
-0.3490009525
0.0004479031
0.1999963353
0.0024378681
0.3534944770
0.5509459845
-0.0337827931
-0.3877634685
1.9903603660
1.8743751690
-1.2479915597
-0.5585784736
2.9020935613
-0.6704061602
-0.0308270793
0.9044587852
0.9583629334
0.1282948489
0.5597700813
-1.0966583147
-0.3990246240
-0.3227028729
0.7281627094
0.0569014274
-0.2223795432
0.6891765845
1.3105745648
-1.3701527595
-1.1464550586
0.3573808971
0.3247438005
0.5266369821
1.9179326771
0.5457611010
0.5738138324
0.2729335854
0.0208442019
-1.0358820765
-1.9531191221
-0.7078634859
0.3596690540
1.6381206174
0.8003719748
0.4715096991
2.2923596964
-0.3917727527
-0.8709818196
-1.3402305365
-0.6228254629
0.9568031703
1.0398211267
1.4893007899
-0.0205024157
-0.9173495080
1.3019655335
-1.3631266516
0.4678351285
0.8915838161
-0.5101462145
-0.4867583518
1.4723610679
-1.4636853883
-0.0970394615
0.8519493510
1.1388396950
1.3650359172
0.9041210742
-1.4175681365
-1.6459641100
0.0958616837
-0.7027128706
-1.1055490122
-0.3236131416
0.1886928649
-0.6206365269
0.2888832974
1.3524543245
0.7776818860
-0.2868127510
1.4799030856
0.3171362580
-1.7092091674
0.7645621300
0.0755198985
1.0286134753
-0.1697622618
-0.2701096680
1.3155075954
-0.9405187254
-0.3239788938
-0.9463663340
0.2439324319
0.6400177591
-2.3749497095
0.0017639922
-0.1479362000
0.4143627481
0.5061001246
-1.3623936287
-0.2625671830
0.1094258002
-0.7877300032
0.6038275185
-0.3086016909
1.0990474898
0.1670664807
1.0979150566
-1.2184420145
0.2857804306
1.0086967843
-0.2155632247
0.4123543641
0.1591970794
-1.2299788750
-0.1019058593
1.3926436274
0.5529084199
0.7850609611
-0.9892535555
-0.5149685234
-0.5737378030
-0.1205209664
-1.3156032067
0.8174074998
-1.0712652007
-0.1351892927
1.2397449847
0.6738503510
0.7061938757
0.7626589641
-2.3400321032
-2.1060053399
-0.9000496098
0.8072129945
1.4602508449
0.0548105198
-0.4002995190
0.3292422013
0.7513651763
-0.6985755918
-0.6214337545
0.1008400139
0.2267508030
-0.2027697393
-0.1138141435
-0.1513921004
1.2616125958
-0.3958046039
1.2905000576
0.2754227043
1.1786163641
0.7116199563
-0.7003275414
-0.0663860265
0.0068221304
0.7568277957
1.1257884933
-0.7992715730
0.0291442821
-1.2926784275
0.2018075357
0.4072089871
0.3322563790
-0.4666716396
0.2006577699
-0.3044668978
0.4137530666
-1.2204060069
-0.1956154278
-0.1934531399
-1.8115564871
0.3830283785
-0.8425877964
-0.8203826995
-0.7210660452
1.2189314753
0.2504969262
0.7325002547
-1.0975843201
-0.3817871201
0.9294969348
-0.3139368128
0.0084818574
0.5364614001
2.2432765309
0.7321172203
-0.0513690838
-1.7604448971
0.9001480421
-1.3312924428
0.8927800119
0.7183798734
-1.0599762646
0.9220109753
-1.1909321382
0.3164053927
-0.6061426773
0.1453179868
-0.5362990239
0.2320801995
-0.5561223363
1.9365045262
-0.6900632222
-0.3047376530
-0.3326805467
1.9182155450
1.2117228129
0.4895572673
1.5825375138
-0.3241386986
0.0696013799
-0.1742677005
-1.0886614620
0.5347458875
0.0184542635
-0.0669834416
1.1813773493
-0.3714128846
1.1249075556
-0.4977005488
-0.9666587808
-1.3663246845
0.2031061633
1.3610985780
-0.2005000857
-0.8478521665
0.4274206139
-0.5596452197
0.2666674169
-0.4259787965
0.3546985529
1.0540630901
2.0500010084
-0.5198741593
-1.6536020213
-0.2715400067
-0.9264502134
-0.9078288481
0.1733518842
2.3551708194
1.4742255849
-0.5900061380
-0.8515527646
-0.5600592893
0.0583164664
0.0401521130
0.5349499354
-1.1841597089
-0.5385900697
1.6210348316
-1.3000346638
0.8643422453
-0.2765598046
-0.3658966190
-0.6922522157
0.5447990703
-0.6918381906
0.0359210527
-1.0081379928
-0.3485820679
-0.0190097412
1.9255133334
0.2624464304
1.3584541110
-0.3113514938
0.7761765985
0.2843745222
-1.0958365672
-0.4007432854
-1.4684632590
0.3126879617
-0.6160022781
0.4531322153
-0.1234691335
-2.2711838585
1.5476515024
-0.1992799825
-1.1073336069
0.6293567328
-0.5072652866
0.0794525051
-0.4803764592
-0.6594697929
2.2455925120
0.2004375325
-1.2198796066
0.9107094714
-0.4082813651
-0.0909241217
-1.7274124025
1.7437310962
0.0674931811
0.7078413500
1.0257458608
0.2249572985
1.2954987961
1.2733071926
-0.6277678810
1.2829798827
-0.6981984981
-0.8546947477
0.6053271023
-0.1801556666
0.3219621705
-1.0664773052
0.4129298698
-1.5906993567
-0.9804642888
-1.0072649485
-1.9731759751
-1.0629057860
-0.0411618266
0.6089250349
0.5464003108
0.9269075473
1.6667682976
1.2971305988
2.0738992499
-1.3049239002
0.9769457457
-0.8174765603
-0.7668632148
0.6171470757
-0.3141774448
-0.6808137969
-0.2142706224
0.9958398097
0.0520883000
0.1165700561
0.9755127568
0.3282764974
-1.5996193727
2.0050024277
-0.3097094777
-0.1986342892
-0.4331490550
-0.4981301316
-0.2267133441
0.1128076388
1.6236947244
1.6836154392
-1.2677210577
-0.8468049833
-1.0049637350
-1.6554634580
0.6419410884
0.5693837852
-2.0184178590
-0.4067921509
-0.3792848102
0.2723428871
1.2357753555
0.8676015302
-2.1453278953
0.0705204568
0.7517055472
0.7173135940
0.5505787539
-1.0800208217
0.3357317120
-0.3037851727
-0.1269693276
0.9796982644
0.4633476230
0.3164324099
0.4299687445
-0.0798276003
0.1700957977
2.4270719428
0.4391230096
0.2526514838
-0.2543566710
-0.4885177520
-0.4629791625
0.1440295317
1.0257445417
-0.6291992393
1.7575055358
-0.7872918784
0.6220662159
2.0953238279
0.2693111695
0.9577653296
-0.4942683474
0.6442755244
-1.3321061078
1.3978273602
-1.2084681716
0.5766571482
-0.8573975690
0.2051391607
1.3560216248
1.5170442491
-0.1410857194
-0.9604726888
0.1953585561
-0.1486848700
1.1158737714
-0.2078977021
-0.6670608231
1.3527488873
0.7527026162
-0.2461087243
1.3883923410
0.6785248473
-0.9895327152
2.0912720593
0.3928590527
-0.1897356366
-0.8314766468
-0.9617024732
1.2592645736
0.3108238356
-1.5682370307
-1.2640617023
-1.2049058309
-2.0319179408
-0.1873143830
0.5623112812
1.2708562740
-0.3949997230
-0.6614085579
-1.2231135742
0.3838593552
1.1968398789
-0.1863912047
0.1433888347
-0.4405894008
2.4033676270
2.6435899046
0.4210850655
0.1088295582
-2.0082453005
-0.0562884561
0.4380716937
0.8166632678
0.4163535739
0.4134161704
0.8317967840
0.2794223747
-1.0220966041
0.8069082580
-0.2367354859
-0.2940461145
-0.3583926431
-0.4683286286
-0.4989897504
-0.0639819043
-1.1059787038
-0.0237312696
0.3230785871
-1.2118768164
-0.8258617308
0.8240091528
-0.2000382364
-0.4492304517
0.2415488060
-0.9494894840
-0.6777891066
2.1358094926
-0.3688355335
1.3169692574
0.7800793769
-1.4438580772
-0.2501769414
1.5996361270
0.9475508758
-0.0526324860
-2.0060894604
-2.1817820155
0.8044778022
0.4002707439
-0.9494477451
-0.0577008198
0.2319005388
0.7314707464
1.2001672780
-1.2216946862
-0.7085226519
-0.6609439074
0.4320497904
0.5673837046
0.4546073812
0.0830928348
1.1417752566
0.7130365143
0.0479072660
0.2985837511
0.3272835942
-0.0324948436
-0.7537019216
-0.3611902898
-0.3711723459
0.4441282269
-0.7716483169
0.4889246110
1.5990294448
-1.8690777554
2.3637851098
0.9729420792
-1.4936976136
-0.3619358868
-0.2344258283
0.1885853688
0.6166768517
1.1341601614
-0.1987161560
0.5078627609
0.1206843215
1.4003408459
0.0373434684
0.6879240512
-1.2280009697
-0.1600197071
0.0135319036
-0.5750574854
-0.1181574580
-0.3853248161
-0.1997961524
0.1459793118
-0.1652132712
-0.1209628156
-1.1500576458
1.1507660979
0.8904397850
-1.3783764258
0.8800944732
0.8539863156
0.4083515713
-1.0585569080
0.1569452562
-0.7252899121
2.0437456493
0.4587523498
0.7341254502
-0.5350814432
0.6380244209
-2.3004619084
-0.4945775438
-0.5519320978
-0.0869743572
1.6404810249
0.7315110847
0.3918045281
0.2771771983
-1.1313028850
-1.1178628732
0.4409399627
-0.6855933137
0.4591793013
1.0950169692
1.3670177611
-0.4591765697
1.9733659933
-0.0122717957
1.0163930900
0.9920795503
