18 3 0.15
24 0 1 0 2 1 1 1 2 1 4 1 5 2 0 2 1 2 2 2 3 2 4 2 5 3 1 3 2 3 3 4 2 4 3 4 4 4 5 5 2 5 3 5 4 5 5 6 3
54 0 10 1 9 1 10 2 8 2 9 2 10 2 11 3 7 3 8 3 9 3 10 3 11 4 1 4 2 4 4 4 5 4 6 4 7 4 8 4 10 5 0 5 1 5 2 5 3 5 4 5 5 5 6 5 7 5 8 5 9 5 10 5 12 6 4 6 5 6 6 6 7 6 8 6 9 6 10 6 11 6 12 7 5 7 6 7 7 7 10 8 5 8 6 8 7 8 8 9 6 9 7 9 8 10 6 10 8
53 0 3 0 4 0 6 1 1 1 2 1 4 1 5 1 6 1 7 2 0 2 1 2 2 2 3 2 4 2 5 2 6 3 0 3 1 3 2 3 3 3 4 3 5 3 6 4 0 4 1 4 2 4 3 4 4 4 5 4 6 4 7 4 8 5 0 5 1 5 2 5 3 5 4 5 5 5 6 5 8 6 1 6 2 6 3 6 4 6 5 6 6 7 1 7 2 7 3 7 4 8 4 8 5 9 5
8 0
4 0
8 8
0 0 0 0 0 0 0 0 0 0 0 0 0 0 0 0 0 0
0 0 0 0 0 0 0 0 0 0 0 0 0 0 0 0 0 0
0 0 0 0 0 0 0 0 0 0 0 0 0 0 0 0 0 0
0 0 0 0 0 0 0 0 0 0 0 0 0 0 0 0 0 0
0 0 0 0 0 0 0 0 0 0 1 0 0 0 0 0 0 0
0 0 0 0 0 0 0 0 0 1 1 0 0 0 0 0 0 0
0 0 0 0 0 0 0 0 1 1 1 1 0 0 0 0 0 0
0 0 0 0 0 0 0 1 1 1 1 1 0 0 0 0 0 0
0 2 2 0 1 1 1 1 1 0 1 1 1 0 1 0 0 0
1 2 2 1 2 2 1 1 1 2 2 0 2 1 1 1 0 0
1 1 1 1 2 2 1 1 2 2 2 2 2 1 1 0 0 0
0 1 1 1 0 1 1 1 1 1 2 1 1 1 1 0 0 0
0 0 1 1 1 2 1 1 2 1 1 1 1 1 1 1 1 0
0 0 1 1 1 1 1 1 2 1 1 1 1 1 1 0 1 0
0 0 0 1 0 0 1 0 1 1 1 1 1 1 1 0 0 0
0 0 0 0 0 0 0 0 0 1 1 1 1 0 0 0 0 0
0 0 0 0 0 0 0 0 0 0 0 0 1 1 0 0 0 0
0 0 0 0 0 0 0 0 0 0 0 0 0 1 0 0 0 0
1.2093382822
1.2288215182
-1.0592838428
0.0784852369
-0.8665102375
0.3150283245
0.2165591467
-0.6423797135
0.5929809443
0.0655873135
-1.3215429478
1.8974448386
0.5766835606
0.8755278911
-0.0224922662
0.1944229292
0.9747390579
-0.2641132747
0.5318026815
-1.4528314157
1.8523210295
1.2500839156
0.8406177595
-0.2749127812
-1.2332725326
0.4749628253
0.2565723329
-0.8755573722
1.5089468606
-0.9268864831
0.3740796851
0.6885581143
0.0663266651
-0.5729990394
0.4640401799
0.3215624676
0.4348530868
-1.4249593346
-1.0818686858
-0.6335448831
2.5718959166
-0.4205523818
1.6350630438
0.3773029684
0.0950534040
-1.1922610867
0.5671816253
-0.4772136290
1.0082539799
1.2201905387
-0.4803134441
0.5604186218
0.9039174173
-0.3874530891
0.3968397580
0.6108265957
-0.7807317513
-0.6697527140
0.9218471238
1.1499251409
0.2397457870
0.4807129996
0.0502933559
-1.2073082886
-0.0513955365
-0.4688700403
0.4446977310
0.3246791521
-0.4351230197
-1.9020997017
0.1971549936
-1.2977149260
0.4261811971
0.2880877699
0.0887787889
0.0650689347
-0.2361394999
0.8013203541
-1.4546451127
-0.0102231675
0.5521504615
-0.6608756003
0.5118100357
-0.3150724608
-0.0495363102
2.1648612316
-1.6354431528
-1.0019272703
1.5629976922
-0.7431936809
0.8719846978
-0.4734595367
0.3003475989
0.2509056117
-0.7423995925
0.7581234782
-0.9439359634
0.3293443146
-0.9199315235
0.6509105830
-0.9956758025
1.1588858887
-1.2825887678
1.4941722200
1.2004779578
0.7266251346
-0.1762145935
-0.0429950986
-1.1156190670
-1.1165806896
1.2676524260
-1.0035018138
-0.4517171678
1.0544805326
0.2717898823
2.0042754274
-0.1202662661
0.0882711639
-0.2762312085
-0.7282927994
-0.3777218792
0.4539796608
-0.1069719994
0.6000710353
-0.6362435711
-1.0727246328
-2.2470126585
0.1226136040
-0.2473590501
1.1168215781
0.5519973963
-0.2152623264
1.1074215757
0.6868041357
0.1732022990
-0.5484786208
-1.7911524485
1.1233575144
0.0473170847
-0.6626728939
1.6111870615
1.2030986172
0.1248042515
-1.4406873047
-0.4773089741
0.7926401543
1.4674005471
-0.3234703573
1.2513222512
1.7153133511
-1.0490652358
0.3905246384
0.2553579069
0.7750543441
-2.3883736918
-0.6992028077
0.1400142311
0.0792500530
-2.4011721730
-0.4487116698
-1.0296620789
0.2435804474
0.3845434288
-1.2006110531
-2.5384274533
0.8988965818
-0.5625412767
2.0396886473
-0.7134839749
0.8125967785
1.3261924292
-0.7329680231
0.2224255038
0.5241560743
-0.2302441817
0.7227414514
0.8216691673
1.5509666357
0.7713261248
-1.7796692416
-1.2987355561
-0.0715308360
1.8149234859
-1.0482436178
0.3470511823
1.0068731992
0.4315862661
1.4398607585
-0.6930118531
-0.5170482618
1.0013133144
-0.3538199501
0.1617369897
0.9395243418
1.4592691562
1.0794060906
0.8513504536
-0.0958939003
-0.1466443655
0.1884946635
-1.2020674600
-0.1361722990
-1.2132142927
0.0869189620
0.9395810746
0.2778002330
-0.3530062173
2.5149704281
-1.3311529777
1.2035749173
-0.8788338970
-0.9325238845
-0.4224979883
-0.3785648901
0.6033058963
0.1926920384
-0.3857341067
-0.4456517155
0.2204128055
-1.1813701960
-0.8396697776
-0.3045166850
1.3452762763
0.0049640100
-1.1613462229
-0.1049681441
0.4007309486
1.0596244073
-0.9628254912
-1.3959661952
0.7765287953
0.0838228633
-0.3635622053
-1.0769641185
0.5497507331
0.2110520011
2.6397911185
-1.0437797874
1.6451593236
0.9446690471
1.0598860847
-0.8394127195
-0.7969783583
0.0074687344
-1.8075893958
-1.0461702330
0.1552404678
2.9089391688
-1.3535351998
-0.6531425459
1.0578568215
0.1837271230
-0.7992528759
-0.0718430423
-2.0518869388
-0.0843181030
-0.7186629489
0.3596219075
-1.1403585018
-1.5026513284
0.0327460383
-1.3518143660
-0.9469033815
0.3363901838
0.1513686391
-0.6506794675
0.3352930114
1.6179604206
1.6232326350
-0.6105326792
0.2299333166
-0.3494702966
-0.8215057652
0.0463996545
-0.8865580413
0.9644085979
1.4364570344
-0.0879098487
-0.2825851999
-0.3568591724
1.0122597675
0.0069734686
0.2280634687
-0.7029791864
1.1039065960
0.4141875484
-1.0562625707
1.4865198121
-1.0866372859
-0.1475109936
1.0993173708
0.0686813861
0.0629404395
-0.1686045879
-1.5124380271
-0.1476559650
-0.3798389420
0.8149217553
0.3742288551
-0.2511406413
0.5047907369
0.8031257903
-0.6548509752
1.2455932675
0.3387166066
0.7767024495
1.1141327227
1.1075831925
-1.8072724533
0.0759878149
-1.1946555240
1.2308201579
0.6955673536
-0.5541684735
0.2003147169
-0.3024114716
-0.7384860143
-1.1364519639
0.4918894256
0.1492928435
0.8720466155
-0.3570577335
-0.4382908809
1.4881225161
1.2716564844
0.7732028944
-0.5179498151
1.1109108768
0.9063352215
0.2884223893
1.6146135862
0.2400783828
0.5040267583
-0.7874990914
-0.5126730225
-0.1737081365
-0.8668716985
-1.0003951758
-0.9020842076
-0.5858600905
0.6204165950
0.0020588454
0.2981118094
-0.4973043665
-0.7108189982
-0.0664684562
0.4174122140
0.9179778807
-1.1308278928
0.2840600027
-0.8239979105
0.3446609597
-0.2296280230
-1.8479151805
0.8729138817
0.8105792715
-0.2641963516
-0.2096241156
-1.2269318810
1.3754409618
0.8673296312
1.7014644522
-0.6539323580
-0.4083566449
-1.3538151770
1.5618907492
-0.0831418940
-0.8711132970
-0.1709079497
-1.2268934901
1.2141859591
-0.1897070871
0.7247925491
-0.4900054466
-0.1390713890
-0.3919875232
2.1231225951
0.4070825593
0.4490059795
-0.6327194073
2.4829217449
1.1979846689
-1.5225935864
1.2912170250
0.8645134944
0.9964744884
2.4851065111
-0.4227035432
0.0658482149
-0.1077880531
0.2761217884
1.2552774088
-1.5524259544
0.4121619255
-1.4338235217
-0.8502203761
0.8431220665
1.1370641434
-1.0134516387
0.1934106958
-0.2417522111
0.2778823962
0.7954945762
-2.4672943002
0.5784568529
-1.0811989545
-0.4456994559
2.2130320925
2.1124850717
-1.9852285127
-0.0043937529
1.7711689265
0.8304605723
1.1161611873
2.3954359622
1.6368262941
-0.8268317900
0.5729107518
0.0670934907
-0.9654553458
-0.9284623960
0.1489789689
-0.1733031037
0.9890698390
1.3428306458
-0.1760736726
1.1333034379
0.1069197795
-1.1124701458
1.4385076818
0.6964595845
1.6721526466
0.0324908187
-0.7788007016
-1.0414756775
0.4644910697
0.9280097071
-0.0645125915
0.0196322971
1.9185251768
0.4754419558
0.0642683849
0.0740280807
0.2442927725
-2.4120107220
-1.3916917315
-0.1359809129
-0.2452871775
-1.0509131649
-0.7559317610
0.2679077824
-0.1888592435
-1.7229677894
2.3009653089
-0.6330282763
-0.3328466140
-0.5332982575
1.4461112557
0.1445932461
1.7961943427
-1.3831807973
0.1625485740
-1.5358527408
1.8750342124
1.2550781997
-0.1251117533
-0.7996638728
0.1272475494
-0.3409906788
-0.2939086440
0.8452366307
0.9827439918
0.5696350741
0.8445712829
0.1578865213
-1.2441123758
0.5591444028
0.2403596717
0.1116546832
-0.3121405324
-0.6078336257
-1.4807701554
0.8278611501
-3.1884994424
1.4054708750
0.3200313001
-1.1173665061
0.6579414197
-1.5084342094
1.7621272978
0.7970974033
-0.0702990520
0.3220906785
0.7273192503
-2.2445219935
1.1883146662
0.5173210757
-0.9146187948
1.7101121875
0.7200209156
-0.0801277718
0.8161849565
-1.6587963488
-0.1317356075
0.3960935829
0.0607221095
0.6185872965
3.1432889567
-1.2254605394
0.2925244007
0.5743239833
0.8872499049
-0.5187945857
0.0029436538
0.1407466976
0.4174586728
0.0198100962
-0.4483205429
-0.8030069195
0.5227525838
0.8931380893
-1.7876306873
0.4272831082
-0.0536343301
0.1123903742
1.3810464094
1.6524675148
0.8189243355
0.2455206248
-0.9804893575
-0.0206985884
-1.4849388835
-0.0183026348
0.2209269626
0.0206658342
-0.6463618406
0.0204814364
0.2340463251
2.2702328884
-0.8109326689
1.0599431579
-1.2455599023
-0.2877965082
0.8460974968
-0.6530068578
0.7712507374
0.5906595205
0.7720025434
0.4593806837
-1.6929690647
-0.7870133138
-0.1081948485
1.7144750477
0.4882250785
0.1527090537
1.3283297168
-1.7222146892
-0.6696921257
0.4196731759
-0.0019714142
2.0012310445
-0.5282653955
-1.1788029097
-0.7492857536
0.7182241395
-2.7795849952
1.7328863172
0.1948589765
2.1635042886
0.5129540621
-0.1224754273
1.1078781502
0.0143259967
1.3859473867
-1.2770266802
1.1601979046
-0.8331254329
0.3594814024
0.3188052824
-0.4664143720
-1.5718245107
-1.1517976016
0.2919342003
-0.3215143581
-0.6145835328
1.2271317326
-0.4964861676
-0.0622040141
-2.5052165143
0.0897185642
0.7977173695
-0.9671494750
-1.2873531986
-0.8728669454
-0.0728503997
-1.4859897473
-0.5615542890
-0.4346853863
0.6105750186
-0.1608191920
-0.1543323826
-1.1871227224
2.9118647192
1.6073385418
1.7683370844
0.9835280732
0.5866958930
0.0174914103
-0.9597491901
0.7481526127
-1.1373430475
0.6077620455
-0.7727740329
-1.0970824093
-1.0319881221
0.1744460200
0.3864931157
-0.5236347683
-0.5919412962
0.0826354327
0.0944691013
-0.0102844327
-0.3063176806
0.6838664242
0.6220021557
-0.3790668442
-1.0292897280
0.7901822599
0.6059893908
-0.9223198314
0.6064289882
-0.1150707431
-0.9664600321
-0.7062275825
0.2434278798
-0.9324678772
-0.7769175298
-0.4750277882
-0.3052809789
0.1990220974
0.2357544696
-1.2228551252
-0.2083951906
-0.4794368463
-0.2150119214
0.4623670890
-0.0050783064
2.1482673881
