19 14 0.18
8 0 3 1 3 2 0 2 1 2 2 2 3 3 1 4 1
6 0 0 0 1 1 0 2 0 3 0 4 0
11 0 1 1 0 1 1 2 1 2 2 3 0 3 1 3 2 4 2 4 3 5 2
11 0 2 1 2 2 2 2 3 3 1 3 2 4 0 4 1 4 2 5 1 6 1
5 0 0 0 1 1 1 2 0 2 1
6 0 1 1 0 1 1 2 0 2 1 3 0
8 0 1 1 0 1 1 1 2 2 0 2 2 2 3 3 2
9 0 2 0 3 1 0 1 1 1 2 1 3 2 2 3 1 3 2
6 0 0 1 0 1 1 1 2 2 2 2 3
7 0 2 1 0 1 1 1 2 1 3 2 2 2 3
6 0 0 0 1 1 0 1 1 2 1 3 1
11 0 1 1 0 1 1 1 3 2 1 2 2 2 3 3 2 3 3 3 4 4 3
7 0 0 0 2 1 0 1 1 1 2 1 3 2 1
11 0 2 1 0 1 1 1 2 2 2 3 0 3 1 3 2 3 3 4 2 5 2
6 6
6 0
0 11
10 1
1 5
6 5
7 7
5 13
2 8
12 4
4 13
9 0
6 3
8 2
0 0 0 0 0 0 0 0 0 0 0 0 1 0 0 0 0 0 0
0 0 0 0 0 1 1 0 0 0 0 1 1 0 0 0 0 0 0
0 0 0 0 0 0 1 0 1 0 0 0 1 1 0 0 0 0 0
0 0 0 0 0 1 1 0 1 1 1 1 1 1 0 0 0 0 0
0 0 0 0 0 0 0 0 0 0 1 1 0 2 2 0 0 0 0
0 0 0 0 0 0 0 0 0 0 0 0 0 2 1 1 1 0 0
1 1 0 1 0 1 1 0 0 1 0 0 0 1 2 1 1 0 0
1 0 0 1 1 2 2 0 1 1 0 0 0 0 1 1 0 0 0
1 0 0 0 2 1 2 2 2 2 0 0 0 0 1 1 0 0 0
1 1 1 1 1 1 0 2 0 1 1 0 0 0 0 0 0 0 0
2 1 0 2 1 0 0 1 0 1 0 0 0 0 0 0 0 0 0
0 1 2 3 1 1 0 0 0 0 0 0 0 0 0 0 0 0 0
0 0 1 2 3 0 1 0 0 0 0 0 0 0 0 0 0 0 0
0 0 1 2 2 1 1 1 0 0 0 0 0 0 0 0 0 0 0
0 1 1 1 0 0 1 1 0 0 0 0 0 0 0 0 0 0 0
0 0 1 0 0 0 0 0 0 0 0 0 0 0 0 0 0 0 0
0 0 1 0 0 0 0 0 0 0 0 0 0 0 0 0 0 0 0
0 0 0 0 0 0 0 0 0 0 0 0 0 0 0 0 0 0 0
0 0 0 0 0 0 0 0 0 0 0 0 0 0 0 0 0 0 0
-3.0780849601
0.0578391609
0.6430889838
0.0053501787
0.8278775501
-0.2333707516
1.0483636721
-1.2508261466
0.3312151036
-0.0917656938
0.7241752664
-0.7735911815
-0.4351066318
0.6383998895
-0.6523709349
2.1272346452
1.9757461305
-0.6567275850
0.1874279317
0.3022310349
1.8558654072
-0.8418681698
-0.4963639941
0.5914322896
0.1530638605
0.6876001684
-0.5370900144
0.1052614163
2.7120214971
0.2117002180
0.3736381131
-0.3337704183
1.5001230956
-0.7481019863
-0.8614174535
1.9993220691
-0.7364513551
-1.6177798901
-0.5290829083
-0.7282882762
-1.0814603386
-1.0505604519
-1.5457060347
-0.1490813583
0.3946992546
-2.7988371807
-0.8347782208
-0.6024980211
1.4522323329
-1.9020146613
-0.4042556836
-0.0713069976
0.1317146764
-0.7885253217
-0.1587333301
-0.8757489733
2.7070527504
0.2151822877
-1.6471492403
0.8305608790
-2.0621157457
-0.1232698348
0.5703870575
-0.1278530049
2.4000056008
1.1861427754
-0.0435854096
-0.7329209511
0.6025078345
-0.1574268936
0.0845103775
-2.1823623104
1.8052963737
0.8393682249
-0.3836972781
1.3942163316
1.5827420651
0.6889288619
-0.3358198424
0.0510223456
1.6484361179
-0.6337838786
0.7476148910
0.1616957992
0.2052661643
0.0991930452
-0.0959676990
-1.4118380153
-0.3427747704
-0.2141783322
-1.3284898905
-1.0556345432
0.5001335797
-0.2819820774
0.3492253379
-0.1402309547
-0.0535222784
-0.0906936912
1.6984029798
-0.8018489433
0.3001520039
-0.9643289907
1.2428910552
-1.6259094530
0.3503398656
-0.6922226951
1.2780789719
-1.3626049562
0.7089388711
1.0014589013
-1.3052504148
1.1859368984
-1.4443840944
-0.9741113259
-2.1952686557
0.5073493095
0.8899853188
1.4075411301
-0.7219959543
0.1014363958
-2.5183129173
1.5550837235
0.9501059462
1.7079482190
0.0698505179
1.2247603372
0.0732991539
-0.9635995999
-0.0275214383
0.4153314905
0.4580690224
0.0531517316
0.7686032471
-0.6443029202
-1.1365443711
-0.4668614872
1.4246982393
0.1944093324
1.8083597434
0.2083882607
-0.4517390020
-0.2248843566
-1.3026399080
-0.5032377193
0.8320188675
-0.4265471323
1.9938252185
-0.6986660283
0.5092289438
0.6083976248
1.7943269305
-0.2955872707
-0.5500196517
-0.2819302245
-1.4385990676
0.2765414710
1.0122844439
-0.0070950836
-2.0920853927
-0.0939618029
1.4291684800
0.7809903195
-0.7810782526
-0.0057133530
0.3827161555
0.4852484883
-0.3385616712
2.2414850195
-0.5777277090
0.9217430888
2.0965352292
0.0961888400
2.1505786595
-0.2191449420
0.9238770943
0.7938510798
1.9076311623
-1.7832283637
-0.2976510255
-0.7835027241
1.5684933034
0.4738114789
0.1607351740
-1.2660533296
-0.8557527661
1.0425472503
2.5926460289
-0.0857089131
-0.8065898405
-0.7939153185
-0.0982482221
0.5085404370
0.5486706111
0.9382644070
-0.6869824269
0.3295916215
-0.9801109197
-1.2257208657
-0.4205647222
-2.3986303979
0.9364626441
0.3331104890
0.8795735784
-1.3103777324
1.9146597350
-0.3138134030
0.4327298154
-1.0320821774
2.0020916420
1.1407622923
1.1682645622
0.8890365202
-0.5542965202
0.7442970415
-1.1104513459
2.6483263018
0.7417343314
-0.1422433995
1.5385988650
-0.0966170743
0.0511763925
-2.5162573631
1.0074125102
-1.0033775587
-0.2323020692
-0.3403396982
0.0766561619
0.4520822531
-0.4714613667
-0.5420810981
0.6009741751
-0.7183640090
1.3966986576
2.0483848567
-0.5156424118
1.3725573935
0.2066597738
-1.1347567506
-0.4154308078
-0.4636400625
-0.3241776327
0.8021206661
-0.3829269937
-0.4884063137
-0.5073416421
0.4041375655
-0.4577328867
1.0049347849
0.4447720055
-0.2169230201
-0.6038504304
0.5376727524
-2.5026165003
-0.7235782056
0.2880527816
-0.3329214915
-1.1060469264
-0.8037935707
0.5098467203
-1.7380934244
0.3175840309
1.0821259735
2.4717213799
-0.5605624344
-0.9949016537
0.5775681581
0.2707302315
-0.5182614394
-0.9482091261
-0.3934942078
0.8677077571
0.0679680937
1.2240691872
-0.5009974105
-0.5143679685
0.3443078478
1.2666343374
0.7241591272
-0.9026813161
-0.1401728387
0.0933837025
0.1181662881
0.5582495187
-0.2570583027
-0.5799394457
-0.2393798739
0.6947539727
0.3943493868
-0.6320888973
0.7584898574
0.5645040121
-1.7249173105
-0.3740844292
-0.2677422309
-0.1711109783
-0.2223928342
1.7585011902
0.1730288180
-0.3060386702
0.6716926919
0.6542828153
-0.9196465564
0.0081607130
-1.8336803531
-0.4144203420
0.4396782996
-0.4293889477
0.3109376072
-0.7885353376
-1.4534297202
-1.5183555709
-1.1405837139
-0.8990369388
0.6414097564
0.2800849209
-2.6994336990
-0.4384271075
0.3387090995
-0.8007761129
-0.1177075923
-0.3898738044
-1.0981276055
-0.7767976177
-0.7630705670
1.2887162136
-0.9364785433
0.8366120893
0.0705306759
-0.4339864359
0.5833429024
-0.3836965482
-0.8849382243
-0.2790374719
0.1892408091
1.4710491181
1.5520376424
-0.0521642221
-0.2865807347
0.2250688567
0.8405878154
-0.3838040644
-1.6409508443
0.4342429395
-1.6557824458
-0.7097572558
-1.3400227236
1.3326970276
-0.3142660064
2.1220883482
-0.2430668363
-1.2687006785
0.6195902004
1.1970169926
-0.5927281604
0.0740180563
0.5580221240
1.7299712955
0.6389966506
0.1361219629
-0.6165343907
0.3142190834
-0.4548175641
-0.3080527784
1.0996748940
-0.8465773996
-0.6797094518
2.3969121356
-1.8975734812
-1.0321732657
-0.7584307564
0.9699171858
-0.2514170783
-1.3689918981
1.8017792992
0.1118310675
-1.0252547701
-0.2842298368
-0.0659243672
0.5086159686
-0.6678985272
-0.2816177830
-0.4955917441
-0.3075935912
-1.7416878096
2.1267442624
-0.5269776602
1.0345846581
0.7534596729
1.0445685618
-1.2383852672
0.6086946890
0.6655761402
-0.1266908956
0.7551254564
1.6944416391
-0.2763814376
-0.9846274608
-0.5043166251
-0.0667343826
-0.1228607032
-0.3143994385
-1.0937023011
0.6826382032
-0.1021285360
1.1066891308
-1.2153756357
2.2454784039
-1.1214760257
-0.0391655749
0.9975276754
0.5237331370
-0.6569015387
-0.4617287105
0.2222480588
-1.7082054237
-0.3361415673
0.6784685275
-0.3755591720
-2.0365594849
0.2975322283
2.1812926693
2.3385870364
-1.8690221819
0.8695662646
-0.1780670955
-0.9541116809
0.1439804394
-0.4319083757
-1.8630166038
-0.5169281055
-1.6476464982
-0.5455782147
1.9050536039
-1.0298341327
0.4133896557
-0.1488044721
-0.0467617027
0.1020563704
1.0930396822
-0.4067943765
-0.7171215837
-0.1905459952
-0.1629870497
-1.2191551209
1.2291121814
-1.3170107263
1.2627640111
0.6895595927
2.5297525278
-0.1663731159
1.4812261584
0.5080962289
1.1045288930
-0.3225806910
-1.0109647888
0.2788217721
-0.1417467963
0.0366755375
-0.4606171043
-0.9467796761
-1.2334059111
1.8335149240
-0.1635992862
0.2036358264
-0.7011370385
-0.0784861871
-0.3463949613
-0.6030351305
-1.3600230711
-0.4598888406
0.0255633924
0.0378091671
-1.2652734052
-0.4304638140
-0.8149228470
0.1231028447
0.0969362541
-0.2619691433
-0.1295732985
0.6929704306
0.5833152295
-1.3215821399
0.7754103110
-1.5857049377
-0.0463183052
0.8183282966
0.0796555648
0.6472126443
1.1094509416
-0.9192658995
1.4437289103
0.6016703386
-0.0866100339
-0.0924790602
-0.5247481908
0.6470026717
0.2127757651
0.1373832740
1.6250750742
0.3931725607
0.3683485606
-0.1640590183
1.2600429879
-1.1299631850
0.1313870262
-0.7280642072
0.1093761553
-0.2412862512
0.9644352733
0.3962131638
1.5964696898
-0.2856441208
1.3595886332
0.6573772293
-0.0913994056
-0.3019647084
0.1127870292
0.6387180783
-0.8783395016
-0.6212961046
-0.1475334671
2.2186612508
2.8379414208
-1.1246239351
0.6726977320
0.9171419575
0.6645843495
-0.2713880927
-0.5983399197
1.3211748536
-1.7128580780
-0.2257948193
0.3399933246
0.1131122747
0.3444946855
-1.9077717852
0.5491226221
1.2107505859
0.2468528922
-0.0738954867
-1.2178226606
-0.7837196015
0.0554580513
0.4878641527
-0.4652576665
-0.0081918265
-0.5196654921
-0.1532865779
-0.1324713424
-0.6561655739
1.5984565717
0.9671221934
-0.4552453944
-0.3869125912
0.9389523053
-0.2231786017
0.5885780278
0.3445604497
0.5962399753
0.2233870815
-0.5486017970
-2.2929841232
-0.0509146918
0.2381637779
-0.3773535367
-0.0219983756
-0.4832639747
-0.4278801185
-1.0649786989
1.1570065534
-0.8037561241
0.3525070342
2.3096237023
0.1089838777
-0.0835478376
0.7690644859
0.0310208798
1.2919941276
0.2562812843
-1.6134090363
-0.3663080771
-0.2586799026
-2.0959275617
0.5382770147
0.1568527896
0.8060233084
0.1538973177
1.2897029422
0.1032398355
-0.3901167127
0.8117879169
2.1200427076
-0.6127785727
1.0364383777
0.0901192839
1.2902883390
0.6868930927
-0.8131187759
-0.9969373476
1.3008364789
-0.3095489811
0.2880752352
-0.5028651532
-0.8329024386
0.6551151554
0.1046730580
-1.4531096067
-1.2584910248
-0.5890235432
-1.7638337365
-0.5874010855
0.9927178062
0.8710652003
-1.7923482330
1.6192616567
-0.4890819648
1.1303384300
-0.3432375038
-0.8032798020
-1.7418475001
-1.1778582492
-1.0736681579
-0.4232028793
-0.1025678873
1.2194098432
0.3791441233
0.5447942196
-0.3225807147
-1.1840381944
-0.9770349824
-0.9438874178
0.6726086032
0.4102793171
-1.0124944676
-0.0601728056
0.2445066964
0.3580487490
-0.3995557223
0.8998740901
-0.6602675176
1.0832939980
-0.8850013285
-1.2784068079
-0.3074779911
0.1416812111
0.0424529128
1.0474322987
1.4711201661
1.3595651109
-0.0837416570
-1.1822489543
-0.3795353726
-0.2130151087
-0.9664051915
0.2787497191
-0.5644397074
-0.5347469406
0.3133126140
0.2659102891
1.0362472235
-1.8092030486
1.4012230988
-0.4694050205
-0.6189578757
2.0747689036
1.3375982387
1.0164837708
0.2268870599
-1.3067009411
0.0941438234
0.7434911698
-0.2343117252
-1.6192554937
0.8194570467
-0.4348554309
-1.0352625746
0.3539558199
0.2528606684
1.5642081674
-0.6529380432
-0.2923358495
-2.1574639004
-0.7542899946
0.3592477271
0.8193582870
1.4566124959
0.6376728186
-1.6540132886
-1.8551136480
-0.7610853439
0.5702112394
-0.8732446505
-0.2477905166
0.6415355523
0.1652643748
-0.6827686648
1.6425101188
0.5673118296
-0.4148332559
0.1625879906
-0.9615307957
-0.1340958859
-0.4428628566
-1.3693527865
-0.1001670292
0.3773632346
-0.8795141458
-0.2780455412
-0.8727722504
-0.9765274097
1.2515227293
1.5378142832
-0.0629518812
1.0266758052
0.8498282249
0.6253756145
-0.8629798427
-0.8755181046
1.8335323502
-0.9510497192
-2.9496488922
0.1260021086
