14 9 0.06
10 0 2 1 1 1 2 1 3 2 0 2 1 2 2 2 3 3 0 3 1
10 0 1 1 1 1 3 2 0 2 1 2 2 2 3 3 1 3 2 4 1
10 0 2 1 1 1 2 2 0 2 1 2 2 3 1 3 2 4 1 4 2
10 0 1 1 1 1 2 2 0 2 1 2 2 2 3 3 1 3 2 4 1
10 0 1 1 1 1 2 1 3 2 0 2 1 3 0 3 1 3 2 4 1
10 0 0 0 2 1 0 1 1 1 2 1 3 2 1 2 2 3 2 4 2
10 0 1 1 1 2 0 2 1 3 1 3 2 3 3 3 4 4 1 4 3
10 0 0 0 1 1 0 1 1 1 2 2 0 2 1 3 1 4 0 4 1
10 0 1 1 0 1 1 1 2 1 3 2 1 2 2 2 3 2 4 3 3
2 2
9 6
1 4
7 0
5 10
8 8
7 2
6 7
3 4
0 0 0 0 0 0 0 0 0 0 0 0 0 0
0 0 0 0 0 0 1 0 0 0 0 0 0 0
0 0 0 0 1 1 1 0 0 0 0 0 0 0
0 0 0 1 2 3 1 0 0 0 0 0 0 0
0 0 1 1 2 3 2 1 0 0 0 0 0 0
0 0 1 1 0 2 2 1 1 0 0 1 0 0
0 0 0 0 0 0 0 2 1 0 0 1 1 1
0 1 0 1 0 0 0 1 1 1 1 1 0 0
0 1 1 1 0 0 0 1 2 0 2 1 1 0
1 1 2 2 0 0 0 1 2 1 1 2 0 0
0 1 1 1 1 1 1 2 1 2 1 0 0 0
0 1 0 1 0 1 1 1 1 1 1 0 0 0
0 0 0 0 0 0 0 1 1 0 1 0 0 0
0 0 0 0 0 0 0 1 0 0 0 0 0 0
-0.4683562695
-1.3751685365
-2.6528446473
1.0336616065
0.6480521331
-0.8374469724
0.4840049633
-0.8182572350
0.7455883893
2.2609199426
0.3303410265
0.9048463315
-0.4198179940
1.6425514990
-0.5019696873
0.2330989264
0.9488458268
-1.3377203173
-1.5067931899
-0.3328607426
-1.1329960306
1.1899007080
0.1233106971
-0.7168038892
0.9639345574
-0.0742801740
0.5688512464
2.1309477954
0.6671925886
-0.8062121800
0.3958891031
0.3011070669
-0.3950101602
-0.6552763698
1.2988721786
0.2659629533
-0.0280635266
-0.6035350372
0.3390650024
0.1515945592
-1.7027300714
-0.5432554142
0.8178517955
0.5852756750
0.0048638676
0.2256585469
-0.4600783510
0.4900340121
-0.6962375143
-0.1411255215
-0.4487250238
-0.6373585539
0.8201467856
-1.2305980020
0.0426766195
1.2792908346
0.5678907772
-0.3382291132
-0.4564489542
-0.4188765641
0.0608381516
-2.2080196003
1.6178592362
-1.7958705340
-0.2475029903
-3.3609742607
-0.0553242644
0.7719664222
-0.3002055428
-0.4275892735
1.1946862362
0.8139096208
0.9468753202
-0.9366525047
1.3183887526
-0.1387333456
0.2356342802
0.6002243323
0.0206148008
1.3361952828
0.1742297592
-1.6898664336
-0.1721850162
0.4137957888
-0.4368113044
1.2064910089
0.1344370241
1.5449184075
-0.2785081872
0.1823641006
-0.6868774675
-2.2594593397
-1.0791183437
-0.3952813478
-0.5571545483
1.7961434648
0.3641180504
0.2410413292
1.9067717946
-0.5692342438
0.7993262515
-1.3316700827
-1.0887190526
-1.6987164889
-1.1630792014
-1.5572260705
-1.8082864311
-1.7908473145
0.8463575132
-0.4354534866
0.8682638364
1.1591673025
-1.7278670456
0.2858388769
-0.7967273390
0.5881869793
-0.3631014310
-0.9608185660
0.1225616946
1.1985036101
-0.5104038651
-0.1316524616
-0.3314634680
-0.4683427124
0.7429878823
-0.2923963837
-0.9077591003
0.1140270543
-0.9064749013
0.0184680235
0.1959629137
0.8301556104
0.4121565050
0.3217846419
-1.4084954744
1.5046648907
-0.1308295069
-1.9476418903
1.5185563205
0.7474129314
0.7163038161
1.0607235460
-1.3906220428
1.1127245186
0.6142628825
0.7625261495
-0.6987857323
-0.2561707420
-1.1059488371
0.3612646845
-0.2664789651
-1.7498253764
-0.9103123487
-1.0355454196
-1.7182146359
0.2683416828
0.7313381642
-1.3548420782
-1.0613391829
-0.3726827296
1.5092035573
-0.9722577672
-0.8705197162
-0.0410165153
1.2501385141
-1.0377356337
0.3288792612
-0.1648281743
-0.9398534333
0.4243129831
0.9022280529
-1.3744546838
0.7446039368
-0.1482405194
-0.8311617514
-0.4969552407
1.2245617471
-1.8313477668
1.4204429430
1.7487462690
-0.5370473649
-0.8754565672
1.0211237082
0.8439822727
-0.0558468922
0.4156715820
-0.6598662871
1.4293547438
1.1335071364
-2.1544503185
-2.8995459192
0.2039054494
0.1139210978
0.2562708783
-0.3138356030
1.3945233540
0.4597836677
0.6748458550
0.0805438375
-0.6920491091
-0.6739412136
0.1275529232
-0.7065088040
0.2865088371
-0.7687289946
1.9323813768
1.7195257894
0.3955069659
-0.7950076246
1.0775477683
2.4792308986
-1.1871082452
-0.3270549472
0.7660972769
0.7128940349
0.0351888748
-0.5451797949
-0.0798963143
-0.8494127294
-0.7238616841
-0.3928729186
-0.4190952670
-0.3688198851
0.2051300624
1.1369346639
0.0361319991
0.7063552926
0.2700862214
0.2049821557
-2.0820637356
0.2615126325
-0.4742543302
1.3207845871
0.3242532899
2.1624129446
0.6742724585
-0.4564773485
-0.3693544014
-0.2484125451
0.3964922366
0.3134150721
-1.0196348222
0.5852326853
-0.9625599074
0.0505795238
-0.3500808997
2.0575454330
2.2454621485
0.4704730698
-0.4485105031
-1.5879576131
0.5248036326
0.7645936781
0.2666595124
0.9234394864
-1.5421430723
0.1498916375
0.4109029419
0.3813417837
-0.2334369611
0.9437799521
-0.5547019209
0.1223420117
2.1131755747
0.8869062485
2.1326888960
0.3328327546
0.9722922992
-1.0103332703
0.1729463493
0.3891537490
-1.4813515782
-1.5732456691
0.6287382103
0.1542833333
-0.4433883417
-1.2766529061
-0.1550521447
-1.3234841174
1.7711038844
-0.5891798064
1.3354158926
0.4291211781
0.7722822070
1.1584306743
0.3914595275
0.0885388798
-0.6502869943
0.2004947328
-0.8691212134
-0.9423545832
0.6809425654
-1.0772785839
-0.3260915922
1.2611939119
1.6187205281
1.3857435362
1.7661652690
-0.5644261914
1.0298332585
-0.2343197063
-0.4974564477
-1.7745554581
0.7240655091
1.2054057956
-1.5846054319
-1.2359772370
-0.5378748845
-0.1088120134
0.5957810848
-0.7640199925
-2.4485925239
-0.8899131888
0.3901485964
0.9257901083
0.0961265034
1.4842538253
-0.1996485617
1.6178946332
-0.0443066669
1.6049441295
0.3516844579
-1.0772800504
0.8096917090
-0.3276645801
1.8747238826
0.2823638843
-0.2254183710
1.1092516547
0.3398418930
-0.1381178773
-0.7332777380
-1.0931249369
1.3326249900
1.1158630056
1.2266861494
0.1354738620
-0.9025319467
-0.4778736405
0.9874109706
1.6987537609
0.0580534684
-0.4812094955
0.1037960503
1.0170899394
-0.9938064313
0.9541445089
0.3089813882
1.0597000280
-0.1990777630
2.2123194521
-0.6558544221
0.2778140022
1.5418407971
-0.2216594557
-0.1038581793
-0.1405235418
-0.1231927793
0.2792161384
0.6003267517
-0.8398880519
-1.6344534486
-0.1771236506
0.6298404297
-0.7709965531
-0.8097972964
0.3858086503
1.2355794404
2.0664398889
0.2516525326
0.3606766633
0.7016329585
-1.0788695239
0.5713716845
1.0904007633
0.2100007228
1.6016930524
-0.2026731909
1.3441869155
1.5293036536
-1.3620753749
0.0084488278
-0.7688011025
0.9700455612
-1.1062594132
-0.6294984431
-0.5691796710
-0.1023870837
0.6239339202
1.0157651426
1.5332831587
-0.5704338323
