13 6 0.12
4 0 0 1 0 1 1 1 2
4 0 0 0 1 0 2 1 0
4 0 0 1 0 1 1 2 0
5 0 1 1 0 1 1 1 2 2 0
6 0 1 1 1 2 0 2 1 2 2 3 0
5 0 0 0 1 1 0 1 1 2 0
10 5
3 3
6 5
0 3
0 4
7 11
0 0 0 0 1 1 0 0 0 0 0 0 0
0 0 0 1 1 2 0 0 0 0 0 0 0
0 0 0 1 1 1 1 0 0 0 0 0 0
0 0 0 1 2 1 0 0 0 0 0 0 0
0 0 0 1 0 0 0 0 0 0 0 0 0
0 0 0 0 0 0 0 0 0 0 0 0 0
0 0 0 0 0 1 0 0 0 0 0 0 0
0 0 0 0 0 1 1 0 0 0 0 1 1
0 0 0 0 0 1 0 0 0 0 0 1 1
0 0 0 0 0 0 0 0 0 0 0 1 0
0 0 0 0 0 1 0 0 0 0 0 0 0
0 0 0 0 0 1 1 1 0 0 0 0 0
0 0 0 0 0 0 0 0 0 0 0 0 0
0.5803786556
-0.2705042703
1.4326802386
-0.0312705494
-0.6161143606
-0.1793301505
-0.0659332234
1.8819274433
0.6013243292
0.2944062131
1.0580456804
0.3934582025
0.9998110835
1.2432999456
-1.2151887387
-1.6216287851
-1.1177062419
1.5648816165
-0.0048847788
-0.0700279055
-1.2137587514
-1.0248286015
1.1492790643
1.3187736106
-0.1004842449
-0.4002980621
0.7815385897
-1.8162302011
-1.0500231951
0.4882884503
1.2038534641
0.7694137643
0.1852497186
0.1040998289
1.1319852285
0.5673608851
1.0736926306
0.3827281338
-0.7448364161
1.6467506068
-1.3803289490
0.8810075977
0.9148642602
0.7569591063
-0.3837430126
0.7460510618
-0.2681791814
0.6012477325
0.1846781158
-0.0838257887
0.2411983791
0.0321868549
1.1942471301
0.3033149533
-0.1337999078
2.5097642810
-1.4510373494
-0.3065018949
-1.1434803556
-0.3615920165
2.0333305379
0.8622937181
-0.7766225517
-2.0904101245
-0.3284154091
-0.6155437291
0.7193986028
-0.7637168239
-0.8206225428
-0.8027991078
-0.7804990505
-0.3454095329
-0.4689360400
-0.0319201022
1.9782495251
1.2004156849
0.4951869866
-0.4962098333
-0.4526307272
0.1096474593
0.1896546374
-0.3437031167
-0.1719652790
0.1669687941
-0.0294799365
0.1610141912
0.7287097354
-0.2910624060
0.5670152434
-0.7015216805
0.4760880996
-0.4473747837
0.1525291908
1.0553912377
0.2047947386
1.0545481032
-0.9556818442
-2.9698485457
1.7625907170
0.2157931176
1.5784687205
0.7975809236
0.8534828183
-1.6526278094
-0.5902314657
-0.9578077848
0.1999801998
-0.3812637049
-0.1904024426
-0.1870263330
0.0037136120
-2.0269591335
-0.2401831538
0.1171214751
-0.5302752294
-1.9828212918
-0.4035571068
0.5446039486
-1.1836916933
-0.2355092238
-0.6378411120
-0.5289829361
1.0545981087
1.0546832151
-0.9379246444
-0.8507986613
0.5505336367
-1.3270918184
-0.1768594254
-0.8320157795
-0.4167228204
-0.7805625323
1.8124075013
0.1153232509
-0.5947109569
0.6010229050
-0.9767522003
1.3526757045
0.5746252067
1.2007990239
-0.3914749170
0.2027883881
1.9726819121
1.7371548074
-1.2867687539
0.1187473471
0.7967925228
-1.0286261258
-0.7643344919
0.5623151768
0.3116688089
0.8291119880
-0.8378008425
0.2047591217
-0.0925572159
0.7690298042
-0.0160931929
0.3123641990
-1.0987253974
0.9115389562
2.5668697674
-0.7067246023
-0.4036438496
0.0347167119
0.9803728087
-0.3722096070
0.8380027815
-1.5089332729
0.0376727580
0.9365883088
-1.4230412383
-0.3629364074
-0.5985239856
0.6711836465
0.2487464526
0.0037298261
1.4151940010
-0.9659087044
-0.4105447292
1.0383007116
0.2393747380
0.5165259617
-0.3715931388
-0.2286040277
-1.4183440473
0.1572780474
1.5338991688
-1.7391605094
-1.2171500939
0.8942965561
-3.0869993760
-0.6248497286
1.5874079189
0.0325151446
0.8585578368
-0.4257775606
-1.0269633422
-0.4024112402
0.2798619170
1.2800462318
-0.2245506096
0.5840066296
-0.1392587254
1.4358117451
-0.7553413290
-0.1321893265
-0.6435951470
0.6398367890
-0.4945747192
0.2508046548
0.6543467271
-0.7462407442
-0.4679516980
-0.6633325082
-0.8615293206
0.2108158258
-0.7196504718
0.2421489469
-1.1326983212
0.5242554313
-2.6970840429
2.2175871959
-0.3171043284
-1.0050254745
-0.5237098171
-0.5720893061
-1.8028558780
-0.1934623599
0.4020435285
1.7204100535
0.5752329826
-0.3556164352
-0.8458609692
-0.3950760981
0.0592525151
1.3134438379
0.9581795140
0.0754721452
1.2928743456
-2.0923416048
0.2364180811
-0.9774491255
-0.4177290236
2.2189311273
-0.3072007024
-2.4573762212
-0.5011368108
-0.8488757470
0.4043761009
-1.3981524823
0.5009208755
-0.3580782853
1.1186590227
0.2769550990
2.6781321586
-1.8270704577
-0.3971456375
0.6397256548
-2.1015874190
0.5927981334
-1.6074034946
-0.2923748417
-0.3738273374
-0.4049389481
0.3531341038
0.5141848596
-2.0334308236
0.6820811280
-1.3084222952
-2.2114954724
-0.7489234238
1.7575811081
-0.9461952600
0.0379707108
1.0037750445
-1.1567637108
-0.7873232676
-1.2387408054
1.8675532637
0.2063263943
-1.6767060349
1.5900515053
0.5309480504
0.8028777269
0.1073484800
-1.0320332401
0.4874161435
-0.4596917770
-1.2098835235
-0.1001086627
0.7416968083
-0.2205354712
-0.6783376788
0.7897838790
0.7760587444
-0.6003210997
-0.9128911221
-1.5158990933
-0.1236171105
0.2907396734
0.7420989519
1.1681681960
-1.6499066608
2.1036484084
-0.5399908676
-0.2120658012
0.7300392277
1.2927905767
1.1399427751
-1.1270047635
0.5813873434
-0.9878712228
0.0889870380
-0.0671321846
-0.8461628527
0.3151059224
-0.2602411710
-0.1531257088
-0.8762364617
0.1619498097
-0.1280029543
2.1209492865
-0.3591072662
0.2924397185
0.1781434736
-0.9973321135
0.4566173608
-0.0399870455
-0.3989153161
0.1155753720
-0.1575175319
1.5200202690
-0.3593948420
0.0305293185
-2.4351064086
1.5165447517
-0.4157332186
1.9847188161
