18 5 0.12
27 0 2 0 3 0 5 1 2 1 3 1 4 1 5 2 1 2 2 2 3 2 4 3 3 4 1 4 2 4 3 4 4 5 1 5 2 5 3 5 4 6 0 6 1 6 2 6 3 6 4 7 0 7 1
33 0 0 0 1 0 2 0 4 1 1 1 3 1 4 1 5 1 6 2 0 2 1 2 2 2 3 2 4 2 5 2 6 3 2 3 3 3 4 3 5 4 1 4 2 4 3 4 4 4 5 4 6 4 7 4 8 5 1 5 2 5 5 6 2 6 5
24 0 1 0 2 1 1 1 5 2 0 2 1 2 2 2 4 2 5 3 0 3 1 3 2 3 3 3 4 4 1 4 2 4 3 4 4 4 5 4 6 5 2 5 3 5 4 5 5
16 0 2 1 2 1 3 2 2 2 3 2 4 3 0 3 1 3 2 3 3 3 4 4 1 4 2 4 3 5 1 5 3
36 0 4 1 4 1 5 2 4 2 5 3 3 3 4 3 5 3 6 4 2 4 3 4 4 4 5 4 6 4 7 4 8 5 0 5 1 5 2 5 3 5 4 5 5 5 6 5 7 6 1 6 3 6 4 6 6 6 7 7 2 7 3 7 4 7 6 7 7 8 4 8 6
4 11
1 3
12 11
12 4
0 1
0 0 0 0 0 1 0 0 0 0 0 0 0 0 0 0 0 0
0 0 0 1 1 2 1 1 0 0 0 0 0 0 0 0 0 0
0 0 0 0 1 1 2 1 1 1 0 0 0 0 0 0 0 0
0 0 0 1 2 2 2 2 1 1 0 0 0 0 0 0 0 0
0 0 0 1 1 2 2 2 2 1 0 0 0 1 1 0 1 0
0 1 1 1 2 2 2 2 2 1 1 1 0 1 1 1 1 0
0 0 1 0 2 2 0 1 2 0 0 0 1 1 1 1 0 0
0 0 0 1 1 2 0 1 2 0 0 0 0 0 1 0 0 0
0 0 0 0 0 1 0 1 0 0 0 0 1 1 1 1 0 0
0 0 0 0 0 0 0 0 0 0 0 0 1 1 1 1 0 0
0 0 0 0 0 0 0 0 0 0 0 1 1 1 1 1 0 0
0 0 0 0 0 0 0 0 0 0 0 1 1 0 0 0 0 0
0 0 0 0 0 0 1 0 0 0 0 0 1 1 0 0 0 0
0 0 0 0 0 0 1 1 0 0 0 0 1 0 0 0 1 0
0 0 0 0 0 0 1 1 1 0 0 1 1 1 0 1 1 0
0 0 0 0 1 1 1 1 1 0 0 1 1 1 1 1 0 0
0 0 0 0 0 1 1 1 0 0 0 0 1 1 1 1 1 1
0 0 0 0 0 1 0 1 0 0 0 0 0 1 1 1 1 0
0.4076121177
1.0295630285
-0.9323631563
-1.2074059701
0.1384348709
-1.9743858864
1.4986678716
0.3804489467
0.2293333616
-0.1212741754
1.8691090268
0.0044563073
-0.3093371059
1.6387508896
0.4569366572
-0.9873188815
0.3172955659
-1.8882617337
-0.4825779084
-1.4309946588
-0.1863934286
-0.1801321461
0.6123141054
-0.6973026625
1.7081309206
-1.2982212408
0.0592109909
0.7817246745
-2.0910058858
0.3376019167
-0.3354294166
-0.8198493004
-1.2440184020
-0.8724733531
0.0495253699
1.9790143531
1.5141475199
0.2399115577
0.2992401716
-0.9117263817
-0.5517254839
1.0357378491
1.0157823076
-0.8169436572
-0.9057921046
-1.0268603610
-0.2907273436
-1.0588805859
-0.3443072795
-0.0857455906
-1.2888481388
0.0997682188
-0.1371865586
-0.5907221110
-0.5469848675
0.1577611851
0.6056959527
-0.2476503455
-1.5625769451
0.2151637626
-0.2206831109
0.0424806058
0.2082384944
0.2738918417
-1.0144753026
-0.5572894361
-0.5581014402
-1.0225922452
0.2194068039
-0.3423231154
-0.7558932199
1.2807540779
1.1566653350
2.2207680787
0.4538713971
-1.2341404569
-1.2023292495
-0.6996862968
0.7173828254
2.8702157820
0.9266300832
-0.7317845063
-1.6944089640
-0.9907140256
-1.1148785754
1.9986793999
0.2002954269
2.3533881926
0.8040831843
-0.2245177428
-1.4709828011
-0.7124156942
1.6465730944
-2.0627605125
1.2820781452
0.7128318146
0.3351179547
-1.1699469813
0.4746076622
-0.6308276411
0.1800003329
-0.5833897045
-1.7959310107
-0.0298975311
0.4085451339
-0.6052888255
-0.5852288398
0.5153881911
1.5406940895
-0.9707046551
0.3143200787
-0.5411546794
1.5478448099
-0.9190147034
2.7451864619
-0.8941592299
-0.7216346028
-0.2540916089
-1.0871351691
-0.2331951527
0.4011069749
-0.0504070064
-0.4135757845
-0.6778931120
1.3405218548
0.9570877173
0.2523861827
0.2008945013
1.3918702944
-0.3920292473
0.1101129348
-1.3297261454
0.9209655753
-0.4641359640
-0.3612466434
0.3601364437
-0.9473052032
1.5803582795
-1.2995660988
-1.1693497464
-0.3187403891
0.4919618769
-0.5366026422
0.8591554862
0.0787660283
1.1713212551
0.4732894795
0.5635874244
-0.7258129389
0.1434990017
0.2715928266
1.8612991540
-0.9004092016
1.2792696634
-0.7640704034
2.2320968818
0.2706632974
-1.5414604152
1.0224813597
-0.5124447071
-0.3873955676
-1.3967152210
-0.0290702988
0.2222982742
-0.8954699187
0.1803658312
0.4089039236
1.2822815340
0.8533967888
0.4804624288
-0.7285519631
-0.2601536634
0.9442264361
-1.2260024421
-1.2799427377
0.8502777442
0.1235354227
2.3489095242
0.5824634075
-1.4294378436
0.4016708815
-0.6002146971
0.1384293224
0.7461098973
-2.2403739273
1.4225681272
-1.1086301092
-2.7928211414
0.6745241915
0.6852238319
2.9359282145
2.1189867530
-0.2403218863
0.9937418626
-1.2154115374
-1.5185856635
-1.7034366837
-0.0691052844
0.4850423874
-0.4827534662
0.1379874533
1.5818184208
-0.3367426347
0.6249231356
1.3536579991
1.1281573917
0.0129234346
-0.0904780529
0.8437136999
-1.5113433710
0.1046450496
-0.1232840020
-0.9166388312
1.3184615571
-0.6370604179
1.4715305869
1.1066315507
0.1552988685
0.5304240630
-0.7364245010
-0.5444731253
0.1166639595
0.1433723984
-1.6136103262
1.0664818783
1.6286521271
1.2959421353
0.2257843559
-0.1296562002
-0.1940326068
1.4909817003
0.7122166254
1.2563708667
-1.9728605026
0.3440379032
-1.8290202639
1.5561531160
0.2432097070
1.9543415725
-0.4027563773
2.0404778714
0.1190843318
-0.3508910380
1.0569567650
0.2898493121
-0.2652739864
0.9512374539
0.0177458288
-2.0000621216
-0.0837362947
0.1620928044
0.6734274004
1.1494027325
1.2437455176
-0.3648010279
-0.1117437106
0.4625744243
-0.4902221967
-0.3384357973
-0.5238395265
-0.4331930983
-1.0248508624
-0.2949750528
0.5425572990
-1.3227739466
-0.2854206360
1.4289929466
0.8872222413
0.1217819022
-1.9947556655
-0.9413601783
0.7489812073
-0.5216950662
0.8063796935
1.1772848209
-1.0312624876
0.3777283590
1.5355858578
1.2951352842
-1.0351763100
-1.5047490796
0.4076819708
-1.4878531340
0.2419470517
0.2409438659
1.0189079965
-0.1353461727
-0.0518875218
0.4198904443
2.0526468786
0.7915236145
0.8215656704
-1.7195263741
-0.1226023498
0.2041364254
0.2098973516
0.4464189783
-1.6145456878
-0.8582544237
-0.8155878378
-0.5866900535
1.6092770549
1.8470969616
0.6459932152
0.1571289041
-0.1992881054
-1.0450947630
1.8230574561
0.5968498629
-0.0602713171
-1.3482753178
-1.0113334440
-0.9821139677
2.5488656942
-0.2784444341
0.8379166309
0.7901710956
-0.5861660818
2.7561310097
0.9664015324
1.0939001652
0.7653941659
-0.9491275011
1.5714992383
1.1042200495
0.2628264014
0.2300921282
0.3897145177
0.3375369358
-1.8211688481
-0.5403233440
0.7229853980
-0.2149653986
0.6668855248
-1.1221905250
-0.0263971605
-0.5610985623
1.0174400024
-0.1064234608
-1.4566495347
0.8685048217
-1.1929381385
-1.1517300389
1.1198407808
0.9491414543
0.3946036024
1.4093482115
-0.4524815246
1.2751506574
0.6306054979
-0.9144570950
-0.6381058344
-0.5081270524
-0.7908763212
0.2319576099
-0.3711713873
0.9310087891
-0.7311175118
-0.5802775485
1.9217568382
0.5714246737
0.9388067112
0.1474976389
1.1919730244
-0.6822693557
-0.9404405174
0.2701644364
-1.7766672473
-0.4383598460
0.1288067626
-0.0286075777
0.5779526779
0.2371877159
1.0907607311
0.0113092859
1.7717833653
1.3998181368
-0.2220313175
-0.6208716989
-0.4743486368
0.1830622123
0.7498477071
-1.5008941198
2.1514756481
-0.3321251513
-0.9002910981
0.1766544989
-0.9346639594
0.9477582114
-0.3550492735
0.2923103615
0.6790317099
0.0670391890
0.0934896152
-0.5923247608
-0.1538487071
0.2361302690
-0.2195031804
-1.4578071331
-0.5957752480
-1.2023425634
0.9204715316
-2.7128364207
-0.9655523208
-0.4518241713
-0.3067562142
-0.6874117608
-0.9441516503
1.6501384904
-0.7778336898
1.1712388956
-0.0440071755
-1.8220944617
0.6721885227
0.7760772195
1.3995917374
0.7342374471
-0.5825610298
-0.5657742421
-0.8003426394
-0.2671551552
-2.1603490827
-0.4741103064
-1.3174585328
-0.7875665308
-0.6971574072
1.7715498873
0.1731714224
-0.3495782207
-0.4893783269
2.9079199381
-1.1962047265
-1.7254664567
-0.0021547276
-0.3591612147
0.9892861929
1.6375266917
0.4893501125
0.3145201186
1.0086621027
0.0714777964
1.1076148092
0.4702606354
0.9983064291
-1.4523642823
-1.3165550895
-0.1830409244
-0.7776328842
1.4702854283
1.4423824046
0.8109301772
-0.0221517364
-0.4186389390
-0.5620704019
1.6048557673
1.8264217694
-0.1672251272
-0.7414504055
0.4508882496
-0.0648790916
1.0255278378
1.0396688501
0.3612721616
2.1030517006
-0.5383571714
-1.3251211509
-0.7821506910
1.2367074600
-0.6399267061
-2.1383401570
-0.8291193437
0.1010141759
-2.1061789323
-0.2552452711
0.7592344722
0.4423197802
-0.6780550369
-0.3337932998
-1.3985102497
0.4664392429
0.5750212925
0.0257375624
0.1569039438
-0.9562702521
-0.3020272684
-0.4069210265
-1.0895080958
0.7943999234
-0.0875988541
0.7406026208
-1.2923979962
-1.3680375499
-0.8399574781
-0.1252512845
-0.3303080602
1.1471667569
0.8510079442
-2.2116849630
-2.3808307445
0.3192022004
-0.2512810540
0.6351351929
0.8809980939
0.9459661181
-0.9391292089
-0.5641591354
-0.8652146509
-0.3044148314
0.1645473839
-1.2855114951
0.3211568482
0.4859777589
-0.1232838586
-0.9767975063
0.1831464174
1.6770091356
-0.5999100608
0.5154828003
0.0910047758
-0.7713516973
-0.2683758112
0.0269993986
0.0336287252
0.1881819297
-0.4804780966
0.4699103379
0.0354624597
0.1930882455
-0.1953911155
-0.9675105916
0.7029497931
0.2830690230
1.9242028481
1.0561582051
-0.2092263865
0.4696595817
-1.1827417527
1.7190061635
0.2018611929
0.4351712373
1.5182788743
0.9205091488
-1.1011466127
0.6753430432
-2.0753840785
0.0560918976
0.4022587915
-0.6409075511
0.2439740680
0.2589239661
1.2254620061
0.2802202276
0.5777379560
0.0712361098
-0.3445761046
0.2708406776
0.4592878671
1.1689746111
-1.7214704346
-0.0013319878
0.8827585925
1.4198762852
-0.2788120926
0.5366972907
-0.2719151462
0.2182716824
0.6450599536
0.4713514020
-0.0177293830
-3.1979608851
-0.7413713654
0.7516794979
-0.1021526697
0.3550354287
0.1749038546
1.1929530809
-0.6797207658
0.1288338607
0.1714721235
-0.2128672063
-0.5708068281
0.3911649591
0.3721029061
2.0701106867
-1.5751212290
1.1080773319
-2.0375155155
-0.1422102704
0.6466527951
0.0442261930
0.1377190624
0.3417333041
1.1311679800
0.9599650960
0.2403227530
2.0687925492
-1.1695326207
1.5434200084
-0.2653005118
-0.3759898132
-1.1181321421
-0.1040615201
-0.1920577994
0.5563722193
0.0518468386
-1.0974790719
0.2592108108
0.6319592897
1.1224826602
1.0579888965
-2.1198009225
-2.8528621897
0.7053212201
-0.8356234032
-0.9207374568
-0.4891751846
-0.9529066542
0.4818405283
-0.2703181032
0.3496172643
2.5368592040
2.0251564720
0.2318562890
0.3840166005
-0.6404103281
-1.3332079058
1.1190864459
0.0433329093
-0.8444453599
-0.3789041098
-0.2331698132
-0.9990808762
1.0933549820
-1.3617779848
0.6673508858
-0.8419096246
-0.2171969201
-0.7703820048
-0.4280363995
-0.2048031471
1.3079479797
1.6055308520
0.5037390377
-0.0280013110
0.1302557178
1.1013327459
-0.6122114608
1.2897579716
