11 3 0.15
19 0 0 1 0 1 3 1 5 2 0 2 1 2 2 2 3 2 4 2 5 3 1 3 4 3 5 3 6 4 4 4 5 4 6 4 7 5 4
17 0 5 1 1 1 2 1 5 2 2 2 3 2 4 2 5 3 0 3 1 3 2 3 3 3 4 3 5 4 1 4 5 4 6
21 0 1 1 0 1 1 1 2 1 3 1 4 2 0 2 1 2 2 2 3 2 4 2 5 3 1 3 2 3 3 3 4 4 1 4 2 4 3 5 1 6 1
1 1
4 3
3 1
0 0 0 0 0 0 0 0 0 0 0
0 1 0 0 0 0 0 0 0 0 0
0 1 0 0 1 0 1 0 0 0 0
0 1 2 1 1 1 1 0 0 0 0
0 1 2 1 1 2 1 1 1 0 0
0 1 1 1 2 3 2 1 2 0 0
0 0 1 1 1 3 1 1 1 0 0
0 0 1 2 2 1 1 1 1 0 0
0 0 1 0 1 0 0 0 1 1 0
0 0 1 0 0 0 0 0 0 0 0
0 0 0 0 0 0 0 0 0 0 0
0.7319728865
-1.2785879694
0.7866533321
-1.9966344766
-0.9464318271
0.0685345113
-0.9526412671
1.8820300806
-1.5543828139
-0.1925586617
0.8485411209
-0.8770036627
0.1625602374
-2.7084544118
1.4741750446
-1.6480984691
1.1757586653
0.6050317301
1.1183299452
-0.8547685757
0.2650284826
0.1909740262
-0.1759577832
-0.2495861952
-1.0398469757
1.5793647327
-1.8909358053
0.3722984759
-0.0807213190
1.0860758933
0.8254968350
0.0123720508
0.7625569507
0.2646001373
-0.3845911636
0.4191140493
-1.1196090334
-0.7865539331
-0.5135273891
0.4202996158
0.8871893044
1.7018946746
1.0883197622
0.6279051663
0.2583364400
0.4628131603
-0.7876437208
-0.7476698452
-0.9293290567
-1.5771640490
0.3902312594
0.7881067554
0.3170927426
-0.5124194100
1.0618531028
0.8037934937
-2.6958840238
1.9462984017
-1.1536523176
0.3336167439
-0.2473949381
-1.7011515193
-0.7515746131
0.0280654609
-2.6015065426
-1.3513000070
0.7465486034
-1.0310241086
-1.1742162564
-1.4182587514
0.1347830228
0.0658065803
-1.5625286107
-0.1822962607
-1.0631966590
0.0671522158
-0.6911490469
1.0187611044
0.3863754600
-1.7632405250
0.9909758677
-0.0300837912
1.1282399605
0.7187423026
-1.1829636946
-1.1483984690
-0.4871590582
-1.2016286392
1.7115135595
-1.0071858949
0.3206570167
-1.2208502790
-0.5312382254
-1.8039273407
0.8336876444
-0.7055820921
0.2586828071
-0.2747556453
-1.2002900892
0.8384159779
-0.0971283407
0.2213670276
0.1196295066
0.6820721514
-0.2687378251
2.5443055388
0.6126658875
0.1190438561
-0.8807699427
-0.9662052250
1.0720041319
0.4000201045
0.3773649889
0.0650117390
-0.1233675382
-2.3168871256
-0.9133466324
0.8351302301
-0.0500131600
-0.1947792275
-0.9523236931
-2.0608078809
-0.7327617358
1.6458335108
0.0139701596
0.0884420381
-0.7369035965
0.4676089079
1.3076767138
0.2208624525
-0.8201637041
1.2123791168
0.1055581113
0.7130351606
0.2565777763
-0.1330083290
-0.0338765963
0.0786513065
-0.7636469557
0.5169597970
1.3289642388
-0.3084745071
-1.7364077520
0.7895646880
-0.1687928636
0.3168814252
0.6800573052
2.0326665228
-0.4344016094
-1.4096290533
0.6530378917
-0.1886134636
-2.0957142562
0.4163100069
-0.0970986455
0.4839295900
-0.6371804114
0.5415665324
0.3030257886
0.6322389692
-0.8314183931
-0.8755374095
-1.2736031425
-1.0389185497
-0.0249909672
-1.4685339903
0.7826205509
0.6789442782
0.4066540164
-1.1972419375
0.6883514697
0.3092605293
0.8257425609
-0.1901772574
-1.4125186138
0.0333606522
-0.2839951982
-2.1520295452
0.8700487608
-0.2407360992
0.8588906481
-0.0859850004
1.6900406669
-1.6518208175
-1.2540796596
1.2761632700
-0.0935759543
0.7397864482
2.8002232940
-0.8990799741
-0.8420484760
-0.9915039038
0.3036784428
-0.3391412504
-1.2169829494
-2.3397480829
-0.1282818126
-0.7863981878
-0.2617029907
0.6934889569
1.2876698066
-1.3953860739
0.6099242926
0.1354836821
0.5342001832
-0.1266328330
0.1805692566
-0.6425616180
-0.2633964140
-0.0927959635
0.9730109384
0.3676846626
1.0789485477
-1.0663450709
-0.8501674032
-2.4320253487
-0.7529126266
-1.1638524782
0.0385833765
-0.2791058539
0.8417534538
1.4047419153
0.9239434079
0.0076295620
-0.4828584943
0.6598089315
-0.5822759093
1.4290487087
1.2152866570
0.0395959570
1.6528601507
0.9371056507
-0.0361920845
-0.2263895336
-0.1633589844
0.9553140823
0.3757199808
-1.0840708303
0.5327033864
1.3114121706
0.3423320343
-1.3307295922
