19 12 0.12
8 0 0 1 0 1 1 2 1 2 2 2 3 2 4 3 2
23 0 2 0 4 0 5 0 6 1 2 1 3 1 4 2 2 2 3 2 4 3 0 3 1 3 2 3 3 3 4 3 5 4 0 4 1 4 2 4 3 4 4 5 0 5 1
21 0 3 1 2 1 3 1 4 2 0 2 2 2 3 2 5 3 0 3 1 3 2 3 3 3 5 4 1 4 2 4 3 4 4 4 5 4 6 5 1 5 4
19 0 2 1 0 1 1 1 2 1 3 1 4 2 1 2 2 2 3 2 5 3 2 3 3 3 4 3 5 4 2 4 3 5 1 5 2 6 1
15 0 2 1 2 2 1 2 2 3 0 3 2 4 0 4 1 4 2 4 3 5 0 5 1 5 2 6 2 7 2
12 0 1 0 2 1 1 1 2 2 0 2 1 2 2 3 0 3 1 4 0 4 1 4 2
9 0 2 1 2 1 3 1 4 2 0 2 1 2 2 2 3 3 3
6 0 0 0 1 0 2 0 3 1 1 1 2
5 0 0 0 1 0 2 1 1 1 2
6 0 0 0 1 0 2 0 3 1 2 2 2
13 0 2 1 1 1 2 2 2 3 0 3 1 3 2 3 3 4 1 4 3 4 4 5 1 5 3
7 0 2 1 1 1 2 1 3 2 0 2 1 3 1
4 12
3 6
7 8
9 4
11 0
13 9
6 10
0 3
1 4
3 1
1 7
0 5
0 0 0 1 1 1 1 1 0 0 0 0 0 0 0 0 0 0 0
0 0 0 0 2 2 2 1 1 1 0 0 0 0 0 0 0 0 0
0 0 0 0 0 2 2 0 1 1 0 0 0 0 0 0 0 0 0
0 1 1 1 1 0 1 0 1 1 1 1 1 0 0 0 0 0 0
0 0 0 1 0 0 0 1 2 2 2 0 1 0 0 0 0 0 0
0 0 0 1 0 0 0 0 2 1 2 1 1 1 0 0 0 0 0
0 0 0 0 0 0 1 1 2 1 2 1 1 1 1 1 1 0 0
0 0 0 0 0 0 1 1 1 1 1 1 1 1 2 0 0 0 0
0 0 0 0 0 0 1 1 0 0 2 2 2 1 0 0 0 0 0
0 0 0 0 0 0 1 0 1 0 1 1 0 2 0 0 0 0 0
0 0 0 0 1 1 1 1 2 1 1 1 0 1 0 0 0 0 0
0 0 1 0 0 1 1 1 0 2 1 1 1 1 1 0 0 0 0
0 0 1 0 0 0 1 1 1 2 0 0 1 0 0 0 0 0 0
0 1 1 0 0 0 1 1 0 0 1 1 0 0 0 0 0 0 0
1 0 1 0 0 1 1 0 0 0 1 1 0 0 0 0 0 0 0
1 1 1 1 0 1 0 0 0 1 1 1 0 0 0 0 0 0 0
1 1 1 0 0 0 0 0 0 1 1 0 0 0 0 0 0 0 0
0 0 1 0 0 0 0 0 0 1 1 1 0 0 0 0 0 0 0
0 0 1 0 0 0 0 0 0 0 0 0 0 0 0 0 0 0 0
-0.9843948211
-0.1150022524
1.2206366987
0.8349077479
-0.4506159027
-0.1290929900
0.1521271841
1.6032754056
-1.2983767116
-0.1269426430
1.1245247536
0.4488882074
0.6508226952
-2.3404920499
-0.8576869110
-0.4444986329
1.1714727784
-0.0187052134
-0.9727502254
-0.6453725679
-1.3411788292
0.9279749364
0.3484647706
-0.9132463454
-0.0355917818
-0.2155391513
0.1236741328
1.1757622862
2.0470748681
-1.4230891408
-0.0977144874
0.3201298805
0.3112139687
0.8902737564
1.0630767020
0.0756340904
0.9078190584
0.5137452905
-0.9711295937
1.0265019363
0.6732026977
0.2305048385
0.7577897610
0.4111577318
-0.9530795714
0.8609164650
1.4794503176
1.4403566599
0.9812897493
1.5337256704
-0.7930769559
-0.7364813679
1.5352854191
-0.3606234416
-0.8884574757
-0.9095352617
1.6174571136
-1.1117746598
1.8336215232
2.0233012504
0.1382308495
-0.4292473284
-1.2090647029
0.1074661800
-0.9070105535
-0.4818513516
-0.4018395929
0.4326227454
-0.0711636408
-1.0279343218
0.3012765867
-0.4895578289
1.4916201285
0.0244896651
0.8692683152
-0.3022343035
-1.1690912425
-0.2074304549
-0.6119257548
-0.7250672307
1.6555676219
-0.8719312349
-0.1058142696
-0.8974148890
-0.9473181605
-1.0022783172
0.8163532237
0.5182800839
-0.3049372269
0.1413938292
-0.6507542333
1.5836351054
-2.5402619610
-0.8767035087
-0.4135151292
-0.0100331763
1.3230828194
-1.5373482969
0.5870962035
-0.8955407031
-0.6700774485
-0.1924243766
-1.3542095662
-0.5512604204
-0.4111978821
1.7731028124
-0.2397638181
0.5396801136
-0.0865994543
0.1278674566
2.0241889896
0.8280105535
-0.7890567135
0.1384363925
0.7830596689
-1.7599414770
0.7080378663
-1.2211490869
-0.3840241528
0.5561347404
1.2765954198
-1.9800932377
-0.2199765664
0.1063129641
0.5019129505
0.1465329771
0.5779248203
-1.1516106104
-0.4478169158
-0.8642226766
2.5520802857
-0.4305553037
-1.1376501699
-1.4115671545
-0.6120534587
-0.2624286563
-0.4621237596
-1.3051717651
0.4916101663
-0.2904468963
0.8959625186
-1.4135311495
-1.5945556140
-1.0970174600
-0.2920043492
-0.5945173759
0.1747445997
-0.1605944509
-0.2563904648
-1.4082034190
0.4414723472
1.5451233842
-0.9323961289
-0.3762972289
0.8675608144
-0.8927265118
0.1011955852
0.3727186831
-0.2835608329
1.3570569410
-1.7267519849
1.5294795303
0.8807854194
-1.0177203555
0.9170293995
-1.0590139355
-0.2160394478
-0.0202561836
0.3504737669
-2.3018347420
-0.6358486624
0.6907420437
1.4612001163
1.2853758399
0.0552551819
-0.6146116207
-0.2164237528
-1.1283532098
0.4446696659
-1.7727197293
-2.1054239112
1.8750915556
0.2727932370
-1.2934323323
-1.0122622062
0.1251840103
-0.1275949933
0.1008685938
0.9373076295
-0.5905179825
0.4604226954
-1.0647749524
1.6363024381
-1.1057660088
-0.3566787359
-1.1144882344
-0.1066838087
2.0039478848
0.5705862557
0.9069558848
0.2562822532
0.9846555314
1.0637608423
0.4449182787
0.8652348651
0.5110287369
-0.3344107300
-1.3877218037
-0.2720036189
-0.0529080469
0.5646271855
-0.0315125548
0.1065085103
1.0210898740
1.9249877129
-0.6511559767
-0.0191574423
0.7723978103
-1.3228311423
2.0416714117
-1.2485519279
0.8463443389
0.3089760021
-0.7942129563
0.1152713468
-1.8860827837
-0.6181568631
-0.3522208845
-1.4598696982
-1.2080711595
-1.6407529406
-0.5777849312
-0.3956096368
-1.2189944001
0.3934678744
-0.9176704250
-0.9736336739
-0.7326002344
-0.7136385280
-0.3085157977
1.1306165586
0.8503204073
1.3200233185
-0.1571495434
-0.4281149696
2.4164868361
0.1293268611
0.5613634106
-0.2227203671
0.8112866089
-0.0356756095
-3.0741441673
0.6576414180
-1.6212083401
-3.5227205122
0.2359507632
-0.6074301877
-0.5505227559
-0.5428782705
0.4998888598
1.5788506581
1.0797518953
-0.8017384170
1.3733322879
-1.2828737162
-0.0817464487
-1.0946288544
1.3409922399
-1.5902970527
-0.8535110539
0.7846874068
1.1638783020
-2.1962630855
2.1302828619
-0.6241789275
-0.7477083148
2.0187868454
-1.8309974002
2.9139148833
-0.7050824576
-1.3329180472
-0.2159436112
-1.2087942836
-0.9333500602
-1.2806036269
1.8647288489
0.8241085788
0.3179512013
1.9290022642
0.5805054726
0.2062843862
1.5243407595
-0.2387934657
0.2304646529
-0.3661113223
-1.6938275891
1.8223917774
0.3695446472
-1.3151299273
-0.3573173428
-1.1385526864
0.6486584853
0.4416644727
-0.1423225793
1.2116337958
0.7598486852
-0.1899402236
0.6404046722
0.5825443086
-0.6104156285
-0.9842456463
0.7893490605
0.3734384309
-1.4765977195
-0.4450831845
0.2838913032
0.6089072202
0.7857174993
-0.6131387424
-0.3267290181
1.4768329241
0.8729327449
0.5872463056
2.0838479016
2.1527368579
-0.5615167905
1.1884877409
-0.0077964721
1.1003577379
-0.4513017562
0.2423734551
-0.2200792954
-1.6851824353
-0.4116557994
-0.7566110087
-0.5141870729
0.9065259729
-0.8519571118
0.1282899597
0.8137737369
-0.7619386895
0.7044705862
0.1664968213
1.2541279217
0.9094302204
0.1302977043
-0.7096838034
1.2094169991
0.8057517457
0.5715433446
0.3868909077
-0.9252295778
0.8765079020
1.2522811561
0.8334710832
-0.4799330659
-1.7979497778
-1.2677571102
1.0492142246
-0.5059826498
-0.3572651288
-1.1145208320
0.2653669656
-0.3421090956
0.3101360528
1.0844623442
0.1594697492
-0.4389257789
1.1088209462
-1.1206375346
-0.4195768511
0.7796290957
-0.7152124458
-0.2632975931
0.4777494937
-1.4167963815
-1.0051813678
0.0340524828
-0.4530715594
-0.9241686278
-0.4524975447
-0.0097101736
0.0986863753
-1.1657266818
-2.7293716168
0.7178489424
-0.5517397677
-0.9919638760
-1.4442460248
0.7806090719
0.5261250574
-1.3921357421
-0.0206130494
-1.4457207275
-0.0356172719
-0.9700349622
0.0589628572
0.7314066971
-0.6704909271
1.0076965684
-0.1640131331
0.2016693130
0.2888468758
-1.4204231578
-0.4994816706
0.9378574440
-0.6544574237
0.2855276039
-0.4975551389
-0.4549231058
-1.4756022949
0.8926432835
-0.0238216115
0.2696318562
0.3311462608
0.0838655483
-2.0917841573
-0.8956811560
1.4365587369
1.3519022423
1.4216891299
0.9515144594
0.9699351823
0.2980202185
-1.2726024220
0.1180876892
-0.7147120587
0.2564618606
-1.8689649202
0.9061343355
-0.1972247602
-1.3510499192
0.0469425662
-0.5964834342
1.1132160925
-0.9571916248
0.3111110725
-0.7137189243
-0.1228838594
0.3909539103
-1.2837524747
0.1959424672
1.3242987306
0.2141279568
-0.7976606478
0.1668405737
0.9898283793
-0.7578391439
0.7667817684
0.1240830488
1.5662124083
0.3420874910
0.2492395639
-1.5390816056
-1.7522102511
-1.2214590201
-1.3697056246
-0.0949948362
-0.5603179177
0.8822311497
-0.0161249106
0.2987208979
1.8710069921
-0.4079716414
0.8893341639
0.4910064797
1.8771968028
-0.1757176611
-0.0407236826
0.0846727984
-0.6096745928
-1.1306739597
0.9142365955
0.2382958019
-0.7940608010
-0.3569779524
-0.4555639455
2.1488679164
-0.7415988890
0.4040466141
0.9500765656
1.3053590714
-0.4629609392
1.0077113181
-0.3732853069
0.6913679998
-0.0997180683
-0.0962759840
-0.5582490316
1.1152054638
-1.5459005004
-0.3189951815
-1.1858356664
-1.1512870897
0.9961130609
-0.6788114035
-1.5928715382
0.6809409927
-0.1372902267
0.5951309488
-0.9950605577
0.3036489468
0.4470656448
0.7974862590
1.7374681391
0.0149501025
0.3063262227
-1.1306995539
0.0818306654
-0.2241801399
1.2105194481
-1.5996670346
0.1217707577
0.2253999833
-0.4391284166
0.9671752904
1.0656349178
0.3886555045
1.1659314506
-1.8634825184
-1.1034194056
0.9052118712
1.0091098702
1.3650332531
-0.0147087664
0.9460031812
0.0057806731
-1.0573393737
-0.0588011967
-0.6036746686
-1.6117491517
-0.8637686438
0.9950247894
-0.0956125484
-0.7993855349
0.6324981168
-1.3717146254
-1.8333137941
-0.0900857960
-0.4844572389
-0.0508500490
-0.7808754100
-1.1588928093
-0.3689662696
1.0102874784
0.2327207144
1.1740286229
-0.1430631970
0.3318256628
-0.8516266887
0.8793478734
-0.7970067717
-0.2451545489
0.8264183936
-0.5794068399
0.3868108593
-1.2286881328
1.1417763751
0.0140154481
0.6758492100
0.1501938346
0.1040043862
0.9807637265
1.0030831700
-0.7045740233
1.6421208708
0.6597342626
0.6979372279
-0.2598744966
1.4797700030
0.1097076108
0.8109287444
-0.0484100412
-0.8420697305
1.1381991162
2.2863006235
-2.4956009838
-1.7007188635
0.7620293302
-1.0887958857
0.0833081370
0.9066431824
-0.6652681176
0.1218007729
0.2416569708
-1.4032543065
-0.5865147658
-0.4097553620
0.5213281410
-1.3130537297
0.1651462277
0.2377695382
0.2283096435
-0.1779433310
-0.1706296246
0.4150934001
-0.8529721734
-0.9260095165
-0.2100659782
0.0710607971
-0.6182146699
1.2043374836
0.6721557656
2.6426299287
-0.5836034238
-1.0100219667
-0.9852626037
0.9029419638
1.0194735219
-0.2664634352
0.5637911264
-0.2261805752
-0.8129138559
-0.4155506430
-1.0655458502
0.8520721798
0.2321621617
-1.4353413569
-1.7247832737
-0.1446258571
1.7413809576
0.7110257117
0.6207987718
-0.4210584136
-0.0902593457
0.8144755660
-1.0568405853
-0.5784889330
0.7863820887
0.2164209127
-0.8751048350
-1.9612839920
1.2075489267
0.1820217042
0.2124511210
0.8909879531
-1.5535102968
-1.5855481399
-0.1058502338
-1.1835155550
1.7950432548
-1.0898789133
-1.0374481485
0.3286297402
0.2011349160
-0.2355009134
-0.2240351995
-0.8916939309
-0.1733350965
-1.1076803948
0.7613083098
0.6818347258
-0.4738105921
-1.5036118631
-1.1409103695
-0.2792634588
0.5046181880
-0.5340111077
2.0106592891
0.8333322603
1.8010967231
0.0131881895
0.2039206063
-0.2166998024
2.5602893173
-0.0702438735
-0.1608946131
0.0866194532
0.4582113226
-1.3305622541
-0.3610553638
0.6031848952
0.7168737802
-0.5220216029
-0.3772651811
1.2776751930
-1.5214371840
-1.3419070066
-1.4640994768
0.9030768425
0.8100069715
-3.2816547177
0.3930432511
-0.6614128561
0.1636546199
2.1045220314
-0.7814921684
-1.7174338135
-0.8832127446
-1.0853536155
0.3098834346
-0.1150427040
0.8662185882
1.7064136393
2.2496658652
1.9279797879
1.8063352321
0.2129096782
-0.9299288378
0.7349623226
-0.5890967113
3.4882526754
-0.4680854351
0.0825019386
0.6440114330
0.9565766644
-0.7750983453
0.4782759059
0.4688491050
0.2777826361
0.7353524703
-1.5723206436
0.1315734391
-0.7612811864
-0.5910349073
0.0394124956
-2.5605123445
-0.3875714488
-0.2323957357
1.8431073323
0.2585011761
0.6575723687
