20 8 0.03
14 0 1 1 0 1 1 1 2 2 0 2 1 2 2 3 0 3 1 3 2 3 3 4 1 4 2 5 1
14 0 3 0 5 1 0 1 1 1 2 1 3 1 4 1 5 2 4 2 5 2 6 3 5 3 6 3 7
7 0 0 0 1 0 2 1 1 1 2 1 3 1 4
11 0 0 0 1 0 2 1 2 1 3 1 4 2 2 2 3 3 2 3 3 3 4
18 0 4 1 0 1 1 1 2 1 4 2 0 2 1 2 2 2 3 2 4 2 5 2 6 3 0 3 1 3 2 3 3 4 2 4 3
12 0 2 1 1 1 2 1 3 2 0 2 1 2 2 2 3 3 2 3 3 3 4 3 5
12 0 1 1 1 2 1 2 2 2 3 2 4 3 0 3 1 3 2 3 4 4 0 4 4
17 0 0 0 1 0 2 1 0 1 1 1 3 2 0 2 1 2 2 2 3 2 4 2 5 2 6 3 1 3 2 3 6 4 1
14 0
15 11
6 9
10 1
6 6
13 9
9 14
5 4
0 0 0 0 0 0 0 0 0 0 0 0 0 0 0 0 0 0 0 0
0 0 0 0 0 0 0 0 0 0 0 0 0 0 0 0 0 0 0 0
0 0 0 0 0 0 0 0 0 0 0 0 0 0 0 0 0 0 0 0
0 0 0 0 0 0 0 0 0 0 0 0 0 0 0 0 0 0 0 0
0 0 0 0 0 0 0 0 0 0 0 0 0 0 0 0 0 0 0 0
0 0 0 0 1 1 1 0 0 0 0 0 0 0 0 0 0 0 0 0
0 0 0 0 1 1 0 1 0 1 2 1 0 0 0 0 0 0 0 0
0 0 0 0 1 1 2 2 2 1 3 1 1 1 0 0 0 0 0 0
0 0 0 0 0 1 2 1 1 1 2 1 1 0 0 0 0 0 0 0
0 0 0 0 0 1 1 1 1 1 0 0 0 0 0 1 0 0 0 0
0 1 1 1 0 0 0 0 1 1 0 0 0 0 0 1 0 0 0 0
0 0 0 1 1 1 0 0 0 0 0 0 0 0 0 1 1 1 1 0
0 0 0 1 1 0 0 0 0 0 0 0 0 0 1 1 1 0 1 0
0 0 0 1 1 1 0 0 0 0 0 1 0 0 1 0 0 0 1 0
0 1 0 0 0 0 0 0 0 0 1 1 1 0 0 0 0 0 0 0
1 1 1 0 0 0 0 0 0 1 1 1 1 0 1 0 1 0 0 0
1 1 1 0 0 0 0 0 0 0 0 2 2 2 2 1 1 0 0 0
1 1 1 1 0 0 0 0 0 0 0 0 0 0 0 1 1 1 0 0
0 1 1 0 0 0 0 0 0 0 0 0 0 0 0 0 1 1 1 0
0 1 0 0 0 0 0 0 0 0 0 0 0 0 0 0 0 0 0 0
-1.4612398087
-0.5712061726
3.0859354090
-0.3667590823
-0.2702801738
-1.2565203722
-1.1843804398
-1.4427940619
0.7879013253
0.9906583466
0.3739223453
-0.5958856751
0.3364573915
1.8324676982
-1.0827162273
-1.6589466104
-0.1579334130
-0.1889228670
-1.2008991221
-1.1206119771
-0.0893379965
-1.1368082488
-1.5216623371
1.7368962964
-0.7543146534
-1.4228281948
1.5005892724
1.9447921468
2.0861068953
-1.7125644758
-0.0114504722
0.9447532549
1.2094089415
1.9874700880
2.5928380301
0.1859620481
-0.2479819222
0.7267274790
-0.1417416122
1.0157053427
0.8179718772
1.3247922009
0.6427527110
0.6813025292
1.0439998061
1.4606980340
-1.2876667317
-1.0231878176
-0.3582313811
1.7537776899
-1.1713118233
0.1985335975
-0.8283380651
0.0159123112
-1.6199692017
-0.0998716099
-1.2658164796
-0.1168076645
-0.1654537486
0.3327034002
0.6063175359
0.7621242065
-0.0853144289
-0.5679356320
0.3206437424
-0.5084928540
-0.9501643306
-0.2928399671
1.0916814367
2.2385475310
0.2701392007
-0.0391725975
-0.9312765827
-1.1056469052
0.6628180753
-0.5430004867
0.3037653466
0.9450930008
0.4089729000
1.4181882163
0.4288307763
-2.1094208202
0.5304253943
1.4037518273
-0.0787938430
0.3483302913
-0.1945934983
-1.0273073593
-1.3652230873
-0.8612015304
1.7405234304
-0.4973721107
-1.9136179427
0.0752362682
0.1181476115
1.1768123079
0.9506003049
-0.0723530542
-2.0137050492
-1.9932763195
1.1637402862
1.4010014076
1.0996097552
-0.2553222215
-0.4291040392
-1.7858872337
-1.5430265855
-1.2411088555
0.3136078761
1.0006574086
-0.1006717686
0.2123819294
1.6473942597
-1.8387908651
-1.4464436852
0.0692002704
-1.5821126711
-1.6550745508
-1.1711152770
-1.0476069661
-0.4285239398
-0.4831752337
0.3067023124
1.7113405650
-0.9502379972
-0.6599113541
-0.5438138550
2.0244206344
0.5058786089
-0.1076133962
-0.3825382407
-0.3533597867
-0.4589029166
-0.4354377126
1.1291054716
1.0024525686
1.5319172486
1.5723409413
-0.0233301827
-1.2850395164
0.9145014585
-2.4360755273
-0.3868630524
0.3748486900
-0.1109697680
-0.1684936188
-0.1944207272
0.6683594494
0.7378755909
-1.2972384496
0.4904789216
-1.2886723483
-1.6545405353
-0.8665011463
-1.7031858189
0.6455417543
1.1557324787
2.0116463312
-0.2161324277
0.3710103461
-0.2012683529
0.0971747060
1.0668780747
-0.2362734903
-0.1744697915
0.4712094279
-0.8583936681
0.0653454183
-0.2548823043
0.8208809948
-0.6883377665
0.8935625737
0.2753413575
0.5002405711
0.2236453677
-0.3734557341
-0.9335163244
-0.5970383585
-0.5913225521
1.1026055479
1.1443309169
0.7901260354
-0.9905595582
-0.2385221638
-0.5426968705
-1.6789439801
0.9287971147
-1.8527899139
0.5069780801
-1.5812113336
-0.8943161373
-1.3188079978
-0.9400143170
0.6259740690
-0.6302562127
0.1535659330
-0.4019839041
0.8047982921
0.2203923098
-0.1180814640
1.5846221954
-0.1534419116
-0.7994735529
0.7858300890
-0.0419075872
1.2060291322
0.0679121182
-1.3005522368
-0.1939240557
0.5069148448
-0.1745656802
-1.7935972295
-0.8951996457
0.8068686139
0.9224239863
-0.0215481611
-0.1827449374
0.6384727868
-0.3619328037
0.4027169286
-0.0746048047
-1.1832587885
-0.7373017209
-0.2796866093
0.1107566422
-1.6472787794
0.3194983705
-0.5261675878
-1.0740622916
-1.1564762470
-0.7750199244
-0.2741453550
0.0171980366
0.4905181093
0.4642108988
-1.2320490615
0.3181934160
-0.4298689675
1.0938278116
0.8175572578
-0.8005759427
2.9826779089
0.1811572984
-0.9812258421
0.1365129840
-2.5137682634
1.0463349289
-0.9940347526
-0.0224270441
-0.9265212462
0.9435793851
-1.4404411785
1.0526206969
-0.0751588416
-0.2013547988
-0.8515662364
-0.0686758931
-0.4220091374
1.0171819150
1.7989631399
-0.7557876663
1.3210436680
1.6507102327
0.7309209932
-0.2462918718
0.1064342963
2.1882798055
0.5535390906
0.0912754293
2.3848312066
0.4640030723
1.1610337777
1.0598549174
0.3304211814
1.5104836082
0.6290016736
0.3829260780
-0.5151563076
0.0337642723
-1.0745553582
1.0609324729
0.2253737930
0.0715370328
-1.3618889246
-0.6707337172
-0.1249960271
0.1607172756
2.1489095058
-2.2229869984
0.4344371550
0.0278803463
-0.6821066279
-2.0489416581
-0.9817720468
-0.6781610282
-1.1109141018
0.0617920541
1.7023591142
0.6360244258
0.1804332527
0.9098944406
-0.2640985532
-0.8841313715
-0.6753340263
-1.2339010625
0.0604421586
-0.3188387546
-0.9351354412
-2.1115420657
-0.0350183271
-1.6936383445
-1.7219220632
1.8013647332
-0.1776504596
0.0681474801
2.4495170438
-0.6621919103
1.1554038115
1.1347840948
-1.3530047735
0.4613705476
-1.7886695026
1.5648054766
-1.0310265166
0.1439837730
-0.3569504647
-1.0381811527
-0.2188476529
1.8669111824
-0.2605667873
-0.5574408048
0.9115995175
-0.8622720768
-0.4730693777
0.2809887564
-0.6137048969
0.4390565591
-0.3490477217
0.0524361043
-0.0644415951
0.6790990924
0.2359521391
-0.1080887088
-0.6086791861
-0.2097030964
-0.3841579247
0.8704326864
-0.1529027090
-1.5121256992
-0.5164182996
0.9838200810
-1.9064476435
-0.4635420756
-0.6113006977
-0.2985444331
0.3990867733
0.1689241057
-0.5225808382
1.5137533158
-0.6493302646
0.1434626854
0.8442719174
0.5572177141
0.0975577430
-0.4405473363
-0.1616675638
-0.3157199608
0.5645614896
0.5048898626
0.6597141482
-1.0748440235
-0.2303315535
-2.1128996969
-1.1312803713
-1.7274299093
0.7471709834
-0.9969456484
-0.3150673158
0.4875472215
-2.4537838043
0.6511306034
-0.0575653732
-0.9496469012
0.4894796685
-1.4339853414
-0.2297047219
-0.4995199676
0.2385623531
-0.3687878136
0.4515156475
0.8988379871
-0.9342675035
0.4927569873
-0.9000058026
1.4741772670
-1.2131543255
1.1785382343
-0.7857579860
-0.2257652501
1.4403741487
0.7427415161
-1.0644240929
1.5362642407
0.2070532316
-0.7402567592
0.7483778050
1.1558161336
1.9863503751
-2.1986298594
0.6634565923
-1.1545442417
0.0872171455
0.8320572235
1.8090161686
-0.6614313675
-0.1640859291
0.6353122452
-0.1720876093
-2.8784196405
-0.3980464990
1.3076461750
3.1949563025
0.7202179246
-1.2978959235
-2.1257627555
1.0135925140
-1.5303547654
-0.1196182493
-1.3874940851
1.0773441981
-2.0059188378
-0.1167274081
0.4009727098
-0.7702229102
-0.9872076771
0.3880295892
-2.4119084096
0.3777303975
-1.2375725694
0.1834254839
0.4867602452
2.4744898021
-0.2550175784
-0.5782648399
-1.1468392553
-0.7308746141
1.2314070592
-1.3665919964
1.1779207716
-0.0772765959
-0.1673488560
0.1937490789
-0.4714592544
-0.9778461752
-0.9978493345
-1.9042627830
1.3521023553
-0.5924408749
-0.5962553013
-0.1671092928
0.8096046286
0.1528495573
-0.3022797229
-0.1996213266
-1.2150810212
-0.9195021256
-0.3799760402
0.7376106118
-0.9241598099
0.6131584257
0.2908784688
-0.1808162794
0.4815817457
-0.0681361384
-0.1733486368
-1.3129904786
0.1425756674
-1.0276517933
-0.1643104065
-2.0639638397
0.4177295278
0.0635692693
-0.0082113175
0.9434365748
0.2589059056
0.7348350951
-1.0723510393
-0.6871466053
-0.3225677183
-0.9195147991
-0.2348674356
-0.1802936495
1.0324787229
-0.4191982109
-0.2642157962
-0.2623204140
1.1651231923
0.1378576374
-1.5558466836
-0.3088285599
-1.8119868343
0.4312359825
0.8971711270
-0.4418477559
-0.3957311500
-1.4953261944
1.5415904747
0.5150494490
-1.3842271346
-0.4225679277
-1.0862001525
1.9317455310
-0.1601737189
-0.0351874782
-0.1761387967
0.6505386367
1.0046788952
0.6249292649
-0.1958488469
0.4284994040
-0.0404308935
0.2305070536
0.6882541796
-0.0578342024
0.3425189368
-2.4479586065
2.5356342551
-0.4328271399
0.7828599131
-0.7243903336
-1.1506519690
0.8942025121
-1.4572716045
-1.3150408286
-0.2790146609
1.1398939095
0.2100558844
0.0596275561
-0.6469095859
0.9310490275
-0.4359552798
1.1889335253
0.2302408395
0.4112933647
0.3581499876
-0.5003206578
-1.1570393362
-0.1116190209
0.2113740307
0.9664919413
0.2524017224
1.1463735500
1.5482264105
0.3124304491
-0.5056536946
0.6899696602
0.0924293230
-0.7523771044
1.3148041191
-0.5838559379
-1.2460656031
0.2168523082
0.6629774782
-0.9411652219
0.4614368148
0.1424613729
-0.7116402902
-0.6135289121
0.1453551162
-0.4144766167
-0.7529362342
-0.2659657828
-1.6726532459
-0.5941518309
-0.8731921899
-0.2874555883
0.1093490392
1.2934064712
0.1532473621
-0.1215317952
0.0517914858
0.5155452541
-1.0894310102
0.5058845772
1.0486100256
-0.5036733224
0.8195353586
-0.4226939849
1.1133396411
0.5162044212
-0.1721863066
0.6571321448
-0.3035321670
-0.7916332860
0.4868929534
0.1562221134
0.3342181614
1.5430199739
0.8151629335
-1.6303398959
0.8154497657
1.3894353272
0.3132253376
-0.0928340683
-0.6211431937
0.4900510443
-0.9758329500
-0.5679740014
-0.5358861411
-0.9710391985
-0.6358799595
0.4387220741
1.8469582298
0.5885909453
-0.7755310079
1.0864374540
-0.2410742554
-0.4928714935
-0.6278924889
1.8490015918
0.8602187821
0.1043832632
1.2202633085
-1.6561719578
0.6338931720
-1.0297106566
1.4281327141
3.0353050586
-0.1729634584
0.6499344348
1.2610188590
0.5800449806
-0.3625575709
0.9530135415
0.6520096294
0.4221993203
0.2457265385
-0.4128283950
1.0272521434
1.7984039844
0.4093237254
0.3735599474
-1.2890116540
-0.6529476587
0.4611378700
-2.7453963889
-0.2309179413
2.0635905456
0.7487291849
0.2975971184
-0.2285043905
1.2929755272
-0.0458545461
-1.3944614567
2.5532459409
0.3193161084
-1.1420962491
0.2293234885
-0.2348014471
-0.6427880296
0.0861970652
-0.8095574369
0.6432477006
1.8053422812
0.3862457254
0.2483820182
0.8746364388
-0.1593918792
1.3541798211
-2.2142078549
0.1404099281
1.3293568992
-1.9217659597
0.7563889021
0.9941031218
1.6321920514
-1.0584723703
-0.1586612116
1.1470955074
-0.4445895446
-0.5080281967
0.7699703771
0.8907615403
-1.9930363288
-2.1707163222
-1.8901668609
-0.3938264087
0.5941429701
0.5369497407
1.6532184561
-0.9601393702
-0.6381688954
1.0377050312
0.9610407098
-0.5561535019
-0.7831093424
-0.7651436335
0.6698824751
1.3124194392
-0.3173568415
0.4364431182
-0.4113169892
0.0972430107
0.1300141178
0.7568074473
0.9712427383
0.4011721973
0.9920895426
-0.7655864550
-0.5111117483
-0.1086011286
1.5298829052
-0.7803335451
-0.6534708927
2.0771793129
0.7420421976
0.3825682421
1.3993077905
2.2139579666
-0.3824841773
-0.0079054082
0.4930839205
0.3881054607
1.4561079124
0.0223770978
0.3044524452
1.3726139765
0.8309305089
1.8419313514
-0.1970924512
0.5566269146
0.4159725307
0.2563912062
0.5040694778
-0.1889306227
0.5059747578
0.2522708753
0.0772147921
1.3803485791
-0.9535669563
-1.1083770995
-0.2406668360
-1.0117109666
0.4104884544
-0.0558105891
0.1032883990
0.0468510455
1.0556344920
-1.2201646502
-0.8545031742
-2.0496991899
-0.9077095066
-1.1872809747
-1.3072938815
-0.4058603967
0.2355018273
0.1768243190
-0.8189327463
0.6458142612
1.7870331405
-1.6159092440
-0.3749971415
0.3942453381
2.5989514708
-1.5896385930
-0.6257088193
-0.9640136853
-0.5085378962
0.7231005495
0.2056887017
-1.2573776343
-0.0861588686
0.3538069423
0.1351684397
-1.0353690338
-0.9634074417
0.5790617570
-1.0210222796
-0.5371892255
0.1051533039
-0.5792173758
0.6735633148
-2.2300896375
1.2565790742
0.7100431921
-0.7990957701
0.7148244718
0.9036139965
0.4310396411
-0.8648319690
0.3501140455
1.0892341482
-0.0029950685
-0.3241131088
0.1815399109
0.5418674731
0.1256917734
-1.1250503388
1.0564413623
1.2531390341
