12 2 0.16
40 0 1 0 6 1 1 1 2 1 6 1 7 2 0 2 1 2 2 2 3 2 4 2 5 2 6 2 7 3 0 3 1 3 2 3 3 3 4 3 5 3 6 3 7 4 1 4 2 4 3 4 4 4 5 5 3 5 4 5 5 5 6 5 7 5 8 5 9 6 3 6 4 6 5 7 3 7 4 7 5
40 0 0 0 1 0 2 1 1 1 2 1 4 2 2 2 3 2 4 3 0 3 1 3 4 3 5 3 6 3 7 4 0 4 1 4 2 4 3 4 4 4 5 4 6 5 1 5 3 5 4 5 5 5 6 6 2 6 3 6 4 6 5 6 6 7 2 7 3 7 4 7 5 8 4 8 5 9 4 9 5
1 0
0 4
0 0 0 0 1 1 1 0 0 0 0 0
0 1 0 0 0 1 2 0 1 0 0 0
0 1 1 0 0 0 2 2 1 0 0 0
1 1 1 1 2 2 1 1 1 1 1 1
1 1 1 1 2 2 2 2 1 1 1 0
0 1 1 1 1 2 0 1 1 1 1 0
0 0 0 1 1 1 2 2 2 2 1 0
0 0 0 1 1 1 1 1 1 1 0 0
0 0 0 1 1 1 0 0 1 1 0 0
0 0 0 0 0 0 0 0 1 1 0 0
0 0 0 0 0 0 0 0 0 0 0 0
0 0 0 0 0 0 0 0 0 0 0 0
0.0007027661
-0.2344881457
-1.3564814192
0.4050292431
-0.4010953340
-0.2235653912
-0.0901594509
0.8031875869
0.4471654917
0.2029016007
-2.2650340281
0.3697662652
-0.9697120513
-0.6989970059
-0.8500950585
-0.1210470546
0.2304613700
0.6364130646
0.0902393621
-0.0237350579
-0.4063105063
1.1459819982
-1.7947815943
-0.5275064469
-1.0534120589
1.4183953620
1.0544240522
-0.5113517280
2.3972983576
0.6988792918
-0.6316918511
0.0450070006
0.2859152518
1.4799275621
-0.6154790774
0.4595500407
-0.2495324083
1.6040810014
0.8847139611
-0.4956396462
-1.0882664048
-0.3241742998
1.5016572948
-0.0599977743
-0.7809257108
0.4687451352
1.6307094043
0.2954330758
-0.4124801935
-1.1205011387
-0.8650563230
0.0178108583
-1.5352231346
1.1229473682
0.3833797894
-1.2155616854
1.3002369089
-0.1571757411
1.5465808751
-0.4024777663
-0.9135910246
0.7738246899
0.1456940132
0.5019860290
1.5799980863
-0.1751253511
1.1067421435
0.0018558141
0.3752151186
0.0093263712
-1.0735475711
1.1535557874
0.0512610319
0.9996690191
1.2163868229
2.2300170372
-1.0147377787
-0.8089722317
-1.0134971275
1.7539447283
0.3930892181
-0.2428434378
0.8532018521
-0.2829043230
-0.0564354985
0.4102401539
-2.3659462409
0.3804782343
-0.3657874126
-0.9830825855
0.9130670241
1.0073401476
-0.1025735752
-2.5767798569
1.9854038905
-0.8792657606
-0.0375181729
-0.4535294354
-0.5103698851
-1.1570740127
-0.0361632027
0.1229488758
0.9843695693
1.1294595720
0.4632445561
0.2923541799
-0.5225694700
-0.5187678432
1.6063232933
-1.1021697284
0.3182841508
-0.3570698588
0.6145352507
-0.3441792568
-0.0373794192
-0.7185013963
-0.4160451292
0.6330103401
0.4373701504
0.8953468201
-0.0473370197
0.6078602061
-0.3877149512
1.1142020384
0.4714144787
0.9083923815
0.3394179186
-1.9722649418
0.1189755685
-0.1312643422
-1.2971995498
-1.1119235796
0.6333149106
0.7350532657
1.6893930820
0.2968048874
0.2765123998
0.6113878960
-0.6333060390
-0.7514712609
-0.9252608649
-0.6407952976
0.1614418808
1.0490139091
-0.6337239670
-0.8589693479
0.9455699189
-1.0557298265
-0.5875166825
0.7855920738
1.1339605801
1.1759803473
-0.3702592424
1.1613921291
-1.1866897421
1.8772270328
-0.6144683543
-0.3368163427
0.0549976429
1.8836486088
-1.9138722353
0.9467406595
-1.7675039221
0.5496990562
-2.2523842170
-0.4029336335
-1.0436191280
-0.2876434066
-0.9645224663
1.0598034738
-0.0319791335
0.3210764608
-0.5887800032
0.7100856821
-0.6253538405
-1.0122608952
-1.0405421750
-0.6438643388
-0.0042187473
-0.6567854702
-0.2549430696
-0.4362180892
-0.0125224269
-0.0410873455
0.7216565349
-0.6883181209
0.8828800953
0.3591699541
0.8877544905
-2.7910566155
0.7536899526
1.1873091305
0.1503189896
0.1224932928
1.7092033925
0.3654834410
0.8394387644
0.6283700250
-0.2001656824
0.1561074087
-1.1732843277
1.3533688551
0.1031406425
-1.4266891280
-0.9320165638
-0.2916246412
0.9547418272
-0.7652426303
-0.0959489120
-0.5970072856
-2.8665000398
0.1166632994
0.6478301540
0.2351603925
1.6434998778
0.6822180764
-0.5407041303
1.5174183300
0.7889998978
-1.3130906999
-0.4176502397
-1.3402980539
-0.3560129925
0.1207339559
1.9475034565
1.7581864376
-0.0337789360
-1.6508076693
-1.4008265178
-1.3202288369
2.4221325088
-0.3964891149
0.1503404208
-0.7390045380
0.9744348085
-0.4347357265
0.6230201365
0.4895482904
-0.3965685547
2.2708364151
-0.3042624482
1.5481795503
0.6576682710
0.3801415870
1.3804817345
-0.2482378697
-0.8254333919
-0.6100912765
1.9357393675
-0.9451578557
1.3680317248
-1.2667052683
-0.0961214669
0.8959482083
0.5113797918
0.5461537977
-1.5148259901
2.1926313964
2.2753977569
-0.5690290045
1.0141758790
-0.9068403236
-1.8271028907
1.0370923263
-0.3594790255
-0.7853726048
-0.8962887437
-0.4334394916
0.2807833306
-1.5200100478
0.2303532891
-0.1082906393
-1.9244341011
0.1068991079
-2.0015217522
-0.0430112193
-1.0248017391
-1.9616615602
-0.1705568120
-0.2228258933
-0.2491704190
-0.5350940029
-1.0545362475
1.3760108920
0.8265911460
-1.0061843105
-0.5704394698
0.0427137105
