17 10 0.12
6 0 0 1 0 1 1 2 0 2 1 2 2
18 0 0 0 1 1 0 1 1 1 2 1 3 1 4 2 1 2 2 2 3 3 1 3 2 3 3 4 1 4 3 5 1 5 2 5 3
18 0 2 0 3 0 5 1 2 1 3 1 4 1 5 2 0 2 1 2 2 2 4 2 5 2 6 3 0 3 2 3 4 3 5 3 6
20 0 2 1 1 1 2 1 3 2 0 2 1 2 2 3 0 3 1 3 2 3 3 3 4 3 5 3 6 4 0 4 2 4 3 4 4 5 2 5 3
9 0 0 0 1 1 0 2 0 2 1 3 0 3 1 4 0 4 1
15 0 0 0 1 1 1 1 2 1 3 2 1 2 2 3 0 3 1 3 2 3 3 4 1 4 2 5 0 5 1
8 0 0 0 1 0 2 0 3 1 2 1 3 2 1 2 2
16 0 0 1 0 1 1 1 2 1 3 2 0 2 1 2 2 2 3 3 2 3 3 3 5 4 3 4 4 4 5 5 3
7 0 2 1 0 1 1 1 2 2 1 2 2 2 3
13 0 0 0 4 0 5 0 6 1 0 1 1 1 2 1 3 1 4 1 5 2 4 2 5 3 4
2 6
6 10
6 8
1 10
1 7
0 13
11 1
10 3
9 1
3 7
0 0 0 0 0 0 0 0 0 0 0 0 0 1 1 0 0
0 0 0 0 0 0 0 1 1 0 0 0 1 0 1 1 1
0 0 0 0 0 0 1 1 0 0 0 1 1 1 1 1 0
0 0 0 0 0 0 1 3 1 0 1 2 2 2 1 1 1
0 0 0 0 0 0 1 3 3 1 2 2 2 1 2 2 1
0 0 0 0 0 0 0 1 1 0 1 1 2 2 2 0 0
0 0 0 0 0 0 0 0 0 0 2 3 1 2 0 0 0
0 0 0 0 0 0 0 0 0 0 2 2 2 2 1 0 0
0 0 0 0 0 0 0 0 1 1 1 1 2 2 1 0 0
0 0 0 1 0 0 0 0 1 0 1 1 2 2 1 0 0
0 1 1 2 0 0 0 0 0 0 0 1 0 1 0 0 0
0 1 2 3 3 1 1 0 0 0 0 1 1 1 0 0 0
0 0 0 2 2 1 1 0 0 0 0 0 0 0 0 0 0
0 0 1 1 0 1 1 0 1 0 0 0 0 0 0 0 0
0 0 0 0 0 0 1 1 1 0 0 0 0 0 0 0 0
0 0 0 0 0 0 1 0 0 0 0 0 0 0 0 0 0
0 0 0 0 0 0 0 0 0 0 0 0 0 0 0 0 0
-1.0521758102
0.1092850033
-0.7574503403
-0.0963063293
0.6617972746
0.0199415787
-0.9890767671
0.2496685933
-0.3046318173
0.4836352453
1.6673280692
-1.2944550264
-0.9015529881
0.2819618599
-0.3291434575
1.3481215561
0.2473334084
0.6492372231
-0.7670750620
0.8224434070
-0.7897261992
0.1807911119
1.1303461765
0.1192176977
-0.5423059319
-0.4490725372
1.1134122536
-1.4028636111
-0.3735860604
1.0781570268
-0.7946484415
-0.3792407755
-0.2842914383
-0.6728396703
-0.8849087705
0.6575274690
-0.3190398275
-1.4894095148
0.1409971245
1.0173311390
-0.6261412914
1.0439960254
0.6649454459
0.4548895498
0.1967400026
1.1380932193
0.9410481286
0.9204274635
-0.8800735622
-0.7842455826
-2.2894358489
-0.0746266333
1.2934728926
1.0860881425
-1.3181144405
0.2558994499
-1.6596574178
-0.0475016909
1.5664357166
-1.6162439689
-0.0422744574
-1.3033908309
-0.6111822656
-0.1149646690
0.6468480116
0.8771310649
-1.4137686219
-1.0729273248
0.9324790896
0.7786659848
1.2996012472
0.1739611003
-0.6107138443
0.3343776499
-1.2645947763
0.1249866638
-1.1133560313
0.0581694287
0.2646162417
0.0187827325
-0.3469115235
0.3701988648
0.6336780630
0.0397944950
-0.3773743940
0.0414211756
-0.7492482179
-1.2427758862
-0.7079163790
-0.7642891475
0.1769512821
0.1408628417
-2.0800040428
-2.0496105163
-0.9199142567
-0.0170937599
0.6126033652
0.4212547542
0.4594795493
-0.9597884685
-0.2753512071
-0.2411749141
1.5422194768
1.6096557939
-0.7952289519
1.0094954013
-1.5422545228
1.5768269388
-0.1918672138
1.2067629966
-0.8848104069
-1.4357405999
-1.9203152244
-0.0007894307
1.0732337158
-0.8112602524
-0.7184014012
0.3318706614
-0.6789517200
-0.1086294520
-0.7718268431
-0.2349425198
-1.0494054713
0.4778178019
-1.1117570553
1.5970671481
-0.0280141199
-0.7543232140
0.4046293140
1.2041241422
0.9415598238
0.1257456112
1.6859197091
0.5391288656
-0.1611850482
-0.2396005883
-1.3990165382
1.1164965963
-0.1977933597
0.1248686317
0.0375416103
0.3400574837
1.5970247127
0.6322369600
1.8460979886
2.3422059000
-0.6691044633
0.9018383043
-1.3747642175
1.4058659188
-0.5672125403
-0.0801429572
-0.4943484323
0.3897683458
1.7133759551
-0.2853047140
1.3887504147
-0.9648528400
-1.7198459643
-0.1194408808
0.4080694935
-0.4216348731
-0.9761581948
-1.6960273536
-0.3563387593
0.3886418873
0.1919935167
0.4292758319
-0.4426975875
0.8543407813
1.0778282547
-0.9816970997
-1.5718088205
-1.3068041265
-0.6940835469
-0.6269482715
1.1325647920
2.0640984466
-0.0685706595
-1.1589690777
-1.0627693145
-1.2160291804
0.7577809359
0.1237630444
0.3091659259
-1.9827637378
0.4461966666
-0.1520956575
-1.0946010593
1.1650760280
0.6819083739
0.2913106679
0.9285215221
1.0088288212
-0.3978041338
-0.1515686016
0.3822042111
1.7098019349
0.4310099108
0.2721843751
0.2063937613
0.3355841643
-1.2198561971
0.5698633316
0.6288009712
0.3577120633
0.2214865583
-0.2269540138
-0.2149563421
-0.9964273340
-0.7254920864
-0.0360277940
1.0883481279
0.5093308050
0.5223486714
0.8643612734
-0.1076425341
0.6683285553
1.0591733757
1.4338520370
0.1927025360
-0.3223692176
-0.9041122673
-0.4422345408
0.4162097456
0.6300805597
-1.9196392974
-0.4229169105
-1.1667831290
1.2523536007
0.7803633962
-0.4533496238
-1.1212677356
-0.0578886180
-0.2115062095
0.7745022435
0.1176826950
0.7601767670
0.2077005391
0.1506012321
-1.9125725005
0.0176651435
-0.3654956017
0.9240757922
0.2112236292
1.2285571295
0.7913831273
-0.4430707197
0.0554111839
0.6645339024
-0.8397353147
0.3365922101
1.7481766075
0.5365976855
-1.4407783745
-0.8136256881
0.4740408019
-0.2712017836
-0.7484596424
2.1071575036
-0.2913437748
-0.9609839446
-0.8278203852
0.1531288764
1.5648683591
0.6480668898
-0.5230227819
0.7888177171
-0.7802796417
-0.2738562807
0.7740830833
-0.0883279565
-0.5715744713
1.2183078737
0.4209971889
-1.7120146324
0.5000653218
-0.4951121858
-0.5127510682
1.2363407307
-1.2342934281
-0.5440547175
-1.0658588208
0.7266918057
0.7247838098
-0.0397868916
-0.1332451865
0.0517328416
0.5479799779
-2.0956553598
-0.2669677155
1.8785078118
0.3318259840
0.0630850713
0.3298668583
-2.0950025881
-2.0395506980
0.7073543814
-0.0586182850
-1.1421000581
1.7881737239
0.3094618706
-1.0962635021
1.7111217934
-0.4775920227
-0.0294627031
1.9291692483
0.4831001768
1.2783860032
2.0869932272
-0.8630949892
1.1664652163
0.2758085390
0.0421509257
0.4157204208
-0.8323825300
0.2537361828
-0.5015255540
-0.9165560305
1.0426822760
-0.3794242195
2.1082782914
0.1901329816
-1.8710386812
0.0449648897
0.0189340725
0.8687217083
1.1163363158
-0.7579354747
-0.1228605484
-0.5103132963
0.5542368146
1.7168357924
-1.6231552090
0.0038775073
1.5270765149
1.3009713770
1.0420350381
1.8515709259
-0.0304909717
0.2605206156
-0.0728125359
0.2023635953
-0.1853476562
-0.7580322721
0.3451692880
1.5277644716
-1.0564695562
0.1011041482
1.6921868007
0.4009757190
0.2690748209
0.8646007258
-1.6309483624
0.7728473147
0.1739402160
0.2099882519
1.8956048992
0.2842385124
1.0100762644
-0.1462918344
0.6367448490
-0.4736784781
0.7596762098
-0.9451072106
-1.4861349142
-0.1082898695
-0.3536063972
0.7079541795
-1.8212644653
-0.8253178939
-2.8040826454
0.4972360366
0.5954901841
-1.0804847303
2.1198375917
-0.6340205807
0.4068255345
0.4112601046
-0.4315546735
-0.3729681602
-1.8966575468
0.0104383552
-0.8195317173
0.3376460299
-1.3090544269
-0.5532728344
1.3435435688
1.1078299517
-0.2831088530
-0.0381714242
-0.6969572530
-0.9307449686
-1.7100202540
0.4563466745
1.6256360563
0.2928152799
0.2875724078
0.7940278829
-1.9718127504
0.9474445812
1.4427853532
-0.0977458258
-0.0743766339
1.6158132171
1.3613369142
-1.1352680853
-1.8853271186
-0.3050538910
0.6815259425
1.4278588429
0.7128566821
-0.6145660551
-0.2292376888
0.7367732747
-0.8760878457
-0.5516548370
0.3860057083
-0.4772404327
0.1444351091
-1.9300281907
-1.4962340615
0.1916892405
0.2735016516
-0.5294312092
0.7098005799
1.3119755731
-0.2080216629
-0.4668405126
0.3079458856
-1.4417178084
0.2492367828
-0.3330239917
-0.8556229303
0.6279519497
2.5590191910
0.0531487327
-1.6630305060
2.3396101808
0.1370523048
-0.9759576813
-1.0084608620
-0.8601103359
-1.3576083644
0.3609029333
0.6268024546
1.5700547842
0.6563486653
-1.0796681162
-1.4096518663
-0.8378240743
0.0144104416
0.2454825141
-1.1733062044
1.3625363966
0.3724336490
-1.2042482714
1.1854354608
-1.1812697155
-0.3960508522
0.2667232623
1.1773419184
0.1898767236
-2.1506946887
-0.0744867277
0.4129209919
0.1970994488
1.4010225421
0.4685016917
1.6903131114
-0.2694976414
-1.3788332476
0.0605816153
-0.1728057200
-0.2191646407
-2.6467381236
0.1225793108
-0.3909854041
-0.4165492525
-0.6750341803
0.3301707701
0.1158831411
-0.6669327268
-0.5226450130
0.6503956498
-0.3314908076
-0.7986645843
-1.4428289749
-2.2693572129
1.5020828234
-1.0748206473
-0.3990138689
0.2055167179
-1.7283743760
0.0836875661
-0.5925933044
0.0596555119
0.1866945557
-1.1147489148
0.2244432324
-0.9994356721
0.2547500088
1.5819311412
1.1761227366
2.5351332329
0.1784429684
1.7318292361
-0.4797109296
0.3024416454
-0.9935013359
0.1949996914
-1.0311997926
-1.4495396522
0.9263816140
-0.4886608422
-1.0192639519
-0.3864704517
-0.8556537826
-0.5303505807
0.9081610821
1.0936491092
-0.2255149239
-0.5982221557
-0.3386973194
0.4271578985
-0.9206004277
-0.2216441500
0.3397655326
-0.3044695569
-0.4073836616
0.6947872836
-0.8114392102
0.6896164286
-0.8150182768
-0.6705856639
-1.2075569653
-0.9416706209
0.2911577407
-0.2812158324
0.3283571636
-1.7928098135
-1.0233347318
0.8875687455
-0.2087783419
0.1729111620
-1.2017065343
-0.2540373881
0.9653481530
1.9295445253
-0.1837065974
-3.4201474277
-1.0252637747
0.9022394796
0.5076519396
-1.2539538397
0.0535310201
-0.9933604059
-0.7949742492
-1.5979255991
1.1644625950
-0.1810276371
0.1837003669
0.8742338920
0.1559584316
0.2225384183
-0.8278834421
-0.5557746494
0.4724996168
0.5925866719
0.4268186892
-0.0856445750
0.6516492967
0.3369990807
1.9052455760
-1.7106037468
-0.5541066126
-0.1319050758
-1.4931112810
