18 16 0.20
5 0 1 0 2 0 3 1 0 1 1
5 0 0 0 1 0 2 1 1 1 2
5 0 0 0 1 0 2 0 3 0 4
5 0 0 0 1 1 0 1 1 2 1
5 0 0 0 1 0 2 1 1 2 1
5 0 0 1 0 1 1 1 2 2 1
5 0 1 0 2 0 3 1 0 1 1
5 0 0 0 1 0 2 1 0 1 1
5 0 0 0 1 1 0 1 1 1 2
5 0 0 1 0 2 0 2 1 2 2
5 0 0 1 0 1 1 1 2 1 3
5 0 0 1 0 1 1 2 1 3 1
5 0 1 1 1 2 0 2 1 3 0
5 0 0 0 1 1 0 1 1 1 2
5 0 0 0 1 0 2 1 2 2 2
5 0 0 0 1 1 0 1 1 2 1
1 10
9 11
13 5
10 16
12 12
5 11
11 0
16 4
14 12
1 8
9 7
12 3
9 14
14 14
6 13
5 4
0 0 0 0 0 0 0 0 0 0 0 0 0 0 0 0 0 0
0 0 0 0 0 0 0 0 1 0 0 1 1 1 0 0 0 0
0 0 0 0 0 0 0 0 1 0 1 1 0 0 0 0 0 0
0 0 0 0 0 0 0 0 1 1 1 0 0 0 0 0 0 0
0 0 0 0 0 0 0 0 0 0 0 0 0 0 0 0 0 0
0 0 0 0 1 1 0 0 0 0 0 1 0 0 0 0 0 0
0 0 0 0 1 1 0 0 0 0 0 1 1 2 1 1 0 0
0 0 0 0 0 1 0 0 0 0 0 0 1 0 0 1 0 0
0 0 0 0 0 0 0 0 0 0 0 0 0 0 0 1 0 0
0 0 0 0 0 0 0 1 0 0 0 1 1 1 0 1 0 0
0 0 0 0 0 0 0 1 1 1 1 0 1 1 0 1 1 1
0 1 1 1 0 0 0 0 0 0 0 0 0 0 1 1 1 1
1 1 0 1 0 0 0 0 0 0 0 0 1 1 2 0 0 1
0 0 0 1 1 1 1 1 1 1 0 0 0 1 0 0 0 0
0 0 0 0 1 0 0 0 0 0 0 0 1 2 1 1 0 0
0 0 0 0 1 0 0 0 0 0 0 0 1 1 2 1 1 0
0 0 0 0 1 1 1 0 0 0 0 0 0 0 0 0 0 0
0 0 0 0 1 1 0 0 0 0 0 0 0 0 0 0 0 0
0.3342568669
1.0797824577
-1.8801306412
0.2704097529
0.4011649195
-0.1214822161
-0.2783947958
0.9549212467
-0.1004475009
-1.1504815197
0.2334354932
-0.3213719158
0.8398186746
-0.0434696828
0.1392400554
-0.3790955498
1.1139017517
-1.2258966114
-0.7571042478
1.5944055894
-3.5583780561
-0.1901899280
-0.4000077173
-1.2378582394
-0.6594163183
0.7730463874
0.4563902599
-1.0487261783
-1.1717084305
-0.0861413430
0.5479683249
-0.6453497877
0.4955244743
0.4541866367
0.5310541881
1.5045990169
-0.0896359547
-0.3006609978
-0.7398775728
0.5167441733
0.8651867434
1.2391697600
0.2182780952
0.1386510887
0.8813944030
-0.5421907969
0.0964203038
-1.0715544539
-0.0717894441
0.2741860895
-0.2203643465
-0.2563500187
-0.1646875859
2.0724547749
0.5300137421
0.4532425188
-0.8582371784
1.8035861256
0.1678030718
-1.0152670172
0.1546374791
-0.6832410808
-1.0152015067
0.8700312559
-0.5701933422
0.5971151695
-0.2324169182
-1.1912992506
1.0065111890
-0.1739662921
-0.7641074733
1.2168992907
0.8436986161
-0.0618181374
-1.0311527851
-1.4159514597
-0.1023301739
-0.2327143044
-0.8247012280
-1.1905226443
-0.0052609552
-0.0824255254
-1.0437818201
2.2470737827
1.2676406230
-1.6048709685
-1.0334787290
0.5411335960
-1.4980184639
1.7788305823
0.0637407154
-0.6034547417
-1.4225403539
-0.3316211873
-0.3655924445
-0.8101663562
-2.3459163128
-0.0316147912
-0.4403707915
0.3053709932
-0.3607289253
1.6675902660
0.1182184778
-1.0300779480
-1.1855611852
-0.7736995190
1.0359871041
0.0230761496
0.3815542205
-0.4047885663
1.4508784124
-0.1699531267
-1.6206288087
-0.4197326147
2.1864732259
0.7497358203
-0.5060363080
0.1737865555
-1.4497780546
-0.2458615451
-0.1052903916
-1.2562715988
-1.8405589481
0.2602716103
2.2091302051
0.9779907772
-1.3210334582
-0.1392889753
-1.1256003510
2.5063949151
0.1938404923
-0.5470864977
1.1885678237
-0.9095194385
0.6753445531
-1.0025425357
0.0222164341
1.4676157682
-0.9270125162
1.1419038481
-0.0290928529
-1.4867522086
-0.5671625995
2.4081776669
-0.6939872096
0.5830491167
-0.9863182979
-0.1739129214
-0.2232218872
0.1661224227
0.0873522579
0.5789623843
0.4046422270
0.2871078757
1.4926481047
-1.0781337185
-0.5843455458
-0.4994734899
-0.4349303589
-1.5208914805
-0.3608329320
-1.5334567771
-0.7149228614
0.6262624243
-1.0499276491
-0.1673602047
-1.4060723662
-0.0855313842
-0.6251149005
-0.8728739217
0.1529603643
-1.4946727452
1.3190994855
-0.3426943494
0.2378983599
-1.6590399446
2.6562603898
-2.0149487880
-0.9899882527
0.6497370096
1.4782827095
0.6852910141
0.4725110209
-1.3230324033
-1.5919867023
0.6948746845
0.5983249340
2.2636402248
-1.3926232285
-0.0537493504
-0.2977255815
-1.5266406159
0.7858703633
-0.4749675089
0.3587533551
-1.9975549101
0.0584600114
0.6088968247
-1.0213466408
0.6571481651
-0.0279885146
0.1652275330
0.5145173548
1.0731829452
-1.8383718200
1.7879058704
1.3252906668
0.6234340240
-0.3281514905
-1.8556571084
0.0498965820
-1.2800723623
-0.2581159953
-0.3200651335
-0.1291206768
1.2982667223
0.3769000196
0.4347929763
0.6113147040
-0.0589803458
-1.2118130236
0.4454249130
1.3185053255
-0.6608235214
1.2367799788
0.1654810528
0.9995780241
0.9056596805
0.6836921865
-0.2603244823
0.4500212704
-0.2823241869
0.5789947169
-0.2548713059
0.0338312202
-0.3796017778
0.9275620462
0.3129360930
-0.8889980222
0.7121603616
-0.4321861432
-1.3594638443
-0.4703110849
-0.0885884010
1.4436714815
1.6662004420
0.9249832210
-1.0102669777
0.4674537958
-0.0609353285
-0.0046103512
0.2188579720
-0.5710980368
0.3184260117
0.0649448178
1.1660642446
-0.2212367842
0.1920482833
0.0101668831
-0.2079036834
-0.1826625250
-0.7993164907
0.7081498343
-1.5032355672
-0.9547599210
-0.6801517118
0.1889956641
-0.8543686327
-1.4620881328
0.3807419976
-0.2821735328
-0.9247887549
1.0841998715
1.8827611004
0.9002732081
-0.0591345909
1.7111688010
1.3300567214
1.4604264710
1.9186007589
-0.0502181451
0.9612256620
-0.6459415843
-0.3977504054
-0.6212452553
1.3708671862
0.3035299888
0.7811834055
-0.4347621905
0.9749968254
0.3728143688
-0.5394948238
-1.1265739636
-0.7953468337
0.9681491143
-0.6975954485
0.3341187121
1.0571930445
-0.3383976154
-0.3210786406
0.0532168066
0.7567353728
-0.4293713150
0.4075677653
-1.2836779222
0.5037146569
-0.1914897978
-0.6266865750
1.7687027231
-0.4824219696
-1.7562257547
-0.7915233040
-0.4158000817
-1.4074524773
0.4533740147
-0.6400254415
0.4859561949
0.0927019856
-2.4102522189
-0.5407237166
-1.1630463387
1.2016190066
-1.4314462677
0.4172257839
0.1688818166
-1.6139770076
0.0534005748
-1.0050237193
0.6230392257
0.1655278715
1.0065606242
0.7723615248
-2.1102520585
-0.4203974846
-1.0515223452
-0.5132179251
-1.3038867115
-1.0967481351
1.5177930032
-0.5441547446
-3.2750765947
-0.0344811996
-1.0509140561
0.5144425611
-0.7137101198
-0.1360180038
1.4240627859
-1.0508238692
-0.0327522398
1.1731626953
2.0022409343
0.8546836128
-0.4646510248
0.8943330703
-2.2631441035
-0.6891000000
-0.9044248723
0.7682350170
0.0863910148
-0.0939694649
-0.0663490631
-0.7266917640
0.1817017734
0.0730031007
-1.2108909267
-0.2253766865
-1.8207812998
0.3084321067
0.3626021938
0.5057306746
-0.1626724489
-1.0885880413
0.6291804370
0.1630215049
0.0464570367
-1.5298793003
-0.9113964125
2.1924899022
0.9376828031
-0.1666434041
0.3869497825
1.7762157827
0.3918608094
-0.0850793125
-1.4270249410
-0.0208418698
-1.9599206218
-1.0551063882
1.7682095466
-1.4562327951
0.4097359261
0.4924201164
0.0635641750
-1.5559174694
1.5918735704
0.5321552106
0.7341420714
-0.4837327188
-0.1692369700
0.2634815296
-0.7563263029
0.2775675505
-1.1924880825
-0.8223380777
-0.9764440266
0.2635795993
-0.4426811052
0.8760598246
2.2379855111
0.5360250854
0.4843541653
0.7632739179
0.6138524011
-0.3139483932
0.4775104743
-0.1998615998
1.3835316909
-0.2525896966
-0.0526309645
-0.0671302896
0.2179775337
-1.9303788353
-1.2661502259
-0.4994137332
-1.0453731061
0.7832206234
-0.5955389618
-1.7013592659
0.1957634430
-1.2607253451
0.6733846712
0.1908875372
-0.2357097373
0.3896203864
0.3180451896
-1.0757632193
2.1405460776
-0.0072136221
0.9575452256
-0.4044953641
1.7830853066
0.4345385540
-0.5471675361
-0.6587804154
-0.4393328839
1.7246001903
0.3979811238
0.5791354246
-0.1319798399
0.5977261170
1.6680626662
0.3091991013
-1.0040140165
-0.0700224906
-0.4150729077
-0.9849289164
-1.9301267263
-0.3579157561
0.6921244316
-0.7658654270
-0.3781147620
2.8985914088
0.2731226034
-1.8040081068
0.0136146255
-2.4254634276
-0.5912499444
-1.3234614836
-1.2447442536
-0.7401493532
0.2661492526
0.2627571137
1.1983391866
-1.1739788540
0.9729567121
0.6392621939
0.1167106132
0.7179180557
1.4476343405
0.6120983735
-1.8454844919
2.0625281265
0.7171703502
-1.5751434283
2.0770215246
-1.9491809633
-0.6077225625
2.2550879282
0.0024466433
-0.8984009957
-1.0489207210
-1.3558129614
-0.7455051544
0.4261093251
0.1040764652
-0.2706125483
-1.1117615241
0.5176650666
0.2929902451
0.9405522726
-0.9704780133
-0.9893312015
-1.0515249800
-0.1745503787
0.5353369929
1.3614498296
0.7661729286
-2.0408418782
0.1495895093
-0.9399188949
1.1472864617
1.5341449284
-0.0543243946
2.3004941301
0.2749726891
0.0140941558
-0.8594885869
2.1106071284
-1.4273349621
-0.8656591954
1.6601729199
-0.7751377181
1.4824221786
0.6763703740
-1.1560185826
-0.2713557847
1.0035477914
1.3449847710
-0.3280298273
0.8612644343
-0.4967263619
1.1725244947
1.2200713324
1.3354199937
0.0755279157
0.3115963124
2.2780303817
0.2097677814
0.7371459651
-0.4807977031
0.7304966004
-1.0005137890
0.1334936631
0.4473656375
0.1352603097
-0.7827828904
-1.6722186780
0.0063564838
-1.5851050678
0.7222846554
-0.1202840344
0.7715664766
0.0673258931
-1.2885622621
2.0073951588
1.0207891570
0.8868752420
1.4034632434
-1.4239539695
-0.1550889624
0.9187055486
0.2997142315
1.5987425144
-0.7677384243
0.0911486567
0.0844346604
0.2952582345
0.1537210654
-0.0871864234
-0.2448799778
2.3198868118
-0.3440900402
-0.3435169851
1.2161592428
-0.4298915359
0.5564124619
-0.4190978876
-1.6716808740
0.1111869641
0.6470557260
1.9449092883
-0.0439235968
-0.0464036307
-0.6132451574
0.8588476415
-1.3514272442
1.5963979561
-0.8535536371
-1.6133049866
-1.8870304997
-0.1445377200
-0.7718600180
1.1154032038
0.0562008755
0.0975478385
0.1359714314
0.1137291368
2.7769167687
0.4782320517
-1.4193929698
0.5360118178
0.3349957045
0.1374043742
0.6273153666
0.3872854500
-0.5862684824
-1.5359599051
1.3399511852
-1.1416296906
0.1201869586
-1.4222084127
0.3520105554
0.3324856503
1.1754454661
-1.2362888304
-1.7899900068
1.5081624345
1.6469619921
0.2135974077
-0.7669815272
-1.7762232284
-0.6275963865
1.3966670446
-0.0812806918
-0.0824643991
-0.3718291303
0.1374868083
0.4354729014
-0.0917781609
0.6388162223
-0.5590400236
0.2004174055
0.0716406651
-2.0257355803
-2.4889644994
0.8881750301
-0.3367469566
-0.6037179738
0.2008373075
-0.3221306908
1.6312277240
-0.4892504122
1.0961325903
1.9468159253
1.0731430977
-0.0634291343
-1.1158246115
-0.4604681340
