17 14 0.11
13 0 2 1 0 1 1 1 2 2 2 2 3 3 2 4 0 4 1 4 2 5 0 5 2 6 0
12 0 4 1 2 1 3 1 4 2 2 2 3 3 0 3 1 3 2 3 3 4 3 4 4
8 0 3 1 0 1 1 1 2 1 3 1 4 2 2 2 3
13 0 0 1 0 1 1 2 0 2 1 2 3 3 1 3 2 3 3 3 4 3 5 4 2 4 3
5 0 1 1 0 1 1 2 1 3 1
6 0 0 1 0 1 1 2 1 2 2 3 2
11 0 1 0 3 1 1 1 2 1 3 2 0 2 1 2 2 2 3 3 1 4 1
9 0 2 1 0 1 2 2 0 2 1 2 2 3 0 3 1 4 1
12 0 3 1 0 1 1 1 2 1 3 1 4 1 5 2 1 2 2 3 2 4 1 4 2
10 0 1 1 0 1 1 1 2 1 3 2 0 2 2 2 3 2 4 3 2
11 0 0 0 2 1 0 1 1 1 2 2 0 2 1 2 2 2 3 3 1 3 2
10 0 2 1 0 1 1 1 2 1 3 1 4 2 4 2 5 2 6 2 7
5 0 1 0 2 1 1 2 0 2 1
13 0 4 1 1 1 2 1 3 1 4 2 0 2 1 2 2 2 4 3 1 3 2 3 3 4 2
5 3
0 2
14 11
11 6
7 2
13 6
0 9
4 4
12 11
9 0
13 0
14 5
6 11
12 1
0 0 0 0 0 0 1 0 0 0 1 0 1 0 0 0 0
0 0 0 0 1 1 1 0 0 0 1 1 1 0 0 0 0
0 0 0 0 1 1 0 0 0 1 1 1 1 0 0 0 0
0 0 1 1 1 1 0 0 0 0 1 0 0 0 0 0 0
0 0 0 0 0 1 2 0 0 0 1 0 0 0 0 0 0
0 0 0 0 1 1 1 0 0 0 0 0 0 0 0 0 0
0 0 0 1 2 2 1 0 0 0 0 0 1 1 0 0 0
0 0 0 1 1 2 1 0 0 0 0 0 1 0 0 0 0
0 0 1 1 0 2 0 0 0 0 0 1 1 0 0 0 0
0 1 0 2 1 1 0 0 0 0 0 0 0 0 0 0 0
1 1 1 3 0 1 0 0 0 0 0 0 0 0 0 0 0
1 0 1 2 1 0 1 0 0 0 0 0 0 0 0 0 0
0 0 1 0 0 1 1 1 0 0 0 0 0 0 1 0 0
1 0 2 1 1 1 2 1 0 1 0 1 1 1 1 1 1
1 2 2 1 0 1 1 3 1 1 1 1 1 1 1 0 0
1 1 2 2 1 1 1 2 3 2 0 1 1 2 1 1 0
0 1 1 1 0 0 0 0 1 1 1 1 2 2 1 0 0
0.8105420385
2.0621673759
0.8764814208
-1.3035923194
0.9574235797
-0.0125487756
1.3398251684
-0.9116991635
-1.0333024035
-0.7405214615
-0.6529910149
-1.2309622593
1.9084211954
0.0780983530
-2.0157344409
-0.7040065783
0.1879363361
-0.0415162578
-1.6084998906
0.4175179346
0.1256106427
-0.3357435988
0.0003072941
-1.6445433396
-0.6469942209
0.7315990978
-1.0187684846
-0.5176217559
-0.7603755362
-1.0420300150
0.1980935960
1.5725302088
-0.8467892891
2.2066393619
-0.7323191718
0.2648475970
-0.5963462365
-0.7980116616
0.1249423600
-0.0789125859
2.4652723013
-0.1684209089
-0.1539060354
-1.3366182248
2.0430309482
0.8782587955
-0.7073928676
0.8718337189
-2.5195815168
0.4119816885
-2.4936333939
-0.4270439406
-0.0463790148
0.6991988317
-0.6075397623
-1.3038054657
-0.0379432789
0.6325289498
0.5378603670
0.3603466310
1.1477044836
-1.0514064283
-1.8454277793
1.6216685680
0.0153149394
-0.2169223918
-0.0585416692
-1.4992614587
-1.6744368051
0.1320415056
1.1131472913
-0.8868234711
0.1854005297
-0.1392416966
0.1722539018
-0.1668410464
0.6129553991
-0.9102520844
-1.7664310707
0.2737221067
-0.6777746226
0.9445479179
1.1948070333
-0.2253270042
1.2014129031
-0.0273328387
0.2996045341
-0.7709461606
0.3937252562
-0.1545997908
-0.0146283670
-0.0282418786
-0.3618940644
-0.8172066259
-1.3290378017
-0.4138674578
-0.8530090435
-0.0874513102
-2.4927132315
-0.3087739134
-0.4925787234
-0.5983290687
0.0688973542
-0.9440474527
0.8027459961
-0.8537204510
-0.1423590915
1.9952245696
-0.3718769857
1.5396857878
0.4923742387
-1.3893060004
-0.7580260373
-0.8963379682
0.3153747963
-0.5372230714
-1.9637502076
-1.7876193595
0.1849156429
-0.3050471822
-0.2788556966
-0.5563351623
0.0383086247
-0.6584943454
-0.1625094261
1.3793481050
-1.3571704849
0.7111434221
-0.1867978469
-0.3859091410
-0.7653777649
-0.4427636213
0.4781690707
-1.1857344543
1.7905085371
1.5168670442
-0.1910552448
-1.2298009512
0.0351788722
-0.7405899760
0.3508813303
-0.5668338486
-0.8970212403
0.1729994174
-0.5436134402
0.0370344134
0.3239417343
-0.6842026751
-0.6206505378
-0.0426039862
1.5250672913
-0.0294098033
-1.6356242469
-0.7823188769
0.4821811540
1.1443317386
-0.9191533895
-2.2871754815
1.0854183510
0.4418810521
1.2786591629
-0.4175920135
0.4370384963
-0.2630786680
-1.9935977624
1.0505191570
0.6284721269
0.3116998419
0.5873009267
-1.0022060090
0.1752382721
-0.2727466910
-0.8362579412
0.2960043768
-0.4311648510
1.7589689884
-1.2230692333
0.6092825550
-0.0913481895
-0.6152570686
-1.8979187557
0.6793830559
0.3540689353
-1.3856826823
0.1067879467
0.6933553696
-0.9896488165
-1.0259453641
0.1853081063
-0.4588905751
1.1732122628
0.9957177682
-0.7134318300
-0.1031580014
1.0908297668
-0.6910267086
0.6416760377
1.9626475344
-0.2504070111
-0.7284071728
1.4606534123
0.3845785004
-0.3230222834
0.2043873436
0.5232594893
1.2274087843
-1.0789691818
1.1825023252
-1.0604780385
0.1263736725
0.3905435986
1.6409627310
-0.7706711586
0.1989223914
-0.2414927935
-0.7787177375
-1.0057453602
1.6187421491
-1.1862607235
-0.1047972139
1.5600646033
-1.9333583261
1.2237332795
-0.2547254082
-0.1870658000
-1.6305369599
-1.1679771686
1.9478955974
-1.0742029914
0.7459620358
-0.4656502112
-2.1975254914
-0.0906746485
2.2299488198
-1.0558884070
0.5786657959
1.3077398936
0.2906820513
-0.3576360180
0.9659992648
1.5663994351
-1.1434038512
-1.1076150643
1.3781775315
1.0279098184
-0.7300662189
1.5184805625
0.8121531126
0.1299843600
2.6629967223
1.9267524737
-1.5329864294
0.3694446949
1.3600341205
-0.6793435423
-1.3887815060
-0.7038076294
0.6668011909
0.8980053343
0.1332344370
-0.2538328632
0.8414233539
1.4142172465
-0.9614625284
0.1426151639
-0.1087127519
1.2901454775
-1.8089452753
1.2759544253
-0.7515513045
-0.4056969609
-1.0352465171
-2.5221253480
0.3578291281
0.6168375787
0.5152408425
-0.8881015625
0.7750445922
-1.5546440636
0.4906810652
1.9067617014
-0.0252113074
0.8229655563
-2.0814679469
0.6561020625
-1.2659107587
0.9992949602
0.4422033514
0.4910230075
0.2764562383
-1.5745847816
1.0264026199
-0.6684790665
-0.3186360224
0.2125666370
-0.4171938572
0.6436326346
1.3139930022
0.0471221644
-0.8878656390
0.9505163964
-0.4457496436
0.4345308025
-0.9383823022
-1.0871373916
-1.1052936012
-0.6541817346
-0.1693839014
-0.1782272452
-0.5467962971
0.6125082449
1.0644119961
0.4172992615
-0.3325338990
0.3861093025
-0.7139126852
-1.4839586844
-0.6940294999
-0.8588419783
0.2734564610
0.1192684936
-0.2556014694
0.3908321278
0.5554010720
-1.3923585367
-0.7300491143
-0.1364186838
-0.3730403008
-0.5888417469
-1.2344732455
1.8143170186
0.6051535320
0.4903737033
-0.4874026927
-0.0351124817
-0.6179830038
0.2601730541
-1.2628537849
-0.7607857077
-0.5023599308
0.6135771230
-0.2611124436
1.0592604810
0.0925306123
1.1312466845
-1.6820071927
-0.0721995365
1.9626591038
-0.9050751029
-0.3486033460
0.3714563121
0.7272933876
-0.4268090964
-1.9383365365
0.1021927550
-0.6438564028
-0.1061998108
-1.3282295461
0.2586667802
-0.3793913431
1.8290715102
-0.1579511689
1.9643783356
-0.8276130635
-0.5280199877
0.3106579879
-0.2703555337
2.2299090687
1.2201646764
1.0738690375
0.1598787584
-0.6497305878
-0.2350663033
0.5369530032
-1.5648628470
-0.1033397449
0.8000827258
-1.9156915425
1.0079989348
-0.3243221602
-0.5092620679
-0.1409817988
0.5193762530
2.1443334650
1.7786080913
0.3306129986
0.4581751048
-1.7858971160
0.6498162524
1.2244679054
1.5365724395
0.3015391162
-1.1900143809
-1.2989370997
-1.6038016065
-1.4474770478
-1.4516738831
-1.6556465490
0.6214704622
-1.8894070466
-1.1726104384
-0.6423845212
-0.4131467705
1.6272430835
0.8476081874
-1.1656598667
-0.7827741073
0.8455983019
0.2751254365
-1.1247688178
-0.8839401643
0.4644932739
-0.5554525406
0.4689334871
-0.9214375759
2.8463797049
-1.0683948436
-0.0166568241
-0.6664184255
-0.8903249079
1.8517879072
-0.0165446416
2.5673593342
1.8760348726
-0.9639407262
-0.5392443936
-0.2786371940
0.1196804042
1.0437883229
0.9333913028
-0.5290135217
-1.0864380966
-0.1115340239
1.5947328926
-0.5764644330
-1.1764187603
0.4737490362
0.3213949775
0.4350747764
0.0461935839
0.7910646276
0.3366977135
-0.7834052249
1.3873136140
0.1461236744
1.0504564706
0.2681277924
0.1949621177
1.0113063419
0.3572334839
-0.2896466918
-0.6196466913
0.1076720763
-0.1341789285
1.0636290968
1.1894596453
-1.0830514404
0.6255298242
1.6969833944
-0.0664391968
0.6200028751
0.3576065590
-0.0541308533
0.5366576559
0.9535258424
-0.2270037641
-1.3065358070
-0.7728611927
-0.5729118649
-0.6186160743
1.3684681498
-2.9096372980
-0.0817851266
-1.6851490858
-0.5130455739
1.2032688559
-0.6304169642
-1.5823539755
-0.0710925224
1.1249282334
-0.4634234970
-0.5285347713
-1.9854542546
-0.9151719028
-0.6794932101
-0.2056122227
0.1896188484
1.2195128020
1.3328095226
1.6487222449
0.1733508880
-2.0554402896
0.7693976638
0.2211056105
-0.2830403068
-0.3593897330
0.1958720988
-1.8408017101
1.1912521703
-0.7017465031
1.1686599926
-0.0183878176
-1.0008556150
-1.1945900501
0.4429980845
0.2817298599
0.0534041173
0.4702493311
-0.4645861562
0.7397822985
-1.3407705655
-0.2729026928
0.5106704755
0.0538822964
0.3292195022
1.7478449253
-0.7190523361
0.4410530733
0.1863857616
-0.5395766292
-1.5600670233
-1.9132467259
-0.3505019201
1.0723418271
-0.2877016122
1.3362373679
-0.7898489363
-1.0172595689
-0.7614465858
-0.5503157395
1.2599638918
-1.2833890730
-0.3736792726
-1.6000309898
-1.5207423511
-1.6380711161
-1.3153702224
0.6341438385
-0.8653263314
0.2969336541
2.1468549403
0.2591636128
-1.0156049428
-0.3043114884
0.9752059587
0.8793190984
-1.8529432098
0.1928194057
0.3577034560
-1.0460795886
-0.8354494406
-1.4328294471
0.5577986529
-0.4764182090
-0.0690984659
-0.7373245746
-1.5136328782
-0.0253053463
-0.6436465547
0.1476701420
0.8129319829
0.5406267458
1.1856876135
1.6674641704
-0.7720428556
-0.7748359038
0.3964441174
0.8631509310
2.5592557639
-1.0689999299
-0.2502961455
1.3545685851
0.4972737718
-2.1065733129
0.2053108934
-1.0893819962
0.5215978671
-2.1980732691
