14 8 0.08
6 0 1 0 2 1 1 1 2 2 0 2 1
13 0 0 0 1 0 2 1 1 1 2 2 0 2 1 2 2 2 3 3 0 3 2 3 3 4 3
10 0 3 1 1 1 2 1 3 2 0 2 1 2 3 3 0 3 1 4 1
5 0 0 0 1 0 2 1 1 1 2
12 0 4 1 3 1 4 2 3 2 4 2 5 3 1 3 2 3 3 4 0 4 1 4 2
8 0 0 1 0 2 0 2 1 3 0 3 1 3 2 3 3
12 0 1 1 1 2 0 2 1 2 2 2 3 2 4 3 3 3 4 4 3 4 4 5 3
4 0 0 0 1 0 2 1 2
6 10
0 4
9 3
11 1
2 2
5 5
0 5
5 9
0 0 0 0 1 1 2 0 0 0 0 0 0 0
0 0 0 0 0 1 2 0 0 0 0 0 0 0
0 0 0 0 1 2 3 2 1 1 0 0 0 0
0 0 0 0 1 1 2 1 1 1 0 0 0 0
0 0 0 0 0 1 1 2 1 1 0 0 0 0
0 0 0 1 1 2 0 0 1 1 1 1 0 0
0 0 1 1 1 1 0 0 0 0 0 2 1 0
0 0 0 0 0 1 1 0 0 0 0 1 1 0
0 0 0 0 0 1 1 1 1 0 1 1 0 0
0 0 0 0 0 0 1 0 0 0 0 0 0 0
0 0 0 0 1 1 1 0 0 0 0 0 0 0
0 1 1 2 1 0 1 0 0 0 0 0 0 0
0 0 1 2 1 0 0 0 0 0 0 0 0 0
0 0 0 0 1 0 0 0 0 0 0 0 0 0
-0.6001125933
0.6599953820
-0.8647659511
-1.9022235084
-0.5447648948
-1.2431529608
0.2534171027
0.2487467463
0.5654427411
-0.1874665130
-0.9701656812
-1.4681928369
-0.3962634758
0.5549560585
0.8533155864
0.0862522093
-0.5109067423
1.6257329356
1.0975364109
0.7026155136
-1.0345418839
0.9476493274
-0.9223196050
0.0115501684
0.2948623991
2.0439408808
0.7026319877
1.2758156793
-0.1490561586
-0.2019773614
0.1632893241
-0.4051335786
-0.6807533535
-2.1212955206
1.4117550327
-0.4951913214
-1.2316049383
2.2935494899
0.0133806332
0.5036478256
0.9058044031
-0.8615457984
0.2431724087
-1.0162641198
-2.4406426702
0.7264348574
-0.9457669347
1.2908232828
-1.3058697227
-1.5250095871
0.1868359137
-0.1310596546
-0.2659621502
-0.0067426088
-0.1147504222
-0.4904924084
1.4111331382
0.6406260210
0.1891357591
-0.1584353739
0.4736453767
-0.9142681621
0.3402812465
0.9852771374
-0.3920077773
-0.1500938388
-0.0654997706
-0.0024069085
-0.0944437070
1.5265006550
0.9223538812
-0.4306540776
-0.4095204049
-1.3224045953
0.1035148260
1.2711915642
0.8106298543
-1.5902497303
-0.7263334372
-1.1491960489
2.2025253605
-0.2065777669
0.8602282211
-0.0573203118
-1.9684565793
-0.4266417906
1.5056154408
1.3562373640
0.5441966418
-0.2292063765
-0.9178395407
1.1872364535
1.1002429765
-1.1287065977
-0.7060158917
-0.2470266399
-0.2781924962
0.7839072334
0.3709202561
2.0137830263
0.5386323227
-0.2287338622
-1.3274174114
0.8996747280
-0.1660371067
1.2238490359
0.6690289300
-0.1636492591
-0.2405897918
0.8013704937
0.6022918780
-0.4223524222
0.7457182944
-1.3531293129
-0.7360349241
1.1844558219
-0.1300494557
1.1061597582
-0.0036625979
-1.0487773848
0.1284813313
2.4524218874
-0.5201606443
-1.2645133581
-0.1627511051
-0.4467999281
-0.1829622203
1.0078363610
2.6829468134
-0.8532268050
-0.1600249740
-0.7545315272
0.5187769552
1.1913133285
0.9539392278
-0.2285431220
1.6155540119
-1.0930154337
-0.2712159994
1.0795803776
-1.3633926302
-0.6160045727
-0.8694043859
-1.4684814520
-1.2371362692
-0.7357320381
0.3925120081
0.4442314331
0.2017847029
0.8780998495
0.0132666190
-0.2524456025
0.7319829218
-1.3868560156
0.5620192668
-1.5588297306
-1.7609433540
-0.0864956656
-0.5600254562
0.4331441887
0.4475966953
0.3487339420
1.2009158995
1.9738393535
0.0170267367
0.3145630274
1.7632450473
0.4453090192
1.2518674839
-0.6893972210
-0.7395105409
-0.8929915215
1.2353802027
-1.1988714167
0.2019543252
0.0524072037
1.2793670855
1.4301821290
0.1652585949
-0.1598077003
0.0329597490
-0.5608565083
-0.7772437314
0.1471754112
0.0527671990
1.3626610063
0.6766944609
-0.4202787494
-0.6282998469
0.5538794664
0.0295570418
-0.7258816639
0.8425779786
-0.4452622981
0.3384468338
-0.1378238028
-2.6561995977
-0.6575292886
-1.0244043285
-0.9438843792
0.9062248530
1.2222721638
2.0703698781
-0.7764921970
0.8499078552
-1.5002737835
0.5573271878
0.4798417190
-1.8409310866
2.1750871221
0.7117777710
-0.1459970616
-0.1476409307
1.7213486482
0.0465132416
1.7244291174
0.0507402429
-1.3203355370
-0.2709263418
-0.1556645944
-1.2086425538
-0.4612702184
-1.4687634061
-0.3081533512
0.2681016397
-0.0007702998
-0.5797436443
0.6292531526
-0.6219941012
1.0748667355
-0.3263036992
-0.7565469804
0.4721879562
-0.1430149229
0.4465083376
1.0961386567
-0.4463071679
-1.6108967976
-1.6382855482
-2.3358807909
-0.7683329093
2.2350359815
-1.2531306900
0.9184610431
-0.1364166466
1.1686551837
0.5124051909
-0.0081318664
1.8289391766
0.3824949247
-0.5848729341
1.2268261509
0.9420303041
-0.2196232328
0.4088848334
-0.6769289233
0.3980722861
0.7610956002
0.1027134810
-1.5213876846
-0.5232999953
0.4237422228
1.8246737996
-1.8934165472
1.1439913588
0.9768461676
-0.3480877008
-0.5855000080
0.7457838091
-1.7047451658
0.2678773354
1.3510452923
1.0282886937
-0.6539474107
0.6256491201
-0.3027087955
-0.6247095636
-0.0113766037
0.4011548461
-1.6559982154
-0.3779110858
1.6821420890
-1.2467405613
-0.3402213269
-1.1743092512
0.8834410541
-1.4455685378
0.6453158678
0.0938381309
-1.1230767206
-0.7912582928
-0.1276326370
0.1357826157
-0.7509580182
1.2185110851
-0.9094757110
-0.7320494254
1.0438586084
1.2729206494
-1.9395832100
-0.5069194706
-1.1018219847
-0.6522564736
1.3066227335
0.5834286507
0.6371064411
0.1554747405
-2.0252037526
0.7215958790
0.2245444428
-0.5517181914
1.4081203787
2.1652210300
1.1444764445
1.1757386950
-0.6608566098
0.8794289352
1.3209886276
0.1943610172
0.5573729933
0.0931219487
0.5857048596
0.1688014113
0.2846034905
-0.7005335231
-0.0922627844
0.8305321706
0.1037516768
0.1626534372
-0.4136799099
0.2893121873
1.2290362466
-0.5277390804
0.0957906892
-0.3161185979
-0.2118715348
2.1080390052
0.0067340008
0.0770458224
0.8148703557
0.5540053699
-0.5812900628
0.3029782580
0.3628907653
1.4979341061
-1.3647561571
0.3117950946
-0.1058717581
-0.5339544205
0.0816458877
-0.5204672521
2.1501701160
-0.4485928822
0.6050063388
0.9660687813
0.1760260192
-0.1825537329
0.3544496550
-2.0951922648
0.3797464909
0.4736163396
-0.8771120666
-1.4640520176
-0.2810462194
-0.7649466810
2.2879422421
1.8451144488
0.5153862332
0.4000744314
0.1038124007
-0.1038615034
0.0763649228
0.0824607531
-1.0975092461
-1.0545626821
-0.3783097679
0.2512236969
0.9856676605
-3.5916542437
-0.1146404078
-1.7723674162
-0.9680677363
0.2500231973
0.5389204917
0.1287365770
0.1206629246
0.7287214485
-0.1779140912
-1.3414901786
-0.6149115709
-0.3207034576
0.3936627761
