13 6 0.07
8 0 1 0 2 1 0 1 1 1 2 2 1 2 2 3 2
8 0 0 0 1 0 2 1 0 1 1 1 2 2 1 3 1
8 0 1 1 0 1 1 1 2 1 3 1 4 2 2 2 3
8 0 0 0 1 1 0 1 1 1 2 1 3 2 1 2 2
8 0 0 0 1 1 1 1 2 2 1 3 1 4 0 4 1
10 0 1 1 0 1 1 1 3 1 4 2 1 2 2 2 3 2 4 3 2
2 7
6 1
5 4
5 7
2 3
2 8
0 0 0 0 0 0 0 0 0 0 0 0 0
0 0 0 0 0 0 0 0 0 0 0 0 0
0 0 0 1 1 0 0 0 1 2 0 0 0
0 0 0 0 1 1 0 1 2 2 0 1 1
0 0 0 0 1 0 0 0 1 2 1 1 1
0 0 0 0 1 1 0 1 1 1 1 0 0
0 1 1 2 2 1 1 2 2 1 1 0 0
0 1 1 1 0 0 1 1 1 1 0 0 0
0 0 1 0 0 0 0 0 0 0 0 0 0
0 0 1 0 0 0 0 0 0 0 0 0 0
0 0 0 0 0 0 0 0 0 0 0 0 0
0 0 0 0 0 0 0 0 0 0 0 0 0
0 0 0 0 0 0 0 0 0 0 0 0 0
-0.4847449652
-0.7635804389
-0.5594553106
-0.9326715615
-1.2156744436
-0.7945304049
0.9823125555
-0.3938958507
-0.9573855419
-1.0909457431
0.3229415487
-0.4239857743
0.0220060412
-0.5012376035
1.3271678677
0.5632603398
-1.4966567073
0.5113340870
0.6091017668
0.7003351589
0.1467022938
-1.3300750560
-1.1006003877
-0.0381879933
-1.0066992300
-1.1804428129
0.6602795405
0.2959551614
0.1807032883
0.2617736089
0.0417429843
-1.0604166982
0.0013935811
-0.5969029691
-0.1688664787
-0.5686610773
0.5739703686
-1.0629391684
-0.9717438778
1.3759652044
0.0581346185
-0.2297172855
-0.5313540485
0.2961871270
-1.7000763565
0.3167587504
-0.9121236627
0.9496782100
0.2880769884
0.3965092814
-0.3427448933
-2.4709063731
0.1852885560
-1.1636115310
-0.7333575881
0.7281239255
0.4206419043
-0.2586361440
0.3771804346
-0.6412320700
-0.2910996745
-0.5169410604
-0.4427324170
-0.7575150705
-0.3997528746
1.4221829587
-1.1151982313
0.3249856000
1.1513496918
-0.4491416453
0.8337209182
-0.8785683733
1.4803213753
0.1291844862
0.3468084993
0.2096543499
-1.5328090593
-0.2726787547
0.4064947687
0.7511702555
0.8319644955
0.7116642055
0.6016881440
-0.5396873448
-0.8862620997
-1.5632245032
-1.2397032844
-1.3917771467
0.3259091087
1.6742072391
-0.8298034367
1.1004240228
-0.4871251783
-0.7082260032
0.4562634022
-0.6279825845
0.0967465605
0.5693948480
1.3159577248
0.9284678291
-0.3452631872
-0.2287649973
0.7052577022
-0.8955373166
0.4666244048
0.6327672090
0.6697627637
0.4940452557
-1.4146669077
-0.2151321683
-0.0366846426
0.2073302986
1.0144910461
1.1554922457
-0.3033962886
-1.1276720707
0.2044439804
0.2137684141
0.1251805192
-1.9148361437
1.0916390561
0.3894754545
0.8254266695
0.4628956169
-0.9299391688
0.3843396510
-1.8551179861
-1.0840985402
-1.3055660983
-0.5319715130
1.6176407365
2.0444373228
-0.5356728414
-0.9578109195
-0.2250693373
-1.3051106579
-0.9093859348
0.3308918501
-1.8596785688
0.8311660317
1.4205068527
2.2078069589
0.0012474443
1.1566102435
0.0755336593
1.5963120317
0.0955732392
0.0983442387
-0.4705774013
0.9148494775
-0.7165182843
-0.6482299182
1.4643971064
-0.7485791510
-0.0881289094
-0.7323569064
1.4960032008
-1.5985009276
-1.0309983959
0.7728571183
0.3189149817
-0.9580364098
1.9688140427
0.3402664579
-0.6544108382
-1.2053140005
-0.5963591956
0.4846848361
1.9322741770
0.5867037982
0.7673588415
0.5746823261
2.3814888881
1.9127142191
0.2575458961
-0.4763093985
1.7897257949
-0.8693156001
-2.6303029095
-0.5312859364
-0.9408527085
-0.6342414331
0.0977157939
-0.7427511225
-0.2214909125
2.4117575661
-0.3115630008
-0.2914320824
-1.2406716454
0.7568828754
-1.4686637271
-0.7958661335
0.5238020234
0.7385740293
0.4411307734
-1.5408037276
-0.0985479237
0.2616253939
-0.6084295686
0.1250534753
-0.7600817584
-0.1953082806
-1.1459830804
0.6209044548
0.3816772991
-0.5184832674
-0.1122172886
-1.4018655286
-2.7190357512
-1.5585631100
0.5017564676
0.0863314400
-0.3174887798
-0.3499959739
0.2041967732
0.1567633613
1.0820463135
1.5403721419
0.1154865511
-0.6398826814
0.3451414488
0.0479888328
-0.2648252039
0.1720045697
-0.5017846040
-1.9861118116
-0.0094097085
-0.1218488808
-1.6793430862
0.3902186052
-1.9270967288
-0.7679852142
0.1289054168
-1.3734377338
1.1496923547
-0.9203684857
-0.2974944799
0.4497209302
-0.2242368000
0.4457623764
0.1038531882
-0.5961091345
-1.0628268397
-1.2006621070
-1.0993345421
0.5323014192
-1.1283077352
-0.1163259078
0.0421875144
-0.1800965307
-0.1751811665
-1.6703100520
0.0040777795
-1.6897966594
0.4032815828
-0.0064862479
-0.9966729965
0.1065852660
-2.4570558584
-1.2646255387
-0.1494068447
-0.3279203710
-1.0000106319
0.0730204111
-1.3423632921
-1.5246182724
-0.3281091406
-0.7008992806
-0.4437619404
0.0253269707
0.2499990391
1.9313695636
-1.4249534943
-0.9810226022
-0.5257468779
-0.3906092047
1.4682767759
-0.2239690736
-0.0799880042
-0.6140203487
-0.6922073830
1.6818290556
1.8687616522
0.2403266860
2.0083921560
0.4112417471
-0.2998169175
0.8761655860
0.9480024952
-0.2624613596
-0.5285412782
1.4265120682
0.4143150089
0.0962058985
0.5860635659
0.0950746429
1.3047024354
-0.7175946297
0.0744140556
-0.2421627695
-0.1291742740
-0.7996305516
2.4409382375
0.2992094833
-0.9959309195
1.4753380714
-0.5099016536
-1.7909777222
-0.2924798763
0.9512981296
-0.1373693168
1.6450940956
-0.4181060129
0.3976108735
-1.8884163528
1.4666202925
-0.1320400170
-0.9211540231
-0.6520126171
0.5355523430
-0.4094242928
-1.0441472405
-0.7440163030
1.7390216359
-1.0586100803
-0.7782979240
0.9002187312
0.9809934647
1.3494346651
-0.3417066193
-0.2381684308
-0.2528317773
0.3142602309
0.7837173621
0.1970211585
0.8419926795
1.3960243765
-1.5580360010
