16 10 0.14
12 0 0 0 1 0 2 1 0 1 1 1 2 2 0 2 2 3 2 4 1 4 2 4 3
11 0 2 1 0 1 1 1 2 2 1 2 2 2 3 3 2 3 3 3 4 4 3
12 0 5 0 6 1 2 1 3 1 4 1 5 2 0 2 1 2 2 2 3 2 5 3 2
13 0 3 1 2 1 3 2 2 2 3 2 4 2 5 3 0 3 1 3 2 4 1 5 1 5 2
13 0 0 1 0 1 1 2 0 2 1 2 2 2 3 3 1 3 2 4 1 4 2 5 1 5 2
11 0 1 1 1 1 2 1 3 2 1 2 2 2 3 3 0 3 1 4 1 4 2
11 0 1 1 0 1 1 2 0 2 1 2 2 3 1 3 2 3 3 4 0 4 1
12 0 0 0 1 1 0 1 1 2 0 2 1 3 0 3 1 3 2 3 3 4 2 4 3
13 0 1 0 2 1 0 1 1 2 0 2 1 2 2 2 3 3 0 3 1 3 2 4 0 4 1
11 0 0 0 1 1 0 1 1 1 2 1 3 2 0 2 1 2 2 2 3 3 3
1 4
3 4
0 7
10 6
8 8
2 2
11 7
1 8
8 1
11 0
0 0 0 0 0 0 0 0 0 0 0 0 1 1 0 0
0 0 0 0 1 1 1 0 1 2 1 1 1 0 0 0
0 0 0 1 1 1 1 1 2 2 1 0 1 0 0 0
0 0 0 1 2 1 2 0 1 2 0 0 0 0 0 0
0 0 0 1 2 2 2 0 1 1 1 1 0 0 0 0
0 0 1 1 0 2 2 2 0 0 1 1 0 0 0 0
0 0 0 1 1 0 1 1 1 0 0 0 0 0 0 0
0 0 0 0 0 0 0 1 0 0 0 0 0 0 0 0
0 0 1 1 0 0 0 0 1 0 0 0 0 0 0 0
0 1 1 0 0 0 0 0 1 1 0 0 0 0 0 0
0 1 1 1 1 0 0 0 1 2 1 1 0 0 0 0
1 2 1 1 0 0 0 0 2 2 1 0 0 0 0 0
1 2 2 1 0 0 0 1 2 2 2 1 0 0 0 0
1 1 1 1 0 0 1 2 2 2 1 0 0 0 0 0
0 0 0 1 0 0 0 1 1 1 1 0 0 0 0 0
0 0 0 0 0 0 0 2 2 0 0 0 0 0 0 0
-0.3718922378
0.3724305202
1.1369019561
-1.1757359527
0.8147586443
1.1257102531
1.4162486061
1.0889207802
0.4164636084
0.1129739833
0.7833332246
0.9328384157
-0.5459658915
-1.1161123306
-1.3732648612
1.7688392818
0.0359991554
1.3394617015
-0.2740045671
0.1712457124
-0.9894316136
1.7280776076
0.8931964970
-0.1302101273
1.5724917878
-0.2313025983
-0.7901877945
-2.2637454181
0.5589297996
-1.6039769669
0.3159161755
-2.3248560123
1.9571751884
1.1415682062
0.0589949143
-0.9815259016
-0.7312871149
-0.3731102607
0.1841797315
0.4903114247
0.7388161072
0.4517663678
-0.7486532009
0.2353308885
0.0947326902
0.1630623038
-0.9119244325
0.8771690632
0.7952983111
0.8231638090
-0.8049841188
0.1218910726
0.6343910286
-1.0249970272
0.3306834211
0.1815333857
-0.7403862023
-0.3411339166
-1.6052997529
0.2979661836
0.9401751780
-1.4391612028
-1.6619562421
0.5591938817
0.1715762385
1.1042281568
0.7490246458
-0.7988518560
-0.4146714204
0.2848473455
0.3393459636
0.4628009455
2.5276937769
0.0434185055
2.3546899755
-1.6155598682
0.6368396731
-0.1087784378
-2.0800946855
0.0933506627
0.0221363779
0.6478030356
-0.5429115729
1.3478403925
0.3811656983
0.1527680788
-0.1661410204
-1.2426621790
2.0306816196
1.0323420575
-0.0245379719
2.0386042073
0.1763327898
0.1485911514
-0.3730035116
0.0307369593
-1.4285506788
0.2771320561
-0.0941629026
0.1197858056
1.6258453664
0.3292594573
-1.1759261968
-0.1571803746
-1.6365065064
1.6226372387
1.5712146734
-0.9094723565
-1.3842124979
0.4860384134
-0.1586766891
-2.4016190722
0.0575124058
0.0785710329
-1.9034233409
-0.4790994848
-0.8031484011
0.4450925406
2.0526467059
1.7371753964
-0.9827674877
-0.7006636763
-0.1249420998
1.1644548003
-2.3050402456
0.8470090091
1.5724946981
0.9093996214
2.3639433183
-0.3532131090
0.1954910019
-0.8182593630
-0.0950593233
0.1802688012
-0.0720462515
0.6872739654
-0.2082811988
1.2038876688
0.6869933848
-1.6162740374
0.3097884535
-3.3205149590
-0.5916792754
-0.6767956639
-0.3651039476
1.0586713378
-1.1941362740
0.6760534472
0.2512188552
0.4876066155
-0.5321332734
0.3116383711
-0.9021127517
-0.7061867653
0.3267540123
1.1531303420
0.5532142523
-1.5101410842
0.4272307435
-0.5604655116
0.6397021710
0.9587487268
-0.9338715059
0.4936238583
-0.8286763627
0.1310168697
-0.2320426273
0.6193676801
1.5304316525
0.2255194264
1.7759713507
-0.2267036354
1.4614435659
-0.4735260206
-0.2703445586
0.4126198475
-0.0686659101
-0.7357013936
-1.3601737090
-1.3497045631
-0.8779375736
0.2123151939
-0.7376160396
-1.6221588593
-0.2862121833
1.4591087950
-0.3372686736
-1.2131794418
0.4130153529
2.0878676907
-0.5030869973
-1.2876127209
-0.5030557698
0.0096374234
-0.6833696067
0.6371846588
-0.2964818668
1.4706660832
0.7874916265
-0.3056339195
-0.3817852546
0.9685200721
0.2673916200
0.3566735269
-0.6710059797
-2.6742716502
-0.7491328622
0.8054121213
0.3380847257
-0.4996014776
-0.4183012151
-1.0552974344
-1.5013968291
0.1045779360
0.9576910891
-0.9800351371
-1.5398930675
1.0961269431
1.6849229439
0.7904715330
-0.1947661859
-0.6808159856
-0.1678872085
0.9698699200
0.4897291601
-0.8601797474
0.7350942535
-0.4660479579
0.2841138171
-0.7286832121
0.3451403647
1.1577991148
0.5426106810
-1.2322061872
1.4122505755
-0.4748383613
-1.2251727437
1.4898896426
1.3042466570
0.3210788671
1.2156212421
0.5217324031
1.8898593830
0.0217894516
-0.8948596070
0.6785253179
0.2085878435
-0.4882583013
-1.5348569337
0.3913570674
2.0622377289
-1.3143844432
1.8560240230
0.0465267658
0.6271364313
-0.3385240982
1.0687549848
0.9585828023
-0.4242741389
-0.0312178841
1.4111007052
2.9420858475
0.3236080327
0.9320499506
-0.3070366774
1.0969147705
-2.4415678564
2.9247795202
-0.7621080784
0.6369219782
-1.1370664539
-0.0552603928
-0.6964320502
0.7197186247
0.6883776859
0.9680616085
-0.7406847440
0.9011709648
0.6904822294
-1.3281607308
-1.1589186885
0.7914744236
0.4148139105
1.3757354422
-0.1813638419
-1.1929258666
0.1556160390
-1.8637590567
0.7807955682
-0.1938505444
2.0756301526
-2.2401949982
-0.0386810085
0.2143522668
-0.7917208896
0.6178943459
0.2123621685
-0.1654603827
0.2300050317
1.3947610586
0.2763147977
0.6087411142
-0.5181097061
0.1266837422
-0.3155386982
0.6427562703
-1.1130779079
-1.5730753926
1.0841088526
-0.1248695703
0.7621836212
-0.8084803494
-0.0976216259
-1.5045387350
-1.2042488368
1.1100873814
-0.5452673571
-0.2712987587
0.1811367000
-0.9029734378
-0.3015043208
-1.0403477882
0.2515298684
-0.2439533452
-0.5128243104
-0.0288010844
1.1997320365
0.0750103378
0.1102046093
-0.1181558423
-0.7604850800
0.2945012279
-0.3693410041
-0.5171123919
-0.5867248140
0.2049170579
-0.4997621785
0.2860109594
0.3519024148
0.5431457726
-0.3552164865
0.5689744986
-1.0926592635
0.5305064476
-0.0439251858
0.9211501115
-1.0088387209
1.6363933296
-1.1854415232
-0.9539095545
-1.4450946046
1.2651831693
-0.3204664999
2.0584829876
0.3730402750
-0.3805876086
-0.2793391219
0.1025856933
0.1472811858
-0.0234891962
-1.7527193297
-0.4895156772
-0.9673385416
-1.4955870849
-0.1799524056
0.6485684729
-0.3864301324
1.3982576518
-1.1155478805
0.3379494716
-0.5601786273
-1.4066770470
-0.5908819395
0.6771796532
0.2160559665
-1.3974576451
1.1175896531
-0.9801967519
-0.0228893830
0.4197243975
0.0559534669
1.5769641583
1.0865267320
-1.8327884688
-0.1604560144
-0.0996724677
1.6445847252
0.5121397116
0.7129042116
-1.9178032951
1.3471552400
-0.2928843009
-1.1096501449
-0.1560401187
-1.0597698007
-0.4183994081
-1.3214899010
0.4474490614
1.0561336587
0.4607337578
-0.0331117126
0.2547505127
-0.6615263827
-0.8798691636
2.1286067309
-0.9502251104
-0.2121365722
2.2781474598
-0.4300124520
1.3978508889
-0.5949296650
0.0829124787
0.5966168264
0.9463794660
-0.4102539130
-0.3055719500
0.2012559116
1.4473017191
1.1407185282
0.4839398627
-0.6313486794
0.6643672962
-1.5424221573
-1.0645056438
0.2695987201
-1.2688197876
1.7680134988
-1.0535167020
-0.5935250863
0.8670162660
0.4195555616
0.4539031392
-0.1249194310
0.7350820903
-1.2071493055
-0.2530881221
-0.8456954301
0.0016807693
0.1850520471
-1.0521468633
-1.0783749232
-1.1521276148
-0.1937922012
0.3310877230
-1.0909622374
0.0438365542
0.9012975726
-0.8861138938
-0.6136553758
-1.9685845050
-0.5872628585
0.4899699456
-0.4889572583
1.9497088838
-0.8198910759
-0.7215403021
0.7930519073
-0.7335177019
-0.2449123819
-0.3627124381
0.4531978072
-0.5092095982
0.9074512307
-2.0337824604
2.4685951412
-0.5222991377
-0.7173322889
-1.3550737048
-0.1710523179
-3.0410765662
1.1480437850
0.0388107878
0.3268920679
-0.6477056030
0.8276614861
0.9498218098
0.9944367856
-0.0555933707
-0.0312079299
-1.3427542695
1.7744416141
0.5124086666
0.9942947027
-0.9282109445
0.6345165298
1.1510300421
0.2228038210
0.2514397660
-1.6086650324
1.2210209827
0.0015734179
-0.8383121767
-0.3067350189
0.4535764987
-1.1366278873
1.4790959529
0.3022290345
0.6260382695
0.7343796486
2.0909378062
0.1083336279
-2.8151708768
-1.3613225204
-2.1694943883
-0.3972813200
-1.0796587064
-1.3521770328
-1.2834967717
1.0701035366
-0.8057618284
1.0033479828
-1.1324806060
