15 8 0.05
12 0 3 0 4 1 0 1 1 1 2 1 3 1 4 1 5 2 2 2 3 2 4 3 4
12 0 2 1 0 1 1 1 2 2 0 2 1 2 2 2 3 2 4 2 5 3 1 4 1
12 0 1 0 2 1 2 2 0 2 1 2 2 3 1 3 2 3 3 3 4 4 1 4 2
12 0 2 1 0 1 1 1 2 1 3 1 4 2 0 2 1 2 2 2 3 2 4 3 4
12 0 0 0 2 1 0 1 2 2 0 2 1 2 2 2 3 3 1 3 2 4 1 4 2
12 0 3 1 3 2 3 2 4 2 5 3 0 3 1 3 2 3 3 3 4 3 5 4 2
12 0 3 1 1 1 2 1 3 1 4 1 5 2 0 2 1 2 2 2 5 3 2 3 5
12 0 2 1 2 1 3 1 4 2 1 2 2 2 4 3 0 3 1 3 2 4 1 4 2
10 6
10 2
10 5
6 1
10 9
1 8
3 9
6 7
0 0 0 0 0 0 0 0 0 0 0 0 0 0 0
0 0 0 0 0 0 0 0 0 0 0 1 0 0 0
0 0 0 0 0 0 0 0 0 0 0 1 0 0 0
0 0 0 0 0 0 0 0 0 0 0 1 2 1 0
0 0 0 0 0 0 0 0 1 1 2 2 2 2 1
0 0 0 0 0 0 0 0 0 1 2 1 0 0 1
0 0 0 1 0 0 0 0 0 1 0 1 0 0 1
0 1 1 1 1 1 0 0 0 1 1 1 0 0 0
0 1 1 1 1 1 0 0 1 1 0 1 0 0 0
0 0 0 0 0 1 0 1 1 1 0 0 0 0 0
0 0 0 0 1 0 1 1 1 3 1 1 0 0 0
0 0 1 1 1 0 1 2 1 2 1 2 0 0 0
0 0 1 1 1 2 2 2 1 2 2 1 1 0 0
0 0 0 1 0 0 1 1 1 1 2 1 0 0 0
0 0 0 1 0 0 1 1 0 0 1 1 0 0 0
0.9651008825
0.9395755810
1.4708006550
-1.1633901624
-0.1466879388
0.9889427637
-0.7696422590
-1.2074617623
1.9460277016
0.1908804450
-0.1641481796
0.5925555502
0.3111002494
-0.5959239018
0.5341214499
0.7681529741
1.5865285782
-0.4386845395
-0.6575824226
0.0628022588
-0.5362568805
0.7130367264
0.1671846632
-0.8670704018
-0.4346858283
0.4781442416
-0.8521444415
-0.1880468806
1.5091132985
-0.8741188079
-0.0956623173
-1.3022562090
-0.3444821326
-0.2763926578
-0.8799985363
-0.0525379729
-0.5834537113
0.6612762947
0.5123827690
0.0586252484
-0.1155251420
-1.4003329338
0.3758701799
-1.1704375313
0.0072693041
-0.6067739960
1.2488253674
0.2487953759
0.0211512917
-0.6018928839
-1.8823896453
1.1860272872
-1.1872878682
-1.3177784977
-0.1556132134
-0.2373187985
1.4302066471
-0.2320387358
0.0563280233
-1.5271023559
0.6413247395
0.1255431686
-0.2922583464
0.7948422906
0.2682106662
0.0061589301
0.9448266166
0.5316901473
1.5478430913
0.6624823006
0.0677570107
0.2725365086
-2.3061552467
1.4310724887
-1.5316120544
-0.0331676103
0.0545899181
0.5332762279
-1.0193113590
0.0780105350
0.2425865816
-0.2316839742
-0.0378393604
-2.0150717115
-0.3250872898
0.0293830314
-0.5191232882
-0.5274795634
-0.7906521795
-1.2494715919
0.5877705680
1.1613287454
1.4938131443
0.8795951080
0.3620401935
1.1561973327
-0.4583652407
-2.1101033030
0.3635645019
1.5994554170
-0.5547683603
-0.4093893139
0.0702734293
-0.3004523175
-0.9580638977
0.5516932207
-0.1716126284
0.1375634686
-0.7358362446
0.7003299767
0.1158054251
0.2148453535
-0.9927012142
-0.7425387953
-0.9366287280
1.1159276865
-0.8771360684
1.6622580835
-0.4688057023
1.7506708277
0.0916611002
-0.3450425693
-1.0134613350
3.0047171478
-2.2481368151
0.4837310114
0.5577621403
-0.4739691634
1.2144377582
-0.0596313191
-0.0864476410
-1.0046537398
-0.4110645603
-0.4344961232
-0.4325368828
-1.3193816766
-1.0940151722
0.7782734066
-1.0338280663
0.8247793132
0.8504239134
0.2282835076
0.9924258582
-0.3082524105
-2.2237589460
0.3003459465
-0.4041647590
-2.1612472721
0.2895696918
-0.0147294156
0.3875026484
0.9778277411
-1.4066071443
0.4934407393
-0.0179618323
0.1699239349
-1.4850906297
-0.1619463347
1.1038180092
0.3740846863
-0.9034532433
-0.2138265218
-1.1626056224
-1.0137502063
-0.5385254581
0.3655437315
0.2961563704
1.0502930707
0.7407322269
0.4110051177
0.2923017912
0.1996974992
-1.5332315938
1.2264978088
-0.0166209763
0.0382352714
-0.5329419315
2.4584746844
-0.7220439861
0.1446734479
0.8311467571
1.0049271907
1.1352043618
-0.5130254540
-1.0819526874
-1.5992588649
0.5959089399
-0.6798824273
0.2630833725
-1.6803586849
0.3330451316
-0.7846216031
0.3330786024
0.9094698290
-1.3566778341
1.3049268526
0.0372836552
0.0339834783
-0.9051227448
-0.8936165993
0.1780868846
0.2826372246
1.6419345860
0.1971903241
-1.1830678821
0.8559051339
-1.3501273206
-0.0445860528
-0.6546521601
0.2403172331
0.4270945394
0.1518013406
0.2815957654
0.7656688290
-0.4252353850
-0.7830706082
0.4429677220
-1.3692887381
1.6180227411
0.3497667695
1.6946452334
-0.4557461152
0.5117320496
-0.1134635472
-1.3086022883
-0.3755716878
1.2334652613
-1.3996874448
-1.0947045348
0.6726561087
0.4295523422
1.7113813952
0.7302953110
-0.2865290395
1.0431447341
1.7118666348
-1.4992569262
-0.1533357652
-0.2652855900
-0.2513640306
-0.6042447965
-0.1444321020
-1.6663622667
-0.0432255862
0.5476661483
2.0029783714
-0.5807807240
-1.0791893860
-1.8729048821
0.3159795422
-1.4930932770
-0.6431249874
0.2249337471
-0.4200095205
-0.0335414016
-1.0502450650
0.2535230157
0.3790180275
0.0837094276
1.3157041372
-0.8572609207
-0.0665655149
0.4308879232
-0.2126796773
0.4734718389
0.5318427074
-1.2395961907
-2.2716225973
0.8908098546
-0.0894409969
-0.9275156518
-0.1750865161
-0.2285462214
0.3367495716
-1.1985921319
0.7344984078
0.5206404049
-0.7875288581
0.5195354901
-2.0315786041
-0.1766724620
-1.2284497531
-0.2318824065
-1.9502620926
0.1322675022
0.6091402388
-0.9126451361
-0.5158143859
-0.6939217423
-1.3226621817
0.7026283143
-0.2474781689
0.5076919765
-0.7960289717
-0.7588268436
0.9245843939
-2.6202041535
0.9996590533
-1.0846856796
0.4810932027
1.3024127526
-0.9843529051
-1.1929534387
0.7488334437
0.4210160432
-1.3090109867
-0.0647010879
-1.4219527446
-0.6487325880
-0.1751547548
-0.3301811638
-0.8263546823
-0.5714530113
0.8743514906
1.0817365352
-0.4012694023
1.3896924205
-0.8074464569
-0.1310823456
0.1793952071
-1.8660465222
1.4048575502
0.6401096661
0.1970378361
0.7962540121
2.8586914688
1.0635462403
-0.4407833259
1.7119544668
-0.3014799152
-1.3641757881
1.0596180648
-0.1967561811
0.8596666457
1.1826055255
-0.4918539295
1.0616041950
0.8017087487
1.1984981244
1.9449203552
0.0166317029
0.2459566449
0.7217558775
0.0843948849
-0.5957549764
-1.0876386613
0.9468484965
-0.3541093239
1.1682477117
0.4723067001
-0.1014656184
0.8498813147
-0.3556306644
-0.2796950189
0.1212178387
-1.2034970227
0.9319923612
0.4929744766
1.3556366984
-0.0421328831
-0.3355197845
1.2334397570
-0.4742037605
-0.7897354276
-0.0239130118
-0.1753815888
1.2190339003
0.3398357319
0.4770390747
1.4730034388
-1.1810062492
2.2610700920
0.6391108684
-0.2492938998
0.4270258760
-1.1909495083
0.5114621720
0.5716196270
-0.2610055996
0.9329310985
-0.5053831805
-0.7742202806
0.6903820754
-0.4218569830
0.7932434878
0.6061611249
-0.5332776295
-0.3857690352
-0.0504769501
-1.6138848885
-1.2303158454
-0.7207243422
0.1664624216
0.1114707109
-0.9056933228
-1.2229410541
1.1898456862
-0.3370251319
-0.9868510129
-0.2493491912
-1.9944073891
1.3281048756
0.4868439030
2.0631448345
-0.8355962249
0.4329090061
-1.5904269548
-0.3290826067
-1.0298840034
1.2054903800
0.5667890118
1.1686621549
1.5337982687
0.3261791106
0.3724992654
1.5966936302
0.6049640120
0.2560293709
-0.2215570822
1.6094031288
0.7172493437
-1.4365121719
-1.2918526039
0.6991963520
0.9676449781
1.4752454811
-1.8547886936
0.2745708546
-0.8974517099
-0.6086038068
0.8235932904
2.2203782110
0.4734934304
1.1807162626
-0.2113550517
-0.0501085149
-0.7101660637
0.4592898520
-1.8547231896
0.3568481194
0.1496055083
1.5918702176
1.1316269700
1.6144059453
2.6853763573
0.1936079013
0.6709743666
0.0886928624
0.2779694003
-0.8683519030
