14 4 0.18
16 0 0 0 1 1 1 1 2 1 3 1 4 2 2 2 3 3 2 3 3 3 4 4 1 4 2 4 4 5 1 5 2
13 0 3 0 6 1 0 1 1 1 2 1 3 1 4 1 5 1 6 2 4 2 5 2 6 3 4
11 0 2 1 2 1 4 1 5 2 0 2 1 2 2 2 3 2 4 3 2 3 3
10 0 1 1 1 1 4 2 0 2 1 2 2 2 3 2 4 3 1 3 4
6 2
8 5
6 6
5 1
0 0 0 0 0 0 0 0 0 0 0 0 0 0
0 0 0 0 0 0 0 0 0 0 0 0 0 0
0 0 0 0 0 0 0 0 0 0 0 0 0 0
0 0 0 0 0 0 0 0 0 0 0 0 0 0
0 0 0 0 0 0 0 0 0 0 0 0 0 0
0 0 1 0 0 0 0 0 0 0 0 0 0 0
0 0 2 1 0 1 0 0 1 0 0 0 0 0
0 1 1 2 2 2 1 0 1 0 1 1 0 0
0 0 1 0 1 2 1 1 2 1 1 1 0 0
0 0 0 0 1 2 2 1 2 2 1 1 0 0
0 0 0 1 1 0 1 0 0 1 1 1 0 0
0 0 0 1 1 0 0 0 0 1 0 0 0 0
0 0 0 0 0 0 0 0 0 0 0 0 0 0
0 0 0 0 0 0 0 0 0 0 0 0 0 0
-0.2986366804
-0.8806595801
1.0942908253
-0.2258247397
0.0659388509
-1.3145739005
0.0916949449
1.0643905773
-1.6222329696
1.3811910487
0.9284389904
0.2367300465
1.3570198110
-0.8399432582
2.0054788630
0.6426735909
-0.0409399433
0.4000926926
0.4070027843
0.0891971328
-0.9069027420
-0.6386203186
0.7530782172
-0.5808113195
-0.6491411196
1.2666898249
0.7965369001
-1.9158265845
-0.9736922624
-0.4269662784
1.8297350556
-1.9570412224
-1.0765994514
0.7516209496
0.3137665220
0.2948869953
0.6686149334
-0.9974784040
0.9262171080
0.1906167430
0.6574797098
-0.3223019616
-0.0701920278
0.7196212953
-0.9024792890
2.6050145644
-0.6573433231
0.8864525365
0.4263184742
-0.6839815030
-0.0907529689
0.9828844547
-1.6791960094
-1.2808178006
0.2462028822
-1.7430994281
-1.7455253971
1.2452577161
-1.0649335142
0.8504446537
-0.2316576024
0.4262815307
-0.4906098149
-0.6399885969
2.3708997525
0.6586165700
-1.2083025498
-0.7424823537
1.6740135715
-1.1864918321
-0.9858870776
-1.8016945175
-1.1743073374
0.1020848414
-0.9770144901
-0.4965905314
-0.6116449090
0.6140704741
0.1602803719
1.1354489130
-2.2633859903
1.1261139315
1.1101801837
-0.1270525994
0.0003929174
-0.4620408302
0.7449500281
-0.0275189601
0.4973408294
0.8510942223
-0.8409468015
-1.0288189498
1.6762689297
-0.2274034635
-0.1540096497
-1.4946429568
0.3066604896
-1.2390587975
0.5554007235
0.8247433921
0.1942700255
-0.2434876007
0.9423783839
-1.8703064544
1.6718076520
-0.5680581922
0.4916560066
1.3772344039
-0.6069053026
0.5394605483
-0.4979215721
-0.6476686347
-0.4511380913
0.5890024258
-0.4269785641
0.5266275135
-0.1682078829
-1.4112924893
0.0492702027
-0.5880956718
-0.8027505817
-0.2959054945
0.7940359166
-0.0310228704
-1.4869099391
0.1672145549
-1.1100427032
0.4220290662
0.2506058609
-0.7468985722
-0.8858622317
-0.7694682984
-0.5276223686
1.3844149257
1.3188881844
1.6361246444
0.3051043357
0.0474993098
-0.1575310360
1.8561412090
0.4765684286
0.2762275335
-0.1798388993
-0.4122732179
1.2745565431
0.0490277196
-1.0345961799
-0.1766599220
-0.9039378016
-0.0517616831
0.7275157585
-2.0786603665
1.3835587923
-0.7281110657
-0.0958461409
-0.1434300420
-1.8205882870
-0.3500076505
2.0938742740
-1.0132823099
-0.4359455588
-1.5402448861
0.1496279339
0.8931372028
-0.9918518734
1.2765458706
-1.2179921584
0.0996815883
-0.1052579147
0.2191924309
-0.1385619890
1.1437258388
-0.4816167701
1.4292702751
0.6371114912
0.0537345407
1.6701406434
1.4397975051
1.0834177823
-1.3079400986
0.0031587868
-1.0338674069
-0.4688818390
-0.6307561865
0.0197110028
-0.7485201651
-1.5051208385
0.9367349623
-0.6282556683
0.6032706891
0.5965934126
0.7098120921
-0.1512559912
1.2013507155
-0.4954632373
2.3349241064
-0.1333421275
-0.3276712490
-0.3189578155
1.4091201943
-0.1806265209
0.3243420127
0.1383663718
0.7439489573
-0.0378851533
0.6430216012
0.0452024972
-0.2701840217
-0.4329706032
-1.3152524537
-0.5196054471
-0.3747938989
0.1806435527
0.0851651948
-0.6643213411
-0.4774265716
0.6367435163
-0.5541012728
0.1391331031
0.8237417918
-0.0199066764
1.7407207530
-0.3399337503
-0.6052888526
-0.6888752140
-0.6357586673
0.6098268111
0.2285564027
0.2398917291
0.2489442475
-0.1261721563
1.1530407550
0.6030215598
-1.4052209680
-1.0782261775
-0.8163319299
0.3959977463
1.1097382577
0.1312545438
0.5497490276
0.3226126460
-0.2246540093
-0.7776644544
1.1054710280
1.0749869017
-0.2769840274
1.0058312461
-0.8130849954
0.0264965837
-0.5192754769
-0.3981204066
0.6933035376
0.5165439498
-1.6344650799
-0.9228752541
1.2952598570
-1.5027366723
-0.3484628370
0.3776183463
1.8106006002
0.0270072205
0.5807029370
-0.0264402042
1.5724885711
0.1683704155
-0.7691076465
0.2906686504
-0.8237936447
-0.4182451154
-0.8980476571
0.1008577209
-1.9029258613
2.5305866629
0.0371316289
0.4504676511
-0.1843175593
-0.3610332931
-1.3168606677
-0.5371924643
-0.2045511399
0.7434567190
1.1326178761
0.0945414985
0.1363670353
-1.2949785622
1.2393505064
-1.7570559475
1.5271484161
-0.5518381647
-2.2506221450
0.9672710126
-1.2858467099
-1.1038383746
-0.7454006556
-0.2198017122
1.1180827262
0.5566858401
-1.1631536237
-1.3267034695
-0.3787129528
-1.1636463958
1.0981713360
2.1638792050
0.8175124721
0.2669468005
0.6003340895
-2.4678788226
0.8513696828
-0.7415195642
-1.5069319329
-1.6815021660
-0.0877998716
0.8561328093
-0.4857678631
0.0977743340
0.1091352628
0.8566033186
1.6132380287
0.1263357356
-0.0696448812
0.1824369125
-0.4118624371
-0.0693446712
1.5384728955
-0.2710551908
0.6828200414
2.1174297974
-1.4224234370
1.6357319591
-0.6819918153
-0.8614641055
-1.7255672289
-0.6071714297
-0.5286400177
-1.4158591361
0.4241879467
1.4029983902
0.5097091983
-0.7207870877
-0.6087578570
-0.5379129643
0.1947790010
-0.2901621114
-0.0195537928
1.4476707640
-1.3247146357
2.9465463143
-0.1011479445
0.1803859675
-0.3755482220
-1.3427590220
-1.1296794538
-0.2552584516
-1.0266973123
-0.0724167497
-0.1562507417
0.7924890090
-1.3500123276
1.1134137812
-1.4725497073
-0.1941188119
2.4336073718
1.0522401347
2.0314630582
-1.1229363712
-0.6348078243
0.0684722320
-0.1584607090
-1.1084972261
-1.2846786877
0.4019765022
-1.4010974304
-0.9719915586
0.3604855250
-1.7523756072
-0.4367673540
-0.2369510722
-0.8543725972
-1.4649148195
2.1834868131
-0.3552384198
0.0363954526
-0.7599751685
-0.4877604005
-0.0512975301
1.6752887426
-0.0035338813
0.5728271110
-1.2835277363
-1.0847779672
-1.8685982716
0.7877127388
