16 11 0.20
6 0 0 0 1 0 2 0 3 1 0 1 1
5 0 0 0 1 1 0 1 1 2 1
6 0 0 0 1 1 1 1 2 1 3 2 2
4 0 0 1 0 1 1 2 1
6 0 2 0 3 1 0 1 1 1 2 1 3
4 0 0 1 0 1 1 1 2
4 0 1 1 0 1 1 2 1
5 0 0 1 0 2 0 2 1 3 1
6 0 0 0 1 0 2 1 0 1 1 2 0
5 0 0 0 1 1 1 2 1 2 2
6 0 1 1 1 1 2 2 1 3 0 3 1
13 3
4 11
7 6
1 8
2 6
5 8
0 11
5 11
6 0
13 0
8 12
0 0 0 0 0 0 0 0 0 0 0 0 1 0 0 0
0 0 0 0 0 0 0 0 1 0 0 1 1 0 0 0
0 0 0 0 0 0 0 0 2 2 0 0 1 0 0 0
0 0 0 0 0 0 1 1 1 2 0 0 0 0 0 0
0 0 0 0 0 0 0 0 0 0 0 1 1 0 0 0
0 0 0 0 0 0 0 0 1 0 0 2 1 0 0 0
1 1 1 0 0 0 0 0 1 1 1 1 1 0 0 0
1 1 0 0 0 0 1 1 0 0 0 1 1 0 0 0
1 0 0 0 0 0 0 1 1 1 0 0 1 1 0 0
0 0 0 0 0 0 0 0 1 0 0 0 0 1 1 0
0 0 0 0 0 0 0 0 0 0 0 0 0 1 0 0
0 0 0 0 0 0 0 0 0 0 0 0 1 1 0 0
0 0 0 0 0 0 0 0 0 0 0 0 0 0 0 0
1 1 0 1 1 1 1 0 0 0 0 0 0 0 0 0
0 1 0 1 1 0 0 0 0 0 0 0 0 0 0 0
0 1 1 0 0 0 0 0 0 0 0 0 0 0 0 0
0.6855094268
-1.2962362652
-1.6414904305
0.7019727316
-0.2826794586
0.8682013620
0.8477621328
-0.6949486978
0.1096261104
0.8612694667
0.2913311760
1.3071336557
-2.1544891719
-1.2214507403
-1.2209651475
0.2076887111
0.5182389056
-0.6613291944
0.3062016735
-0.0334717603
-0.6202103318
-0.4333497912
-0.3463233700
0.4316637181
-0.4479197451
-0.2154213628
-0.7844320905
1.8220987892
0.4526226059
0.6215705256
1.3238261398
1.9676595136
-0.1590126268
-0.1775945515
0.4781122618
0.4791970221
2.4722484329
0.1634772637
0.9024077210
-2.9076749201
-0.1285267534
1.5555087597
-1.0327466851
-1.8466825149
-0.7970640288
-2.1733779255
1.5350152051
-1.6159451092
-0.3759090810
0.5820696465
0.3856270571
-0.5582096187
-0.4981400681
-1.2771752145
-1.1665818787
0.1423837217
-0.4003442763
1.2352864464
-1.6640710672
1.1269794634
0.2554286129
0.0305898377
-1.6233887191
-0.5484736091
1.0116448634
-1.0435889157
-0.4601641835
-0.6047251787
-0.5203398872
0.6924402647
0.8835312093
1.8682842661
-1.3452818881
1.0757141436
-0.6231139641
1.1747564976
-0.2220460738
0.1397230164
0.0160757144
-0.0117788399
0.4737663489
-0.5962376957
-0.3061877833
1.4055724567
-1.8103021289
0.2918220889
-0.2509708716
-0.6877746010
-0.6427050096
-0.4301665509
0.2076578368
-2.2560910008
1.3038659700
0.2829654823
1.2742863436
-0.1960018947
-0.6589886034
-1.6050086818
-0.5175370736
-0.2854890761
-1.5103061562
-1.4497819968
-1.3259916411
-0.7926942736
0.2126919943
1.0069432683
-0.1436223851
-1.1520912585
0.7898417354
-0.1541067329
0.0341838803
1.2091430538
0.3933751806
0.9360102332
2.2440068990
-0.3107239418
0.4040645928
0.1855276683
1.5077626912
0.5339069597
0.2035590855
-1.4954668189
1.9508322181
1.8734673511
0.4412406802
1.1200723084
2.0435686377
1.3818466387
-1.1153972187
0.7374553989
-1.0591137307
-0.5000778675
0.2190219062
-0.6501919868
0.6741676951
0.4620808408
-0.7160634434
-0.9312526702
1.0424410741
0.2577946062
0.5659627859
-0.1367662366
0.9442106489
0.7365254752
0.1851106550
-0.3087190924
0.4719362509
-0.8840859452
-0.5881720036
-2.0489943059
-1.1782471752
-0.0323939611
-1.8461860679
1.2679759150
-0.6178164729
1.7484416219
-0.1603168218
0.8179975828
-0.8117585042
0.0216199883
-1.3664863648
-1.5559072497
0.6791541235
-0.7302546173
-0.4330943269
-0.0542131111
0.2348068615
1.0799615104
-0.2933158745
1.1266533726
0.8330109876
-1.3734059302
-1.7633278922
0.0646384391
-0.2326339455
-0.0660474501
-0.0296142665
-0.4842202716
-0.0343296933
-0.4785570333
-2.9619823869
0.8352451748
-0.3071764158
2.2403911879
0.4686480972
0.4833563925
0.6304155368
0.6826063941
0.1033219543
1.2764252939
-1.4380032223
-0.0111903665
-1.3300746875
0.4899696603
-3.1371165476
0.3110441828
-0.3049922387
-0.1236056782
1.0187688564
0.4685526160
-1.7753893645
0.4978315485
1.7556990869
-0.7743107211
1.5446399539
1.3058003303
-0.2645109833
1.3326498519
0.8370976273
-0.6947568664
-0.0900058457
-2.6306695887
0.3498060570
0.4553002890
-1.0132230506
-1.2723776920
1.2497981126
0.9277578659
-1.2764054652
-0.4190297545
0.5194542410
-1.0885788712
-1.8650993309
0.0931634702
1.2403758936
0.1413546277
1.7651032410
-0.2765955766
-2.0576789359
-0.4131542681
0.4741869604
1.0593098346
1.3907933838
1.9512670964
-0.5338712577
-1.4164551434
1.0925647157
0.9645025565
-0.2980818660
0.3693870352
-0.4720239489
-0.9583197818
-0.5969047521
-1.2962934300
-0.3240459606
-1.5525342045
-1.1790834826
-0.2633344183
-2.5282698950
0.5768322866
0.7051313717
-0.4643165613
-1.5680641319
0.2386670691
0.2639930948
-0.1226565183
0.2683041742
-0.1870368476
-1.1214196476
-1.0670011186
1.1281911230
-0.2644996452
0.1051304292
-1.3557999343
-0.0136539625
-0.3131410559
0.2404270573
0.1532796717
1.0932959840
0.1887636877
2.6396926799
-0.9240032956
-0.7250509184
1.7862611623
1.4501319458
0.5275700843
-1.6156262034
1.1920027633
-0.3366310551
-0.0289816898
1.0100627268
1.4458540003
0.6746396176
-1.5103751504
-0.4189437642
0.7070851009
-0.3275289028
-0.2170210841
0.0576532309
0.4199418293
0.6869035342
-1.2584120786
1.2620691528
0.3247116983
-0.4151769776
-0.4278591000
-0.4910068465
-0.4801773003
-0.1115445830
-0.8128275664
-0.0154913364
0.4526311376
2.2884436886
-0.0618316101
-1.2310648859
-0.8061684204
-0.1647280083
-1.2552414565
-0.4122176530
-0.3007335754
2.1020710134
-0.6834952548
-0.9543471611
0.4035558753
1.0056568495
1.4099257890
1.9315261602
-2.0850571475
0.5704170132
-2.1935001533
0.2861168320
-0.0526145964
-1.9541031341
-0.6720584186
-1.7005665987
1.3328857588
0.6645493529
0.7224791425
0.0893286204
0.1184331894
0.1440463160
-0.0562296653
-0.4876777658
-0.4335143038
0.8832073895
0.5542877178
1.1435261905
1.2540550456
1.8874812434
-0.6095168622
-0.2585145525
-0.5911451414
0.8237943338
-0.3949304144
-0.1407856295
-1.3665470913
-0.7267872561
0.0577269724
1.2053574702
-0.0279876864
-0.3869630085
-0.7755520694
0.3522512877
2.0353085289
-0.3438653954
1.4486524987
0.4408385196
0.6029207819
-0.9861275563
-0.1693405480
1.1161549688
0.2860335727
0.4263915954
-0.2199523952
2.2538060019
0.3835211843
2.1466246302
-1.5404640898
0.3666135234
1.0646294751
-1.6011442077
-0.4184355675
-0.5246530842
1.9334993770
-0.3406218569
-1.1001978304
0.1506772703
-0.4263522121
0.5056373772
-4.1852528990
-0.3827697028
0.4403293291
1.1900756232
-1.6950835610
0.9810493329
-0.0839697468
0.3752492117
-1.2270143238
0.4286511694
-1.9689499647
-0.9970228765
1.8565593153
0.3171557690
0.0054693599
-1.4914402966
-0.7110349336
-1.6469014841
0.3807231959
-0.6030957169
-0.5969516115
0.3170133707
1.4711830003
-0.7378616148
-1.3432500618
-0.2234507014
0.3592564370
-1.1610920321
-0.3991091057
0.0857348436
0.0155717498
-1.0264589715
0.1890085477
1.1689107726
0.2050917887
-0.5181524625
-0.5588627295
-1.7636798954
-1.1271790474
1.6959867232
-0.2169261540
-0.5897192495
0.8668403040
1.4651404242
-0.3012141096
0.9311867373
-1.1437971750
0.2399121560
0.2251312331
0.4860307477
1.6544125413
-0.9621686015
-0.2195793265
-3.0840815662
1.5111556782
0.3985198319
0.0827828054
-0.5660341266
0.2132683498
-0.5212567917
0.4845977342
-0.5803361752
0.6886707097
0.1502891201
1.8283756120
-0.8084055172
-0.2935590780
0.0839869962
-0.8739637594
0.6740829179
-0.8378441999
-0.1418485430
0.0417051870
0.0864649525
0.3844020027
-0.4445514049
1.3083856659
2.2218992277
-0.1805476167
0.8672048817
0.0353822286
0.9839372747
-2.4554860418
1.1183141262
-0.5815320918
-0.2032692528
0.7363510709
-1.2997113364
1.3811007583
1.0888489951
0.9420346079
2.6859953745
-0.1416906142
-2.8413401602
2.6007608218
0.9806987015
-3.1673918857
1.5369811404
-0.8229223866
-1.5178260699
-0.9099985560
-0.4560594298
-0.1925779332
0.7744315486
-1.0190042237
1.1319345017
0.1033798977
-0.8252664882
-0.6871132755
-0.5482387365
0.5067315886
0.4320482007
1.8099053138
-0.6176392562
-0.2321133671
0.5790330633
-0.5437001976
1.1629472093
-1.1699797830
-0.7594522522
-1.4475244930
0.8283291973
1.5806988773
-0.3659923080
0.4773578912
2.7015414597
-0.3063737950
-1.1082720275
-0.1640362095
-1.2142126650
-0.5270517413
-1.2038912170
-1.4860954975
