16 3 0.04
25 0 3 1 3 2 3 3 3 3 4 3 5 3 6 3 7 4 2 4 3 4 5 5 3 5 4 6 0 6 1 6 2 6 3 6 4 6 5 6 6 7 3 7 4 7 5 7 6 8 4
14 0 1 1 0 1 1 2 1 2 2 2 3 3 1 3 2 3 3 4 1 4 2 5 1 5 2 5 3
17 0 2 1 0 1 1 1 2 1 4 2 2 2 3 2 4 2 5 3 1 3 2 3 3 3 5 3 6 4 0 4 1 4 3
0 4
8 12
9 9
0 0 0 0 0 0 0 1 0 0 0 0 0 0 0 0
0 0 0 0 0 0 0 1 0 0 0 0 0 0 0 0
0 0 0 0 0 0 0 1 0 0 0 0 0 0 0 0
0 0 0 0 0 0 0 1 1 1 1 1 0 0 0 0
0 0 0 0 0 0 1 1 0 1 0 0 0 0 0 0
0 0 0 0 0 0 0 1 1 0 0 0 0 0 0 0
0 0 0 0 1 1 1 1 1 1 1 0 0 0 0 0
0 0 0 0 0 0 0 1 1 1 1 0 0 0 0 0
0 0 0 0 0 0 0 0 1 0 0 0 0 1 0 0
0 0 0 0 0 0 0 0 0 0 0 1 1 1 0 0
0 0 0 0 0 0 0 0 0 1 1 1 0 2 1 1
0 0 0 0 0 0 0 0 0 0 0 1 1 2 2 1
0 0 0 0 0 0 0 0 0 0 1 1 1 1 2 1
0 0 0 0 0 0 0 0 0 1 1 0 1 1 1 1
0 0 0 0 0 0 0 0 0 0 0 0 0 0 0 0
0 0 0 0 0 0 0 0 0 0 0 0 0 0 0 0
-1.3673965980
0.2075484712
0.1194505989
-0.5215053487
-0.1033455443
-1.0740003239
1.8252881971
-0.7811739063
-0.3778193380
0.5326171865
-1.8753960738
-0.3518199415
0.3634860134
-0.8697714879
-0.6997984432
1.0408014533
1.6450285692
0.6433929496
-1.9007840922
-0.2702840931
-1.3650392752
-0.7806059646
-0.2790870825
1.1824290287
-0.4827094668
-0.6980560836
-0.8415681685
-1.2070836631
-0.2886865084
0.3460780557
-0.2018801305
-0.5576047396
-0.0806108223
0.9399554644
-0.6185055352
1.4268290328
1.0620354022
0.3854041041
0.7889660905
-1.0383632971
1.8253325715
-0.8440455530
1.0634774010
0.2593864651
0.8848343742
0.4991152081
0.0998199446
0.4288707311
-0.2478995214
0.1119963489
0.1231583502
0.2000764966
0.1695653209
0.3773306343
1.5399232358
1.8902359790
0.8975997843
0.2091873387
0.3325750552
0.3212695247
-0.2015999133
-1.9101128463
-0.5960518639
-0.0402839346
0.2996819627
-1.4242261225
0.5895696786
0.1078438517
-1.4751031525
-1.3552209742
-0.6853279326
-0.7082072753
0.4285577994
0.4676907149
-0.8968166949
0.3277622306
-0.0976138290
0.7847900586
0.1547623071
-0.2207587760
0.3489856276
-0.9631195074
0.6430648102
-2.0294790208
-0.9124294777
-0.2580649243
1.5846021495
0.2152101641
1.5749994472
-1.8436262212
-0.0570636142
-1.6641792566
-1.8972438394
-0.0269933785
-0.5654874605
-0.8445592505
-0.4459871007
0.5982003149
-1.3831700754
-0.7838558833
2.0131157285
-0.2254129844
0.8071855235
-0.1484126328
0.8543046949
-0.1326820151
-0.0818209299
-0.5203981477
-0.5474211847
1.0559275078
-0.1256023652
-0.9890474805
0.9987726414
-0.3684057096
-0.2645252531
-0.7889651094
0.4038865325
-1.0423148331
-0.7114042686
-0.2648084333
1.4804038544
-0.6820499582
-1.3860987618
0.3485450767
-0.2318789833
-0.3327085298
-0.2104353263
-1.5840904167
1.2371910948
-0.6951728620
0.2479230223
-0.3721842306
0.1184580770
0.9748139913
-1.2374212025
-0.6060424777
0.3523188135
0.5469299306
-0.0370987519
-1.4021571156
1.3087881239
1.1011831102
-1.1531303022
-1.6042987960
-1.0525904876
0.4315085103
-0.4827871145
0.9446518886
-0.6715233267
0.7997084158
0.7673568024
0.3436906015
-1.3102900475
-0.9126840426
2.0848212547
-1.3214934245
-1.5525449156
0.6960748168
0.7509437551
0.9930665662
0.7209496045
0.2528766911
-0.8374297290
-1.4921988653
-1.0037613730
0.8070828925
0.9910216655
0.2637499445
-0.2882067204
0.5967675050
-0.3143270879
-2.0196464372
-1.1267396447
0.1167016313
1.0181948012
1.3389760308
0.9975504361
-0.2535080715
-0.5974015093
0.1739278340
1.3760330638
1.6551699217
0.6776498208
-0.4581547014
0.8282803774
0.5223722777
2.0854960727
1.2771912602
-0.4719823206
-0.5086927366
-1.5374253414
-0.3388873103
0.5598837450
0.2254641660
0.7630953591
-0.1404148842
-1.6231336467
-1.1858478441
0.3377311867
-0.7575356805
-1.9019407187
1.5295441942
0.0589213751
-1.3562312059
-0.2256663547
-1.3905712556
-0.2429855489
-1.0979853360
1.1854093205
-0.2898240569
-0.2383638165
-0.1037319810
0.2445995264
-0.3456261895
-1.9908536134
-1.7237908182
0.1545490126
-1.4946820690
0.6131241539
0.7241410869
-0.9990706641
0.0867959584
1.6903806614
-0.7515224586
0.7769211154
0.5297121039
-0.0153503737
-0.8962349769
0.7896309082
-0.4278935823
0.3432669764
-1.1264045413
-0.9224083727
0.2841420985
-1.4381333114
0.4103066423
0.2598095128
-0.2589013724
-1.3249374682
-2.4306506671
-1.0417416845
-1.2202799985
-0.5357655946
-0.7144343188
0.8274235490
0.7704187206
1.1902634030
0.1376108456
-0.3623705049
2.1839000071
0.8087273816
-0.6021401371
1.8254885927
-1.2134443463
-1.9200083447
-0.1679029676
-0.9013971487
0.5322277453
0.3033330407
-0.5266661189
1.3695220797
-0.9823883603
-1.0451652108
0.4048650963
2.1120062598
0.4384756858
0.4692662468
0.0274894739
1.2118995951
-2.9230203669
-0.3203682665
0.2925846907
1.7871654574
-0.0766922520
0.0902334602
0.5843827553
1.0919551825
-0.5646166719
-1.6359220195
-0.2274913780
0.4776518949
-0.5608753481
0.8006119022
-0.0821489195
0.6540743606
0.7099813478
0.1550176914
-0.2986381714
1.5163947211
0.3597719494
-0.8152223703
-0.4427123209
-1.1260399506
-0.8122634226
0.9872365275
1.0968752878
0.8342976098
0.1284004573
1.4663014538
-0.1210069447
-0.3185821244
0.2961879040
0.4182407189
-0.8639264475
0.9078828649
-1.4635782706
0.1519412746
0.4877519172
1.2212283655
0.3143070162
-1.4782135078
-0.9684605188
-0.4675705456
-0.7294696524
-2.3760633600
-0.1355902228
0.6168540271
-0.1252854074
-1.0197776707
-0.0706342759
-0.4582916547
0.0248140793
0.5047241505
-1.2175510276
0.7364261008
-0.4746447544
-0.1498280612
1.0377929400
1.1126740199
-0.3947967050
-1.2832748892
1.3406990422
-0.4649434110
1.0825856897
2.5108615551
-0.7749044303
0.9684033712
1.3660366908
-0.2476909767
0.0731053502
0.6757793619
0.1240311160
-1.3252026023
0.6422060034
-1.2219080506
-0.8052587325
0.1427311598
-0.2004685739
0.7652669100
1.5131934265
0.3899211406
1.5400030739
0.0715067101
-1.1775877106
0.5368151779
1.2064420433
-1.1893501773
-0.9252139871
-3.3332298261
-0.9169692646
-1.7838927724
0.2945693069
1.9761266214
-0.3199570838
0.0883295550
0.8696031538
1.0685238619
-1.8268465991
-0.8268157962
-0.0319783590
1.1725378692
-0.2241440408
2.8038440985
-0.9962920141
-0.5139833085
1.0215217217
-0.5724607738
0.9168184984
-1.2606713910
-0.7591873466
-1.2976092480
0.8430790198
0.0120511761
0.1959262872
0.6752035983
-0.8008731667
0.5788624620
0.3580178647
-0.1425433725
-0.8133743752
-1.0363721396
0.9612174530
1.5028454408
1.1613524886
-1.0527071844
0.6602691288
0.3008963536
0.9394403968
-0.2790088931
0.7138163404
0.6698020521
-0.3928847893
0.7492595092
0.6286762471
1.2786435040
-0.6964333670
0.7322669290
0.7181769982
1.2849073611
0.0193532514
1.8669760039
1.2707080317
0.5101739755
1.2857092871
1.2928710596
-0.7708592527
0.0722893568
0.5160300240
0.5432764426
-0.1928896337
-1.7272886457
0.9883577452
0.6861061278
-2.6778399604
-0.7220323351
-1.4853828969
-0.4107946607
1.2582467632
1.3751766436
-0.5635111848
1.8695899754
-0.3420568909
2.2259702740
0.4772262376
0.2412303141
0.0302531354
-0.5432146875
0.8892327622
0.9601510316
-1.3386400028
-0.2974135320
-0.0418952663
-0.0999692670
1.5715962733
1.4893421900
0.2472683507
-0.5680262461
-0.6731167708
-0.8492040725
0.6810107811
-0.7327834785
2.5473055383
-0.4876681234
-0.7970813701
-1.1911308662
-0.6126361964
-1.2680399855
-1.3733443726
0.2656104691
-1.1211894781
-0.4563506420
0.3461028345
-2.1371255047
-0.8084675500
0.7946451935
0.6005328558
0.3083416075
0.8030394443
1.3052106527
0.1602115523
1.1401431901
-0.8609722319
-0.3786569695
0.1346876701
-0.9487536920
-0.4841594556
1.3424434338
-1.4350086289
0.8933263440
0.2952054843
0.3027624486
-0.9541717414
0.2925178690
-0.6430459315
-0.1082256528
-0.1986219869
1.0796224226
-0.3096759057
0.3204239585
-1.0642021641
-0.9194551265
0.7406864876
1.1973291771
-0.8789884872
-0.0133111989
0.2138428168
-1.0215001982
0.9650669205
-1.2485857650
0.6253915950
0.6733250116
-1.5686426707
0.7692284447
-0.9056927021
-0.3925936084
0.3189116822
-1.4689423030
-2.2445349749
1.1022387048
-1.4944605093
0.3901655629
1.8588421082
