20 3 0.20
36 0 6 0 7 1 5 1 6 1 7 2 5 2 6 2 7 2 8 3 5 3 6 3 7 3 8 3 9 3 10 4 5 4 6 4 7 4 8 5 0 5 1 5 2 5 3 5 4 5 5 5 6 5 8 6 3 6 4 6 6 6 7 6 8 7 3 7 4 7 7 8 3
20 0 1 1 0 1 1 1 3 1 4 2 0 2 1 2 2 2 3 2 4 3 1 3 2 3 3 3 4 4 1 4 2 4 3 4 4 5 2 5 3
93 0 10 1 10 2 10 3 2 3 10 4 2 4 3 4 10 5 2 5 3 5 4 5 7 5 8 5 9 5 10 5 11 5 12 6 2 6 3 6 4 6 5 6 6 6 7 6 10 7 1 7 3 7 4 7 5 7 7 7 8 7 9 7 10 7 11 7 12 8 0 8 1 8 2 8 3 8 4 8 5 8 6 8 7 8 8 8 9 8 10 9 2 9 5 9 6 9 7 9 8 9 9 9 10 9 11 9 12 10 3 10 4 10 5 10 6 10 7 10 8 10 9 10 10 10 11 11 1 11 3 11 4 11 5 11 6 11 7 11 8 11 9 11 10 11 11 11 12 11 13 12 1 12 2 12 3 12 4 12 5 12 6 12 7 12 9 12 10 12 11 13 6 13 7 13 8 13 10 14 6 14 7 14 10 15 7
2 6
2 4
2 0
0 0 0 0 0 0 0 0 0 0 0 0 0 0 0 0 0 0 0 0
0 0 0 0 0 0 0 0 0 0 0 0 0 0 0 0 0 0 0 0
0 0 0 0 0 1 0 0 0 0 1 0 1 1 0 0 0 0 0 0
0 0 0 0 1 1 0 1 1 0 1 1 1 1 0 0 0 0 0 0
0 0 0 0 1 1 1 1 1 0 1 1 1 1 1 0 0 0 0 0
0 0 1 0 0 1 1 1 1 0 1 1 1 1 1 1 1 0 0 0
0 0 1 1 0 1 1 1 1 0 1 1 1 1 1 0 0 0 0 0
0 0 1 1 1 0 2 3 2 2 2 2 2 0 1 0 0 0 0 0
0 0 1 1 1 1 1 1 0 1 2 0 1 1 1 0 0 0 0 0
0 1 0 1 1 1 0 1 1 2 2 1 1 1 0 0 0 0 0 0
1 1 1 1 1 1 1 1 1 2 1 0 0 0 0 0 0 0 0 0
0 0 1 0 0 1 1 1 1 1 1 1 1 0 0 0 0 0 0 0
0 0 0 1 1 1 1 1 1 1 1 1 0 0 0 0 0 0 0 0
0 1 0 1 1 1 1 1 1 1 1 1 1 1 0 0 0 0 0 0
0 1 1 1 1 1 1 1 0 1 1 1 0 0 0 0 0 0 0 0
0 0 0 0 0 0 1 1 1 0 1 0 0 0 0 0 0 0 0 0
0 0 0 0 0 0 1 1 0 0 1 0 0 0 0 0 0 0 0 0
0 0 0 0 0 0 0 1 0 0 0 0 0 0 0 0 0 0 0 0
0 0 0 0 0 0 0 0 0 0 0 0 0 0 0 0 0 0 0 0
0 0 0 0 0 0 0 0 0 0 0 0 0 0 0 0 0 0 0 0
0.2173808166
0.4027833651
-1.5681815807
1.2217810557
0.7499841980
-1.4659840799
1.1492568655
0.1713042059
-0.3488845039
-1.0512331967
-0.4209524006
-0.5348892919
2.3457207642
0.2347349348
-0.4303045393
-1.1514902312
1.0163215121
-1.7209905235
1.1566361440
0.0973853795
-0.7384178841
-0.7487587765
-0.6040475596
-0.7382355722
0.1061455486
-0.5678341735
0.1585809272
0.4874996898
1.3664275298
0.4757296302
2.6029527226
1.0205284573
-0.3027296192
0.6588155557
1.5408420768
0.5213458075
-0.1577444723
-0.4896051153
-0.7908343045
-2.4624446395
0.0858635842
1.2350874419
0.1483533132
-0.4431237173
1.0996198689
1.0341030902
-0.0072547262
-0.9487350930
0.1523968903
-0.8754506878
-0.8303913379
-1.1121878664
-0.1136871191
0.5293533966
0.2212616606
-0.2108059418
-1.5221333906
2.1512670072
-1.6852330097
-0.3668349781
0.4414849995
0.6584927823
-1.6349091806
0.3214277535
1.2280637832
-0.2402736949
-1.1780241391
0.3312594442
0.4604757001
0.5158440861
0.3333980960
0.8011843153
0.2644755924
1.9947454124
0.9741800226
-0.8005069192
-0.7627539142
-0.8559688900
1.8034075871
1.6314868279
-0.4386376278
0.9014699350
0.0003284756
0.8745482348
1.7251459321
-0.3706015120
1.0848369968
0.6678941964
0.2676193980
0.2173738099
2.0619787912
1.0230945837
-2.1403515964
-1.3483033648
-0.0421499930
0.4990748581
-2.0187906886
-2.4596654882
-0.5873795243
0.1065627876
-2.0658241152
0.4758946876
-1.5818773938
-2.1882084255
-0.7154995344
-0.4743787914
-2.0834565649
0.6398554345
0.6908792764
-0.5571505767
0.3552107569
0.3124268458
-0.5418865562
0.3074086828
-0.1595422188
0.6217999278
-0.3598486680
0.1714109747
0.6911369729
0.0907671854
-0.6812392996
-0.9158281452
-0.0478499865
0.6170747138
0.8580290554
0.0340258623
-0.4285323382
0.4421846984
-0.0637691121
-2.3561390598
-0.0112151291
0.3048903307
1.3860308757
0.8274897477
-0.9351670781
-1.4432759321
-0.8313864443
1.1124654246
1.1308739634
-0.0576291392
-0.0473592462
-0.5636041881
0.3967963862
0.1044279861
-0.2605880689
1.0482812921
0.6449226766
-0.7746449959
-0.6151835190
-0.2139089117
0.4955671277
0.7003494374
0.8506019596
-0.4492233954
0.4463933707
-0.7403133247
-0.3918015462
-0.0861656479
0.2537197480
0.0201700761
-0.0795005912
-0.6172065524
-0.3209015316
0.7799763148
1.1278467635
-1.2154580855
-0.5324122909
0.3553868610
0.9738699525
0.7596835475
1.8572087087
-0.0417145116
0.6831067506
-0.0676245922
1.7103511132
-0.8246558075
0.8512733468
0.6863650792
0.1880235048
-0.6477508725
-1.9065907171
0.7803350298
-0.5014265824
-0.6413718497
1.3661904155
-1.9027743908
0.3495495075
-1.0144821704
0.4298059663
0.5921827687
0.7133368789
0.6327800432
1.2197756043
-1.5144623035
-2.7383498053
-0.2244760533
0.7356640937
-1.3603448420
0.9400321612
0.8154734703
-0.4264708201
0.4780477379
-0.4746977470
-0.3925949700
-0.3588798571
0.4617072245
-0.0936124373
-0.3699377858
-0.7848721027
2.1895423334
0.8210762490
0.4534992001
1.2784769830
1.0323543581
0.3555334455
-0.8291913968
0.0905062488
1.6979508735
0.3736959420
-0.3748669039
-0.5850096245
1.1841799419
-1.9566650685
0.4744609321
0.2224357824
0.5185722935
-0.0094993820
-0.2763134357
-0.2248849713
-1.6991580947
1.0060536140
0.4938568851
1.9037781318
0.0891326913
-0.1387520184
1.3151712970
-1.2165482764
1.1598394462
0.9976920430
0.0778710699
-0.2420682036
0.9323976702
0.1022632705
-1.1350243846
0.7307632128
0.7381359052
1.4864453960
2.0929971834
0.5691898228
-0.7878071673
2.7387367890
2.0682982962
-0.8619301786
0.0652887215
0.8875381016
-0.4728773765
-1.0065476724
-0.2312319586
-0.6575940709
1.7832869121
-1.5285544685
0.3416675282
-0.9420509935
0.9743587262
-1.3141799685
-0.5603448725
1.4309424786
-0.2636400978
0.4673975592
-2.3840291695
-0.9724777805
-0.9967672648
0.1923171272
-0.7517879761
-0.2070239515
-0.5112561310
0.1273875419
0.0080850043
-0.3654068242
-0.4749645286
-1.5882378154
-0.1253470169
-0.2598337372
-0.5545876265
-0.7488915090
-0.5715707844
0.2420535412
-0.4374327190
-1.7936059387
-0.0925598543
-0.4640078540
0.8045765287
-0.7171669763
2.3136334615
-0.1784947668
1.2367629664
-1.3963483978
0.0468104815
-1.2360150535
-0.9727557816
-1.3582678196
-0.7968940579
1.1661356508
1.6643644811
0.8056006079
-1.7771982967
-3.2761283402
1.2799665855
0.8405630695
-0.5525732941
-0.5523448645
-0.0630471119
0.5902890563
0.5424760612
1.0179574976
-1.2069763621
-0.4124826716
-0.3113191712
0.8344895821
0.2507950416
0.6286098140
-1.2000358185
1.0242040036
-0.9768228513
1.3175405469
0.6505553917
1.0342039512
-0.3349152947
1.6077912504
1.4506610839
-2.0139112483
-1.2335545794
-0.8658268909
0.4727201802
-0.0985843751
-0.7996033817
0.5137370767
0.0753429937
0.1975902503
-0.6141299725
0.2632857771
-1.8584656564
-0.0303613851
-1.8893568664
1.6271826371
3.1365449878
0.7180246533
0.3204239756
-2.1788927057
0.5784216644
-1.9741736013
-1.5391601019
-0.4487689352
-0.8433179827
-2.2682983290
-0.8321371841
1.6968543033
0.5156524109
0.7907968548
0.3042107282
-2.1553528374
-0.6825780367
-2.4160524774
0.3636498962
0.0769089182
0.0585352877
0.2756565247
0.5795397514
-0.6148790553
-0.4094734499
-0.4350027990
0.6858362116
0.4520381276
-1.0172445517
1.3245218904
-0.8539105700
0.0824644447
-2.4469432894
1.3530579142
1.2716826885
-1.0627492767
1.0548985896
0.0081836782
0.6815064934
0.2866116974
-0.2955456521
2.0225004735
-2.3045124705
0.9257063959
0.8144973388
-0.5143056716
0.3167966557
0.0073312601
-0.6840735683
-1.3259335894
-0.2101038295
-1.2642191202
-2.2328166931
-0.3798060792
0.5020336679
-0.2763698050
0.1622641304
-1.1925062538
1.8776980404
0.4993809668
-0.6727496136
0.0518089379
-0.8208313432
-0.8278018125
0.2536477832
0.6424203239
-0.8210015317
0.3714223009
0.6820708768
-0.6147600737
1.7601063035
0.6675220337
-0.4958563703
0.0747582503
0.1892125600
-0.4661531474
1.2972944937
-2.2109903736
0.5794748968
0.3079659471
0.1871818250
0.2221909300
0.3306161526
-0.5832378191
-1.9671457464
0.1263816242
1.2413483427
-0.4652962484
-0.0305823180
0.2068537035
-0.6360538253
-0.0812353820
1.2389962960
-0.5815398877
-1.8491541290
0.3029790717
-1.1208338168
-2.1517605412
0.4869731419
0.4922452145
0.4689799412
-0.8005250631
0.2647074223
-0.3200425030
-0.8216899551
1.0438750632
0.1459946678
-0.8049180195
-0.0892139943
-0.3768753097
1.8840075804
1.3371810999
-0.3845963903
-0.3247641183
0.3752341321
1.5061815397
-0.4520288816
-0.3541579232
1.0702419762
-1.1754747891
1.0169707578
1.2679182012
0.3986159125
-0.7384907533
-2.4506682806
1.5095863876
-0.2829576561
-0.2587019630
-0.3029071689
0.7763900712
0.4724649269
0.0483324991
0.3070819946
1.3497349918
1.2102132338
-1.2427568525
0.4277216099
-0.1528788167
-0.4434809313
-0.1624051682
-0.9683862531
-1.1463524960
0.1119705652
-0.6924773668
2.3770444646
0.0552741601
-0.0949790520
-0.5645809586
-0.7586778276
1.2905192377
-0.1550209136
0.4194000812
0.2936556097
1.1704478538
0.1079296472
-0.9751839887
1.3752294087
-0.5897643772
-0.3900802138
2.3573407962
0.6195231462
0.1393493873
0.1988803929
-0.9135453582
0.8361631494
0.8337557424
0.9257061518
-0.6121750046
-0.7747493266
-0.1155525963
1.0913191413
0.1125656572
-1.2926184577
-1.1596758297
-0.5001388003
0.4036536040
0.5647061175
-1.0455631100
-0.4342719658
-1.1322989437
-1.7232360738
-1.5498357700
1.8546693431
-0.3458977687
-0.4497996516
-0.3480109980
0.3895885434
-0.6163791445
-0.0216626831
0.6080871999
0.4402909460
-0.6595451617
0.5363323192
-0.0610784547
0.9142290478
0.4512672143
-1.5917875123
-1.7748344056
0.2617520420
-0.4147894536
0.6759424198
-0.4215704010
2.0983787998
1.3044730908
0.0414765025
0.2697067716
1.0799378082
-1.7525051256
0.1124000636
-0.0494900568
-1.4104268312
-0.3161105873
-1.0003779016
1.1699312640
-1.1405505002
0.6664549208
1.1747207771
1.3115408903
-0.5844409239
0.8641269197
0.6130692909
0.2188711921
0.3074585257
0.5657384765
1.8150005379
0.6416629199
-0.8469671450
2.0371698069
0.5885419797
-0.9755543667
-0.0334773843
2.0686779020
-0.0170812446
0.6025196962
-0.7830224041
1.0442305891
-0.5978900831
1.0904583010
-2.1858954950
-0.3520652951
-1.6133426697
2.2640600930
-2.4387542526
1.9864175026
-2.1337924585
-0.8027651516
-0.2704229582
0.4082001013
-0.0314672129
0.1006529808
-1.4891943673
-0.7562684127
2.1130843958
2.6005291205
0.6068375802
0.2192937213
0.1990493917
-0.2775124944
0.9868961775
1.2458770576
0.7296846774
-0.2992388707
0.8283412492
-1.9680354658
0.4255669260
-0.8006550413
-0.2527793823
0.8783387466
0.4531659875
-0.6834303431
0.6986566172
0.2512536871
1.0512187428
-0.3378328451
-1.4207620217
1.0626624727
-0.2713202063
-0.4432883566
-0.4955083526
0.8938703109
-0.0235660788
-1.3085845227
-0.7533664179
-0.5605129525
0.5048878334
0.6822238566
-1.0625617462
-0.6330726871
0.7979117972
0.8920349479
0.6769656535
1.2127989437
-0.3357893526
-1.4433282113
-1.8945172844
0.2127536641
0.6134150700
-0.3284554382
-0.2126720958
1.6447566196
0.6970908345
0.8577058128
-0.6413050992
0.4332111493
-1.7097585920
-1.2631906276
0.0480016091
0.7386258830
-0.2431388803
1.7668537210
-1.0685135581
-0.1512771725
-0.6876514420
0.5943669639
0.8207492806
0.2298765732
-0.5950187162
-0.8541359276
-0.9196598463
0.2197478472
-1.1477482226
0.9783803382
1.1299512385
1.7288265440
-0.9319181468
-0.8295793051
-0.5639704795
0.4546783134
0.1735687655
-0.2973321021
-1.2299619948
-0.5422419405
-0.1116999612
-0.0150193940
-1.5031551869
0.5088598088
-1.7862264339
-0.1333642162
-2.0448793977
0.5607408872
-1.4843901526
0.9692156065
-0.8242154567
-0.4441358899
-2.4391153318
2.3511296180
1.5412402346
0.2339092383
1.9440474947
-0.4867474459
-2.3557839044
0.9646206531
1.6033948253
0.8390358150
-0.5742684292
0.3699926155
-0.7188298732
-0.2811221813
0.4616961539
0.3950030849
-0.1416578380
-1.0123854446
0.6764319264
-1.2466842650
-0.2996812701
0.7225606360
-1.5503025647
-0.3015611290
-0.5951195545
-0.7978847592
-1.4412367677
0.1981696841
0.0549750297
1.3750551924
1.2699480088
1.6309891390
-0.1577316763
0.6196748970
0.0102625219
0.0589304056
-0.9765047132
2.3734281772
0.0804954370
-0.2755975211
0.4598903391
0.4079614993
-0.4853087993
1.6352798198
1.6066819046
-1.1535367322
0.7346028241
-0.1512576761
-0.4715135177
-0.6979556531
-1.4988104389
0.9137291542
0.7775294225
2.0213213616
0.0510494332
0.0461225298
0.9676675060
2.0039448122
0.0287193100
1.0761924151
-0.2010442741
1.0202634590
-0.4714558028
-0.2361477611
0.3696102321
-0.6249101635
0.3970400675
0.2152824760
-1.0775886871
1.0643558536
-1.7335099895
-0.5138039913
1.2958422910
1.5774421582
0.4491646516
-0.3574555887
0.4859325876
-1.8679506334
1.1290024381
-0.1585417241
0.1760424660
0.0124882260
-0.3452646545
-0.3860099283
-1.1968477617
-1.6007579443
-1.4201931892
0.3572734242
-0.0938088145
-0.0597107992
0.2790933008
0.8455299157
-1.4342272541
0.0819074131
1.9182278930
0.2309936231
-0.6727085983
-0.5295466089
-1.6563001315
-0.2303492423
0.9823934134
0.6305442528
1.1200020851
0.0668150826
0.8516162901
0.3609514035
1.2428526123
-2.5168308625
-0.9749824291
-0.0496588372
1.0657533110
