15 3 0.08
14 0 5 1 3 1 4 1 5 2 0 2 1 2 2 2 3 2 4 3 0 3 1 3 2 3 3 4 2
15 0 1 1 0 1 1 1 2 1 3 1 4 1 5 2 0 2 1 2 2 2 3 2 4 3 0 3 2 3 3
16 0 0 1 0 1 1 1 2 2 1 2 2 2 3 3 0 3 1 3 2 4 1 4 2 4 3 5 0 5 1 5 2
2 1
9 5
1 0
0 0 0 0 0 0 0 0 0 0 0 0 0 0 0
1 0 0 0 0 0 0 0 0 0 0 0 0 0 0
1 1 1 0 0 0 1 0 0 0 0 0 0 0 0
0 1 1 1 1 1 1 0 0 0 0 0 0 0 0
1 2 2 1 1 1 0 0 0 0 0 0 0 0 0
0 2 2 2 1 0 0 0 0 0 0 0 0 0 0
1 1 1 1 0 0 0 0 0 0 0 0 0 0 0
0 0 0 0 0 0 0 0 0 0 0 0 0 0 0
0 0 0 0 0 0 0 0 0 0 0 0 0 0 0
0 0 0 0 0 0 1 0 0 0 0 0 0 0 0
0 0 0 0 0 1 1 1 1 1 1 0 0 0 0
0 0 0 0 0 1 1 1 1 1 0 0 0 0 0
0 0 0 0 0 1 0 1 1 0 0 0 0 0 0
0 0 0 0 0 0 0 0 0 0 0 0 0 0 0
0 0 0 0 0 0 0 0 0 0 0 0 0 0 0
-0.0573375856
0.9223988323
0.8307898285
0.3481579116
-0.2606078037
1.4531345755
-1.7867475907
-0.0611966049
1.0547894297
1.1549366424
-0.3570362134
0.2376471826
-2.0056716783
-1.4706269723
0.4226691157
0.3396163875
-1.2817017485
-0.9783004243
0.2423931004
0.5390783342
0.1113047775
-0.1464009613
-0.7710956181
-0.5346124653
-1.1214418056
1.6427935175
0.7719660590
1.0962063330
-1.5190360371
-0.6014826790
-1.1821392135
0.7613451647
1.0341865767
-0.9145208667
0.2895695872
-0.2393985494
-0.2034060285
-0.9991805909
-0.2447265742
-1.0332208661
-0.4456425843
0.4810002693
-0.0130348070
0.3700418485
-0.6011330524
-0.1112508617
-0.2599007891
-0.3208479805
0.8400925417
-0.6403782946
0.2529906786
-1.8506795064
1.8094681146
-0.5399067240
-0.3171336902
0.7336257236
1.1351282127
1.0352268009
0.8784864173
1.1178575644
-0.5827538705
1.8031146579
0.6181273464
-1.3175239510
1.0342032249
0.5706784806
-0.1495900798
-0.2673115898
0.3887742153
-1.0687039065
-0.2169595577
1.0598187720
-0.1971503052
-1.1572960920
-0.0783946628
0.7722005648
-0.3432683557
1.8160521638
1.1413562839
1.3105953121
0.3856761251
0.8913285544
-1.0411388971
1.5188901403
1.6997846974
-1.6318563271
0.4052464449
0.4345288245
-1.9411516283
0.4258112227
-0.0239014144
0.7947665236
-0.1871773931
-0.4616418816
-0.0118063998
-0.1775808644
-0.7051581757
-0.9640726773
0.0940605126
-0.7275883749
-1.5414759620
1.2156674658
-0.8649604060
-0.7523375154
2.2144611490
2.1360001194
0.1697069444
0.1438536217
-0.2314383096
-0.5265811509
0.4147900395
1.6441375430
1.1149809774
0.3406891183
0.7127003774
-2.4576884952
0.1722840247
-1.2786718860
0.8237534588
1.7716228238
-0.1621677839
-0.2763418862
1.0195347079
-1.2443699922
-0.2526289428
-2.4706452761
-0.4570470905
0.0503262317
1.5169365906
1.3409509987
0.2808650343
0.3271801418
-0.1439853463
-0.6681239297
0.8091440955
-0.9166271431
-0.0646335443
-0.6440192048
-0.1102964123
-0.6271127800
-0.3505864421
-0.4277745251
-0.7300953945
-0.0515954646
1.4397897798
0.5537827891
-0.5223574857
0.6123452070
-1.1317812731
0.9186537838
0.5628198210
0.2721693973
-0.8753667999
-1.3579579399
0.2142905212
-1.4212374694
-0.8488765843
0.1949229081
0.9900548961
-0.2560727489
0.5433874706
-0.0572615318
1.7193567423
0.7429574964
0.1388908675
-0.0309744333
-0.2756785058
0.9231140955
-2.0733376612
0.4508918104
-0.6057487859
-0.7779000760
0.9288946624
-0.0016199473
0.0114387962
-1.4141305871
0.7299468415
-2.5674409470
-0.5671119769
0.1636117607
-1.5844311622
1.4357125865
-1.8100522574
0.0670047247
-0.1417557202
-1.2410810668
-0.8265633395
1.8779604460
-0.1699376328
-0.4987695143
1.4395347232
-1.0820993952
0.0861505277
0.2490625288
-0.6951799214
0.2159221273
0.0351993883
0.7287340993
-0.0925303770
-0.5945583537
0.3169254536
-0.4064459264
-0.9892130881
-0.6563101532
0.4469106755
-1.5573256901
-2.2341715381
0.6188969571
-1.3766939392
-0.4348161154
0.9000253326
-0.3485115764
-2.8592854467
0.1458702031
-0.4990831266
2.9465749993
-0.7232993587
-0.9550221096
-1.5935749766
-0.4930440934
0.0483828509
-0.0596251034
-0.1414172961
0.7456794964
-2.0394280396
1.0386589175
-0.1692421890
-0.0864251592
1.5623359569
1.0274123164
1.8393347601
0.3397743152
0.6701297229
-0.2428428568
0.5766265306
-0.6865227127
-2.1125851905
0.6583192575
-0.5329754808
0.2718927347
-0.0696759483
0.9229521714
-0.2511584462
0.8219219190
1.2125979491
1.1613296602
0.6244904025
1.4810511401
1.7269035769
1.5314198913
0.4383557392
-0.1548549916
-0.8968087307
1.2239106267
1.0808597697
0.6206472706
-1.2051878300
-0.8131448133
-0.9437189090
-1.2172658281
0.4233686853
-0.0346504046
-0.9407961177
-0.0900523604
-1.2732419013
0.1656424109
-0.3185265374
-1.4708675643
0.3936352557
1.0930090800
-1.0877248792
-2.1101781809
-0.2645526204
0.1335363144
-0.5833032216
-0.3294130850
1.3057964118
0.3143811814
0.0600781840
0.0433813193
1.2639340467
0.8426514690
1.5052149281
0.1952031413
-1.6242173919
-0.6081990152
0.3262858243
0.3836180273
0.0473763428
0.6707144162
0.8430202308
0.3886438387
2.4180491194
1.1982536439
0.3860220433
0.5562301174
0.0207490594
1.1679496856
-0.9240160477
-0.0407108356
-0.2953950162
-1.1718557252
0.3161878333
0.4497022550
0.3333179659
0.1636192786
-0.4324558239
-1.8581459637
2.4275794237
-0.1542031387
1.7992439887
0.8183699350
-1.0369425759
0.6103900727
-1.3168578597
0.4332842346
2.3956644858
1.0765153199
0.8375695142
-0.0733215530
-0.6836449157
0.4981838849
-0.1282759114
-0.6633654179
-1.3284673340
0.0179958590
1.7270895525
-1.8908322209
-1.0333317766
-1.9545878944
-0.4027689542
1.1726034407
0.3262911321
-0.3012158337
-0.4737079881
1.5421050727
0.2872808658
1.8484613137
-0.6217994091
-0.1013562359
-0.2919034868
1.0094764030
1.6142757343
0.0506357851
-1.7823510615
2.2661704201
-1.3756501174
-0.8401844269
-1.1032954787
1.5913902220
0.8321840112
0.5810870900
0.4954474907
1.3734534776
-1.4625726195
0.3500368909
-0.9062410156
1.0984015902
0.9978561455
1.4176503153
-1.1726045907
-0.1587009278
0.6294007464
-0.2811558681
-1.0205820527
-0.4315142503
-0.7337895329
-1.4657560792
0.5688292957
1.0276137001
0.4378483813
-0.2566338564
-0.1184167997
1.3616496890
-0.4274299364
-1.0543819354
0.1155669868
0.7397320992
0.8112391280
0.3321538624
-0.5789346587
-1.7326045255
-1.0825905260
-0.4147986531
0.7216284531
0.4298636664
1.0977658918
1.6744986616
-0.8201071933
1.4980163186
-1.1745899125
1.7145396698
0.1730188378
-0.3777404499
-0.2438164337
-0.6430731847
1.3662090357
0.8257770403
-0.5979691623
0.8248164424
-1.5256548605
-1.1182014614
-0.4891034015
-0.5635886248
-1.5200894670
-0.3791221500
-0.0387931243
1.2491207463
1.2546097561
0.2246114770
2.1864303997
-1.3961737924
-0.3310910712
1.1104809114
-1.1096238938
0.1833336104
0.6017486025
-0.9007189055
-1.6791048130
-0.2223522279
0.0671525525
-0.7152368358
-0.8072948995
0.6525664834
-1.0149124448
0.8078084478
-0.0648840849
-0.0132601423
-0.2673534155
0.8653375927
0.2021191672
1.4258875655
-1.5376412067
0.4054173241
0.2485265495
0.4871048265
1.4130804688
0.4856060872
-0.9754630996
0.2461754618
-1.0748144831
-0.0355868589
0.8506827354
-1.5179340968
-0.1039616672
-0.8042355014
1.9989907159
-0.3261125419
0.9545252700
0.2634455801
