20 17 0.20
8 0 2 1 2 2 0 2 1 2 2 2 3 2 4 3 1
7 0 0 0 1 0 2 1 0 1 1 1 2 2 0
6 0 0 1 0 1 1 2 0 3 0 3 1
7 0 0 0 1 0 2 1 0 1 1 1 2 2 1
6 0 1 1 0 1 1 1 2 2 0 2 1
6 0 0 0 3 1 0 1 1 1 2 1 3
7 0 0 0 1 0 2 1 2 1 3 1 4 1 5
7 0 1 0 2 1 0 1 1 1 2 2 0 2 2
7 0 0 1 0 1 1 2 1 2 2 2 3 3 1
8 0 1 1 1 2 1 3 0 3 1 3 2 4 0 4 2
8 0 0 0 1 1 0 1 1 2 1 3 1 3 2 4 1
6 0 0 0 1 0 2 1 1 1 2 2 1
6 0 1 1 0 1 1 1 2 1 3 2 2
8 0 2 1 2 2 0 2 1 2 2 2 3 3 1 4 1
7 0 1 0 2 1 1 1 2 2 0 2 1 3 1
6 0 0 0 1 0 2 1 1 2 1 2 2
7 0 0 0 2 1 0 1 1 1 2 2 1 2 2
12 14
3 14
8 4
5 8
7 7
9 15
14 9
7 1
6 1
3 9
10 5
14 6
6 6
7 1
11 6
11 16
2 17
0 0 0 0 0 0 0 0 0 0 0 0 0 0 0 0 0 0 0 0
0 0 0 0 0 0 0 0 0 0 0 0 0 0 0 0 0 0 0 0
0 0 0 0 0 0 0 0 0 0 0 0 0 0 0 0 0 1 0 1
0 0 0 0 0 0 0 0 0 0 1 0 0 0 1 1 1 1 1 1
0 0 0 0 0 0 0 0 0 0 1 0 0 0 1 1 1 0 1 1
0 0 0 0 0 0 0 0 1 1 2 0 0 0 1 0 0 0 0 0
0 1 0 0 0 0 0 1 1 2 2 1 0 0 0 0 0 0 0 0
0 1 2 2 0 0 1 1 2 3 0 1 0 0 0 0 0 0 0 0
0 1 2 3 2 0 0 1 2 1 0 0 0 0 0 0 0 0 0 0
0 2 2 2 2 1 0 1 1 0 0 0 0 0 0 1 0 0 1 0
0 0 1 0 1 1 1 0 0 0 0 0 0 0 0 1 1 1 1 0
0 0 1 0 1 2 1 1 1 0 0 0 0 0 0 0 1 1 1 0
0 0 0 0 0 0 1 1 1 0 0 0 0 0 0 0 1 1 0 0
0 0 0 0 0 0 2 2 0 0 0 0 0 0 0 0 1 1 1 0
0 0 0 0 0 0 2 2 1 1 1 1 0 0 1 1 1 1 1 0
0 0 0 0 0 0 0 1 1 0 0 1 1 1 1 1 0 0 0 0
0 0 0 0 0 0 0 1 0 0 0 0 0 0 0 0 0 0 0 0
0 0 0 0 0 0 0 0 0 0 0 0 0 0 0 0 0 0 0 0
0 0 0 0 0 0 0 0 0 0 0 0 0 0 0 0 0 0 0 0
0 0 0 0 0 0 0 0 0 0 0 0 0 0 0 0 0 0 0 0
-3.1903773472
-0.2287913815
-0.7681559552
-1.0003744667
-0.2772200034
-0.3105862629
0.4389242997
-0.6362948156
0.5583277731
-1.0500357337
1.2296460804
-1.3385132457
-0.4085546114
0.0657561571
-1.1080872329
-0.7565822730
-0.1612945868
-0.5074404270
-0.0238454352
0.2258195784
-0.9792296297
-0.3903176355
-1.9320554115
0.0323054410
0.6085975227
-0.4911498906
-0.3831265464
0.8285945921
0.5930979814
-0.3256835847
0.6376071782
0.2899671544
0.7544229894
2.3086108344
-0.4271227724
-0.2032364708
1.7197226764
-0.1646590305
-0.9061822909
0.5480868914
1.2990182337
0.1342370475
-0.5376283329
-1.5084198176
1.3588315102
0.9358775003
0.9029981962
-1.2764358182
0.7711164647
0.3404832076
0.0176976303
-1.3185767357
-1.7945202907
0.6250994907
-1.3884137229
1.1127762738
-0.9263135197
-0.6659265950
-0.1282685621
-0.8636931171
0.5546544180
1.9070205347
0.2693043811
0.7061873451
-2.6195971629
-0.4172325010
1.3405931359
-0.2680122231
-1.2559489325
1.8664537268
1.7889426552
0.2787419291
-1.0159632327
0.8978767565
-1.6248642654
-0.0123154934
-1.8558554662
-0.1735072759
-0.7682262146
-0.1923967329
-1.2013445536
1.4761752042
0.7965913412
-0.4619298111
-0.4307401552
-0.2790870372
-0.1223358902
0.5052733670
-1.2047240190
0.7688095970
-0.3023325062
-0.9545465918
0.1486420333
0.1030049269
0.7930479967
1.0898347616
-0.9883688304
-0.2591145338
0.1294757419
0.4090067162
0.6318069081
-1.2687336248
-0.8364093122
-0.3652224820
-0.1355119484
-0.2908097674
0.5514908971
2.1261077123
1.4916124733
1.0948173763
0.3722878248
0.7838087939
-0.9697033018
0.6389996671
-1.0376966919
1.4720216958
0.8688631038
1.5106310210
2.3875395940
-1.2079715072
-0.4222371180
0.0259581235
1.3685414442
0.3424329716
-0.1034335179
1.2557321599
0.2509899154
-0.2447888475
-0.3626211573
-0.8650091320
0.9918666640
1.8289998119
1.7958783532
-1.3056029821
-0.4499734834
-1.2267560163
2.3786318944
-0.0488393094
0.4466231339
0.2527398584
-0.1174997310
0.6125963451
-0.1425432360
-1.0963752027
-0.9803934127
1.1009393202
-0.7908931411
-0.2917676536
1.7325089736
-0.6086750098
0.6587403471
-1.3447651680
-1.8762319543
0.4054841208
1.1545264183
-1.1054816114
-0.9805692813
0.3175193602
0.4482895241
-0.8031825558
-1.7701165359
0.5513632959
-0.1180043902
0.2017814403
0.2292091654
-0.0173244134
-0.6282388187
-0.8859836117
2.4747633245
-0.5121571343
-0.1680667174
-0.4962172326
-0.7244099865
-0.6571457482
0.7087073985
-2.9806735447
-0.4817449476
0.5664075128
0.0444599725
-1.3518952750
0.4383035926
-0.2674710444
0.2916255891
-0.2256366767
0.3060046772
-1.6760961230
-0.5708789545
-1.8805750529
-0.4302206099
0.9757674648
1.3531596876
-1.2359097175
-0.4814826683
2.0139081601
-0.8459080957
0.3472024816
-0.0174120742
1.3937115322
0.0725089607
1.0800277167
1.4570359716
0.3421918833
0.9739003458
-0.6231785491
-1.7998078368
1.1584760034
-2.4009701467
0.3087950057
-0.9813218480
-0.5397045298
0.0045889707
-0.3640873223
0.8414780178
-0.8026102049
0.6409232238
1.1657487494
-0.6029452718
0.1985830724
-1.0965836954
0.3475688608
-1.4278763718
-0.4923556762
0.0024608851
-0.8066504625
1.6622219717
-0.1888777877
-0.4791892478
-0.0866072423
-2.1732002145
-0.0561440521
-0.4956121853
0.9780892155
-1.0295249205
1.5186366165
1.7050361307
-1.6141192642
-0.3777519481
-0.7869746293
-0.8234148005
2.5931614086
1.4591316441
1.4404640367
0.1371673100
-0.9715492122
0.1535114079
1.1490932037
-0.4570158569
-0.2975592157
-1.8319382624
-0.6032264042
0.0918422839
-1.0324484432
0.3227326412
0.3008487819
-1.1599947361
1.7150515407
-1.6589450498
-0.9687729046
-0.5443600362
-0.2028882772
0.3420604947
-0.8477899497
-1.7977177413
0.1891246922
-0.1489172927
-1.0405197925
-0.5077639721
0.2211212543
0.8108085973
1.0803512575
-0.2510702451
-0.5991026621
1.3338977871
0.6126534305
0.0439848971
0.3442623533
1.5662660635
-0.4746881467
-1.1229800670
0.3126542542
0.4211179966
0.2499897009
-0.4351059105
-0.5248488403
0.6661320278
-0.9921860328
1.5575357023
-0.0957189346
-0.1852694852
-1.2059375112
1.0974416261
0.1881052954
-1.9907906863
1.4146632890
-1.6008721414
-1.4052280923
0.5410313407
0.1127544677
0.7168465902
1.4660625608
-0.2676244796
-0.2828107420
-0.1635743312
0.0418351153
-0.0573100060
-1.7075520125
0.5819869424
0.3382353905
-0.1341175554
-1.2116187374
0.1458000760
0.6196581358
0.3121039436
1.7080439706
-1.0295570487
-0.0410814038
0.5030621333
-0.2424319978
-0.1638286121
-0.8767383439
2.0978569004
0.5398771347
0.3807052547
0.2720656675
0.9199149522
-1.0963236376
-0.5151292998
0.1628789418
-0.1784871376
0.7425409753
-0.2017476965
0.1246652370
0.8240557848
-0.6040272307
1.4542740597
-1.0538090966
1.9318010259
-3.1312483073
0.5987192804
-1.0646693791
0.5546687277
-0.4369240541
0.5433119525
-0.5623190208
-1.0965317146
1.7250131390
-1.5253193322
-0.9531735310
-0.6149041224
1.0479347802
-0.5247579500
1.3241388905
-1.2437353522
-0.6183091527
-0.8107467547
-0.9487102706
0.4161888552
-1.1531768179
1.4430842322
-0.7280739114
0.5459605111
-0.8837168227
-0.5829992112
0.6338847576
0.5828871980
0.7421089239
-1.2327667162
-0.2735278762
-0.3587166533
-0.5814772748
0.1793541537
-0.7934004638
-0.2545203144
0.4104310883
-2.1685146595
0.7941926987
-1.0387188216
-0.1771334791
-0.4875778373
-0.1938140081
-0.1092659322
-0.4181187725
0.6147789493
-2.3759804916
-1.1394103805
0.9023276357
1.1345509757
-1.8447231144
0.3597782227
0.7676150405
-0.5217622705
-0.0211269978
-0.5526272229
-2.3319896143
-1.5201495968
-1.7169001163
0.6435055561
0.5485585672
-1.9918703315
-0.2373170609
1.3273281617
0.1862543305
-1.2268493204
1.2616630256
-0.2148410002
1.4638552386
1.5518353731
1.4294418708
-0.7063434386
-0.3878117115
0.9897601106
1.2729997700
2.9956282153
-0.3515502312
-0.5269053534
-1.3241438997
1.9318464542
0.1018056658
-1.1496515577
0.8672169414
0.1551693989
0.9347898934
-1.1684507978
-1.5152075488
-0.8721782955
-1.8415027708
-0.1670892546
0.4020710231
0.6064014601
-0.5471222291
-0.2587120756
-1.5422658665
0.3616069025
-0.0413010194
-0.2200828589
-1.6708432965
0.4978075085
0.9075675934
0.2243920365
-0.2000002319
-0.7397172190
-0.4733955153
-1.2274888509
0.0499366717
1.7602120296
0.4673169913
-0.4469247081
-0.4485963919
-0.8550774376
0.3446415694
0.0768536656
2.2755780093
1.1854901195
-0.9340558741
-2.8831833542
-0.5387758848
0.5278544320
-0.2190939412
1.1785517231
0.1795966765
-0.1119018480
1.0511300520
0.2109860431
-0.1944898606
-0.5961681024
0.3536759987
-0.3671470092
0.5937539702
1.2340915124
0.5189312981
0.3832845842
-1.1856318480
1.0920290245
-0.1390419488
-1.1193020551
-1.4021147891
1.8764542155
0.7226120272
-1.3507000813
0.5265408025
-0.1553790190
1.2000966786
0.5568326726
-1.1221729892
-0.2203065994
0.5472285699
0.1078089633
0.1942326274
-1.5936487116
1.4189691755
-1.4169135171
0.0321618231
0.7620868928
1.1844829282
-0.1966913522
-0.1769216126
-1.7960743647
0.1236919256
0.6917571360
0.4324752511
-0.0885300157
0.4165402403
0.6818395732
-1.5500125113
-0.4067431470
1.0042436673
-0.0933168593
-1.3095262206
1.4186452506
-1.3269706165
1.5134323408
-0.1141902660
0.4888613685
-0.2654413028
0.0103181963
-0.3035128305
-0.9857339680
0.4673164978
-1.7458106865
-1.5412052692
0.4300394654
0.3387502416
0.6364842027
-0.5154678993
0.4618913152
0.2214564200
0.0472419690
-1.8926515972
-3.1973324828
0.6471933191
-1.8856769977
-0.6113625177
-0.6196420551
1.7732457322
-0.5002281652
-0.8121974729
1.3157689982
-1.1730442231
-0.5824732804
0.3904579073
-1.7674195383
-1.3045385687
0.2717503916
-0.7387732481
0.2422735707
-1.4473611091
-0.4982172371
0.4340315191
-2.2348088791
-0.6747450260
-0.5384987690
0.1914464811
0.2109117176
0.5791544635
-0.6135954591
1.1446024250
0.2202306389
-3.1242576822
0.3568479687
-1.1201387133
0.8643475645
0.8962442596
0.7929346798
-0.4184964521
-0.3471869345
0.0335217301
-0.7889154577
1.4035490864
-1.5728726760
0.1115534946
-0.9764233884
0.1152298787
-1.5614124528
2.7090834842
-0.1906918970
-1.1468913637
-1.5779643686
0.8030385516
0.4572391575
-0.5828420345
-1.4156024958
-3.4857682349
2.2207110855
-1.3684241062
-0.0617425028
-1.1964368370
-0.1100666363
-0.0068134422
0.0153706627
0.8269071204
-1.6481670081
-0.1593191395
-1.1922437551
0.6128102359
0.5591753359
1.5395029513
-0.1147268356
1.1503957903
0.9243928256
-1.5833681440
0.2915066211
0.0917891337
-0.2286660292
1.4616216649
-0.5617229799
-1.0195016527
0.5203337898
0.2558784156
-0.8866694722
-0.0420526777
0.4051034336
-0.3772404284
0.4358247186
0.1113847174
0.8753239678
-0.4673393049
-0.3352510719
-0.8328756429
0.9130584193
-0.0296019764
-0.1964822745
0.0773195252
0.4845821186
-0.7153197617
-1.3262480799
-0.6655565353
-0.2125435796
0.5692551228
0.6662833261
2.0833858428
1.1689688177
0.3403729017
-1.4391999194
-0.1448524923
0.1961449699
-1.5853905134
-0.0151438415
-0.6707398806
0.6552419453
-0.7980778593
-0.1589546835
-0.2986095460
-0.7033371012
-0.2719530546
-0.4390184239
-0.8615433011
-0.6761367634
-0.7228863436
0.0258481284
-0.0721131998
0.9029826369
0.5550650137
2.0665085824
0.5593800859
1.3291484670
-0.7979216522
-1.3962164359
-0.3086449896
-0.2244567937
1.1786584644
0.7723701388
1.1612135963
2.1172783490
-0.1694794546
-1.9903154926
0.0516595590
-0.8622192607
-1.6579492194
-0.0006238986
-0.5890920735
1.4515531623
-0.0536656400
0.4881902371
-0.5631746675
2.2708689627
-0.5542671944
0.3298586759
0.7201400280
0.1067975832
0.3929503185
1.4395324604
-0.4645153699
-1.3065383851
0.6353097125
-0.4305181184
0.6721725562
1.8948663629
1.9297032710
1.7239083154
1.4965515771
-0.2817269104
1.1938626584
-0.3869406329
1.5323036680
-2.3854066425
-1.8787971941
-0.8566131375
-0.6166927081
-0.5201606220
0.8243191814
-1.7552578098
1.0865149385
-0.3106156794
2.3703232318
0.7791379944
-0.3264292698
0.5894555105
1.7138409325
-1.3161153343
2.4821124524
-0.7271154245
0.5924186695
-0.2555545563
-0.9899373332
-0.3321082570
0.0500749167
0.0170149480
-1.1374360747
-0.5559633287
1.1288525146
-1.5124733141
-0.9693544585
-1.2165545968
-0.5332506591
0.5130274683
-1.7295169281
0.8863095396
0.1118946899
-0.6017865336
-0.6358327565
-1.4999474735
-0.6498894266
-0.5708560049
0.8482775236
-0.4118397595
-0.9140753734
0.8127603136
-0.3897621054
-0.5169900029
-0.5812693887
0.6271429460
-1.1170244985
-1.1260682537
-1.0705317301
0.9774470997
-1.7599515575
-1.8513684257
0.8799166826
0.1822724725
-1.3765711165
0.0456730628
1.0847575485
-1.5369905606
-0.2814149601
1.3541866792
1.0699592931
0.9103444736
-1.2608430192
0.1969121813
2.6678887624
-0.6739760961
-0.9359553659
0.0247955444
0.9027270688
-0.1688474962
-1.4225914667
0.0865542253
-2.5952427998
0.6592506372
-1.0618957056
0.3016166184
1.8370343473
-1.6152215751
-1.6206347310
-0.1546247739
-0.0243353097
0.6432958780
0.0016821042
1.1960122783
1.3631645856
0.7632616296
0.6846318743
0.5766089365
-0.6099823372
-0.0676378774
-1.5853293133
0.3596188591
0.4546786954
1.1694388302
0.8215335736
0.7480211060
-1.8809586794
0.4722584612
0.1433179063
-0.3077032155
1.1909471349
0.4764553979
1.3253679233
0.6292328789
1.0590323565
