14 7 0.17
8 0 1 1 0 1 1 2 0 2 1 2 2 3 0 3 1
5 0 1 0 2 1 0 1 1 1 2
6 0 0 1 0 2 0 3 0 3 1 3 2
4 0 0 1 0 1 1 2 0
6 0 0 0 1 1 1 2 1 2 2 3 1
7 0 1 1 0 1 1 1 2 2 1 2 2 3 1
4 0 1 0 2 1 0 1 1
7 0
6 1
4 5
10 5
2 1
5 6
3 0
0 0 0 0 0 0 0 0 0 0 0 0 0 0
0 0 0 0 0 0 0 0 0 0 0 0 0 0
0 1 1 0 0 0 0 0 0 0 0 0 0 0
0 1 2 0 0 0 0 0 0 0 0 0 0 0
1 1 1 1 0 1 0 0 0 0 0 0 0 0
0 0 1 0 0 1 0 1 0 0 0 0 0 0
0 0 1 1 0 1 1 1 1 0 0 0 0 0
0 2 1 1 0 1 1 2 1 0 0 0 0 0
1 1 0 0 0 0 0 1 0 0 0 0 0 0
1 1 1 0 0 0 0 0 0 0 0 0 0 0
1 1 0 0 0 1 0 0 0 0 0 0 0 0
0 0 0 0 0 1 1 0 0 0 0 0 0 0
0 0 0 0 0 1 0 0 0 0 0 0 0 0
0 0 0 0 0 0 0 0 0 0 0 0 0 0
0.0781196087
1.0892536053
0.5806652896
0.6422936856
-0.2054511457
1.4031094462
-0.9895766732
0.6395508773
-0.3691339455
-1.8114442476
0.3370846355
-0.3045770999
-0.1819612150
-1.6410274351
-0.8718028549
0.4117519284
2.0981544701
1.2622917713
0.5746669738
-0.9385177894
-0.2248723132
-1.1797951984
-0.9214728580
-0.8226059875
1.3186143232
-1.4146940377
0.3259281424
-1.1007267040
-0.5624658240
0.3656593422
-0.0927554883
0.8096072824
0.6337902387
-0.8231846276
-0.0424595268
-1.0671548785
-1.4651627014
-2.8218356648
-1.1766614410
-0.0660296437
-1.9215874572
0.0139559052
-0.3140415862
1.3498521705
0.8306629899
-0.6835785058
0.2720599015
-1.3187638004
-0.1885934667
0.2300003574
-0.1777830096
1.2502723918
-1.0239135370
-0.4121029609
1.7855952230
-0.2358263678
-0.3428416370
0.4554566851
-1.8678700794
0.5082826063
-1.4293411512
-0.8672861248
1.1700634101
-1.0243329946
-3.2213811609
-0.0917213621
-0.4059674497
0.8984491392
0.5254203836
-0.1136781930
2.0067709374
-1.6910108022
2.4476805598
-0.2200558475
-1.4439611266
0.2320251158
-0.2991389544
0.8881805105
0.3661782022
1.1311474822
1.4854808149
-0.3811907740
0.1189102543
0.9782329595
0.4463950681
0.4697659853
0.0874788524
-1.3731571088
-0.7921620475
-1.5864634522
0.3723544734
0.8676405560
0.5196736788
1.5411349820
-0.5480991670
-0.3216628161
-0.9046615963
1.1265202570
0.5361052588
0.6682695150
-0.4880317684
1.1237863381
1.1655962097
-1.2200033524
-0.5247057662
0.3599384191
1.5271350726
-1.4119664983
0.0216574447
1.0532051091
-1.4248850681
-0.3162833376
0.3324361457
-0.9762994271
0.7423366464
0.7286651813
1.7968781357
0.1380779174
1.0696670629
-0.8161304958
-0.3077648463
0.4549452870
1.0229846720
-0.1002875551
-0.8179996982
0.6855304811
-0.3796479548
-1.1391088432
0.0644032875
-1.3891344169
-0.4713031161
-0.0176978834
0.6328368263
1.0069573260
-0.7700485791
2.0877550908
0.5809382233
1.1474019385
0.1942533842
0.3048386913
1.4059464617
-0.5821606489
2.9748011900
-0.6486899526
-0.5514578053
0.0312451453
1.2663282067
-0.3922569825
-2.1922348470
0.4700843743
-0.9110369668
1.6310591774
-0.6832170877
-1.8696495693
-1.0631851969
-0.6329586982
-0.2352394888
-0.6540914848
1.8004647067
1.2278436675
-0.3631966065
0.7820690863
0.3572154311
-0.7958463187
-1.7552573888
0.6299046816
0.5369183521
-0.6113415528
0.0696164418
-1.1523831462
0.9669231536
-0.3060162808
1.7082072485
-0.0941130989
-1.5337199801
0.8944345228
-0.3426296380
-0.9857992802
0.5813242742
2.2420302010
0.4501611463
-0.1387997014
-1.6417364706
0.8206659898
-1.3801403420
-1.3356650066
0.1679740691
1.4208074691
0.0872462557
-1.1668262743
0.3470450566
1.3632914588
-0.5507343505
-1.2868422158
-1.0308183964
-0.3373534146
1.4666645358
0.3801944303
0.0258282517
-1.0806080962
0.4151884325
-0.6387097173
-0.4816427198
2.6917445074
-0.2248208501
-0.5370627110
0.6024231194
-1.5530033733
-0.7442917584
0.1141774910
0.9073168463
-0.9547132562
-0.6566611813
1.7355362790
-0.2439311313
-0.4155849859
1.6219363820
0.6518925847
0.4888918885
-1.4322217711
1.6724797709
0.1409743443
-0.8893867186
0.3174944219
1.4522292013
-0.4322172618
0.4892971959
0.4533829037
-0.1994154051
-0.4651583478
0.1343684523
-0.7491679637
-0.4778081871
-0.5874498347
0.5619952130
-1.7870847220
-0.9651379629
1.0756423014
-1.2760542086
0.8175291600
1.4304473652
0.3030711025
0.4020009600
0.3195386293
-0.5583290272
1.2361064155
-0.0369906287
-0.3447622636
1.3280758032
-0.7839156341
-1.2037627754
0.3460807366
-0.5227341997
0.6032905227
0.8458348729
-1.4795668244
0.6138796480
-0.5526422184
-1.1540388236
-0.4500941190
1.5444392913
-1.8078211358
0.4544351188
0.4740659939
0.6514240404
1.0645025749
0.7478503649
-0.4084953811
-0.1859299661
-0.9777118324
-0.9749991112
0.9224644121
1.7791380167
-0.5178441605
-0.5396002858
1.4136266809
-0.3126988938
-0.1015713582
0.8270908426
-1.3854661815
-0.1989352585
-1.9702849238
-1.7311814804
-0.2482058418
0.5448715916
0.1541826275
0.0608440150
3.1003793239
1.4211188642
1.9046719766
-1.4295270026
0.3070357819
0.2701619024
0.6756949640
1.1366571951
0.3988607295
-1.0391584386
-0.3605613023
1.2186924779
-0.2005193380
0.2294783608
-0.2596737295
1.0275550263
-0.7823051625
0.6283007577
-1.2053915813
-0.9394051086
-0.9373077195
-1.4452453075
0.0668124042
-1.7062482987
-0.5692376076
-0.0805136111
-0.9068454938
-0.1654719041
-0.7346122311
-0.2175098697
1.8285476696
1.0431109370
-0.7233041095
0.0387651965
2.6193580398
2.1731823184
0.1517022395
-0.6841394708
0.2781868447
-1.6817228547
0.3845999942
-0.6257962079
0.4598573887
0.2107546775
-1.1880486043
0.6803985133
-0.8888593550
0.6992959972
-0.9728792507
-0.0417462155
0.9081420933
-0.8194735036
0.8406735093
0.7623204892
-0.7627105314
-0.5342981090
-0.0498989852
0.2158299399
0.8390797687
-1.3320083817
-1.0423569149
0.0339809265
-0.6037957941
0.2435103177
-0.7038997084
-0.8136771038
1.5540403149
-0.1004457125
-1.0581310260
0.9007087505
0.1021107180
0.2207667073
0.1061101134
0.4437898643
0.9056659201
-1.5720912909
-0.0889603780
0.1009499981
0.2530695380
1.3687464084
-1.8981639345
-0.1986204232
-1.0249698069
1.7324616176
-0.2668815252
0.5313408059
0.7751117921
-2.6867050548
0.0350914640
1.2864686848
-0.5543429990
-2.0057655475
-0.5379574970
1.2345616756
-0.4589414928
-1.3046968881
-0.0786958549
-1.2959631793
-0.4459138894
-1.5886508911
0.9558018709
0.0309101947
-0.5516682372
-0.7014322853
0.9838853583
