13 4 0.12
9 0 2 1 2 2 2 2 3 2 4 3 0 3 1 3 2 4 2
9 0 0 1 0 1 1 2 0 2 1 3 0 3 1 3 2 4 1
9 0 1 1 1 2 0 2 1 2 2 3 0 3 1 4 1 5 1
9 0 1 0 3 0 4 1 0 1 1 1 2 1 3 1 4 2 2
7 7
1 5
4 1
0 8
0 0 0 0 0 0 0 0 0 1 0 1 1
0 0 0 0 0 1 0 0 1 1 1 1 1
0 0 0 0 0 1 1 0 0 0 1 0 0
0 0 0 0 0 1 1 0 0 0 0 0 0
0 0 1 0 0 1 1 1 0 0 0 0 0
0 0 1 0 0 0 1 0 0 0 0 0 0
0 1 1 1 0 0 0 0 0 0 0 0 0
0 1 1 0 0 0 0 0 0 1 0 0 0
0 0 1 0 0 0 0 0 0 1 0 0 0
0 0 1 0 0 0 0 0 0 1 1 1 0
0 0 0 0 0 0 0 1 1 1 0 0 0
0 0 0 0 0 0 0 0 0 1 0 0 0
0 0 0 0 0 0 0 0 0 0 0 0 0
1.3410776189
0.2835697485
-1.8199664244
0.4290122596
0.6222258361
-1.8797561870
0.1012694851
-1.2224218345
-0.1964588961
-2.1333011432
0.0076835451
1.1313952998
-0.8910890400
-2.0688353938
1.1896317774
0.9681294994
-1.3197555954
-0.4226667841
-0.1226475303
-0.4563906793
1.3322041678
0.3238518669
0.8697546225
-0.2626354675
-1.3904726223
-1.8608130195
-0.6491532549
1.0974263523
1.1115808982
-0.6434398168
-0.2704292415
0.2925301384
2.1363404648
0.5110411402
1.4652610068
0.1181038741
-0.0033633798
-0.2777464761
0.1321135808
1.0946730258
-0.9568987985
-0.3551261045
0.9714514295
-0.3889432817
1.4880963960
-0.8379671510
0.6293748695
0.7436466645
-1.4677698859
-1.3887809421
-1.3872322005
-0.8560863667
-0.6214555142
0.5204106004
1.8542402225
1.6732743150
-0.9360874122
0.9915680216
0.2581548455
-1.0422053710
-0.6170286489
-0.7111770581
-1.2781822315
0.7292150721
-0.2320916836
0.6955701326
0.3914312724
0.1285318647
1.1260411467
0.2768691815
-1.1617807887
-0.1187315206
-0.1100150080
-0.5096140752
-1.5587960115
0.6845515616
0.3538571360
-1.8089597841
-0.5830591207
-0.0432691737
1.0150979335
-0.2588350687
0.3758583343
-0.2904800014
-1.0749280008
-0.1156603438
0.7932893957
0.1180777581
0.9619024866
2.1238795853
-0.8989543993
-2.0038519717
0.2085763588
0.9873719888
2.1903854727
-0.7672495097
0.2263633251
-0.1702168644
-1.6194194548
-0.7044371763
-1.4155914135
-1.7408100518
0.7175152402
-1.6276960652
0.3872378932
-1.3946082541
-0.7902037241
-0.1732560601
-0.7961443811
1.2762747870
1.5690976834
0.8205119346
0.0674669877
0.0738332426
-1.2413532692
0.2974940095
0.8012796607
1.7182132453
1.3677725807
-1.9400965416
0.9827471740
0.0174143350
0.7035360116
2.2736582401
-1.0776967242
-0.1445925849
-0.6921248104
1.4528941344
-1.0766763984
2.4334017340
0.1189407558
0.1799771569
-1.0670778096
-0.6886345147
0.1064114746
-0.9712492602
0.6861987940
0.6370612479
-0.5169337190
1.1316998439
-2.1566038535
0.7027198391
1.1405944671
-0.0799339068
0.3873408537
-0.7458746483
1.1015033091
-1.6037166027
0.6057346025
-1.2262338718
-0.5160818156
-0.4887666436
0.4963016452
0.4387707638
-0.9931822528
0.4526537883
1.2253781870
-0.2777682173
-0.6463156934
0.7441905707
-0.8154378490
0.9362932319
0.6887567387
1.6893573157
0.2286523383
2.1647874046
0.5940124789
-0.4981827638
1.1933834930
-1.7397545845
-0.6103537358
-0.7907530892
0.0363864658
1.9234532079
1.7282118329
-0.6412938570
-1.2218955745
0.6347976943
0.6359328244
-0.6552441153
0.5166412282
-0.3167399016
0.6162808683
1.0802563310
0.6202625817
-0.7909891760
-0.2625698333
-0.2523892732
0.3877927863
0.4647182873
0.9996690022
1.1234809535
0.6081860588
-1.1405971102
1.4372677917
2.0570888982
1.0747153267
1.1605742610
-0.1747853537
0.2680350763
1.7138160717
0.2267501993
0.1773451610
0.7641552655
-0.1290969713
-0.5581730600
-1.1865449323
0.3800103796
0.7246590651
-0.0531101236
1.2943270666
0.3012480848
0.1085068293
0.6131189502
0.4309052905
1.1278711090
-0.1358870504
-0.2723632647
0.6655890148
1.2687435679
0.2086232710
1.0417096338
1.4638981272
-0.0460215769
-0.7730629441
-0.6977019942
-0.2982943178
0.6761440842
1.5982233568
-1.4714467989
0.2641220732
-1.2450435210
-0.5775492113
0.9480113463
1.3138088588
1.5160976757
-0.4001638307
-0.4520129062
-0.0421549488
-1.2633489615
-1.1205589434
0.0115862437
-0.0643538839
0.2930380911
0.3068147343
-0.4071683658
-0.7095403636
0.6560238356
1.7906943445
-0.6694344378
-0.6923088519
1.5800329165
-0.5772632216
-0.5192776642
-1.3748686766
1.2921180665
-1.3895733590
-0.3917739235
0.6125555224
1.2571920910
-0.7949949120
0.5678440051
0.7212448024
0.1089033643
2.4559943095
0.4513789396
-0.9453951343
1.2670053742
-0.8868576134
-0.3046846100
0.7013158910
0.1262971475
0.5914061972
0.7996575782
-1.9528658386
0.8619595816
-0.9546084761
-1.5465201062
-0.6437680453
1.7644506651
0.3375228444
-0.7329127971
-0.2519623795
-0.2740696357
-1.4138073508
0.7120834126
1.5581666892
-1.0432053937
0.2165936078
2.1306832438
-1.4027046039
1.1963122898
-0.7911765591
0.7054369236
1.5177178998
-0.2337543665
1.0687114303
1.6499121145
-1.0417393056
0.6266783693
0.6597258084
-0.8443999781
-1.0506969673
-0.2744758806
-1.3169394923
-0.1258188611
1.5639867606
-0.7385208223
0.5056587817
1.6358222649
0.3102282145
1.5618085151
-0.2524417182
0.6729549467
-2.3769082957
0.2584389810
-0.7245737471
-0.4120383713
-0.6931332548
0.9191051801
0.0076719461
-0.9325273494
-1.3580468847
-0.5253259290
1.7104958110
-1.3968456656
1.9262927844
-0.1618646675
0.5389493608
-0.3750070960
-0.9206032254
-1.0216674071
1.8853915114
0.6769181352
-0.5384208568
-0.9387575546
-0.7731435608
-0.2125399126
