19 3 0.05
29 0 1 1 1 1 5 2 1 2 2 2 3 2 4 2 5 3 1 3 2 3 3 3 5 4 1 4 2 4 3 4 4 4 5 5 0 5 1 5 2 5 3 5 4 5 5 6 3 6 4 7 4 7 5 8 3 8 4
34 0 6 1 6 2 3 2 6 3 1 3 2 3 3 3 4 3 5 3 6 4 4 4 5 4 6 4 7 4 8 4 9 5 2 5 3 5 4 5 9 6 2 6 3 6 4 6 5 7 1 7 2 7 3 7 5 7 6 8 0 8 1 8 2 9 0 9 1
25 0 2 1 2 1 3 2 0 2 1 2 2 3 1 3 2 3 3 3 6 4 1 4 2 4 3 4 4 4 5 4 6 4 7 5 4 5 5 5 7 6 3 6 4 7 3 8 2 8 3
10 7
1 1
3 7
0 0 0 0 0 0 0 0 0 0 0 0 0 0 0 0 0 0 0
0 0 0 0 0 0 0 1 0 0 0 0 0 0 0 0 0 0 0
0 0 0 0 0 0 0 1 0 0 0 0 0 0 0 0 0 0 0
0 0 0 0 1 0 0 1 0 1 0 0 0 0 0 0 0 0 0
0 0 1 1 1 1 1 1 0 1 1 0 0 0 0 0 0 0 0
0 0 0 0 0 1 1 2 2 2 1 0 0 0 0 0 0 0 0
0 0 0 1 1 1 0 0 1 1 2 0 0 1 0 0 0 0 0
0 0 0 1 1 1 1 0 1 1 1 1 1 1 1 0 0 0 0
0 0 1 1 1 0 1 1 0 0 0 1 1 0 1 0 0 0 0
0 1 1 1 0 0 0 0 0 0 1 1 0 0 0 0 0 0 0
0 1 1 0 0 0 0 0 1 0 1 0 0 0 0 0 0 0 0
0 0 0 0 0 0 0 0 1 1 1 0 1 0 0 0 0 0 0
0 0 0 0 0 0 0 0 1 1 1 1 1 0 0 0 0 0 0
0 0 0 0 0 0 0 0 1 1 1 0 1 0 0 0 0 0 0
0 0 0 0 0 0 0 0 1 1 1 1 1 0 0 0 0 0 0
0 0 0 0 0 0 0 1 1 1 1 1 1 0 0 0 0 0 0
0 0 0 0 0 0 0 0 0 0 1 1 0 0 0 0 0 0 0
0 0 0 0 0 0 0 0 0 0 0 1 1 0 0 0 0 0 0
0 0 0 0 0 0 0 0 0 0 1 1 0 0 0 0 0 0 0
0.8258838748
-0.2258058630
-0.8498501035
-1.0464933382
1.0968429442
-0.4649313074
-1.0896776055
0.4878145824
1.3000374853
-0.7144255440
0.1595713370
-0.2438900783
-1.1526268952
0.6153264224
1.0783373578
-2.2783805894
0.1671457649
0.8804442379
0.2575736698
-1.5089273257
1.1366077897
-0.8280209527
1.6424686142
-0.1012909738
0.1734221046
-0.1217538856
0.0891261144
-0.7791961385
0.1106777443
0.5508297832
0.4698406032
-0.9419206087
-0.1050029700
2.1059570719
-0.5188721227
-0.6968785341
-0.4180897403
0.2444136399
1.0637342469
1.5517671528
-0.7545151073
-2.3198286993
0.4458084846
1.0356909360
-0.3565147926
-0.2498693344
0.4827161928
-0.4082937936
0.8857151054
-0.9414681592
-0.1247126444
-0.1568315868
-0.0569380528
-1.2250751031
0.7516356855
-0.1318780334
-0.0450759251
-0.6580785151
0.2625121195
-0.2123918918
0.4804111579
-0.7744593700
1.8841103164
-1.9143965657
-1.1410387906
0.2091681958
1.0969031206
1.0978106371
-0.5842690554
0.6359843537
0.1286921755
-0.8840540761
-0.0695342775
0.3389744598
-0.9388654132
-2.5161840321
-0.4221804598
-1.3341466214
-2.0303353643
0.0162401531
-1.1915283606
1.4608128625
1.6003973823
0.4911650538
-1.3150780930
-0.2747537497
-0.3665739034
-1.6023143757
-1.0663981693
-1.3816255704
-0.7405360634
0.8040179719
-1.8867102795
-0.7044413445
0.7576239274
1.5788045894
-0.3475884432
1.5709832731
-1.3887253241
0.1857962148
-0.2916328402
-0.7318579221
-1.2773674053
-0.9560707744
-0.4039074750
-0.0761193677
1.1306859722
0.5186918937
0.2182228936
-1.8747278052
-0.3108888037
1.0368708966
3.4381877076
-0.9458087556
-0.2362833686
-2.2665761752
1.0620709635
1.2836049223
0.4704458333
-1.1160068473
0.8308269829
-1.5560198950
0.3872789172
-1.7340910322
0.7471090773
-2.4864413091
0.8525293969
1.2374719621
-0.7188887000
-1.5881186139
0.5515953558
0.3386631238
1.0275730520
0.8055378055
-2.0439301641
0.5774784369
0.2555570449
1.3161053355
-0.4678010084
-1.1541848991
-0.2367463911
-0.4093489477
-0.5489477415
0.1800243745
-0.9706800919
1.3305787355
0.1086546406
-1.9135580437
-1.6283894884
0.3582837145
0.9419726231
1.2405132710
0.6764525087
-0.8619983768
0.3328643833
0.7395212695
-0.8227003167
-1.5034575764
2.0825063666
1.2917161079
0.7398704240
-0.4336147052
-1.6696399700
0.2248645380
-1.9717772081
-0.3709337487
0.1746413433
-1.7430386969
0.2292592979
-0.3700789224
1.4956226854
-0.8789204690
0.2778401988
0.4151803477
-0.2582850760
0.3271785395
-1.4169413612
-0.5390244932
0.9360940055
0.4592393119
1.1596541605
-0.4340242053
2.2663434948
0.6069541189
-0.8167665265
0.0890876483
0.4986305986
-1.2872568599
-0.6107788683
-0.2844312031
0.2031823563
-0.1758184152
-0.5910135329
1.0179243755
-2.1386624597
-1.8767953171
0.0211218999
-1.6520161688
-1.3428372368
-0.5325266955
1.0557155432
0.6774585119
-0.8694647601
0.5672688772
-0.4065757240
0.0079765838
-0.2158316345
1.2406732580
0.8530470834
-0.2530127476
-0.6027735296
0.2677792319
-1.5564872452
0.9052311612
-3.0086577917
0.4970431939
2.2375794195
-0.6774075039
0.6535208596
-0.3787421907
-0.1173490782
-0.2599072726
-1.9633271374
-0.7354992944
1.2838332272
-0.0471763064
-2.2302951242
-1.3568724317
1.7432733973
0.6080290151
-0.0284803991
1.1001268066
0.8426568117
1.6023404176
-0.9541830481
-1.4002547124
0.0415673928
-0.8718878363
-2.1615020015
0.5934632326
0.2059036738
-0.3477953289
0.9545952933
-1.1307116463
-1.6007239622
-0.6047658400
1.5491931331
-1.1934823450
-0.7879026129
0.1173361341
1.1950174908
0.2072594591
1.3544507127
0.2936949034
0.1053750782
-0.0067474037
0.1232125823
-1.8730891176
-1.6840001652
0.1941530528
-1.2663365239
-0.6880700737
-0.7579102299
-0.1761950711
-0.3850121822
0.0421868614
-0.2728539880
0.5564905276
1.0029060761
2.4097353061
0.5783584453
0.7604689433
-1.1615460579
-0.7934720426
1.2840111840
-0.7984403793
1.5218015943
-0.5354559107
1.0183578894
0.2204264367
0.8865078327
0.0733725475
1.4016548236
0.7946093704
-0.6977003712
0.9636137958
0.2446200632
-0.2945227041
0.4252889207
0.0303964997
-0.3087026639
-1.4266704457
-2.2607743547
-0.6693637116
0.9333854280
-0.9350559198
0.8111630394
1.5684682525
-0.0746054677
1.0742393565
-0.2753059832
-0.4616245922
1.3760496612
-0.0447521748
-0.8664610285
0.4626111007
0.3714110295
0.5682227686
-2.6047608330
-0.3348394943
0.1327396030
0.9326168199
0.6441800751
2.3906848135
-0.2527788506
-1.4970199376
0.0393415179
-1.9391857293
0.4532331423
-0.2868473381
-0.0509911341
-0.1370958726
-0.6903560620
0.3124107780
-0.5544517688
-2.5397712029
1.5914236391
-0.0007718322
-0.4732043325
-0.9595516596
1.9655248028
0.9639627232
-0.6404386319
-0.0460464790
2.6213580445
-0.3178286123
1.3746122135
-1.0671452914
-1.7668086653
-1.4360951849
0.9582332153
-0.4669463279
1.2547955946
1.6262380579
0.3786731334
-1.4556108406
-0.3840906047
0.1745199875
0.2144684649
-0.1215486365
-0.2877587535
0.5570728252
-0.2310791290
-0.3622404474
-0.6962164136
-0.1466785158
0.2477162851
0.9061013978
-2.0022499383
-0.4972221357
0.8020701304
0.9689322257
-0.3448703267
0.6852820798
-0.7770191532
0.6080968137
0.1871651472
0.3398020978
-0.0354899961
1.0416125158
-0.9409320988
0.1450475939
0.8258386590
-1.7871581931
0.7118136478
-0.9328275207
0.1646548173
0.4488191428
-0.9006199022
1.1285865928
-0.3469133573
-0.3325969069
0.3630758761
-1.2247116811
-2.4077060335
-0.1773053926
0.7882048282
0.4838897885
1.0159206453
1.6202630750
-2.9248635284
0.1770572567
-1.7709712682
0.4064475296
0.9908485668
0.9277819057
1.8436678194
-0.8847926904
-1.2448270224
1.3474257625
0.1372066692
0.8038215076
1.1392373865
0.4979092702
-0.6830176168
-0.0269350648
-0.7214797092
-1.4497403755
-1.1192652614
2.0013162471
-0.6009855434
0.6235668443
-0.7604879607
-0.2584683620
-0.7019901209
-0.6787460617
0.8221183926
0.0600064304
-0.7028873050
0.2793475925
-0.5193485254
-0.8228992941
-1.1533500802
-0.4564738867
1.0163094086
0.5155678073
0.7264029737
-0.7832116950
-0.2637169251
0.9258369997
0.0676897364
0.6835635758
-0.7085348778
-0.6203947075
0.5054654409
0.6460468806
-0.8165482704
1.6700047132
-1.5598601873
0.6748569055
-0.3783702002
0.2756911280
0.1463366591
-0.2328157845
-1.4500518767
-0.1720536916
-0.4706753812
-1.0918773160
-0.9996831849
0.6810575923
0.4624448940
-1.8908767767
1.5555848912
-0.2706323219
0.5083708950
-0.8986094836
0.2031570988
0.9755929456
0.1733195066
0.6669168603
1.9338542472
0.5160700216
-0.7634138819
0.5215051865
-0.2974829157
-0.5785306185
0.3385290999
-1.0188915399
1.9684263331
-0.6545153787
-0.7389228388
1.4351227404
0.7131961982
1.2973782191
0.5824381961
-0.6117913572
1.4658496396
-0.1081513479
0.0270479133
-1.4549243614
-1.4089516955
-1.0989116561
0.4093299583
-0.0902789973
-0.0594863978
1.7109779463
-0.6124792220
0.0692934966
-1.1121488862
0.8038144545
0.2447124617
0.0120578999
-2.2170303477
1.5703214090
-0.2315239137
0.9759223239
1.4302574825
1.7968540975
-0.6006346215
0.2300775184
0.1701248509
0.1929516102
1.5598308573
-0.9426321875
-1.1720539833
-0.2762865035
-0.3931590655
1.5506724898
-0.0584649760
-0.2367575135
-0.5578135086
1.0225130022
-0.6272187013
0.2836207583
0.8750548481
0.4476580520
-1.3541326599
2.7632536815
-0.4747125165
-1.1438035992
0.6966613318
-0.2501329612
1.9389897538
-0.0806142025
-1.7365186170
0.5325550245
0.3832782586
1.1756674384
0.5468308453
-1.0813388624
-0.2382598035
-2.1970833440
-0.5523668672
1.1017801417
0.9660455160
0.0630591354
0.1977613647
0.2107695974
-0.8458577915
0.4354330960
1.0756188865
-2.3606833071
1.4605812535
0.2622122702
-0.6492308499
-0.3800641308
0.3695243895
-1.2337697280
0.6632023909
-1.5097890727
-0.8567941211
-1.9804986830
-0.3738280740
0.6312176167
0.7847509656
-0.6984035995
-0.2466566215
-0.2490277520
-0.4671911746
-0.6541964754
-0.8418467529
0.5972233890
2.0955355856
-0.6029287171
0.8176438039
0.4952671295
-0.0465430612
0.3758595345
0.7688091904
-0.5554849032
1.0043025213
-1.4140519083
-0.0118133109
0.0601055072
-0.6838872052
-0.3592376860
0.3997853294
-2.2332065092
0.4841780110
1.2954273449
-0.6698023608
-0.3169149260
0.1552256542
0.9115431988
-0.4538085747
1.0707191645
-0.2390475305
0.8140968948
-0.6663710172
0.4862120457
1.8909930179
0.1154866813
-0.5475864214
1.5702383851
-1.1755823986
0.4495638442
-0.1420744700
0.8318775290
-0.6780104096
0.9463733351
-2.1517252426
-0.2315255170
-0.2299230297
-1.7264414086
2.3267179256
-0.4240628795
0.4308409845
-0.1551844652
0.5613621109
-0.4270783861
0.9329318118
1.3253087529
0.8724089648
1.7926832080
0.2312251410
-0.0670728622
-0.7591975788
0.3030210957
-0.2249087432
-0.3556230127
-1.0697669730
-0.2539406683
1.6174305215
-0.7773284533
1.5450284375
-0.1414332930
-1.0731797391
0.9607182993
0.5085760404
-0.8246079496
0.3709467581
0.0410164596
-0.1877960040
0.2358217413
-2.0308157076
-0.0963054730
-1.8774985217
1.2359053763
-0.5494916356
0.9187418200
-0.9723908072
0.4541791349
0.0570065398
1.5460583874
-1.4695351750
0.2547560549
0.7013699302
-0.1477752345
-2.5381473509
0.1895631261
0.4196628250
0.6808735975
-0.6548128534
1.1397610291
1.1969356699
-0.9992939931
-2.8764975159
-1.0360945992
0.8075576621
0.6941687115
0.1432642426
-0.8277635594
0.5790231196
0.7234644072
0.0805508914
-0.2400642051
-2.2712047580
-0.1816870433
1.1686107681
-0.9881518615
1.3544413993
0.5754420184
-1.4246344978
1.6814056120
0.6090487643
-0.7102218714
1.1340237271
0.8190646550
-1.1260653812
-1.0533643163
0.9093502461
-0.3878326332
-1.0951522263
-0.9435958700
-0.6013969638
-0.0432549301
0.2137833474
1.4428010606
-0.1507641484
-1.4498424500
-1.0569236292
-1.6546438809
0.9864195034
0.5918648881
0.7622608210
0.1253217737
0.3178859146
-0.1817309784
-0.9039903553
0.2291101438
-0.3174918998
0.5373018974
0.8250005536
0.7148898596
1.7957891329
-0.0811923426
1.6559067983
-0.3792285987
0.8780964805
0.8773393519
-0.3470284573
0.2900270687
0.3424481707
-0.8612466360
1.0016629121
0.7220539113
0.3997073019
2.1566330930
-0.3194043077
0.6315267783
0.5007780999
-2.0157828481
