16 2 0.02
42 0 7 1 5 1 7 1 8 2 3 2 4 2 5 2 6 2 7 3 4 3 5 3 6 3 7 3 8 4 3 4 4 4 5 4 6 4 7 5 1 5 2 5 3 5 4 5 5 5 7 6 1 6 2 6 3 6 4 6 5 6 6 6 7 7 0 7 1 7 3 7 4 7 5 7 6 8 1 8 5 9 1 9 5
39 0 4 0 5 1 3 1 4 1 5 1 6 2 3 2 4 2 5 3 1 3 2 3 3 3 4 3 5 3 6 3 7 4 0 4 1 4 3 4 4 4 5 4 6 4 7 5 0 5 1 5 2 5 3 5 4 5 5 5 6 6 3 6 4 6 5 6 6 7 2 7 3 7 6 8 2 9 2
3 0
2 2
0 0 0 0 0 0 0 0 0 0 0 0 0 0 0 0
0 0 0 0 0 0 0 0 0 0 0 0 0 0 0 0
0 0 0 0 0 0 1 1 0 0 0 0 0 0 0 0
0 0 0 0 0 1 1 2 1 0 0 0 0 0 0 0
0 0 0 0 0 2 1 2 1 0 0 0 0 0 0 0
0 0 0 2 2 2 2 2 1 1 0 0 0 0 0 0
0 0 1 1 1 2 2 2 2 1 0 0 0 0 0 0
0 0 1 2 2 2 2 2 1 0 0 0 0 0 0 0
0 1 1 1 1 2 1 2 1 0 0 0 0 0 0 0
0 1 1 1 2 2 1 1 1 0 0 0 0 0 0 0
1 1 0 1 2 1 1 0 0 0 0 0 0 0 0 0
0 1 0 0 1 1 0 0 0 0 0 0 0 0 0 0
0 1 0 0 0 1 0 0 0 0 0 0 0 0 0 0
0 0 0 0 0 0 0 0 0 0 0 0 0 0 0 0
0 0 0 0 0 0 0 0 0 0 0 0 0 0 0 0
0 0 0 0 0 0 0 0 0 0 0 0 0 0 0 0
0.4013657454
0.1310525806
0.3174518946
-0.0872601628
0.4907522762
-0.8026278804
-0.2750768638
0.9237734004
-0.5088198845
-1.1242544382
0.3893642435
0.7775847708
0.7605495355
-0.5379319236
1.3405879325
0.1991416862
-0.6382972294
0.6143559596
-1.1146610627
0.0107452353
-0.0527728656
-0.2961218882
0.2781920756
0.5079957293
-0.7588202301
-1.0396975436
0.4246835745
0.7815848160
0.0757396295
0.9173568434
2.4272249090
-0.8111150468
-0.3036388151
0.7778222555
-1.8344875758
0.9705186422
-0.4853579339
1.4256046113
1.2051436820
-1.1236144059
-1.7968496681
-1.1060834241
-0.8145763188
0.7262022625
-0.9613349787
0.4806178659
0.4753508770
0.8191041955
-0.7477969313
-0.4068408111
0.6050622420
0.9324485551
-0.2291619610
-0.9392993418
-0.1600923708
-0.5956354985
-1.2204011967
-0.5003673273
-0.1326834244
-0.4244395383
0.2730570059
0.8793952325
0.7234597646
-0.7339446938
-1.9347584079
1.5558087428
0.7110797382
-1.3982992741
0.1920908519
-1.2652788802
-0.7784781712
-0.3242315249
-0.2401039742
0.9071705755
-0.0276471328
0.6964092984
-0.5688756703
-0.4767394678
-0.5026570698
-0.4256991255
-0.6424803500
-0.1864379038
-0.5369092450
0.3316528996
-0.9534846899
-0.4364715905
-0.0439056308
-0.1758418236
0.9961379400
-1.2453274258
0.5008941951
0.8498810047
-2.0660187472
-0.7188724026
0.4734347290
-0.7619283721
-0.8534769355
-0.0561381050
-0.5727399856
-0.3644389857
1.0912698594
-0.9983257948
0.1197979159
1.9424005928
-0.4104253219
0.2795472613
1.5697763602
-0.4010932949
-1.5527755646
0.7468993935
0.4354824866
-0.6351199813
-0.2042311168
2.1125865622
0.8061790766
-0.9283736609
0.4761564147
0.1008697894
1.0998630844
0.1680364220
0.3626639938
0.9973197099
0.0571595945
-0.7479829512
0.1436214881
-0.6957106733
0.4771563036
-0.4667787465
-1.2482303610
0.3547642318
-0.5989096984
-0.4326428999
-0.1061702958
-1.2995522021
0.6783467927
1.4449015370
2.0323754822
-1.5056638311
0.9028019456
-0.3016109074
1.7198084410
0.3533865342
0.1879483511
0.0649718072
1.6350238130
0.3341347178
0.0355914959
0.5818025804
-0.0147050004
0.7771449485
1.1811164929
0.0510891151
0.5096873160
0.2233082549
-0.7228609567
-0.9902252979
0.8312846124
-1.1189374425
0.6376190365
-0.3016189646
1.7160221323
-1.4010098127
0.7367289677
-0.5806868880
-0.1029621595
-0.1152575945
-0.1728712059
0.6967593280
2.5779496885
0.2231953584
-0.0271038828
0.4696292700
-1.3852533397
1.0212570082
-0.6674867922
-0.8411941142
-0.5590210235
0.2985380900
1.4698271671
0.1187681503
1.7237827037
-0.8113377887
-0.7754850385
-0.1985935212
1.1009360543
-0.8104532537
0.0908233899
0.0232282795
-0.6523964399
-2.1018378247
1.0819424153
0.3514283418
-0.9780454500
-1.8307084045
-0.7716504822
-1.0378895822
-1.4730533441
2.0209412198
-0.9620846918
-0.1747964216
0.6051079122
-0.9691652432
-1.0804210254
0.7164612262
-2.3083355071
0.7451196162
-2.2718481576
-0.7244192400
0.2765632244
-1.2208776899
-0.0585632363
-0.0989534559
1.2763438537
0.4060621131
-0.1282978652
-0.6094164814
0.5779549834
0.0516074023
-0.4365896089
-0.4347412706
0.0883798029
-0.0424279815
1.0000381480
-0.7498313249
-0.0917948785
0.7343386488
0.0631591761
0.5924227341
0.0022916480
0.0386990440
0.8730295595
-0.2555486717
-0.8139463998
0.0405207111
0.3135868565
0.9286224616
-0.6045165706
0.0102290982
-0.3336558419
-2.0263092216
1.5337320228
-0.4660885591
-0.3035769542
-0.5778670705
-1.0899979449
0.6618036437
1.1922785860
-0.1917494184
-1.4248785663
0.1441763805
0.9830235630
1.7050507271
0.8655156161
-0.9912701653
-0.8593129581
0.6175362745
-0.0729963020
-0.1156361993
0.5678650959
-0.0057883049
-0.9358889586
-0.1802908797
0.6033514511
-0.3106616781
-0.4812704166
-0.3909158730
0.6951990971
1.6142949700
-0.4112722540
-0.4148765223
-0.7546665103
1.0256661669
0.3444090805
-0.2194369490
0.7311492274
-0.4206751050
-0.6024902535
-1.2627333404
-0.7138869930
0.1666838411
-0.7508515758
1.1520076055
1.5647303871
-1.5771000935
-0.4516846484
-1.1165909553
-2.0767207525
1.5777000358
0.9995990778
-0.7876136236
0.3407262917
-1.6869566328
1.3597612134
0.9055342475
-0.4360815603
0.1359270715
-1.1141182814
1.0785912573
0.3708046047
-0.5861115624
-0.1960409642
1.0650101787
-1.4884374889
0.2386968772
-0.7029059196
0.7452282506
-1.0898998906
-0.4139935004
0.0841179278
1.2691197447
0.0002938047
-0.0844180751
0.1797078018
-1.5504550198
-0.5904135840
-0.9542912258
0.2454000093
0.5592402530
-0.0994518174
1.5932450401
-0.1473606931
-1.3020995596
-1.5535954283
-1.3771625400
0.0724614286
0.4505665003
0.6240222090
-2.0970475263
-0.2524245662
-0.1325685909
-0.2710032543
0.2631635101
-2.0899124365
-0.5542572270
-0.1530501326
0.5983781789
-0.2086271805
-0.7123215038
0.1159049437
-0.6231066835
-0.4133546874
0.1717099622
-0.5757613519
0.0621972618
0.7399402615
0.8561447340
0.5394572526
0.5024223197
1.2275824526
0.6614481361
1.7306528442
0.4692813906
-0.3816374485
0.2995046279
0.8285665018
0.4631534159
0.3867230587
0.2187642504
0.0428836182
-0.0265024923
-1.1860681627
1.0097462031
0.5874120692
-0.7817262210
0.5714688980
0.9082608621
-0.5015563794
0.4526830333
0.5184983352
-1.8072093496
1.0686309311
-0.5257725599
-1.0662409846
-1.1710686540
-0.4899407789
0.7948412444
-0.6925519361
-1.3443640227
-0.4631625200
0.5257461031
0.2043645245
0.2105769649
-0.3059172492
-0.3283854877
1.1710970792
0.8700378452
-1.5993917120
0.6076212134
-0.6224132629
1.0206950520
1.5284800443
0.3976535277
0.0411803967
0.4309123835
-0.0843566942
-1.4587507546
-0.8690024827
-0.3917226436
0.5580016943
0.0605921022
0.8437879247
-0.3850049327
0.6597979770
0.0902899320
0.9677854463
2.1200940648
-0.6718264059
-0.0790277704
-0.6506569731
1.0557847219
-0.2017432302
0.0511344326
-1.7453270602
1.3935879269
-0.2928361087
-0.1994077780
0.8526302390
-1.1246369915
0.6405816506
0.0680072944
-0.0816123822
0.1851367343
1.0421412752
-0.2871052303
0.5368691157
0.2589157084
1.0276808891
1.1752943756
-0.0170922317
-0.4441207861
1.9213237644
-0.8010926148
-1.5371032820
0.2490429943
0.6187737562
-0.3240593707
0.4821134114
0.6007825003
0.3502000137
-0.1454195370
-0.2320735103
-0.3894577393
0.6204587803
-1.2259244522
0.0370254838
-1.7322368913
-1.5544137738
-1.0967274545
0.9734889072
-1.4307903645
-0.5280435420
-0.1626574242
0.9294243580
0.5874574306
-0.6812560745
0.3494601859
0.5680622372
-0.0448767622
0.2705462289
-0.6765002469
-2.8171889994
0.2190891175
-0.2854588940
-0.0253117839
-0.6340104179
2.4078365019
-0.5562345521
-3.0280752316
0.9858863410
1.3200342851
-0.0576051084
-0.3281630054
-1.8532385396
-0.2450419397
0.3809253871
0.6909836530
-0.4086822610
1.2065443836
0.7208542835
-0.0706803389
0.2946265529
0.5351830366
-0.6035503687
1.0132019776
1.4904166247
-0.0216990930
0.7824691442
0.6876469795
-0.3379465411
0.0293014035
0.8450685362
0.8423045460
0.6002857375
1.1978213927
1.3946760295
0.6452480634
0.0446257534
-1.8901744459
-0.3643908270
-0.4320408369
-0.6624251933
-0.8942786848
2.3003145450
0.9748314211
-0.8115658549
-0.7761728776
0.4600298699
-0.8344920445
0.4076752563
1.4281724935
-0.7856366302
-0.1353250195
