14 3 0.17
28 0 2 0 5 1 1 1 2 1 3 1 4 1 5 2 0 2 1 2 2 2 3 2 4 2 5 3 1 3 2 3 3 3 4 3 5 3 6 3 7 4 0 4 1 4 4 4 5 5 0 5 5 5 6 6 6
26 0 3 0 5 1 1 1 2 1 3 1 4 1 5 2 1 2 2 2 3 2 4 3 0 3 1 3 3 3 4 3 5 4 1 4 2 4 3 4 4 5 1 5 3 6 1 7 0 7 1 7 2
19 0 3 0 4 1 3 1 4 2 0 2 1 2 2 2 3 2 4 3 1 3 2 3 3 3 4 4 1 4 2 4 3 5 1 5 2 6 2
1 3
3 7
3 5
0 0 0 0 0 0 0 0 0 0 0 0 0 0
0 0 0 0 0 1 0 0 1 0 0 0 0 0
0 0 0 0 1 1 1 1 1 0 0 0 0 0
0 0 0 1 1 1 1 1 2 1 1 0 1 0
0 0 0 0 1 1 1 1 3 3 2 1 1 0
0 0 0 1 1 1 1 2 3 2 1 1 0 0
0 0 0 1 0 0 1 2 3 2 1 1 1 0
0 0 0 0 0 0 1 1 2 2 1 1 0 0
0 0 0 0 0 0 1 1 1 0 1 0 0 0
0 0 0 0 0 0 0 1 1 0 0 0 0 0
0 0 0 0 0 0 0 1 1 1 0 0 0 0
0 0 0 0 0 0 0 0 0 0 0 0 0 0
0 0 0 0 0 0 0 0 0 0 0 0 0 0
0 0 0 0 0 0 0 0 0 0 0 0 0 0
1.6451468004
-0.2936672496
-0.1271612802
-0.6358846354
-0.4574376698
-0.1628191638
0.6337257521
-1.6569879133
0.6283648192
1.5171959521
-1.9835638249
1.3418768915
1.6391477121
-0.5375902624
-0.6759726967
0.9976324655
0.7151459558
1.4930764193
0.8419634431
-0.5769973447
0.9060300577
-2.4153381887
-1.7195026850
0.1802839587
1.2610341217
0.9769193641
-0.1605779327
0.3489225338
0.0869269261
0.9368621785
0.9946625990
-0.7223440544
1.1236879145
-0.0786600512
-0.1137948531
-0.3115428332
0.9832445642
-0.0954976363
0.3380184681
-0.4880757863
0.2469186318
1.0824396640
0.3871152159
-1.3610993174
0.4218733714
0.6300157528
0.3584656367
0.3668686340
-0.2986047333
-0.4076963536
0.2095709937
-0.7608944920
1.0065337918
-0.9012231291
0.1663144638
-0.4299469382
-0.1727452028
1.5836439353
0.0871443120
-0.7674038810
1.2248560991
-0.4627200066
0.5493631673
0.4402427029
0.9443349324
-1.8433020466
1.1291687964
0.2470501485
0.3352812905
0.1215856936
-0.3634770386
0.0258518972
-0.9899082345
-0.2531926637
-0.6069181939
-1.2189086921
1.5784536881
-0.1774955729
-1.3036255114
-1.3060634717
0.3884711569
-0.7298744852
2.0384570069
-0.2226716742
0.3168525857
1.6518327794
0.6281807900
-0.8467876997
0.7427727986
-1.0751974717
-0.8305828807
0.0741102484
0.8870409360
-0.0675746422
0.0783328998
-1.3100585904
-0.2950532051
0.1229389211
1.4759479526
1.7824638603
0.4023051717
-1.3100840273
0.8768873213
-1.6127032139
2.2789501361
0.0172935946
0.0294835007
-1.7156090904
-0.9916016462
-0.6675353672
1.5823512558
1.4381468704
0.8595148931
0.8840897901
1.4450374930
-0.0448212557
-0.3172731812
-1.5847053424
0.6073442096
1.4503952885
-1.2409804241
0.3328026012
0.8582494777
-1.1757136855
0.2505343716
0.8997279931
0.0288504021
0.6071905322
1.0480896864
-0.6330456891
0.4012137548
-0.4745492680
-0.2151571449
-0.2290785319
1.3652477456
0.8340220487
0.9514882506
-0.1288487306
0.9173865033
0.4056551820
0.1182131398
-0.7296712161
0.2487203048
1.3952432104
0.1458022186
0.7758937462
-1.0194604606
-0.3726449507
0.0462476226
-1.2091847787
0.3212767944
-0.4631586560
-0.2526243146
-1.2623936800
-0.3930777464
1.4374717067
1.1029911966
-0.8980153937
-0.7817171795
0.0604848342
-0.5218251157
-0.3763448050
0.9461349358
-0.4052329505
1.1858742844
0.4198877846
0.4200976725
0.3157689220
0.7727247336
-0.4726993644
0.0552624175
-1.1403595038
-0.4180259876
-1.8045351215
-1.3969186569
0.4042069340
0.3529628394
0.7746446158
1.1816327131
-0.2563214933
0.9151943578
0.1111652862
-0.5964489369
0.2883923174
-0.0986187179
0.1867814465
0.2384387524
0.9988222756
-1.9697165368
-0.5045946409
2.1992506037
0.3536677818
1.1160723321
0.8506244449
-0.8351975686
-0.7954686955
-0.4523315451
-0.7927289066
1.1426951154
1.2521101670
0.0454019791
0.2300918688
-2.3282763016
1.1929890380
0.0957889616
0.6011901138
-0.2862089763
0.6600066043
-0.8586823512
1.6290249048
-0.0256201535
-2.1435820652
0.3191195840
-0.1713415638
-0.0397377410
-1.2274170035
-1.1619193801
1.2337762258
-1.3720630581
-0.8927789926
2.3342876714
-0.9819677663
0.4466004095
-0.6686559990
-2.2188152201
-1.1905293552
-0.7855296276
0.1033956032
-1.0810211540
1.2183966914
0.8941379663
0.4444178388
0.3887434561
2.2967601475
1.3405889707
1.1599549136
-0.6770498237
-0.2084780919
0.7368094253
-0.4641957586
0.7887955671
0.2015375193
-0.1161679442
1.5311394858
-1.3944582990
0.6356872687
1.1592564957
0.6184522290
0.9342018452
1.7339887755
-1.0515445523
-2.0886202154
-1.4883614863
0.5816690125
0.2173459143
-0.4839694679
0.7203244140
-0.7529317322
0.2475696138
-0.5413203394
0.0920076937
1.0998177593
1.0269975550
0.0518191956
0.6935997698
-0.7946374501
0.0540357372
0.8265550800
0.0913921354
2.5380529022
-0.3875948403
0.2271933729
-0.8094119465
0.7099855623
-1.3004792035
1.1224133155
0.9988841093
-0.7353446259
-0.7616815629
0.1868693860
-0.4878317755
0.6072156960
-0.7586843290
0.2685925951
0.5398668358
0.3225026690
0.3645986132
1.7385679832
-0.6052372557
-0.5694186401
-1.0667503934
2.2573447971
-0.4972795238
-1.2696500113
2.3067530492
-2.2152790331
-1.0448896701
0.7069687716
1.2746537598
-0.4102938705
0.2819821610
-0.7787375775
0.5713648059
0.1353742890
-0.1292257471
0.3411059201
-1.6938377128
-0.4618946020
-0.9959886602
-0.3797230955
-0.0428288389
0.0993136506
0.6432815314
1.2045230380
-0.0346495357
0.2438452428
1.3374047244
1.0533167236
-0.5564229438
-0.2143174379
0.4610089732
-0.9768092589
0.3396349675
1.9856800365
0.3913467446
-0.2089049218
0.2113498860
0.8324212889
0.3166443723
1.2363143296
-0.2992181003
-0.8153643315
1.2749826871
0.8059563776
0.1470776487
-0.1550818086
0.2872577230
1.7345434654
1.1082767461
-0.9725786525
-0.8582929016
2.2413068971
0.0928473920
0.2930146861
-1.2610933112
0.6655364652
0.7188334171
0.0886882535
0.2492452013
-0.6897166489
1.0647783868
-0.2257786680
-0.2952824843
0.7885102293
0.6166302488
-0.5288339274
-1.7238485844
-0.8952103176
-0.8015225744
0.8823324157
0.9709197508
1.2249427309
0.3269231376
-1.2370960559
0.3057329706
-1.4729998451
0.2711237217
1.5094998096
0.4241452770
0.2679795158
-0.4036892669
-0.0744310839
-0.1368696234
0.8390439839
-0.7605272006
0.2581533735
1.3597661096
-0.3781517327
-1.1562524156
-1.3564459200
0.2909603586
-0.9905619018
1.8807351927
0.9868506243
-0.7476984394
0.4015274705
0.2034740541
-0.2725302133
-0.4775024200
-1.4788627778
1.2825235670
0.9763874134
