17 5 0.09
22 0 3 0 4 1 2 1 3 1 4 2 3 3 1 3 2 3 3 3 4 3 5 4 0 4 1 4 2 4 3 4 4 4 5 5 0 5 1 5 2 6 1 7 1
22 0 3 1 3 2 0 2 3 2 5 3 0 3 1 3 2 3 3 3 4 3 5 4 0 4 2 4 3 4 4 4 5 4 6 5 2 5 3 5 5 6 3 6 4
21 0 2 0 3 1 0 1 1 1 2 1 3 1 4 2 0 2 1 2 2 2 3 2 4 3 1 3 2 3 3 4 0 4 1 4 3 5 0 5 1 6 0
21 0 0 0 1 0 2 0 3 0 5 1 0 1 1 1 2 1 3 1 4 1 5 1 6 2 0 2 1 2 2 2 3 3 1 3 3 3 4 4 3 5 3
22 0 4 1 4 2 2 2 3 2 4 2 5 2 6 2 7 3 0 3 1 3 2 3 3 3 4 3 5 3 6 4 2 4 3 4 4 4 5 5 5 6 4 6 5
0 5
6 5
5 6
6 8
3 3
0 0 0 0 0 0 0 0 1 1 0 0 0 0 0 0 0
0 0 0 0 0 0 0 1 1 1 0 0 0 0 0 0 0
0 0 0 0 0 0 0 0 1 0 0 0 0 0 0 0 0
0 0 0 0 0 0 1 2 1 1 1 0 0 0 0 0 0
0 0 0 0 0 1 1 2 1 1 1 0 0 0 0 0 0
0 0 0 0 0 2 2 2 2 2 1 0 0 0 0 0 0
0 0 0 1 1 1 3 2 4 3 2 1 0 1 0 0 0
0 0 0 0 0 1 3 2 4 2 2 1 1 1 1 0 0
0 0 0 0 0 1 0 1 4 2 2 1 0 0 0 0 0
0 0 0 0 0 1 2 3 2 3 1 1 1 0 0 0 0
0 0 0 0 0 1 1 2 1 1 1 2 0 0 0 0 0
0 0 0 0 0 0 1 1 1 0 1 1 0 0 0 0 0
0 0 0 0 0 0 0 0 1 1 0 0 0 0 0 0 0
0 0 0 0 0 0 0 0 0 0 0 0 0 0 0 0 0
0 0 0 0 0 0 0 0 0 0 0 0 0 0 0 0 0
0 0 0 0 0 0 0 0 0 0 0 0 0 0 0 0 0
0 0 0 0 0 0 0 0 0 0 0 0 0 0 0 0 0
-1.1496008828
0.7291763280
-0.0939680119
-1.8486158935
-0.5970039788
-0.3752743386
-1.0770104419
0.2309060150
0.7001578328
0.1352819947
-0.0492766773
1.3847555253
-0.1794420591
-0.4327640560
-1.1199450578
-1.2499197724
-0.9558671674
0.2543132477
1.4428183710
1.1240636664
-0.3445253693
-0.8923042429
0.2244685241
-0.6551027462
0.6536570607
0.0740515006
0.2915955631
-0.6145736139
-0.2545713929
-0.9417228736
0.0452342956
1.2219221997
0.2181924151
-0.7682068729
0.8512202204
-0.0938522753
0.5649954302
0.4324017949
-2.0344851063
-0.4229287741
-0.3618458500
-0.4459477174
0.7681379043
-2.0588735542
-0.6641316293
0.1598555677
0.0832182363
-0.0738159334
-2.6653466486
0.0284736310
-1.4382054761
0.7792139140
0.0730242465
-0.2066524343
-1.2045748589
-0.4427529505
-1.2594376681
-0.2831820257
0.8746438724
-0.8590400385
-0.9865092878
-0.5526479618
0.2279412540
0.0429257766
-0.1025805239
-0.6116714944
1.1591441991
0.1558993111
-2.7222712839
1.1800417576
0.8842706766
0.9493823926
0.3390907342
0.4846602524
-1.8220629466
0.1359006372
-0.3735058127
1.2179232709
-0.4262813665
-0.0565698399
1.5341114327
0.1293597030
-1.9911882227
-1.1490005764
-0.4410334122
0.3740759634
-0.7264945750
-0.4967595006
0.2517104482
1.7438160513
-0.2614087617
0.2527827450
0.7764796684
-0.0815558626
0.4554249351
-1.5147746540
0.5960286014
1.9261567253
-0.8784394016
0.2967783659
-0.3186767302
-0.5290639783
-0.1900795758
-0.2618858113
0.4833611552
-2.0596268788
-0.2901894464
-0.3607312068
-0.3765801909
0.5849745027
1.1488124729
0.0505861296
-0.3096271923
1.7138570871
-0.3778774151
-2.4917288876
1.0874678714
-0.7056334679
-0.7054083739
1.1500132729
-0.7616975213
-0.3657247019
-0.0141649518
1.5948379213
-0.9599664352
-0.2931067050
1.1052760338
1.4662606594
1.9260633455
0.2564052559
-0.5433385965
-1.2590336409
0.2767793110
0.5456326448
0.0777473181
0.4502765490
-0.6923634287
-0.3700705333
-0.0695399007
-0.0708175571
-0.4024639004
-1.8459576944
-0.9607484550
-0.0336094522
-0.8345238881
-0.4418340876
-1.3286815790
0.7283111033
-0.0050608387
-0.3736548095
-0.2161057684
-1.0885364273
0.1834088572
-1.4722723171
0.0651711084
-1.0008018548
-0.0817622903
2.5897956496
-0.6712710439
0.1130255064
1.3471366597
0.5939930018
0.4097634132
0.6950287166
1.0570977715
-0.8771549663
1.9245348524
0.2243350258
-0.6658112177
-0.0216428888
-0.0361866420
1.9188284861
-1.2344347364
1.3228472148
2.1461437215
1.4707625640
-0.1972463097
-0.1463504335
-2.9264696967
0.9782987537
-0.0490443810
0.7005296566
0.8354363668
-1.1433763397
0.8401084272
-0.2683967275
0.0738540288
2.2446417563
0.2784033415
-1.8697758354
-0.0602649776
0.7556329683
-1.2508676370
0.2299382064
-0.3877149561
0.4711877449
0.3459612223
0.5108476653
-0.4030799971
-1.7034223912
-0.0249268187
-1.4172988737
-0.0940233380
0.0914010188
0.3795297089
-0.0566819760
1.1478506726
-0.2530893971
-1.6409694215
-1.0891899329
-0.1121907522
-0.0664854463
-1.8298001336
-0.4223754830
-0.5275903412
-0.5788713615
-1.4006688010
-0.7057332908
1.3594407095
-1.0981188429
1.1042853191
1.6425554618
-1.1473675330
-0.8539683545
1.1347041249
0.5970542789
0.1489900542
-0.4221255730
1.8656818596
-0.5268417851
1.5758745361
-1.9417958444
0.4280935775
-1.1820105974
-0.0304324093
-0.5558567775
-1.8751845698
1.3954126620
0.3539071605
-1.0713581525
-1.2502168422
0.6469800460
0.0790946378
0.3246163915
-0.3733477491
-1.0710788352
0.1399158326
-1.6956429649
0.9601766182
1.2829077952
-0.7060139204
0.1046332354
-1.3231873670
0.1077021560
1.6041782690
1.1957611355
-1.0809221008
-1.0582532131
0.0263494146
1.2146247510
-1.3194109743
-1.2771215121
-1.4035265470
1.2352646966
2.8253232946
-0.0973671073
-1.3460884849
-0.0563916172
1.2624688301
-0.3571675415
-1.8084055763
0.7391907433
0.4825940877
0.2262485258
0.7123145998
0.2781408153
-0.8259822446
0.3293481820
0.5569675090
-0.6099436077
-0.3090607424
-1.0008692707
-1.6000805335
-0.0747320421
-0.4066204038
0.7397333206
-0.0333940587
0.0103152246
-0.2960349700
-0.4314574858
0.5268384990
0.6648292703
-0.0608084330
-0.9253382324
-0.6814571803
0.5653566610
0.7995381354
-1.9431762691
0.4438638761
0.5777721938
0.3539794681
-1.8513355076
-0.5257446358
-0.2530754810
-0.6483036345
0.3308621090
-0.9764500889
0.6131595567
1.4941028637
0.8991603272
-0.9023762822
-1.4611862379
0.6314029834
-0.2793631649
0.4196218857
-0.4143452672
0.1032896218
1.3218801901
-0.6849716413
1.4643879178
1.9668905720
-0.8309866060
1.3469295150
1.7208404504
0.0924706453
0.4734750683
0.2431324132
-1.1862927136
0.1447352508
0.9811361681
1.9024086516
-0.5873059786
-0.3466823284
0.1492927954
0.6032331363
0.9742277217
0.8192419550
-2.1338333874
-0.0843493116
-1.6582521911
0.1894322424
-1.1342276997
0.4496112401
-1.8212244713
-0.3877690589
-0.2556023602
-0.9490381020
0.4303816230
-0.7366010849
0.2141422240
-0.7361132647
0.3178117886
-0.8476848574
-0.8246395069
-0.8677753606
0.0055968778
-0.2760324085
-2.2465095185
0.8986626463
-1.0231632316
0.6985307879
-1.0250541782
-1.1529203567
1.1160143497
0.1015614355
0.8591420455
0.1796879477
-0.7932316456
0.2231610192
-0.2345794525
-0.7099187497
-0.4433887885
0.5461465419
1.0627921325
-0.2375282878
-2.2292602031
0.4771530556
1.8329406147
1.8652901371
0.5606929637
-0.8288143849
1.3170011250
-0.1181810873
-0.6411392844
-0.5557907729
-0.7741218687
-0.0568674717
-1.3935679395
0.6448723244
-1.0932965542
-0.1701580079
0.2557062721
-0.9197999242
0.5714524039
0.5182424826
-0.0370646899
-0.2685862352
1.0294264657
-0.6130675911
-0.5647561443
0.3602637790
1.0304255342
0.2548426512
0.8409449880
-0.3707954528
-1.0631168349
-0.0199836565
0.4896482206
-1.6751613970
1.4622712923
-0.2145409726
0.0557956075
-0.9431641101
-1.6610916859
-0.3268603545
-1.0664517404
-0.0898174237
-0.6391150870
-1.6021200627
-1.0157420457
0.4230218078
-1.0069095722
-0.6438106195
1.3229026411
-0.6125671010
0.1785042948
0.8990961760
-0.5796731533
0.4780327656
0.5443657607
-0.3902890248
0.0320128979
-1.2640217840
1.4314852937
0.8163123838
0.9420612972
-1.0918127478
-0.3907121821
0.5854808453
-1.2677207968
-1.1065573490
-0.6816691471
-0.0854027361
0.5493739382
-1.6256304462
-0.4832904134
-0.8814730563
-0.6232063926
-1.8559257786
1.2333304189
0.7650717443
0.0847837910
-0.0261752979
-1.0303840690
-1.2891550662
1.0186749226
0.6673553479
0.3919627979
0.1670095410
-0.3353529110
-0.3343172864
0.1341978590
1.2115976816
0.4401697692
1.2522193337
-0.2814274431
-0.7544890569
-0.7007634032
-1.4387952876
0.3431478139
-1.5418999827
0.1120559049
0.0878905621
0.3271512073
-0.7163893640
0.9823022293
-0.9776338662
-0.9897113564
-0.4164066999
0.4705470028
-0.1628501623
-0.4741137398
0.8733945627
-1.7026503210
-0.3652146994
2.3153009677
0.6737061637
-0.4485793842
-1.5848844355
-0.8542220955
1.3009634553
-0.2728755851
1.7332468641
0.6984590776
0.4610043797
-0.5605826652
0.5123450664
-0.2209995034
0.2252583837
0.7919905503
0.3355783384
-1.4064928231
1.2635636882
0.7579189591
-1.7259339164
0.2785278953
-0.8139708603
0.2732866016
1.3836677852
-0.7114734149
1.2748939093
1.1050419026
-0.5491838874
1.8574356055
-0.7047085668
1.1366666063
0.1600904187
2.3543136774
0.4411063061
2.5156372075
-0.1292206152
-1.0457810206
1.8194620795
-1.0460897293
-0.2257625089
1.0991928478
-1.9263410684
0.3414827029
-0.7446712284
1.4236419833
1.2163264700
3.0297370471
-0.2957265466
-1.2684734753
0.0778527817
-0.4600489743
0.5092985475
-0.7650628400
1.7159599045
0.4255223796
-1.5239213647
-0.8916585346
0.0848583991
-1.1576646747
-1.1328029466
0.7021161878
1.1010154594
1.1519073294
0.6312353431
-1.4282957014
1.1093788843
1.3354566199
1.5614648787
-0.7803206129
-0.2368279408
0.4713153401
0.0159548269
-0.9118905790
0.5013754536
0.2300857477
0.6569594863
-0.4733414326
0.5663843547
0.3040738144
1.0614029910
1.7514380299
-1.0238979666
-0.5786022488
0.9141676481
0.1299913858
-0.0877330492
0.9074700418
-0.7090222891
0.7123252239
0.3169143193
1.6121742211
-0.1881550359
0.7796283079
