20 6 0.15
28 0 3 0 5 1 3 1 4 1 5 2 5 3 0 3 1 3 3 3 4 3 5 4 0 4 1 4 3 4 4 4 5 5 1 5 2 5 3 5 4 5 5 5 6 6 1 6 3 6 4 7 0 7 1 8 1
11 0 1 1 0 1 1 2 0 2 1 2 2 2 3 3 0 3 1 3 3 3 4
33 0 2 1 1 1 2 1 3 1 5 1 7 1 8 1 9 2 1 2 2 2 3 2 4 2 5 2 6 2 7 2 8 3 1 3 3 3 4 3 5 3 6 3 7 4 0 4 1 4 2 4 3 4 6 4 7 4 8 5 5 5 6 5 7 6 5
30 0 2 1 2 1 3 2 2 2 4 2 5 3 2 3 3 3 4 3 5 3 8 4 1 4 2 4 3 4 4 4 5 4 6 4 7 4 8 5 2 5 3 5 4 5 6 5 8 6 0 6 1 6 2 6 3 7 1 7 2
19 0 3 1 2 1 3 2 3 2 4 2 5 3 1 3 2 3 3 3 4 4 1 4 2 5 1 5 2 5 3 6 0 6 1 6 2 7 1
28 0 1 0 2 1 0 1 1 1 2 1 3 1 4 2 2 2 3 2 4 2 5 2 6 3 1 3 2 3 3 3 4 3 5 3 6 3 7 4 2 4 3 4 6 4 7 4 8 5 3 5 4 5 7 6 3
8 4
13 11
3 1
7 10
12 8
0 1
0 0 1 1 0 0 0 0 0 0 0 0 0 0 0 0 0 0 0 0
0 1 1 1 1 1 0 0 0 0 0 0 0 0 0 0 0 0 0 0
0 0 0 1 1 1 1 1 0 0 0 0 0 0 0 0 0 0 0 0
0 0 1 2 1 1 1 1 1 0 0 0 0 0 0 0 0 0 0 0
0 0 1 2 2 0 1 1 2 2 1 0 0 0 0 0 0 0 0 0
0 0 1 1 2 2 1 1 2 1 0 0 0 0 0 0 0 0 0 0
0 0 1 0 2 1 1 1 1 0 0 0 0 0 0 0 0 0 0 0
0 1 1 1 1 0 0 1 1 1 0 0 1 0 0 0 0 0 0 0
0 0 0 0 0 0 1 2 1 1 0 0 1 1 0 0 0 0 0 0
0 0 0 0 0 0 1 1 1 1 0 0 1 0 1 1 0 0 0 0
0 0 0 0 0 0 0 0 0 1 0 0 1 1 1 1 0 0 1 0
0 0 0 0 1 1 0 1 1 1 0 1 1 1 1 1 1 1 1 0
0 0 0 0 1 1 0 1 1 1 0 1 1 1 1 0 1 0 1 0
0 0 0 0 0 1 1 1 1 1 3 2 2 1 0 0 0 0 0 0
0 0 0 0 0 1 0 1 1 0 0 3 3 1 0 0 0 0 0 0
0 0 0 0 1 1 0 0 0 1 1 2 2 1 1 0 0 0 0 0
0 0 0 0 0 1 0 0 0 1 1 1 1 0 1 1 0 0 0 0
0 0 0 0 0 0 0 0 0 1 1 1 0 0 0 0 0 0 0 0
0 0 0 0 0 0 0 0 1 1 1 0 0 0 0 0 0 0 0 0
0 0 0 0 0 0 0 0 0 1 0 0 0 0 0 0 0 0 0 0
-2.7466184249
-0.2351220021
1.3807423441
1.5987781850
-0.0426773055
-0.7591051235
-1.7287819482
-0.0983421039
-0.7176705920
-0.4568521678
-0.5309621787
-0.5688699856
1.8478699641
-0.8493530718
0.3295854696
-1.1338559739
0.0596201121
0.1485369633
0.4985763046
1.4494233913
-1.4141107936
-0.2504869788
-0.9451657799
1.4865107833
-0.3363860526
1.5147761797
-1.0514499666
-0.0187385849
0.7020990335
0.7720461137
-1.1621757928
1.3961478464
-1.9409342431
-0.4809108691
-0.0189682421
0.2210424848
1.6639167131
0.1957751867
-2.5312715180
-0.8242720382
-0.0414546139
-0.5198909424
2.2262126364
-0.4232698415
0.3924268977
0.2693254800
1.4069966746
0.4184632317
-0.8971876324
-0.7369086806
0.7147420930
-0.1338698405
0.9522258777
1.5573790744
1.6098422898
-0.0810785007
1.8484115363
-0.1699909116
-1.4994079641
0.4252502753
1.2300685665
1.6066101954
0.7952644193
-0.5067398441
-0.4497302799
0.7628585398
0.6522223309
0.4910671900
0.4030466144
0.5627270173
0.9113975233
0.2516322621
0.3046229004
0.4515813681
1.7883504694
0.7236742710
-1.2314847519
-1.0808622463
-1.0888923917
1.3483901602
-1.3786257889
-1.4960773662
-1.5610975316
0.7681939628
1.4605730876
1.1517765058
0.6428673372
-0.2913298365
0.1868333234
-0.3444482955
-0.3696374120
1.6941222597
0.0394288008
0.6160908543
0.0333780023
-0.1417738369
-0.2227391721
-0.5582214129
-0.1348919538
1.2762234095
0.2583496397
0.0768731184
1.6162761690
0.6044665178
-0.6656912002
-0.1720234733
0.7095807108
1.0810451100
0.2865643066
-1.2572926084
1.6805481841
-0.8069106351
-2.0823168505
-1.1617385328
0.5713961435
-0.0880904885
0.6336037930
1.0784162528
1.9043523598
-1.7004630085
-1.2767066158
0.0819279830
0.3180028055
-0.6918361796
0.7579669897
0.5136343680
-0.6292636296
-0.5633382166
0.8530625045
-0.4506279803
0.0876801458
-0.7112820325
-1.3251341278
1.6737119943
-0.6658502644
0.8610390174
-1.1636240821
-0.0467078726
1.0251688914
-0.6840602684
0.3960836867
0.9606113547
0.5822559335
0.5715235723
-0.3450624648
-1.6552126364
-0.3219008174
-0.7454138357
-0.2185959453
0.8172320899
-0.2338311178
-0.3531853057
0.9763277112
-0.0527738271
0.5953403615
0.5125060609
-0.3041085337
1.3300558873
2.1974970254
0.2715305458
0.2241502485
0.2042934156
-0.4225151961
1.2443633821
1.2958527302
1.4010854813
-0.1757704927
0.7167872224
-0.2140608935
-1.2308122338
0.8361374821
-2.7696077511
0.4337059729
-1.4969917354
-1.5759544985
1.3195637501
0.8124594282
0.2633063677
-0.5069607552
0.6711294187
-0.2830754277
1.0229316524
-0.1083302363
-0.1175031108
0.9686022745
0.7576196858
-0.8618730901
0.3445336811
-0.9854713956
-0.1206584160
0.7225662488
0.3770749838
1.0061410866
0.2439555610
0.6642442245
-0.5786183112
-0.2239318328
-0.4632455535
-0.9896915542
1.7556647718
-0.1930708493
1.2500439445
0.2713901773
-1.0718556843
-0.0694504461
-0.6893555499
1.1413172984
-0.6293546558
0.7436764648
-0.9569827389
-0.0797395669
-2.0563798319
-0.6374683779
-0.5532368510
0.6465522521
0.4650505244
0.9922662140
-0.8149472627
0.3533997607
-1.3874185542
-0.3711901721
1.0261590339
1.3378009194
-0.3095984376
-0.9747251202
-1.3670823628
-0.5001647025
-1.0310038996
-0.3828070681
0.0799485581
-0.4523923710
-0.2379215710
0.1443583988
-1.9949541850
1.0520322165
1.2785875903
1.8855346947
-1.9896685603
-1.0746115264
0.7014553049
0.5076527036
-1.3456304710
-1.7295691454
-0.5161963909
-1.6190904073
-0.1778202460
-0.0102891580
-0.1918851935
-0.9267662661
0.8998560239
0.7495169392
-2.4612086743
0.5639373182
-0.4383042123
-0.9556463406
-0.4086392174
0.2626747129
-0.3434256970
-0.2311068556
0.3559490298
2.0485094192
1.2973150609
-0.7142782396
-0.7072477178
-1.4061056470
-0.4038228784
-0.6787933237
0.0028538814
-0.6653893722
-1.3544181211
1.1929096774
0.4328278383
0.6485986794
0.0311653421
0.2908038962
0.1470795628
0.9448216869
-1.1313180546
-0.3330553676
-0.1967813719
-0.4659921943
1.1611905126
1.2147580461
-1.2581904607
0.9631830183
-0.3147382641
-1.0228004642
-0.0597839292
-0.4287598226
1.2846450935
0.6012582821
-0.4458496480
0.6639807596
0.3901309854
-1.7188847426
1.2921732388
-0.8158647102
-0.1712295798
-1.6046005299
0.1792410864
0.2302275473
0.2747176564
1.7135514074
-0.8707145179
-0.3843452010
0.2671416138
0.6443811489
-1.2631550903
-0.6212159531
-1.6425338547
1.4219080730
0.0436830837
0.1499025075
0.6120947559
-1.1390196925
0.4309161137
0.9206688457
-0.4520855260
0.2024042017
0.3805773595
0.9033153127
0.0682644177
-1.7945115861
-0.7362886106
0.6480044928
0.1903151664
0.3816689184
1.3029383561
0.6458896084
1.2435071589
0.3326604296
1.4506304880
0.7889669943
-0.8434202922
2.1339040227
-1.0362461393
0.0700120137
1.1719910382
0.0365213108
-1.2015230296
-0.9548186835
0.5131631350
-0.6163745717
0.1190995663
0.7911844731
0.0634322557
-0.0112093022
-0.6184774488
-0.0867202547
-0.9240761086
1.0528903486
0.6399069469
-0.8300147207
0.2792682949
0.3378957427
1.1309514173
0.1973160557
-0.5736728549
1.9055225259
-1.5508113895
2.3258927907
-0.0574737833
-0.8552698415
0.3176040777
1.1724555798
0.3275828382
-2.0391943172
1.1923889773
-0.5653032270
-1.9200539908
-1.0057965397
1.5889899724
2.4470074381
-0.4700641988
0.9258673823
-1.8762905631
0.6241524841
-0.2924391152
0.5778305937
0.8268674020
2.2571733626
-0.3749767027
-0.5793922000
0.4644476361
-1.3551577894
-0.4198624645
-0.0904733945
-0.7042181823
-0.2772277766
-0.6776022634
-0.5885875077
0.4169811390
2.7331312819
1.2670175091
0.5622555451
1.6254212342
0.1938276974
-2.7698302246
-0.8232136043
0.7134963042
0.9322821756
-0.4580515571
0.4658563515
0.8608412388
-1.2792740068
1.0023155856
1.1457651849
-1.4130161392
-0.5059672648
-0.9757481330
-1.7406148360
0.0415423417
1.2184296440
0.0721367473
0.8216174587
-0.1365967578
1.2454933526
0.5430568679
-0.8458455451
-1.0526168989
-0.8035125751
-0.2239699098
-0.0666665503
0.4035783569
1.4430503639
0.6143553651
-1.6655874725
1.2736459885
-0.5091623559
1.2553308683
0.2738539086
-0.2082573534
-0.7380852938
1.3742410358
0.5158560365
-1.7070852159
-0.4211886865
1.1261001743
1.5018207873
-0.0444517430
-1.0834106517
0.1108764300
-0.3359726986
-1.9406956071
-1.3073544077
1.7473541331
-1.0064201179
1.2251196043
0.6884272266
-0.7045462978
1.0092376283
-1.5916710231
-1.1087822438
-2.5422372722
-2.2667574895
0.4475792579
-0.1596905815
-0.8775271318
-3.6794074574
0.9074068813
-0.4007151747
0.7843541845
0.5598495351
-0.0633043602
0.5836801367
0.2166489666
-1.2784669946
0.4455321107
0.2680236028
1.4008525536
0.9541210469
-0.4839418645
-0.0560688206
0.1872745879
-1.3619389062
-0.8680247445
2.5349236766
-1.2173839631
0.2450361549
-0.8455474344
-0.3966285803
-0.1632635912
-0.5480293627
-0.5894689425
-0.9847152730
1.7967934536
-0.0674280501
0.2552693671
-2.0835388887
-0.9705638309
-0.7598831991
-1.2413335820
1.7371225513
-0.6625905739
-0.2631916098
-0.6943044940
0.7308824406
1.0314887522
-0.5053364358
-0.0785214124
0.1161757654
-1.4847950740
-0.6789194347
1.1914594018
-0.9206341830
-1.1855714339
-0.9265681819
-1.9612216469
0.2386695314
0.3232737450
2.3567022956
1.9670590317
-0.5746272679
-0.8452728315
1.5428645149
0.8288818063
-0.5438333921
1.2588933841
-0.2670463540
0.4967680724
0.8336153949
-1.0121735039
0.2311397925
-0.6785229465
0.1788402907
0.0746470217
0.0034725435
1.1204243223
0.8839257209
0.6390023796
0.2867962398
0.4643896072
0.1211561747
0.3389504468
-2.8777528065
2.1008192206
-0.5409808716
0.4739044730
-0.5902126842
0.2734880358
-0.9756984174
-0.2696748166
1.0611823227
1.8233615097
1.6317705422
0.4470369814
-0.4207216217
0.0274709382
0.1851984750
-0.8862333325
0.1639249906
-0.9994311211
-1.5352547959
-1.7711693817
0.9560348128
-0.3798426530
-1.3559923979
1.2260070494
0.1943386455
-0.4069878170
-1.2712758561
0.8398826259
1.3933949253
-0.4478946306
-0.0094819305
-0.0625345407
-0.1007546070
-0.4237508931
1.6767303751
0.4368478591
2.0419092020
-1.3305512161
-1.1455854882
-1.0097174014
0.1047189230
-1.8475712749
0.9062806020
0.2147970950
-0.3796899253
1.5743306778
-0.7375854007
0.4367738660
0.3828185040
-0.6362654900
0.4121124984
0.8488312122
0.1509128668
-1.8889908970
-0.5066268220
1.2837302204
0.0008263471
0.5489584401
0.5759404095
2.0496126887
0.3807020506
0.6705576905
0.1025880810
-0.0623994497
-0.6043220127
-1.3942680521
1.0428873761
0.3552431461
-2.1386880693
-1.9404230851
1.2652012193
-1.6907061606
-2.6967905729
0.2129703080
1.1139027472
-0.6803916729
1.3704983974
-1.5099842031
1.6586512126
-0.0573805784
1.0571805414
-0.8122545143
0.0481258873
-1.0905877299
-0.6114274150
0.0948966527
-1.0464626660
0.3673950515
-0.2008029023
-0.3357430567
1.5944432645
3.6526838809
0.4975458181
-0.6247203756
1.2183354037
0.5048146787
0.3030752162
0.8919754181
1.5600420318
0.3161322366
-0.4538978758
-0.8713310398
-1.6439891353
-0.2257682625
0.9417987767
0.1803086944
-0.0424374308
-0.9128037816
-2.1611137658
-0.9842901911
1.2496932555
0.1178332927
0.8702810298
0.1810817995
-2.4216998629
-0.4221356957
0.5168800009
-1.3559242683
-0.0418681340
0.7652510106
-0.4614342368
-0.0209414393
0.7283138902
0.1809094186
0.8886834023
0.3653615151
-1.0032183957
-1.8498573162
-0.9894020487
0.4986964355
1.6432199200
0.0157610720
1.5064064896
-0.8976727407
-0.9914526342
1.3270255506
-0.7427518341
0.7618496322
-1.4595575505
0.1265356348
-1.3712516785
0.9962955409
1.0392573262
-0.5552517948
-1.2849091132
0.4467417869
0.1173093942
-1.6284296033
2.0478175024
-0.7046983243
-0.0494096593
-0.4649406304
-0.1580641996
-1.3392100174
-1.1713961404
-0.9988021785
1.3029540170
-0.5618000259
0.5851479421
-0.0883349719
0.9342983539
-0.5335470998
-0.9566737311
-0.4411641463
0.2697606899
-0.1104317369
-1.0721199948
0.1034753268
-0.4836179626
-2.2772221116
-0.4153702938
-0.8468683892
0.0177202589
-0.1867804381
1.4373999426
0.8922507404
0.1621398765
1.9927537129
0.7081884071
0.2002782335
-0.1092508177
2.2108448482
0.8984203602
-0.3730474316
-0.9735708728
0.0338461129
-0.2325526383
0.1932441018
0.5810239887
1.0260253335
-0.7003269559
0.4198582498
0.6051753759
0.2973420901
-0.9143000682
0.0496000985
-1.3383551006
-1.0037439668
0.1751329786
0.9760224960
0.3566674178
-0.5555459085
-1.2190308016
1.4116406832
-0.5014491810
-1.3700666255
-0.6401507924
0.3983396811
-1.2003597053
1.5177183117
0.6399440708
1.0709659195
-0.0931112180
-0.3799263745
1.4219507900
0.8765688878
-0.5044562438
-1.1384937980
-1.0127470193
-0.1316926877
1.4854149416
1.4039214655
-0.3962918501
-0.3460092405
-1.4013262281
1.8956321179
-1.0450834716
-0.5590822111
-0.9459893700
0.7860967569
1.0732173560
0.1823532899
0.8762471149
-1.3575541436
-0.1307124207
-0.4363685654
-0.7160651156
-0.3282983196
-0.2545039889
-0.3681246119
-0.1021424288
0.8529492915
0.5328410949
0.7327204014
-0.0136060684
-0.7478143852
-0.8738652315
-1.2325101289
0.1549188800
0.3740215540
-0.4297925642
0.1657751059
-0.5331912875
0.1172833173
-0.4275554953
-1.4024460981
-1.2036907520
-1.6407952505
-0.8336751601
0.7727856080
0.6436476904
0.7958594070
2.7451787919
1.0150772900
-0.1896575638
1.3297996452
