20 11 0.18
13 0 2 1 2 2 0 2 1 2 2 2 3 3 0 3 1 3 2 3 3 4 1 4 2 5 1
13 0 3 1 2 1 3 2 0 2 1 2 2 2 3 2 4 2 5 2 6 3 3 3 4 4 4
13 0 0 1 0 1 1 2 0 2 1 3 0 3 1 3 2 3 3 4 0 4 1 4 2 5 2
13 0 2 1 0 1 1 1 2 1 3 2 1 2 2 2 3 2 4 3 0 3 1 3 2 4 2
13 0 1 1 1 1 2 1 3 1 4 2 0 2 1 2 2 2 4 3 0 3 1 3 4 4 1
13 0 2 1 2 1 3 2 0 2 1 2 2 2 3 3 1 3 2 4 1 4 2 5 2 5 3
13 0 0 0 1 1 1 1 2 1 3 1 4 2 0 2 1 2 2 3 1 3 2 4 2 4 3
13 0 2 1 0 1 1 1 2 2 1 2 2 2 3 3 0 3 1 3 2 4 0 4 1 4 2
13 0 2 0 3 0 5 0 6 1 2 1 3 1 4 1 5 2 0 2 1 2 2 2 3 3 2
13 0 0 0 1 0 3 1 1 1 2 1 3 2 0 2 1 2 2 2 4 3 2 3 3 3 4
13 0 1 0 2 1 0 1 1 2 0 2 1 3 0 3 1 4 0 4 2 5 0 5 1 5 2
13 16
11 13
12 5
4 7
9 3
3 14
6 13
4 11
1 9
7 8
2 9
0 0 0 0 0 0 0 0 0 0 0 0 0 0 0 0 0 0 0 0
0 0 0 0 0 0 0 0 0 0 0 1 1 0 1 1 0 0 0 0
0 0 0 0 0 0 0 0 0 0 1 2 1 1 1 0 0 0 0 0
0 0 0 0 0 0 0 0 0 2 2 1 1 0 0 0 1 0 0 0
0 0 0 0 0 0 0 0 0 2 1 1 0 1 0 0 1 1 0 0
0 0 0 0 0 0 0 1 1 2 2 1 1 1 1 1 1 1 0 0
0 0 0 0 0 0 0 0 1 2 1 2 1 2 2 1 1 0 0 0
0 0 0 0 0 0 0 1 2 3 1 3 1 1 1 2 2 1 0 0
0 0 0 0 0 0 0 0 0 2 1 2 1 2 1 1 1 1 0 0
0 0 0 0 1 0 0 0 1 1 1 0 1 0 1 1 0 0 0 0
0 0 0 0 1 1 1 1 0 0 1 1 1 0 0 1 1 0 0 0
0 0 0 1 1 1 0 1 0 0 0 0 0 0 0 0 1 0 0 0
0 0 0 1 1 1 0 1 0 0 0 0 0 0 0 1 1 0 0 0
0 0 0 0 1 1 1 0 0 0 0 0 0 1 1 1 1 1 2 1
0 0 0 0 0 1 1 0 0 0 0 0 0 0 0 0 1 1 1 0
0 0 0 0 0 1 1 1 1 0 0 0 0 0 0 0 1 2 1 1
0 0 0 0 0 1 1 1 0 0 0 0 0 0 0 0 1 1 1 1
0 0 0 0 0 0 0 1 0 0 0 0 0 0 0 0 0 1 1 0
0 0 0 0 0 0 0 0 0 0 0 0 0 0 0 0 0 1 0 0
0 0 0 0 0 0 0 0 0 0 0 0 0 0 0 0 0 0 0 0
0.0012830369
0.6250056366
0.6620566103
-0.0121441319
0.8447499330
-0.4062428029
1.5593309361
0.6562611793
-0.7831630649
0.4545063623
3.0529555840
0.5650906637
-1.0569058600
0.7874189067
0.9631066339
-0.0992103003
0.3860835136
-1.6655234706
-0.9779731631
0.0820205669
-1.5446078040
0.9750389948
1.3388924304
-0.3686087387
-0.0923679519
-0.7029618512
0.2938768738
1.1469014433
0.1045643072
1.6305117138
0.7998197098
0.4262769953
-1.3111908279
1.0647803623
-0.4284749516
-2.4227771058
0.2155147232
-0.5742558367
0.4958428968
-0.7653986812
0.8681127711
0.2307859496
0.7820547598
-0.2218340387
-1.3531468227
0.7442558660
-0.0273637949
1.3409473439
-0.1090864570
-1.0104206395
1.2638278262
1.0740127276
-0.4868119433
0.2752658825
0.1494957369
-0.0078504147
0.3795403955
1.2027999661
1.0404329663
-0.3200478297
-1.5812712864
-0.8710063157
-0.5065209294
2.0743024786
0.5118591636
0.6650407301
-0.9634429559
0.2259219901
-1.5737270911
0.6549907928
0.5218842919
2.1688448169
-0.3005558269
-0.0563161166
-0.0984750850
1.0628689092
0.3285859839
-1.3694691066
0.5796953952
-1.5699330276
-0.7686320565
1.3164990290
0.3401239191
-0.6747912600
-0.1316896723
-0.1435158251
0.6519346950
1.4477221354
1.4108542552
1.4403764787
0.1155147886
-1.4329350597
1.5491789329
-0.4616650921
0.0212370717
-0.0883536943
0.2602857525
0.1118258933
0.6540137958
-0.1113622707
0.3737639735
-0.0420954646
0.3730016687
0.1916558792
-1.2056442654
0.3979619114
0.2882650878
-0.1248440311
-0.8423530603
2.1227779745
1.2834635047
-0.2480976089
-0.2840757318
-0.4182593829
0.2901498697
0.3202814818
-0.3255708706
0.8704323129
-2.7201894863
-0.4640645778
-0.1180555453
-1.5358624375
1.9153343990
-0.7547497234
-0.2474320086
2.4777202239
-1.1203902559
-1.3881292458
-0.6466251938
-0.8392135383
1.3248103552
-0.1191093010
-0.0384589470
1.0044718255
-0.5563757020
0.8353782213
0.4710418472
1.4792166556
-2.3023379144
0.6240317853
-0.8924981665
-1.9854166691
-0.6609733077
0.7970546286
0.6941240299
-0.9232179111
0.4138055863
1.5189393609
0.9804652186
1.5644270060
1.0748934941
0.3009162737
-1.3870807778
0.4401268587
-0.8197442509
0.6259562255
-0.3247216608
-0.1083738113
-0.0754748924
-0.1161486196
-0.4060734870
-0.2203004323
1.0345438924
0.6881267089
0.5460247876
-1.1319777757
1.4297987153
0.7900407147
0.7731531008
0.8771226620
1.7760879353
0.2975381171
-0.1908921532
-0.0036503705
-1.1869152836
0.6720232060
-0.8526263436
1.1452707969
0.9941360870
1.1351457652
-0.3585099565
-0.9937360459
-0.0216007311
-0.6794547144
0.7505929805
-0.4011633535
-1.2159059980
0.0770834016
0.0137451179
-1.1721029096
0.2466571105
0.8299482809
1.0640756433
1.4211855123
-0.0371179595
-1.1013367895
-2.0674280462
-1.0851574386
0.5149311713
-1.1635737440
-1.7405097602
1.1559704918
-0.1438692963
-2.4056558359
0.6806090257
0.8221609918
-0.5212458537
0.3464089715
-0.5779415345
-0.2159159065
1.4647577294
-1.0697893270
-0.6510980081
-1.9610948647
1.0675791145
-1.5498390645
0.9701984890
-0.4651147460
1.4066768926
0.7579613197
0.4548463521
-1.5284547102
-0.3607643484
0.7170549183
0.3668784217
-1.2256413670
-0.4347177168
0.0287849157
-1.1250035403
0.9297258750
-0.1492977870
0.4958343879
0.6741198428
0.3832699482
-1.7314349437
1.0628986711
-0.0782672571
1.7227515635
0.0288612237
0.2058791960
1.5496979747
1.5018993627
-0.3158442719
-0.4428491258
-0.0268717880
0.0481162201
-0.2353656284
-0.8621523137
-0.3266088264
-0.4690030649
0.3681488350
-0.1714845497
-1.1196098558
0.8392090431
-1.6679606476
1.0209042599
0.7553423242
0.3251234065
-0.5869016179
-1.5579232369
-2.5863709505
0.0056769578
0.8778866855
-0.0141041447
-0.1681614912
0.5055335612
-1.2497166350
0.0821472700
0.8200648597
-0.1439848561
-0.0071494057
-1.9698715355
1.7611911772
-0.6861865022
0.2213915713
0.5907546096
-1.5967884124
0.2080973457
-0.7548322695
0.2944210029
1.3082767230
0.2773406284
-0.1307513584
0.0773937711
-0.0112120778
-0.7430896237
0.6335458194
-0.7464404077
1.2481103507
-0.5975219973
-0.0637832680
0.6679451688
-0.5102326119
1.5878012006
-0.6716356694
0.4433472523
1.5251685390
-0.6845238782
-0.0381928124
-1.5996894811
0.8306849366
0.7554346072
-0.8620973358
-0.3405175429
-2.1290468804
-0.1648364264
0.8012753579
-0.0498683123
-0.3359769095
0.2348751254
1.6039534685
-1.4037916132
0.4191132577
0.9942040145
0.9630611157
1.6607395127
-1.3366226983
0.3692625397
0.2160062678
-0.8971415365
-0.9242221806
-0.5555490452
-0.0753666193
1.1665132455
0.0019080910
-0.1622917948
0.9400076621
0.3420187154
-0.6280630871
-0.7327268820
-0.0082850456
0.0179851596
-1.0493090020
-0.8939592748
0.7818770393
-0.9763775228
-0.1411687777
1.2449978442
-0.9425989617
-0.6043509079
0.2622593163
-1.6057887828
0.3179275371
-1.2629132089
-0.0364731928
0.4736898835
-1.2567267691
-0.3923205428
-0.5085969388
-0.0808579479
1.8529891412
-0.5397026306
0.4978646886
0.0966718416
0.7101073398
0.5247750549
0.7466659811
1.4365477264
0.8691193252
-0.4721589423
-0.4493916370
0.1574104116
0.5279666907
-0.8086937869
-0.2194845480
0.4463060700
-1.1856335304
-1.6116794235
1.2227989270
1.0055588805
-1.0477564143
-0.1308820693
0.7827501289
0.5717370873
0.5754513145
-1.4935753949
-1.2324994644
0.0214757415
0.6226017705
-0.1894382422
-0.5910700545
-1.2852109330
0.5527370951
0.7547529999
-0.0622027157
-0.5049034388
-1.7828463255
-0.1278477172
0.7240388016
-0.4881514227
0.1848017282
-0.7158829193
0.7742596878
0.9081527290
-0.6899156932
1.7814519115
-0.8775849556
0.8087593614
-0.1055153610
0.3463770157
0.6353143111
0.8539929734
-2.0876622544
-0.1291867021
0.2969523995
-0.5617492249
-0.0121477393
-1.8128953539
0.9263933564
-0.2894876302
0.1735119474
-0.5382381482
0.9984822358
-0.3811116357
-1.2802101164
0.3189882835
-0.8687957776
0.6078550242
-0.0737098568
-1.0385952743
-0.8799842385
1.0721417485
0.8674547296
1.3792933650
1.0988692528
-0.7306328742
0.4679612640
1.2490479356
1.4572574626
-1.2906057477
0.0865995205
-0.2357190552
-1.0949302906
0.7870543943
2.0300209954
0.7094279141
-0.4411258467
-0.2985241398
0.1010414366
1.0175766089
0.2161079617
0.6828401026
1.4008170407
-0.3811688030
1.6507241538
-1.0244015312
-0.3827789989
-1.2773786532
0.6507340283
-0.3027787732
1.1540060780
0.1836310927
0.1396549969
0.6282006299
-0.4244735091
-0.0506829285
-1.4674101993
1.4906862783
0.1019293280
0.9692768086
-1.5818770645
-0.6466937937
-0.2066995375
0.4089831806
-0.3838009801
0.4285766437
0.0039226619
0.3786435563
1.6750586017
-1.0879797082
0.2266917063
-0.9217328617
0.5554647711
0.3735472898
-0.2833083545
-0.1463763867
1.1359845615
-0.4932633322
0.6475061118
-0.3486284056
0.0996613835
0.0179235554
0.9635936854
-1.2000027841
0.1185412459
0.4938564917
1.0049223364
-1.7765780343
-0.5551733623
1.3572607087
1.1271161973
-0.5522016382
0.2773371230
-1.1131780359
0.8001723679
-1.2067016138
2.7677263302
-1.5780094931
0.1353050796
-0.7689221659
-0.0711517538
0.1386083728
1.9212265741
-0.1249550529
0.1467998988
1.2508373653
0.5748872022
1.2082526719
-0.9841712657
1.1058935659
-1.2789004148
0.1824402756
-0.7531734414
1.5702792281
0.2128149160
-2.0067478430
-0.9217280773
0.0428269553
-1.1809541704
0.4946007248
-0.6835023863
-0.0838482064
1.4464291029
-0.1870605584
-1.4881103577
1.6386617537
2.2911790639
1.2945661265
-0.4764689085
0.0871684443
-0.4649583230
1.6061572107
0.4445597931
1.6004258876
0.5660930027
1.5028336582
-0.1464819165
-0.6987549342
0.3308615938
-0.3829400014
-2.0963673537
-0.3113667003
0.5345431569
1.1291335871
-0.5199905670
0.4534155015
-0.5726518213
1.8535144524
-1.5254929150
-0.4725185406
0.0328558147
1.2475161802
0.8701194571
0.3409983782
-1.7209465241
0.3086520175
1.4110835184
-2.5848566050
1.4106581236
1.4280778114
1.6383827938
-2.0347174595
-0.4672564818
0.1279047102
-1.6027249333
-0.3031787577
-0.2056370569
0.4247390731
-0.5924046820
-1.5144015374
-0.0791835344
0.7343650595
-0.1744103734
-0.0827720906
0.2703112582
1.9703082271
-1.0066727840
2.1467243198
1.2359390704
-1.0126477239
0.3213167579
0.3680193646
0.0519086430
1.2173874623
-2.7217551564
-0.1392082554
-0.6821795680
-0.9439140130
-1.1354154798
1.0796452708
0.3735688810
0.7318824873
-0.3904359698
-0.4040492903
0.5847092874
-1.3182534029
-0.2213480177
0.9176260902
-0.9610133259
-0.7185130995
-0.6570649001
-0.4024701004
0.9959522995
-0.0490701555
-0.9011668555
3.1696863598
1.0258080256
1.7124202906
-0.1698098637
1.4049935405
0.6273251855
-1.3952379207
-0.4177301495
0.2635643007
0.1680878978
1.0797511480
-3.1396475820
-1.1294838283
1.0226665470
0.6259935359
-1.8427246849
-0.2944685180
0.4928749265
2.5057032048
-0.7115354911
-0.2322572777
-0.5967181842
1.9772227904
1.7614817757
0.9625536203
-0.2127541526
-0.0850360813
0.3166933175
1.1567397234
-0.3931196677
1.7507960556
0.8715835200
-0.2781593827
-1.4927271981
-1.0756709544
-0.0668474618
0.7970220420
-0.5666873659
0.3869897720
0.6427903090
0.5852714441
0.2818323151
1.1274176978
-0.8000119582
-0.1931231493
-1.3181161173
0.1934049630
1.1977349604
0.5477326719
-0.8538720456
-1.3005155794
-0.5642068735
0.2995426454
-0.9719316900
0.3512410641
-0.1698681816
0.0652341016
0.0383601675
0.7821718334
-2.0232133818
1.2217475747
0.9080875645
0.3794386186
-0.9577562799
-0.1759751467
0.3641818941
-1.2272631169
-1.0771543843
-0.3515761309
1.7613130770
-0.5023165496
0.6757534850
-0.4729192573
-0.3846871836
0.3909153191
0.3357686155
-1.2336698307
0.3912042046
-0.3957712624
0.6673799459
0.0077278310
-0.1208618427
-0.6752952277
-0.9607953274
-0.0961490125
1.8565666755
-0.5050139239
1.0681902548
1.1873627305
0.7164984554
-0.6664842252
0.4046785456
0.0104859480
-2.1900357623
-0.1074971394
-0.8794315315
-0.4600309161
0.4435567560
2.3527616699
-1.1727473009
0.5339634157
0.2930453107
0.3637424554
0.5443037387
0.4406389072
1.2414683843
0.1008839679
1.4652354539
-0.4886057412
-1.1856718593
-0.1585863769
-1.0938921097
-0.2419717586
-0.3358142513
1.0851699607
-1.6866204288
0.6252075049
0.3469869810
-0.4058751053
0.8073548139
0.8451703541
0.6223383662
-0.3899101752
-1.2185657603
0.8297422032
2.0132261257
-0.8054857629
0.1810045134
-1.6730867089
2.2372893581
1.0195331432
-2.3505913955
0.1396223586
0.2009243253
0.5860679567
-0.2174923967
-1.2051437241
2.2009823973
-0.0635567530
1.2030435961
0.9195800186
-0.0302970016
-0.6180102892
0.7672269094
-1.5750654969
1.3760454720
1.5454041034
0.1315572051
1.8688618309
-1.5301955975
0.1342792950
-1.0617364266
0.5936839114
2.5897702371
0.9574305953
-0.6762944070
0.4984164813
-1.0327083033
-0.7544741383
-1.0160968932
-1.4659998051
0.8642850954
0.7004986976
-0.1753691065
0.6135905223
0.3137578066
0.0570760312
-1.2672040713
-0.3633640835
0.1577189999
0.2685574214
0.5302825421
-0.9120241437
-1.0988734904
0.6262424601
0.3798586240
-1.4917402691
-0.2532429084
-1.0145708136
-0.3481433531
0.1359093843
-1.6373935920
0.3605132089
-0.1532036756
0.3790253845
-0.8738136740
-1.2472154956
-0.5005129149
-0.4105288611
0.3554113398
1.0781273143
-1.0190845842
0.7402681044
-0.3198273023
-1.5403057670
