13 4 0.01
23 0 0 0 1 1 1 1 3 2 1 2 2 2 3 2 4 2 5 2 6 3 0 3 1 3 3 3 4 4 1 4 2 4 3 4 4 4 5 5 1 5 2 5 4 6 1
21 0 0 0 1 1 0 1 1 2 1 2 2 2 3 3 1 3 2 4 1 4 2 4 3 5 0 5 1 5 2 5 3 5 4 6 1 7 1 7 2 8 1
20 0 6 1 4 1 6 1 7 2 1 2 2 2 3 2 4 2 5 2 6 2 7 3 0 3 1 3 2 3 3 3 4 3 5 4 3 4 4 4 5
20 0 0 0 1 0 2 1 1 1 2 1 3 1 4 2 2 2 3 2 4 2 5 3 1 3 2 3 3 3 4 4 4 4 5 4 6 4 7 5 5
3 2
3 4
3 2
2 5
0 0 0 0 0 0 0 0 0 0 0 0 0
0 0 0 0 0 0 0 0 0 0 0 0 0
0 0 0 0 0 1 1 1 0 0 0 0 0
0 0 1 1 1 1 1 1 2 1 0 0 0
0 0 0 1 1 2 1 1 2 2 1 0 0
0 0 0 2 2 3 4 4 3 2 0 0 0
0 0 2 2 1 3 3 1 0 1 1 1 1
0 0 0 1 1 3 3 3 0 0 1 0 0
0 0 0 1 2 1 2 1 1 0 0 0 0
0 0 0 1 0 1 0 0 0 0 0 0 0
0 0 0 0 0 1 1 0 0 0 0 0 0
0 0 0 0 0 1 0 0 0 0 0 0 0
0 0 0 0 0 0 0 0 0 0 0 0 0
-0.6247675959
2.1797473331
-0.3141481797
0.2420858626
-0.7239932651
0.0855015265
1.2048930142
0.2297604052
-1.8361486817
0.6942482663
0.2069445384
0.3137523199
2.4214591464
0.2295193747
0.1616077994
0.0230518512
1.6030797586
0.0992556390
-0.4017715405
0.4163493352
-0.8500084037
-1.0928988974
1.7819071694
-0.0645031705
-0.9368734051
0.8750976559
-0.1074537392
0.5247928411
1.8415281004
-0.3703019690
-0.4216043231
1.2288292684
1.4761460789
-0.5089550188
2.3167021539
-1.0506356533
-0.5531432554
0.5584471535
1.2933902276
0.4761152479
0.1019442943
-0.5635604787
1.2168246500
0.7873545624
0.7091428290
-1.2485979000
0.5273128634
-0.2748086993
1.0462234655
-1.2302997993
0.1628734580
0.1350290766
-1.3356579466
0.9214759791
-1.3418976893
1.8082904773
-0.8267330279
-1.8409853592
2.1421326094
1.4986895723
0.6890768587
-1.4373992454
0.9370861707
0.1135677393
-0.3586970812
-0.9444050843
-0.0124101519
0.5558385484
0.2324970754
0.7129968843
0.2525386141
-0.1781513854
-0.4396489088
-1.5416783955
-1.5678121713
1.5534259851
-0.3213400405
-0.9055204421
0.9459425073
1.4715609782
2.3247053376
-0.9012716367
-0.7562061043
0.2767802259
-1.3603198938
-0.7526803351
0.7795984770
-1.4725333407
1.5816347573
1.4717055824
0.4877458418
-0.4216370468
-0.9052930691
-1.6350600610
0.7344394414
-0.0793179448
0.5414526133
0.4767556051
1.7677397625
-1.8127693368
1.5284039480
0.8766580726
-1.4296376816
1.2875378706
-2.1627352970
-0.5802113892
0.2549738290
0.5921437442
0.5996704793
-0.5993582492
-0.2794570588
0.0055483564
-0.4290889843
0.0617200560
-0.9049542430
-0.4902133900
0.1088316948
1.1072531387
0.6398007750
0.4757334611
-0.5465080758
1.0068732063
0.9611344643
-1.9270203208
-0.1286595381
-0.7537871594
0.2153541440
1.0731105300
0.2822730562
0.4604067217
-1.3378028188
0.5700828367
1.8099379138
0.5639367316
1.0193315094
-1.0593730628
-2.1477922594
0.3942990686
1.5198874010
0.5173229163
-1.6489937321
0.4842970202
-0.7766464345
-0.7079215137
1.0610722292
0.3481944291
0.3602542688
-0.0662497247
-0.8350704010
0.9593970881
2.0568483268
1.9859640675
-0.2165614358
-0.9047916024
-1.2781060700
-0.8823158806
0.4082363019
0.3077034856
0.2848628759
0.3265411457
0.3641363620
0.4976413607
-1.6608145681
2.2795595009
-0.6277091920
-2.2530650451
-0.5978734188
0.4175081957
-0.5118831516
0.5438162239
1.0673452509
-0.8171131118
-0.4403021932
-0.3837503350
1.5485983970
0.5134884090
0.5040852503
-0.8460754916
0.7294716097
0.8233999436
0.2309731435
0.2850430770
0.5571976781
0.0787356579
0.7575733815
0.9668460246
-1.6933184325
1.6708916597
-0.7266823081
-0.2900402611
1.2834138193
1.4427110950
1.4126715926
-1.2806610567
-0.6752146151
0.3581930914
0.7840484814
-0.4565823545
-2.0965898626
0.8449952735
-0.7344511862
0.4062545398
0.5766166113
1.4105077704
1.8904630726
0.2864698764
-1.4426008516
0.7144539818
0.3627034548
-1.0522546963
-1.4501337123
-1.2389606544
-2.2569343843
0.3393779792
-2.0719460168
0.9777852710
-0.9070279506
1.4640022296
-1.4504365816
1.2366344650
-0.1734871470
0.4092229006
-0.3675658180
0.8763548297
0.2159355811
-0.6561772285
-0.1122458563
0.2054290317
-0.1110367766
1.9160067579
1.1522963241
0.6505411376
-0.1377720712
0.8923708421
2.0397896270
-1.5903367200
0.0962208369
-0.7247627051
-0.0730505879
0.1923713689
0.3204987143
-1.6926762765
0.0762447032
-0.0499968191
0.7975649633
-0.3093339246
-0.4243335848
-0.1655835628
-2.1619414870
-0.9856877271
-0.4183905831
0.0875497755
-0.7489324062
-0.0901534363
1.7727203716
0.1954555360
-1.2980979582
0.1851955161
1.0277232785
0.8885982429
0.3162423155
-0.6585084636
0.0412632708
-1.0515118132
1.1777349103
0.7895625273
0.2317812552
-0.7118772058
0.5138782707
-1.0078881359
-0.2395428458
1.8083260369
1.1349904712
-0.5241344468
0.7306548966
-0.2383620290
-0.2489637018
0.0405561689
-1.2745714221
-0.2500437066
0.2954658089
-0.4163077077
-0.3796198697
-2.4629088415
1.0025461236
-1.1455016504
0.7332189350
3.0675599372
0.7169713823
0.6734772563
-0.9587648782
-1.6558193451
-2.1075468860
-0.7578995239
-0.5055745449
-2.4645323692
-0.4553486223
1.4870954978
0.0795402507
-0.0515882465
-0.0727306400
-0.6293248279
1.7243985964
-0.9265704328
-1.1072104196
-0.3521574200
1.6374265603
-0.2145500450
0.1989592117
-1.0434911436
1.4261861798
0.6919364321
-2.3715754758
0.4636709610
0.5081197118
0.7960479704
-1.1460802587
-0.6130864747
-0.0586915788
2.0428094782
-1.1044182415
1.3781648150
-1.7005271438
0.0406894758
-3.0349572121
1.1873161762
-0.3831683109
-1.9869645549
-0.5851777206
0.7130146318
-0.7743501474
1.5919686012
-0.4325912021
0.1220132262
-0.8763949460
-0.1887898884
0.0393508582
0.9687939097
