20 7 0.02
14 0 1 1 0 1 1 1 2 2 1 2 2 2 3 2 4 3 3 3 4 4 3 4 4 5 3 5 4
16 0 1 1 0 1 1 1 2 1 3 1 4 2 0 2 1 2 2 2 3 2 4 3 2 3 3 4 1 4 2 5 1
19 0 1 1 1 1 2 2 1 2 2 3 1 3 2 4 0 4 1 4 2 4 3 5 0 5 1 5 2 6 0 6 1 6 2 6 3 7 3
20 0 6 1 3 1 4 1 6 2 3 2 4 2 5 2 6 2 7 3 0 3 1 3 2 3 3 3 4 3 5 3 6 4 2 4 3 4 4 5 3
17 0 2 0 3 0 4 1 0 1 1 1 2 1 3 1 4 2 2 2 3 2 4 2 5 3 3 3 4 3 5 4 5 4 6
19 0 4 1 3 1 4 1 5 1 6 2 3 2 4 2 5 2 6 3 0 3 1 3 2 3 3 3 4 3 5 4 2 4 3 4 4 5 2
17 0 1 0 2 1 1 2 1 2 2 3 0 3 1 3 3 4 1 4 2 4 3 5 1 5 2 6 1 6 2 7 2 8 2
12 4
9 10
8 15
12 9
8 3
5 7
11 16
0 0 0 0 0 0 0 0 0 0 0 0 0 0 0 0 0 0 0 0
0 0 0 0 0 0 0 0 0 0 0 0 0 0 0 0 0 0 0 0
0 0 0 0 0 0 0 0 0 0 0 0 0 0 0 0 0 0 0 0
0 0 0 0 0 0 0 0 0 0 0 0 0 0 0 0 0 0 0 0
0 0 0 0 0 0 0 0 0 0 0 0 0 0 0 0 0 0 0 0
0 0 0 0 0 0 0 0 0 0 0 1 0 0 0 0 0 0 0 0
0 0 0 0 0 0 0 0 0 0 1 1 1 1 0 0 0 0 0 0
0 0 0 0 0 0 0 0 0 0 1 1 1 1 0 0 0 0 0 0
0 0 0 0 0 1 1 2 1 1 1 1 1 0 0 0 1 0 0 0
0 0 0 1 1 1 1 1 0 1 1 2 0 0 0 0 1 1 0 0
0 0 0 0 0 1 1 1 1 1 1 1 1 1 1 0 1 1 0 0
0 0 0 0 0 0 1 1 1 0 1 1 1 1 1 0 1 2 1 0
0 0 0 0 0 1 0 0 1 1 0 0 1 1 0 2 1 2 1 0
0 0 0 0 1 1 1 0 0 0 0 1 2 1 0 2 1 2 1 0
0 0 0 0 0 1 1 1 1 0 0 1 1 1 1 2 3 2 1 1
0 0 0 0 0 0 0 1 1 1 1 1 1 1 1 1 0 1 2 1
0 0 0 0 0 0 0 1 1 0 0 1 1 1 0 0 0 1 1 0
0 0 0 0 0 0 0 1 1 0 0 0 1 0 0 0 0 1 1 0
0 0 0 0 0 0 0 0 0 0 0 0 0 0 0 0 0 0 1 0
0 0 0 0 0 0 0 0 0 0 0 0 0 0 0 0 0 0 1 0
-0.8159498292
0.8985146594
-1.6133284697
0.2270633574
0.0987638463
0.1595441219
-0.1217680884
-1.0794985512
0.1596945632
0.5039483945
0.6905757258
0.8896882413
-0.8135316060
0.7259755899
0.9932249709
-0.2374453891
-1.3221064797
-0.1541596478
1.0830445967
2.1891241691
0.4647794218
-2.1204776366
0.8768634878
-0.2835084992
0.8926787895
-0.4416840208
-0.0736879260
-0.8187177076
0.7613500151
-0.5674935058
0.1787281691
0.8316753132
0.4204262808
-1.3093484558
-2.3272886148
0.7152990421
-1.3848954014
-0.6805415437
2.1439729449
0.1786632838
-0.6978343961
1.0588669933
-1.0265649723
0.7820992669
-0.6549475728
-0.2994593555
-0.8822415650
-0.2217350343
-0.0824225846
-0.2848974636
-0.9131927712
1.4119444908
0.8523884401
0.2867467145
0.0659491269
0.3293709715
1.2224563952
-0.8081768381
0.3375322230
0.1688721195
0.2190081150
0.1585423077
-1.0572712736
0.3955947483
1.6461813671
0.6291840712
-0.2284212422
0.3782766413
0.0728255960
0.0347005686
-0.1253963394
-1.1393463591
-0.3754624482
-1.5529244609
-0.8641835996
0.6086517411
-0.0059913688
0.5951991974
1.6417010087
0.4422533216
0.1028825215
-0.1067799545
1.8664464579
-0.3275105895
0.1428959422
-0.3821961396
-0.0373437373
0.3884274622
1.0659356795
-1.6691208912
0.8044817196
-0.6702673208
0.6685725885
1.3924335044
0.5427239919
-0.2464149421
-0.4814895528
-1.7376894999
0.0045064036
-0.4951124210
-0.0926558351
-0.6111736513
-0.6828866725
-1.1130725772
0.8560189684
0.1591043844
-0.0362927741
1.9660640723
-0.9421603372
-1.5992865319
-0.0008053240
0.4101140740
0.5470452458
0.8910635158
-2.6531404673
-1.1456378294
0.4147528430
-0.6804975416
-0.3471591252
0.3132316224
-0.3542919276
-0.3220033945
-1.2627739024
-0.1855810949
-0.1880850414
1.4737984596
-1.2192897454
-0.0199932241
-0.2084732610
0.4166386234
1.7575744379
-0.2377012559
1.3776913568
-1.2380696468
1.1925746547
0.1582615828
0.5628821416
-0.0360164004
0.8563653568
0.0865006652
1.0874630830
-0.1275488522
-0.6341739328
-1.3217917488
1.0590373756
0.5991508982
0.1372796712
-1.8364572240
-0.1409544854
-0.9395871948
-1.4285672734
-0.3818730785
0.6061639476
-1.3920565231
-0.2052263182
-0.0673836447
0.4573956016
0.7346859691
0.6139946791
0.6258149002
-0.8334468918
0.2083962559
-1.4166802539
0.1209511566
0.6975405195
-0.7352419657
0.1837046651
0.4088554779
1.7021718812
1.4646051493
0.7594868741
-0.1023804760
1.2346929580
-0.4141540007
0.0044124663
0.9752936649
-1.4283587116
0.1850590822
1.1624239198
-0.3908064850
0.2977996968
-1.6603387210
0.1053323321
0.3708231329
-2.4333632417
0.1658091611
-1.8362438006
0.0869740595
-2.4895491977
0.8698562244
0.2495478651
-0.2834674147
1.8992970663
0.3449430319
-2.9206031240
1.7854813214
0.1698300869
0.0511670336
0.3908015547
-1.3935124975
-0.0922049508
0.0628828094
-1.2463533270
-0.5060207962
-0.2363309353
-0.0026892736
-0.1370568343
-0.5963779328
-0.0761985003
1.9269161353
-0.1384504617
-0.3538470336
-1.8172313685
2.2131142408
-0.3277073983
0.1977995857
-0.7693456153
0.2502970228
1.0054738897
0.7483522407
1.5987029575
0.1179075042
-0.4644838495
-0.9341973798
-1.0620855340
0.0865289519
-1.3001253967
0.5283171653
-1.3852481050
-0.4680244566
1.2687575760
-1.3070158968
1.5188371964
2.1942177361
-0.9953675386
0.1330126938
0.9455168512
-0.6270843475
0.2185677690
-1.5147758160
-1.3102137449
-2.2771434306
0.5716042978
-0.1964001468
-0.0758638443
-0.4484845417
-0.1132065981
-0.2576250855
0.6597420253
-0.4198908741
-0.3561043627
-1.4089242415
-1.2597760445
-0.5622518237
-1.2648419646
-0.9809581220
0.1009922634
1.3309411379
-0.4554418557
0.4567307398
-0.8918455167
0.9670929386
-0.1166749175
0.9632976808
-0.5849396502
-0.2159873874
-0.4929503350
-0.1287877599
-2.3015066662
0.6935169248
-1.5327797451
-0.1719341448
0.4313388722
-0.0384962040
-0.4514382470
1.5934356532
0.2619719598
1.3513670903
0.3972480434
-0.0769425532
-1.5429693801
-0.1361278252
0.5672869455
-0.5397476356
-1.1827335536
0.8971212192
-1.4460180002
-0.1891023272
-1.6186376987
0.9518830989
-0.3919649490
-0.7221488267
-0.1787720352
1.0631425650
-0.9321607344
1.2336964833
-0.6998639155
-0.0388103617
-1.3336976193
-0.6248403410
0.4161578531
-0.6928267457
-0.3719351673
-0.6272367146
-1.1528597996
2.2078491205
-0.8827664724
0.0304352959
2.3558027513
-0.5285971028
0.4784160258
1.0322329616
-0.6084134857
-0.0730926975
0.1714964007
-0.1321557008
0.1562346913
-1.1278163861
0.2028206915
0.7260114591
1.4093041043
-1.0066185264
-1.3779381580
0.8300569501
0.9363250303
-0.4712908870
-1.2993071077
-0.2328659218
2.9536064335
1.5942367363
1.0940692676
-1.1794033860
-0.3680749260
0.7789268564
1.9803904919
-0.0305274217
-2.4128968070
0.4701624810
-0.7392234418
-0.1781472635
-0.8567951024
0.6806953415
-0.6707319625
-0.2385104366
0.8928646776
0.5539984608
1.7557014927
-0.9554433361
-0.4288509521
0.7458365574
-1.2696622558
2.6958477602
1.0709167703
-0.5929166480
-1.0542761814
0.5345692548
0.0433716840
0.9952341093
-0.1502542566
-0.8845006872
0.5994686621
0.7826551584
-1.2844175351
-0.1799032653
0.5319206130
1.0807536974
-0.4376770212
-1.3522172056
1.1789766818
1.4548331723
0.2482500025
-0.0240879308
0.4158455979
0.9782827016
-0.5555281161
0.5996333816
1.2781405359
1.1920660484
1.0217429559
0.9770627363
0.1712006498
-1.0026881401
0.1864099419
1.6281847114
0.4929579787
0.1565612652
-0.9828983920
0.2518040171
-0.3792766817
0.3298666526
0.6032617515
-0.7849673958
-0.5141220846
-0.2885766322
-0.1060627969
0.2111938674
0.0266234574
-1.4622833364
0.0537049605
-0.4618840071
0.2781671672
-0.2960684010
1.4403348789
0.8206603697
2.0631776675
0.0792627400
0.7616643922
-1.2679976605
-1.9246772794
1.6286510991
-0.4838353671
0.2689855198
0.0496700322
-1.5676230851
-0.5423913073
-0.6241105046
1.0175539590
-1.2004724987
0.0501073854
0.3730614870
0.5173434707
1.0570128244
-0.4684744971
0.6392625517
-2.1737060830
-0.3836218078
-1.0505454501
1.6580181402
-0.1951053062
-0.8587565881
0.3178854899
-1.3989740139
0.3800302789
0.0559630852
0.1049824440
0.4864908554
1.0018630749
0.3640269520
-1.0148072236
2.4136176251
-2.2425501507
0.5245646461
-0.0248867968
-0.7259759422
0.0057322320
-0.5524155914
1.2259763735
0.0857281956
1.1479175791
0.8576832528
-0.3980005912
1.6984247088
-0.1761887204
-0.1649387550
-0.6814523914
-0.1727290824
-0.0457236793
-1.4016258807
0.5900542718
0.1158607842
1.3364221631
0.5115198544
-0.0808661413
2.5111625912
-0.3152700852
0.3574953817
-1.2867303418
0.6050296931
0.4005081031
-0.0860105073
-1.7163095241
0.9530542274
-1.2004727421
0.9303409853
0.3784733228
0.3617490542
0.1856360931
1.1664164129
-0.7461182935
-0.3755136416
0.0566973499
-0.1480130514
0.5780642404
2.0181437435
-0.0259603465
0.5094519401
-1.4965024436
1.4026032485
-1.0993309250
-0.0776929496
1.3460967175
0.3775627363
1.4088498198
-1.2482894700
0.3610298516
2.6150414261
0.5242362989
-0.3189061211
0.5385917509
0.7618491557
-1.0630171791
-0.8522352990
-1.9780850118
-0.9173042710
1.0471280193
-0.1166219423
-1.1799522884
-0.5549710162
0.4852849200
-0.8759897044
-1.1032194845
-1.1032520185
-0.3735944382
-1.5526338624
1.0077367377
-0.1423423250
1.9707093445
-0.3738171146
0.3347250300
-1.3243941257
0.0269186756
-0.6751302090
-1.4306781942
-0.5480515906
-1.1086111462
-1.0977124342
-0.8284387901
0.4042740719
-1.4309361185
-0.0061365251
-1.9025119218
1.2458997719
-0.5637553924
0.3022884272
0.3417107845
2.1622374557
-1.7304882223
0.9703090204
-0.7115593799
-0.1119032437
-0.2897907656
-1.7519355603
-1.0574856089
0.2555095331
2.0160991373
1.5846356217
0.0261081348
0.5809550620
0.9852448025
0.4641986648
-1.4263422241
-0.5152602639
-0.6889020813
-1.8601764386
-1.8205562503
0.7862679534
-1.8538028743
0.3047079595
0.5214150107
-0.2394333303
2.0222811182
-0.8467422969
0.1605466114
0.1558052249
0.1939548465
0.1481320048
-1.5198599124
-0.2208521099
0.5212365564
-0.9600886991
0.9231919181
-0.6878762189
-1.4148921363
-0.1283529013
0.2421304496
-0.5435761890
0.7560016386
-0.3187599452
2.6199533127
1.2642165700
2.0456840143
-1.4705658526
0.3014693683
0.1228841159
-1.2482663066
1.9355273983
-0.9982280454
1.4244380036
-0.5964703804
1.1582169101
-2.5338268291
0.1935868632
0.4381322795
1.4921863335
-0.0163414159
-0.2372621000
1.1757510788
0.7902502273
-2.0530932363
-0.6380983278
-1.0388545529
0.7326968204
-0.0000321274
1.3585472117
0.3288492758
0.8903186239
0.6154079156
0.4221493066
0.2158796955
1.1426638834
-1.7040385010
0.0216141205
1.2314295481
-1.5130921497
-0.1582428827
-1.7014168367
0.3861575982
0.8302352537
-0.0260090871
-0.9317468791
-1.1412297989
0.4004326521
-0.8977468358
0.2535908228
0.4128590644
-1.0532589640
0.6013636436
0.2989398615
-1.9890579618
-1.2818929418
-0.7537856992
-0.2914853858
-0.3835491690
-0.8402338643
0.4413572134
0.4293501145
-0.1204500070
1.0341539390
0.4462206164
1.0027427618
0.4207189386
-0.4814152543
-0.1627053073
0.1304099883
3.7115761255
-0.8697136224
-1.1562917709
-0.5838604965
1.5572249558
-0.3618865607
0.6138719485
1.0676419408
0.9049030310
-0.0265508633
-0.0261018380
-0.3974817617
1.0376054060
0.9761396321
-0.0112342335
0.5897202625
0.0792145932
-0.8220537464
-0.7811725209
-1.9799850660
0.0975686148
-0.4764823095
0.0517266679
1.2924014000
0.5161096972
2.3550685608
-1.5123192907
1.6908527175
-1.7523793459
0.9677377586
-0.6777518483
-1.1687239595
0.2095239524
0.2337362418
1.9856115080
0.4858722228
0.0962280824
0.5901759491
-1.6867889445
0.4681740051
-1.6229024236
-0.8220819200
-0.8214573995
0.2240885120
0.3704571608
-1.0054302113
-1.0766100460
-0.8358398288
-0.1305940107
-0.7662145014
0.3695735321
1.5441035568
1.1964061496
0.0755257826
1.0377916740
-0.0016047443
-1.3787044711
0.6070999169
0.2521730370
-0.4908082112
-1.8957028911
1.3697539912
1.1162229070
1.7183025929
0.0453634318
-0.7304616661
0.5121054500
1.4099164458
1.5233902649
-1.8591699913
0.3746223448
-1.7389322023
-0.8577176247
0.0226279753
0.6832224830
-1.3463221563
0.0969903172
-0.1428440382
0.7310637451
0.4791344194
-0.2183060164
1.2685580372
-0.3271662790
-0.6409820683
-0.5419546208
-0.7405232246
0.9232231579
-0.2957351471
-0.2767720040
1.0287428802
0.9182923106
0.4264162523
0.5995424947
-0.8120062780
1.2154232198
1.0132287275
1.4369538313
0.6089025418
0.2486169003
-0.5119544023
-1.6236146181
-1.0386722986
-0.7229738385
-0.2316335692
0.1270423755
-0.5550754666
0.0988589485
-0.1468601388
-1.5801647794
-0.7258403120
0.1742519178
-0.2539457659
1.3707694926
0.5624741986
-0.9191039563
0.1630610753
-0.3476192357
0.3901401404
-0.2878986697
-1.5240073431
-0.0313315653
-0.3744298782
0.3046570472
0.4857619314
0.8303855602
-0.3557421550
1.1370749165
1.8433062072
-0.0566095305
-0.3024695022
0.2577346162
1.5648476985
0.2826713921
-0.5392057677
-0.4572840106
1.7049079148
1.9233699183
-0.2216537777
-0.2451282003
-0.7132311739
-0.2600647256
-0.0857156351
0.4320650182
-2.7587491053
-0.1771175933
-1.0562876572
0.3805434250
1.1759828060
-0.1417834061
0.8645121351
0.5985169176
-0.8207709275
1.0113523422
-0.6634491865
1.8479871342
0.4414026848
