19 5 0.03
23 0 7 1 2 1 4 1 7 2 2 2 3 2 4 2 5 2 6 2 7 3 4 3 5 3 6 4 3 4 4 4 5 5 1 5 2 5 3 5 4 6 0 6 1 6 3
18 0 6 1 2 1 4 1 5 1 6 2 1 2 2 2 3 2 4 2 5 3 0 3 1 3 2 3 3 3 4 3 5 4 3 4 5
15 0 3 0 4 1 3 1 4 2 3 2 4 2 5 3 0 3 1 3 2 3 3 3 4 4 2 5 2 6 2
24 0 2 0 4 0 6 1 0 1 1 1 2 1 3 1 4 1 5 1 6 1 7 1 8 2 1 2 3 2 4 2 5 3 1 3 2 3 3 3 4 3 5 4 1 4 3 4 4
9 0 2 1 0 1 1 1 2 1 3 1 4 1 5 2 3 2 5
12 4
9 7
1 6
2 9
15 10
0 0 0 0 0 0 0 0 0 0 0 0 0 0 0 0 0 0 0
0 0 0 0 0 0 0 0 0 1 1 0 0 0 0 0 0 0 0
0 0 0 0 0 0 0 0 0 1 1 1 0 1 0 1 0 0 0
0 0 0 0 0 0 0 0 0 2 2 2 1 1 1 1 1 1 0
0 0 0 0 0 0 1 1 1 1 2 0 1 1 1 0 0 0 0
0 0 0 0 0 0 0 0 1 0 1 1 1 1 1 0 0 0 0
0 0 0 0 0 0 0 0 1 0 1 0 1 1 0 0 0 0 0
0 0 0 0 0 0 0 0 1 0 0 0 0 0 0 0 0 0 0
0 0 0 0 0 0 0 0 0 0 0 0 0 0 0 0 0 0 0
0 0 0 0 0 0 0 0 0 0 0 0 0 1 0 0 0 0 0
0 0 0 0 0 0 0 0 0 1 0 1 1 1 0 0 0 0 0
0 0 0 0 0 0 0 0 1 1 1 1 1 0 0 0 0 0 0
0 0 0 0 0 0 0 1 1 1 1 2 1 0 0 0 0 0 0
0 0 0 0 0 0 1 0 1 0 1 1 1 0 0 0 0 0 0
0 0 0 0 0 0 1 1 1 1 1 1 0 0 0 0 0 0 0
0 0 0 0 0 0 0 0 1 1 1 0 1 0 0 0 0 0 0
0 0 0 0 0 0 0 1 1 1 1 1 1 1 1 1 0 0 0
0 0 0 0 0 1 1 1 1 0 0 0 0 1 0 1 0 0 0
0 0 0 0 1 1 0 1 0 0 0 0 0 0 0 0 0 0 0
1.2932542595
-0.2252283344
1.0199105140
0.3861462285
1.0476961590
1.9833621443
1.4872459978
-0.6973815172
-0.5994401701
0.0531139394
-0.0712576068
-2.5071712867
1.7131742453
0.6737798688
0.5269025113
0.2468723722
0.7859855762
-0.6105428830
-1.8141635665
-0.2607053909
-1.3602485706
0.7624062060
-0.0506927189
1.2638476698
-1.0006991217
0.7760276469
0.2994376235
-1.9864609318
-0.8042389860
-0.3323048936
0.1597116337
0.9790254384
1.0858962546
0.6359169726
-1.0473899038
1.2071591503
-0.4485483105
-0.5124817518
0.2268978433
-1.3709340147
-0.3837214381
-0.0144391388
0.0542537390
-0.3494381418
0.3251191520
0.5078536962
-1.2981980970
1.4394714436
-0.1814341608
-0.2164402404
1.0281458739
-0.7203675864
-2.2147866372
-0.2948208465
-0.3438538872
0.3998129413
-1.2448162762
1.6039454711
0.4922831061
-0.8537184337
0.4587367219
-0.3249850882
-0.5434682821
1.3481902464
-2.0784032859
-0.4097482970
-0.9020412432
-3.4274114460
1.6719557375
-1.6654649867
0.6571615708
-0.4850203672
-0.3073267616
-1.6757226527
0.1659140322
-0.2760812979
0.6560025664
1.1299162349
0.3027367932
-0.4176762376
0.8177629803
-0.4078091240
-0.2009284954
0.7575756012
0.6626507288
-1.0780664703
-0.0026585771
2.3752957298
0.4049471917
1.2820031566
-1.2967835267
-0.4252406398
1.1664049234
0.3076553545
-1.7936060454
1.6625162529
0.6004831324
0.2004178566
-0.0136529630
0.1644884153
0.2514306721
-1.0105090565
-0.4230595694
-0.6437019799
0.5083867733
0.5424930156
0.5568252850
-1.1344246597
-0.0181425187
-2.2314060202
1.6453530902
1.2716909085
-1.0294173572
-0.2488965015
-1.0333709347
0.2989694587
0.8135808305
-0.1567609217
-0.0764810376
0.2306662310
1.5647677786
-0.3908259236
0.3011092947
-0.2237830098
-0.5632110199
-0.7688454567
-0.4771917229
0.0016670607
-0.9357363314
-0.1002900929
0.8436627219
-1.7209033374
1.0495477311
0.5228163484
-1.6205865926
0.1102820016
-0.5541121963
-0.0565546891
-2.1767433101
-0.8839389220
0.8654075421
1.2982305307
1.2572693069
1.6803920518
-0.8290180216
0.3389235915
-0.9255782931
0.6994190578
-1.7973471500
0.9388934927
-1.7277424677
0.8375039096
1.7085275889
-0.6099623138
-0.8219696054
0.9494197653
-1.0786943429
-0.6832295360
0.7730756035
-1.0080347801
-0.7575190633
0.1188933679
0.0690185490
0.3796215738
0.1402185119
-0.1307593079
0.2734935077
-0.5945446459
0.7267388023
-1.7260540196
0.7385164327
-0.2682891916
-0.0354683217
-0.3822732445
1.6943127097
-0.1714737876
-0.0775369438
0.1967914097
-0.8465271680
0.4348087004
1.9576200944
-1.7149963208
-1.7695250701
-0.4958907494
-0.1495671222
-0.2374302870
-0.3609352433
-0.6643933198
0.2693042416
0.9782190621
-0.6690539007
-0.5847723990
0.3515170970
0.3193335190
-0.8534029559
0.4638103739
-0.4960966216
0.5507756636
-0.8595345888
-1.4799099255
1.2590724233
-0.9422218779
-0.6660510192
-0.2571435781
-0.6763185311
1.5097532291
1.3804488998
-1.2819672615
-0.2255673566
-0.8892187244
-0.8084990908
-1.9677695786
-0.3601481842
-0.7196744244
0.0191479952
0.0440838714
-0.2912076141
0.5985407980
-0.2684681099
0.1348902793
0.4059348362
-0.4660661596
-0.7211109967
-2.1048025135
-0.8153331317
2.6450555736
-0.9528067176
1.0046512675
-0.6251435871
-0.4959492737
-0.6044831161
-0.7769832911
0.6005095318
-0.4297375660
-0.3091217308
1.2792066937
-0.4699168852
2.2586604291
0.6738019922
0.3146778785
-0.8100735223
0.5505497647
0.0595632641
-1.4960684280
-0.8325435270
0.9593852280
0.6126949837
2.0764420400
0.0824538410
-0.1196838459
0.1908101292
0.4809209241
-0.3054788567
-0.1269184465
-0.2860522618
-0.5278408878
0.9046343158
-1.3806709990
-1.8830679746
-2.1126162886
-1.2678394618
-0.8386278241
-1.3598149713
-0.2826623477
0.4736877384
-0.9101437381
-0.9993704840
1.8080873166
-0.7713608857
1.2473574235
-1.3352011965
-1.0236447272
-0.7210577981
-1.0681460931
-0.0034839568
-0.2588400415
1.9690049176
0.0488012938
0.1665714791
-0.5004549822
0.7626528513
-0.8735730133
0.1996594977
-0.8158375817
0.4362697225
-0.8812393915
-0.0435933083
-0.6911174486
-0.2756231654
-1.2003285495
-0.9435596471
1.4398943349
-0.1944855715
1.6776026903
0.1565300247
-0.9934444983
-1.0566148715
-0.5730664828
-0.9877644330
-0.3656358784
0.6790935892
0.0263507915
-1.0956986869
2.1028332446
-0.8390023532
0.2640650851
-0.0693523116
-0.9075033435
1.4731963845
0.4382329611
1.1764593760
0.3140448604
0.0156484807
0.8199653514
-1.5450973256
-1.5280302368
1.2946571831
-0.2474272954
2.2756598535
0.0485020573
-0.5007213878
0.3724190598
0.8416141299
-0.3210729518
0.1691388874
1.0869667694
-0.8843275296
-1.4379319185
0.0623097124
1.0684749693
0.3904460395
1.4024373773
1.9487749394
-0.1560134908
-0.3350156347
1.6560450265
1.3846150867
0.2229252447
1.4488513967
-0.5375497589
-1.2631472394
0.7344563456
-0.1617933892
0.6445059120
0.0768647557
-1.3455022761
-1.3719647300
-0.3982272242
0.3673638985
1.5828358896
1.0725633814
0.7321115508
-0.5808583020
0.4867821008
0.5150337187
1.2478127547
0.5357377577
1.1587235723
-0.4474894349
0.0725605533
-1.0573857156
-0.0504075611
-0.2453692483
0.6917377935
-0.3880947527
-1.1505583883
-0.7234687584
0.9546829001
-1.9010514572
0.8382250379
-0.6544530306
0.9299617409
0.8128771356
1.0762886025
1.5629285849
0.3904655297
-1.4275112653
0.8529427856
0.1308492025
-0.6568462745
-0.0408201448
1.6574564392
1.0709979471
1.3081417045
-0.5471774976
0.8782860252
0.7000290136
0.1695117150
0.3669136518
1.5550361777
-1.4651691260
-1.0218012317
0.8573303251
-0.1267012332
0.8193672971
0.9019882552
0.0861335401
-1.3987337495
1.3510184286
1.4927994579
0.0835374944
-0.4598541703
0.4711426487
1.0950249316
-1.2777854157
2.0333941292
0.1714699231
0.6373890883
0.3274345035
-0.7943981615
1.4494996226
-1.1308954683
1.7235957791
-0.3822223841
1.0822705041
0.9449163924
0.1129239557
-0.9569947959
-1.5161181993
-0.0485988010
2.9423427085
-0.1548974508
0.4111738025
0.1823211748
0.9378800168
-0.5759529398
0.0809355607
1.1993248698
0.3403392797
1.1660381154
0.9246297149
0.1244720797
-0.3999350330
0.6763018639
-1.7349300409
-1.8226785773
0.1674804135
-0.9334228246
-1.1546793144
0.6530227946
0.6345838202
-0.0951909788
0.8747882160
0.5957601969
-0.1936768137
-1.1259906592
0.4223568043
1.0219396477
0.8292902494
1.3890446071
0.2302347134
-0.4380804364
0.5257785527
-0.1987917884
-1.2774347665
-0.9172816722
-0.8120292792
-2.0093716792
1.0408563503
1.7189566625
-0.2304296790
-0.2830561086
1.2234333710
0.3846768079
-0.9125964812
-1.3887605973
1.2689706988
-1.5136818119
0.3649733032
-1.2995291326
0.2137289765
0.1695465972
-0.5446855954
0.3772995675
1.7432665815
-0.0481501001
0.3226944297
0.1760989895
-0.0191204971
0.4860307583
-3.1660633727
0.1343856425
-0.0888152236
0.0159166458
-0.6720531380
0.1331864281
0.1122234415
1.5084902308
-0.0967115348
-0.1160656468
2.2963178012
-1.8276971877
-0.8732627331
-0.8074903678
-0.4426662097
-0.3387678727
0.7518743296
-1.7617279979
-1.4996199130
2.3264917284
-1.8599332464
-0.0467167306
-0.1973919339
-1.3661498234
0.4306473209
1.3533939833
-1.0637237383
0.0078820577
0.3065441754
-0.3236021003
0.2786670441
-0.5350370001
0.2625743391
-1.2599801782
-0.5769307053
-0.3156906470
-0.7499653562
-2.0421349628
-0.5767028943
-2.2995711399
1.1022004608
1.2800205348
0.0501993312
-0.7207164451
-1.1134857909
-0.9047563454
2.2755400440
0.2724703693
-0.0839294783
-0.9936208338
0.6582007647
-1.4429255372
-1.0238055826
-0.2272512992
-1.3780313835
-1.6354714009
0.7128167031
0.9034000550
-1.2583994277
-0.6003736996
0.7410986656
-0.5941780249
0.1938771021
1.6070831541
1.2138018011
-0.0394176489
0.5275469281
0.7993982948
0.1857371735
-1.2462327435
0.7094570530
0.3375740834
-1.9044286802
-0.0123263079
-0.1853253275
-1.2243136042
3.1532786457
2.0898646351
-1.2149738221
1.0759639336
-0.5005835395
-0.7994328190
0.3269715162
1.4768690525
-0.6471611599
1.2599860504
0.2546935629
0.5640407173
0.3119232627
1.6477675859
-1.1268777835
-1.8169837907
-0.9582858513
-0.1910208665
-0.5208450474
-1.2546018310
-0.6306200987
-0.3624449583
1.1228241317
-0.4387122924
-0.1867464034
-0.0653288485
0.7246964559
2.8488232157
-0.6857816691
1.0330125198
0.2035256453
-1.0607263084
-2.1105035089
-0.2448866706
0.3982723551
0.5255267585
-0.5111648392
0.4036507212
-1.1174119870
0.5652582373
-1.7018662622
1.1138774802
0.5393486676
0.2373097482
0.6485996264
-0.5166061163
0.4113266852
1.0685273181
0.6669642633
0.2598356357
1.1148664438
0.3341595586
0.8298363155
-0.3359174051
-1.5363376456
1.1553290757
0.6181982392
0.4012098970
-0.9862911791
1.2088272565
0.0086454264
1.5861033319
1.5996210548
0.4131083748
-0.1149354798
0.3677863997
-1.9992302596
-0.2553982145
-1.2070056630
-2.1042564527
0.1485849548
1.3293634424
-1.1777047277
1.5988966968
-0.8153864420
-1.3279634062
-0.0610250865
0.8607034313
2.4640064462
-0.8262756142
0.5868745391
0.2473550322
-0.5811848546
0.8413916307
1.1812674207
-0.6437035075
1.1892271686
-0.6848444278
-0.3040901115
-0.1459638976
2.7444776169
-0.1568743005
-1.3480673288
1.4856695102
-0.9311714540
-0.0404518628
2.1120506512
1.1572690584
-1.8011515158
-0.3273437788
-0.1319029065
-0.0322041864
1.0258765120
0.1522029250
0.2054067730
-0.4476274001
-0.1144629795
-0.2055712301
-1.4491294866
1.3707060069
-0.1855782929
-0.3218021766
-0.3359838403
-0.4201798017
0.4246143234
0.5333931385
0.6380259879
0.1114346084
0.0938044177
-0.2330403246
1.0790857683
0.5982236116
-0.0690089091
0.8200017535
0.3026538760
0.7844611890
-0.6521111055
0.7312553647
0.4552017575
0.4753677663
-0.2837400596
0.4159900619
-0.9398162629
0.5356244965
-0.5261096354
-1.2972202638
-0.4901405863
0.1198593620
1.7470428689
0.6575678808
-1.4196574379
-1.4311104637
1.6937281089
0.9644786215
-0.1802560598
2.2955974449
-0.7162362415
1.1920985221
-1.1485297566
0.4558613863
-0.8449004655
-1.0497829693
-0.2533631857
0.4312980586
-1.3691988006
0.9817851894
0.7579799372
0.7731497375
0.7088087509
0.0816590743
-0.5858964675
1.4540025532
-0.1730301283
0.8259533176
1.1283523046
0.5830021971
