11 6 0.11
4 0 0 0 1 0 2 1 2
6 0 0 0 1 0 2 1 1 1 2 2 1
6 0 1 1 0 1 1 1 2 1 3 2 0
5 0 1 1 0 1 1 2 0 2 1
4 0 0 0 1 1 1 1 2
5 0 1 1 1 2 0 2 1 3 0
2 5
7 3
4 4
2 7
3 2
4 7
0 0 0 0 0 0 0 0 0 0 0
0 0 0 0 0 0 0 0 0 0 0
0 0 0 0 0 1 1 1 1 0 0
0 0 1 1 0 0 0 2 1 0 0
0 0 0 1 1 1 0 1 2 0 0
0 0 0 0 1 1 1 1 1 0 0
0 0 0 0 1 0 0 1 1 0 0
0 0 0 1 1 1 0 1 0 0 0
0 0 0 0 1 1 0 0 0 0 0
0 0 0 0 1 0 0 0 0 0 0
0 0 0 0 0 0 0 0 0 0 0
-0.6932351060
0.8095772806
-1.0199818842
-0.3128855701
-0.1395924665
1.6203391476
1.1426544587
-1.5344787261
-0.1900716213
0.2331856037
-0.8404677293
1.0884773452
0.4488107641
0.6342367950
0.2283993352
0.9030123469
0.5833797925
-2.3095010591
0.8741028075
0.7905340751
0.9600995523
1.0470518931
-0.6229902228
0.0495769911
-0.0917700568
1.5318981652
-0.5110634320
1.3725505324
-0.3461027364
-0.0588554978
-0.0773254962
0.5682187862
0.0206893275
-0.3861659823
-0.0268130113
-0.2788203709
1.6145057127
-0.6396078671
-2.1734538820
-0.7947654037
0.3672271667
1.1239550321
0.3829998315
1.3753403178
-2.7080635359
-0.9481464913
2.4382749536
-2.8788118371
-0.9676013423
-0.6637771576
0.9323381088
0.4193366614
-0.2872130317
0.9349234843
1.4446418194
0.6439404750
0.6700975675
-1.2471058258
0.4650902746
-2.0744991541
0.1701649449
0.2284701846
1.6056111343
-0.1050482877
3.0164042787
0.8498667707
-0.5630475584
0.9861360935
1.8795104636
0.4368264290
-1.3274338888
0.1176757086
-1.5488010958
-0.4660995570
0.0082744614
-1.0413422851
-0.6755803145
1.0770780609
-0.0798282601
1.8912979693
-0.9915646255
-0.8405514979
0.0111723006
-1.2072773096
-0.7473791039
-0.1671618445
-1.9456561991
-0.1711717633
-0.4614816802
0.4118748916
1.6867894237
-0.1893983144
0.0636188825
0.1600642993
0.3400894938
1.4799291689
-0.7088630884
-0.7871769838
-0.1716530687
0.7456511611
1.2831080922
-0.6807024442
0.5100604669
0.2023332508
-0.2586149664
-1.4287690974
-0.7122663641
0.7734225206
0.7885309600
1.8126017333
-0.0028082912
-0.5482793667
1.2889503471
0.1097080111
-0.4244230294
0.3833094544
-0.8698575656
1.5079909068
-0.5145858082
1.7724329522
-0.6714728310
-0.8940264270
1.3873229989
0.8949645558
-0.4409720394
0.7114026008
0.1221502092
0.9602414854
-0.7277448631
1.0246434824
-0.0500957810
0.2780743193
0.7275830822
0.3710512679
-0.1355109174
1.2954777160
0.8214315298
1.4194942238
0.6792569876
0.4720210299
2.3056361348
-0.2368977688
0.1475899367
-1.0716323067
0.3011598000
0.9872620749
-0.4516295598
2.2730966865
-0.0435499621
-1.8126558128
2.0724547627
0.3442059008
1.2934213497
-0.3945068871
0.4755899576
0.6241649397
-1.2396962533
-0.1748403690
0.7605000746
-0.8716261811
-0.3381192803
-0.7116139536
1.2101909866
-1.1266580950
-0.3953541059
0.0366667142
1.0745651573
0.3445586648
0.1502257109
0.1807791704
0.0529885111
-0.1400980077
1.4411448954
-0.1108694110
-1.6073742501
0.5193424857
-0.2117187908
1.8187473152
-0.7753812451
-0.4486269321
0.7451817636
0.5252577131
-0.1603010541
0.3064836234
0.5175018150
-0.0696042876
-0.6571934047
-0.7230965254
1.6189032026
-0.9987606759
0.1294745772
0.2094014736
0.8389179474
-1.5693718734
1.2525904419
0.7111036948
1.0088772960
-0.3031503120
-0.2505828818
-0.2279027212
0.2342609798
1.0743953703
-1.5017815679
0.1169420956
-0.0013962105
0.0183584124
-0.7842971589
0.4860586546
-0.2044840671
-0.1807841483
0.8451466224
0.1247655064
0.7414574446
0.1792342370
1.5691979090
0.3301721517
0.7643267833
0.2876430160
0.9212735224
-0.7238525563
-0.6553519277
-1.2075142793
0.5789753805
-0.2660342041
1.2810503199
-0.3592203171
-0.3381844960
-1.1936357410
-0.7077070613
-1.0406341052
1.9110281384
-0.6688312458
-0.3880130798
1.4616541413
-0.5500711878
-0.2730354654
-1.0061046344
-0.0089741805
-0.2035798742
-0.3510170547
-0.4905037260
-0.0625547308
