13 7 0.14
12 0 3 1 1 1 3 1 4 2 0 2 1 2 2 2 3 3 0 3 1 3 2 4 2
10 0 0 0 1 0 2 0 3 1 0 1 1 1 2 1 3 2 1 2 3
13 0 2 1 1 1 2 1 3 2 2 3 0 3 1 3 2 3 3 4 2 4 3 4 4 5 3
12 0 2 1 1 1 2 2 0 2 1 2 2 2 3 3 0 3 1 3 3 3 4 4 0
10 0 0 1 0 1 1 1 2 1 3 1 4 2 0 2 1 2 2 2 3
15 0 3 1 3 2 3 3 1 3 2 3 3 3 4 4 0 4 1 4 2 4 3 5 1 5 2 6 0 6 1
14 0 1 0 2 0 3 1 0 1 1 1 2 1 3 1 4 1 5 2 3 2 4 2 5 3 3 3 5
2 8
1 5
6 2
2 8
0 2
2 7
9 4
0 0 1 0 0 0 0 0 0 0 0 0 0
0 0 1 1 1 2 2 1 1 0 0 0 0
0 0 1 1 1 2 1 1 1 0 2 1 0
0 0 0 0 0 0 1 0 1 2 2 1 1
0 0 0 0 0 0 0 0 2 2 3 2 0
0 0 0 0 0 0 0 0 3 3 2 2 1
0 0 0 0 1 0 0 1 2 1 2 0 0
0 0 0 1 1 1 0 0 1 1 0 0 0
0 0 0 0 1 0 0 1 1 0 0 0 0
0 0 1 1 1 2 1 1 0 0 0 0 0
0 0 0 0 2 2 2 1 1 1 0 0 0
0 0 0 0 0 1 0 1 1 1 0 0 0
0 0 0 0 0 0 0 1 0 1 0 0 0
0.7262632736
0.0077077903
1.5948515751
1.0458401672
1.8786077091
0.0128086104
1.2872124290
1.6784334840
0.4471905050
0.5291690725
0.2876449056
0.9978749274
-0.0413794810
0.5499197473
-0.6771131400
0.2161499114
-1.0944455191
0.2369368029
-0.8560834557
1.8135911830
0.6640371533
-0.0246134860
-0.2913658429
-0.3204279709
-0.0020743644
0.2933967347
0.3712669835
-0.0102829284
1.5189299725
-2.4434617442
1.1931285176
0.7968986026
0.3761038629
-0.7559136700
-0.5314237995
0.2152223778
0.1654166330
2.1048519229
-1.1716449364
0.1660338507
-0.3151472006
-2.4876015954
0.4366941638
1.6227075926
-0.6725956114
0.4027412225
0.0471903293
-0.0478398958
1.6980488509
0.3074250064
0.1667706641
1.3683008301
1.4615831221
0.4578929091
-0.1957834659
-0.6716003065
-0.2292513446
-0.7658463940
0.7540887151
-0.2605189667
0.0807539182
-0.7693830346
-1.8610225527
0.2597212131
-1.6078047302
1.1405724941
-0.6208642322
1.2017923689
-1.1855075004
0.3455828445
-0.5938651584
1.5918122730
-1.3328508342
-0.6139387668
0.8307146138
-1.6506890577
-0.8131110629
0.2284193760
-0.3059390556
1.3035064787
-2.4285088462
-0.6282147031
-0.7411713556
1.7859385642
-0.7262771015
-0.6071563427
0.6090387202
1.0756749421
-1.2799194305
1.1086705680
0.2039479011
0.2406289113
0.5345459668
0.0933905046
-0.2993729938
0.0967514641
-0.1250806139
-0.3651980743
-0.1436999804
-0.2064348723
-0.6630503436
-1.0286308829
-0.9314461840
-1.3502372922
0.3960200937
-0.6753827850
-0.6434377947
0.7246688175
0.5445261538
2.2929741201
0.9668016711
0.3496613369
0.8508449311
-0.9032017042
1.0321825949
-0.9005838190
0.5073294136
0.9685759360
-1.7329986598
0.5686192305
-0.0413289942
-0.3228931616
1.3565361471
1.3896292463
0.0603326577
0.2540830333
-0.5387333350
1.1040689312
-1.4042169604
0.3723917526
-0.0363657721
1.3093517208
-1.3176137705
-0.3875311534
0.8964645823
-0.1795811873
-0.7912443694
-1.3431000991
0.8104925465
-1.5146365335
0.1258752502
-1.2524795452
1.1639811656
-0.5235877757
-0.7410901296
0.0232982680
-0.1012338379
1.2989909147
-0.3358305250
-0.5122109237
-0.0024079392
0.2421141687
-1.7088280532
1.1957946034
-0.3166284659
-0.7713260975
0.6097712376
0.6241023294
-1.0851147806
0.0181546310
-1.8206790234
-0.1732246216
1.0525739075
0.8647216978
-1.3992052339
-1.2143785619
1.0539544086
-1.0254012822
1.5934928856
-1.7682010744
0.3209904461
-0.5231064118
-0.8813608039
-1.6430036567
-0.4465581864
0.6144414864
-0.0144388617
-1.4718097492
2.0719196345
0.4063637934
1.9292517330
1.2781945244
2.1347975401
0.7651343611
-0.3535172221
-0.8846722787
1.9074176936
-1.2951265637
0.6861519918
1.3735500221
0.8330543833
0.4906224343
0.6163250165
-0.2940623502
2.7552971719
0.8249475738
0.7778540416
-0.3812736295
-0.2332722779
-0.8487314498
0.9719318937
-0.3077236151
-0.0689198542
0.3159818996
1.1930978368
-0.7527053195
0.0873521216
-0.4208515590
-0.6371638114
0.2711205383
0.2215671716
0.2281248332
2.6329920513
1.5039647339
-0.3049093553
0.0308935214
0.4977979786
1.2384865923
-1.2369364568
-1.2168676494
-0.1411332672
-0.2598744954
-0.6448215656
0.6107345963
-0.8044310209
-0.6265633194
1.2074837315
0.3115222490
0.0248495784
-0.5347451326
1.6918075895
0.3422932196
-0.0793643919
-0.3625855761
-0.8710288721
0.6052532579
-0.8136863435
-0.0333827279
-1.2191867869
0.5547983802
-0.4223777029
-1.8789355501
0.9424847661
0.3672692804
0.0067849653
0.0888034723
-0.6928898366
-0.0854284828
0.0942959877
-0.5049079074
-0.0814626155
-0.8924496736
-0.1551284872
1.0442452399
-0.2412648249
-1.5380952840
0.6956983400
-0.1446115805
0.1944257269
0.5773836108
-0.4638160277
0.1784444272
-1.4074533582
-0.7077455715
-0.5440319582
-1.1268618852
1.6887401796
-1.5369694257
0.9674484925
-0.4726063778
0.0179295000
1.3747713243
1.0891291529
0.7116732577
0.2121356482
1.3201151022
0.8317616273
0.6469600683
-2.5962561275
-1.9200345474
-0.4664465933
-1.6923537403
0.4897746861
1.7237027701
1.0985376946
-0.2502240408
-2.2441000310
-0.1249009153
-0.6642146804
-1.9526489583
-0.7789363494
0.9920196881
-0.6571594048
0.7957704341
1.7357696663
-0.4251284982
0.0425196875
-0.3452991857
-0.5721387635
-0.2246348650
-0.8211503690
0.6020082902
-1.7671969197
1.0787073690
-0.9290703503
0.0563650606
-1.2881881330
0.2311959795
0.7250064322
-0.0559306661
-1.7841169408
-0.0737897585
-0.3554725282
0.4382639813
1.2090630417
-0.4390865227
1.3934462925
-1.7085628256
1.1421611607
0.7850805143
-1.8587616243
0.5781406356
0.5399160649
-0.7074711689
1.3210681490
-0.6118069555
-0.4497184983
-0.9242207858
-0.4355144163
0.6580295033
-1.0221784879
1.2417440562
-0.5139255135
1.2378023061
2.0984361896
0.5094017007
2.4203413862
1.2172184793
