10 2 0.11
18 0 2 1 0 1 1 1 2 1 3 2 1 2 2 2 3 2 4 3 1 3 2 4 1 4 2 5 0 5 1 5 2 6 0 6 2
17 0 3 1 3 2 2 2 3 2 4 3 0 3 1 3 2 3 3 3 4 4 3 4 4 5 2 5 3 5 4 5 5 6 5
2 4
1 0
0 0 0 0 0 0 0 0 0 0
0 0 0 1 0 0 0 0 0 0
0 0 0 1 0 0 1 0 0 0
0 0 1 1 2 1 1 1 0 0
1 1 1 1 1 1 1 1 1 0
0 0 0 1 1 1 1 0 0 0
0 0 1 1 1 2 1 0 0 0
0 0 0 0 1 2 1 0 0 0
0 0 0 0 1 0 1 0 0 0
0 0 0 0 0 0 0 0 0 0
-0.3679634911
-0.7626342017
0.5011741031
-0.3840652807
-0.8164250561
0.0473885467
-0.2817742316
-0.1537926319
0.7334162062
1.5954337776
0.1449523355
-0.6397530905
0.9107476903
0.2612864127
1.3814239141
1.1926519818
-0.1885852605
0.1106428527
-0.5634609159
0.1308570376
0.3645466800
1.2014139561
-1.2583349378
-2.6693927300
2.0202056112
0.1229318474
0.3079449193
-0.1616547192
0.5605346793
-1.5620912506
1.3562219190
0.8939085033
-1.8167771059
0.4971893260
-0.3956013373
0.6895339194
-0.4823488159
0.5129981762
1.3468246834
0.7978738585
-0.5620334285
-1.7475375125
-0.6960791286
-0.1043941128
-1.1768197069
0.9775892693
-0.0446806807
-0.9305841959
0.6167630150
0.8965421683
0.6964406535
1.8407041604
0.1138009613
-1.7064843812
-0.9211836650
-0.3078042926
0.3771385538
-0.6383031799
-0.0125000473
-0.0462586667
0.9893162997
0.9170343910
-0.8626881599
-0.6019814308
-1.1155648409
0.5688725068
-0.1685771378
-0.3223156445
0.6519727896
0.2327677616
0.8090681626
0.9969982866
-1.5009587982
-0.2330049568
0.0454721314
-0.9871923341
-0.5036740797
-0.2380371110
0.8121430540
0.1468068428
-1.6659294802
-0.5995056386
-1.5880796550
-0.5120384978
1.5470584493
1.0061562566
-0.8376606610
-0.0640987571
0.4202702645
-1.0687064148
-0.5318258338
0.1599361351
-0.5617669525
-1.0964702549
1.6593036113
0.1672373068
1.5877474961
-1.0625915958
1.0556019248
-1.3631627555
-0.1445202523
1.4019091830
0.3765625779
-0.9670881091
0.7761493403
-0.4052394607
-1.3016441539
-1.1754669117
0.8144703323
0.6329551980
1.0873169368
1.1741853074
-1.2647741575
0.7333086055
-0.4172906482
0.9866030421
0.1709658053
-0.1786359109
0.9083936335
1.7034593806
0.8285005333
0.6699078945
2.1960813643
0.1199032933
-0.1073097082
0.7235042134
-0.8676795808
-0.4132330337
-0.2184179449
-1.6799114398
0.7232153254
0.8779952523
-1.1843369848
-0.5788293000
0.4045108249
0.9346302024
1.3181281271
2.5284548846
-0.8856911293
3.1060538900
-0.8097596251
-1.2823582733
-1.4450157361
-0.3170699209
-1.5539710759
-0.4692449674
0.7430255193
-0.3644021332
2.2375869649
-0.6799539512
0.3658347811
-0.7630668520
0.0412097642
1.8288347752
-1.5098556518
-0.6791538052
1.2707503374
-0.5478530640
-0.3833991464
0.3608307488
0.8967587977
-0.0571128629
-0.2957597798
-0.1604389126
-1.3314100747
-0.7667656806
-0.1167213236
-0.4122314791
-0.0293516453
0.0067239124
0.9258089000
-0.2841261978
-1.0328999361
-1.4463988872
0.0210070995
0.5503495941
-0.8568789710
-1.2159809209
0.2176177718
0.0329679705
-0.0548298999
0.7973853603
-0.2647577525
0.0251362715
-0.0950863301
-1.3527978210
-1.1869001491
-0.5842897677
2.0728667313
-0.3666469225
0.8785307691
0.4390416796
0.5404385338
0.2279120280
0.9610343255
-0.9938454392
-1.1041090594
-0.3504997068
-0.5967604534
1.6878995474
