18 13 0.19
8 0 1 0 2 1 1 1 2 1 3 2 0 2 1 3 1
7 0 0 0 1 1 0 1 1 1 2 2 0 2 1
6 0 0 0 1 0 2 0 3 1 1 1 2
8 0 1 1 1 2 0 2 1 2 2 2 3 3 1 4 1
6 0 0 1 0 1 1 1 2 2 0 2 2
7 0 1 1 1 2 0 2 1 3 0 3 1 4 1
8 0 0 0 1 0 2 0 3 0 4 1 3 1 4 2 3
8 0 4 1 2 1 3 1 4 2 0 2 1 2 2 2 3
6 0 1 1 1 2 0 2 1 2 2 3 2
8 0 0 1 0 1 1 1 2 1 3 2 0 2 1 2 2
6 0 2 1 2 2 0 2 1 2 2 2 3
6 0 1 1 0 1 1 2 1 2 2 3 1
7 0 2 0 3 1 1 1 2 1 3 2 0 2 1
12 8
14 1
12 14
9 14
14 14
7 13
10 3
14 4
12 7
7 0
0 2
2 15
5 13
0 0 0 0 1 0 0 0 0 0 0 0 0 0 0 0 0 0
0 0 0 0 1 0 0 0 0 0 0 0 0 0 0 0 0 0
0 0 1 1 1 1 0 0 0 0 0 0 0 0 0 0 1 0
0 0 0 0 0 0 0 0 0 0 0 0 0 0 0 1 1 0
0 0 0 0 0 0 0 0 0 0 0 0 0 0 0 0 1 1
0 0 0 0 0 0 0 0 0 0 0 0 0 0 0 1 2 0
0 0 0 0 0 0 0 0 0 0 0 0 0 0 1 1 1 0
1 0 0 0 0 0 0 0 0 0 0 0 0 1 2 0 0 0
1 1 1 1 0 0 0 0 0 0 0 0 0 0 1 0 0 0
1 1 1 0 0 0 0 0 0 0 0 0 0 1 1 1 0 0
0 0 0 1 1 1 1 1 0 0 0 0 0 1 1 1 0 0
0 0 0 0 0 0 1 1 0 0 0 0 0 0 2 1 1 1
0 0 0 0 0 0 1 0 1 1 1 0 0 0 1 2 1 1
0 0 0 0 0 0 0 0 1 1 1 1 0 0 0 2 1 0
0 1 1 0 0 0 0 1 3 2 0 0 0 0 1 0 0 0
0 1 1 1 0 0 1 1 1 2 0 0 0 0 1 1 1 0
0 1 1 0 1 1 1 1 0 0 0 0 0 0 1 0 1 0
0 0 0 0 0 0 0 0 0 0 0 0 0 0 0 0 0 0
-0.4183244947
0.1893618424
0.3687029720
-0.7023067080
-2.0153071061
2.0914130005
-2.2059776350
0.0779422525
-0.4115858393
-0.5314993295
0.7944401329
0.0686897458
-1.0485730713
1.0272528967
0.5628803894
0.7686542408
0.4638796009
-0.5628300739
-1.8070428273
-0.3909007312
-0.8164846566
0.3667855627
-0.1407101934
-0.2533480391
-0.6139748887
0.1358991812
0.3347927305
-0.1571053445
-0.2269527499
-0.3751338431
-0.1429309373
0.6193640095
-1.2606566666
0.2405807748
-0.8393735500
-1.1147407183
-0.6720237355
0.2163658332
2.0046239856
0.4146108405
-0.3602910196
1.6605248912
-0.4862685503
1.2671895561
0.9792977399
-0.2340008959
-1.7048903864
-0.2039559906
-1.4408991604
-0.1535639719
0.3746373769
-0.1822690512
1.8415743524
-2.5212411142
0.6669560467
0.5291448634
-0.1730298675
0.4230897142
0.5380755740
0.7913489673
-0.2636456212
-0.9373406345
0.3015351797
0.3182244642
0.0467083066
-0.0234211106
0.1840114601
0.5507542102
0.7922638308
-0.0487374082
-1.3572570390
0.5610139089
-0.9441666618
1.7681562729
-0.7246703335
1.1007099452
-1.2708879361
-0.6143189291
-0.8347595597
-0.4508296958
0.0580838067
-1.1468018631
1.0487112667
0.3785895064
-0.5728172380
1.2902394261
0.5653357640
1.2824158644
0.8007350758
1.1188475487
-0.0631770617
-0.7757827699
-1.1570418334
0.2356136196
1.0423891436
-0.7647548799
-1.2328898615
1.2060190060
-0.4325691414
-1.0951492062
-0.9993126884
-1.9717203872
-0.5312325774
-0.6493042908
-0.2577978333
0.9333770163
-1.8606094746
-1.2088096751
0.8171895862
-0.2368603738
0.8055598595
-1.2103609673
-1.6475771660
-0.0617766913
1.6725151984
-0.1938309047
-0.2742819323
2.2138846624
-0.5782220153
-0.8423072891
0.7760653462
-0.1572854682
0.4744240741
0.5904748916
-0.3767495935
-0.1482675227
-0.1642376083
-0.1830195891
-0.0532448612
0.8536534185
0.3289556817
-0.2490299402
-1.6642696360
-0.3273484304
-1.7336876373
-1.5100053109
1.7650751302
-0.5234756183
-0.5380141442
-0.4624941674
-2.5845166467
-0.6915647769
-2.5146386505
-2.1530535953
-0.8260514803
0.6445095006
0.0411425647
0.8845179029
-0.4078230162
-1.1707342769
0.3606568723
0.1027922263
1.5594112055
1.1681367322
1.6483710311
0.3497277125
0.0443280163
-2.1248921682
-0.5917660961
0.9612544249
2.2610131463
0.7791420181
-0.5657818441
-0.3712012205
-0.5315654604
0.8223043453
-0.9559666626
2.2427929948
1.0214271329
0.6119928801
1.0824967240
0.8295374587
0.6155539562
0.9807317616
0.8422652186
-1.4005087778
-0.3540660999
1.0080749492
1.3642554403
1.7282722763
2.0632232214
-0.6511250342
-0.5640747033
-0.8708784940
0.4828495823
2.4069773720
0.5202153600
-0.0102558627
1.9446622374
0.0766879935
2.5183049968
0.0632949382
0.4691732581
-0.9177633164
-0.0260883229
1.2291680604
0.2025349306
1.0760063351
0.1363679535
0.7687989443
0.4751277634
0.6061965448
-0.8706479679
1.0151480340
-0.4780457259
0.2935181095
1.3448237226
0.0087028650
-0.2304002773
-0.3637505512
0.3904468712
1.4508492243
1.9222586972
0.1274007144
0.1139165746
2.2145204076
-0.8458766723
0.9304461299
-0.7594769505
-1.7022648408
1.8841994786
-0.4210674181
1.4133763566
-1.6507506416
0.9141612613
0.7556439726
0.6471960876
1.0076945049
-0.5694958914
-1.1546338358
0.7272523500
0.1976470628
-0.7840478074
0.9661889789
1.4368798696
-0.8514131538
0.4529489966
0.2446669103
0.2836615435
0.6110168687
-0.5789680737
0.0803339535
0.4209714795
-0.3967388986
1.0042405076
-1.0035198357
0.1756324498
-0.7296381278
0.4550195860
0.2990229743
-1.1218199780
0.3992007430
1.3668999879
1.0980904952
-0.8038902660
1.4657421832
-0.9069591694
0.1800989837
-0.2826613745
0.3865075321
0.8959382853
-2.5779348587
-0.2385057512
0.7099380896
-0.3018552766
0.4160000664
1.6266507179
-0.8600685112
0.8694019248
0.0541903939
-1.2935634524
-1.4754543403
0.7298024198
-1.2545678596
-0.5164164383
-1.0759503659
0.3785715192
-0.2086530947
-1.9568191201
0.0676078895
0.0494097088
2.0041193277
0.0793524517
-0.4606887073
-0.9637221705
0.4899385733
-0.5597506639
0.8099277833
-0.0349737524
-0.6190502896
0.7094919764
1.2470943974
-1.0586441970
-1.3067032793
0.3656190632
1.9399283626
-0.5346184533
0.7434042781
-0.8062648225
0.0689583244
1.2216624409
1.0779807366
-0.3615613359
-0.3576882081
1.9182243505
2.8784761529
0.0472393294
-0.7447230465
-0.4491578674
0.7151661823
-1.2820515657
-1.5320592231
-0.0131129585
0.6354844873
-1.1712724908
1.7467388638
-0.3735115350
-0.1580638915
0.0423738653
0.8464099443
0.9336277624
-2.0979744868
-1.1449415966
-0.9077550211
0.3502774788
-0.9097347887
-0.9759074610
-1.1778855974
-0.2838204845
0.7682007007
0.5654120881
0.1506651672
0.1483791783
0.7575161979
1.6109731606
1.3214688077
-0.5544883018
0.6417688851
-0.0426815338
1.6895981734
0.0062698695
-1.6706856175
0.5427640814
0.1156967452
0.4351130640
-2.1756753757
-0.6584872116
-1.1744141139
-0.4877478077
1.9843999451
0.9786840428
-0.4705114346
0.2927953970
0.8315661899
-1.6795502133
0.0141348294
-0.8522941407
1.8590826758
-2.0621964257
0.8299224143
-1.6540610888
-0.2040960126
0.1173804709
-0.8230498439
-1.6038501358
0.3289198325
-1.5516354726
2.5980946925
-0.2383614014
-0.5175270074
0.4530997320
0.8466788759
1.5255985696
-0.9999351981
-0.7218982420
-0.3183162030
-1.2270043778
1.7878308010
1.1706110458
-2.7925662823
0.0895340087
0.7276940899
0.2349211960
0.1368602548
1.5750635524
-1.0945627225
-1.1073519760
-0.6589982182
0.9807980612
0.1518818891
-2.0204051363
-1.5717747902
2.0902579466
-2.8149456448
1.2536166905
-1.8911006306
0.1620342913
-1.6084229896
0.8453806523
-0.8772507962
0.6131712079
0.3626287172
-1.5739530867
0.5434939604
0.9616126250
1.3573579962
-0.2138911435
-1.4957493746
-0.7483307615
0.9793789125
-0.7715661700
0.3836960269
-0.1908630346
1.4270586451
0.9304350604
1.0339814762
-0.2034120127
-0.6527740480
0.5147116392
0.3446069266
0.5633162854
0.1182036777
0.2742520130
1.4412162300
-1.4644071678
-0.3152876084
-0.6513166845
-0.2375401132
-1.0782989874
0.7854086477
1.3809548047
-0.1764663239
0.2695997106
0.1798299989
-0.1065030350
0.6976483364
1.3381839166
1.4283325600
0.9629942446
0.0437498350
0.7467511662
-1.6607393114
0.4962591019
-1.0742747539
-0.1450075669
1.5289058304
0.3411874229
0.9342787358
0.0328653246
-1.1300254885
0.6328562156
-0.4539622561
1.0388172848
-0.3002991492
-0.5649257832
-0.5146716655
-0.1804920157
-1.0676708364
-0.7609231041
-0.4534559913
0.6193764075
1.5283253986
0.4911965904
0.3825230180
1.2005957647
-1.4327664193
2.7224774838
0.1578232170
-1.5876500818
1.0327937957
0.7672983743
1.0949419724
-1.7458316490
1.5533889782
1.1583783865
-0.5414579602
-0.1773538030
-0.9697567647
-0.0938517572
2.1614714065
-2.2778683092
0.1354786495
-0.7341322500
0.5918927400
0.5690584124
0.9275537929
-2.6731279613
-1.7286542253
-0.7572804086
-1.1230284083
1.0311045238
0.6489545134
0.7414225809
0.7602857404
1.4298878885
-1.9598245112
-1.2337603335
-0.5910207332
-0.2046504956
-0.9484266166
-2.3376210844
-1.2858009602
-0.5946567014
-2.0393695366
-0.4859149826
-1.1846842291
-0.6203561752
1.6983945652
-0.5112922013
0.2633395706
1.2821583653
0.2284334049
0.6633182518
1.4007069863
0.7635549189
1.5278736906
0.9823627146
0.8600572059
1.1559640346
-1.5621355694
-0.1724955834
-1.2967707833
-0.0631739132
-0.9984752434
-0.1604252944
-0.1170169415
0.7520836304
0.7398451786
0.4870112892
2.8902229378
0.1235983420
2.2881307091
-0.1614082771
0.8714742275
-0.3530159090
1.1912242002
1.6729845476
-0.3052925071
1.4287496283
0.7480953934
1.2592999920
-1.1864304108
0.3529410917
0.7478381781
-0.7330440550
1.8501823915
1.5881631139
1.1154191342
-1.1141884327
0.8087762224
-0.8874660109
2.6420297816
1.1884047632
1.8170957107
-0.0713081573
0.0878718834
-1.3490680183
0.5768219157
1.5818952127
0.5287438715
-0.9652039830
-0.4508671684
-0.2407951820
-1.1355419567
-1.1141313937
-1.0131341778
-0.5951519770
-0.0753045518
0.8483797794
1.8282359090
-0.6264411817
0.2188833903
0.9572917793
0.0679652659
1.0599280320
0.9631818186
0.0271176769
-0.0806124402
-0.0135019139
-2.3554407895
0.9682259308
-0.7215169690
-0.8454117348
0.2518140878
-1.2089964792
0.7372183604
-0.7171013282
2.9626458381
-1.0290252219
-1.3638213301
-0.3285058726
0.9566667477
-1.2607038821
-0.4033968256
-0.6421598732
1.6180268432
1.7239651322
0.0427122679
1.3876902666
-0.3419819493
0.5417142951
1.6289879649
0.1001315517
-0.2797468774
0.5506650159
-1.9375501381
0.3053385147
0.2309825380
-0.9358441027
-0.4739907906
-1.0292212854
-0.8636611589
-0.3904021678
0.7023265809
0.1144241504
-0.2087529198
0.5979389386
0.4003712362
-0.6299382277
-1.3729020568
-0.5166767803
0.4692426183
-0.2203108963
-1.0325786931
-0.0138980985
-1.3995629814
2.0200770842
-0.7049721708
-0.8763904835
-1.0366640292
-1.1356131711
0.0283810766
-0.8768890637
-0.2273203411
-1.1275762730
0.0322746678
-1.4752075350
-0.3792093173
-0.3171758783
0.2691142517
0.1585803186
1.0104686172
0.6698056560
0.3047507102
-0.5975369800
-1.0733962355
-0.9850341606
-0.4706169382
