15 11 0.19
8 0 0 0 1 0 2 1 1 1 2 2 1 2 2 3 1
10 0 2 0 3 1 1 1 2 1 3 2 0 2 1 2 2 2 3 3 1
12 0 3 1 0 1 3 1 4 2 0 2 1 2 2 2 3 2 4 3 0 3 1 3 2
8 0 0 0 1 1 0 1 1 2 1 2 2 3 0 3 1
10 0 1 1 1 2 0 2 1 3 0 3 1 4 1 4 2 5 1 5 2
10 0 2 1 0 1 1 1 2 1 3 1 4 1 5 2 2 2 3 2 4
11 0 2 0 3 1 0 1 1 1 2 1 3 1 4 2 2 2 3 2 4 3 2
8 0 0 1 0 2 0 3 0 3 1 3 2 4 1 4 2
12 0 2 1 2 2 1 2 2 3 0 3 1 3 2 3 3 4 1 5 1 5 2 5 3
9 0 2 1 1 1 2 2 1 3 0 3 1 3 2 3 3 4 1
11 0 1 0 2 0 3 0 4 1 0 1 1 1 2 2 1 2 2 3 1 3 2
2 3
11 2
11 4
8 3
0 11
11 5
0 10
7 12
3 4
7 3
9 7
0 0 0 0 0 0 0 0 0 0 0 0 2 1 0
0 0 0 0 0 0 0 0 0 0 1 1 2 1 1
0 0 0 1 1 1 0 0 0 0 0 1 2 1 1
0 0 0 0 1 1 1 0 0 0 0 1 2 0 0
0 0 0 0 1 1 1 0 0 0 0 0 1 1 0
0 0 0 0 1 1 1 0 0 0 0 0 1 1 0
0 0 0 0 1 1 1 1 0 0 0 0 0 0 0
0 0 0 0 0 2 0 0 0 0 0 0 1 0 0
0 0 0 1 2 2 1 1 0 0 0 0 1 0 0
0 0 0 1 2 0 0 0 1 1 1 1 1 0 0
0 0 0 1 2 2 1 1 1 1 0 0 1 1 1
0 0 0 1 3 1 0 2 1 1 0 0 0 1 1
0 0 0 1 2 2 1 2 3 2 1 0 0 0 0
0 0 1 1 2 2 1 2 2 1 0 0 0 0 0
0 0 0 1 1 1 1 0 0 0 0 0 0 0 0
0.4215789072
0.9123405234
2.0179542862
-0.1192649293
-0.7101845580
0.5643449492
0.9265312769
-2.1928380048
-2.0642284152
0.4476530097
-1.0986910742
-0.3514195843
-1.2980100195
-2.4944407894
1.0359410182
-0.2102132437
-0.5893299720
-1.2194684711
0.2692547295
-0.8179374680
1.2044845239
-0.4141740597
-0.5792282722
0.7302335947
0.1943007718
-0.3126865103
0.4571108068
-0.1820978586
-0.5949305521
-0.5599267933
0.0892581305
0.4395317238
-0.5266304917
-0.5437079670
-0.0350810358
-0.8547603917
-1.1334817977
-0.5257629801
-0.1147324416
-0.4754262647
0.0946212524
1.6602588857
0.3817893769
0.5169443483
0.1177210519
0.8809122135
-0.3572754772
0.3520091040
0.4573464368
0.5859884930
1.5629675429
-0.5845341762
0.0200823025
-0.7048295173
-1.1682255325
-1.5046046549
0.7392486638
1.1743072866
0.2311220928
-0.1148753683
-0.4220065921
-1.0562607288
-0.3356880642
-1.3742781551
-0.1261114727
0.3421732375
-0.7943199214
0.1529759622
-0.0761315445
-0.0585773401
0.0103398965
1.4958608548
0.2912892053
0.0361915438
-1.1079613322
0.2330415338
-0.0180370523
0.6716677419
0.3288438800
0.2115988410
0.1371086148
-1.0746451862
-1.2562702693
-1.5165110630
0.3337715174
-1.9715973812
-1.5327514345
0.2698688784
-0.5214695782
0.7970251887
-0.2570311087
0.7055887394
-0.8345407257
1.6562498141
0.7212922468
-1.7056974495
0.6270022036
0.1007975043
-0.3047093137
0.6790982194
2.0519981695
-0.2433084523
-0.2964409305
0.4124251210
-1.0037675205
0.9500159913
0.0706099106
0.2855714045
-0.4908460244
0.3444754146
-0.0327190671
-0.4556011181
1.3444172286
0.2317415666
0.8801569364
-1.3334050599
0.3430219487
-0.7668638026
2.3949954780
1.0057695497
-1.0381824565
0.0628957287
0.9577866306
1.7288023310
0.4198187893
0.3846394658
-1.0213270312
-0.4565376506
0.3228762473
-0.4830356526
-0.1277906705
-1.0038505481
0.3208806134
0.9325205042
-0.4209223166
0.3033622114
0.4423335464
0.3213880943
0.8351803462
-0.9021138770
-0.9301451095
-0.0968387582
1.8660161852
1.1949547026
0.5947066931
0.9483023819
1.5679999777
1.5427253379
1.0008842183
-0.3966918938
0.3039532094
-0.3064078036
-0.7808609737
0.0923279397
0.4316571578
-1.5989915481
-1.1447010462
-1.2885097784
-0.2966816944
0.7048513786
1.5967327154
1.0901338253
0.1607288654
0.0708716747
-1.5920012887
-2.0289042479
1.1763522897
1.5773829933
0.1848955019
-0.8776391674
0.9275460225
-2.0761321734
-1.1340597696
-0.1614047590
0.2712366181
-0.2921620899
-0.2690795211
0.1989344990
-1.0685459657
-1.5061340509
0.5328809459
-0.8121165958
-0.8277272223
0.0836058468
-0.4582060081
1.6477367999
-0.9448924606
1.1782677350
0.0216581671
-1.6062142258
0.4835867689
0.7616850857
0.1314107013
0.4546992282
-0.1464595951
1.3127875175
0.1717519675
1.7689516495
-0.4856248424
0.0981393585
0.2913638866
0.2917145438
-1.2792849056
-0.6896379478
0.7820755604
-0.4219317930
-0.7126766146
0.0970154765
-0.3827294612
0.0352424454
0.1551325077
0.2846908674
1.5730219566
0.6620107541
0.3518041606
-0.8777564186
-0.7700404036
-0.8438860216
-0.7720584941
0.2876090081
1.2242271406
-1.4165325231
1.0313089805
-0.1609048303
-0.2733645822
-1.2668780149
0.2963099166
-0.3818337461
-1.0005817920
0.6271440669
-1.5209113867
-1.4776004932
0.1568659101
1.2827514244
-1.2651042013
-0.3457248531
0.3170543000
1.1622334875
-0.3777125932
-0.2312374194
0.6393998945
0.6715761315
0.2848509950
0.3940542994
1.4404367074
-1.3188394641
0.0332987997
-1.1129876061
-1.4843979450
1.3802620803
1.1199425387
0.8108893704
2.1883110411
1.2531258864
0.3297086256
-0.1117134246
-1.4516160783
-0.2520203417
1.2960422070
-0.7769403456
0.5166387848
0.4410791917
1.5778923425
1.7443410622
0.0217112945
-0.4098655063
1.4201078745
-0.9590649428
-0.9992569413
-0.2711452122
0.9541302246
-0.6292915984
-0.8482673580
2.0949107768
-0.4321248933
-1.3565823920
-0.6877271795
-0.6129947104
0.6748124510
2.2000771099
-0.2349750593
-1.2760130309
0.2395096388
0.6544672481
-1.6322922664
0.4031068595
0.0459988054
-0.4791106269
0.7867015657
-1.2200081240
-0.2992721931
0.8374338205
0.8196052829
1.3336565507
-0.5864126061
-0.2976747306
0.7398769265
-0.2228235681
-0.3885831637
0.5800664376
-0.4905205910
-1.2976835902
-0.4353097248
-0.1411398746
0.3131760725
-0.3832235142
-0.2797196099
-0.5899339428
-0.3739942044
-0.7790614844
-0.7548933814
0.6419269352
-0.9458681185
-0.5545666965
-0.5948970406
1.2936920626
-1.2046422635
-0.1602162565
-1.4888861033
-0.6436780071
-0.0402373601
-0.9614801764
-1.4943521751
-3.3131744314
-2.1992702092
-0.1070547227
-0.6143416067
0.3857084268
1.4555791744
0.9431752643
-1.2950525146
-0.0846562175
-0.4027093811
0.5140024495
0.3837882727
-0.1049073667
0.6984778099
0.2210671424
1.7381007163
-2.0472617895
-0.4426753911
-0.0192603829
0.4612379756
0.6516087070
0.2978338203
-0.0368626824
-0.9377908760
0.1574368223
1.0134734482
0.5169402661
-0.1707007019
-1.6100741552
-1.5295391628
0.0670721125
1.6545874047
1.0033178056
-0.2025886095
-1.0214838130
-1.0250788682
-0.1483363862
-1.8993083046
0.9666098757
0.8717812082
-0.4313067445
2.0382066433
0.3940788749
0.4770732287
0.0547473587
-1.9763786899
-1.5966285468
-1.0035342983
1.2201236523
-0.5087008351
-1.0348329455
-0.8769956613
-2.0986492810
0.6846374035
0.0742462120
1.2699834191
-0.4942000619
-0.4231465455
-1.2081291470
-1.3682958049
0.5287979704
0.7776251829
1.1767605791
0.3984576933
0.0465024805
0.2758177419
-0.0265412122
1.5776557650
1.4219039546
-0.1524233408
0.8023103170
0.7168264042
-1.5541529936
1.4683799211
-0.8743545940
0.3021335962
-1.8045872560
-0.9859152779
0.4607835810
-0.2922079798
1.5222500808
0.3087416266
-0.1146109449
-1.1535770014
-0.4443826752
-1.2979016454
0.3662630222
1.2864530348
-0.0305763547
1.7922897416
-1.0996809162
0.4793707784
-1.0978963919
-1.0331033917
-0.4250182706
1.0684953181
-0.9660418947
1.9858283823
0.4845048903
0.6152539641
-0.6020182266
0.4578216722
0.5079147055
1.0899450575
-0.0407536192
-0.5133492447
-0.3481035891
0.3090782186
0.5266896635
0.4673949901
-0.4730485624
0.8223163911
-0.4632373734
-2.1602164636
-0.3053827023
0.6459548680
0.7733331039
-0.1761793002
2.0260431535
-0.2791872783
-0.2799338687
-0.8854319483
1.8165547635
1.3522853166
-0.4665056854
0.3062191060
0.0102701764
