11 5 0.11
10 0 1 0 2 1 0 1 1 1 2 1 3 2 1 2 2 3 2 4 2
10 0 1 0 2 0 3 1 1 1 2 1 3 2 0 2 1 2 2 3 1
10 0 0 0 1 1 0 1 1 1 2 1 3 2 1 2 2 3 2 4 2
6 0 0 0 2 1 0 1 1 1 2 2 0
10 0 1 1 1 2 1 3 0 3 1 3 2 4 0 4 2 4 3 5 2
1 7
1 3
4 2
0 8
0 6
0 0 0 0 0 0 0 1 1 0 1
0 0 0 0 1 1 1 1 2 2 1
0 0 0 0 1 1 1 2 2 1 1
0 0 0 1 1 1 1 1 2 1 0
0 0 1 1 1 0 1 0 1 2 0
0 0 1 1 1 1 0 0 1 1 0
0 0 0 1 1 0 0 0 0 0 0
0 0 0 0 1 0 0 0 0 0 0
0 0 0 0 1 0 0 0 0 0 0
0 0 0 0 0 0 0 0 0 0 0
0 0 0 0 0 0 0 0 0 0 0
0.8850063175
-0.0130731306
0.4416428962
-0.8066860283
-1.4902694318
0.1015544786
-0.4927405765
0.7592327722
-0.5698521394
0.8570497667
0.2237394772
-0.2020227622
0.6161916057
-1.0476704907
0.7404677096
1.6153095828
1.3887311702
0.3388818408
-1.1972465594
-0.0017353292
-0.8126439455
0.0061438717
0.1842869863
-0.9535855906
0.1669802659
0.6114352987
-1.1542667333
-0.0095433510
0.7777937727
0.6287952294
0.5070431563
1.0767219156
1.0900654044
0.2071764023
1.3025817706
0.5822689407
-1.5380616208
-0.2723873451
-1.5643600597
0.4428477137
0.6508228539
1.6720943901
1.2780285235
-0.2870144256
1.3181100553
0.1362087281
0.2227030537
-0.1522277438
0.7871846633
1.2313840282
1.3977588985
0.7728982884
0.5533813743
-0.7015806099
-0.7901144082
0.7879500492
-1.2494948312
0.7209646329
0.2185412803
0.5659236441
0.2131748764
-0.6567886528
-0.3548429041
1.4788601696
1.7760074186
0.0675662249
0.9343646644
2.2341559573
0.3690965730
0.5812053623
-0.8192500465
-0.9142437303
-0.3287238259
0.3141761025
0.7351753569
-0.1500654099
-0.2791317060
-0.5493518720
1.2676460966
-1.5980337630
-0.0843351819
0.8096743832
-0.0540898021
-0.3951102293
-0.5125987913
-1.3609887007
0.0577494888
-1.1425388687
-0.9487305731
1.2278460359
-0.7548689431
0.8902701554
-0.4549283415
1.5391314439
-0.3409824543
-0.7862709032
-0.3216792207
-2.5817007987
0.7836572297
-0.6623958557
-0.6139926261
-0.1865835644
1.2467690087
-0.9939340086
-0.8351336846
-0.7381753390
0.5931404286
-0.5366542794
-0.3760029174
-0.3137386469
0.9383358887
0.7856150693
0.4758171851
-0.9155795031
-0.6053137896
0.9761562898
-1.3288113418
-0.6215257093
0.1383829393
0.4647498167
0.4427779032
1.2074559628
-0.5729068545
-0.7556374087
-0.0354804359
0.9850578828
1.4875496155
-1.2874331130
-1.1475852147
0.5587190981
-1.0012107303
1.2926416945
-0.6858082762
-0.5739601757
-1.2036821102
-0.0909512516
0.3352732193
1.6662629966
-0.4029972431
-0.4284060119
2.2550224539
-0.4182810340
-1.1168244439
0.2014316921
-1.1343289019
-0.3802835364
1.0090641580
-1.6408200927
-2.0793531616
-0.7031308451
1.7137957056
-0.7979350603
1.1692871866
1.0756366017
1.2616324903
0.6004050119
-0.4126518435
0.3039066205
0.7281923357
1.8374643984
-0.8507286443
-2.5432052023
-0.1877755837
-1.4390636030
-0.5817572917
-0.5297759829
-0.7072614808
-0.0985810692
0.0120916772
-0.1441269538
-0.3994614818
-0.2715716836
-0.8570988305
0.6017070418
1.1108421179
-1.3683908887
-0.5018470236
-0.7900151261
0.4416654290
-0.4025053516
-0.6054575144
-1.4482294149
0.1569837421
0.6123094898
-1.7787034597
-0.7183494874
1.5915620821
0.2837730021
1.9717535064
-0.4924987749
0.3270160227
0.9198327485
-0.9375219056
-0.2254430494
0.8820329270
-0.1251612276
-0.7995560513
-1.1735351326
1.0382600564
-0.9587726004
-0.7087643216
-2.9568922531
-0.0140458575
-0.8992973828
1.5739096011
0.6725611650
0.3447140362
-0.0014962493
-0.9899916506
-0.7520488398
-0.3854418201
0.3177018125
0.5959707234
-0.9963679159
-0.9822782190
0.0418244004
0.9704513273
2.0512732593
-1.9873596896
-1.6164698169
-0.2129840513
-0.9712282411
1.5416285974
0.0525820048
-1.2592710021
0.0662491940
0.7327670730
-2.3421218730
-0.9485775009
-1.8024268701
3.3356631568
-0.7481904707
-1.3209127273
0.1349730442
-1.9302756607
-0.6070319198
-0.0481101963
-1.9087952366
0.3775669271
-0.5728977469
-0.2442510837
-0.4822272763
