16 2 0.20
36 0 5 1 5 2 5 2 6 3 2 3 4 3 5 3 6 4 2 4 3 4 4 4 5 4 7 5 0 5 1 5 2 5 3 5 4 5 5 5 6 5 7 5 8 5 9 6 0 6 2 6 5 6 6 6 7 6 8 7 2 7 6 7 7 8 7 9 7 10 7 11 7
31 0 0 0 2 0 3 0 4 0 7 0 8 0 9 1 0 1 1 1 2 1 3 1 4 1 5 1 6 1 7 2 1 2 2 2 3 2 4 2 5 2 6 2 7 2 8 3 4 3 5 3 6 3 7 3 8 3 9 4 6 4 9
4 6
1 2
0 0 0 0 0 0 0 0 0 0 0 0 0 0 0 0
0 0 1 0 1 1 1 0 0 1 1 1 0 0 0 0
0 0 1 1 1 1 1 1 1 1 0 0 0 0 0 0
0 0 0 1 1 1 1 1 1 1 1 0 0 0 0 0
0 0 0 0 0 0 1 1 1 1 1 2 0 0 0 0
0 0 0 0 0 0 0 0 1 0 0 2 0 0 0 0
0 0 0 0 0 0 0 0 0 0 0 1 1 0 0 0
0 0 0 0 0 0 0 0 1 0 1 1 1 0 0 0
0 0 0 0 0 0 0 0 1 1 1 1 0 1 0 0
0 0 0 0 0 0 1 1 1 1 1 1 1 1 1 1
0 0 0 0 0 0 1 0 1 0 0 1 1 1 1 0
0 0 0 0 0 0 0 0 1 0 0 0 1 1 0 0
0 0 0 0 0 0 0 0 0 0 0 0 0 1 0 0
0 0 0 0 0 0 0 0 0 0 0 0 0 1 0 0
0 0 0 0 0 0 0 0 0 0 0 0 0 1 0 0
0 0 0 0 0 0 0 0 0 0 0 0 0 1 0 0
0.0118100062
-0.2899036271
-0.1348093440
0.8401764336
-0.8309455275
0.8236686827
0.0987570497
-0.0221879537
1.1679406173
0.9503142825
-1.2829957623
0.4491950873
1.6655869025
0.2320303946
-1.3228180443
0.0330156977
-1.0008866642
-0.2907612196
-1.5264777203
0.4129205375
0.3920593164
0.4819375856
1.7121566741
0.8065982265
0.6279136103
-2.0945464853
0.8711909850
-0.9313974249
-2.1409621022
-1.2735502875
1.5039400177
0.6849986622
0.0738670096
0.0282877861
0.6827336750
-0.7858479885
1.1740022846
-0.0563633034
1.1623634347
0.3490313821
0.0819503710
0.7536840930
-0.2957958179
1.2667333847
-1.9049022497
0.2616076850
-1.4075824892
-0.3489410572
-1.3639526290
-0.0396079536
-0.1421774700
1.1177410131
-1.3238032155
-0.2791203908
-1.4459377186
-0.4498796530
0.0602792373
0.4383705823
1.2832881368
-1.4456178838
-1.2657163660
-0.7136792684
-0.5756337034
1.0055912850
0.4960614754
0.3929873708
0.0992410919
-1.0689511277
-1.3734114365
-1.7448220706
0.1016915229
-0.3356395461
1.9309619314
0.2586713715
-1.8768957232
-1.5824495927
0.1167405965
0.9465803029
-1.2920981087
0.5487199245
-0.4460463205
-0.7641950750
0.4871664052
-0.4649567883
0.2386020493
0.4537309347
-1.5641550381
-0.6336084941
-1.4781537878
0.3999231591
-0.6004304057
-0.9492226341
0.5827274741
1.2966489439
-0.8062394895
0.3345226858
0.2414622958
-0.7546955462
-0.8609685582
0.3209414539
0.1439970582
1.1968962796
0.5868967140
-0.3521382095
0.7014778226
0.4714354830
-1.6676809000
-0.7836735238
-0.3592596501
2.7111985759
0.2874024415
-0.4933071698
1.2130133113
1.5538486975
-1.3427672033
-0.1379226298
0.2641635870
-1.6619978576
-0.1678938704
-0.9730907565
-0.4379995052
-0.9475372545
1.0277664652
-0.7204465915
-0.9144651668
-0.8209169981
-1.1191760471
-0.7384784018
0.1323934003
-0.1924233032
-0.7619367802
0.9742534460
1.4147242889
-0.1028267490
0.0885736914
-0.6317128245
-0.3840498626
-0.0406737962
0.1671018487
1.4245089510
-0.2776917019
0.7081733477
0.4254110861
1.4077711275
-0.4617798421
-0.7806507286
-1.4893770542
-1.2581591511
1.8740499077
-0.6194054085
-1.1150643145
0.1147878964
-0.4179727041
0.6956024161
-0.5453513445
0.8938486674
0.5697026014
-0.6293631232
1.4213289640
-0.4613730974
-0.1066514684
-1.6767560806
1.2857588431
-0.2025024933
1.1630002695
1.4701382288
1.2740234345
1.4685173086
0.9083061816
1.1711884227
0.0353210791
0.5197458824
-1.1944043918
-0.4362988129
0.8878526002
0.2229669792
1.5633357576
0.3564308675
-0.0486061417
-2.7669153129
-0.5230235517
0.4079497428
-2.0606292836
-0.9485208248
1.5779790592
0.2304766391
-0.2872423835
-0.8533606400
-2.3747965481
0.8428848225
1.4755525150
0.6048149228
-2.0767148943
-0.5821590996
-1.0630720344
-1.1830914485
0.7570760563
0.3895596330
0.4575849966
-0.8208868805
-0.0008393252
0.3280116744
0.1345615487
-1.5043548727
-0.7271678536
0.3382365201
0.2743918842
1.0374827699
-1.1086923791
0.2625043444
1.2474912209
0.4696451492
0.3466287781
0.4155308865
-0.0132752931
0.3213775919
-0.2927184318
-0.1528527626
0.0158106018
-0.9342753092
-0.3870084133
0.4307319889
0.6132189527
0.5327876908
1.1990348544
1.6152594032
0.3335564795
-0.8302787535
1.2868493092
0.0857153188
-1.1611053025
-0.7944878376
-1.5128460759
1.2913619662
0.0698128951
-0.8092113068
0.2724081986
-0.0076998671
-1.7261904763
0.8981855927
0.8258681412
0.6335018723
-0.6265328743
1.1713576721
0.0354571956
-1.2723764869
0.4690253827
0.4548728380
-0.8205566480
0.6733726522
0.2125245452
-0.0133883424
-0.6083668451
0.1949586870
1.1522202737
0.4810643486
-1.2689260904
1.3916589500
0.0891931243
-0.2957552284
0.2208016917
-0.1999823564
0.5040886891
0.9287219544
-0.3046776716
1.0543224551
0.3731716259
-0.8116900021
-0.3173595502
-1.6466865808
-2.2046143043
-1.0111849427
0.4541466922
-0.3957498284
-0.2149792762
1.3178892399
-0.6569694674
0.1666920648
1.0489554296
-0.4961774329
0.3751188819
0.5453972422
0.9333167691
1.5601189121
1.4395917110
2.4946077662
0.0626516977
0.2943705670
-0.4655011620
-0.3252849050
0.4262989420
-0.5455251969
-0.5755491295
-0.6097565839
-1.3062171994
-0.2895882612
0.7504174007
1.4332908137
0.5122062200
-0.0900297750
-0.1210464294
0.8026714885
-1.4460103119
1.6625864672
-0.8629165110
1.3271995578
0.5615675662
0.5668180024
1.2432019812
-0.8390528479
1.1912843725
0.6528895969
-0.7575653587
1.3707470586
-0.6017011134
-1.2185699322
-0.5809420249
0.7785110069
-0.6396721047
-0.8315719181
-1.3733030885
0.9960986291
0.4055777800
1.0710753750
-2.2050309520
-0.6074250087
2.5109771776
0.4357891617
0.3914267032
1.7106637856
-0.4624272467
0.7423878091
0.3210075683
-0.3686132358
2.2415499363
-1.3549384843
0.1695469861
-0.0958334600
-0.7580303722
-0.7363659777
0.9125715193
-0.2469343317
1.5226269961
-1.7018757758
0.2098980551
0.4560049683
-0.2458474006
-1.4503969067
0.7802893972
-0.6279020753
-0.3251115324
-0.0141418087
0.9694250503
-0.0292599485
-0.4092697730
-1.1522756239
0.0657601787
-0.2346818477
0.3368536569
-0.2988128861
1.4288092296
-0.8376691352
0.9989174527
1.2242193519
-0.3952018874
0.4178674005
1.5278039289
1.5463842015
-0.2120364286
0.5121025842
0.1336308879
1.0396712328
-0.2550524792
-0.3875664370
0.3267350350
-0.2984618476
0.2908393096
-0.6309839761
-1.6002986961
1.1800194493
-0.2077022356
-2.0434636853
-0.7636354166
0.4222102710
-0.8153393684
0.3010680682
-0.7078333672
-0.7024074302
-1.6052975598
1.2767220153
0.5691657146
-0.3802259727
-1.2711665588
1.2167505349
-1.7057172734
-0.5715179517
1.0291310058
0.6968815473
1.2322702357
-1.0505759593
0.0361261314
-0.5070671946
0.4043611683
0.5140530350
0.6536735752
-1.1267335707
0.9332167577
1.1677553966
0.7158460644
0.8408064725
-1.9647618207
0.2937106806
-0.7605599946
-0.8426558260
-0.3203628512
0.5568527691
0.8053228991
-0.2415369505
0.2911434190
0.9336556797
-0.4714836452
-0.0153493051
-0.2718103519
-0.0998008232
-0.6206535707
0.4234586226
0.0887596710
-2.5778450086
-0.2523948473
1.1863740986
0.0079006966
0.7918327070
0.0158036858
0.6502747127
0.7334041472
-0.0322664426
0.3031255459
0.0533740257
-0.5447624690
-0.9993080583
1.3413233319
0.6680250493
0.9641078498
1.5196192482
-0.7144398549
0.3787511899
1.2189406217
-0.4110558874
-0.4564199478
0.9422866739
0.3355112602
-0.1139824596
-0.6526407342
2.3343913074
-0.7408312314
-0.0447990893
0.2050668584
-0.4715309389
0.5676763129
0.0896915665
-0.3009710404
-1.5362210006
-0.6576863486
-2.8418698965
0.8600796443
0.4083896453
0.1166264776
-1.7187648819
-0.2040240290
-2.0751087516
1.6334814673
1.5426488261
-0.2579633091
1.4069615864
0.9645920518
-0.4663721356
0.4219683366
1.2911721127
0.6746403042
-0.5266929151
-0.4001888253
-0.7449177741
0.0759524451
-0.9466457615
1.2813042911
1.4994105465
-1.3945252892
0.9689551417
0.6966161433
-0.7324075316
-0.7133501015
0.3029593480
0.4210915538
1.2144071721
-0.1445027150
0.2747663360
0.5311368940
-1.1859668908
-1.0540621323
-1.0131269233
-0.5831204117
0.3995711636
-0.1388958186
-0.3030364773
0.6364016355
0.9258448068
-1.2261399570
0.9123122363
-0.3879190283
1.1503195550
-0.7950683961
0.9483980542
