18 9 0.16
11 0 2 1 1 1 2 2 1 2 2 3 0 3 1 3 2 4 1 4 2 5 1
13 0 3 0 4 1 3 1 4 2 2 2 3 3 0 3 1 3 2 3 3 3 4 4 4 4 5
9 0 2 1 0 1 1 1 2 2 0 2 1 3 0 4 0 5 0
16 0 3 1 3 1 4 1 5 2 0 2 1 2 3 3 0 3 1 3 2 3 3 4 1 4 2 4 3 5 2 5 3
11 0 1 0 2 1 1 2 0 2 1 2 2 3 0 3 1 4 0 4 1 4 2
16 0 1 1 0 1 1 1 2 1 3 2 0 2 1 2 2 2 3 3 1 3 2 3 3 4 0 4 1 4 2 5 1
13 0 1 0 2 0 3 1 1 1 2 1 3 2 0 2 1 2 2 2 3 2 4 3 2 3 3
18 0 1 1 0 1 1 1 2 2 1 2 2 2 3 2 4 3 2 3 3 3 4 3 5 4 2 4 3 4 4 5 3 6 3 6 4
6 0 0 0 1 1 0 1 1 1 2 2 0
10 12
1 12
1 6
11 12
5 11
10 13
1 0
7 0
11 4
0 0 0 0 0 0 0 0 0 0 0 0 0 0 0 0 0 0
0 1 1 1 0 0 0 0 1 0 0 0 0 0 0 1 1 0
0 1 1 1 0 0 1 1 1 0 0 0 0 0 0 1 1 0
1 1 1 1 1 0 1 1 0 0 0 0 0 0 1 1 0 0
0 0 1 1 0 0 1 0 0 0 0 0 1 1 1 1 1 0
0 0 0 0 0 0 1 0 0 0 0 0 1 1 0 0 1 1
0 0 0 0 0 0 1 0 0 0 0 0 1 0 0 0 0 0
0 1 0 0 0 0 0 0 0 0 0 1 1 1 0 0 0 0
1 1 1 0 0 0 0 0 0 0 0 1 1 0 0 0 0 0
0 1 1 1 1 0 0 0 0 0 0 1 1 1 0 0 0 0
0 0 1 1 1 1 0 0 0 0 0 0 0 0 2 0 0 0
0 0 1 1 2 1 0 0 0 0 0 0 0 2 2 2 1 0
0 0 0 1 1 1 1 0 0 0 0 0 0 2 2 2 2 1
0 0 0 1 2 0 0 0 0 0 0 0 2 2 2 2 1 0
0 0 0 0 0 0 0 0 0 0 0 0 1 3 3 2 0 0
0 0 0 0 0 0 0 0 0 0 0 0 0 2 2 1 0 0
0 0 0 0 0 0 0 0 0 0 0 0 0 0 1 1 0 0
0 0 0 0 0 0 0 0 0 0 0 0 0 0 0 0 0 0
0.6495797162
-1.6323645556
1.9534722153
0.2861802376
-0.2996972563
-0.7844635982
0.2624460295
0.3045968143
-1.6382124725
-0.7362643029
-0.8045156199
-0.2084649634
0.4635526489
-0.6193422838
0.3770953301
-0.3072634168
-1.3963680540
-0.0467780364
-0.9399598321
-1.3085211601
-0.3805404863
-0.1730381195
0.0314530219
0.1831210625
-0.5907687570
-1.9557230095
1.5711009070
0.3469912584
0.9813311357
1.4042870502
0.1812580140
1.4103777484
-0.9809352905
-0.0369569648
-0.0860787176
-0.3336425599
-0.7003300422
-0.6766692192
-0.8882436406
1.0950336904
-0.4634547543
-0.4420865409
0.5632826164
-0.2802446510
0.6842660905
0.5446018438
0.2085952710
-0.2204312633
0.6448147699
0.4998139224
0.6078685688
-0.3846036003
-0.1784410966
0.2646629602
0.0164367764
-1.6797435126
-0.8836616228
-0.8597234981
-1.0635761893
-0.2082565087
0.6222750038
-1.9008212122
0.4849904429
-0.4172505081
0.4785486824
0.3987479363
-1.4535652953
0.0458633262
-0.9142569348
-1.0489739776
-0.5426972192
-1.2477985921
1.2915808506
-0.3576899788
-0.9725553557
-0.3160992221
1.1853779009
-0.7562967910
-2.3890529274
-0.2296061999
1.7688070446
-0.8431815402
0.7992974647
0.2617799689
-0.6766001445
-2.2933280838
0.1942625564
-0.4608331402
-1.0311308782
1.7511901080
-0.2111897534
-0.3172044170
0.7819772684
-0.1848470372
-1.0866907415
-0.1368981457
-2.1620552230
0.2103559676
-0.9662956897
1.6230069189
2.0717725881
0.3426425351
-0.6731728640
-0.5174935217
-0.4408770305
-0.5241000676
-0.8898490155
0.4770492683
-1.3181454479
0.1418047240
0.2198708822
0.6335960761
1.1102159032
1.7380376616
0.2638136894
-0.1823629052
0.0237197233
1.4395452046
0.7309588591
-0.4482051686
-1.0541165021
1.6140373207
-1.1269240097
0.0792042305
-1.1593223553
0.2811647424
-1.5906126292
0.6445867691
-0.3660912299
-0.0859534676
0.2449122510
0.8771112740
-0.7779268405
0.1210045619
0.4435892335
0.4943197288
-0.9506984729
1.5153883772
-0.3516250424
0.3461141306
-1.6925803902
1.0412441398
-1.1096664688
-1.1027003135
-0.1607425660
0.0398708590
0.5109151168
-0.1470097626
-1.1647494035
-2.1163252083
0.9149038140
0.5968035206
-0.4421361453
0.8045188013
-0.5013556310
0.4824425884
1.6316724366
-0.5522226773
2.1809674714
-0.3973714995
0.6020816106
-0.0962192584
-0.1130573918
0.2862843664
-0.2364387392
-0.6499728294
0.3277685346
1.3504174610
-0.5962424517
-0.2779959619
-0.2745409907
-0.4618412163
-2.1345482144
0.7246911639
-1.2259735730
-0.6985261150
-1.1047237725
0.0529156489
0.0164459568
-0.8272271801
0.6977086648
-0.1299333586
-0.4860508295
0.6244694963
1.1438890508
-0.1502311158
0.6634488614
-0.0972649791
0.0998934099
-0.5576580122
1.2048646318
-3.0164915433
-1.9485649003
-0.8762743884
1.1543546126
1.2120608443
0.5692415694
-0.8575653301
0.9776980026
-2.5590730933
-0.8745144636
-0.6782318233
0.2169207336
-0.0446878044
1.1944374109
0.4175319556
0.0272824764
0.5685230092
0.3896545330
-0.1621168815
1.1577238669
-0.6118887687
-1.4343584478
1.4587676783
0.8167153646
0.2675673127
-0.7233171363
-1.4847581506
1.2199179706
-0.5027042152
-0.0001103914
0.8143832299
-0.4462930256
1.5512562269
-0.0841403235
-0.8678448647
-1.3358967577
1.4485338602
0.3232393388
-0.4043140876
0.1686732112
0.4853586989
0.7772592380
0.2264301305
-0.2585334411
-1.0212949843
-0.9863551516
0.0968715055
-0.7825324019
-0.2865251782
-0.6168780909
0.2265877295
0.0857789092
-1.0022230805
-0.0829104706
1.0491553265
0.1246310448
0.3101417313
-1.3561783628
-0.5688420481
-0.2492947908
0.7106603883
0.5830628178
1.1500359443
-0.0923114947
1.6192132764
-1.0820435265
0.3746035329
0.3031494593
-1.3617797008
-2.2923998674
0.8093450195
1.4151705507
-0.1989458758
-0.4987314869
0.9869493412
-0.7791147375
-0.9248317844
2.5523105537
-0.4749622354
1.3444687166
1.2397364231
-0.2605654432
-0.5173554391
0.6223423660
-0.5398089226
-0.0949372763
1.1466466330
-0.5554214969
-0.2592935156
0.5224662415
-1.9292883138
1.6416271681
-1.0612455789
-1.2138502975
0.5915568473
0.3204164919
0.0294830629
-0.6072355884
0.6880807209
-0.0183626720
-0.9709001090
-1.0235486650
1.6858385957
0.2141635155
-1.6547055380
0.3994458294
-0.3328349023
-0.1443539630
-1.3009520598
0.6571701516
1.0578868406
1.4079305294
2.3328122188
-0.3839202603
0.2764357528
-1.0704673803
1.2984646707
0.4445088367
-0.0891536328
-1.7721662315
-1.9579493576
0.9837464295
0.6856676719
-1.2703927940
0.8424479559
0.2238652294
0.1882206222
0.6678109648
-0.9616730393
1.6568036651
-1.2633693168
-0.1825329918
-0.6150854799
1.2142478730
1.9306501667
-2.0378682008
0.3185561390
0.1482246395
-0.5282772463
0.8319885619
-1.4373104789
-0.4451645971
1.3407915966
1.0021420573
-0.7391189465
-0.4955907932
-0.9179772738
0.9556331320
0.0542848295
-0.6022404341
0.0550587023
-0.6876540019
0.1707574241
-0.5214241042
1.2791131758
-1.6355083556
-0.2464701818
0.7306931863
-0.8816612659
-1.1965287110
-0.3085712028
-0.0282844189
-1.2877691761
1.2174154645
-0.4882050590
0.2553989529
-0.9343297401
-0.7108490000
-1.5425635861
0.6110952489
0.4014260795
-1.1115062161
-1.4161605051
-0.7181542557
0.7268424297
1.1914951507
-0.1517667784
-1.5689827840
0.8660740003
1.2857812056
0.3778614384
-1.6620212614
0.9497605765
-0.7267564410
0.0508626542
-0.1037467437
0.4864604463
1.4286948301
0.0192986885
-0.2442623769
0.0757042072
0.2622582272
0.3475524240
-1.3537792371
-0.1275450588
-0.7515140124
-0.3315677467
0.8190426671
1.1142490470
0.5125124341
0.9039164773
0.8323246228
-2.1285038693
1.0773975310
1.3333597925
0.7487626611
1.8928966649
0.9333255864
-1.2391962851
-0.6908573708
-0.1258639462
0.4993226988
0.5276545257
-0.9671912661
0.0990517508
-0.3131248722
0.0775547261
-1.0159124106
-0.7780786662
0.7744132854
-0.5737584340
1.7163598590
0.2127374337
0.1777739894
-0.3302924909
1.1562851752
-0.9404056862
0.6762983315
-0.3070062795
-0.5575417746
0.2184839395
-0.5313774427
0.9854363055
-0.5301514444
-0.2572409686
0.0516374559
0.6765076817
0.3520967236
-2.2069656121
-0.1586559864
0.6460925377
-0.7387626372
-1.1735676144
1.3351718271
-0.4198701945
-1.4116644180
-0.4596027388
1.4186267741
-1.3971894509
1.0085170884
0.8599674047
-2.6589670941
-2.0542558435
-1.0283001728
1.7286361005
0.6522038463
0.2003152556
0.8880371453
1.2538015243
-0.0743271565
-0.4031515942
0.5640306996
-0.0536272003
1.0104657251
-0.4460801415
-0.9243388032
0.6592504731
-1.0174507698
-1.0839558193
-0.9561908666
0.0575962310
2.0788550759
-0.2248293486
-2.3753354181
0.2939854724
-0.3055810469
0.9722846999
2.0119487788
-0.1757218202
0.3896331031
0.3753911729
0.9591928359
1.0796823757
-0.5586507224
0.3654546497
0.0728204888
0.2007285562
0.0835514827
1.7245343065
-0.7785265713
-0.1054996206
1.2343931734
0.6555899318
1.8221101454
-0.4278108121
0.7818657471
0.2053028331
0.0999000915
0.3349993316
0.6228895270
0.5994085887
0.4973440227
-1.1135963587
0.3449281832
0.0616326772
-0.9796000540
1.8797854754
-0.4446187311
2.2504356242
-1.1023864570
-0.5512858298
-0.5364392979
-0.8559924661
2.6086026901
-0.9978545553
-0.7256454423
-0.3170167166
0.0030717508
-0.9814947327
-0.0446753003
-0.6032652607
-0.7069532816
0.2890664706
0.5762528804
-0.1034927482
1.1996587196
-0.8986693739
0.0078770137
1.5615267066
0.4610784399
1.0472994512
0.1330216406
0.4893299606
-2.4637272364
0.7112907699
-1.7126691733
-1.4255967941
-0.5354444831
-0.3965795576
2.3878716514
-0.1696578818
0.3278574793
-2.5260838397
-2.1715874598
0.1120759809
-0.5096924952
-0.6226372594
0.3374934927
1.4500891565
2.2284407145
0.5098285688
-0.7152665189
1.4212462532
1.0168275014
0.2637693272
-1.7120718783
-0.8137402137
0.1843584910
-0.1726385511
-1.0834570102
0.4598729837
1.3140620333
-0.5546932645
0.0129567291
0.6518590105
0.3794763404
-0.0531726410
-1.2762869439
1.2892364605
0.5275890985
-0.8538804140
-1.7033694839
-0.1388946636
0.0801504655
0.8731940830
0.3665070986
0.3184727121
0.2673165475
-0.9079701698
-0.1037971995
0.6488438903
-1.1197214963
0.4532093358
0.3333011233
-0.1086574180
0.6661168240
-1.2422866026
0.3534061166
0.6004662719
0.0497963768
1.4422898008
-0.8511889825
-0.5777533843
1.1449466567
1.0218252882
0.5227449557
-0.4958326805
0.0687497576
-1.2395121794
0.6230036464
1.9882057563
1.9138104006
-0.6963257015
1.9796320230
0.0914101833
0.3473596800
-0.0263109782
-0.2113600701
1.0556423312
0.5690542938
0.4486826344
-0.0774408122
0.6398503696
-0.3815204853
-0.7914924117
-1.7542412912
0.4994635352
0.9582113933
-0.1285442682
-0.3063498913
0.9664650491
0.6289659816
0.4750407670
-1.3439108491
-0.3450856413
0.5073009993
-0.8811016120
-1.9144169259
0.6007976473
-0.7186051689
0.0894190257
0.1889640925
-1.0336156806
-0.4310895414
0.5459174244
0.4786711619
1.3068358312
0.6465746137
-1.9113284544
0.9750965225
-0.3904020516
-0.0562637114
2.5270823500
0.3489537563
-0.3421513157
-0.5936776805
-0.9086998146
1.6254881440
1.3821829726
-1.6660821297
0.7063095331
0.1237074874
-0.1311070253
0.2376755430
-1.9709729401
0.9839827324
-1.0587831811
