11 3 0.19
23 0 1 0 3 1 1 1 3 2 0 2 1 2 2 2 3 3 1 3 3 3 4 3 5 4 1 4 2 4 3 4 4 4 5 4 6 5 2 5 3 5 4 5 5 6 2
9 0 0 0 2 0 3 1 0 1 1 1 2 2 2 2 3 3 3
19 0 4 1 4 2 3 2 4 2 5 3 2 3 3 3 4 3 5 4 0 4 1 4 2 4 3 4 4 5 3 6 2 6 3 7 2 7 3
4 1
0 5
1 0
0 0 0 0 0 1 0 1 1 0 0
0 0 0 0 1 1 1 1 0 0 0
0 0 0 0 1 0 0 1 1 0 0
0 0 0 1 1 1 0 0 1 0 0
0 0 2 1 2 1 0 0 0 0 0
1 1 2 1 2 0 0 0 0 0 0
0 1 1 2 1 0 0 0 0 0 0
0 0 2 1 1 1 1 0 0 0 0
0 0 2 2 1 1 1 1 0 0 0
0 0 0 1 1 1 1 0 0 0 0
0 0 0 1 0 0 0 0 0 0 0
1.0584040240
-1.6503028457
1.0266156146
-0.2514464302
1.0472737205
0.2834984273
-0.5429896087
-1.8963387612
0.0377562425
1.6932877992
0.4846079523
-0.3633686254
0.5757843911
0.8582078618
-1.6411370462
0.0903971255
-0.9223450666
-2.0872043634
-0.7730889116
-0.0029617176
-0.4447929486
0.9784359990
-0.3095713480
-0.1564752815
-0.7966357359
0.5602456855
-0.0104224128
0.2053408360
0.0961667529
0.3968371150
1.3244619368
0.1171582578
0.3805295607
0.8261137390
0.0336181650
-0.1809727680
1.1383651564
0.8800798473
-2.3132198314
1.6290760975
-1.0236020488
-1.2081257457
-0.5078043540
1.5432958518
1.1766385150
-1.3140719295
0.4327638979
0.0735358161
-0.4025276651
-0.6691773437
-2.1088090924
-1.5761922999
-0.4558626701
1.3257341733
0.8117738510
1.7859887311
-0.7801433462
0.3412864098
0.8893432316
0.0727476734
-1.4576227967
-0.9934589838
-1.0545667631
-0.3102274310
-0.6806787424
0.2082251617
-0.8066885939
0.5781591978
2.2955367062
-0.2229258529
-0.0162579503
-0.3819521306
-1.2619379704
1.6776158728
0.5113604904
-3.3729745212
-0.9606364023
-0.0346862468
-0.6898178839
-0.0853974391
-0.0757363817
0.1536741252
-0.8745226131
-0.0922466181
0.1359791937
1.1057559709
0.2305915509
0.7334509658
0.1872364527
-0.2266351311
1.4672639232
-0.3220074329
-0.3309099731
-0.7929341682
0.1066715704
0.4005840591
3.4012676668
-1.0496652291
-0.5113734192
-0.4292116076
-1.5118395806
-1.3234257670
0.0399812229
0.3326592438
0.3330376188
-1.3435933708
0.9984617188
2.2491261739
0.2414749630
-0.2921649036
-0.9117973720
0.5558800723
-1.1591532796
1.3981139897
-0.8188499061
1.4761326057
0.5059099126
1.5117537712
1.9632118877
-0.1105752313
-0.3158963170
-1.3932317741
1.8808187712
-0.3503787418
1.0053504030
2.6024645728
0.7414696598
-1.9763599359
0.1684464109
-0.6180859393
0.7062493912
-0.2386253142
-0.1969425417
-2.0194470265
-1.2502411431
1.6528241259
1.1250334935
1.8373007840
-0.5079899708
-1.5400210861
-1.2595545248
-0.6542927610
-0.1915111971
0.3777893666
1.7101294292
-0.1389340472
-0.1930207974
1.7063310920
1.3050210544
0.4280401512
0.3611733905
-0.8543047494
-0.7735874479
0.0461307963
1.9537803576
0.9401012274
-0.7042395218
-0.7792223796
-1.3584452597
0.8953610302
-1.0136929402
-0.9227897497
-0.6739737360
-0.9506720208
-2.7034416598
-0.4904074952
1.7889821667
0.9781285763
-1.5958805639
1.1778367876
-0.2825467381
0.1285873027
-0.9423220804
0.7941970661
-0.7330745713
-2.3094365732
-0.6747850203
0.0776792122
-0.0355261500
1.3736454845
0.7225863655
0.3570318133
-0.4344385492
1.1844135070
-1.2024937672
-1.7160034677
-0.2729740329
-0.1744870697
-0.6231205096
0.5626569101
-1.3622352500
-0.7396797136
-0.2916050190
-0.4842239703
0.4190331386
2.1120235258
0.7454005641
0.0143380325
-0.1793783469
-1.0599860943
-0.1540935353
-1.6501475624
-0.5900140318
-0.5839760498
-0.6127615382
-0.6390817368
-1.1642394149
0.7912088577
-0.1494161194
-1.3005428473
0.3891421835
-1.3427178169
-1.8986688156
-0.4289042513
-0.0136903225
-0.4942331096
-0.6581888877
0.0607885960
-0.5407701040
1.2258794249
-0.0314518429
-0.0977645128
-0.9379016704
0.4032532476
-1.6398891251
-0.8193112884
-1.1254612697
0.8688961425
0.2984091040
0.6496989801
0.5291752248
-1.1323181140
1.0657512342
-0.1523849667
-0.1987843379
1.5449882233
-0.4270697393
-0.0593529365
-1.1631757147
-2.3544691268
0.5428102067
-0.1799695877
