11 3 0.04
23 0 0 0 1 0 4 1 1 1 3 1 4 2 0 2 1 2 2 2 3 2 4 3 0 3 1 3 2 3 3 3 4 4 1 4 2 4 3 4 4 5 2 5 3 6 3
17 0 1 0 2 0 3 1 3 2 0 2 1 2 2 2 3 2 4 3 2 3 3 4 0 4 1 4 2 4 3 5 0 6 0
19 0 5 1 2 1 3 1 5 2 2 2 3 2 4 2 5 3 1 3 2 3 3 3 4 3 5 4 1 4 2 4 4 5 0 5 1 5 2
3 3
4 0
4 0
0 0 0 0 0 0 0 0 0 0 0
0 0 0 0 0 0 0 0 0 0 0
0 0 0 0 0 0 0 0 0 0 0
0 0 0 1 1 0 0 1 0 0 0
0 1 1 1 1 1 1 1 0 0 0
0 0 1 3 1 2 1 1 0 0 0
1 1 2 3 3 2 1 1 0 0 0
0 1 2 2 2 2 1 1 0 0 0
1 2 2 1 1 1 1 0 0 0 0
2 1 1 0 0 0 1 0 0 0 0
1 0 0 0 0 0 0 0 0 0 0
-1.1075685143
0.1833179728
0.3575319539
0.5023351596
0.8353652885
0.0727687754
-0.6131190658
-1.0195324315
-1.1647292626
-0.0080145948
0.6286223789
-0.4111993870
-1.6043140943
-0.3411264625
0.9014637181
-0.4018702074
-1.0218221135
0.2773747418
0.8996796689
1.5873651299
-0.3501841991
-1.4034268527
-0.0833187140
-0.4353238469
-0.4765425956
1.5141072284
0.4781312791
1.1161095859
-0.1482275050
-0.3479244259
1.1653113160
1.2659286817
0.8532300975
0.5115714037
-0.6117441385
-0.2414992346
-0.2465824661
-1.0120818711
-0.7414788269
-0.3126663087
-1.5927601786
-0.2513647206
-2.3290020619
1.0561229637
-2.7534563436
3.1519255309
-1.2725474458
-0.6022229930
0.1818171078
0.4199358899
1.0684375531
-1.0044779090
-1.1501314809
-0.4541273916
0.4566819529
0.5946490124
1.4553996776
0.7988075154
-0.1856640456
0.2001288700
-1.9973210312
-0.9647579266
-1.2610677269
-1.8758275780
0.2167939226
-1.7470287551
0.0936113230
-1.8305375535
-0.3997169312
-0.0481218836
-0.2952735989
-0.0217991556
0.9324839792
-0.2959614642
-0.0076950777
2.2395906132
-0.2774169961
0.6073368462
0.0560218159
-0.8589948855
0.5084064163
1.2258681332
0.0169266470
0.1802580146
-0.5433512185
-0.8775642235
-0.4849319575
-1.2948646636
0.1423460103
1.8327306946
-0.4644859547
-0.6310002970
1.0625830136
-0.2100132648
0.9217371770
-0.8317832230
-0.5083553264
0.4549709755
-2.0339498363
0.3767937033
0.0254615589
0.0251382557
0.0619953979
0.5691879855
0.6470602317
1.4486981936
1.4702113703
0.3677353883
0.7710835344
-0.4918103191
0.2213282121
0.3404304748
-0.8386025366
1.4254722998
-0.4703573885
-3.4744262589
1.2808872658
0.8613077330
-0.2701148319
-0.6432308798
-1.3054183188
-0.9866713801
1.0196964218
1.4380307235
-1.4007392080
0.2267977370
-0.8668130526
-0.4622487628
1.0265851130
0.6017317710
-0.9849440787
-0.3060324603
-0.8723131000
0.3304741555
-1.2714394903
0.6885143712
-0.3984648122
0.8258200565
0.0612706315
-0.5468778181
-1.5400085128
0.0844144106
-0.6197447100
2.9102617410
-0.0534895756
0.7737096861
0.5535065101
-2.8680869120
-0.3856306443
0.2360045654
1.9193036449
0.7254847772
1.6578594353
-0.6544048808
1.0855805157
-0.6709985470
-0.1209322824
-0.2135516488
-0.3986243328
-0.4952859827
0.9078704350
1.6161079972
-0.1416058001
0.0417122653
-1.6696227789
0.2766991499
0.4741063052
0.8115185508
-1.9608873654
0.7401878658
-0.8905225808
-0.2653036687
0.0152253250
-0.2193562934
-0.2492303932
0.4876193999
-1.2309679795
0.6706099488
1.4133829177
-1.0397822815
0.6468677889
-0.2449840343
2.3885718725
-0.3711070250
0.9313575823
-0.8702979411
-0.7330750286
0.4366481171
-1.1466127489
-1.3893100853
1.6178757645
1.2668110968
0.6752102012
-0.0740200881
-2.4987299788
-0.9814636737
-0.3704504489
-0.9096189010
0.5441579252
-1.9983057329
0.7385311279
0.2714360833
0.3685949804
0.1340303938
-1.8083487316
-0.5077538889
-0.2750429638
-0.2473998821
0.0613740433
0.4575211924
-0.7916546803
-1.0663543380
-0.6791591592
0.6875319805
-0.2097657734
-1.0735775593
0.5920988210
-0.8953996425
0.2079109572
1.1067102984
2.2978112990
-0.3440354533
3.0066607753
-2.6097855765
-1.0010094682
-0.2887757107
0.6899488298
-1.4741701359
0.1716945774
0.7074858143
-1.0666253160
-1.2831340907
2.6161818784
1.8577129872
-0.0445147281
0.5067990774
-0.4452093993
-2.3079164739
1.4464725226
1.1773646422
-0.7223174848
-0.5356983392
