13 4 0.02
6 0 0 1 0 1 1 2 0 2 1 3 0
11 0 2 1 0 1 1 1 2 2 0 2 2 2 3 2 4 2 5 3 2 3 3
11 0 3 1 1 1 2 1 3 2 0 2 1 2 2 2 3 3 0 3 1 4 1
5 0 1 0 2 0 3 1 0 1 1
1 6
9 7
4 7
7 3
0 0 0 0 0 0 0 0 0 0 0 0 0
0 0 0 0 0 0 1 0 0 0 0 0 0
0 0 0 0 0 0 1 1 0 0 0 0 0
0 0 0 0 0 0 1 1 0 0 0 0 0
0 0 0 0 0 0 1 0 0 0 1 0 0
0 0 0 0 0 0 0 0 1 1 1 0 0
0 0 0 0 0 0 0 1 1 1 1 0 0
0 0 0 0 1 1 1 1 1 0 0 0 0
0 0 0 1 1 0 0 0 1 0 0 0 0
0 0 0 0 0 0 0 0 0 1 0 0 0
0 0 0 0 0 0 0 1 1 1 0 0 0
0 0 0 0 0 0 0 1 0 1 1 1 1
0 0 0 0 0 0 0 0 0 1 1 0 0
-0.3196424226
-0.1958205776
-0.0359669123
0.8245020808
1.2627261701
-1.4280898342
-0.0032731413
0.0137833503
1.1944006135
1.6622005004
-1.6233699308
-0.8586111031
-1.2905950423
0.7014185639
0.7457122312
-2.2238664174
-2.9628189845
-0.8609953324
-0.1931032029
0.3471447186
0.1816273275
-0.0287482576
-0.4236479762
-1.2170094843
-1.0500993601
-1.5089258082
-0.3098791811
0.0843917511
0.7212109859
1.1671487622
-0.7690055512
0.3570826817
-0.3837278359
-0.5749256862
-0.5304906667
-0.2374131534
0.3989506928
-1.6310539018
-0.4990257736
1.1992200932
1.1162794054
-0.8705139505
-1.9073672933
2.0026435452
-0.3057021471
0.0712953971
0.1356726661
-0.8160139620
0.4327351342
0.3758927549
1.7209569805
-0.1248003014
-0.0287354807
0.8499807632
1.5495952712
-1.0252797819
0.4322274577
0.5981645805
0.1221220982
1.6928814851
-0.0913751989
-0.0549694971
1.0685922032
-0.7374092751
0.5428946608
-0.8969003365
0.7588252892
0.0052580056
-1.3865265495
0.0271456531
-0.3615038333
0.8114099422
-1.5345104903
-0.7490796832
0.5496403780
-0.5461085051
0.8631100601
-0.2599047767
0.6773832655
0.1104283033
-0.4114906683
-0.9276631527
-1.0381829807
0.1252991541
-1.7500124182
-1.2797599575
1.6773630016
-0.3948146534
-0.2304229520
-0.6244625754
-0.3623847674
0.4489175166
1.8749188123
0.4444735646
1.2165274513
-1.4524951582
1.6223779581
1.4488314771
1.3381605989
0.2806793458
-0.6818663709
-0.7050497298
0.9159330042
0.6187125650
-0.0277560385
1.3529999276
-0.6557157736
1.8807702431
-0.3496004433
0.0160510846
-0.3748169799
1.3060829496
-0.7997455213
0.4405232191
1.0314600544
0.3104904406
0.1486885404
3.3963438387
-0.1653225441
-0.1612399065
-1.5744169411
2.0728389789
-0.0889824501
-1.6749842556
0.4317494101
1.5689262534
1.7493489031
0.5653185933
1.9176854526
0.4899099413
0.1907988636
-0.9355107287
-0.5000869164
0.2690189449
-1.3296493578
-1.3346806840
0.6407737149
-0.9364852853
-0.7668014802
-0.2839768695
-0.5333574808
0.4386601910
0.1762774669
1.8806634541
-0.8136473566
1.2381064067
-0.9839051028
0.0676830595
-0.8111966656
-1.0912195661
-0.5828890730
0.6593242936
-0.3745679153
-0.4587418189
1.6965142160
0.2972595095
-1.3925305511
0.5765303581
-0.6446545296
-2.1462875749
1.0689969609
-1.3545843236
-0.3551076036
-0.4912338677
-1.5984307534
0.2041932391
-0.2649585459
0.4261418325
2.1848657389
-0.7798312865
0.0095097871
-1.1155874641
0.2941028445
0.2764875249
0.1825944963
2.0471850652
-0.4563877810
-0.9401890986
1.9306912080
-0.8293991870
0.7836902018
-0.3838992875
0.9339890600
2.0901947493
-0.4265684984
-0.2102744059
1.3072861796
-0.4818373707
0.5812661665
0.4254557585
0.3047373073
0.6280830184
-0.5696589160
0.5810073730
0.6247102142
1.1842109353
0.9784622726
0.1680769800
-0.3428508405
-0.3345783272
0.6367501071
0.5628024516
-0.3435658400
-1.9446711740
0.2882463837
-0.3072373964
-0.6763759134
-2.1215455875
0.4897823378
0.7493033582
1.0038436099
-1.0049737996
-0.2838792729
-1.4221156756
0.9450497386
-2.0647867235
-0.0223218542
0.4940998794
-0.3697965373
-0.6444661569
-1.2045429720
0.2056225387
-0.0267909157
0.5682547141
-0.4789378295
0.0777058645
0.2283490268
-0.8494783949
0.2939190066
-0.9809950675
-0.5699725558
-1.1915014769
-1.7553942384
1.6960430236
-0.3440438256
0.6947012794
-0.5924720010
-0.4513447281
-0.4802230748
0.3218128265
-0.6021257606
0.2022813828
-0.4467557193
-1.9807514940
-0.7056813600
-1.1071642452
-1.1960554156
-0.7780667473
0.3407352805
1.0080530013
2.5300266328
0.3504710785
1.7655065011
-0.6356584694
-2.2294872475
0.5178495893
1.3588819195
1.7723698925
-1.2330481169
2.2740057428
-0.5616810329
1.8916235395
-0.7697941521
-0.1159776696
-0.8434346252
-1.6730491484
0.4476044342
1.1587291332
-0.6198078963
0.8346184617
-0.0586067842
1.0802926774
2.0487944267
-0.8477728212
-0.6933903617
-0.5321402582
-0.2845132688
-0.3003523727
1.3311194045
1.0218138384
0.0550690386
0.6446113413
1.3089693037
0.6457428293
-1.0602475121
0.1236113347
0.0569658970
1.4433598667
-0.5834184862
-1.3584130147
-1.9389595438
2.5498486874
0.3511013003
1.0842554376
1.6360528132
1.5351496373
-1.8202256042
-0.3388943653
0.8295229212
-0.8955334640
-1.1993047288
0.5418949020
-0.7450532922
0.6306689352
-1.3278425924
0.1377251665
-1.6021628241
-1.0448500701
0.7297994068
3.2540272094
-0.4577665664
1.2737165338
0.4528535114
-0.0294644324
0.0341179937
0.5473574251
-0.5267781846
-0.2320886935
-0.0667369530
-0.7244455554
0.0412144925
-0.7281017983
-1.1890549360
0.2646705485
1.1464244594
-1.2996477953
-1.3257776089
-0.8640117896
-0.7264026959
-0.2480747354
2.5027425612
1.1962110182
-0.1503764462
-0.7259632934
1.6559792949
1.1614703107
-0.8242924242
-0.8880336782
