14 6 0.01
15 0 0 0 1 0 4 1 1 1 3 1 4 1 5 2 1 2 2 2 3 3 0 3 1 3 2 3 3 4 1
13 0 1 0 2 1 0 1 1 1 2 1 3 2 0 2 1 2 2 2 3 3 2 3 3 3 4
14 0 1 1 1 1 2 2 0 2 1 3 0 3 1 3 2 4 0 4 1 4 2 5 1 6 1 6 2
15 0 3 1 3 2 0 2 3 2 4 3 0 3 1 3 2 3 3 3 4 4 2 5 0 5 1 5 2 6 2
15 0 1 0 2 0 3 1 0 1 1 1 2 1 3 1 4 2 0 2 1 2 2 2 3 2 4 3 0 3 1
19 0 5 1 2 1 3 1 5 2 0 2 1 2 2 2 3 2 5 2 6 3 3 3 4 3 5 3 6 4 2 4 3 4 4 4 6 5 4
7 2
7 0
5 4
3 9
4 7
7 6
0 0 0 0 0 0 0 0 0 0 0 0 0 0
0 0 0 0 0 0 0 0 0 0 0 0 0 0
0 0 0 0 0 0 0 0 0 0 0 0 0 0
0 0 0 0 0 0 0 0 0 0 0 0 1 0
0 0 0 0 0 0 0 0 1 1 1 0 1 0
0 0 0 0 0 1 0 1 1 2 1 1 1 1
0 0 0 0 0 1 1 1 1 2 2 2 1 1
0 1 2 1 1 1 1 1 1 0 0 2 0 0
1 1 1 2 1 2 2 1 1 2 1 2 0 0
1 1 1 2 2 2 2 1 1 1 0 2 1 0
0 0 2 2 2 2 0 0 0 1 1 1 1 0
0 0 0 1 0 1 1 0 1 1 1 0 1 0
0 0 0 0 0 0 0 0 0 0 1 0 0 0
0 0 0 0 0 0 0 0 0 0 0 0 0 0
0.9871605862
-1.2263948458
-0.9500172891
0.3960207207
-0.6298321432
0.5287312994
-0.7306686426
-0.7244585999
0.8779386604
2.0438378536
-0.9250020400
-0.5016089005
-1.4646734012
-0.8642642080
0.0664240967
-1.1634757942
-0.6214188170
-1.2869972950
-1.4532049415
0.2781386154
-0.0745088958
-0.2822615491
-0.1569584926
-2.2776809617
0.5284591068
1.1767949010
-0.9832859436
-1.1021730906
-0.8125224690
-1.5405906597
-0.1110038992
1.0599430579
0.9208897105
0.4071865420
0.6845728587
-1.8384744119
1.4522153747
1.1384031527
-0.3891917565
-0.9531675529
-0.4732316560
0.8583706102
0.7932236850
-0.6643363216
-1.5859523393
-1.3596162822
-2.8464918007
-0.1062638231
0.2506795584
-0.0224169110
0.5021670798
1.3068718210
0.3724563562
2.0018386322
0.5330589369
-0.0081122061
2.0157915305
-0.1938704114
0.1290225259
-0.2419540471
-1.7100467918
-0.4243901144
-2.4410674170
-0.0804878289
-0.6688104379
1.2099269669
-1.3804779914
1.4153494131
-0.0022762300
0.1269906952
0.0778348303
-0.3848139270
1.5142785957
-0.8229046403
1.6438861047
-0.3992650548
-1.1487280915
-0.1048586727
0.3469076936
0.7774951556
0.3068995723
-0.1032880293
0.1558212268
2.4295129874
0.4940005104
-0.5956480639
1.1327172065
1.3164155456
0.5595177950
-0.0918368717
-0.1453539123
2.3385157109
-0.4748501684
1.7470462274
0.6420544366
-1.1782332396
0.0912518385
0.7221959811
0.1800870039
-1.3672179661
-0.3622517361
1.2236697130
-0.3548978415
0.7409841592
1.2019008973
0.1945595126
0.2868763496
1.1659642889
0.1884999725
0.6710820935
-0.9164616258
-0.0916119479
0.8748907246
-0.1830584529
1.7942044464
0.0332722095
0.1654036945
-1.1920131688
-0.4291063185
0.1661872149
-0.5250028356
-0.5120546720
-1.6048892732
1.6626224068
0.4082250970
-0.7173441384
0.2838915239
0.6383742344
0.0199517647
1.5819524672
-1.0010367524
0.3061328758
0.0931463137
-0.4571522285
0.1824948694
0.6954540758
0.2059437922
0.0170580781
-0.5459653898
-0.0752017802
0.0865087912
0.5219026332
-0.1735543936
1.0115645781
-0.6820409644
-0.2797357699
1.1778060741
-0.3988553554
-2.3448856293
0.1966983051
0.3540247233
-0.3571447732
0.2070553564
-0.5291011867
0.1279574526
-1.9747258444
0.4552912036
0.1428112055
0.6260341284
0.0398826805
-1.1998057714
-0.2530251605
-1.3128038994
-0.4747759848
-1.4953823231
-1.1426000661
-0.4262618713
0.8929389445
-0.0929482582
-0.3038205261
0.8737298166
-0.8098624163
0.2544031011
-0.2023271147
-1.3285642463
-0.4697040202
1.3619698392
0.0822343535
-0.8133672927
-0.7466781584
0.3716954108
0.4950349232
-1.1035566931
-0.1918022827
-0.6977616832
-0.1195477265
-1.1470501963
-0.1248220140
-1.1455253188
0.5146469582
2.5642705625
-0.4206834965
0.9271933374
1.1595718427
0.6684671464
0.7045282342
-0.3640779248
1.3726097156
1.1686717724
-0.1676795474
-0.3140438155
-0.6559268716
-0.7092159751
-0.9733567601
-1.0535162195
-0.3026401137
0.5319793588
-0.8460282045
-1.4964800868
0.4765701766
-0.1206256025
0.6851200152
-0.3423772077
0.4800037227
-1.8302213750
0.4371810631
-0.5685749889
0.4046801130
-1.9874306323
-0.4260452676
-0.9527307766
2.5710479929
-0.6190606223
-0.0088102411
-0.4252652009
-0.7159803415
-0.2952990425
-1.0408481423
-2.0858846217
1.1846820743
-0.0717593787
0.5058755383
0.3547477062
-1.3418986200
-2.2829181713
-1.8260585878
0.5819419356
0.6998231806
-0.5272008668
0.1191384111
0.9986356632
0.9730984457
-1.7794384474
-0.8670286813
0.1021753386
0.8871998888
-0.4089544335
0.3762324194
-0.6387658404
-2.6162906084
-0.5311462527
-1.8158876284
1.6757859568
-0.0217062107
0.2891706528
-0.4383822721
0.9093337505
-2.4570767168
-0.3906249508
-0.0790195356
0.9039936104
-0.6728438164
-0.7719541480
-1.1112600224
-0.4361663492
0.4676076599
0.7804838974
0.1491045272
0.3417701027
-1.1530839664
1.7312372569
0.0369633974
-0.0657065216
0.4285983578
-1.3210226446
-0.7591551953
0.0318868008
1.4065509669
0.0903199999
-0.1575283310
-1.3874550892
0.7612516380
1.2015302039
0.7442938617
1.3722896639
-0.2670504392
-0.6671654128
-0.6080281069
0.0250814561
2.4976248172
-0.6031170053
0.3841826602
-0.7025212332
0.3790357418
1.3415376640
0.5748838633
-1.5563165058
0.4658583481
1.4147348910
-0.1993298489
0.0907005549
0.3110996515
0.7445428609
-1.2303651380
1.5981174879
-1.7490342641
-0.2761646965
1.6128514665
-0.4942023977
0.4018995656
1.0191139691
0.6922348738
-1.5293653688
0.1497791849
-1.7041319832
-0.1084871741
-0.2352726859
1.1264722220
-0.2953428291
0.8395065393
-0.3272707239
0.6002653226
-1.1171553318
-0.6680369404
-0.1865517599
-2.0554865355
0.6572027358
-0.3329524045
-0.6544702262
2.0858393169
0.1184445196
1.7603510903
0.3035471970
-0.8666880247
-0.3750304256
0.5783591615
-2.3082375723
-0.9687926477
0.1988441192
0.4037225485
1.8256548574
-0.4894554655
0.6344791730
1.4007112240
-1.3386409892
-0.0872818408
1.0473785125
0.4234168376
-0.3120102413
-0.4676501143
0.8165924715
-1.9412948756
-0.5577139785
-1.0171695250
0.0991473462
-0.1364108847
-0.2774366715
0.8203600390
1.1755287564
-0.4551451455
-0.2175900572
1.5187826046
-0.6495252916
0.7962545415
0.7475883908
0.0083629991
1.4155613204
0.2735690459
0.1093363159
0.5630124973
-1.1931668187
1.3710475716
1.2008962950
-1.2233969394
0.1654491806
0.7421722167
1.1705718992
0.6913722762
0.2721540042
1.3999199673
1.3113604205
-0.6411220474
0.6029644428
-3.0801908667
-0.2849840519
-0.3263266612
-0.1262338064
-0.6589456434
-0.5216324017
-0.9485027614
-0.2409281426
-0.1811708633
