18 5 0.20
23 0 1 0 4 0 5 1 0 1 1 1 2 1 4 1 5 2 0 2 1 2 3 2 4 3 1 3 2 3 3 3 4 4 0 4 1 4 3 4 4 5 3 6 2 6 3
24 0 3 1 2 1 3 2 3 3 1 3 3 4 0 4 1 4 2 4 3 4 4 5 1 5 3 5 4 5 5 6 1 6 2 6 3 6 4 7 2 7 3 7 4 8 4 9 4
23 0 3 1 1 1 3 1 4 2 1 2 2 2 3 2 4 3 2 3 3 3 4 4 0 4 1 4 2 4 3 5 1 5 2 5 3 5 4 6 2 6 3 6 4 7 2
24 0 4 0 5 0 6 1 1 1 2 1 3 1 4 1 5 1 7 2 2 2 3 2 4 2 5 2 6 2 7 3 1 3 2 3 3 3 5 3 7 4 1 4 3 5 0 5 1
20 0 6 1 3 1 4 1 5 1 6 2 3 2 4 2 5 3 0 3 1 3 2 3 3 3 4 3 5 3 6 4 1 4 2 4 3 5 1 5 3
10 6
5 8
3 2
11 3
6 5
0 0 0 0 0 0 0 0 0 0 0 0 0 0 0 0 0 0
0 0 0 0 0 0 0 0 0 0 0 0 0 0 0 0 0 0
0 0 0 0 0 0 0 0 0 0 0 0 0 0 0 0 0 0
0 0 0 0 0 1 0 0 0 0 0 0 0 0 0 0 0 0
0 0 0 1 0 1 1 0 0 0 0 0 0 0 0 0 0 0
0 0 0 1 1 1 1 0 0 0 0 1 0 0 0 0 0 0
0 0 0 0 1 1 1 0 0 0 1 2 0 0 0 0 0 0
0 0 1 1 1 1 0 0 1 1 1 2 0 0 0 0 0 0
0 0 0 1 1 1 1 0 1 2 1 1 0 0 0 0 0 0
0 0 0 0 1 2 2 1 2 2 2 2 1 0 0 0 0 0
0 0 0 0 1 0 1 2 1 1 1 2 1 1 0 0 0 0
0 0 0 0 0 0 2 2 3 2 2 2 1 0 0 0 0 0
0 0 0 0 1 1 2 2 1 1 3 1 1 0 0 0 0 0
0 0 0 0 0 1 1 2 2 2 2 0 1 0 0 0 0 0
0 0 0 0 1 1 2 1 1 1 2 0 1 0 0 0 0 0
0 0 0 0 1 0 1 0 0 1 0 0 0 0 0 0 0 0
0 0 0 1 1 0 0 0 1 1 0 0 0 0 0 0 0 0
0 0 0 0 0 0 0 0 0 0 0 0 0 0 0 0 0 0
-0.9499152623
0.8230852898
-0.5569397194
-1.3972440865
-0.5168848410
-0.2474317372
-0.7334036676
-1.3559784429
-0.6146638545
0.3895813230
0.6313282813
0.2965753534
0.1298289510
1.4054495272
0.7335033057
1.5194466226
-0.2389578088
1.6123059044
-2.0971336848
0.7034360669
-1.7218934336
0.9767518864
1.4232502640
0.5673310497
-0.1898091368
-0.6546868799
1.5370788263
1.0559925320
0.4390901305
-0.3944752954
0.1044441503
1.8176247553
1.1204109772
0.2840293778
0.2908368401
0.1494368124
-0.8046974874
0.9773731624
-0.3352293456
-1.8497401437
-0.4406815907
-0.2221409354
-1.8208585996
0.1429254862
-1.0116733591
0.5102460433
-0.1958959171
-1.1728228539
-0.3367272237
-0.6925945247
-1.5402812522
0.9242289711
-1.0690098571
-1.2662291591
-1.5742939638
-0.8454497448
-0.4018274345
1.7089538948
0.1934760662
-0.0333905558
-0.6853600296
0.6575118872
-0.7656789317
-1.1809218160
0.4141301948
-1.0165055298
-0.7874612718
-0.7044533918
0.9738430657
1.1118555666
-0.6863211374
1.1095697168
0.9898812854
0.3790187309
-1.6097671553
-0.5583644675
-0.6079041187
-0.8873903118
-0.0971294355
-0.5362021343
0.1519113281
-0.5831783111
0.9758470894
0.1625074494
-0.6314643728
0.1674434530
-0.5274006316
0.6106513306
0.8702251056
-0.1197212934
-0.5268119235
1.1264487622
1.0690760418
1.4419130616
0.7581179044
-0.6167962578
-0.3980816405
0.6332196371
0.6276421887
0.2303518818
0.3210420781
0.1511070994
0.8941170260
2.5365604583
0.5201713945
-1.9346817830
-0.8267980875
1.6880137363
-1.1975507920
0.7864990940
-1.5041808809
0.6717995929
-0.0557489187
1.0916815849
1.4234251918
0.3519013277
-1.6032858715
-0.7870854869
0.4131059178
-0.9052305012
-0.5401915572
-0.8005637776
0.3905502922
-0.6379772170
-0.4526734593
-0.5289997201
-0.2988739134
-0.3014426903
0.9299434650
1.7602416737
-1.4495276897
-0.3278072048
-0.1120772551
-0.8644189119
0.0908307319
-0.0739659858
-0.1554072986
0.2970330840
0.0306136676
-1.6844152018
0.2819168257
2.0777855083
0.3500132369
-0.1072015456
-0.8811256882
0.7276679176
-1.0271369663
-0.0554429762
-1.7811040368
-1.1541452460
1.3302842232
-0.7767045367
-1.9525070247
-0.6632944065
0.6025050145
-0.2269902832
-0.5943299306
-1.7205091059
-0.2244144211
-0.9655604692
-1.3112955146
0.0083734607
-1.3203494625
-1.8754344173
0.3353300739
0.0259331276
-1.1194544351
-0.8430201640
0.2066203884
0.8680419268
-0.2663296262
0.8761885532
0.2554285423
0.5537016173
0.8076649163
0.6411257551
2.8793832072
-0.0923557779
0.2330794323
0.6440935416
0.6357973860
-1.0784526605
-0.5262021420
0.3691315172
1.0809806245
0.7179404568
-1.6931360603
0.9050947776
1.3983108029
0.4849173135
1.8637495016
0.7781054188
-0.5370842866
-0.7874287894
1.8324130125
0.4982555318
-0.3114512714
0.0651340857
1.6548478746
0.8590439467
-0.0234062939
2.2276461794
0.1647115976
-0.6471516926
-1.0956811585
0.9287682736
-0.0332433502
-1.1290033471
0.6889520187
-0.0316447232
0.4169221366
-0.8319419600
-0.4556812341
0.1278678532
-1.4034519218
-0.7538595168
-0.8550756685
1.7023242333
-0.4061991494
0.2463832090
1.5457970464
0.1236918604
2.3317646452
-1.6766487984
0.9457259593
0.8872204717
0.7339349957
-0.0969474639
0.6443459527
0.2091791893
-0.3110526805
-0.3833627064
-0.3986797594
-1.2467222325
0.8699979522
0.5293600756
-0.5965606547
-0.1610707626
-1.5231044136
-0.7100920436
1.5635600282
-0.8918173884
-1.0115380702
-0.6946714026
-0.6738929094
-0.6803682613
0.5734757739
0.1658267139
1.0878274292
-1.0210722176
-0.2037972374
-0.8399438715
1.4478747501
0.1062692349
0.9513260936
0.6528939235
2.0594573436
0.8755696022
-0.4688040017
-1.2277059555
-2.2889501483
-0.5487789368
0.7127991741
-0.2809692874
0.8221545532
-0.1639686913
0.8912684680
-0.2961788385
0.9510062840
-0.8600483415
0.2252508434
-1.0852580607
-0.3128024618
-0.2688171733
0.3354448830
-0.6124695084
-0.0892679165
-0.2921713027
1.3913390530
0.5857214419
0.6209667786
0.8280143276
0.1383406698
-0.9756603369
0.0021859038
-0.7218779028
-0.9151815689
1.8383910864
1.4351844035
-2.9145830987
-0.2288808577
-0.2176308593
-0.5611141677
-0.3757932646
1.3344080862
-0.9625778518
-0.4634156631
-0.1488615333
-0.6633551319
-0.4490340628
0.9246763684
-0.2618894093
-0.1764827847
-0.4056281754
0.6594496614
0.3235531663
2.2537737953
-0.5080574417
1.1866466174
2.3627819219
-0.5901237003
0.4406660307
0.7400847798
-1.0028066093
-0.1801767517
0.0760035413
-0.1630477419
1.0673646392
0.9067875653
0.9253188727
1.1037500550
-0.7323844316
0.0793492451
-0.2585840936
0.1517794923
0.1555130821
-0.5046934283
0.3612965363
-1.0815948984
1.2062828760
0.7111261441
0.4969192425
-0.9166670714
0.4351082485
0.5591011077
-1.0426703023
-1.4237667293
-0.5038128559
-0.6068455060
-0.5573412808
-0.0119676824
-0.3760672913
-0.4599013871
1.8494206801
0.0141500979
1.3462519450
-0.3735492947
0.2397625678
-0.0061672165
-0.5521129084
-0.3947146885
-1.5673394542
1.6991463301
-0.5926668461
-1.6672260625
0.1628196494
0.0258975634
-0.1982322552
0.0388555800
0.3937845222
0.5185703324
-0.1959124397
1.4518114567
-0.8264124195
-0.6313592503
1.4436662802
-0.0984547165
1.9640306208
-0.6950267847
-0.9076511055
-0.1389463288
0.3575641706
-0.1364817387
-1.0107771111
-1.4489685255
-0.7129620048
0.6440180080
-0.7922379517
0.2478292899
0.0726369748
-2.1284178187
-0.7722634819
-0.3300180950
-0.5676311229
-1.7316227659
1.0838317185
-1.0505659488
0.9296503811
1.2484071731
1.5351358083
0.4962125630
-0.3848309240
-0.3189259314
-0.9676186744
-0.1660674877
-0.6692820901
0.1300574775
0.0995364502
0.1088654909
0.7478054340
-0.0018181861
0.7781562715
-0.8080242843
0.6510930481
1.4488426230
-0.2500580778
1.1718668689
-0.9722370370
0.0184831932
1.1959241223
0.5276683107
1.1364254606
1.3286331703
0.0783467892
0.0722646186
0.1043332370
-0.1367163581
-0.7336036033
-0.1638530815
-0.7567969054
0.6849053320
-0.3069203369
-0.2047760118
0.5515247427
-0.4590911810
-0.9538188134
-0.5618506358
-0.8911005685
0.3652216004
0.5110287829
1.4135816836
0.3192460343
-1.0380478791
0.0037595073
0.8447562070
0.6136717457
0.2586987734
0.7423129698
-0.7424826064
1.7925251337
-1.1433871936
-1.0955547815
-1.3004832633
-0.4378458799
-0.1743568211
0.4591081472
1.8069823381
-1.0605539714
-1.7651461072
-0.2236520376
0.2676203924
-1.0860341922
-0.3555573693
0.4053312529
0.9467264854
0.7933893660
0.1794759763
-0.3460014532
-0.6745674796
0.9150312977
0.5651964303
-0.3662125766
1.1294498519
-2.9684678564
-1.7827115225
0.7755165250
-1.7414555010
0.9756032506
0.0666215689
0.8647556894
-0.9712028759
-1.1105763568
2.2415394512
1.5269600462
-0.1303974890
-1.4121882183
0.3862827224
0.7114955428
-1.8415893151
-1.1352468154
-1.0948514775
-0.3944582073
-1.0551304462
-0.6045516399
-0.1225996319
-1.3762730073
0.6729563995
-1.0864451838
-1.2213798779
-0.7521207053
1.4373376703
-0.2562892749
-0.3250748847
0.2899689116
-0.3028563322
0.2408529204
0.4438887209
-0.9049165152
1.4116420655
-0.0709078388
-0.3879602802
-0.6034877615
0.2960844848
1.5286239367
-0.2152744905
1.0908577772
0.0495200311
-1.5812343469
0.4328878573
0.7158957951
0.1241075821
2.3759455493
-1.4219429182
-0.2565922329
-0.2003380194
0.2151589416
0.5717847453
-0.0090066194
-1.3017327772
0.9755788010
0.0087801423
0.6982938153
0.0177182097
-1.4881094109
0.5866501583
-0.3253194870
-0.3454513162
-0.5321322716
-0.4801016329
0.2456522535
-1.5578838685
-0.6425116714
0.1103814598
-0.5366881188
-0.6607524858
0.7882695635
-0.1653181924
-0.8064918314
0.9010376053
-0.4959819728
-0.1650159613
-0.9934863144
0.0023714048
-0.6985105453
3.6465843723
-0.7830181194
-0.0761075026
-0.6453424997
-0.2034939682
-1.5701337119
0.7468303128
1.3361173407
-0.3244348800
-1.3782852371
-0.8977717495
-0.1653605837
-0.6838235159
-0.5540840424
-1.0210041403
-0.5903105945
-0.3554466028
-1.5648829378
-0.6420242985
0.5769339650
-0.2395196101
-0.9080371227
-0.5112358807
-1.6756316890
-0.2263739243
0.6486553868
0.1778683280
-0.2137543627
0.7692198514
0.5184887661
-0.7430463127
-1.0769034928
0.7330104429
0.4905851465
-1.3028106596
0.6786069151
1.2494495967
-2.0086783626
1.0699654875
1.6736317435
1.3427683883
0.2009053549
-0.0984092559
0.3459539328
-0.3807167203
-0.8031872683
0.4110845007
-0.4488267231
0.6286366671
0.6895654089
1.6719449557
-0.8306126954
0.2877151533
-1.0804492389
-0.8523401804
-0.5434129305
-1.6499080298
0.4257863520
0.0422468622
1.9641237760
-0.9230646315
-2.0825977115
-0.5484196308
-1.5782252313
-0.8210801509
-0.2337226963
-0.1001715150
-1.3996772264
-1.9177051924
-1.2860991304
0.6740001510
-1.1306361684
-1.0608666125
-0.8321580199
-0.1277239409
-2.0286450133
-0.2273466278
1.2043944626
-0.1393956917
-0.6961944781
0.1693247721
1.0349284888
0.8077876691
0.6827466306
-0.4817195302
0.8855804959
1.6987443149
1.1756050907
0.8073802247
0.0648025347
1.3277360699
-1.2253039324
1.3949025547
-0.6961320110
-0.9611554916
-1.9167075370
1.8172926995
0.5483725823
0.0313919045
-1.2849519011
1.2158158913
0.5418700542
0.2379883970
0.6754270106
