17 9 0.06
8 0 2 1 2 2 2 3 1 3 2 4 0 4 1 5 1
9 0 0 0 1 0 2 0 3 1 3 1 4 1 5 2 2 2 3
5 0 2 1 0 1 1 1 2 2 2
6 0 1 0 2 1 0 1 1 2 0 2 1
9 0 4 1 0 1 1 1 2 1 3 1 4 1 5 2 2 2 4
7 0 3 1 3 2 0 2 1 2 2 2 3 3 2
5 0 0 0 1 1 0 1 1 2 1
7 0 0 0 2 0 3 1 0 1 1 1 2 2 0
8 0 0 0 1 0 3 1 1 1 2 1 3 2 2 3 2
5 4
8 3
5 14
6 3
12 9
6 1
10 8
8 6
6 6
0 0 0 0 0 0 0 0 0 0 0 0 0 0 0 0 0
0 0 0 0 0 0 0 0 0 0 0 0 0 0 0 0 0
0 0 0 0 0 0 0 0 0 0 0 0 0 0 0 0 0
0 0 0 0 0 0 0 0 0 0 0 0 0 0 0 0 0
0 0 0 0 0 0 0 0 0 0 0 0 0 0 0 0 0
0 0 0 0 0 0 1 0 0 0 0 0 0 0 0 0 1
0 0 0 0 2 1 2 1 0 1 0 0 0 0 1 1 1
0 0 0 1 2 0 1 1 1 1 0 0 0 0 0 0 1
0 1 1 3 3 2 3 0 2 1 0 0 0 0 0 0 0
0 0 0 1 1 1 2 2 3 0 0 0 0 0 0 0 0
0 0 0 0 0 2 2 0 1 1 0 0 0 0 0 0 0
0 0 0 0 0 0 0 0 1 1 0 0 0 0 0 0 0
0 0 0 0 0 0 0 0 0 1 0 0 0 1 0 0 0
0 0 0 0 0 0 0 0 0 1 1 1 1 1 1 0 0
0 0 0 0 0 0 0 0 0 0 0 1 0 1 0 0 0
0 0 0 0 0 0 0 0 0 0 0 0 0 0 0 0 0
0 0 0 0 0 0 0 0 0 0 0 0 0 0 0 0 0
0.7528836375
-1.6770992813
1.2406063757
0.2376794111
-0.3553234314
-1.2857472258
-1.8123666290
-0.0571488794
0.9619158541
0.7705570717
0.4505774575
-0.1549052769
-0.0583832434
0.2291899999
0.8079995832
-0.0653706514
-0.1808156723
-0.1677400612
1.1470757980
-0.4005265621
0.9335466279
-0.5377307590
0.0820254161
-0.5259063241
-0.2727047973
2.4162590310
-0.4456521491
0.2505640117
0.1671837601
0.8928321466
0.5382621547
-0.5043764561
0.9254675131
-0.8746971548
1.3157850310
-0.2773529549
0.1735994409
-0.6328364346
0.6279897364
-0.4043400133
0.9333969299
-0.3587274787
-0.2302100856
0.0855173396
1.7496767536
-0.1231937625
-0.9880233336
1.0930249532
-0.5149894112
1.6966821911
1.6360687951
-1.0240503041
-1.4433135579
0.3597795889
0.3772451584
-1.4040052627
-0.6323528028
-0.2915578968
-1.2563257587
-1.0668753612
1.4510804804
-1.5882737690
-0.2365063511
-0.0619349200
0.5099036078
0.1366481899
0.5720106021
0.5296017534
-0.2130184088
-0.6186000216
0.5166463857
-0.7394932534
0.3664863283
0.8975665859
0.0860686420
-0.9314814123
-0.1281872920
0.5806537305
-0.3854530737
-1.0286309860
-0.6239196894
-0.2699411208
-0.5517175131
0.7015226362
-0.4772483246
0.1802169349
-0.9180215206
-1.2693524077
1.0055073797
-0.8411791769
-1.0463336697
0.5307328790
-0.7595996856
1.0231692436
-1.1127596954
1.1081796750
0.5650456118
-0.7938625779
0.4279202064
0.2087736632
0.6924493924
-1.0966196758
0.5535317395
-0.9936964855
0.9057852593
-1.5448030006
-0.4906084792
-1.2109842145
0.5985761760
0.7485299255
-0.3299723675
-0.4282748695
-0.8056719062
-0.3845593776
-0.1242851826
0.7340079677
1.0061377817
2.0050081624
-1.2446143997
-0.4532788265
0.4115144077
0.9008473373
-0.9003219236
-2.0898136860
0.2051746063
0.1851091258
-0.5160605551
-0.4970954364
1.3358993276
-0.3274088907
-0.2301531465
-0.7178716172
-0.8177273094
-1.6459800665
1.5077909932
0.7328329974
0.7409461690
-0.0506310296
0.1760626921
-0.6090150115
-0.9953262390
0.5452760915
1.6197052500
0.3379497449
-1.1569082885
0.0138602048
-0.7592091330
0.2795479756
1.4331203858
-0.7893526390
0.2866318848
0.5709205541
-1.6937448676
2.2180902517
-1.0152836075
0.0447178757
0.4307721912
-0.1320922206
1.2796374084
-0.3466844599
0.1632792361
0.7126450938
0.5993235993
0.4638975227
0.6650709773
0.5958555783
-0.8839620986
1.6014587755
1.9336741210
0.8240302190
1.0051475101
1.3311443445
1.1473727031
0.9509371779
-1.5456247682
0.9854198208
0.2813971629
0.3412548987
-1.4290770200
-0.2206359014
-1.5656712353
0.1675426326
0.8740969276
-0.5761826163
-0.6945057620
1.2051964984
1.1047533715
-0.2911010143
1.5769641843
0.4766438770
-0.2507658188
0.4777857605
0.5927267089
-0.3851297782
0.9666715660
-0.1445428243
3.3085320254
-0.9594370963
0.8212017700
0.6050660035
-1.1416862371
-0.7803902887
1.3996270504
-1.5995168657
-0.0982829834
-0.4884115376
-0.9196646158
-1.0511960099
1.7566533986
0.3091786919
-0.1881364416
0.2845797511
0.8194198290
0.3950499636
1.1791010966
-0.2463839263
1.6158760256
1.0949875908
0.2203284679
-0.0205780396
-0.9464581134
-0.4917890261
0.9717810605
-1.4029699604
-1.6453924027
-1.0119933868
1.4359347697
0.2533849066
0.1117490609
1.3062506268
-0.5371905420
-1.5789361695
0.2261738217
-0.5693214268
-0.4829561013
-0.3806565245
1.5759314451
0.5147541150
0.7210133478
0.0663069699
-1.5645066922
0.2824433439
0.5709179722
1.9727226042
0.9425323325
-0.3661389654
-0.6712977839
1.2675271673
0.2785944958
-0.2106578721
-0.4656837193
-0.3631428753
0.5797191808
-0.3362482306
-0.7749414160
-0.6097357903
-0.0050097305
-1.5625792616
-0.7527720784
-1.1338990386
0.0493013266
-0.6417887971
0.3846596682
0.1820812180
-1.6465759331
1.5768180530
-1.4671332952
0.0710451269
-1.4612775345
1.3350587761
-1.1965624152
0.1797528865
-1.4028082011
0.7561338765
0.1667935733
0.4749906613
-0.8054753432
-1.8081309348
-0.5599606912
-0.8350525145
-0.7645906730
0.5231725272
-1.2180073623
0.0414656416
0.0279004998
0.9862062137
1.7658524608
-0.3558985687
0.4590069420
1.5122154773
0.5483561068
-2.0321484770
-1.9955420354
-0.4313832947
1.2603474536
-0.3741835670
-0.4755627695
0.2880220910
-0.1655355506
0.8228688386
2.7098814204
-0.4973133996
-1.6214630495
-0.5317462272
-0.0747931487
0.8657395156
0.8844868741
-0.7207623082
-0.1652884474
-0.9405649709
0.1468264585
-1.4543438322
0.6388688802
0.3573192927
-0.9694935630
1.9949509068
-0.5084471739
0.9334219089
0.3098771647
-0.8305093408
1.1306711458
-1.4252093966
1.1578558403
-0.7652176127
-0.1540209249
-0.6541881322
1.2557323722
-1.3686027300
-0.8300547652
0.9217890966
-0.9998017819
-1.1030040661
-1.2753870104
0.4356278379
1.2182883058
-0.2664999135
1.1114772276
-0.7131388884
1.1070570801
-1.2409380636
0.2132585014
-0.6261363003
0.4102556623
0.3195370869
0.9051777937
-0.2137418627
0.8364779808
-1.2054767931
1.2554048811
-0.1823738898
-0.7593557510
-0.5318737180
-0.1355432894
-0.4774389665
0.0380808035
-0.1103099655
1.7286686850
0.6776626463
1.3211129813
0.5197826410
-0.1109228619
-0.5854356086
-0.3409575141
-1.5289636711
1.3719331178
0.1485936083
0.6106404859
2.3157775405
1.2660098876
0.9565840229
1.3026492162
0.6633918060
1.7166941954
0.1169310348
-1.1572862568
-0.9029600417
2.0561936601
1.3187554617
-0.5031855269
0.3193710783
-0.7783299150
-2.7995214058
-2.1689365233
-0.5221763991
-1.3058102951
0.1543882778
1.9845336039
-0.3860957655
-0.0855222726
1.4209968148
0.8005531235
2.2850416510
0.0333170777
-0.1304128608
0.2464662486
0.6438700223
-0.3878862264
-0.4770143413
0.9701388314
0.3911677249
0.8120072702
-0.0164926393
-0.4494733448
0.5724215908
-0.7982841505
1.2258868150
-0.3541122395
0.3540806245
0.2198033920
0.2079273426
-0.9720985817
0.8642832695
-0.2580678081
-0.3266896522
-0.6645153123
1.3439494341
-1.5773115558
-1.4604308836
-1.5934691113
0.3943649744
-0.7969677529
-0.4901776141
-0.2939158726
-0.6707937218
1.2371015443
1.0090783804
-0.6544855685
-1.7126621219
0.4479234440
0.5592523879
-1.0147071895
0.4695257488
1.1447068010
1.9852881490
-0.0247291842
-0.5616635261
0.1742911783
-1.3353947433
0.3936867590
-0.9064266480
0.5396415527
-1.4528521432
-0.1656718110
0.9707916671
-0.1930671196
1.0426273317
0.6594450395
0.0819518332
0.2607119570
0.0184178750
-0.3683267775
-0.9887667171
-0.3003914328
0.1608619120
0.1796187980
-2.1725629739
-0.3630830685
0.1210693753
1.6333079263
-1.1693029306
-0.4787820245
1.9383250928
1.2456283355
-1.5746068287
-0.6633329886
1.2734561025
0.8322348121
0.9611208103
-0.4002155047
1.0685699164
-1.5411648502
0.5901195028
0.2480070403
-0.0352442149
-0.6463451050
-0.2965558533
-0.4436795127
1.2104203851
-0.9617802385
0.5808182227
1.5246417842
-0.9596388011
-1.8556447951
-1.5806955183
1.0867063715
0.0671235888
0.3755112160
-0.9592536592
0.0630886771
-0.2818658884
1.8301247115
-0.1273745529
1.0824013812
0.2309454837
-0.0050957612
-0.5999790287
0.8770914602
-0.2672209784
0.3288887195
-0.1973079441
-0.8847156554
0.0536434179
-1.0032026765
-1.3628187550
0.5807161090
0.7959135336
-1.0956569750
-1.9841373420
1.1750110872
-1.6502236069
0.6877322793
-0.2675279604
-0.4393398721
2.0457997273
-1.7234173687
0.8112714459
-1.2077423140
-0.5816170502
-0.2409275668
-1.5582103550
0.2422598836
1.0219565513
1.5652040401
-0.2433789882
-1.4110235063
0.1716276653
-1.7453574063
-0.2701747873
-0.0682850066
0.0254040059
1.5027195307
-0.3724997496
-1.4449111833
1.9967665134
1.1042597091
-0.1529763565
-0.7926868476
-0.4036911322
-0.1694522016
0.6911693196
-0.3032484446
0.3452123566
-0.5219754031
1.5060232566
0.5147071362
-0.6626333670
1.2975282553
0.6176983556
-1.0113714247
1.2467290786
0.6629238220
1.1370431975
-0.4116303475
0.3108646121
-0.7137524788
-0.2974218667
0.4990189220
-0.0126886254
0.5368517844
-0.1788707632
0.1281018069
-1.7592836834
-0.1357753176
0.8374525111
1.2619133127
0.0089122552
-1.0566071933
0.0639131445
0.3652361209
-0.4176297160
-1.5158968802
2.3110260507
0.2025934379
1.5985758607
0.4184590805
-0.1383077638
-1.2932535060
-1.1812174983
