13 4 0.14
10 0 5 1 0 1 3 1 4 1 5 2 0 2 1 2 2 2 3 2 4
10 0 0 0 2 0 3 1 0 1 1 1 2 2 0 2 1 2 2 3 0
6 0 1 1 0 1 1 2 1 2 2 3 1
7 0 0 1 0 1 1 1 2 2 0 2 1 3 0
3 6
8 0
2 7
7 4
0 0 0 0 0 0 0 0 0 0 0 0 0
0 0 0 0 0 0 0 0 0 0 0 0 0
0 0 0 0 0 0 0 0 1 0 0 0 0
0 0 0 0 0 0 0 1 1 0 0 1 0
0 0 0 0 0 0 1 0 1 2 1 1 0
0 0 0 0 0 0 1 1 2 1 1 0 0
0 0 0 0 0 0 0 0 0 0 0 0 0
0 0 0 0 1 0 0 0 0 0 0 0 0
1 0 1 1 1 1 1 0 0 0 0 0 0
1 1 1 0 1 1 0 0 0 0 0 0 0
1 1 1 0 1 0 0 0 0 0 0 0 0
1 0 0 0 0 0 0 0 0 0 0 0 0
0 0 0 0 0 0 0 0 0 0 0 0 0
1.4747340185
0.0997441893
-0.9316778818
0.3391078110
-0.6708579071
1.1092693793
2.0526489071
1.5571336743
2.4702772507
0.3040105695
-0.3846154679
-0.1074514010
-1.7608513275
0.3726195958
-1.0977927939
-0.0426351515
1.3226123853
-0.1975209515
-1.9052133363
-0.9386665086
0.9408850732
0.8448799866
-0.1609831336
-0.0202485624
0.1560103659
0.8417503525
-0.8034581564
0.8106792710
2.1494798498
-0.8364208134
0.2421934150
-0.4918548589
1.8101062388
1.4324379799
-0.3949380363
-0.8161285001
1.2267381801
-1.1722428171
1.2069093923
0.1983387069
0.8754836126
1.7728032402
1.0716199823
1.5756488922
0.8627718740
0.4480142260
1.5929556662
0.3706061978
-0.7969812159
0.2487779175
-1.5530162051
-1.0730083034
0.6250479797
0.3305328704
0.5301545677
0.2119904605
0.1003869032
0.2258349393
-2.6788787039
-0.2637500478
-1.8684867034
0.1407217715
-0.8120103558
-1.6489271027
1.0577853677
0.3881585827
0.4861919717
1.6754559960
0.3483675245
2.0421490389
-1.2118596807
1.1451037404
0.2260604230
1.0726721856
-0.7235737792
-0.2731288145
0.7848138104
0.0516262508
-0.9778669341
0.8853603001
-0.8560253068
-1.9199603549
-0.0241913704
-0.6566648791
0.4251440180
-0.3743917397
0.9505251572
-1.5559770558
-0.3330488246
0.7335408058
-0.4851048267
0.4844012520
1.0080488572
-0.8828633577
0.6608159238
-0.6396515153
-0.0532785019
0.5615044036
-1.1654761816
-0.7101271179
-1.2760714263
-0.7567387853
-0.4546642673
-1.6407797349
2.1431847766
-1.0249904441
-0.4680961857
-0.1334234308
0.7084382759
-0.1889962400
-0.9664826818
0.4424161719
-0.4031531601
0.7217027252
-1.5614621409
-0.3396758845
-0.2922004918
0.1009454063
-0.5626285386
0.2391803915
1.2624955569
-0.3462126043
-0.8551598814
1.1140410088
-1.0419357463
0.7870901831
-0.3772885124
-0.7425259258
-0.2740137399
-0.4361561176
-0.8421651261
0.5195930508
-1.1918161376
-0.3382576297
0.1224441829
1.1232026289
0.3943379753
0.4740732625
0.3949556192
0.6553154599
-0.8951451890
-0.6380250231
-0.9640715722
-0.0112769562
2.4733385659
0.2289193155
0.5670507135
-0.7643785033
-1.4941754699
-1.7691560644
0.3912141047
-0.5153091123
0.9540320721
0.4915920099
-1.7807113497
0.0382081449
1.2326926723
-0.0004756842
0.9682977197
1.0605322157
0.0154742929
0.1496047591
0.4702804141
-0.5450358214
0.0319438853
-0.4564743905
-0.3964811301
-1.6327465710
-0.8392256398
1.4942784115
0.1206465545
0.5315638670
-0.1173101537
-0.3065927053
0.7337343195
-1.2766834055
0.5647286875
0.7120922047
-0.5263339174
-0.1951766249
1.4064479103
0.3039882192
-0.3697958210
0.4690983889
0.9589011719
-0.1634378836
-0.1346919302
-0.0845155129
-1.3995557855
-0.4190391725
-0.6265344238
-1.2277662116
0.8737313217
-0.8592969530
-0.9596882381
0.4828636517
-1.0965202414
0.4586093195
-1.2240638262
-0.4538764151
-1.8991338837
1.1035709574
0.2130206278
-0.9813912667
1.2354813051
1.0661280202
-0.2192937676
1.3292396779
0.6201598230
-0.0885439357
-0.1007287867
0.2042606480
2.1723549297
1.4846104524
-0.8457932814
-0.3669402517
0.3883180561
-0.1196646078
0.0813214784
-0.0757924899
-0.1284184599
0.6053448190
-0.5567515138
0.0107995066
0.1588999970
-1.4728997538
0.9841927069
1.5524779782
-0.4267827331
0.2854637886
0.7079791952
-1.4469556796
-1.3466206629
0.1070595453
1.0373691801
0.1023510019
-0.7257161219
-0.9805039170
1.0863884090
-1.3418960936
-2.3428696417
0.3891169978
-0.2392199923
-0.6795591866
0.4390004738
0.6626355296
0.2994876288
-0.5364361216
-0.4840418764
-0.1763059411
0.5286214929
0.7071562627
2.3393169117
-0.1171215139
0.6044215427
-0.3806944226
-0.0369096051
0.3483751207
0.8618055656
-0.3630877133
-0.0310063208
-0.6574451261
0.6144225933
-0.2074685052
0.2276948365
-0.9656182420
0.4557604361
1.6353091010
-0.4169444788
1.0661430521
-0.5034639704
0.9943521024
-1.5474925711
-0.4810700209
2.1486951392
2.1081375407
1.2878389450
0.6611928996
0.0738419311
0.9575930077
0.0679633502
-0.8315621603
-0.1136975107
-0.2025719907
-0.8564886347
-1.3114519442
0.6187070997
0.4913232391
1.0211695083
0.2907141850
0.9686769265
-0.3573800893
1.4314339970
-0.3663908347
-0.7132854925
1.3434389934
-1.3386534503
-1.5380987553
-1.5948514366
-0.7187028348
-0.1921077920
-1.5429169876
0.7133318315
-0.7737957895
-0.1641271375
-0.4310207232
-0.8043671070
0.5623908243
-1.7723793490
-0.0358504874
-0.2287847151
0.2798173301
0.4688529997
0.7232355878
0.7282039000
0.2255327868
-1.5560019115
1.4889787946
1.2663197472
-0.9457690491
-1.3839155528
-0.9238892313
0.2811732254
-0.8682174856
0.5778590684
0.2074359875
0.1994704493
1.2550303576
0.9998748584
-0.2083375912
1.1114261593
-1.0941523275
1.5042442101
0.1118398030
0.7019476379
0.4696771714
0.7467163319
-0.0906468693
