20 2 0.04
46 0 4 1 4 2 0 2 1 2 2 2 3 2 4 3 2 3 3 3 4 3 5 3 6 3 7 4 2 4 3 4 4 4 5 4 6 5 1 5 2 5 3 5 4 5 5 5 8 6 1 6 2 6 3 6 4 6 5 6 6 6 8 7 1 7 2 7 3 7 4 7 5 7 6 7 7 7 8 7 9 8 5 8 6 8 7 8 8 9 6 9 7
30 0 5 1 2 1 3 1 5 2 3 2 4 2 5 3 2 3 4 3 5 3 6 4 0 4 1 4 2 4 3 4 4 4 5 4 6 5 3 5 5 5 6 6 1 6 2 6 3 6 6 7 3 7 4 8 3 9 2 9 3
1 6
5 1
0 0 0 0 0 0 0 0 0 0 0 0 0 0 0 0 0 0 0 0
0 0 0 0 0 0 0 0 0 0 1 0 0 0 0 0 0 0 0 0
0 0 0 0 0 0 0 0 0 0 1 0 0 0 0 0 0 0 0 0
0 0 0 0 0 0 1 1 1 1 1 0 0 0 0 0 0 0 0 0
0 0 0 0 0 0 0 0 1 1 1 1 1 1 0 0 0 0 0 0
0 0 0 0 0 0 1 0 1 1 1 1 1 0 0 0 0 0 0 0
0 0 0 1 1 0 1 1 1 1 1 1 0 0 1 0 0 0 0 0
0 0 0 0 1 1 1 1 1 1 1 1 1 0 1 0 0 0 0 0
0 0 0 1 0 1 1 2 1 1 1 1 1 1 1 1 0 0 0 0
0 1 1 1 1 1 1 1 0 0 0 1 1 1 1 0 0 0 0 0
0 0 0 0 1 0 1 1 0 0 0 0 1 1 0 0 0 0 0 0
0 0 1 1 1 0 0 1 0 0 0 0 0 0 0 0 0 0 0 0
0 0 0 0 1 1 0 0 0 0 0 0 0 0 0 0 0 0 0 0
0 0 0 0 1 0 0 0 0 0 0 0 0 0 0 0 0 0 0 0
0 0 0 1 1 0 0 0 0 0 0 0 0 0 0 0 0 0 0 0
0 0 0 0 0 0 0 0 0 0 0 0 0 0 0 0 0 0 0 0
0 0 0 0 0 0 0 0 0 0 0 0 0 0 0 0 0 0 0 0
0 0 0 0 0 0 0 0 0 0 0 0 0 0 0 0 0 0 0 0
0 0 0 0 0 0 0 0 0 0 0 0 0 0 0 0 0 0 0 0
0 0 0 0 0 0 0 0 0 0 0 0 0 0 0 0 0 0 0 0
-0.3287081807
0.1992801897
1.2510873439
-0.1856689459
1.0032670193
0.0672332977
0.2502414437
-1.9179393938
-0.9200366204
1.5402674738
0.9282129405
-0.7003341098
0.6762758944
0.0512891706
2.4437739824
1.0504099042
-0.8091560923
1.3638956872
-1.5962909328
-0.1491783799
-1.6820751658
1.4497143570
0.5696817982
-0.3292156042
0.0497142271
-0.0563515551
0.8453986197
-0.6889673731
-0.2836766499
0.9546208668
1.5644078698
0.4805200918
-0.5719327449
-1.0891619760
1.1607152044
-0.0320297842
0.0328894560
0.1030979620
-0.0575729273
0.6784838063
-0.3979657766
-0.1425730312
0.1592039473
1.1739867897
0.5519345503
-0.9163636937
-0.6564016620
0.5690214572
-0.9686903766
0.3810669986
-0.8416392969
-0.4500731996
2.2085542346
0.3604426786
0.7231316865
0.7038863864
1.5075940788
1.7149921130
0.8247482827
-1.2191563840
0.3312516913
-0.4036869792
-0.4128965441
-0.5153796034
0.6880826933
-0.6390442651
0.6667317244
-1.1091345123
-1.8005501818
-0.9571735456
-0.4116756186
-0.4899873686
1.7739884054
-0.7377322050
0.0297032988
-1.0169053597
-0.2013893998
-0.6386314984
0.1381432884
1.1957856608
-0.1025298176
0.4046500787
-0.4899406231
-1.1068805695
0.1653672264
0.1097692792
1.4782971299
-2.4253288311
-1.1367788327
-0.0875029750
2.1051288439
-0.3994620077
1.3802658356
-0.0128523950
-0.5567797085
1.5664327428
-1.1810208372
1.7604405239
0.1253393608
-0.8148298195
-1.4661816636
0.4948603857
-1.3441138106
-0.5310059845
0.8607776371
-0.5525930519
-1.1544273204
0.1042192267
1.7642064708
1.0498098431
0.2962346532
-0.2620411334
1.1453670153
0.5172198543
-0.1790775781
0.0508220981
-0.5910043791
-0.1325601742
1.4895152325
0.2701137347
0.5574501068
0.6504349781
-0.5461434206
0.4361048467
0.9397577960
0.4435613784
-0.2774921850
0.2301156126
0.8451222186
0.7650541607
0.5322601037
0.0637212109
-0.5838372352
0.4378988997
-0.2531713707
1.3801790679
1.4414250177
0.3691651525
2.0102890468
0.0078223807
0.3211454307
1.8371951815
-0.4351329406
-0.5063180965
-0.4747203782
0.3286314981
1.6692144006
1.0679990159
0.3301388098
-0.9444971118
0.8001855344
-0.1237790291
-0.3784258723
1.1267296695
0.3444247665
-1.0344878413
0.4718691815
1.2815511431
0.6915374265
1.3309014149
-0.4790919437
-0.2079267679
0.5496304568
-1.4492309058
0.7699031511
-0.5807795190
1.7639413122
-0.1114299933
-0.7608656927
1.3340013968
0.1452880418
1.3464922290
-1.0547991330
-1.0388303928
-1.6479067365
1.9482225654
0.4666609384
-0.6797979382
0.5537834066
-0.4664291374
0.6952893435
-0.5369820509
1.2566554064
0.3856760670
-0.8807193695
-1.0640893091
-0.5198991377
-0.7070947648
0.8036367816
-0.4270422013
-0.5580114804
-0.6828527756
-0.2608183242
0.4437460497
1.4000225780
-0.4154925622
-0.8454605584
-0.0797145263
-1.2268815687
-0.9655218101
0.1310967276
-0.1469645982
-0.5539009401
0.4507563459
0.6735484676
-0.8588347031
0.1699845844
-1.7132596162
-0.5548300349
1.6631221538
-0.0075648962
0.7819075356
-0.2796256542
0.1679323093
-1.4051292407
-0.1896570490
0.5047610071
-1.1279206540
0.3695223952
-2.2077613151
-0.6988927574
-0.4383511672
0.2585728478
1.1752291338
2.7781437651
-0.7250058750
1.6092856393
0.1111378130
0.4379442645
0.1815385084
0.6769086121
1.1268650800
-0.9101715057
1.3621413866
-0.8740796343
-0.5163210886
-0.0909439741
-1.1500339935
-1.3096954604
0.2814033746
1.5986649891
-1.3326609383
0.0740988877
1.2991257106
-1.0907421849
-0.3793598279
0.0348945538
0.3903763161
-0.0342407801
-2.1521681658
0.8551637735
-1.3746683844
-0.2688597738
-0.6436417685
-0.9690128888
-1.2782650717
0.4464034784
-0.9367001099
-0.2851373784
-1.3341806946
1.4701493940
-0.8731775022
2.3954207848
1.7502344501
0.2445612821
0.7054100937
0.9990629639
-0.3958631824
-0.6799964450
0.2309051566
-0.2552671284
1.4472959630
-1.0212035866
-0.8348095679
0.1823137716
-0.1218283239
1.1871861854
1.3275715009
1.0040203192
-0.3845427401
-0.6611538529
-1.8215173691
0.7521437980
-1.3083837879
-0.3052423789
-1.3133661079
0.8072197795
-1.8365562957
1.1249174475
0.6299847857
0.8839726801
0.2626072472
-0.0006951654
-0.6650664494
0.5991117369
-0.4461029542
0.1580896952
0.4009316524
0.1995278583
0.3079354794
-1.9122736192
0.7580469857
0.5224387197
-1.0995336075
0.5397569524
0.6166405851
-0.1285670729
1.1078333687
0.2739844500
1.3397172568
0.3476802035
-1.0456060974
-0.7456568868
-0.5446541910
-0.9430463340
-0.7224116523
-0.0040878000
-0.2981334268
-0.1815116542
0.4026203049
0.2368129723
0.1009579271
-0.3528897905
-0.5057207977
-0.7221526723
-1.2614710331
-1.1951067768
-0.8474750029
0.8928329226
-0.5679092174
2.3808824912
-0.8042502046
0.7196680161
0.0218914179
-0.7056079107
-0.5293993029
-0.7982080493
-2.0165228823
-1.0512547913
-0.9556055838
0.3996021025
0.2656919924
0.8340833320
1.1622741862
-0.1373694484
-1.5821385841
-0.0417610156
-0.2474491111
0.2628772009
-1.5570846567
-0.9595393275
-0.2217708735
-0.3127476817
0.7149576604
0.5648515955
1.3541513942
-0.7361290825
-1.3507056292
2.5243806002
1.2031051168
-1.4211144662
-1.0718300950
-0.7898024939
-0.4493602364
0.2698019491
0.8541015806
-0.1576116173
-0.5606899133
-0.2404860746
-0.1572360812
-1.4500681984
-0.7038791371
-3.3319212195
0.8812726768
-0.9427924073
-0.5044387879
0.6401167605
1.4968671832
-0.0616359704
-1.2356060086
0.4074489363
-0.5002965667
0.4266263923
-0.8512290602
0.7938053462
-0.8319070617
1.6859731154
-0.3065295418
-0.1260355495
0.6385403679
-1.8586780644
-1.7680793699
-0.2532970286
0.1473488104
0.6987470411
0.5347551992
-0.2316288634
0.0704645712
0.1491904906
0.1359370682
-0.0713174732
0.7616378626
1.7080646782
1.2601482606
0.5876628781
0.6752898055
0.3727752489
0.2904475956
-0.2067331053
-0.3741206087
-0.6094177941
0.8898614671
-0.6473639558
0.3632761368
-0.2758396806
0.5684479176
-1.4134218148
2.4120131437
0.9163888002
-1.0624381112
-0.0178196719
-0.9528614130
-0.7115902392
-0.0235682033
-0.6644199964
0.6745111224
-0.1803630215
1.5151034760
-1.1842575598
0.3885293052
-0.7301621189
0.2510625124
-1.6839488954
0.6818744921
1.0938249151
-2.0085492198
0.0653524259
0.7408424733
-1.8395465866
0.1666256096
-0.2917284452
0.2416482185
-0.5621692401
1.0340814991
0.0091822262
-0.0025317113
1.6869887918
-0.6236028063
-0.7205917055
1.7457386358
-0.4301765921
0.3858337168
2.4810161002
-1.0788650699
-1.7393076875
-0.6834987309
-0.5346444797
-0.6777303174
-0.6254935315
-3.0087548738
-1.0025127801
0.4396371072
0.7880340929
-0.6177470047
1.0639730705
0.4603327531
-0.3752189264
1.5481933656
-0.8347940413
0.2470232086
0.5494324221
-0.2371644833
-0.0000717542
-0.9683766741
0.6843917341
-1.2169474822
-0.0981115455
0.6907956244
-0.4752860192
0.3979552424
0.0909991265
2.0517457342
1.5323047221
0.5658277720
0.7363866061
-0.9675535240
-0.7822903391
-1.3377434001
-1.9316152807
-2.0687526589
0.3510225726
-0.8271140398
-0.7049683401
-1.7957739769
-0.7997339453
-0.2244446494
-0.4161829632
-0.4428335536
2.9824390252
-0.9965479031
0.7171670996
-1.2212648416
-0.1970693071
0.5420912481
-0.2562451415
-1.2198217459
-1.4990138169
-0.9816806061
0.4129525601
-0.0167834980
1.7262803179
0.8098363863
1.1583594410
-1.6547248876
0.3141560461
-0.4105230385
0.2525281614
-0.5474586260
1.1750376736
-0.6851337063
-1.2954568523
1.3108369457
-1.1894650603
-0.1192770643
1.4094408545
0.8394908001
0.1336307509
0.3627536039
0.5922288728
-0.2718749859
-1.4019713378
-0.4064060194
0.2420607186
-0.0994440569
0.5432576712
0.9446283234
0.4909188530
0.4508430553
-1.7981436400
0.7061475346
1.7028260422
-0.3869577443
0.1597299965
0.6364449534
1.1456061748
-0.3616803677
2.6257584470
0.9524922338
0.4980118005
0.2868504268
-0.1302386589
-1.1988132108
0.3531788694
-0.4510682875
0.4403438019
-0.6909008832
-1.0047016206
0.2886334437
-1.6770791374
-0.4609419285
0.2594294119
0.9700800606
-0.8048452656
-0.1995796270
-0.5665971794
-1.4486249611
0.8166272869
1.3136726390
-1.2214118476
-0.0147939139
-0.3531879497
0.9628844175
-0.1104087216
-0.5809955672
1.0326691174
0.9398313459
0.5996967036
-1.6955025655
-0.6262270255
0.4960727560
0.1716584728
1.0740366724
0.7127007588
-0.4390490889
1.5539646196
-0.4033358386
-0.4089417347
0.4219726158
1.1378625670
0.0007246052
-2.0685722257
-0.7158084087
-0.1253298315
-0.2531312575
-0.6852225845
0.5033299175
0.4222533808
0.5495256646
-0.4288854991
1.3884490413
-0.0135895165
-0.2484489944
0.0452845793
-1.0467684230
0.0626774506
0.2126626825
0.8764311380
0.1314035041
1.4599902357
0.8096235227
-1.9767645779
-0.6866334974
0.7130980289
-1.3092607483
-0.4460249264
1.3209279835
0.2956531209
-0.2728575204
-1.7427246892
1.2135428304
1.2111016022
-0.6633908207
-1.1374861204
-0.1004890446
0.5331594100
0.7585941630
0.2946267193
0.1037556739
-0.6580126811
0.2635423625
1.0332144453
-1.2505191135
0.1693853800
1.0683914166
-0.0699543653
0.4388486888
-0.7156654501
-0.0156056939
0.8664184195
-0.6261996238
-0.1098200458
-1.3004404836
0.9068067881
0.3589206158
2.1757462782
-0.2125033763
1.8950548889
-0.3684091798
1.3976834870
-0.1631131823
1.0584781925
0.8139297003
-1.6862010769
-0.3829152066
0.3365877142
-0.5284268652
1.2573037710
-0.9654611232
-2.0288438832
0.7313741780
-0.9515432861
-0.4262007700
0.5046083063
-1.8012252570
-0.1221453812
-0.2854442669
0.7369915490
2.0909151840
-0.4005196130
-1.0536402408
0.8379772638
-2.6298761091
1.3393084071
-0.0069964677
-0.7851321689
1.6159197339
1.3872510744
-2.6325682576
-0.3833475171
-0.6666529734
0.7835408261
1.1921891411
-1.1264036940
-0.8457634718
0.3485784777
0.7214477166
0.4222808364
0.6403337056
-0.1330442151
-0.0139165553
0.2398473896
-1.9798531257
0.8096816647
-1.6876769498
-1.4105381992
1.2711951522
1.3865768104
-0.7679067009
1.0377800722
-0.0156904794
0.4615654523
1.8307943779
0.7718672155
1.5585207026
0.0335858941
-1.2528310057
-2.0097881106
-0.0682656288
-1.1212936215
-2.0691809376
0.5218011417
-0.2353679040
-2.1329759574
-0.1206839635
1.0026518014
-0.7439667123
1.1604512992
-0.3580410425
0.1382015107
-0.8179681355
-0.0420978563
-0.9861265198
-0.1424163510
2.2412894714
1.2280099677
-0.3387500087
-0.1245113677
-0.1909590597
1.3716200114
0.3367254118
-1.4390281564
0.9066244157
0.3269096665
-0.1570180996
0.4150235165
-1.8216683798
0.4398705272
0.3712065599
1.8665700376
-0.9566424615
-0.4396111266
0.1583553757
0.4804044164
0.0077943832
0.6201916749
0.0493042288
-0.6508087111
-0.7168474116
0.8547240927
0.8512213813
1.5367351682
0.2785156679
-1.5271604728
-0.5771651495
3.2839408187
-1.2087361348
-0.4076519251
0.1955306517
0.6245753438
-1.2464682051
-1.5104579739
-0.7229629183
0.0455450307
-0.5605894410
-0.2814573822
-0.8348307337
1.8846473718
1.2157653979
0.3786820109
0.9238474783
0.6602300912
-0.0183035878
-0.7236351916
1.6485973773
0.6439575789
-0.0525034380
0.3072966538
0.6308531042
-1.4175698992
0.3958278488
-1.4551589306
1.6994885786
1.0470824018
-0.2401618538
0.7064829282
-0.1190410275
0.5759655615
1.1645102499
1.4680553463
-0.6229280189
-1.3838523135
0.9436924763
1.1845836099
0.3493729899
-0.4241267861
0.0071028788
-0.5364216538
0.6064102015
-0.1277519388
-0.9003323618
