12 4 0.05
11 0 1 1 1 1 2 2 0 2 2 3 0 3 1 3 2 3 3 4 1 4 2
13 0 1 1 0 1 1 1 2 1 5 2 1 2 2 2 3 2 4 2 5 3 1 3 2 3 5
8 0 0 0 2 1 0 1 1 1 2 2 0 2 2 3 0
11 0 1 1 1 1 2 2 1 2 2 3 0 3 1 3 2 4 0 4 1 4 2
2 4
3 5
0 2
5 2
0 0 1 0 1 0 0 0 0 0 0 0
0 0 1 1 1 0 0 0 0 0 0 0
0 0 1 0 1 1 0 0 0 0 0 0
0 0 1 0 0 1 2 0 0 0 0 0
0 0 0 0 1 1 2 1 0 0 1 0
0 0 0 1 1 1 2 2 1 1 1 0
0 0 0 1 1 1 2 1 0 0 1 0
0 0 0 1 1 0 0 0 0 0 0 0
0 0 1 1 1 0 0 0 0 0 0 0
0 0 1 1 1 0 0 0 0 0 0 0
0 0 0 0 0 0 0 0 0 0 0 0
0 0 0 0 0 0 0 0 0 0 0 0
0.3295452944
-3.3816781328
-0.7992059527
-0.0931493244
-0.1281502827
0.1687999068
1.1578306162
1.1861828037
0.1328992320
-0.1970202362
0.5184880354
-0.9079854034
0.4835463323
-1.3173017905
0.1913289421
0.4675575752
-0.3179289578
-0.3132654472
-0.2560910722
-0.9350013308
1.1709487851
-1.2379990393
-0.3518695402
0.2617085735
0.6261656526
0.4848946127
-0.9765570275
0.2885617227
-0.1428250516
0.0240917803
0.2605542293
-1.1121463996
1.4346903879
-0.5726201658
0.4510755185
0.4874676716
0.7874855854
0.7803605768
1.6062329875
0.6633589308
0.4654706705
-2.0091706829
-0.8808038108
1.1867940428
0.5530961051
1.7729671035
0.6152501350
-3.1586344177
-1.8880016526
-0.1600919317
-2.0768311760
1.8953034022
1.1544594620
-0.0219730055
-0.2487054573
0.5766936069
0.5873365208
-0.0318822022
2.1793558328
-1.0915244462
1.6739496728
0.3274562971
0.9553126597
0.0436282958
-1.3237502379
-0.2845033325
1.6188511467
-0.7451833849
0.8679157781
0.2068017479
0.8546848831
-0.9627147598
0.4187112879
0.2528299692
0.5293081713
-0.5313309078
0.5382016290
-1.4595692999
-0.9359731583
-0.0447707810
1.4557134326
-0.3068464151
-0.1497291463
-0.2497492855
0.0991150751
-0.2655800144
1.0717556775
1.8647763897
0.1826799671
-0.2533582716
-0.4950351510
0.0958456384
-0.0429572177
-0.8024616869
0.5086554541
0.3971329325
1.3331876132
1.0389534916
-1.3818637005
-0.2536870943
-0.0738742247
0.8188609210
-0.1481710198
1.5493554494
-1.6520108512
0.0982972003
0.3472154989
1.0723957684
-0.4044734247
0.7516130834
-0.3452934896
0.1270669919
-0.5288702602
0.8337060524
0.9079944644
0.5058316384
-0.0791591577
-0.2172240686
-0.7264814127
1.0460172808
-0.2602652249
-0.4648654902
-1.1337972299
-1.2698762148
2.2809841066
-1.1430975779
1.2520195195
0.2614125169
0.8571224322
0.3312271375
-1.4667948271
0.8948208667
-1.3884214090
-1.1898951596
1.0221901517
0.3205580844
0.0095266076
0.5867165949
-0.7211602358
-0.6418827280
-1.3352774163
-0.6821384301
-1.3633872889
0.3137129922
0.8297030655
-0.0743193119
0.3779535645
0.6862607654
-1.0584365371
-0.2076919886
-0.7332672100
-0.2406953172
0.4584556484
0.4875945217
0.3250354391
-0.7296943879
0.3472724973
0.1379872390
-0.7624470862
2.0101039740
-0.2925227078
-0.0887647977
-0.9575246498
1.0583578842
0.8859108598
-0.7421739284
0.6752008578
-0.5496703588
-0.8522256103
-0.1614666326
-1.4757491286
0.2837621073
-0.9497497725
-0.8667303352
1.1291782760
0.0775148068
0.5858541199
2.4575651171
0.9736945352
0.5154555205
0.5586447398
0.6985451782
0.0602505271
-0.4724741942
-0.0860874229
0.6037263618
1.1561176290
0.2663567409
-0.4616117621
0.2154180788
1.2382996908
-0.2595560323
0.5697626430
0.6336363261
-1.0931499954
0.3402958760
1.4441404970
0.0939303147
0.0989968954
1.4106271712
-0.2476322023
0.8141170254
0.9123555983
-0.2135166421
1.1133341354
0.6015385302
0.5411854941
-0.9536350121
0.7175661082
-0.8224654143
-0.8748041285
-0.3131631244
-1.1153190562
2.2214765641
0.1480227771
0.3434740342
-1.0608148464
0.2536204333
1.2443836392
0.2128710420
1.0833859908
0.7971503506
-0.3115590704
0.8036211622
0.1355756725
0.5112970429
-0.1418065269
-0.0651976865
-2.0620718730
0.7286361815
0.4687109308
-2.3107915108
-0.3456694005
-0.8818239245
0.0466874833
0.6579319007
-0.8167318944
-1.0006791290
-1.3461883709
-2.5497859242
-0.9527532789
0.8106748531
-1.0453687399
-0.3998557432
-0.6782563264
1.5437394963
0.6221552355
-0.5678400920
-1.5537721581
-1.2373322532
0.7064092482
-2.1573580468
-0.7297958414
0.0203496779
-1.1338788137
1.3912884527
-0.0008501763
1.2416188817
1.3416150820
-1.1227670718
0.1682482132
-1.4872575376
-0.6645804729
0.6911319439
1.4156668043
0.2537714046
-0.2412130582
2.2836201375
1.8908012321
1.7073678182
0.0982235212
-0.6529991370
0.3805365358
0.1537430295
-1.4882761700
0.0606104721
-1.0815061284
-0.3083560312
0.0798333727
0.6679642376
1.7032666307
0.7426543728
-0.4116825214
1.1762142738
0.0439042019
-1.4234803250
0.4370616376
0.9479089085
