12 2 0.13
4 0 0 0 1 1 1 1 2
18 0 1 0 3 1 1 1 2 1 3 1 4 2 0 2 1 2 2 2 3 2 4 3 2 3 3 3 4 4 1 4 2 4 3 5 3
1 8
4 3
0 0 0 0 0 0 0 0 0 0 0 0
0 0 0 0 0 0 0 0 1 1 0 0
0 0 0 0 0 0 0 0 0 1 1 0
0 0 0 0 0 0 0 0 0 0 0 0
0 0 0 0 1 0 1 0 0 0 0 0
0 0 0 0 1 1 1 1 0 0 0 0
0 0 0 1 1 1 1 1 0 0 0 0
0 0 0 0 0 1 1 1 0 0 0 0
0 0 0 0 1 1 1 0 0 0 0 0
0 0 0 0 0 0 1 0 0 0 0 0
0 0 0 0 0 0 0 0 0 0 0 0
0 0 0 0 0 0 0 0 0 0 0 0
-0.0417794422
0.5177593955
-0.7891295556
-0.3021861233
1.1214105084
0.2242367261
-1.4219784153
-1.2326041233
-0.5204746954
1.0808235028
-0.1699601662
-1.1557048887
0.6185923743
-0.5673964915
-1.7635318934
-0.3020037659
0.3014002055
1.2405671080
-2.0921293903
0.2664678110
1.4179767638
0.8560290911
-0.4854012981
1.8437282319
-1.4494382755
1.6421694388
1.5421721049
-0.1048636684
1.4325798893
-0.2250060658
-1.7536197749
-0.3154912017
-0.7683778535
1.6651472558
0.7454776875
-0.3806477470
-0.0063607135
-1.2982563090
-0.3250724135
-0.5092079399
1.0818853663
-0.5395075627
1.1781687130
-0.8866157283
0.5088832508
-0.5838107963
0.0367806418
-0.6830570819
-0.5627291133
0.8445006324
-1.1029997923
1.0902824361
0.5549519354
-0.3263115642
1.9767597540
-1.3097383648
-2.1939907266
-2.9711032320
1.9675851542
-1.6685010974
1.2456229837
0.6558770180
-1.8328975997
-0.3123990767
0.9785253730
0.5523154262
0.3243688308
0.1841168389
0.2967521709
-2.0390637134
0.4179663039
0.1262918692
0.9622573977
-0.5780971824
0.8776842852
-0.3503980359
-0.7512294722
-0.2738671702
-0.0270887229
0.9446874974
-0.0017618449
-0.3870099826
-0.6884366291
-0.1822142994
0.2413574227
2.0809755988
-0.5719024692
0.9189604604
-3.3565096615
0.8443529328
0.3649953299
-0.1624769204
1.1711299798
-0.1269174155
-1.6775962032
0.6375701245
-0.6904139303
-0.5875585924
-0.5057751202
3.1600565799
1.0996621017
-1.6539213667
0.9963476629
0.2973936166
-1.3168216103
-0.4512922148
0.6436606099
0.0685771624
1.2494891749
1.1677255771
0.2085699544
-1.6182957283
1.1259882883
-1.4519082944
0.6892994357
0.7405257575
-1.0957407738
0.1192741542
-0.7812099463
1.9321289166
-0.7082580824
-0.9093673381
0.0741586996
-1.2447684393
0.1695466482
-0.2299101413
-0.4908962434
0.1446658326
0.3519487927
0.2901220066
0.8177647197
0.5951253721
-0.2667391738
-0.5287662356
0.1494693511
0.1355817173
0.1600061512
-1.9891195847
0.2125872565
0.5814723868
0.8029041291
2.1156730489
-1.2912365084
-0.3451926440
2.3099222240
0.7656346794
-0.5270024754
0.5211565925
-0.6591209856
0.3312242584
-1.3415172089
-0.1875605317
0.5267096610
-0.4101844401
-1.0640362346
-0.6036687721
0.5373860274
-0.6313983262
-0.9819275396
-1.1766264720
-1.0697183239
-1.2063170993
1.8298049616
-0.2901121572
2.0153120538
-0.3771995752
0.2939611791
-0.8420395162
0.9871460563
1.2820289808
-0.3493897882
-1.0019780644
0.1694973309
1.8132799533
-1.5911420155
0.9762709897
0.7226734567
1.5884112628
1.1455818625
-1.1287223226
-0.7020852488
0.0338515722
-0.5086479751
0.8741822270
-1.1252038780
0.9688436837
-1.7046963240
0.3403651434
2.4929438186
0.3996535810
-1.2308841743
1.7940668077
1.3867412702
1.6897523809
-1.0182026311
-1.9280745157
0.3598918252
0.2294486716
0.8443560842
0.6812384759
-0.1325690179
-1.3151013581
1.4404588689
-0.2365723385
0.2999659646
1.1214798264
-0.1885120737
1.3206908724
-0.2205613589
-0.4736513589
-1.5119014994
-0.3019724373
0.0042520081
0.8314091508
-0.3093810712
-1.0129634250
-1.4579452751
0.0825970840
-1.2502932424
-0.5005349786
1.1792955652
-1.0725208370
1.7372069302
-0.6250071435
-0.3263009686
-0.9358561053
-1.9907706009
-0.9264249032
-0.1355574992
2.2214139984
-0.9808284295
-0.6671439542
-1.0251204013
-0.9884113232
-0.3414434902
0.1065585799
1.4738324320
-0.2332814361
1.4277950876
0.6997350615
-0.7389266897
2.3071276036
-0.4846057843
0.8116835156
-0.5584897581
-0.8158301796
-0.7337517477
0.6839460482
-0.3333614003
0.9953265984
-0.8081882420
1.6112872373
0.4397510880
1.4307851516
0.0085937065
-0.1950236461
-1.5247727360
-0.4336672355
-0.3824278039
-0.3461305805
1.3498336023
1.1468239399
-1.1620585808
-0.2223833888
-1.1532000416
0.4251321812
-1.0420138614
1.5972465270
1.8597931337
-1.8092763908
0.6681059597
-1.7493242287
0.2732794364
0.1831790339
-0.0037669351
-0.0069202160
-0.1652258764
-0.4186429396
0.9413770131
-1.4815223902
-1.1473220808
-0.2000336590
-0.8613517536
-0.0544474952
-0.3119966547
0.9455524898
-0.9394004462
-0.0892922110
