11 3 0.08
10 0 0 0 1 0 2 1 0 1 2 2 0 2 1 2 2 3 0 3 2
8 0 0 1 0 1 1 2 0 2 1 2 2 3 1 3 2
8 0 1 0 2 1 1 1 2 1 3 2 0 2 1 2 2
0 3
3 0
1 3
0 0 0 1 1 1 0 0 0 0 0
0 0 0 1 1 2 0 0 0 0 0
0 0 0 1 2 2 1 0 0 0 0
1 0 0 2 1 2 0 0 0 0 0
1 1 0 0 0 0 0 0 0 0 0
1 1 1 0 0 0 0 0 0 0 0
0 1 1 0 0 0 0 0 0 0 0
0 0 0 0 0 0 0 0 0 0 0
0 0 0 0 0 0 0 0 0 0 0
0 0 0 0 0 0 0 0 0 0 0
0 0 0 0 0 0 0 0 0 0 0
1.4181051211
0.1387556562
0.5125018014
-0.1693857675
-0.7688804932
-0.4668745398
-0.7649116133
1.4574631144
0.5197168336
0.3409108528
0.3615987684
-0.7155989871
-0.3341855107
-1.7815543967
-0.3140766143
-2.3688358578
0.7368577119
0.5466940662
0.2148282413
-1.6412846596
-0.2652560849
-1.1137033823
0.7750397387
-0.5912803173
0.6567095342
0.6367787087
-1.5502171199
0.0369101886
-0.5342961468
0.9093686891
-0.1143394236
-0.2225789407
1.7323791976
1.3575808917
-0.7499318857
0.0971565000
1.2600690644
1.4705315371
-0.6326812275
2.6201764993
-1.3252884532
1.2469517805
-0.2107148933
-0.6423778499
0.2275545697
0.7981863407
-1.3600855624
0.1954699437
0.1095167835
-0.4748669518
-0.7648762018
-1.1642403505
0.2275960538
-1.0550839585
0.2513357423
-0.3956322243
-0.1342000201
-0.0676252341
-0.0236787545
0.1141782150
-0.9018739589
-1.2724845269
1.2460788580
-0.8740354265
0.0100827895
0.4492205555
0.4151871196
-0.1983956165
-0.3192443170
-1.5216449308
0.8006216447
-0.0933837553
-1.4287965041
0.6718495378
-0.3663128681
1.8546185971
-0.7761628847
0.0422991571
-0.7423077394
-0.9008220309
1.6086305241
-0.2930269253
0.1984158680
-0.3649946138
0.8761800718
-0.1150745458
0.0548736119
0.2853532928
-1.3924963960
0.3525717036
1.4946080987
0.4947393988
0.0087420144
0.6304824632
0.9762605331
1.1937970422
-0.3337147653
-0.6083885622
-0.6437945434
-0.3800448571
0.3660662359
0.1949625502
0.2703204692
-0.3195754377
0.5307766738
-0.7699888570
-0.5568985991
-1.7895436031
-0.5720012042
-0.2577981194
1.3070630143
0.2191152632
-0.8730130686
-0.0715552643
2.3920414435
-0.6280639066
1.4232501502
-1.5973605620
0.7432813816
-0.6918113771
0.7458628452
0.4927446676
0.6660832020
-0.7728075353
-1.3170288135
1.0794354724
1.4177458276
0.1035775521
0.1002502814
-0.2756043149
-0.1355027317
-0.9647043268
1.9856095560
-1.6671535403
-0.5329047765
0.9790200251
1.2510949127
-0.1234139237
0.6903452183
-1.7549946230
-0.1175257288
-0.5186860885
0.3155416248
0.1694609774
2.1518304746
-0.3048097780
-0.3191568610
0.7578897657
0.5278291616
1.1299326142
-0.5179961870
-1.3202615986
0.0694774702
-0.1678043500
-0.0704576171
0.2450966323
0.3879986771
-0.0162488244
-0.2390462402
0.0315679818
0.8332704697
0.5776093769
0.5247605735
1.5478909881
-0.4704555572
-0.9286696501
-1.5544279457
-1.9845279645
0.8942849613
0.0626517080
-0.3930601571
1.1100672303
2.3794423753
-0.7937261307
1.3802147116
0.5578558439
1.6167420679
-1.3785729026
-0.2397485240
-0.4345723399
0.9621144425
-0.3687599682
-0.9758338611
-0.5784962631
-0.0922953675
-0.6303595075
1.2049561579
0.4398871772
-0.7993325664
0.7594716420
-0.0162918094
-1.3996049863
0.0283299475
0.4645635427
1.3138834966
-1.7327315972
-1.0637711993
0.6990215920
2.4869002715
0.3438383350
-0.3185167587
-0.2998680102
-1.6350529837
0.5872139552
-0.2812094787
-0.5928339651
-0.7835096355
-1.3511432743
1.8592050605
0.1751054173
-0.8104026493
0.3396867000
0.3441623638
0.0771816855
0.1343523067
-0.5359192590
-0.5214422185
0.0397507444
-1.4078725557
1.0892860638
-1.2184051967
0.6815693175
0.9502787806
-0.1323020651
-1.1675916497
0.4335494452
0.4929563570
0.4977221221
1.2617254371
-1.2334648692
-0.0483006417
-0.3323541133
1.3201321953
-1.3476140169
0.4126359937
0.7216171366
0.6710126917
-1.5813593847
0.7981608062
-0.7495748451
-0.5269521140
0.5480229295
