13 5 0.10
8 0 3 1 0 1 1 1 2 1 3 2 1 2 3 3 3
12 0 1 1 1 1 2 2 1 2 2 2 3 2 4 3 0 3 1 3 3 3 4 4 0
13 0 2 1 0 1 1 1 2 2 0 2 1 2 2 3 1 3 2 3 3 4 1 4 2 5 1
8 0 1 0 2 0 3 1 0 1 1 1 2 2 0 2 1
10 0 2 1 0 1 1 1 2 1 3 1 4 2 2 2 3 2 4 3 3
8 7
7 1
5 7
2 3
0 6
0 0 0 0 0 0 0 0 1 0 0 0 0
0 0 0 0 0 0 1 1 1 1 1 0 0
0 0 0 0 1 1 1 0 1 1 1 0 0
0 0 0 1 1 1 0 0 0 1 0 0 0
0 0 0 1 1 0 0 0 0 0 0 0 0
0 0 0 0 0 0 0 0 0 1 0 0 0
0 0 0 0 0 0 0 1 1 1 0 0 0
0 0 1 0 0 0 0 1 1 1 0 0 0
0 0 1 1 0 0 0 0 1 1 2 0 0
0 0 1 1 1 1 0 1 2 2 1 0 0
0 1 1 0 1 1 0 0 2 0 1 0 0
0 1 0 0 0 0 0 0 0 0 1 0 0
0 0 0 0 0 0 0 0 0 0 0 0 0
0.6240889933
0.9643840195
1.0898519803
1.4986803993
-0.1510916405
-0.1045411452
0.7740692309
-0.2177061123
1.5648906158
0.4506935276
-1.0589392712
1.9382127227
1.1608419395
-0.7158944304
-0.6165803584
-0.5193341199
-0.3466780312
0.6405031314
-1.3951302361
0.1041674086
-0.2303858181
-1.5794320701
-1.1789207040
0.8212765901
1.0279775262
1.9115785644
-0.5571325378
-0.1641216516
0.9540287191
-0.9166299429
0.6192057601
0.7526893386
1.4167458099
-0.2865276702
-1.5811295256
0.7269496542
0.6736224685
-0.1420913286
2.0384476018
1.0387179085
-0.6397723843
0.5761552806
0.1735951911
1.6536626801
-0.6810329245
-0.8427054068
-1.1533669201
0.1941738413
1.3590548942
0.1006608706
0.2159334847
-1.2154327725
0.5032072884
-0.0771503188
-2.4918989329
0.9041056796
-1.5898249045
-1.1581923974
-1.9172425453
0.5173849562
-0.0725980866
2.7151951172
0.3635543781
-0.0825650014
-0.2013526179
2.0341976510
0.4778328043
1.8610728148
-1.5676158711
0.7582397347
0.0580922202
-2.1235422114
0.7009197438
0.3343966633
0.3447186565
0.8038059653
-0.2937230887
-0.8503891986
-1.5293437749
2.3640447504
1.9156189344
-0.1953491481
1.0239599575
-0.7477714170
0.0527028189
-1.0593227266
-0.3584749071
0.2145754161
0.6371283708
0.7347986997
0.1557391427
-0.6931550892
-0.7594456814
0.8714828052
-0.5637334519
0.4530119264
-0.5942123395
0.6347930609
1.1184024052
1.0407425526
0.0962639766
0.6356866138
0.7188652207
-1.8254979250
0.0224237312
-0.3080882097
-0.5557051833
1.0334278895
0.8111619900
0.2224936966
-1.3485502258
-0.5425003145
-1.2610929607
0.0969030954
0.4427729632
1.2428085961
0.2987083939
-0.5153406577
1.2180675336
0.7522790194
0.2178837443
0.2931346846
1.8958539403
0.7235860786
-2.7227130584
-0.3914210305
1.1637176744
-1.5604486058
0.4537748484
0.4928140785
0.2271500815
1.3882931318
-0.6389842017
-0.5815807179
0.4194411906
-1.7778856389
0.1728993326
-1.2607363782
0.2210036089
-1.0100360180
-0.8772888022
0.8092942953
-0.9022204204
1.6020160964
0.0429576641
0.8745121984
1.5219226271
-1.0945006745
-1.5866904467
-1.4050687221
-1.8161575656
0.0883579140
0.9760485047
-0.3862549174
-0.5622796121
-0.6455980848
-0.4478172921
-1.4943442424
-0.6189964181
0.3848107537
1.1548729558
-0.3241161098
-0.7047666401
0.5712467453
1.1261527541
-0.7400671347
-0.7908799836
-1.5291548007
-0.9953436524
0.2521929247
1.3465363748
-0.1943026555
1.8355447358
0.2264673451
-1.1189490009
-1.1506373166
-0.2245731576
-0.7015492137
1.2916049389
-1.6005416098
0.1119667381
-0.1897651692
0.3463634947
-1.5052662854
2.3005626141
1.3502923965
-1.9388032632
0.8093523900
-0.6635494153
-0.0013821147
0.5477935938
-0.1264684704
0.3324454502
0.2755380282
0.1463842738
-0.2526772572
-0.5099852640
0.3767891287
0.1391842950
-2.0149854171
-1.2645086970
0.9557051709
0.4025153405
0.0871127604
0.0522865398
-0.1588683288
-0.4674393448
2.6789723449
0.1375846072
0.6916265822
0.7551567402
0.0216792913
2.3233853878
2.7822968084
-1.2566452361
-1.5651041884
-0.5161872752
0.1778352767
0.1583249954
-1.3107969302
0.6635490521
-0.2301695291
1.2102073475
0.6062344981
-0.2390715460
0.8560297887
1.1241531906
-1.8336624995
-0.0162655664
-0.3304064860
0.6801615196
1.3124096976
0.2515708948
-0.0502801029
-0.4440951233
-0.4344967168
0.2814323131
0.2158051151
-1.4602770783
0.0134564046
0.2923478654
-0.8481755186
-0.4078156589
1.9000730658
-0.5459977395
1.9737300504
1.2098611322
0.8260420447
0.5579670236
-1.6810084233
0.8902098315
0.4596041100
-0.7608336229
-0.9133252691
-2.1486053495
-0.4923740023
0.5128996804
0.3268997215
-0.6056352683
0.1673338980
1.6875414077
-0.0675822326
-1.4874544698
-0.6645871764
-2.3889423551
-0.9805075690
1.0353811219
-0.3875768498
0.8509606352
-0.9529309752
0.4630025790
0.1767423254
0.4574620298
-0.5080497611
-0.5231459321
0.3145874073
-1.7311733116
-0.0541908736
-1.0171816384
0.8236498958
0.4713406023
0.8460299085
-0.3555220213
0.2556682753
-1.5782169139
-0.5503865125
-0.0807950711
2.1619193464
2.4517800446
1.2193760214
0.2507398579
-0.5648355621
-0.4555611018
-0.2090553143
-1.5141619698
0.7247705374
-0.1779763113
1.1576860976
-0.1627624080
0.2729263200
-0.3200410467
-2.7632795745
-0.4776718998
-0.2701440647
-0.5362115006
0.3216570597
-0.5831691528
0.2762881593
-1.7034268311
0.4264275515
-0.7915106053
-1.8758037510
1.0276914614
-1.2350623503
-0.1548145025
0.8159741752
-0.1981357772
0.6214512419
-0.4783478402
0.6821201260
-1.0542136147
-0.8851126042
0.7736105934
0.4997152643
1.6269704410
0.6510532563
0.0117855150
0.4440436904
0.3422790352
0.2001118572
-0.0292286892
1.1637705841
1.0347430698
0.6217739336
0.0996869844
0.6461592464
-0.9444435989
-1.5643963318
