14 3 0.05
25 0 1 0 2 1 0 1 1 1 2 1 3 1 5 2 2 2 3 2 5 3 2 3 3 3 4 3 5 4 2 4 3 4 5 5 1 5 2 5 3 5 4 5 5 5 6 6 2 6 6
26 0 5 0 6 1 2 1 4 1 5 2 1 2 2 2 3 2 4 2 5 2 6 2 7 3 2 3 3 3 4 3 5 4 0 4 1 4 2 4 3 4 4 5 1 5 2 5 3 6 1 7 1
18 0 1 0 4 1 0 1 1 1 2 1 4 1 5 1 6 2 1 2 2 2 3 2 4 3 2 3 3 3 4 4 1 4 2 4 4
0 1
2 4
0 2
0 0 1 2 0 0 1 0 0 0 0 0 0 0
0 1 2 2 2 0 2 1 1 0 0 0 0 0
0 0 0 2 2 1 2 0 0 1 1 0 0 0
0 0 0 1 2 2 3 0 1 1 0 0 0 0
0 0 0 2 2 1 3 1 1 1 1 1 0 0
0 0 1 1 1 1 2 2 1 1 0 0 0 0
0 0 0 1 1 1 1 2 1 0 0 0 0 0
0 0 0 0 0 1 1 1 0 0 0 0 0 0
0 0 0 0 0 1 0 0 0 0 0 0 0 0
0 0 0 0 0 1 0 0 0 0 0 0 0 0
0 0 0 0 0 0 0 0 0 0 0 0 0 0
0 0 0 0 0 0 0 0 0 0 0 0 0 0
0 0 0 0 0 0 0 0 0 0 0 0 0 0
0 0 0 0 0 0 0 0 0 0 0 0 0 0
-0.4936422209
-0.4681310124
0.7221008427
-0.5878762407
0.2888116507
-1.1261335042
0.2778146879
-0.3378403751
0.1660537553
-0.2974631983
0.5641983739
0.8568656868
-0.4320211928
0.6869812905
0.7704217893
-0.2447734559
-0.2118408389
0.8824920188
0.7360411561
-0.4267712888
-0.9106471440
-0.4458472150
0.4357317717
-0.9562428656
-0.3238478960
0.3185541050
0.8091650872
-0.1735707755
-0.0602028224
0.4951671371
-1.5071184245
-0.4264005090
0.0737856004
0.4638869178
-0.3472416542
0.3434593085
-0.5021398887
-1.5262208225
0.3101806690
0.5981172092
0.4505953179
0.9986160790
-1.1785566723
1.5674156104
-0.2105134476
-0.2207946755
-1.0842706732
2.4221945853
0.5258585066
-0.7300498620
0.2054100320
0.5929173695
0.5333943110
-0.0392463985
-0.9132298187
0.1063594283
-0.9044018207
0.2118089664
-1.1928741884
0.8173464938
-1.3454375586
0.5091643135
-1.7808195085
0.0757756729
-0.7832610075
-0.0634443499
0.9240821103
0.4338405777
0.2683416885
1.3509856665
0.5251322587
0.8064344944
0.3308276505
0.8934645361
-0.2498956465
0.7458718165
-0.0035662734
0.5847231986
-0.7110537534
-1.0012441819
-1.3869131950
-1.1536067895
-0.0646174259
1.4052412716
-0.7411668682
0.0385916717
-0.8368468250
0.5145718941
0.2716914045
-2.0547891725
0.2636002119
-1.2363356363
-2.5304404691
-0.2903220516
2.2614564055
0.0476092749
1.2320761552
0.3988481923
-0.4043824033
1.8165788167
0.7222864291
-1.0158580092
-0.8390758909
-0.3961878787
-1.3486560178
-0.6497686473
-0.5590391035
-0.6510746451
0.3652613374
-0.9104206805
0.4404756904
-0.0612606898
-0.3894505299
-0.4233840872
0.5284902746
0.5395807532
-0.3025252981
-0.9186165087
1.1155612497
-0.9759255283
-0.4286400098
1.4589436624
0.5637985103
-1.1462308203
1.1202822064
0.9423178914
0.4578908963
-1.0344749157
-0.1704571259
1.2110957603
-1.8392404091
-2.0002961124
-0.7938474830
-2.3666437126
1.4445896227
0.2378021091
-1.7133205169
1.5342573530
-0.9461783735
-0.4628770488
0.3882196720
-0.9943908906
-0.4692332414
1.4940830191
0.1089529089
-1.3116287933
-0.6159930294
1.1308146379
-1.8649717518
-0.7286653844
0.7986246467
-0.3831228733
-0.6025879417
0.2847007567
-0.4161486603
0.9663988429
-0.0002973712
-2.1149411559
1.0178552254
-1.1170308031
0.3942933189
-0.9376534217
-1.8051081842
1.6335500492
-1.1074703921
0.4072773866
-0.6648570262
1.1725154683
1.0272577902
-1.1273031851
0.4798955186
0.1216693405
0.0444318469
-0.2998514941
1.6269574053
0.7093762677
-1.6718092255
0.6180569078
-0.0806163102
-0.4375947288
1.3806932645
0.1086013027
0.8578257782
-0.2825128425
-0.9874961994
0.3249208572
1.1536587546
0.0917939811
1.0014561972
1.4857079120
-0.1097633817
-1.4119424234
2.5121155865
-0.2155848320
-1.5033194088
0.9216283478
-0.5372681238
-0.4181986923
-0.7218569753
-0.6604393737
0.1841228670
-0.1174918078
0.0588992226
-0.9368718969
-0.0754606536
-1.4734051421
0.2098704086
-0.5830281145
1.8463746540
0.0981799900
-0.8427355161
0.7883376602
1.2843010196
0.4070201082
1.6167637593
-2.4297118020
0.3551837482
1.0629006352
0.4450105442
0.9459751316
0.3424035216
-0.3879175507
0.6100251338
-1.8946124105
-0.1300010631
-0.2453270200
-0.6403735789
-1.2343993190
0.9243489193
0.6732632584
-0.6908155375
1.0149683586
0.8643217289
-0.8696206304
0.5159648773
-0.6641039126
-1.7034552235
-1.4903279481
0.0210332923
-2.7642587772
-0.5700195417
1.7847888666
0.8504651961
-2.9515434022
-0.6897830457
1.1864492330
-1.8834793963
-0.5053049323
-0.0823793346
-1.0207774336
-1.0320788612
1.0470998231
1.1054247721
-0.8471037503
-0.8793019393
0.8017978673
-1.7472710604
-0.7650480822
-0.4172781612
1.3253493533
-0.2655992795
0.2268786938
-2.4040020754
0.2882207835
0.2163356136
-0.5632325534
-1.8406090957
0.2177979227
-0.3146701382
0.0699705467
-0.1159756346
0.4780739621
1.0303246799
0.7869442896
0.3413974089
0.7974689716
0.8395575959
0.6823098654
0.6764452388
0.5857748517
0.1360813230
0.3305194442
0.0739470128
-0.2379931353
0.0946447628
-0.9127751829
-0.5443474459
0.1249916069
-1.7266488129
-0.8590690172
-2.0726801838
0.2618707329
-0.9549328982
-0.4798913577
1.1561770579
0.9696464298
1.1341753197
0.3640538864
-0.1751683293
-1.1049545140
-0.6787839705
1.3523590631
0.6563935115
1.1072824042
-2.2735317681
-0.1855893954
2.3655346668
-0.0776093190
0.1892898529
-0.0751164742
-0.0706041446
-1.1652606138
-0.0679754777
0.8291453990
-1.6343852593
-1.7678456692
-1.0587817049
-1.4108228209
1.0650607423
0.8951691828
-0.1340419428
2.1357357468
-0.2556255015
-1.6590105422
-1.4947080861
-0.5351291079
-0.4022055272
0.1438693656
-0.9737395298
-0.4401836665
0.3773837537
0.0636984211
-0.4065822297
0.4106593999
-0.7080763726
-1.3628803823
1.5430065323
-0.5503811451
-0.9519161753
0.3148342920
-0.3059881971
2.2879954196
2.2232507726
-0.3516151744
-0.1618111440
-1.6572471927
0.1163071985
-1.3873340729
-1.0608352171
-0.1881688446
-1.0838370874
-0.1794240800
0.9891279502
1.0782380956
0.1113223730
0.5628165074
-0.6182401021
1.4365023251
-0.5083014033
1.4607095384
0.4869678604
0.2889883674
-0.2468475794
-0.5696634719
0.2109478168
1.0130738090
1.8057057017
-0.7964576762
0.1450411234
-1.1353812681
0.6688704758
-2.4459866769
0.5297627919
0.1653073822
-0.7148542582
-1.2354258613
0.6130199779
-1.4086713486
0.7242146109
-1.5946873373
0.4531570821
-1.0286388808
-0.1816195571
-0.4682383581
0.4413149415
-0.1613481272
-1.8207095058
0.8988546939
0.2201522367
1.1128633807
-0.7408785792
-1.7843192520
