13 2 0.12
20 0 4 0 5 0 6 1 2 1 3 1 4 2 2 2 3 2 4 2 5 3 0 3 1 3 2 3 3 3 4 3 5 3 6 3 7 4 2 4 3
31 0 5 1 5 2 4 2 5 2 6 2 7 3 3 3 5 3 6 3 7 4 3 4 4 4 5 4 6 4 7 5 4 5 5 5 6 6 2 6 3 6 4 6 5 6 6 7 0 7 1 7 2 7 3 7 4 7 5 8 2 8 4
1 3
2 1
0 0 0 0 0 0 0 0 0 0 0 0 0
0 0 0 0 0 0 0 1 1 1 0 0 0
0 0 0 0 0 1 2 1 0 0 0 0 0
0 0 0 0 0 1 2 1 1 0 0 0 0
0 0 0 1 1 2 2 2 2 1 1 0 0
0 0 0 0 1 1 2 1 1 0 0 0 0
0 0 0 0 1 1 1 1 1 0 0 0 0
0 0 0 0 0 1 1 1 0 0 0 0 0
0 0 0 1 1 1 1 1 0 0 0 0 0
0 1 1 1 1 1 1 0 0 0 0 0 0
0 0 0 1 0 1 0 0 0 0 0 0 0
0 0 0 0 0 0 0 0 0 0 0 0 0
0 0 0 0 0 0 0 0 0 0 0 0 0
-1.5351373568
1.5033892088
0.8084620957
0.6246211613
0.1086514070
-0.9133945045
1.9234078601
1.3858519810
1.7296298333
-1.0580400993
-0.7767662939
0.3403996122
-1.0372495535
-0.9268715802
-0.2545522095
-1.1200211591
-0.0119065162
-1.8769149031
0.1764004205
1.6972844121
0.7933944970
-0.5998028263
-1.1821005073
0.5270898864
-0.6318158681
-0.6138270282
-0.8499538562
-0.6860866596
-0.4489115138
-0.6096331079
-1.4878360768
-0.0475410139
-0.0847635204
0.9675858142
-0.1296749849
0.7272534616
-1.7862056552
0.7110480147
0.4987241497
-0.5208255249
-0.1835754877
-0.8686182658
-0.6788897497
2.2478160777
0.9815361978
-1.3042267796
-0.3165368614
0.3513784174
-2.0710017658
0.7004641824
-0.1683811136
0.0688064300
-0.4352176913
-0.6502940595
0.9079399549
-2.7144610566
-0.1647204165
0.4975663930
-0.7715432252
1.1778070000
0.7970911078
-1.2987170092
0.2690911721
0.3341612630
0.9366600338
0.0654314355
0.3030291881
-0.6590003945
-0.1083392532
-0.1167325942
-1.1090747621
1.0120836513
1.4665260730
-0.4843763142
-0.1899344508
-0.1476281767
-1.5157726671
0.9238658399
0.8877286258
0.6755775668
0.1155846126
-0.4475860876
1.1930635533
2.2690414344
0.2379620870
-0.9673656795
0.6112347418
-1.6328761627
0.6991676761
-0.2841293052
-0.0233871571
0.8436577206
1.1234258853
0.5345779298
-0.2030466210
0.1582615617
0.7302584331
-0.8278603664
-0.0598157126
1.2494814973
0.7432414367
-0.4287869232
2.0212607974
2.1873313959
-0.3968061308
-1.6157142418
0.6112126801
0.3675072515
-3.2248479946
0.3072817291
0.2826942131
-0.6526267485
0.3035536607
-0.6503782769
0.3998756730
0.6278348954
0.3987694582
2.5143576310
0.5650040408
-0.6492615438
-0.4007841215
0.9449346505
-1.1686317490
-0.0166692019
-1.2634091400
-0.8122818500
1.9607023108
-0.3883883304
0.7964842694
-0.6239921145
0.4387766463
0.5079586490
-1.1277225557
1.2191926215
2.2427407306
-0.4574929414
0.4002140172
-0.0770224066
-1.4631505296
1.0456446535
-0.3768237024
0.4828112643
-0.1295144751
-0.6219371021
0.9833195410
1.0552056982
0.6273336790
-2.1372736855
0.5425460249
1.2860370685
1.3316482256
0.3577726244
0.1450081806
0.0359403667
1.0637705628
1.1073911827
0.6591758632
-0.7892817872
-0.0639165171
-0.2087528782
1.0792885436
-0.4886335600
1.1453640396
0.9873103039
-1.2433648594
0.1093832080
0.3325231188
-0.8951084829
0.0281761730
-0.4914268379
-0.4759207335
0.5067610981
1.4496212149
-0.4732818817
0.4952364330
0.5772732983
0.8724375064
-0.2819205407
-0.5384935011
-0.4224383248
-0.0357253896
-0.0639301133
-0.1065026519
0.8333165953
1.0377467124
0.3475544485
0.2779655892
-0.9151529247
0.7488033958
0.0881445737
0.3283298011
1.8343816981
1.2965989143
-1.3984890294
-0.4797715467
-1.1883875744
-1.2157506185
-1.0818226194
0.1453506934
-0.8722435805
-0.7912439016
-2.3246619994
0.2712621405
-0.0254541932
0.2811016686
-1.1463409651
1.5821459310
0.6268316486
1.1571210776
-0.4135407186
1.3549403621
-0.7134440395
0.2510277003
-1.9314724584
-0.7036618184
0.0585731437
-0.2637328905
-1.0356581312
0.1892567981
-2.1625930560
0.2972037587
0.4601203915
-1.0205953764
0.1730779089
1.1271674389
0.0024142114
-0.8787041283
-0.5750227956
0.0195198416
-0.2995078512
-0.8962901029
0.0017606161
0.0100826735
-0.4095423774
-1.5631269760
-0.6977307595
0.2323905449
2.2172370892
-1.4968501314
-0.9175287550
-0.2006641696
0.3889307274
0.0622458661
0.4146176168
0.1099620431
-1.6668435331
-0.4702529609
1.4982124570
1.9700733863
-0.9747191745
0.8004882679
0.7724240394
-0.0976416832
-1.8861886283
0.1801197442
0.0295900716
-1.3054140556
0.4560003437
-0.1777578496
-0.0290069073
-1.3088377210
0.5481166440
0.6168196124
0.9944622662
-0.1070089155
-1.7098672980
0.4108275940
0.4996990915
-0.2817098860
-1.7371429745
-0.4679675015
-1.0347482992
-2.1310088024
0.5649809478
-1.0678844338
1.2058714815
2.8462333975
-0.6660267321
-0.1865712699
-1.7271362410
1.4966961113
1.6400736902
-0.0186210902
0.6343150382
-0.6278619788
0.8219908655
0.4548943367
-0.6085652188
0.8714525996
0.9966341801
-1.0779831607
0.2550679599
1.9696328044
-1.4531415342
1.4071969466
0.3157891857
0.4701649796
2.2933695291
-0.4923387630
-1.6895313067
0.0081655158
-0.3330231209
-1.0687534616
-1.7337337810
-0.6023056301
-1.0974627946
2.2882393606
-0.0909361272
-2.4447825976
1.5862793965
0.1093840551
-1.5772774018
0.5779347215
-0.7125052297
1.5581759354
0.4522934652
-1.6123901461
1.1401060569
0.2537767126
0.9716976371
0.1493511327
-0.4591367768
2.0981861372
0.9895252938
-0.9524958426
-0.3703210181
1.1411374460
0.8453918296
0.3487984778
-0.0617613565
1.4551627715
-1.0500364497
-0.8559464721
-0.3096054734
1.3146179889
0.1151546057
0.6802751499
-0.9140452393
