14 5 0.08
12 0 3 1 0 1 1 1 2 1 3 1 4 1 5 2 0 2 1 2 2 2 3 2 5
15 0 3 1 1 1 2 1 3 2 0 2 1 2 2 2 3 2 4 2 5 2 6 2 7 3 2 4 1 4 2
16 0 3 1 1 1 3 1 4 2 1 2 3 2 4 3 0 3 1 3 2 3 3 3 4 4 3 4 4 4 5 5 4
18 0 5 1 3 1 4 1 5 2 1 2 2 2 3 3 1 3 2 3 3 4 0 4 1 4 2 4 3 5 1 5 2 6 1 6 2
23 0 2 1 2 1 3 1 4 2 1 2 2 2 4 3 0 3 1 3 2 3 3 4 1 4 2 5 1 5 2 5 3 6 1 6 2 6 3 6 4 7 1 7 2 7 3
11 2
5 0
7 4
1 1
5 3
0 0 0 0 0 0 0 0 0 0 0 0 0 0
0 0 0 0 0 0 1 0 0 0 0 0 0 0
0 0 0 0 1 1 1 0 0 0 0 0 0 0
0 0 1 1 1 0 0 0 0 0 0 0 0 0
0 0 1 1 1 0 0 0 0 0 0 0 0 0
0 1 1 2 1 1 0 0 0 0 0 0 0 0
0 1 2 2 0 1 1 1 0 0 0 0 0 0
1 1 2 2 2 2 1 3 0 0 0 0 0 0
0 0 1 1 1 2 1 1 1 0 0 0 0 0
0 1 1 0 1 2 0 1 1 0 0 0 0 0
0 0 0 0 2 2 2 1 1 0 0 0 0 0
0 0 0 0 1 2 1 2 1 1 0 0 0 0
0 0 1 1 2 2 2 1 1 0 0 0 0 0
0 0 1 1 1 1 0 1 0 0 0 0 0 0
-0.0010207061
-0.4953306747
-0.6969151106
-1.2069667818
1.7375072178
1.0837031373
-0.4812987890
0.0994958688
-1.1070459188
0.6370232168
-0.0516465257
-2.3614480165
-0.5347900868
-0.0732311011
-0.3448297643
0.9831447876
-1.0094057276
-0.9403020716
-0.8655580012
0.7346660783
-0.5672315407
1.1622240662
-0.3038197968
-1.6030749698
-0.0462219009
0.5835508709
1.4492689725
2.1578729913
0.4413205711
2.2001661524
0.1939840490
0.1407929911
0.1884943250
1.3721882396
0.1313034960
1.0974268746
0.0186695184
-0.3655916883
-0.2464223861
0.9830562735
0.3057798083
-1.1748838061
-0.4267293371
-0.5630257825
-0.2914597516
0.8904484572
0.1720447529
1.7406381372
-0.9085801618
-1.9250979720
-0.6842956089
-1.7698162498
-0.6024361396
1.0137013053
0.2469292466
1.4344199064
-0.9594434353
1.2090078791
0.2857933111
1.4608771097
1.0827077592
-0.0350560972
-0.4383764135
-1.0300884574
1.0068582856
0.1707027025
-1.0774607482
-0.0535136386
-0.6616564889
0.5351006602
-1.6195322552
-1.4745239300
-2.8151807389
0.1529823713
1.4969868804
-0.1216371370
-1.0909563140
0.7642973697
0.8793495938
2.2264566249
-1.0125240109
-1.1158905544
-0.5523644025
0.2526493159
-0.3237490429
-0.6911159256
0.2199341969
-1.8146705859
0.0016394026
-0.1568246072
-1.6507785952
-1.3221715423
-0.5314960836
1.0482335765
1.2102041765
-0.1021199135
0.0523492923
0.3555466193
0.1123464386
-1.0461545811
0.4139036056
0.2156820966
-0.6289063370
-0.8630522660
2.2498101870
-1.6157354025
-0.1406367304
-0.0746608540
-0.8799149895
-0.4276095593
0.0311839467
1.4510450569
-1.8108103369
3.1014572651
-0.8638692649
-0.8641544920
0.7335701675
1.2692828594
1.4113491984
-0.7222044732
0.4274409414
-0.5381342663
1.4536573628
0.5553761827
-0.8652779800
0.4142145730
-0.4170842136
-1.1293921583
0.3908511912
0.6659534816
-0.5758252136
0.6375493339
0.9355745935
-0.4649296962
-0.0977812281
-1.2320157686
-0.3161573553
-0.9975297870
-0.6761289946
0.6908107674
-0.8129027910
1.4250037941
-0.8532503965
-0.5258485482
0.1579762768
1.0958802871
1.9384467534
-0.2946761966
-0.2403289322
0.3099154960
0.0038265269
-1.3029006731
-0.2779429009
0.4561681816
0.4580090055
0.2894794386
2.1820300672
-2.1158580976
-0.7404030852
0.7591931150
0.0716958625
-1.1938851995
-1.0300001295
-0.3897765938
-0.9861481950
-0.5775864537
0.0327627173
1.4326321369
2.1338375183
-0.7354475311
0.9528916017
1.5576701065
-0.1767769998
0.3529555337
0.4070495749
0.9282681507
-0.1868446236
-2.5843670953
-0.0703799046
-1.2623054260
-0.7878127905
-0.1942858821
0.0242367307
-0.9414772621
0.4107532070
1.6621613711
0.0947827924
-0.3295813409
0.3765873904
0.6178426776
0.7747259598
-0.9992783282
-0.1510810469
0.4548312477
-0.5306664229
-0.1422885764
1.4042079503
0.3813631076
0.8561372454
0.7640366508
-0.8049877983
1.6461553753
-0.1747612223
1.2263816601
0.1541357325
0.1736652708
1.2867192694
0.2848766494
-0.0578988318
0.2576109916
0.3217335025
1.1492459553
-1.1422723717
-1.2930212193
-1.5036460965
0.3818001993
0.3898362473
0.5852778287
-0.1852426969
-0.2688376349
0.8544820995
0.1964279323
-0.0270749727
-1.3009512882
1.0912620093
0.0210098509
-1.0894066422
1.3205341430
0.9125670186
-1.7450684878
-1.0512861480
0.7213628200
1.1474503273
1.2229702583
-1.1026268844
-0.7697339030
0.0289671259
0.1039420862
-0.2593013464
1.9013002858
0.4642142044
1.0469305420
-0.0516015971
-1.1620916372
-0.8541634386
-1.2153934365
-0.6885443774
-0.2066084847
-1.1393498328
1.2794793392
-0.8872482071
0.7263623463
0.9219414528
1.5134369815
-0.3704546653
0.6704784414
-1.2369422794
1.3013080081
0.1920184478
-0.8639280374
0.3840162105
-1.2024205450
0.9251523100
0.0532664196
0.1773635914
1.8297455431
-0.0705990005
0.4624342412
1.0565902139
-0.7232430542
-0.3059003816
-0.1426684311
-1.6038672063
-0.9739357111
0.5214079981
0.7471395167
-0.0914231348
-0.0758571534
-0.2216989848
0.1086863867
2.4722486924
-1.2458339933
-0.5078275033
0.3994543239
1.6537278461
-1.2192568569
0.8518807888
2.1935534181
-0.0293331844
-1.7463251348
-0.2995857358
-0.4580978801
-0.3013229579
1.0188024254
0.3106167618
-0.9947194274
2.8026871650
-0.1508584287
1.7250197258
-0.3815553735
-0.1383505716
2.1245542714
1.0212074907
-1.4653310924
1.1062316173
0.5121699806
-1.0615370383
-0.4225156033
-1.1083599160
0.0808866836
1.6862059726
-0.2928842927
-1.0020981241
1.3887840614
1.7770511122
-0.2228542627
-0.1232246089
0.7238973616
-0.7538511512
0.1114915737
-0.8062081604
-0.1640393425
-0.1967668943
1.0106506944
-1.2820296689
1.9125657495
0.0689030789
1.4995836869
0.2247064965
0.1922218279
-0.3782182869
-0.9603279253
0.7272589285
0.1831363078
0.4205486182
-0.9704263135
-0.4304868070
0.6367552705
-0.6495454588
0.2996730503
1.0169079928
0.3605432542
1.4048608019
-0.7870940141
1.2099404964
-0.2344041960
1.4040527329
0.7188193325
0.2672287628
0.3931865042
0.8008884970
0.4903481960
0.7374259497
-0.6157301485
0.9430701459
-0.0308680101
-0.6478459595
-0.0133260741
0.5529486772
-0.8635768893
0.2644268720
-1.1782644607
-0.2134218844
-0.2389209458
0.1811940253
0.2367618112
-0.7841045886
-0.4970353909
-0.4154269758
0.6820650957
0.4169937040
1.8019884313
1.4979194105
-1.6897255756
0.9903517378
-0.1572439759
-1.0782679060
-0.7210684743
0.4414837984
-0.4942107616
-0.7645453820
-0.0118624673
-1.0496574118
1.6751978078
-0.8127368455
-0.9002054313
0.4999318316
2.0363278091
-0.1980379377
1.7544665827
-0.2737740513
-0.5148375110
