19 17 0.08
4 0 0 0 1 0 2 1 0
4 0 0 0 1 0 2 0 3
4 0 0 1 0 1 1 2 1
4 0 1 1 0 1 1 2 1
4 0 0 1 0 2 0 3 0
4 0 0 0 1 1 0 2 0
4 0 0 1 0 1 1 2 0
4 0 1 1 0 1 1 2 0
4 0 0 0 1 1 0 1 1
4 0 1 1 0 1 1 2 0
4 0 0 1 0 1 1 2 1
4 0 1 1 0 1 1 1 2
4 0 0 0 1 0 2 1 0
4 0 1 1 0 1 1 2 1
4 0 2 1 0 1 1 1 2
4 0 0 0 1 1 1 2 1
4 0 0 0 1 1 1 2 1
1 4
0 13
0 14
16 7
12 17
8 3
7 11
3 17
4 11
14 2
15 14
10 6
3 2
0 16
6 10
6 7
10 8
0 0 0 0 0 0 0 0 0 0 0 0 0 1 2 1 1 1 0
0 0 0 0 1 1 1 0 0 0 0 0 0 0 1 1 1 1 0
0 0 0 0 1 0 0 0 0 0 0 0 0 0 0 1 0 1 0
0 0 1 1 1 0 0 0 0 0 0 0 0 0 0 0 0 0 1
0 0 1 0 0 0 0 0 0 0 0 1 1 0 0 0 0 1 1
0 0 0 0 0 0 0 0 0 0 0 1 1 0 0 0 0 1 0
0 0 0 0 0 0 0 1 1 0 0 0 1 0 0 0 0 0 0
0 0 0 0 0 0 0 0 1 0 1 2 1 0 0 0 0 0 0
0 0 0 1 1 0 0 0 1 0 0 1 1 0 0 0 0 0 0
0 0 0 1 0 0 0 0 0 0 0 1 0 0 0 0 0 0 0
0 0 0 1 0 0 0 1 1 1 0 0 0 0 0 0 0 0 0
0 0 0 0 0 0 1 1 1 1 0 0 0 0 0 0 0 0 0
0 0 0 0 0 0 0 0 0 1 0 0 0 0 0 0 0 1 0
0 0 0 0 0 0 0 0 0 0 0 0 0 0 0 0 0 1 0
0 0 0 1 0 0 0 0 0 0 0 0 0 0 0 0 0 1 0
0 0 1 1 0 0 0 0 0 0 0 0 0 0 1 0 0 1 0
0 0 1 0 0 0 0 0 1 0 0 0 0 0 1 1 0 0 0
0 0 0 0 0 0 0 1 1 0 0 0 0 0 0 1 0 0 0
0 0 0 0 0 0 0 0 1 0 0 0 0 0 0 0 0 0 0
0.7540861019
0.7636833263
1.1033514747
-0.6050451662
0.5279240278
1.8798687449
1.2054722075
0.6692726819
-0.2978757498
0.4181107993
0.5646333854
-0.1065974912
0.2099812923
-0.1947538868
-0.0413038302
0.3146183877
1.2942364582
0.2381506521
0.8377331063
-1.5012433039
-0.0104474553
-0.1590584723
-3.4718499309
-1.5130307242
-0.0558397821
-0.0154241530
-1.2330761942
-0.1154853552
0.3183508395
0.5120785121
-1.1889063747
-0.6786528982
0.6619120684
-0.1525519193
0.1544769162
-0.4790965960
-1.1820541657
-0.4334214039
0.0978541736
0.7498701552
-1.8087728132
0.4403326914
-0.0039106976
0.9361467122
-0.1898467894
1.2244972360
0.3809842401
-1.1838638011
0.7241974481
1.2034999304
1.7679798293
1.0257584292
-0.7412854304
-0.3166626931
1.1702409168
-0.5977434054
-1.2474101313
-1.7267114437
0.6499351068
-0.3686427393
-0.6109602458
-0.3398105749
1.0153121137
0.7010199429
1.9963656285
-0.4279882520
1.7510756895
0.1164655876
0.1297928019
1.0283923253
0.5650833536
1.4813979387
-0.0212134552
1.2799407012
-0.7418784094
0.6360635844
-0.2146526546
-0.8517002980
1.0938853425
0.3757404708
0.9464742949
-0.2588587730
0.1969939414
0.4962794007
-1.3737342627
0.9905648411
-1.3882789643
-0.6337534898
-0.5074867561
-0.1071201123
0.5067566679
-1.0004404295
-1.2329825031
0.7409891147
1.8083096550
0.9663916892
0.2634608185
0.3898856003
0.2617018240
1.4631585593
-0.6691035563
0.1351244478
-1.1820968058
0.2115994690
-0.7316610329
1.5749208021
0.6834836828
-2.1487182213
0.1973780862
0.4440718520
0.1569131150
1.5929644840
-2.0283910716
1.0596921290
-1.1006514943
0.8915697467
-0.1845618530
0.3573738417
0.3864469438
1.1633986074
0.8257729598
0.2713073454
-1.9092380697
0.4407978506
1.2272213051
0.0953915882
-0.9572295849
-0.8190342533
1.0490020482
-1.6470494249
1.0486174589
-0.2910586710
1.0305352734
1.5517219437
1.0443101429
1.5398815355
-1.1185739958
-0.1932776281
-0.1296602490
0.1808871753
1.7374778092
0.3329360897
0.4579007557
0.8708043732
0.8380967429
1.8081276493
-0.1611626698
0.6565914789
0.5364062152
-1.0153260455
0.1239343748
0.4680118140
0.4295402162
-2.8598094999
-1.4499224859
1.1717345223
0.6467726973
0.9230815585
-0.4145847737
0.2002563380
2.3878280700
0.6211964315
-1.7509403972
0.6038235364
-0.4192786590
-0.9353910199
-0.4356699868
-0.6023268079
0.5125229209
1.7001942990
-1.8009652600
-1.3903946680
-0.5310089941
-0.9430099924
-1.2712953932
-0.0952818190
-0.2978331101
0.2662729258
0.5277633575
0.8690232351
0.4929903949
-0.5307302932
0.2168814067
-0.2028124095
-0.2627863213
0.5935502165
1.8057050257
-1.0878022702
-0.2353429258
-0.0606635719
-1.2524816480
0.1948598059
0.9576281633
-0.8009971630
-2.3915830775
-0.8622083955
-0.1435437197
0.3880353542
-0.3860832264
-1.3877129109
-0.6409091776
-0.0128403430
-0.8510975527
1.0305369247
-0.4084198209
0.8948375886
-0.2715709891
0.4970773734
1.4691093013
-0.4565137154
0.1611540933
-1.0593427153
-0.0196700536
-0.5179780271
0.0169522634
-0.6832945795
0.9108245400
-0.7110348944
0.1060352681
2.2160204992
-0.6779957273
1.0772402760
0.5295837996
0.3103488859
-0.5087313995
-0.7831481691
0.4258716629
0.2876116616
0.1352809359
-1.0178058966
1.2173535583
-0.6138160025
0.2406915337
1.6276523211
0.8545027950
0.3379642902
0.2640641785
0.8509882424
-0.2407172396
1.4078294641
-1.3390398992
1.4257784175
-0.6745303437
-0.7365420422
1.0785869614
-0.0367769586
0.1481947991
0.6944289580
0.0208394348
1.3354686691
1.0722056972
0.3157697870
-1.7146686567
-0.6121847455
-1.6515585180
2.3761238239
0.4009326400
-0.1973327175
1.2936824647
0.6404571064
-0.6819576738
-1.6981164950
1.8352748648
-1.1028909942
-0.0683440900
1.4258081542
0.6821733738
-0.9391199407
-1.6524714898
1.5980188335
-1.4916477525
-0.3214258204
-1.0585601169
-0.3877130607
-0.7522355102
-0.2680459404
-0.9459555256
-0.4133389726
-0.8793151701
-1.1922900621
0.1662281290
0.8369421456
1.1216761066
-0.2292250773
-1.3341964197
-0.0358655089
-0.4354105105
0.8188177407
-0.1060597189
1.1041159609
0.8207151618
0.0936041022
1.1090072792
0.3823742644
-0.1973931555
-0.1841966597
0.8773433071
0.1048006597
-0.3158699829
0.0788192708
-0.0158899389
-0.0569331637
1.2492827177
0.0274456135
1.1757377870
-0.9745481720
-1.5798442795
0.9225879868
-0.3309443857
-1.4356963668
0.1492352338
1.2980790570
-1.4720394943
-1.3133511382
1.6082315100
-0.9201666219
-0.4535372791
-2.2271423026
-1.4489275248
1.0269717932
0.6670946472
0.7887832457
-0.7883920575
0.4354190136
-1.0583944195
1.0318337842
-0.8390168046
-0.1652807856
2.2746155900
-1.3061075626
0.1153600377
0.5546918958
0.5912050414
-0.0497763770
-0.8730371148
-0.6127546705
-0.2578405777
2.0726211797
1.6343182754
0.6060287226
0.5738879219
-1.2577652555
1.6966961357
0.1041990942
0.0647064653
0.1331654803
-0.0452996873
-1.1529760460
0.9799835680
1.0513350375
0.5584683156
0.9777335206
0.0261146396
0.0987469973
-0.5821320555
0.5859296745
0.3837893705
0.6139843331
-1.7366714754
1.7665502010
-1.3566016540
0.1769387813
-1.1239018335
0.4710776618
1.7081967443
-0.3339125674
0.1711549208
-0.6114024045
0.9507060394
-0.4739682260
1.4286597980
-1.5837454829
-1.5350502998
-0.3280154309
0.8313688288
0.3131335031
-1.0601107626
1.9836661081
-0.1398331793
0.2230846578
-1.1571084475
1.2450336127
-0.0890712134
-1.5773560430
-0.0313486556
-0.4064219513
0.1833754467
-0.2901165478
-0.3131142865
-1.1409281214
-0.9108812137
1.6201635194
-0.0748469204
0.5965130154
-0.7882483471
-1.8764134468
-2.5964496997
0.1552525578
-0.6504874576
1.9222405922
-2.3822798792
-0.8710126373
-0.3527396587
-0.1190450227
2.3242902813
-2.5646548097
0.2784067339
-2.2667729291
-0.2222382917
2.0951877275
0.4496117401
-1.7562784252
0.8890960975
-0.0773496400
1.3483377786
1.7286444488
0.3014092333
1.1671246889
-0.8800538593
0.6390618058
1.0553303704
-0.6065509889
1.0834447706
0.6417793770
-0.8499510054
0.8490318213
2.7461015336
0.0929301524
-0.2134068141
0.4023662247
0.2928406511
1.1561507706
-1.0985810428
0.9874172749
-2.6127906801
0.0408208999
-1.1910274675
-1.0935740441
0.4669747883
0.7155100502
0.2810734081
-0.2530360636
-0.4113324991
0.5111256717
0.2198164633
0.6193689004
-0.1078093414
0.8236434975
0.5044782151
0.4273083142
0.5370520434
-1.4705776916
1.2199061794
0.6287340930
0.2156331268
-1.0322272286
-1.0820701473
0.1512694678
0.7225260671
1.3294512722
-0.1003542574
-0.0811527947
0.8755642398
-2.4122618962
-1.0340354978
1.4120376441
0.9816010080
-0.5710589245
-0.7877243560
-1.4405520645
-1.9844713314
-0.1530337122
-0.0201518498
-2.1073072020
-1.8330294041
-1.9481928632
0.1991578328
-1.3548367388
-0.0630902983
1.8739935161
0.0435490464
-1.3005868442
-0.3237182638
0.7003658672
-0.0708641056
-1.0869560314
1.7265450030
0.7396102853
0.0309621292
0.2844517133
0.8901534066
0.5861944928
-0.5106829102
0.5722481763
-0.3642587992
0.9278347970
-1.2247902306
-0.6585699328
-1.7407064984
0.2928459645
-1.1508023523
0.5708565022
-0.4633475850
0.0606018358
0.0366928886
-0.7998140555
1.7426865784
-0.8202268309
-1.3573599781
-0.4668921873
2.0262994202
-0.1308047281
-0.0523454245
0.8732959354
-0.7631579495
-0.0055383783
-0.3246322894
0.3486837495
0.1315400190
-1.6569658670
1.9884179082
-1.0564700035
0.0761654412
-0.2251982733
0.2206951914
1.0331123310
-1.1955756804
0.8323867140
-0.0081087506
0.1781634611
-2.1747552141
-1.4712037891
3.3063953134
-0.4962675036
2.0289919987
-0.1634084661
-1.7806344931
0.2191992960
-0.2369667333
-1.1669781241
-0.5217856348
-1.8229914761
-0.5282945587
2.3174767243
0.6523441496
-0.1345991444
-1.9245394458
0.8012873134
0.1588654708
1.5376643161
0.0821932408
-0.2104277252
0.7541354293
-1.5782808254
1.8208483795
0.8562329340
-0.3975579597
0.4132901857
-0.3436497781
2.0152316478
0.5013406969
0.9310751101
0.5426396217
-0.2005700556
0.3741367787
0.3995878093
0.9405419026
-0.4666535900
1.3114850053
-0.9189372044
-0.4958841539
0.3943796250
1.6309699880
1.2650956768
0.2976771179
-1.0623868033
0.4144846189
0.1744035677
-0.5995552296
0.1616601627
0.6528835236
0.6575322319
-0.5880310950
0.8450256182
1.3234800654
1.0556662762
0.2194461777
0.9763004553
0.8411750728
0.1481624704
0.9443297345
-0.7486429969
-0.9097359542
1.2944453055
-0.2364400656
0.0969528895
-1.1709947661
-1.5578796335
0.1021602285
-1.7249668080
-0.5127981791
0.0196733527
0.1847752314
0.3224760454
-0.0495272325
0.5993540390
0.4380498745
-0.6673917397
-2.0936590185
-0.4179089356
0.5695180376
-1.5166292963
-1.0803734529
1.4813444061
1.1978148898
-1.6341760163
-0.3020090528
1.5372445520
0.0263749218
0.1419493971
-0.5042551887
-0.0013932430
1.7968238935
-0.0085066173
1.8689589011
-0.3289636265
-0.3932292861
-1.0035595230
-0.2419969770
-1.4565872060
-1.2300646048
-2.5919834044
-0.6542770959
-1.2171958218
-0.9643405421
-0.3157649741
0.4022360701
1.3559043517
0.0982158660
-0.2303055695
-2.0634214100
2.3225175130
0.3643795870
0.4014929993
-0.2165505284
-1.0872782428
0.4572499878
-2.7750365531
1.8201242188
-0.8262924853
-1.5706723466
-0.4243559437
0.1098795791
-0.8496587950
0.9257865483
-1.1351773758
-1.1450780954
2.8557178407
-1.0246121118
-0.6492103368
0.1320328177
-0.6573121087
1.3400296453
1.0736181314
-0.5103946942
0.1136764307
0.4373438921
-0.8372795213
-1.0196587410
1.0582918319
0.8278446037
-0.1874473988
0.8266011721
0.7896369121
0.9789286087
0.0683829383
-0.8650528822
0.5732949509
1.1388560399
0.6669517566
-0.0396261281
0.4226805838
-1.7839859920
1.8533794211
-2.1194156560
1.8892880023
0.1533511755
0.0828630039
-2.3040660944
-1.4330823514
0.0720344873
-1.7004426130
0.3295350839
-0.5320200496
0.5491404736
-2.1271076466
-0.8530102504
0.6320045112
-0.7555078860
1.4583621508
-0.7173952354
1.2081652118
0.5444807525
-1.1226260900
-0.2636457311
0.9593028627
-0.1127325981
2.4944690824
-0.0990678170
-0.1985602489
1.4107536334
-1.1244646402
-0.2347583628
0.4485746897
0.3808062616
-0.3209567737
0.5030472073
1.4992361739
-0.2472060374
0.0137529020
0.1208917248
0.5336882077
