12 3 0.09
19 0 0 1 0 1 1 1 2 1 3 1 4 2 1 2 2 2 4 2 5 3 0 3 1 4 0 4 1 4 2 5 1 5 2 5 3 5 4
13 0 0 1 0 1 1 1 2 2 2 2 3 2 5 3 2 3 3 3 4 3 5 4 3 4 4
35 0 0 0 6 1 0 1 1 1 2 1 4 1 6 1 7 2 2 2 3 2 4 2 5 2 6 3 0 3 1 3 2 3 3 3 5 3 6 3 7 4 3 4 4 4 5 4 6 5 1 5 2 5 3 5 4 5 5 5 6 6 2 6 3 6 4 6 5 7 4
6 1
1 1
3 1
0 0 0 0 0 0 0 0 0 0 0 0
0 1 0 0 0 0 0 0 0 0 0 0
0 1 1 1 0 0 0 0 0 0 0 0
0 1 0 1 1 0 1 1 0 0 0 0
0 1 1 2 1 2 1 1 1 0 0 0
0 0 0 1 2 2 1 1 0 0 0 0
0 2 1 1 1 0 1 1 1 0 0 0
0 1 1 1 2 2 1 1 0 0 0 0
0 0 2 2 1 2 2 1 0 0 0 0
0 1 1 1 1 1 1 0 0 0 0 0
0 1 1 1 0 1 0 0 0 0 0 0
0 0 1 1 1 1 0 0 0 0 0 0
-1.3121485950
0.1164271109
-1.0591610348
-1.4820162815
-0.2336352458
-1.0316187520
-1.6505389545
-0.6356814726
-0.2885003474
-1.4772069673
-0.0475702118
0.5927671814
0.5490760863
-0.8598426675
-1.4966061176
-0.8830223529
0.0909489878
-1.2223215950
1.9350218701
-1.4570524935
2.6562399652
-2.1734862915
-0.6393261747
-1.5161888913
0.6650468921
0.1150564453
0.7212351462
-0.4971397124
-0.4620726478
-1.1208390910
-0.5174893067
-2.5462914302
0.0458920519
0.0844623929
0.2687864863
-0.7411299012
0.0626452433
0.3743432187
-0.7989299981
1.8524054007
-0.4794005497
0.1430573666
0.5053885310
-1.4683790491
-1.1104491521
0.0257434730
-0.0212402671
-1.0796442447
-0.2878650551
0.9722818398
0.8897037281
1.6661930150
-0.9141423154
1.2188745167
-0.1916201809
-0.2874189093
-0.2009854044
0.0862887982
-0.7655486006
0.1920448437
-1.1190089664
0.7631235380
0.3500925284
-0.1716460403
0.7538178518
1.7233134741
1.2162590629
-0.1392071435
0.7998124071
-0.5527908329
-0.1310648354
0.3873011414
-1.7111498414
1.0066946218
0.0724960297
-0.6652283134
0.5120804222
0.2423358541
1.1618051344
-1.0257161188
-2.1742939019
-0.1941758924
-0.8438414137
0.5787933622
1.0398380662
-0.4133465313
-0.6345826032
0.2073769716
0.0863823476
0.7566616911
-0.0933098160
-0.8378087451
-1.0048391220
0.3623439572
2.3592208527
0.3557137866
1.4771726295
0.7072759026
0.8716145832
0.7003096796
-2.0847185504
0.3765698336
-0.4817732960
-1.2984241091
-0.8289929821
-0.2281815140
0.5597804531
0.1629662434
0.3394622565
-0.9854609969
0.4474466850
0.4759810904
-1.7042835519
0.7005225283
-0.3776726667
-2.1673388759
0.2032253680
1.4872949146
0.2522711703
1.0316238780
-0.1722091219
-0.5025344097
-0.0672164666
-0.6341889176
-0.0715325371
0.6667755602
-1.5442139027
-0.0028432862
0.3086284400
-0.6864904473
0.1612234448
1.1612158615
-2.0915812154
0.3944191165
1.5248907118
-1.2558719125
1.6439750209
-0.5056287158
0.4367773169
0.7119098249
0.5522324897
-0.0501963393
0.3487013891
1.0492098102
-0.0353327226
0.2809367182
-2.1439101853
0.1181037993
-0.5034386292
-0.4411405938
0.9385264410
-0.2296388131
0.5638572909
0.9078016097
0.9463593059
-1.4705040041
-0.4372498911
-0.1610052669
-0.6546336564
0.6312484177
1.0498813557
0.0247220337
-1.4443701917
-0.2154160448
1.6540078148
-1.3158208510
0.5175527545
-0.1426168048
0.2453471735
1.9094917640
-0.1715304107
1.3940191671
-0.9973221944
-0.8418189811
-1.4867483354
-1.0891104548
-0.1712601357
-1.8391643532
1.6336878802
1.9118532575
-2.3026300588
0.1350405977
0.1002760470
0.0371329279
0.4399912207
-0.5739732823
0.6151166466
-0.6480062050
0.8709063658
-0.4292001055
0.0587920544
-0.1576077129
0.3014290887
0.4224069550
0.1969047026
-2.3205678472
1.3119680080
-0.1115267012
0.1268470729
1.7107667450
-0.9099144925
-0.2513282354
1.0287086197
0.1435220127
-1.1767592774
-0.6328036350
1.0851753738
-0.7380745958
-0.8423471162
-1.3341894199
-0.2359047596
-1.2186983607
-0.3970799012
1.1063365925
1.4332484996
0.5554180161
1.4517819953
0.2522189089
-0.5574200284
1.0207953632
-0.2029735033
0.2231392043
-0.5481142879
0.4224068231
-0.7081596134
1.2848594826
0.7903188449
-0.0159163061
1.0135583365
-0.8657067186
0.2745191373
-0.7445785751
2.1002360052
0.0086791372
-0.8184774849
1.1552217946
-0.2392861398
1.4196330213
0.4548437552
1.1806456062
2.3019309714
2.0870711987
0.9693893221
0.1804931366
0.3902196037
-0.1121408914
0.1815441743
-0.9650417452
-1.1492851486
0.5176598177
-1.5912841317
1.8930129338
-0.0214162777
-1.7532947714
1.2025194848
0.5617977427
-0.9990554461
0.9505761499
0.3344241763
0.0315309585
0.5341765710
-1.4536928685
0.3482710515
-1.3361820293
-0.4752260179
-0.2046388534
-1.5521965957
-0.6852355349
-0.4262083823
-0.9553332394
-1.1726734637
1.9969646682
0.1281264877
-1.0779953031
-2.4097010231
0.6663470078
-0.0266691081
-0.1146405602
0.6145064046
1.3075890826
1.5164606444
-0.2673334445
2.1310420915
-1.3934783295
-1.9827757028
0.5200663021
-2.4164721617
-1.5665991565
