15 5 0.04
11 0 4 1 3 1 4 2 0 2 1 2 2 2 3 2 4 3 3 4 3 5 3
13 0 4 0 5 1 3 1 4 1 5 2 2 2 3 2 4 3 1 3 2 4 0 4 1 4 2
8 0 0 0 1 1 0 1 1 1 2 1 3 2 2 3 2
8 0 2 1 0 1 1 1 2 1 3 2 2 2 3 3 2
12 0 0 0 1 0 2 0 3 1 0 1 1 1 2 1 3 2 0 2 1 2 2 3 2
7 9
4 8
8 3
0 8
3 0
0 0 0 0 0 0 0 0 0 0 1 0 0 0 0
0 0 0 0 0 0 0 0 1 1 1 1 0 0 0
0 0 0 0 0 0 0 0 0 0 1 1 0 0 0
1 1 1 1 0 0 0 0 0 0 1 0 0 0 0
1 1 1 1 0 0 0 0 0 0 0 0 1 1 0
1 1 1 0 0 0 0 0 0 0 0 1 1 1 0
0 0 1 0 0 0 0 0 0 0 1 1 1 0 0
0 0 0 0 0 0 0 0 0 1 1 0 0 1 0
0 0 0 1 1 0 0 0 1 1 1 0 1 1 0
0 0 0 1 1 1 1 0 0 1 1 1 1 1 0
0 0 0 0 0 1 0 0 0 0 0 0 1 0 0
0 0 0 0 0 1 0 0 0 0 0 0 1 0 0
0 0 0 0 0 0 0 0 0 0 0 0 1 0 0
0 0 0 0 0 0 0 0 0 0 0 0 0 0 0
0 0 0 0 0 0 0 0 0 0 0 0 0 0 0
-1.2452752318
-0.7660404490
-2.1907931572
0.5878747966
0.0276544065
-0.4114512673
1.3111660478
-0.1692945781
-1.4873601436
-2.3320560894
-2.1273787933
0.4468025351
-1.6005794555
-0.6264970776
-0.7321478548
0.5856210665
1.1363803556
0.2270145122
0.3494973907
0.1354930597
0.1435450872
-0.3010074696
0.1777564839
0.8367709935
-0.8471522990
-0.4428194347
0.1642392327
-1.3658983978
-0.3518471020
0.1489873553
-0.7014765817
-0.5137384714
0.5464867465
0.2940487496
-1.2335257553
1.5874439043
-2.0036893309
0.6647771836
-0.0165634129
0.0023186966
0.0726530636
-0.1099194121
-1.0718140904
0.3171413891
1.6218093377
1.1780644188
-0.9383681460
-0.3294802409
-0.4906665850
-0.1608120258
-1.8526655813
-1.9988750649
0.3135253345
-1.6913943813
1.0005492712
-0.9548691758
0.7931267342
-0.5470784162
-0.2915732998
0.7883424444
1.0261302520
-0.6933969187
2.4387905872
0.6823121322
0.4139757633
-0.5710510193
0.4723672014
0.4474113717
-0.5185286529
-0.6581209205
1.3345416293
-0.9344714468
0.2670215274
1.4020972036
-1.1665123629
-0.7702543503
0.4183066843
-0.7714606178
-0.0290603755
-1.2861597533
-0.6838504910
0.5538882678
-0.4381086585
-2.2605624210
0.0111710605
0.2783096084
-0.1001356701
1.5786390966
-1.6255287498
0.0647382214
0.8416187937
0.2930975661
-1.1693101310
-0.2828846154
-0.7506786558
0.2941063391
0.2995904797
0.5235828699
-1.1551425337
-0.5197929506
-0.1789384201
-1.7087965511
0.0562128919
-1.4301503133
-1.0698111334
0.4826935666
0.9177436244
-0.2823082968
-1.1564463719
-1.4489541930
2.4974380553
-1.7254401127
-1.0842534950
-0.3206941108
0.0885759094
0.4433376753
1.1428679318
1.1386497346
0.0824144435
0.6563250347
0.2980858475
2.1922348136
0.9859997797
0.8797780841
0.0903857883
1.3735663583
-0.0130230646
-0.1748061065
-1.1229231862
0.1004051245
-1.7438363118
0.8158329417
1.1782769589
-1.9890909349
0.1631671406
-0.5292149796
-0.1043988687
-0.5868174036
-1.9088387094
-1.5995939220
-2.0759746047
0.8554314522
0.8689140535
-0.7387506391
0.6731296515
-0.2495539264
-0.6188730219
0.4033075361
-0.9325593352
1.6927153140
1.5951164002
1.6898083090
0.1064724050
-1.9299501663
0.4458354665
1.0920868659
-0.7274059556
-0.9709131224
0.3386276724
-0.8847351775
0.2505076733
-0.6508199468
0.7153134217
-0.2725107982
-0.2373858951
2.0437004687
1.3528630584
0.4210682348
0.1300627751
2.7157100454
0.0543628891
-0.1011743581
-1.2300778647
-0.0936342300
1.0630671457
0.6066100853
0.4065435212
1.6946284144
-0.1869656488
1.5149010867
0.0061580025
-1.0205415856
-0.0620742268
0.3318200599
2.7672507865
1.3523825481
1.9544300976
0.7232832575
-0.8690857654
1.2324018357
-0.3742129028
-0.3142801347
-1.6428211247
1.5295987496
0.6367091232
-1.3207013623
-1.5737293389
-1.4362805952
1.5866409179
-0.9333153372
0.5028949825
-1.0163383056
0.6649576988
-0.5129562091
-1.5809783865
-0.5949339661
-0.2727847375
1.8428849493
0.4301379580
1.5398448046
0.6794170952
-1.6875413986
-0.3617511833
1.0085754610
1.6964371030
1.3421584386
-0.3913439143
-0.4252856112
-0.5150331530
0.1607913805
0.6573272610
-0.8423563010
1.2874242951
0.7780791142
1.8411455155
0.4830313981
-0.5135897852
-1.8958726029
-0.2616371611
1.8832310096
-0.5320496628
-0.1102757174
-1.8638304143
-0.8649432874
-0.3785298988
-0.5405556354
0.9794373407
0.0432611750
-0.4243642836
1.5572461389
0.1593676564
-1.1861941995
2.6894938024
0.1107975467
0.3827229019
-0.4585011037
-0.9874859736
0.3920238848
1.1511402254
1.2804452011
0.9489444872
-2.1127402632
0.7946910873
1.0320795794
0.8750804537
-1.7670698631
-0.4035475842
-0.9332416570
1.0237793033
-0.7217181399
0.5367874688
-1.8093788923
-0.3182477677
-0.3484045543
-0.6022526123
-1.0800514912
0.9237901523
-0.4754306023
1.0791012012
-0.7495197856
0.3788798988
0.6315378869
-1.8185962867
-0.1191420876
0.6728316712
0.2855606813
-0.2195368029
1.5822966289
0.7571182776
0.8944668749
-1.1596969498
0.0813073994
-0.6806697597
0.5494738752
-0.2923738881
0.6858811630
-0.5415758614
-0.9341417670
-1.9306417890
-0.6904816091
-1.3426783708
0.7329395564
-0.5556525116
-1.2331223029
0.5257272994
-1.3195172813
-0.1942575260
-1.0404230175
-0.7554084001
0.4247356572
0.9823120487
1.1453585555
-1.5556546736
0.6539290986
-1.1563654407
0.2806970802
-0.4178114242
0.5286329289
0.6435698249
-2.5117602318
-1.2804141089
-0.5706223474
-1.4291441183
0.6585202440
-1.2516751998
0.4651292177
1.3372204618
0.0315599641
1.1015761004
0.0150035614
-1.3645847634
-1.7467415059
-0.5148658595
-0.5397867390
-0.8656156965
-0.0672120451
-0.6899679982
0.1155175721
-0.1167110600
-0.1336490703
-1.4896926140
-0.8842255688
-0.9464258973
0.3383841349
-0.4551615635
-0.2213367682
-0.1763527078
-1.9669365480
-0.1444667331
0.2216179178
-2.3973837944
0.6643095988
0.5789606221
0.9874408848
-1.5905974132
1.0127185347
2.0663732015
0.4146566286
0.3516997463
0.8215999638
-0.2653270857
1.5040622633
-0.7797278001
0.9163350595
-0.5959765372
0.3138605626
-0.7415585282
1.3674246445
0.9355047142
0.7160952018
0.2951673869
-0.4291743895
-1.1356573383
0.8479501490
1.6327732303
0.2176864754
0.2303084177
1.1191860449
0.3854466817
0.2687909327
-0.9690176468
-0.1764999959
0.5317372342
0.1568014705
0.3185656912
0.0965493838
-0.4737578906
-0.1566530599
-1.1219090759
0.3928765589
-1.5504887107
1.0566866949
1.9922772002
1.3977514728
-1.1679244924
-0.3079637906
1.2658017767
-0.5791099407
-1.2483691035
1.0160953913
0.1316609095
2.2368204745
-0.1951115127
0.5340383015
-0.4720481051
0.0727080755
-0.3422793514
1.8711297460
0.4977753094
-0.0507596388
1.0138215251
0.3124482823
-0.1834192809
-0.1455095694
0.9383821543
0.2558104445
-0.0606419943
-0.6770464084
1.9779179134
0.0549615682
-2.2901580039
-0.4423929424
1.6742777055
-1.9402516132
0.4313194796
2.9237845125
0.3418582343
-0.3609434879
0.0659688725
-0.7424878619
-1.4443358708
-0.9592382571
0.2861563331
0.5342747908
1.3605648526
-0.8444413811
0.0484392487
-0.9690517816
-1.4640007209
0.8886349833
0.6328348064
-0.0358504573
0.5825298595
0.0918997690
0.4863900076
-0.1749063173
-0.9208433397
0.2363270679
-0.9371210387
-1.2140476150
-1.9069321627
-0.2307052918
0.2661989535
-0.7894416487
0.3313845079
-1.4426170934
-0.4212295503
-0.8556787383
-0.9963524964
-0.7462896270
