13 8 0.04
10 0 2 0 3 1 0 1 1 1 2 1 3 2 0 2 1 3 0 4 0
10 0 2 1 1 1 2 2 0 2 1 2 2 3 0 3 2 4 0 4 1
7 0 1 1 0 1 1 2 0 2 1 3 1 4 1
7 0 4 1 0 1 1 1 2 1 3 1 4 2 3
10 0 0 0 1 0 3 0 4 1 1 1 2 1 3 2 2 2 3 3 2
10 0 0 0 2 0 3 1 0 1 1 1 2 1 3 2 3 2 4 3 3
7 0 1 1 1 2 0 2 1 3 0 3 1 3 2
5 0 0 1 0 1 1 2 0 2 1
8 4
3 7
2 10
6 7
9 7
5 7
8 2
1 7
0 0 0 0 0 0 0 0 0 0 0 0 0
0 0 0 0 0 0 0 1 0 0 0 0 0
0 0 0 0 0 0 0 1 1 0 0 1 0
0 0 0 0 0 0 0 1 1 1 1 1 0
0 0 0 0 0 0 0 0 1 1 1 1 0
0 0 0 0 0 0 0 2 1 2 1 1 0
0 0 0 0 0 0 0 2 1 2 1 2 0
0 0 0 0 0 0 0 2 2 1 2 2 0
0 0 0 1 0 0 1 1 0 0 2 0 0
0 0 0 1 1 1 1 2 1 0 1 1 0
0 0 1 1 1 1 0 0 1 1 1 0 0
0 0 1 1 2 0 0 0 0 1 1 0 0
0 0 0 0 1 0 0 0 0 1 0 0 0
1.0487550879
1.8611941942
-1.3721885179
0.2345555740
-1.3151886301
1.4526060946
0.8740569365
0.5058584391
-0.1468710942
-1.4944394720
-0.2899875424
0.0602938772
-0.3996342245
1.3691712644
0.8531794584
-1.3017361255
-1.0266541511
-1.1892724014
0.2580060993
0.2265627323
-0.0347447637
1.1611341476
1.4319804076
1.1739501039
1.5577392846
0.6516336281
0.0132288048
0.1502058829
-0.3597237922
1.9829265605
0.6577499521
0.6678463054
0.5756596593
-1.6120110044
-1.7843732280
-0.5462178712
-0.8973636475
0.3399975998
1.3362752889
1.1444573432
0.0581157964
-0.9408073988
-2.2168230939
-0.5298962657
0.3686514855
-0.0465745360
-0.5489582889
0.7994644749
-0.2311091203
1.7301269658
0.4373802910
-0.2394141710
1.3924056616
0.0472173566
-0.8973042726
-0.0622380217
0.8610962732
0.5340835795
0.2940405702
-1.6510142535
1.5911140967
-2.9555961811
-0.5923548092
-0.4825289934
-0.0195939979
0.0699828249
-1.3496485870
1.6109071836
-0.7628498764
0.9780701901
-0.3645991594
-1.0298146112
1.2440363438
0.4538119660
-0.3504989999
0.4032412357
-0.3107017696
0.7655725482
0.7658961958
1.0827262078
0.0621812936
-2.4107804300
0.0473679920
-0.8758626082
0.5301626997
-0.7207546075
0.0427574719
1.2485600724
1.3453375996
0.7374836465
0.3015487279
-0.2594813914
-1.7252187863
1.1553130852
1.6745356105
0.8612941161
1.3886346310
1.1653159007
-0.0969194303
-0.6910105862
-0.7739711929
1.4408939934
-0.8525648574
-1.3579656127
-1.1433723551
0.2610128909
-0.8390541469
-0.6541089234
1.3334001723
-1.8489412324
0.5210569370
-1.5658051275
-0.3180268737
2.5684812719
0.5543911618
0.2465133371
-0.5322571441
1.6308454308
-0.0310368006
0.8065008405
-1.0712977168
1.1195054686
0.8682940827
-1.0767060454
-0.4460584898
0.8816922645
-0.0964190491
0.4640131584
0.3602643282
-0.0147138556
1.9572257379
0.5337856060
1.3652519919
-1.8682306769
0.3130508185
-0.3235952765
0.4238697557
1.1177285558
-1.2246599632
-0.2181836786
-2.0185137281
0.9623388248
-0.2658414875
-0.4506886519
0.2224643779
-0.3675989194
-0.2184515411
0.3079909620
0.3154206987
0.3262678456
-0.4244952008
-0.8214903680
1.2656150098
0.6838913393
-0.3500756189
1.0690220857
-0.6694843846
0.2509701577
1.6739803765
0.6800643707
-1.3448516328
-1.9170476174
-0.1899402648
-0.2394105569
0.3124209468
1.5568129193
-1.4939833572
1.1810991362
-0.0590325526
0.2729654477
0.8255743593
1.1275232785
-0.8846783025
0.5090104804
0.4147657431
0.1687893333
0.3616807357
-0.0774173743
-1.7981869911
1.5623013619
-0.4649147522
-0.9306371244
-0.2197540489
-1.3514885789
-0.1924731238
0.2334553498
0.0737121733
1.2768426488
0.6508759185
-0.3641280747
0.6566133567
-1.4181002908
-0.0794938961
-1.8440963539
0.5556064172
1.3170389059
-1.0952269085
1.6656650701
-0.0540495911
-0.6197996599
-1.0877020497
-0.8810821372
-0.7144846267
0.2037936324
0.8067724545
-0.4214708938
-0.1850912982
-0.5995046207
0.0593152469
-0.1277326491
-0.2934831939
-1.1075876485
-2.4594567410
1.3502254467
1.5573793816
1.0869462294
0.4976552448
-0.4848971941
1.1124548677
-0.2244081324
-0.0923613892
0.0575885015
-1.2828991277
-0.3008914150
-0.2712348668
-1.5367133960
1.2066622812
0.1613910994
2.0230554173
1.6366347611
-1.3371972428
-0.2665460524
-1.2004141107
1.0342325819
-0.9998415948
-1.0872172256
1.2221664131
-0.0622061977
-1.2509318374
-0.0622905754
-1.1351053182
1.0622306749
0.7185945367
0.7710164972
-1.5329731834
-1.2687265108
-0.3294729086
-0.9649025791
-1.0496361696
1.1328951187
0.7029878011
-0.0179155305
-1.0341366019
-1.4834017682
0.5891141240
0.2600217893
-0.2720956836
0.8354427636
1.3345797041
0.4316217748
-0.3775375605
0.1984500572
0.3508065396
2.4231552009
-1.0604086816
0.5820519406
-0.6807266890
0.4867701042
-0.6531537747
-0.6428875110
-0.1288716098
-1.5854202894
-0.4487485948
-0.4526710375
0.6404684926
0.7830830304
1.0366626166
0.3095944821
-0.4649103014
-0.1743486183
-1.1935229392
-1.8744706781
0.4305046898
0.6155403346
-0.6946028499
-0.7657350795
-0.1200797486
0.9187539089
-0.1222166005
1.4799995083
0.2820128774
-1.4970982958
-0.5027993818
0.6793410677
0.0390414892
2.2029631300
-0.8358253609
0.8430375991
-1.2212273031
-1.4155351783
-1.1499922191
-0.7612445968
-0.6000320141
0.1602142751
1.0747537640
-0.2651485027
1.0159407689
-0.8486861701
0.3950942727
0.0499140668
-0.0923763080
0.5944970388
0.8343673624
0.3503236795
-0.7086841473
-0.1749405353
-1.4133546632
1.9063108632
1.1323916219
0.0269798798
1.5109810282
0.5410167927
-0.5518851429
0.0016744774
1.4845029782
-0.3950119430
-1.6456554805
-2.0042350744
0.0837392898
-1.1367528769
-0.2099802793
0.2797255520
0.6312625247
-0.0810009863
-0.3159839502
-0.1183742057
-0.7381650261
-0.9124567775
