17 4 0.17
37 0 1 0 3 0 4 1 0 1 1 1 3 1 4 2 1 2 2 2 3 2 5 2 6 2 7 3 0 3 1 3 2 3 3 3 4 3 5 4 2 4 3 4 4 5 2 5 3 5 4 6 2 6 3 6 4 6 5 7 2 7 3 7 5 8 0 8 1 8 2 8 3 9 2
24 0 4 0 5 1 3 1 5 2 0 2 1 2 2 2 3 2 4 2 5 2 6 2 7 2 8 3 2 3 3 3 4 3 5 3 6 3 7 3 8 4 3 4 5 4 6 5 6
20 0 1 0 2 0 3 0 4 1 0 1 1 1 2 1 3 2 1 2 2 2 3 2 4 2 5 3 1 3 3 3 4 4 0 4 1 4 2 5 2
22 0 4 1 4 2 3 2 4 2 5 3 1 3 2 3 3 3 4 3 5 3 6 4 2 4 3 4 4 4 6 5 0 5 1 5 2 6 0 6 1 6 2 7 2
3 6
4 8
0 8
2 1
0 0 0 0 0 0 0 0 0 1 1 1 1 0 0 0 0
0 0 0 0 0 0 0 0 1 1 1 1 0 0 0 0 0
0 0 0 0 0 1 0 0 0 1 1 1 1 1 0 0 0
0 0 0 0 0 1 0 1 0 2 1 1 1 0 0 0 0
0 0 0 0 1 1 2 1 1 2 2 0 1 1 0 0 0
0 0 1 1 1 1 1 2 1 1 1 2 1 2 0 0 0
0 0 0 1 1 1 1 2 2 2 2 2 1 1 1 1 1
0 1 1 1 0 0 0 0 1 1 2 1 1 1 1 1 1
0 1 1 1 0 0 0 0 1 1 1 1 0 1 1 0 0
0 0 0 1 0 0 0 0 1 1 1 1 0 0 1 0 0
0 0 0 0 0 0 0 0 1 1 0 1 0 0 0 0 0
0 0 0 0 0 0 1 1 1 1 0 0 0 0 0 0 0
0 0 0 0 0 0 0 0 1 0 0 0 0 0 0 0 0
0 0 0 0 0 0 0 0 0 0 0 0 0 0 0 0 0
0 0 0 0 0 0 0 0 0 0 0 0 0 0 0 0 0
0 0 0 0 0 0 0 0 0 0 0 0 0 0 0 0 0
0 0 0 0 0 0 0 0 0 0 0 0 0 0 0 0 0
-0.2066994061
-1.3789212788
-1.7339083193
-1.3719092796
1.3727519049
-1.2075883539
0.8118607225
1.3801194675
-0.8831653537
0.5293982565
1.3180462257
1.9576468503
-0.2590170039
-0.1794165171
-0.5792314842
-0.5271547310
-0.3878942723
-0.6039101589
1.8749178325
-0.2342313151
0.7780308346
1.0080124256
-0.2605557197
-0.8269501868
0.4463179051
-0.9274583318
0.6464210825
1.5260785284
0.2566542264
-0.1005687262
0.4376433951
-2.9078877627
0.7807837453
-1.6498949018
-0.8818504396
-0.7966658408
1.9872006899
-0.5513200503
-0.3989903548
-0.8688278657
-1.5026266790
-2.2301514900
1.0405250940
0.6389742135
0.2604239701
-1.1335965793
1.2036275920
0.6469001894
-1.6350489824
0.7719521871
0.7796629708
-0.8352864130
-1.3148692576
0.7852851992
0.7067756943
-0.2072987023
-0.4265388180
1.4371227302
-0.2855753461
-0.8381989486
1.9598348958
0.7641563292
1.6819728697
0.7565448242
-0.0904050610
1.3255182167
-0.8629502264
-0.2224662890
0.0963102218
-0.7807590368
-0.2598251447
0.8719879880
-1.5182277521
0.6652693049
0.8827158776
0.9781429296
0.3498924660
-1.5444704549
-1.1590316193
-1.1994544531
0.4885659589
-2.2596300749
-0.0860344950
0.5350993692
-0.7356153959
-0.2572739138
-1.9087735768
0.4474764973
-0.2902549002
0.1989892748
-0.0228261301
-0.1172039332
1.2503152579
-1.2724432769
0.0653786300
-0.3313216193
-1.0365633519
0.0472971873
-0.6988051203
-2.1413773916
0.3928884521
1.5298570759
1.5546560774
-2.0743964693
-0.8395405933
0.6088170306
-0.9590490872
0.3670635484
-1.8538073983
-0.3540523555
0.6339400486
0.2551777402
0.7333756031
1.3274005063
-0.6731124709
-0.8870797664
-1.2484043923
-1.9429873600
0.5946782462
0.8712648945
-0.2350684874
1.8075618397
-0.4456243198
-0.2736130215
-0.9786420761
-1.0018023523
0.2325009870
-0.6861940026
-1.7662088889
1.0386353740
1.6049579487
0.1173141855
-0.4615849854
1.7726629016
-0.0217681866
-1.1510396609
1.3823977151
-1.1015030598
1.0633721103
-1.1179881296
0.3139861874
-0.5638160341
0.3932195071
-0.2038935215
-1.6058922276
0.5034498236
0.1546530718
1.7974998511
-1.3914045946
-0.9671351283
-0.5008168544
0.3002009988
0.7629407030
1.1028639374
-0.1336305389
-0.4352838496
1.2409840432
1.1862570540
0.9757824829
-0.7413020492
0.2760999595
-0.5094985630
-0.6737837607
0.8116594182
-1.1712294385
2.0747132306
-1.0257218581
0.1991441848
-1.5494816359
-0.2642458136
0.7636748024
-0.6229800172
-1.2158807407
0.4131466596
-0.0668787465
-0.6575543311
0.1650933118
1.2497759328
-0.8907927216
0.6219081308
-0.4744216233
0.7854480676
0.3822252021
1.0772715302
-0.0120965306
0.8890145667
-0.9101770717
0.7984833628
0.2803894344
-0.6565175328
-0.5398833911
-0.2115751395
1.2957012404
-1.2258963930
0.2620731423
1.1775886195
1.3524903821
0.0322213334
-0.0548278711
-0.9208610043
-0.4327129995
0.3293046828
1.2641623475
-0.1747614553
0.6032719814
-0.2816282316
0.9038767225
-0.1806701503
-1.4292298451
-1.2108352806
-0.5826177902
-0.1288267810
-0.0659500671
0.7500802749
0.4830594224
-1.4897428972
1.5321506761
-1.0830953722
0.3728901955
1.1049135634
-0.7092407035
-2.5998636882
0.2535906932
-2.3115632418
1.3632985748
-0.4016104037
-0.2139542508
-1.0252499796
0.2048778931
-0.2245619598
-0.5856711098
0.7877153107
-0.6400196459
1.4269825826
1.1206570942
-0.1895060074
0.8127754337
0.1318264505
1.5847113886
1.0651028500
-0.7988849092
0.0525058864
1.4221174684
0.1618821783
-0.8411038450
0.8404557196
1.2561150748
-1.4278855117
0.9203155241
0.4532592929
0.8222146412
-1.5240974803
0.2907153619
-1.2486124325
1.2676078684
-2.2678166921
1.2888189168
0.4060020226
0.2662589769
-0.7480889375
2.1691703237
2.2376933638
-1.4297946487
0.4732499275
1.4327848354
-1.8447318807
0.8308310901
-1.1161859761
-1.0346442540
-1.1652132729
0.1248859982
0.7878609556
0.7973812099
-1.1338652936
-0.2569379505
0.3380215885
0.0025483441
-1.4210553198
-0.1427685758
-2.0971518697
0.2790411396
1.4959804287
1.0769932672
-0.9494104852
0.0097823380
-2.0174444679
-0.8949934123
0.9946528875
-0.9005549652
0.5310839932
-1.1870594075
-0.6051977140
0.2335143066
0.3565504633
0.8435005241
-1.7034868888
0.9142944355
-0.9175892757
0.1804919752
0.7506551567
0.2859584207
0.7753572893
0.2412452926
1.5513776739
-0.3253302608
1.0976060952
-0.2602529366
-0.7836644376
-0.5270446978
-0.2154345715
-1.1776236273
-0.0962319308
-1.1912353382
-0.8555586291
-0.6870968502
0.3266235028
0.0045373795
-0.9803347582
0.3155137191
0.4222285931
-0.8128036974
1.4566483849
-0.5221912285
0.8775603016
0.8801961010
3.1000626472
-0.6172143396
0.1343140224
-0.7590006029
0.8432401702
-0.1973681980
-2.1142659609
0.4546512321
-0.9623261458
0.9815021920
0.6149942272
-0.1113035052
0.9635018500
-3.0195288750
-0.1777489424
-0.2392692865
0.8357069751
1.4225491339
1.8127330533
0.0836545054
-0.2895419377
-1.4361737161
0.1977252413
1.5164752501
0.5509712417
-0.0381370718
0.0083844506
-0.9128961586
-2.4735858618
1.0709993671
-2.7813918351
0.1956973148
0.0798985079
0.0334484314
0.4035445072
-1.6837566322
0.6137465897
-2.0059743496
0.2404960166
0.5224453167
1.4778081237
0.3755121106
-0.0029563822
1.1204905592
-1.1682688634
-0.1192591219
-0.0024315177
-0.6178538255
0.1102295668
-0.5221701984
-0.5266474023
0.3027383222
-0.8045129627
-0.0286810606
-1.5097521909
0.9468820618
1.3106295626
0.2236233543
0.6891184982
0.4540997358
0.5542158961
0.1150808863
0.5852080550
0.5000753980
-1.2883284867
0.2500040300
0.4350790955
-0.3073077207
0.2531994483
0.7913431644
-1.1275068436
1.1336807949
-1.4622533894
0.2319696090
-0.6852603347
0.0199675336
0.0927666483
-0.0969381666
-0.8420339247
-0.1664496234
0.8312601509
-0.7529453570
-0.7560954338
0.9859088579
-0.8660293962
1.9635514515
-0.5231489665
1.2772612281
-0.1928151447
-0.0831408797
0.9469217393
0.4097753420
-0.4227609373
0.5069554056
-0.2950289258
0.9784652026
-0.2952535743
-0.0110576947
0.1002709804
1.0085123917
-0.0027019669
0.2961663842
-2.2210291880
1.4045138273
-0.9724924496
0.3470695683
-0.2354025514
2.9252535869
1.2685021405
-1.1671940580
-1.6296189458
0.0228500215
0.9686907192
0.3011120480
-0.5093364463
-0.5114132151
-0.2018480872
-0.3463298641
0.4348738715
-0.9787627354
-0.7865114982
-1.9507464784
0.5370480061
-0.4656109573
-0.2967880986
-0.3450162672
1.1268049049
0.4536762742
0.7255762539
0.9691428008
-0.1791784148
0.6157585341
-0.6151839192
1.6114388609
-0.3303028276
0.1780708346
-0.2924039930
0.0923189535
0.4226668217
0.1271497431
1.8480198458
1.1650496571
-0.4915997450
0.0006883258
1.0102325006
-0.5520714213
-1.0489079099
-0.0408103962
-1.4992342231
-0.5970204973
0.4757024286
0.4656633479
-1.5715448430
-1.7873501274
0.0214449648
-1.4972239283
-0.5422891425
-0.0923176296
1.4049078386
0.5017516009
-0.9971873810
-0.1892407109
0.5882315550
-1.0843078538
-1.0058196206
0.1843907522
-1.3460524271
0.0944797012
1.1592405014
0.3914901555
-1.4829969184
-0.2406360268
1.2442465003
0.7379928965
1.4457043336
1.0875019778
-1.7526548256
-0.9330034905
-1.0574078458
0.1627500728
-1.2181346815
1.2394195937
0.2013865188
-0.0926637518
1.2616002488
-0.1539296635
0.3481760188
0.1373978279
-0.0500010685
-0.2672267583
-0.3074570753
-2.1859619923
-1.6057005988
0.5762117735
1.1769808133
1.2428635613
-0.6575755750
1.1187760888
1.3650576448
0.1457414466
1.9442216850
-0.4098406997
1.2764379229
0.1577795502
-0.3937626714
-0.0167904019
0.0626023315
0.8676689517
0.0529507015
0.0341013783
0.8668756248
-0.3797321130
0.5785745740
1.2423634402
0.3286375011
-2.0973387175
0.3500545611
-0.3310741032
-0.2776016283
0.3543401945
0.5326967045
0.4243668026
0.3379163525
0.6812434674
0.2027775610
-1.6920259520
0.2305567971
-0.3140196074
0.1584886638
0.2790867148
0.6297835997
0.2220824726
0.7723001795
1.2958761375
-0.9736546327
-0.9078611907
0.0842391786
1.0536579851
-0.0207676335
-0.6112309020
0.8287906090
-1.3627897795
0.1068530096
-0.3915986292
2.8576755737
-0.6164174276
-2.5270972216
0.9454956952
0.9159627033
0.0246400125
0.4742213492
-0.6251795957
-0.2627956130
