10 3 0.01
9 0 0 0 1 0 2 0 3 1 2 1 3 1 4 2 3 3 3
9 0 2 0 3 1 3 2 0 2 1 2 2 2 3 3 1 3 2
12 0 2 1 0 1 1 1 2 1 3 2 0 2 1 2 2 3 0 3 2 3 3 3 4
1 5
3 4
4 4
0 0 0 0 0 0 0 0 0 0
0 0 0 0 0 1 1 1 1 0
0 0 0 0 0 0 0 1 1 1
0 0 0 0 0 0 1 1 1 0
0 0 0 0 0 0 1 1 1 0
0 0 0 0 2 2 2 2 0 0
0 0 0 0 1 2 2 0 0 0
0 0 0 0 1 0 1 1 1 0
0 0 0 0 0 0 0 0 0 0
0 0 0 0 0 0 0 0 0 0
0.0383114217
-1.4812470771
-0.1546342961
1.2234399989
-0.0364867769
1.1742173155
1.7099832534
0.7312821852
-0.6668537267
1.8004141960
1.5064122655
0.5792597150
-0.7850746574
2.0785441662
-0.4094083326
-0.6762812189
0.2648261708
0.5137255073
0.4912199425
-0.6028368000
0.6992858478
0.4343493752
-0.1336937101
-0.2694582428
0.2716774872
-0.7409301280
-0.6714123693
1.8778754900
0.7528184699
-1.6537621849
-0.1512930443
-0.0090300413
-1.0486539885
0.5471862535
-0.7958133500
-0.7881587062
-0.5690872457
0.6980832399
1.4345911175
0.1468105467
0.8682984521
1.9220946929
-0.4444217670
1.4892492863
0.2892493014
-0.3145820087
-1.0560316212
-1.1888646507
-0.6535282651
0.4861609983
-1.9478236404
0.3495402192
0.2864267731
-0.3905206612
-1.4016857078
0.6162314323
1.5319850342
0.2826242760
0.6970014067
-0.1951304183
-2.4688390547
-2.4029897109
2.7884670105
-0.2649270106
1.7740266766
2.0288624755
1.6229013853
0.4105812183
-0.7310366991
-0.1395947474
0.0255486927
0.6041747515
-0.8072588406
-0.2943492751
1.9777996130
1.3622178615
-0.6473289562
-0.4934111601
0.1319430304
-0.4454418968
0.6088058796
0.8005171013
0.7507707063
0.0578506681
0.3043283164
2.1043091913
-0.5209449263
-0.0152519899
0.8629703260
0.1628861802
-1.9106796788
-0.8695958713
0.2723052488
1.1718088215
-0.1955041980
1.0234837864
-1.2317072312
-0.5663441223
0.5296781389
-0.2679198005
1.3100735434
-1.2305677698
0.3025832032
0.8661577005
0.5852127453
-0.5561798796
1.2400655163
0.8791320580
-1.7098630912
0.4502830834
-1.1547791730
-0.4023911342
1.7017643755
-1.1415009709
-0.2957198375
0.2678309720
0.2560902136
-0.9770459035
-0.2889908300
-1.0821738428
1.9221229742
0.9421714988
-1.5779723255
-0.6848949216
1.2343108155
-0.6716520813
0.0733058695
-0.9289758647
1.2790739488
-0.3195068690
-0.3768595282
0.7974097261
0.0810270607
-0.1546768369
0.1685922565
-1.7206898709
0.8405183421
-1.8156922884
-1.0924944266
-0.7133917315
0.5000038670
1.0015232268
-0.5541424310
0.6318688943
0.3736439560
-0.9153034412
-0.1170187241
-0.4650854119
0.9423402406
-0.5131638719
-0.0236276348
0.3426603962
-0.9719010210
0.6184740812
-1.8633226729
0.7560023162
-0.4208095054
-0.6072795488
0.0501101776
-0.2420776695
0.1437736976
1.1117332518
-0.1354289775
-0.1215394912
0.1273381936
0.2863690306
-0.8588730293
-0.0699828373
-0.9546450435
2.3631871105
-0.2966072911
0.1620149548
0.8920766454
0.4085176943
-0.4864080739
-0.3113429120
-1.0829888389
0.1517532802
-1.1855446952
-0.8077321721
-1.2604983230
-1.4494677094
0.1088625432
-2.0787205024
-0.2426187725
1.0557839381
-1.9361459441
1.0618390113
0.3624717799
1.4040755337
1.0158020433
1.1246478386
-0.2305554433
1.5138040863
0.2186135517
0.3406629304
0.7191770054
-0.3659486390
-0.4149192335
1.0114704235
