13 7 0.09
11 0 0 1 0 1 1 1 2 2 0 2 1 3 0 3 1 3 2 4 0 4 1
8 0 1 0 2 0 3 1 1 1 2 1 3 2 0 2 1
11 0 3 0 5 1 0 1 1 1 2 1 3 1 4 1 5 1 6 2 3 2 4
14 0 1 1 1 2 1 2 2 3 1 3 4 4 0 4 1 4 2 4 3 4 4 5 1 5 3 6 1
14 0 1 1 1 2 0 2 1 2 3 2 4 3 1 3 2 3 3 3 4 3 5 4 2 4 3 4 5
11 0 1 1 0 1 1 1 2 1 3 1 4 2 1 2 2 2 3 2 4 3 1
8 0 1 1 1 2 1 2 2 2 3 3 0 3 1 4 1
2 1
1 1
1 1
0 4
1 0
4 6
5 0
0 0 0 0 0 1 0 0 0 0 0 0 0
0 1 1 1 2 1 1 0 0 0 0 0 0
0 3 2 2 2 2 2 1 0 0 0 0 0
1 3 2 2 2 2 0 0 1 0 0 0 0
0 2 2 1 2 2 1 2 1 0 0 0 0
0 2 2 2 0 2 1 2 1 1 1 0 0
0 2 1 0 0 1 0 1 1 1 1 0 0
0 1 1 1 0 0 0 1 0 0 0 0 0
1 1 0 0 0 0 0 0 0 0 0 0 0
0 1 0 0 0 0 0 0 0 0 0 0 0
0 0 0 0 0 0 0 0 0 0 0 0 0
0 0 0 0 0 0 0 0 0 0 0 0 0
0 0 0 0 0 0 0 0 0 0 0 0 0
-1.1784692020
-0.8596288518
-0.1021790298
-0.0306078300
0.3473704508
0.8027473735
-0.6228241667
0.6384288992
-0.4927652066
0.5974331835
0.1868434350
1.2684980715
-0.4845983555
1.3650186346
-0.4741633265
-0.7010592934
0.3426846964
1.1933371529
0.0942867962
0.2474306388
-0.2445983999
-0.8250105121
1.5658737934
-0.7859286488
0.0127366660
0.5578877067
0.1022581423
-1.7867791257
-0.3537461320
0.0628912002
1.6574019349
3.1113792594
0.3133706608
-1.8377633829
0.5431035570
0.0681632057
1.2615618299
-1.2083994441
-0.1562163014
-2.0063741811
-0.7363042205
-0.4295256163
-0.4400829521
0.8508692768
0.5454518528
0.0931364713
-0.4184508480
0.3848613214
1.1827566104
0.2233763893
1.1570661783
0.3638723825
1.2451645088
-0.9597468972
-0.1057995009
0.3928563216
0.0475621739
0.6762766887
0.4452964188
0.1859348399
0.8847952075
-0.0062085276
-0.8459499728
0.4094331089
0.8517909501
0.2003354271
-0.0406481178
0.5198696914
0.2573879216
0.9116499580
-0.6369172561
-2.0039539341
-1.1676516816
1.3000247973
-0.4326801893
1.9419537820
-0.6562790434
-0.4528342780
1.0315597663
-0.7185465033
-0.0895630552
-0.4139615622
0.1035147342
-1.3823268713
-2.1575145361
0.5013379580
0.0435181115
0.0827316893
0.8329751548
-0.0675866505
-0.9032296284
-0.0576709346
-0.9738434650
-1.2107138669
-0.0227323116
-0.8251994082
1.6563806335
-0.1675843134
-0.5777359719
-0.8717694086
-0.0192899817
0.3691931749
0.4318096342
-0.3600807064
-1.5010845034
0.6092581527
-2.1052820369
0.0927483663
-2.1830677611
0.5364186782
0.6410693008
-0.6259487247
-1.1184833388
0.1396254339
-2.3001310577
0.2622980382
2.2734479874
0.2020467093
-1.5244911302
0.1806630912
-0.0460913354
0.8472183434
-1.3954678204
-0.6001569125
0.1710546537
0.3750405269
0.4706157552
-0.5778866724
1.2823571442
0.6100214325
0.0226217199
1.2391483255
0.8583876479
0.4336772835
0.3428393822
-1.6250141240
0.9934225883
-0.7111791210
-0.3357876284
0.6188404417
-0.8159606457
-1.5378650207
0.1641925579
0.6059499762
-0.1727674633
-0.8822451255
-0.4767544145
1.5525759015
-0.8030692464
-0.4936113097
0.4176250719
0.2088132337
1.3016753896
1.0977608401
0.3433938305
0.0623949029
-1.5480817636
1.1515642113
-0.7021222615
1.4959030284
0.1314403444
-0.1210983450
-1.3082584640
0.2942020588
-1.1064512785
-0.2284442079
0.5303897424
0.0990890958
0.2700985178
-0.4446708972
-0.5744999159
2.0873852944
-0.3929187608
0.0658388312
-1.1082197262
0.7267146257
-0.2324216260
0.7124510957
-1.0156166349
0.0099866105
0.5982854301
0.3536842267
0.8579518064
1.2168785152
0.3367911679
1.5692124550
1.2476173862
0.2601130494
0.6258941200
0.6714116782
0.8932394934
0.8607367130
0.1298765306
0.1080467564
0.3024105074
1.8679482029
-0.6509725325
-0.2461835990
-1.6253901605
0.4302182519
0.2395021874
0.7159425259
-0.1459968246
-0.7264325268
1.2582071529
0.5150558633
0.8316352363
-0.4235443938
0.6658365978
0.9090718964
0.0343699604
-0.7145632044
-0.7965042085
-1.5578801787
-0.2511216505
-0.2283047015
-0.7759087886
0.2409998180
-0.3760541736
-0.4698025855
1.4209369499
-0.0186270165
-0.1621264343
0.0781012563
-0.1547063893
-0.2600067786
-0.9080305400
1.6157481733
0.6129262502
-0.3066266330
1.6246800286
-0.1920713190
-0.2549437835
0.0865161675
0.0686568975
-0.0057293476
-1.1335648466
-0.4741423754
0.4097947709
0.2764284194
0.2634056791
-0.3534844617
0.0830937524
0.0794540751
-0.5204026515
0.1283440611
1.8194017771
-1.4367801304
0.4693581686
0.1504398864
0.7155355617
0.1286823860
-1.1498357479
0.6444121053
-1.8915909800
0.7637834643
-0.3407572791
1.8304757744
0.2461173320
0.6986721706
0.3731081092
0.7733342636
-0.4690964635
-1.6153489853
0.8472749252
0.2138155908
-0.7718585198
-0.9543639828
-0.7195849141
1.0927008873
1.3802710532
-0.7260494210
0.0091637305
-1.1755031959
-1.3423918760
-1.6404927766
1.6480382481
0.3820689835
-0.5118726212
0.7945019676
-0.2876051786
0.0580911322
0.8011245462
2.3424405000
0.3671092296
0.1386357722
0.7023660011
1.3838857324
0.5307229211
-0.6932696132
0.3890624952
-0.9640993078
2.1662128807
1.9846081291
-0.5726222548
-0.8218792452
-0.6216932630
-0.2950536520
0.4289269393
-0.1977756073
-1.2740161585
-0.7818068246
1.8617878696
-1.0483296553
-0.6475621329
-0.5535720027
0.7132408271
-1.0363214387
0.8568685421
0.0624065901
-1.2487368394
-0.5825090092
-0.3686636084
0.2291268783
1.9584024108
-1.3299841681
-0.8662232447
-0.6986337609
-1.8932653556
-0.9511275959
-0.6995254608
-0.0307549625
-0.5273400688
0.4806498416
-1.4394302508
0.5392119971
1.1938755997
0.4460559482
0.9541180467
-0.2978935034
0.1864537043
2.2894987697
1.3540548710
-0.7118831885
-0.2215694298
-0.0497850299
-0.1852010065
0.8719543915
