15 10 0.08
16 0 2 1 2 2 0 2 1 2 2 2 3 3 1 3 2 4 1 4 2 4 3 5 2 5 3 5 4 6 3 6 4
10 0 2 1 0 1 1 1 2 2 1 3 1 3 2 3 3 3 4 4 3
14 0 1 0 2 0 3 1 1 1 2 1 3 1 4 1 5 2 0 2 1 2 2 2 3 3 1 3 2
7 0 0 0 1 1 1 1 2 2 1 3 1 3 2
9 0 0 0 1 0 2 1 1 1 2 1 3 2 0 2 1 3 1
16 0 3 1 2 1 3 1 5 2 0 2 1 2 2 2 3 2 4 2 5 2 6 3 2 3 3 3 4 4 3 5 3
7 0 0 1 0 1 1 1 2 1 3 2 0 2 3
5 0 1 1 1 1 2 2 0 2 1
9 0 4 1 0 1 3 1 4 1 5 2 0 2 1 2 2 2 3
6 0 0 0 1 1 0 1 1 1 2 2 1
2 1
1 1
6 6
5 4
11 11
0 7
11 5
7 8
3 6
9 1
0 0 0 0 0 0 0 0 0 0 1 0 0 0 0
0 0 0 1 0 0 0 0 0 1 1 0 1 0 0
0 1 1 2 0 0 0 1 1 1 1 1 1 1 0
0 0 1 1 0 0 0 0 0 1 2 1 0 0 0
0 1 2 2 2 1 1 0 0 1 2 1 0 0 0
0 0 1 1 2 1 1 1 1 1 1 0 0 0 0
0 0 1 1 1 1 1 1 1 1 0 0 0 0 0
0 0 0 1 1 2 0 1 1 2 1 1 0 0 0
0 0 0 0 1 2 2 1 1 2 1 0 0 0 0
0 1 1 0 0 0 0 1 2 1 0 0 0 0 0
0 1 1 1 0 0 0 0 0 0 0 0 0 0 0
0 0 1 0 0 1 0 0 0 0 0 1 1 1 0
0 0 0 0 0 1 1 1 1 0 0 0 1 1 1
0 0 0 0 0 1 0 0 1 0 0 1 1 0 0
0 0 0 0 0 0 0 0 0 0 0 0 1 0 0
1.1275082204
-1.8780024927
-0.2007131404
-0.3186406832
-0.1138104442
-0.5535668636
0.5756156129
-0.4552623910
0.4968052896
1.2564692275
-0.8060921666
-0.0283251013
-1.2197307285
0.5900411490
0.3343284442
-3.1432230385
0.9060532107
-1.1245739322
0.9510169376
1.5496853882
-0.6078138702
0.4891865463
0.3323007507
-0.5670743532
0.0717632152
-0.0205833880
0.7657614289
-0.3014787602
-0.8666670015
-0.3069039670
-0.2801446495
0.5968288439
-1.5777819276
-0.2882662231
-2.2191478836
-0.0009846556
1.0555722371
-1.0666595922
0.4452887684
-0.8526999841
0.4444659132
-0.1197649745
1.1057089759
-0.3261123594
-0.4039434594
1.3688991431
-1.1140406209
2.1419904118
-0.2798682762
2.6303553285
-0.9057013590
0.5685505871
0.8675353132
1.5164459843
-0.3306452769
1.8855845342
-0.3308733585
-0.0196570483
0.2019205459
1.7159811610
-1.7640735881
0.0406202606
0.4446099550
-1.0973504235
-0.4096379406
0.7987974193
0.0095886993
0.5548585759
0.3080829919
-1.4912085500
-0.7341150385
-0.2747850614
-0.0797114173
0.7902905855
-0.0447405091
-1.3066765699
1.5248885424
0.3497602513
-0.3780930368
0.0609214088
-1.2402383225
-1.1865891470
0.2270570652
-1.4092328572
1.6530577262
1.0898717215
1.2330131343
0.0319836966
1.2778426415
0.0868268229
-0.5899748858
0.1328560375
0.1783180202
1.1741917126
-0.5503103927
0.0379080138
0.8448715405
1.3762778562
0.0978603991
0.8832830190
0.6524478840
-0.6376429827
1.1207341246
-2.1723264140
-0.6355438569
-2.9075763387
0.7231116476
-0.5413713951
0.5505494642
-0.1007934380
-0.0670675540
-1.2601691601
-0.1180685112
-1.2875045903
0.5036954694
-0.9075163449
0.0631011214
-0.2646305491
-0.5440057785
0.2692968122
1.6770051269
-1.1136874694
-0.1369755801
0.3945690261
0.2435645312
1.3628470366
-1.4414467804
0.8669961022
-0.8112075351
-0.5720084211
-1.5024081204
0.0974208552
0.3737797687
0.3233136343
-1.1687216888
-0.2144032399
-0.5382427678
-1.2204531903
0.1149590318
0.2892430234
-1.3820432847
-0.6462413778
-0.2687801211
-0.4935177725
1.7466314161
0.2860006489
-0.0576329770
-1.2820337795
0.4589704027
0.4731407935
1.7128417525
-0.2967250071
0.6758157025
0.1499463421
-0.4981601751
0.7850535323
0.2740814957
-2.5657031766
-1.4966543680
0.6522119052
-1.3094713813
-1.9772639872
1.1744083266
0.5119000349
0.8158228576
-0.2053777666
0.9924665024
-2.1468587547
-1.5200454252
0.0384857960
0.2205902263
-0.0033312199
1.4268649650
-0.2285567924
-0.3488163076
1.0454731040
0.1548360828
-1.4379223339
-0.1352840854
-1.0814611141
-0.5673626094
1.0517157973
-0.0614716203
-0.2001807122
0.2102770548
-0.7225396898
1.8724647546
1.5484121828
2.3431194817
-1.0491064107
0.1347782228
1.6636888546
-0.4965207791
1.5693895256
-0.1615008088
0.9553961116
-0.9621776937
0.6236325459
0.8214869629
-1.3783357239
0.0476452546
-1.5608032800
-1.2082925480
-0.6315872536
-0.2458315755
0.7155447636
-1.2316926882
-0.9734442972
-1.7435078832
0.7999293407
0.7014061025
1.0717648185
-0.2259063550
-0.7063198645
0.1763776236
2.0650086606
-0.0816136222
0.2733556468
-1.4680918363
0.4693301144
0.6315921946
0.2903397267
-1.7856364415
-1.2937868072
-1.2677440713
0.7729649714
-0.0872742025
0.6047361554
0.0292519168
-0.0877993203
-0.0889426484
0.9019869053
-1.0638207326
0.6049971475
-0.2011495676
0.7827095701
1.0421384890
-0.6379780304
-1.7711832524
1.4306666349
0.3599268978
-0.4230459601
-1.5586277499
-1.9730778616
0.4787205703
-0.2228283114
-0.2241011478
0.5940697104
0.4866091875
1.6413134524
2.0504495626
0.0676950355
0.8589471177
0.4480836706
0.7483135155
-0.7513097049
0.6284103730
0.9856587930
0.2338654491
2.2945850977
-0.9472068517
-0.2541013335
-0.5469786792
-0.7373615464
0.3242386040
0.4685471596
0.1733731659
-0.2184394632
-1.5275188656
-0.1840263519
-0.7644900481
-0.2508174307
0.1945988435
-1.0498121169
-0.1094425457
0.0442749267
-1.1473489040
-1.0282510170
0.8205879949
1.1894929365
3.2070696427
-0.9149408651
1.3496871829
1.0183633084
0.2594436699
-1.0427316188
-0.1486835428
-1.5333890620
0.5975404827
2.2049119273
-1.7429626594
0.7728407544
-0.6238503072
-0.4795668074
-1.5735032835
0.1453362267
-1.6082228512
-1.2729762999
0.9322741678
1.4028994214
1.1714228472
-1.3214901739
0.6074447225
-0.6013687273
-0.1875457988
-0.9286443657
0.4952602895
-0.8187530902
0.1870664749
-1.1506289855
-0.2679235464
0.9472956422
-0.1800062373
-0.4719286185
-0.0933216147
1.2430331139
0.2819328917
0.7103645560
0.7434319464
2.3342618543
0.2347711487
0.8425796172
2.3824156923
0.0933936826
-0.0879446653
0.9743608053
0.8876364009
-1.0377879035
1.0650218130
-0.4088671543
0.1559728957
0.5727115309
-0.9109362114
-0.8169981840
-1.3185011196
0.7383460853
0.6796084743
1.5869518974
-0.3071153099
0.8788534117
-0.9131880967
1.1126238662
-1.8291684202
-1.0155354099
1.1141522621
1.8202925269
1.6584031692
1.0102138739
-0.3566597493
0.6435923541
0.1475226636
1.2190933680
0.6533621325
0.6129674116
0.5573831735
1.6330114164
-0.3573265712
0.5309391798
-0.1637457285
0.1116688610
0.0598756254
-0.9941511671
1.8421032120
-0.6360218473
-0.3965413066
0.1416122584
0.3735907852
-0.5245011875
-1.2015639313
-0.4168195334
-0.2645862237
0.2908509057
-1.1127114593
0.3634759277
-1.0938975689
0.7140770809
-0.9548187124
0.5911805904
-1.0102982083
-0.7362698593
0.8133309947
-0.9211655672
1.2687832916
-1.3702770655
1.7405629289
0.0688984767
-0.5860040558
-0.6135034148
-0.5744039878
0.6564458717
0.3866450260
-1.1143013610
-0.8073030154
1.5292029958
-1.2941440347
0.4062866830
-0.0454808221
1.6491838849
-1.0047890542
0.7693614594
0.9126739907
-0.7105466461
-0.0329961158
2.1519643381
-2.2321396568
0.7462605619
0.5309929606
-0.4601060290
-1.2421075119
-0.0060603531
-0.0049657867
1.1297857073
0.5227339168
-0.2119947682
-0.0256076129
0.3446193004
-0.0876378950
-0.5973955582
-0.6817902159
-1.1323144477
-1.0061065890
-1.4081024859
0.5960305333
1.2388189120
-0.8241848006
-3.1745141768
0.9195767125
2.4422369646
-1.4666762480
0.1523770586
0.3383598448
3.0990068522
0.4036879029
-0.8975786575
-0.9848418362
1.0811151775
0.9183982697
0.9933940792
-2.0059853780
-0.5959414538
-0.2476371995
1.6418474769
0.2416693920
0.3910949571
-0.2522443442
1.6014231933
-0.7414444778
-1.4804832134
-0.7856874486
0.4955879173
