18 3 0.05
25 0 2 0 3 0 5 1 1 1 2 1 3 1 4 1 5 1 6 2 0 2 1 2 2 2 3 2 4 2 5 3 0 3 1 3 2 3 3 3 4 4 1 4 2 4 4 4 5 5 4
41 0 1 0 2 0 3 1 0 1 1 2 1 2 3 2 4 3 0 3 1 3 2 3 3 3 4 4 1 4 2 4 3 4 4 5 1 5 2 5 3 5 4 5 5 5 6 5 7 6 1 6 2 6 3 6 4 6 5 6 6 7 2 7 3 7 4 7 5 7 6 8 2 8 5 9 2 9 3 10 3 11 3
26 0 4 1 3 1 4 2 3 2 4 3 2 3 3 3 4 3 5 4 2 4 3 4 4 4 5 5 0 5 1 5 3 5 4 6 0 6 1 6 2 6 3 6 4 7 1 7 3 8 1 8 3
8 9
4 3
2 12
0 0 0 0 0 0 0 0 0 0 0 0 0 0 0 0 0 0
0 0 0 0 0 0 0 0 0 0 0 0 0 0 0 0 0 0
0 0 0 0 0 0 0 0 0 0 0 0 0 0 0 0 1 0
0 0 0 0 0 0 0 0 0 0 0 0 0 0 0 1 1 0
0 0 0 0 1 1 1 0 0 0 0 0 0 0 0 1 1 0
0 0 0 1 1 0 0 0 0 0 0 0 0 0 1 1 1 1
0 0 0 0 1 0 1 1 0 0 0 0 0 0 1 1 1 1
0 0 0 1 1 1 1 1 0 0 0 0 1 1 0 1 1 0
0 0 0 0 1 1 1 1 0 0 0 1 2 1 2 1 1 0
0 0 0 0 1 1 1 1 1 1 2 1 1 2 1 2 0 0
0 0 0 0 1 1 1 1 1 2 1 1 1 2 1 1 0 0
0 0 0 0 0 1 1 1 1 2 1 1 1 1 0 0 0 0
0 0 0 0 0 1 0 0 1 0 1 1 0 1 1 0 0 0
0 0 0 0 0 1 1 0 0 0 0 0 0 1 0 0 0 0
0 0 0 0 0 0 1 0 0 0 0 0 0 0 0 0 0 0
0 0 0 0 0 0 1 0 0 0 0 0 0 0 0 0 0 0
0 0 0 0 0 0 0 0 0 0 0 0 0 0 0 0 0 0
0 0 0 0 0 0 0 0 0 0 0 0 0 0 0 0 0 0
1.5327253724
0.0856088424
-1.0751317761
-0.2253996980
-0.3532592346
-1.1992428660
0.4718176620
-0.1894498371
0.0821574938
0.5742067277
1.5626833646
0.8991905024
-0.3621661630
0.3789633882
0.1764605522
0.0126747619
-0.2569852565
-1.0322914580
-0.5456219286
1.8252082067
-0.3227101468
1.2984162392
-0.0616693052
1.6688021385
-0.6080615124
-1.1286286458
0.5945212247
-0.0879542070
2.2213938643
-1.6974644497
-0.1988297061
0.4897860486
-1.4684798021
2.5315402713
1.1570545137
0.6996850187
0.8819513776
-0.0447208419
-0.6433611608
-0.9293750057
-0.0195540410
-1.5919123125
-0.1239647389
0.1808584016
-0.2571546305
-1.0400338781
0.7632027679
-0.4931113568
0.0956761413
0.4164331675
0.8437834949
0.4822631507
-1.2281133716
1.8812278937
-2.2266427232
-0.1336772249
-1.0658766133
-0.8562202469
-0.4255892948
-0.9835921083
-1.2820596442
-1.7130467749
-1.5088685905
0.6763094152
-0.6338985206
-1.5546073257
0.1524235001
-0.7301958791
-0.0342181320
-0.4446450087
0.0792840029
-0.7356863687
1.4006930815
1.1540417291
-0.3641365205
-0.8921076217
0.7340525421
0.0957295559
0.0818494114
-0.1401964872
-0.2464840369
0.6912567646
0.6223067564
0.3671512821
1.3397347296
-0.5427824284
1.8041860898
-0.7921831375
-1.5317720596
0.0407931865
0.7548869578
-1.1264163302
-1.9756347382
-0.1332075827
-1.3671213022
-0.4241132250
-0.4438277248
-0.1511523935
-0.5455511962
-1.2857401558
-0.4742246981
-1.4310696360
0.9330093211
0.1992014698
-1.1659286456
0.8960554121
0.8015394198
0.7462827531
1.0618965551
0.4582167485
0.0152163033
-0.3992983302
-0.2660139388
-1.0718304062
0.2991507473
-1.3450812453
-0.4614515070
1.3649254372
-0.4068671206
0.9955192954
-0.1333961888
0.9174012162
-1.4206383167
-0.6762294207
-0.2970283314
-0.3424655094
-1.6560554013
1.4369100466
-0.5158398164
0.0034062236
-0.1654803756
-0.1017557696
-0.2354112095
-0.4440272070
-1.1505425279
-0.1188641648
-0.4486109558
0.4460438837
1.3851002605
-0.7902888482
-0.2620461069
-0.3727001562
0.3272149403
0.3927836241
1.2120688794
-0.0024066419
0.9864012347
-0.4301337951
-0.4793194151
0.5030372603
-0.5045488213
-1.3845604713
-0.1758703568
1.4857464828
1.3755941258
0.6747299438
-0.3798687719
1.1031196122
-1.2594096342
-0.0823064968
1.7044365425
-1.3034300666
-1.4554274132
-1.5633615868
0.8580987550
0.1389934593
-2.4716453742
0.0338301111
0.5267450770
-1.3869819506
-0.3879335838
0.8412439168
-0.6652134148
0.2925206936
-0.4435845294
-0.7546311396
2.9970875232
0.0626619754
-0.4643795618
-0.9663604938
0.1781974296
0.9209647487
1.0226094159
-0.1907532325
0.8679190784
-0.1790772138
-0.6874171414
1.4207342243
-0.6382791897
0.1132194853
-0.1562314977
-0.6559564217
-0.7267581688
1.4183838225
0.5010805480
-2.2785604140
-0.3795490911
-0.2022686534
1.0612733500
-2.4090645432
-0.0902574380
0.4046997124
0.1424819221
-0.1288219997
1.1454527125
0.7776546983
2.2013868479
0.7141113574
-0.3424274304
-0.0255769784
0.8869026102
-0.2143096982
2.1718924410
1.5433290686
-0.1198698343
0.1895447977
-0.4152945831
0.1389301927
1.6619440789
-0.0539313924
-0.6701271647
-0.2212552856
-0.6098680931
1.7111155785
1.0034458811
-0.7975459954
-0.0233262835
-1.0137893251
-1.3990574516
0.0598184778
1.3504507433
-0.1513195086
0.4386279973
0.7969955130
0.3904664296
-0.3953465663
-0.0951574683
-0.0836107784
0.7465242270
-0.8031795037
-0.4194603719
-1.2451871598
-0.2646500330
0.3336919899
-0.8744017675
-1.2170327104
-0.2464500441
-1.3711909102
-0.6063362640
-0.1107736091
-1.0822957558
-1.3938702552
2.1843790030
0.9072089226
-0.3288401380
0.3806940922
-0.5131110676
-1.1332029035
0.2952103433
0.4016137202
-1.0349151796
0.3427829567
1.3029019536
-0.1239911414
0.0569115426
0.6046011229
-0.9477200257
-1.9391542301
-0.8030034171
0.4614053547
-1.1208199341
-0.8810914795
0.1691524823
-0.2859453665
0.7954001278
-1.9980280351
-0.1152520072
-1.6292735858
-1.4624835008
1.2641083797
-1.0876364025
1.1081937588
0.8791661570
-1.1797804615
1.5641536985
0.5161204152
-1.6127298624
2.5398103612
0.6732428770
0.1239340635
0.6823596801
0.6903936023
-1.0613539634
-0.6634179396
-0.0785493912
-0.9523238547
-0.1346172288
0.0361359362
1.7712537239
1.4016095103
0.2944917111
0.1466806918
-0.7675931786
-1.4453100147
-2.2123181694
-1.6618410303
0.5083435187
-0.8245938015
-0.5602394302
0.7975004610
-0.3283565495
0.5653550907
-0.4679978736
0.7056230693
0.4679463573
-0.7194678858
-1.0688952971
-0.0820456754
-0.3672211388
0.2294330657
0.1626396459
1.0942701826
-1.3338100599
0.4181896735
-0.0603704283
0.1585990621
1.0565022232
1.4899670718
3.2195629802
-0.3533073093
0.6053249445
-0.9987292653
0.2130240319
1.1610954509
-2.2314248985
0.6699783196
0.6447362817
-0.1841623765
0.2186966389
-1.0297645268
-0.2612210325
1.7099212481
0.1896547132
-0.5320180905
-1.5492063180
0.4510749591
0.8212888927
1.2546203579
0.5799543429
0.2174348179
0.5464930476
-2.3132027373
-1.2839234342
-0.8998862527
0.3534245972
-0.3731810746
-0.0925883947
0.1186438806
0.1195674102
-0.3367577164
1.3790138723
0.0758092327
-1.7777111450
-0.1228369796
-2.0102943182
0.5847141511
0.7060984248
-1.0268230911
-0.1006523073
0.0665984994
2.1728988888
1.2863035107
0.0786574678
0.5669610311
0.0921821746
1.2217096503
0.5118617508
-0.2067264706
0.1306408696
-1.4303152542
0.4340840484
-0.1248796242
-0.5276347157
-0.5077733447
-0.8711052404
-1.4339216585
0.4315942358
-0.3533220328
-1.3620944693
0.8456979575
1.5172991016
-0.4607511798
-0.9838617199
-2.0715229274
0.7883139695
1.5418973569
-0.5366625375
-0.5864309604
-1.2453531828
0.9740127356
0.2420208381
-1.3547289664
-0.4648045455
0.4353137829
0.7682518688
-1.4650524437
-0.7038892173
-2.0204983917
0.0949861946
-1.2203546788
-1.5784639761
-0.1357096627
-0.3451725291
0.4729503349
-1.1221935842
-0.0594542875
0.5273518963
-0.4419718810
-1.1267945180
1.1534883786
0.7240795372
0.6583146921
0.0373056808
-1.7656360296
0.4209205024
0.9457416391
2.3150521642
1.0408125897
-0.8231740575
0.2315474026
0.3592468276
0.5127024831
1.6065403353
-0.0702052984
-0.0797232734
-0.8676076443
-0.5456835344
0.9480833239
-0.7136773564
1.0799947411
-0.4751835709
0.4196912022
-0.7154565473
-0.3576456591
0.7389549052
-0.9406228010
1.0055130021
1.1264710238
0.1939105295
0.5449284271
-1.2032036472
0.5300986334
-0.2601094115
0.5107853897
0.7055011331
-0.6968197979
1.3399935820
-0.5369459903
-0.5988636789
-2.4998663326
0.3880201892
-0.8287787204
-1.4693642910
1.4079837471
-0.5987668746
0.9070358941
-0.5704713048
0.4730152821
0.5805552280
1.1283638137
0.3449898409
-0.1365328976
-0.8584995047
1.1162242950
-0.5500561842
0.6198725877
-0.9374820297
-0.4148484786
-1.3428561444
2.1309249890
-0.1411514940
0.2633381484
0.4567872612
1.2118756060
0.4412896910
1.5105366139
1.2097066332
1.2208179893
0.2466873435
-0.5165037388
0.5939243978
-0.5241262066
-0.8489808549
-0.8850113373
-0.8751745078
1.5803516892
0.8354872472
0.8552919889
-1.3192555188
0.1293394997
0.9398565791
1.6361759966
-0.0282008717
1.5392423725
0.2091273792
-0.2666285769
-1.0988148410
-0.7414415542
1.0893368323
-0.8682392421
0.8574429195
1.5078448481
0.8441188594
-0.5363206618
-0.1702959093
-0.9745358062
-1.5474155831
0.5195245528
0.9420175677
0.2906606591
-1.7916260063
-0.3120887960
1.3462890224
1.6840367897
1.4715060377
0.1198385057
0.5301519937
0.7298519783
-0.8524837592
0.1297001837
0.3046614394
-0.9705913764
-0.0560627449
-0.4203619423
0.8476443458
0.3195491105
-0.4756962986
0.9072470416
-1.2436365873
0.0131974934
0.0230018033
-1.7849894142
-0.2771352229
-0.2319047215
2.0942541986
-0.2816262370
0.6322420874
0.2923270135
0.8848801678
-0.4324786954
1.2086904455
-0.6513051695
-0.3367442374
-0.2949760338
-0.7512594258
1.3050772019
0.7118962358
1.6875642987
0.2924677438
0.3738838686
1.1535007723
0.4248223633
-1.1119620578
-1.3658894870
0.0647345882
-0.8564335778
1.6946370500
0.8117948968
0.4241862382
-0.8404163200
0.7814295611
-1.9350439089
-1.0381774087
-1.1299432041
-0.3472097336
0.0527964622
-0.1147477204
0.6320005208
0.2945234395
0.3206923495
0.4447017701
-0.2506283294
-0.5136202101
0.0471921309
-0.1970713668
-2.0343616195
0.4963877855
1.0298891560
0.2327096911
-0.0936923410
0.0814032790
1.2394665568
-0.2239688452
0.6545959737
1.4664122759
-0.4058637494
0.3585675812
0.3873595449
1.6080772695
0.3812458640
-1.4429779795
-0.3204018242
1.2770677514
-1.6066645389
0.1518493939
1.2418544371
-1.3275326172
0.4706802072
0.5306163062
1.6508832934
-0.0565897227
-0.8259607321
-0.8300735175
1.3832743926
-0.6110216110
1.4015743209
-0.9174333163
-0.0399020106
0.9204899598
-0.6530908683
-2.4330146630
-1.1621105600
0.8644944875
-0.1875574577
0.5310512448
-0.0962448901
-1.7938289419
0.4706841663
1.0721674312
-0.5164459484
1.6288973488
-1.5225356214
1.2971993952
-0.0833310392
0.0061372399
0.2304176061
-1.3418236296
-0.0920055461
1.5349937106
1.1992694440
-0.7725561346
0.3294345195
0.8734944812
0.2899814289
0.1944691770
2.4389746015
-0.8444803169
-1.5089961492
