15 10 0.13
6 0 0 1 0 2 0 3 0 3 1 3 2
5 0 0 0 1 0 2 1 1 1 2
5 0 0 0 1 1 0 1 1 2 0
7 0 1 1 1 1 2 2 0 2 1 2 2 3 2
5 0 0 0 1 1 1 1 2 2 1
6 0 0 0 1 1 1 2 1 2 2 2 3
5 0 0 0 1 1 0 1 1 2 1
6 0 1 1 1 1 2 2 0 2 1 2 2
6 0 0 0 1 0 2 0 3 1 3 1 4
6 0 0 0 1 1 0 1 1 1 2 2 1
3 5
10 6
8 12
10 1
6 5
9 9
8 6
1 7
4 2
3 1
0 0 0 0 0 0 0 0 0 0 0 0 0 0 0
0 0 0 0 0 0 0 0 1 0 0 0 0 0 0
0 0 0 0 0 0 0 0 1 1 0 0 0 0 0
0 1 1 0 0 1 0 1 1 1 0 0 0 0 0
0 1 2 2 1 2 0 0 0 0 0 0 0 0 0
0 0 1 0 0 2 1 0 0 0 0 0 0 0 0
0 0 0 0 0 2 2 1 0 0 0 0 0 0 0
0 0 0 0 0 0 1 1 0 0 0 0 0 0 0
0 0 0 0 0 0 2 1 0 0 0 0 1 1 0
0 0 0 0 0 0 1 1 0 1 1 0 1 1 0
0 0 1 0 0 0 1 2 1 0 1 0 1 0 0
0 0 1 1 0 0 0 1 1 0 1 1 1 0 0
0 1 1 1 0 0 0 0 0 0 0 0 0 0 0
0 0 0 1 0 0 0 0 0 0 0 0 0 0 0
0 0 0 0 0 0 0 0 0 0 0 0 0 0 0
-1.7447570203
-0.5675169361
0.0972394540
-0.5482530290
0.1579077330
-1.0131334390
1.2580812722
-1.0013079031
0.3063050071
1.8220119682
0.8572688039
-0.6077902059
1.3572457736
1.0234634819
-0.6090750891
-1.5222443531
0.4506503358
-0.8785659552
-0.7934353865
0.2830520902
-0.2222234549
-0.4159296167
-1.1418631741
0.9339323767
-0.2618911781
0.9701560505
-1.1011410769
2.4679097129
-0.9968034564
0.0962541816
0.0314243072
-0.1711522011
-0.2932499345
1.3883559079
2.3396613627
-0.2299405938
-1.1460794562
0.0378519939
0.7247025839
-0.2853407262
1.5990610565
-0.1042619095
-0.7786933240
0.3547538509
-1.1152345598
-1.9867858030
-0.1699573142
-0.7361443945
0.3845481244
2.7507013455
-0.9049075706
0.3699724161
0.2305159048
-0.0815971473
-0.6817413503
0.1169575846
0.3535370129
-1.1462002940
0.3016796943
-0.1584845259
-1.2477962659
-0.8264240580
0.1003663268
2.0550918369
-0.5252746186
0.3957190067
-0.7568611143
-0.7289172606
0.8584421724
0.7653848326
1.0880792651
0.9070354565
-0.1764525388
1.2987801741
-1.5651977690
0.0426225021
-0.3425317517
0.0368332367
-0.6785597679
-1.2905356201
-1.7791529801
0.5160990096
-0.1370916010
0.4082711628
-1.3918686729
0.4011525877
0.2055715219
0.7476388415
-1.1561586737
0.1776856287
0.6259111675
-1.6166395173
-1.0014874039
0.4701717429
-1.7905678751
-1.2207950613
0.1085228930
0.4264666470
0.8398512974
0.3499824621
0.5912780303
-0.1566789895
-0.4758151565
0.8217470369
0.0938904802
-2.2595311694
-0.5132616826
1.3578597073
0.2018579926
-1.5359382309
-0.3431905725
-0.4167628699
0.6908204673
0.5536778576
-0.2581339394
1.3477931363
-0.9394219398
-0.4984253369
1.1636936048
-0.4069670690
-2.5701410104
-2.0412854582
-1.0214787531
-1.1462554045
0.7860624753
-0.2594636878
-0.9064452292
-0.5768460133
0.9134422497
-1.2744060222
0.1001870005
-0.2574454699
0.7272530270
1.1671648439
-0.8367952979
-0.0058945283
0.6816614011
-2.1773218868
0.0017938581
0.3807794909
0.8983265025
-0.1422479672
-0.2981886295
0.8285827031
1.3351757872
0.9139033096
2.1165500087
-1.0657294915
1.9894967699
-1.7769566685
1.5089662577
0.6604321624
-1.1666063498
0.3123867995
-1.6432106982
0.7128298436
0.4197641884
-1.3721616288
-1.4110827623
0.7935349863
0.2965990294
-1.6780221045
0.1259742379
-1.2315834935
1.4247099499
-0.4315399453
0.5561937187
1.2854075442
-1.2333034107
-1.1134930731
0.2348129834
-0.5206824969
0.9345971468
-1.2469996069
-0.1174467672
-0.5688651427
1.0893739364
-0.7154161342
1.2313166542
-0.3795222707
-0.8042982880
0.6422689004
0.4379533530
-0.8039277673
0.6024357127
1.0002936204
-0.1407611628
0.6419742249
-0.8453879943
1.1849779811
-1.3476168785
2.7518467190
0.5461393762
0.3500842112
0.2146543908
-0.4194634990
0.0080542377
0.8430705163
-1.2759088394
0.6719961189
-0.6812053064
-0.4277795622
-0.1257166648
0.0061811865
0.0849661680
2.5161206314
1.3073821933
-0.5262128537
0.0972006344
-0.3373809547
0.5111061431
-1.8079502642
0.3460058269
0.2964801124
0.4232182917
-0.8000408996
-0.3151882528
0.5097966549
-0.3176399499
-0.8615705123
-1.4055125734
-0.4030805366
-1.7345688825
-0.2404145986
0.1840683779
0.6359129750
-0.1847998553
-0.2401276919
-0.0672056773
-0.8351158187
1.4529635129
-0.6734376436
-2.0384870625
-0.4993215856
0.2717588869
1.9208810585
-0.6709149134
-1.4311483393
1.2208039591
0.7331706000
-0.3203358526
0.2142470643
-0.0721670016
-0.8401162188
0.3386327787
-1.0015021342
-0.2834565016
0.4563498154
0.4704853090
-0.8218964941
-0.4181892932
-0.1474809701
-0.8451369324
-0.5762997451
1.0806913534
-1.3885888531
0.1655284077
0.1136209671
-0.5002486720
0.5912863114
-0.8947822416
0.0342698562
-0.6414243978
2.7269066878
-0.8106079256
-0.0348806549
1.0276255704
0.5189297864
-1.0060995521
0.1881025471
-1.1298420985
0.3469343166
-1.0286287929
-1.2856414112
1.0222013416
0.8581352237
-0.2409802273
-0.5179133021
0.5797537747
1.2661586558
0.0049613448
-0.8370739268
0.7117441868
-0.2901570952
0.4364323730
1.7677203660
-0.7400579612
1.9476303860
2.2249447684
-0.2461735200
0.4312297691
1.0338908765
-0.4689852410
-0.8330962644
-1.9809540324
0.3851871984
-0.8665357056
-0.0160221888
-1.3643120707
-0.6977270665
-0.4089894740
-1.1177787444
1.5423017353
0.6296643804
-1.1771111289
0.3404900448
0.6563101077
-1.4704889276
0.2466379271
-1.1603162027
0.4255216852
-0.2048226777
-0.4887460142
1.5429891061
-1.3129683555
-0.1767370976
0.4023738212
3.0327071365
-0.1879301604
0.0438072536
0.2916788913
-1.4406911376
0.0774749058
-1.3931833912
-0.4684465313
1.5304775645
0.9330190054
-0.6687323639
1.7088325503
-0.2422734698
0.0835728707
0.4561278908
1.8815319745
-1.9066005380
1.2280244696
0.5123393232
0.4018517429
0.9060773358
0.1016355483
0.4235178636
0.9164540124
-0.4784594267
1.7111423904
-1.1241998901
-0.0093186731
1.9965562542
1.2107744703
1.9745719503
0.7206013145
-0.4595623498
-0.4187073144
-0.3501043222
-0.1137805584
-0.0092469010
0.4228126110
-0.4525140760
2.0011527242
1.8117344914
-0.6637123658
-1.6407506378
-1.8396777687
-0.7561497340
0.4598265702
-0.1907748214
-1.0916369383
-0.2260083331
-0.1592666179
-0.1316948524
1.6968791959
-0.1648198698
-1.6046232557
0.2653432690
0.2691995969
-0.6318845351
-0.1484904456
-0.5262144403
0.8927852164
0.6208232622
-0.9442779162
-0.4541714126
0.2614719755
-1.7469257752
1.3310375720
-0.9776430403
0.0413609931
1.0033286459
0.4034808587
0.7979513988
-0.3195684608
-2.1120411597
-0.1705462773
-0.2361490033
-0.2722392552
-0.3841212083
-0.1247521824
-1.6307701129
0.3133977664
0.4273343161
0.5216776997
-1.5341024355
0.0201533410
-0.9348461153
-0.5666971799
1.0853688480
0.3819429919
1.1217126915
-1.0048455407
1.8525080921
0.6185871712
-1.6466868508
0.1648491988
-1.7255704818
1.1342932774
-0.2974485429
0.5768991727
-1.0025448504
2.0203238653
-0.4213467350
0.9968342563
1.4184359696
0.0338010677
-0.1514500936
-0.8105764460
-1.0080823745
-0.0245349055
-0.6442362784
-0.2728865207
1.3193130801
2.0731720256
-1.2945680322
-0.3784900158
-1.3093428077
0.8091951004
-0.3969850286
-0.4199110968
-0.0607443234
2.9960792764
-1.0067748703
-0.4865581022
0.6802910691
0.0280309639
1.6188828527
-0.0952992611
-1.3262216851
0.6328146625
0.4324624403
0.9505181150
0.7641620402
0.8159244731
1.6957413641
