19 11 0.13
12 0 0 0 1 0 2 1 2 1 3 2 1 2 2 2 3 2 4 3 1 3 2 4 2
12 0 1 1 0 1 1 2 1 2 2 3 0 3 1 3 2 3 3 3 4 4 1 4 2
12 0 0 1 0 2 0 2 1 3 0 4 0 5 0 5 1 5 2 6 0 6 1 6 2
12 0 1 0 2 1 1 1 2 2 0 2 1 2 2 3 0 3 1 3 2 4 0 5 0
12 0 1 0 2 1 2 2 1 2 2 2 3 3 0 3 1 3 2 3 3 3 4 4 1
12 0 2 0 3 0 4 1 0 1 2 1 4 2 0 2 1 2 2 2 3 2 4 2 5
12 0 2 1 0 1 1 1 2 1 3 2 1 2 2 2 3 3 2 3 3 4 2 4 3
12 0 1 0 2 0 3 1 0 1 1 1 2 2 1 2 2 2 3 3 2 3 3 4 3
12 0 3 0 4 1 1 1 3 1 4 2 0 2 1 2 2 2 3 3 2 4 2 4 3
12 0 2 1 0 1 1 1 2 1 3 2 2 3 2 3 3 4 1 4 2 4 3 4 4
12 0 1 0 2 0 3 1 0 1 1 1 2 1 3 2 1 2 2 2 3 3 2 4 2
6 3
9 2
9 11
12 6
8 5
0 5
2 0
2 0
3 7
11 1
3 4
0 0 0 0 0 0 0 1 1 1 0 0 0 0 0 0 0 0 0
0 0 0 0 0 1 0 1 0 1 0 0 0 0 0 0 0 0 0
0 1 2 1 0 1 1 1 1 1 1 0 0 0 0 0 0 0 0
2 2 2 1 0 1 1 1 0 0 1 1 0 0 0 0 0 0 0
0 2 2 2 1 1 1 1 1 0 1 1 0 0 0 0 0 0 0
0 0 2 2 0 1 1 2 1 1 1 0 0 0 0 0 0 0 0
0 0 1 3 1 1 1 0 0 1 0 0 0 0 0 0 0 0 0
0 0 0 0 0 1 2 0 0 1 1 0 0 0 0 0 0 0 0
0 0 0 0 1 1 2 2 0 0 0 0 0 0 0 0 0 0 0
0 0 0 1 1 1 0 1 0 0 0 1 0 0 0 0 0 0 0
0 0 1 1 0 1 1 1 1 0 0 1 0 0 0 0 0 0 0
0 0 0 2 1 1 1 1 1 1 0 1 1 0 0 0 0 0 0
0 1 2 2 2 1 2 1 1 0 0 1 0 0 0 0 0 0 0
0 0 0 2 1 0 0 1 1 0 0 1 0 0 0 0 0 0 0
0 0 0 1 1 0 1 1 1 0 0 1 1 1 0 0 0 0 0
0 0 1 1 1 1 1 1 1 0 0 1 1 1 0 0 0 0 0
0 0 0 0 0 0 1 0 0 0 0 0 0 0 0 0 0 0 0
0 0 0 0 0 0 1 0 0 0 0 0 0 0 0 0 0 0 0
0 0 0 0 0 0 0 0 0 0 0 0 0 0 0 0 0 0 0
0.7483003641
-0.8770539736
2.1520740245
0.1053306591
-0.8032035398
-0.5002790267
0.4674083850
-2.9658552838
0.0354525896
0.9169220335
1.5392193238
0.5701766233
-0.6449175500
0.9362486735
-2.0765667774
-0.6064647460
2.7292291557
-1.2368202846
-0.8315890999
1.5336059834
1.4312991625
1.2690169166
-1.2291967189
0.2013517537
0.5297372065
-1.1272937660
-1.1512052717
0.8576268755
1.3623955663
2.0167740294
-0.7790127325
-0.2347402995
-0.9307959420
-0.8858712583
-0.5022944972
-1.2044636270
-0.4227375785
-0.7083668851
1.3133389353
0.4500703545
-1.2038852063
-1.6343412658
0.4577183488
1.3018821254
-0.9034908515
0.1744317793
1.5920328028
1.4309919814
-1.3867510820
2.4316238833
0.0187111075
-1.7517371892
-0.8831494359
-0.1728733035
-0.8139031103
-0.3610828600
0.3885615824
-0.0153908402
0.0685327034
1.3762629818
0.5126025086
-1.7091279961
0.1825908102
-1.7773417599
-0.4445399483
-0.5993766243
-0.2469744332
-0.4130348644
-0.2974271466
-0.5056451219
0.0903161233
0.3322912127
0.8060184799
-0.1395662091
0.7622656817
-0.8925026339
1.4012498899
-0.9134915934
0.1781113585
-0.9795248713
-0.2080669368
0.4921413721
0.1949887314
0.5136153432
-1.3534575252
-0.3876355987
0.0316779766
0.1853554052
-0.6045733525
0.7777120905
0.4121525451
2.1505132812
-0.0672605528
-0.1030518505
-0.4288159323
-0.2574522884
-0.0022733897
0.5015840554
0.4775227834
-0.7375144699
-0.2728055369
-0.5230093800
0.5263418342
0.1043742395
1.1031116657
0.0737333802
-0.1799731897
-0.5009623818
-0.4432109649
1.2030560733
0.4293035439
-0.0318694276
1.5984442056
-0.2235701552
1.1111328312
-0.0651634292
0.2642955580
-0.2197618170
0.0571012697
0.3983168206
-0.3213212763
0.7660113197
0.7599658643
-0.4392466783
1.1330498252
-1.3156153401
-1.1218877064
-0.1600011094
-1.6576827903
-0.4766263810
0.1662222724
0.4994082626
-1.4753057317
1.1322249811
-1.3868404466
-0.2209851832
-0.8439416423
-0.5724860407
-1.1240999818
0.3701253278
0.5984931644
-0.5398993757
-1.8396356055
-1.5868470307
0.5421753259
-0.1472604600
-0.6195313040
1.4023895195
-0.1285100751
-1.1658833007
-0.1888284638
0.2667341032
-0.8837895716
0.1465527926
2.0301450217
-0.5637962853
-0.5675729146
-0.9102018025
1.4939684299
0.3170947761
1.0020722111
-1.2679059287
0.2645157237
0.7593907029
-1.6352358579
0.4895972470
-0.1369973511
-1.4538283701
-0.9678320566
-0.9594605006
-0.6847253086
1.1057085623
0.3440509522
2.0999102038
0.3882184127
-0.4977820009
-0.4011762267
-0.4466228215
-0.1586052627
-1.9545094011
-0.4566503426
0.3144495751
-0.3529978766
-1.7024893159
0.2187139763
-2.0745189790
-1.4788842717
1.9275634180
0.1254158703
-1.7392202582
-0.9630198671
-0.8450476750
0.8721890412
1.4834022050
0.6112463948
0.9813817077
0.1715745880
-0.2153323187
-0.7032733734
0.1907694959
0.7102465975
2.7821287911
0.0614647883
-2.6245243056
-0.5013007668
0.6700219548
0.8613689980
0.7281770825
-1.3107032816
0.0648114434
-0.7713165884
-1.4159151666
0.2284604786
-0.5868938825
0.2663852580
-0.0929575800
1.2972267075
-0.2145369893
1.7643995344
-1.5172822076
-0.4922852082
-1.4709449677
0.0658259243
0.0929452227
0.2355506351
-1.0192682443
-0.2990521756
-0.1522370442
-0.8463843515
-0.5340195544
-0.0917026798
1.2867402873
-0.1995819115
-1.0924817828
-1.0429855070
-0.1562070508
0.8960895912
-0.3026690925
0.7234028288
0.6039611077
-1.5900692925
-0.4718607352
-0.7196730770
-1.3086972349
0.5386514134
-0.9871710436
-0.2655362500
0.8455684177
-1.3636129878
0.3390296461
-0.1800884374
0.7154160701
0.5737065655
-0.4081392581
2.2549988490
0.8789000903
-2.4091166095
-1.1731913008
0.2028000550
-0.2580292425
1.9087404787
1.0241346436
0.3579668557
1.0462555255
-1.3639281684
1.0028799150
-1.6439378851
0.9608768524
-1.4422150041
1.2608261832
-2.1036678114
0.5220182636
1.0940030284
0.7113137629
2.2537894563
0.2564222553
0.5345109897
-0.7263016325
-1.9453503629
0.5970118838
-1.4087085067
1.3422591326
0.5650659804
-0.9139730561
1.1211474084
-0.4632812867
0.0293862701
0.9575027248
0.8394059387
1.6801452443
-0.5695705404
0.5487470557
0.5207470255
-1.3344551883
-0.6324561232
0.7292482688
-1.6763120595
0.1622393187
1.7014552889
2.4720420097
0.0376441170
-0.5394701541
-1.7908513945
-1.6862220120
-0.5436149993
-0.6503602535
-1.1659016117
-0.6576171717
1.1449812172
-0.4259034270
0.3193038656
-0.1356396119
0.0302548854
0.6462517627
-1.1065576619
-1.4068017537
-1.9153742357
-0.0132906540
-1.6420210465
-0.0790973452
0.7935086376
0.6304136554
0.1039587840
1.1800333830
0.0552928952
1.3262775142
-0.6876541109
-1.1440684829
2.3662743578
1.1036742335
1.1330918380
-0.3083848362
1.7329336952
0.2935564395
1.1458491295
-0.6244398207
-0.0760110729
-1.0207686588
-1.1305481695
-0.0500574423
-2.2504550493
-0.3439109150
-1.1979472062
-0.2517151219
0.1441277259
-0.3473417319
-0.5608694077
0.3279342426
1.0912275151
1.6135847753
-0.3596896832
1.8099498778
-1.1711747142
-0.5894563815
0.2035024674
-0.5794904548
0.7041171041
-2.0906477482
-1.5094325116
-0.4772587938
0.3426614632
-2.3996916896
-0.2475101815
0.5184975445
-0.8459590887
-0.4571188791
0.3247267003
0.0431279734
-0.3494841289
1.6371583500
-0.6198345194
-0.7129563682
-0.9914163939
-0.4236344838
0.8299114611
1.9746220981
0.6549071169
-1.9292174966
-2.5299963347
1.2113519652
0.8233941022
0.4159004763
-0.2547297183
-1.5881297755
0.7678144410
1.0449212429
1.0438247308
0.0829029796
0.1503190687
-0.0360344733
0.9133053837
0.5016223007
0.9514787045
-1.4861534793
-0.7105171532
0.2182915077
1.0944853553
-0.4387846310
0.2798482891
-1.9824492140
0.5816244735
1.3142496993
-0.6036370198
-0.4440048036
1.0090101916
0.1367054456
-0.7463186784
0.8232395975
-0.8578717863
-2.2984227018
-1.6207150050
-0.1280687616
0.2004428539
-0.3471834147
0.6634589503
-0.6588426366
1.4699903339
-2.2306232454
0.5597394431
-1.4355566887
-1.9655633065
-1.5182773649
1.9254797729
-1.0580510612
-0.7283462555
-0.2116265253
-0.2314232316
-0.1498781244
-0.7799636646
-1.1249819841
-0.5496826391
-0.1306126131
-0.0493288176
1.1513578336
-0.3528573610
0.3979555988
0.0972822350
-0.5455663362
0.1154264688
-0.1804991521
-0.8550903614
0.0820813706
1.4277037476
0.4508435411
0.0936248810
-2.1866081378
0.3506194992
-0.5678921998
-1.1991733782
-1.2737051869
0.9891747574
0.6244336197
-0.4394750029
-0.7966930618
-0.1523229293
0.6313777208
-0.4587935968
-1.0668376429
1.7335502833
0.3376662291
-1.2007305511
0.3752122951
1.3101897250
0.5133598297
1.3391522290
0.4581285859
0.7348756573
0.1492878569
0.5677539679
0.4897788970
-1.1719974539
1.2004082519
0.7024132074
-0.1240549816
0.5336178285
-1.4232542036
-0.9030925372
1.1872797553
-1.0198696267
-2.2489259989
0.8853663339
0.1223711045
-1.2691724638
-0.3091422298
0.6701089645
-1.1046991559
1.3016343607
1.2626010205
0.5254451608
0.7357596952
0.7084681312
-0.8663644525
-1.1527751805
0.5862595705
1.1461468274
0.5176554571
1.0273146326
1.2018629135
-0.6255672782
-0.4009053365
-0.5316534459
-0.4081374944
1.2682096862
0.6834845128
-1.3357138296
0.6167274132
0.6918329734
1.0089776021
0.4360278687
-0.7925440952
1.8238628761
-0.5673326213
1.0123662742
0.4291437019
-0.0913501917
-0.9074493972
-0.3673718807
0.6428787653
-0.8556544120
0.2463088301
-1.5483851053
1.5955189931
-0.5819614877
-0.3933115068
-1.3704642435
0.2233301965
1.6739446057
0.0742338814
0.1031254236
0.6095330603
0.1788951439
-1.1739370719
-0.7978587119
-0.8346997046
-0.6682939501
0.8075158145
-0.2134657633
0.9069387363
0.3547237907
1.3650811532
-1.2232462389
1.4827627359
0.0792170981
0.3102312983
0.6951116991
0.6934884645
-0.1491537508
0.2150460410
-0.2795805590
-1.0255169546
2.0737073011
0.4830642393
-0.5045048366
0.1579817671
-0.9442334873
0.1978490410
1.4844192134
-0.2065769069
-0.1286901910
1.1733570198
0.3378329031
0.8447930819
-0.8907358763
-0.6256610164
0.0842436740
1.3947012711
-0.3879986418
-1.3060492678
0.4400140580
-0.3261742112
0.6621430981
0.0529620927
-2.1457688043
0.3749423983
1.1349279916
-0.3126070638
-0.8142425409
1.1676745655
1.8858136183
-2.0603372601
-0.6478437030
0.6731449639
-0.1967829073
0.2832416008
-0.3136331269
0.9148339133
-1.1333636797
-0.7452091989
1.6994670284
0.5825282610
-0.8055898386
-1.3147093482
-0.2865619092
1.3851322622
-0.2350731573
-0.5932791162
0.7618685927
1.1244053769
0.0342727784
1.3083425387
0.4967835837
-0.3192270848
-0.6076770020
-2.7424101912
-0.7661979656
1.8528578547
-0.0020579997
0.6067752202
-1.4262509331
0.3519177540
0.3208267360
0.1866624416
0.8890525428
0.8387768059
0.6227989285
0.4725118468
-0.5077690628
-0.0971048473
-1.7808571156
-0.9177476052
-1.5109593053
-0.7128684206
1.0258030943
0.6963752420
-0.1548150063
0.0810300802
0.8036866647
-2.0653545877
1.0691310653
-1.8101604300
-0.6470322872
0.4010425367
1.1402145002
0.6636459686
0.0935560676
-0.5735666999
0.9187864624
-0.2701496326
1.0771722690
1.2791101981
-0.6200108523
0.7529838904
0.8558019447
0.3667019287
-1.0533776467
-1.7688097586
-0.2048512900
0.3576940117
0.0318683348
0.1813880353
0.2368792080
-1.1629996972
-0.9097804006
0.3643675321
0.1952976370
0.2269869662
0.2715620271
-0.1742814218
-0.5922181721
-2.3530460096
-0.6847112060
-0.6576367539
-1.8818791729
-0.1053118340
0.8226244601
0.3614503636
-1.4911825875
-1.1374161116
1.5480120003
-1.3551651537
1.7215576889
-0.1160508528
-0.0002493109
0.8614483297
1.1277528723
0.1145258483
-0.2342071827
1.9482458263
0.5065367472
0.7511169332
-0.5244721914
0.7448797678
2.3726156546
0.1543882554
-0.1559101153
1.5032518064
1.6181268302
0.2882229918
-0.3130349173
1.2106035586
-0.6334398364
-0.6400540408
1.1549740639
-0.3172352830
0.0307742395
2.4265724202
-0.0471784835
-0.0284529346
1.2237029141
0.1804950011
-0.9800302509
-0.3239741523
0.2002242843
-0.8018294879
0.0689784075
1.0404137663
0.4489999679
1.0953537552
-0.6790541328
1.7250416799
0.6040993273
1.5562993636
0.3165338305
-1.1822175218
1.0769300266
1.0434751837
-1.4480558712
-0.9379645399
0.4369101221
0.3284194005
-0.9272096515
-0.8045890678
