15 2 0.15
39 0 1 0 4 1 1 1 2 1 3 1 4 1 5 2 0 2 1 2 2 2 3 2 4 3 1 3 2 3 3 4 2 4 3 4 4 4 5 4 6 5 3 5 4 5 5 5 6 5 7 6 3 6 4 7 2 7 3 7 4 7 5 7 6 7 7 7 8 8 3 8 6 8 7 8 8 9 8
65 0 0 0 2 1 0 1 2 1 3 1 5 2 0 2 1 2 2 2 3 2 4 2 5 2 7 3 0 3 1 3 2 3 3 3 4 3 5 3 6 3 7 4 2 4 3 4 4 4 5 4 6 4 7 4 8 4 10 5 0 5 1 5 2 5 3 5 4 5 5 5 6 5 7 5 8 5 9 5 10 6 0 6 2 6 3 6 4 6 5 6 6 6 7 6 8 7 2 7 3 7 4 7 5 7 6 7 7 7 8 7 9 8 4 8 5 8 6 8 9 9 6 9 7 9 8 9 9 10 7
2 4
0 3
0 0 0 1 0 1 0 0 0 0 0 0 0 0 0
0 0 0 1 0 1 1 0 1 0 0 0 0 0 0
0 0 0 1 1 2 1 1 2 0 1 0 0 0 0
0 0 0 1 1 2 2 2 2 2 1 0 0 0 0
0 0 0 0 1 2 2 2 2 1 1 1 0 1 0
0 0 0 1 1 2 2 2 1 1 1 1 1 1 0
0 0 0 1 0 1 2 2 2 2 2 1 0 0 0
0 0 0 0 0 1 1 2 2 2 2 2 1 0 0
0 0 0 0 0 0 0 2 2 1 0 0 1 0 0
0 0 0 0 0 0 1 1 1 2 2 2 2 0 0
0 0 0 0 0 0 0 1 0 0 2 1 1 0 0
0 0 0 0 0 0 0 0 0 0 0 0 1 0 0
0 0 0 0 0 0 0 0 0 0 0 0 0 0 0
0 0 0 0 0 0 0 0 0 0 0 0 0 0 0
0 0 0 0 0 0 0 0 0 0 0 0 0 0 0
-0.1637014908
0.0531465332
0.1814975573
1.1985135428
0.1953783234
0.9039043567
-0.4431424638
0.3987024369
-0.7083439710
2.1299761884
0.0945092330
-1.7023549003
-0.0951306622
0.3171528328
2.3727573509
-2.4331811147
0.3946655638
-0.7061286953
0.3626619052
0.7437627915
-0.9982024852
1.1152403310
1.0197343809
0.7011128114
0.2092663813
-0.0914722616
0.3922314912
0.6577815993
0.3234377536
-0.3366599610
0.5787047279
-0.3226559388
1.1781963337
-0.2826155334
-0.0422210374
0.7590984627
-1.1527481027
0.2499160659
0.1770457637
-0.2791030192
0.4601264038
0.8389546271
-0.0735101074
-1.7238534463
-1.6581639618
0.2733172297
-0.0303803524
0.0449728673
-0.5750639243
-0.2459992464
1.7103637500
-1.4844871894
-1.6078733498
0.8643135883
-1.3244318174
-0.5767209008
-1.6899978114
-1.7613709557
-0.2472327221
-0.2749983287
1.0667638110
0.3213768836
0.5087222147
-0.6977585526
-0.7816111469
-1.5101370406
1.0695754515
0.6013849425
0.7845018856
0.4436415320
1.3893680735
0.9580478145
0.3317794327
0.8426035518
-0.6355343961
-1.8720690006
-0.1003173011
0.4034619302
0.7540867812
-1.0643630173
-0.3469270733
0.0394001454
2.0346192696
-0.8561377034
-0.1341932824
0.9416460769
0.9379212855
0.8758593544
-0.3386135602
2.2324213043
-0.1805416227
-0.9376770891
1.6013455554
-0.4123747967
-0.2376699603
0.1637490842
0.8447961479
0.3288250878
-0.2388083768
0.1231258845
0.6909381659
0.2605521808
-1.4355977456
-0.5833964192
0.1626425835
0.0682217428
1.8326111097
-0.7913009408
0.6749174013
-0.5617171542
0.9873392613
-1.7869123582
-1.1369703757
-0.6158865848
0.1986020820
0.4633211438
-0.6265132453
0.0193741958
0.1211347541
-0.0283856162
1.2913079168
-1.2965375063
-1.7913923633
-0.2298687410
-1.2867341676
-0.7528619079
0.4310197789
0.2562425616
1.0427224435
0.1190093684
-0.1840192110
0.7315157737
0.3856617606
3.5696192426
1.8542109270
-0.2434123537
-0.1723543660
-1.1504173813
-1.2498655085
0.6217087040
0.0580374495
-0.6276837948
0.4315109411
1.2421743408
-1.2195020396
2.5449280942
-0.8465445962
0.7221325541
1.7489557625
0.6039025491
-0.3281594821
0.9766276306
-0.3289249027
-1.5519018561
-1.3581930825
0.3685220391
0.4083137724
0.2618389137
-0.1106771066
-1.5185445951
-1.4752423201
-0.5335972624
-0.6352913316
-0.8218087081
-0.9257661120
-0.7181657500
-1.0461191964
1.1122460607
1.3183603216
0.0026671345
-0.8361796432
-0.5893654553
-0.9987833420
-0.2867201963
-1.0937331029
0.2971111740
-0.3647287131
0.5942865200
-1.6434355817
0.5223816606
-1.4880903294
0.2588384214
0.0355362262
0.1706134010
0.6355427686
-0.1610580966
-0.7182222403
-0.6431537682
-0.1012899155
1.0385022193
2.0768619648
0.5800854235
0.2101727421
0.1310993299
0.7429584345
-0.7893737592
0.3430546965
2.4766440604
1.2882828595
-0.3233717085
-0.1997370288
-0.3989093224
-0.2921105831
-1.0127278521
0.0132969415
1.3947978950
-1.8735654486
-0.9875379857
-0.6465774552
-0.5314852372
-1.8665460611
0.6415017390
-0.2285905150
0.8919730844
0.3545843709
-0.1109282722
-0.1425582272
1.4534367272
0.0902056900
-0.4136605562
2.1367786028
0.3871757894
-1.5789532491
-1.5747931447
0.8434133454
-0.5380168989
-0.0467501014
0.0348619099
-0.2287946319
-0.9056224441
-1.0126152516
-0.4124793398
-0.7829891003
-1.0488179275
-1.7013051483
-1.1319444101
-0.4951494357
0.7319564426
-0.7926907414
0.1091905229
0.2288564225
-0.0079121406
-0.6845777788
-0.8359277018
1.3519669822
-1.0542549061
-0.1882561319
-0.9791884128
-1.5637374575
-0.6506443858
1.0311101152
-0.6653798676
1.1415319915
-0.2242781753
-0.8945172844
-0.1815045502
1.3132079962
2.1282635321
0.3226762544
-1.0021493258
0.0578073697
-0.5315181744
-0.0006665376
0.2061540422
0.6112066947
0.2401806432
-1.0517854183
-0.7851744252
-1.5557503279
-0.9946370425
1.3488774450
1.8462678461
1.9174202053
0.5404360024
2.4037015456
2.6270036036
0.5159096627
-0.6615367984
1.4371936724
-0.8408954549
-0.0924860627
0.5041319051
1.2284833879
-1.0934941574
1.2306785779
0.5151613558
1.2650283626
0.2926646241
0.2474176294
-0.1391196343
-0.1548784412
-1.3084378375
0.7926263522
0.7481399371
-1.2893710128
-1.0746497648
-1.5579259177
1.6800683468
1.1193849197
1.3807410290
-2.2198398664
0.3432457415
0.2874123679
0.7895553843
2.2828253437
-2.1495495486
-0.1896003550
1.2929754826
0.3131708601
2.5686332047
-1.0890811153
0.0998687708
-0.1589636596
0.9018346889
-0.1392898776
-1.4443948016
-1.4063308770
-0.6706127340
-2.6060745213
0.5662589033
0.0745502061
-1.1347718056
0.2016513109
0.2259392225
-0.5819378157
-0.2685287594
-0.5306434688
-1.3277902382
-0.3298431852
-0.6336606311
0.3665177215
-1.3287754477
0.4503064214
-0.1133321612
-1.4187746720
0.2272908951
-0.7669673471
-0.7159902486
-0.3056181421
1.1534765731
-1.2563054081
-0.3200130622
0.3462440877
0.6879469587
0.3339397322
0.2698079048
-0.8701994354
0.3889464056
0.3955542523
-1.6814134508
0.4952099989
-0.3787658966
-0.6852879365
-1.0672379273
0.7535205575
0.0015672959
1.0997371032
1.8874982685
-0.8183067626
-0.4085227508
-0.5513481299
1.4951030229
1.1704259325
0.1319648581
-1.7611974898
0.5737053748
1.1263643679
-1.4862513934
1.0259726966
1.4110124058
-0.9539471869
0.1484433493
-1.8468695750
-1.6669299083
-0.2049009719
1.3780473515
-0.0899017022
1.1996377750
-0.8418883332
1.8878189583
0.1847975345
0.1165110647
-0.6700811104
0.9956803256
1.0597352985
-0.5880165791
-0.7242769626
0.9164398529
-0.3050853873
0.0177518023
2.6252335883
-0.3913180718
-0.7829733570
0.9183259694
-0.2361180681
-0.1760134676
1.1407870565
-0.0484421436
-2.2381784533
0.7835321812
-0.9230137195
-1.0862474772
0.3637418439
0.4390052567
-0.8130849734
0.9740863069
0.5940744396
-0.7038160744
-0.5677078686
-0.0906424691
-0.6125608467
-0.4050451116
-1.6387106583
0.8398095931
-0.3528966292
1.4751388304
1.2172064326
-0.7870610394
-2.0569481744
0.2973280593
0.2549154479
-1.2562827470
-0.4118647820
0.8367324510
-1.6956744164
0.3628956643
-0.2781497666
-1.0185121755
0.5214015761
-0.3016160596
0.5336446481
-1.4993383109
0.7190648767
1.7270472370
-0.0249879719
0.5923367008
1.0057769667
0.3707842622
0.1193470501
0.9247867338
-0.5059534506
-0.0771454643
0.4088320361
0.0298668171
0.8045766906
1.9339053578
-0.8338640794
-1.8245063188
0.2983592926
1.1989187952
