18 4 0.05
25 0 4 1 1 1 2 1 3 1 4 2 2 2 3 2 4 2 5 3 3 3 4 3 5 3 6 4 2 4 3 4 4 5 0 5 1 5 2 5 3 5 4 5 5 6 3 6 4 7 3
21 0 3 1 2 1 3 2 1 2 2 2 3 2 4 2 5 2 6 3 0 3 1 3 2 3 3 3 5 3 6 4 0 4 1 4 2 4 3 4 4 5 4
22 0 1 1 0 1 1 1 2 1 3 1 4 2 2 2 3 2 4 3 1 3 2 3 3 3 4 3 5 4 3 4 4 4 5 4 6 4 7 4 8 4 9 5 4
34 0 3 1 3 1 4 1 5 2 3 2 4 2 5 2 6 2 7 2 8 2 9 3 4 3 5 3 6 4 0 4 1 4 2 4 3 4 4 4 5 4 6 5 0 5 3 5 4 5 5 6 1 6 2 6 3 6 4 6 5 6 6 7 4 7 5 7 6
0 8
12 2
11 5
4 6
0 0 0 0 0 0 0 0 0 0 0 0 1 0 0 0 0 0
0 0 0 0 0 0 0 0 0 1 1 1 1 0 0 0 0 0
0 0 0 0 0 0 0 0 0 0 1 1 1 1 0 0 0 0
0 0 0 0 0 0 0 0 0 0 0 1 1 1 1 0 0 0
0 0 0 0 0 0 0 0 0 1 1 1 1 0 0 0 0 0
0 0 0 0 0 0 0 0 1 2 2 2 1 1 0 0 0 0
0 0 0 0 0 0 0 0 0 1 1 2 2 1 1 1 0 0
0 0 0 0 0 0 0 0 0 0 1 2 1 0 0 0 0 0
0 0 0 0 0 0 1 1 1 1 1 1 1 0 0 0 0 0
0 0 0 0 0 0 1 0 0 1 1 1 0 0 0 0 0 0
0 0 0 0 0 0 0 1 1 1 1 1 1 0 0 0 0 0
0 0 0 0 0 0 1 0 0 0 1 1 1 0 0 0 0 0
0 0 0 0 0 2 1 1 1 1 0 0 0 0 0 0 0 0
0 0 0 0 1 1 0 1 1 1 0 0 0 0 0 0 0 0
0 0 0 1 1 1 2 2 2 1 1 0 0 0 0 0 0 0
0 0 1 1 1 1 0 1 2 1 1 1 1 1 1 0 0 0
0 0 1 1 1 1 1 0 0 1 0 0 0 0 0 0 0 0
0 0 0 0 0 0 1 0 0 0 0 0 0 0 0 0 0 0
0.1809214651
0.7804812864
1.0164168662
1.1613898674
-0.9438540915
1.0143827846
-1.2181558111
0.9051410754
0.3489681521
0.9471507594
-0.4958321572
-0.4200512383
0.2296488413
0.8340967654
-1.9362279854
0.5193019301
0.8154858600
-0.7790373391
-1.7038679536
-0.7055120151
0.7065665585
-1.0010331179
-0.6920275436
-0.4638297538
1.6326625616
-0.5985292414
0.9760158541
0.6019314909
-0.7603145698
-0.9012433629
0.1998540881
0.2047990802
-1.1715876553
0.0248172964
0.8023407731
0.6330503960
-2.5992422344
-0.5307779447
0.1624784020
-0.3078747959
-0.4708380345
-0.0382707210
1.6737048512
0.2727798171
-2.9277881599
0.2925385854
-0.2114867982
-0.7822671288
-0.5586722204
-1.6636645755
-0.5632182236
0.8596328167
0.0492622571
1.5530017171
-0.4171117226
0.6060841993
-0.4999287126
-0.2042820103
-0.1710864922
0.4930006666
0.3532389669
0.5643055482
0.2307908379
0.6383888539
-0.5615691061
0.4056137662
1.5172498790
0.2124142215
-0.5389281095
0.8730610843
-1.8339192302
-0.1782583605
-1.1393898877
0.9595262058
-0.1116377395
-0.6796103329
0.3439786088
0.7223558650
1.2511144739
-1.3532345156
-0.9519439033
-0.0743608753
2.5382305278
0.5789648876
-0.6089679732
0.6227855910
-1.8650797008
0.2054891976
0.3661149089
-0.0234757143
-0.7614880482
-0.2468213789
0.6421195897
0.0049947857
0.1168403645
-0.0094295564
-1.4971950383
-0.9852888478
0.1355422742
-0.2482803370
-0.5353644898
-0.3664649966
2.2760965844
1.2567314158
0.6444502401
0.0935008417
-1.4910128012
0.7193749041
0.3198699419
0.9350642319
-0.5902221848
-0.1639920898
-0.0261918325
1.5541407888
1.0303775456
-0.2854863144
-0.5572955318
-1.5827387549
-0.5488425629
0.1157681996
0.9887079526
-0.3034959197
0.8305649135
0.1577598398
0.1940339511
0.8830422133
1.3540185869
0.3175521079
0.2596824364
-0.7877403266
-2.6236562790
-0.4463869934
0.7365043596
0.6977516591
1.5355373180
-0.9512098806
-0.7233140399
-0.6026359113
-1.9068271100
1.2694469784
1.8391488803
-0.5485594063
-0.1735743303
-1.6051254502
0.5756206770
-0.6328206928
-0.8046152580
0.2984284229
0.4323503119
-0.6096432525
0.8941380520
1.6111912643
-0.2819871595
0.0352893433
0.5618168107
-0.1169978898
0.4285860552
0.0939122723
0.1715226960
-0.4514070859
-0.5176353885
-0.3384232720
0.4903722380
1.3225751829
0.5135368479
0.9653743607
-0.3811679284
-0.1136585592
-0.2428354435
-0.6552240795
0.3693172045
-0.9722689432
3.8743622336
1.2093599214
-0.0822573308
1.0291539878
0.0450431063
-1.6437457014
0.2167946934
0.9220239561
0.1017231255
0.5730171523
0.0397221731
0.7955790561
-0.3199693643
-0.9095136811
-0.2536482073
0.4289463629
0.4123198605
2.2856514236
1.0656337036
-0.0636172690
0.8194036929
0.8787938415
-1.0862338601
1.0862286663
1.1069274425
-0.1985430310
0.7680031063
-0.3030027271
-0.1513293550
1.7683735022
-0.6771760031
0.7346036245
-0.0727661232
1.0511726214
-0.1527418385
-0.1132677350
0.9105867583
0.1522687077
-0.5168434568
0.5136207030
0.5361707432
0.1074529493
0.5163914743
-0.8428919186
-0.7047380974
0.5553921178
0.2012990550
4.0073444954
-0.9094068256
-0.5303278761
-0.6599553845
-0.8898794008
-0.4143231861
-0.5573590416
0.4308331609
2.4123709708
1.3704145135
-1.7538433916
1.6767331789
0.6889874929
1.6901959917
-0.0314508252
1.7566921073
0.1509884671
1.4203459332
-0.9717561107
-0.8824633068
0.4068388675
1.2831388125
0.3870266652
0.7013158087
1.5808775509
-0.7885225725
-0.1209847105
-1.9037260949
-0.5820008098
0.0616661899
-0.7652654931
-0.1370408734
0.0632861249
-1.0135747505
0.6735009755
-0.5900619363
1.2949783575
-0.6069260393
0.5098339865
-1.1756547463
0.2689781931
1.0522427883
0.6424483774
0.2514870551
1.3407523392
-0.9573221200
0.0907876296
-0.6686294335
1.1435250139
-1.1098065804
0.6967463448
-0.7314559262
-1.2849161114
1.5472558743
0.3769713865
-1.3217454717
0.5212408410
-0.2757036264
0.8649469086
0.3319007850
1.9141020908
0.9234578218
-0.7509237242
1.0773147387
1.2856008104
0.7381506814
-0.6611187280
-1.6642971887
0.0574728774
0.7863014845
0.0567417723
-0.8266111880
0.6297387546
0.1089488206
-0.4166329920
1.2601594938
1.3734697240
-0.6652132874
0.2319382597
-2.6458554541
1.2776465935
-0.9522162962
0.8893211454
-0.3886143166
0.0201026995
1.5214894499
1.0912634871
0.1328005124
0.5544699539
1.0571380481
0.2939358791
-1.5021169985
-1.8743303784
0.1608229369
1.0988891700
-0.1927130007
0.8503831599
0.9156753877
0.5680520681
0.4729564303
0.0119817839
0.4493963942
-0.9391115285
-0.2768360766
1.0718303833
-1.0533929986
-3.2104755393
-0.4855506360
-0.2867695110
-0.7953201356
-0.7222677952
1.5495004845
0.3597216498
1.8838134949
-3.3725008352
-0.1665312336
-1.2380670352
-1.2229774947
-1.7541939291
0.3975249859
0.0179383468
-0.0815124191
0.4101409853
0.8937771772
0.0438920174
-0.6847585210
-0.7139901707
-1.5421189936
2.4835226573
1.2791213657
-1.1128136321
-0.9541272988
-0.3813276747
-1.2330196490
-0.0385590685
0.4877215322
0.4615939545
1.2297854933
-0.1141157326
2.1191544876
1.0766856563
-1.0933481033
1.4006410275
-1.7515826002
1.4461049018
-0.0063111474
1.2926888986
-0.4522916358
-1.0025704269
1.6589273470
-0.1799142289
-0.2928972776
0.8823645696
-1.1858856779
0.7754275259
1.4873007986
1.1737206549
-0.0586961459
1.5293743362
-0.7719426508
0.5378814117
0.4087113546
0.8066015158
1.6491312979
0.9018518961
-1.0148725904
-1.5692487715
-0.2289343201
1.7293563966
-0.7563700538
1.1691242152
0.7524477487
-0.1755987597
-0.7032526192
-0.0054451020
-1.0774332341
0.2338057368
2.1439224136
0.5124630634
-0.7702669938
0.8751982843
1.4604154592
1.7963050592
1.2344090533
1.5270662526
1.2667935307
0.9144969180
-0.1747140777
1.3089022658
-0.4295914221
-1.0715758831
0.6156912517
-0.1446314590
0.1841742012
0.2074273481
-0.1549800659
0.6281728884
-0.7172840168
0.2741344762
-0.7885199303
0.4301938390
0.4685973105
0.0970841555
-0.4135320598
0.7110678062
0.5589595761
-0.7869121489
1.6144437831
-1.9729849172
1.0774884808
-0.0406127408
1.0727870179
0.2678265453
-0.4667688224
0.9389496069
-0.2412515635
-0.8115709480
-0.5009688284
0.1223499392
0.5606154697
-0.4324060692
0.9441768578
-0.2685878111
0.1090934510
1.2305825496
-0.7465324777
-0.0402517359
-0.1168548403
0.7889622384
-0.7828798053
1.2347694207
-0.5420816567
0.5738845359
-0.5943171695
-0.4522648428
0.8462173292
-0.4947355563
-1.8904470125
0.6838181569
-1.4333035078
1.2429733580
-1.6324696160
0.6012314893
-1.5992493356
-0.1701672666
1.2307658694
-1.3672806648
1.0126667058
0.5907288872
-0.8614973060
0.6778673384
-0.1530917816
-1.6022725098
-0.9514813115
0.6769185466
-0.0405630583
0.5723914578
0.1840063386
1.3961140725
0.8357068246
-1.3378458738
-0.3948913520
-0.3342701297
0.3545858011
-0.8413053674
-0.5716220103
-0.2943201996
0.6204469511
2.0173046757
-0.6132045772
-1.3127108084
-0.3424438307
-0.0972366692
0.1904553665
-0.9602900313
-0.9000026473
-0.1983055286
0.9504111484
0.3287600610
-0.4027747248
0.3022064907
-2.5711307432
-0.8328565551
-0.4614421075
-0.1703844807
0.6728767781
0.8592443630
-1.2644184978
1.5883490023
1.2573133030
0.9746225632
-0.0501370239
0.9140926296
-0.9216666832
0.6969055785
1.5199960065
0.7106727950
0.4833420117
1.9247576072
1.1163056933
-1.2544271970
-1.0015709447
0.7401426118
1.1966598342
1.2114761206
-0.1812392732
-0.0052697157
0.7262289638
-0.4349953030
0.4482771752
-0.8557602468
1.2340184674
0.8837627811
0.1531658937
0.1307843011
-0.7619651851
-0.2666737978
-0.1646358364
1.3249368733
-0.1174852341
0.5976825290
-0.3840819249
1.2061550265
-0.0424638877
1.5520410966
-0.8253319975
1.0249266630
-0.6441627003
-0.4385163977
-0.5036867456
-0.3545139092
0.2226136707
1.6423242267
-0.1398628352
0.9767922342
1.1340314839
0.0177817952
-0.4486010425
-2.0620465932
-0.8634361376
0.4131310912
0.7010875048
0.8492635993
-1.1103725656
-0.3924441278
-1.2573413844
-1.1237393904
0.6148542837
-0.5027548102
-0.6173791847
-0.4889983957
-0.9315554914
-0.6824373710
0.6002087455
0.6387398586
-2.5008604650
-0.5623357161
0.7941130173
-0.9041678422
-0.3848640973
-0.6932745224
1.9986955131
-0.1313968071
-2.2510857456
-0.6770254939
-0.2580039710
0.7203244822
-0.6548311272
1.0402111694
1.6619874620
-0.4122610784
-1.3560105043
0.3495177403
0.0387680004
0.3635836751
-0.7946673951
-0.5146857045
0.2217100723
-1.4351247566
-0.3870668985
0.0752118134
-1.1866479377
-0.6460213799
-0.4538631511
0.5921443198
0.1561690015
0.0214427712
1.2804536861
-0.8913548829
0.2470447967
0.1160366452
0.4732813313
1.1861462092
1.0617460498
1.0147214281
-0.4445831608
0.2081280505
1.5334962213
1.2297267827
-0.4474905445
0.3467103736
-1.4994329705
0.8963593079
-0.6535773712
1.1161970046
0.1548799498
-0.2026886663
-0.0380801078
0.3461677671
0.6720563606
0.4763468164
-2.1817162289
-0.6326933423
0.9377136078
0.5939851400
-1.1822040756
-1.8008583610
-0.9662555676
-0.8688494026
-0.3111064747
-0.2151506011
-0.1063718948
-0.2818317177
1.9461423100
-1.1308299833
1.2799947888
-0.0621212312
-1.6826585360
0.2395686398
