10 2 0.02
14 0 4 1 1 1 2 1 3 1 4 1 5 2 0 2 1 2 3 2 5 2 6 3 6 3 7 4 6
13 0 2 1 0 1 1 1 2 1 4 2 1 2 2 2 3 2 4 2 5 3 3 3 4 3 5
4 1
2 1
0 0 0 0 0 0 0 0 0 0
0 0 0 0 0 0 0 0 0 0
0 0 0 1 0 0 0 0 0 0
0 1 1 1 0 1 0 0 0 0
0 0 1 1 1 2 1 0 0 0
0 0 1 1 2 2 2 0 0 0
0 1 1 0 1 0 1 1 0 0
0 0 0 0 0 0 0 1 1 0
0 0 0 0 0 0 0 1 0 0
0 0 0 0 0 0 0 0 0 0
0.7035795038
0.2676241620
1.1384459861
-0.4351531229
-0.5986285906
1.3164030941
-0.1624145906
-0.1575487596
0.1557962633
0.9396887225
0.1090396899
-1.7773850207
-0.1735669018
-0.4035862294
0.2213770289
0.3209321594
-0.7659569652
0.2098947842
0.5414313972
-1.1977679120
0.3484861910
0.1377494070
-0.5343199000
-0.8142603555
-0.7708799206
0.6751775954
0.7075593287
1.1485064052
-0.8893721927
0.5984074018
-0.3918560691
-1.1665690034
0.3861971795
0.5478266798
0.9962644270
-0.0431354715
1.1640213463
-2.3527182910
0.3422438810
0.1738345039
1.0232443676
-0.1912153300
-0.4268748945
-2.1511008494
-0.5952108982
-0.4581519437
-0.5296222405
-0.5468053702
-0.1964143342
-0.8022539818
0.5512793611
0.9583122094
-0.5538866931
1.1491894993
0.9203453351
1.1431505405
0.5405573993
1.1723156853
-0.9390677422
-0.2658785295
-1.9012583699
1.9554089010
-0.6563137530
0.7397886104
-0.1824286323
0.1715048455
-0.0301652498
-2.4531311233
0.7089403357
0.2034813365
0.1534807384
-0.1724837956
-0.3553854874
-0.8281986251
1.1321067748
0.0347259813
2.1423799053
-1.4620585553
1.2740242016
0.2114288064
-0.5308424274
0.3396329956
0.6485836754
2.0577820743
-1.3648312403
-0.3543728096
-0.9101555260
-0.9661776633
0.6834010601
0.8747638237
2.1485918671
0.8420169866
0.7723983011
1.6995409640
0.0129274033
1.1120937389
1.2308443982
0.1155805240
1.1536436027
0.0642382418
0.2289025143
0.4242733945
-0.6367907261
-0.4958106440
0.6748783635
1.4042931449
0.6013084537
0.4930749678
0.2701030371
0.4806499312
0.0960275648
0.0037308111
-0.9862237713
1.8456623052
0.6747044096
0.4835984260
0.1418901234
0.5513440745
1.0149144623
0.1726538494
0.7614256832
-0.2466980115
0.2359066759
0.7227761358
-0.1994929576
-0.3115759197
0.7029367490
1.0774369134
-0.3215703067
-0.4630268709
2.1203663577
1.2885497804
0.8676033124
0.2600872257
-0.7382373666
-0.6961780995
-0.3180207229
0.3797639814
-0.0589535036
1.5699081399
0.1022399186
0.2786624802
-1.8867725235
-0.2610046884
0.6241957780
-0.9692298334
-0.5078316601
-0.6764434404
-1.4175658176
-0.5019808934
0.6488474959
1.2530793169
1.2856235453
0.6054626839
-0.9266484998
0.8523219750
-0.0239192963
-0.7274906729
1.2463691580
0.7236355657
-0.8120387210
-0.2768592885
-0.2838944903
0.2817861177
-1.0107706636
0.8503412868
-1.4548661620
-1.2958286870
0.8652504382
0.2751772726
0.9114137014
-0.9656041784
-0.1774032317
0.9652266677
0.3719671977
1.0165185638
1.2616229423
-0.2215574984
-2.1353277553
0.1048203774
0.4157885302
-0.1035744887
1.0857306381
1.7061052684
0.1302740302
-0.4772531803
-1.9358371828
-0.4862209634
-0.8183077205
-0.5490866909
0.8193659846
-0.6941216127
-1.2747235390
-0.4950523451
1.3920496277
0.4573737362
-0.7469728602
-1.7803419102
0.6105386369
0.0865771460
