18 16 0.08
6 0 0 0 1 0 2 1 2 2 2 3 2
6 0 0 1 0 2 0 2 1 3 0 4 0
4 0 0 1 0 2 0 2 1
6 0 2 1 0 1 1 1 2 2 0 3 0
6 0 0 0 1 0 2 1 0 1 1 2 0
5 0 0 0 1 0 2 1 0 2 0
5 0 2 1 1 1 2 2 0 2 1
6 0 0 1 0 1 1 2 0 2 1 3 0
5 0 1 0 2 1 1 2 0 2 1
4 0 0 0 1 1 1 1 2
5 0 0 1 0 1 1 1 2 1 3
5 0 0 1 0 2 0 2 1 3 1
4 0 0 1 0 2 0 3 0
5 0 1 0 2 1 1 2 0 2 1
6 0 0 0 1 1 0 2 0 2 1 3 0
4 0 0 0 1 1 0 1 1
5 0
7 9
11 5
1 3
8 2
7 1
1 9
1 4
11 1
15 15
15 14
1 16
7 16
8 12
8 10
13 1
0 0 0 0 0 0 0 0 0 0 0 0 0 0 0 0 0 0
0 0 0 0 1 1 0 0 0 0 0 1 0 0 0 0 1 0
0 0 0 1 2 2 0 0 0 0 1 1 0 0 0 0 1 0
0 0 0 1 1 1 0 0 0 1 1 0 0 0 0 0 1 1
0 0 0 1 1 0 0 0 0 0 0 0 0 0 0 0 0 1
1 1 1 0 0 0 0 0 0 0 0 0 0 0 0 0 0 0
0 0 1 0 0 0 0 0 0 0 0 0 0 0 0 0 0 0
0 1 2 1 0 0 0 0 0 1 0 0 0 0 0 0 1 0
0 1 2 1 1 0 0 0 0 1 1 1 0 1 1 0 1 0
0 1 1 1 0 0 0 0 0 1 2 0 0 1 0 0 1 0
0 0 1 0 0 0 0 0 0 1 1 1 1 1 0 0 1 0
0 0 1 1 0 1 0 0 0 1 1 0 0 0 0 0 0 0
0 0 1 0 0 1 0 0 0 0 0 0 0 0 0 0 0 0
0 2 2 0 0 1 1 0 0 0 0 0 0 0 0 0 0 0
0 1 1 0 0 0 0 0 0 0 0 0 0 0 0 0 0 0
0 0 0 0 0 0 0 0 0 0 0 0 0 0 1 1 1 0
0 0 0 0 0 0 0 0 0 0 0 0 0 0 1 1 2 2
0 0 0 0 0 0 0 0 0 0 0 0 0 0 0 0 0 0
-0.7566093618
-0.0523395531
-2.4689260690
-0.8434962633
0.0497894444
-1.1452455847
0.4907488578
1.0701811581
0.4820732342
-0.8101923048
-0.8019597363
-0.7892062015
0.1807640941
1.7267852501
0.8458442328
-0.1722640448
-0.6175839888
2.6891123979
2.1299125464
0.1975820288
-0.6888875830
-0.7591403357
-1.1010753203
-0.3692834484
-0.5114925703
-0.0289251350
1.0743290734
-0.7971390724
0.4896401480
1.6276845723
-2.4105330973
0.7190242997
-0.7382066220
-0.4655144535
0.1388883262
-0.0983753564
0.6669732334
-0.1776863365
1.2833498464
0.5625235076
0.2475300404
-1.9566065621
0.2912914702
-0.2816339341
0.5413695873
0.4117302726
0.2248254417
0.2426014453
0.2419813028
1.1179219983
-0.1976583419
1.8394997124
0.8059846539
-1.7612020276
-0.7801838518
-0.0332834019
0.8222280306
-0.8000013410
1.3259417286
-0.2310580964
0.9703147728
0.3608363682
-2.8139637236
-0.4344897973
0.0161441437
-0.0662234423
-0.4504150907
0.7849364395
2.3540819887
0.9649953289
0.4345924499
0.0858233689
-0.7784605061
0.2420471404
0.1597795178
0.1625448874
0.1780293473
-0.3090120151
-0.0558324469
-1.1449242047
0.1498877074
-0.6681023221
-1.4825647918
0.3842570271
-1.2981630601
1.6340590695
-0.3041598043
-1.9672659613
-1.3382586469
1.2938843943
0.7283112692
-1.3648541902
0.6965147995
1.6582983692
-0.6544011006
-0.1466008702
-0.9240727144
0.4157888437
0.0143322486
-0.0778655044
0.3905713728
-0.2062612237
1.0738375954
0.3825499719
1.0646219303
-1.3193090419
-0.0471099044
-0.7927116925
-0.8165475826
-0.6662308035
1.0824354164
-0.0952743370
-0.5319656963
-0.7108546565
-0.6969283675
0.5816189464
-1.1915635076
-1.3455464808
-1.6387737219
0.2359002882
1.1485803802
0.3090815689
-0.5880320015
-1.0536566613
1.4607568839
-0.9709554896
-0.2684272944
1.1767007871
1.9540907833
0.2122580523
0.4050685121
-0.6338904366
-0.2981805558
0.1624157068
-0.5564810702
0.5384495388
2.0177608060
-0.9435177729
-0.3421322664
0.2613031938
0.0695449492
1.5124349657
0.2362325271
1.0394798842
0.1283516884
-1.7393419787
-0.0048955653
-0.2313753853
1.5543061134
-1.1911553004
-0.0196397543
-0.7026044001
0.0836840651
0.3546718636
-0.2930523963
-0.8051808772
2.2431594294
0.4881142042
-0.1801329061
-0.6222491464
0.3460683429
0.4205664190
0.4041779880
-0.7051608928
1.3536104975
0.5730507196
-0.5651119852
-0.4339986078
0.7412867455
-0.3343760408
-0.0070666837
-0.0334362671
0.1523764128
0.1872266461
1.0938199016
1.4600863551
-0.2770218910
-0.1372307520
-0.3224138367
-0.4264039798
0.5204254486
-0.3831121707
-0.7687530265
-1.0762657623
0.6049273278
0.4585639166
0.8615972142
-0.1138178364
-0.1265960637
1.2086896857
-0.1770201905
0.9793872248
0.0542693171
-1.1203144127
-0.8986192031
0.7030089771
-0.2577374878
0.0940817723
0.9637183580
-1.1026126368
2.1347132735
-1.9776006257
2.2228682232
-0.3997751252
0.0664631408
-0.3081786188
0.1144753446
0.6845416798
-0.5092151198
1.3373876132
0.0102059961
-0.1670407273
0.8093774820
-0.3339706461
-0.3870871549
-0.0484311033
-0.7283888077
0.5176827248
-1.6781656240
-0.1296340385
0.9687523197
-0.1974447824
-1.4811431984
-1.1349890416
0.2682581084
1.8179092785
-0.4670256613
-1.3125232236
0.5590076100
0.9757282585
-0.9627213460
0.6115907804
1.0108848592
-1.5686368197
0.7147080715
0.2227305504
-0.6510021854
1.1356179342
-0.6327166918
0.0905211917
0.8865483858
-0.4500557258
1.0378756012
0.6216595677
0.6863610042
-1.5689627708
2.0780533234
-1.3982047252
0.4276428784
0.2793588418
1.1182743809
0.5882245820
-1.0712471428
-1.9476208535
-1.1177839822
0.5036563702
0.6621499127
2.4966678338
-0.3392934366
0.1456870270
0.7247694854
0.6626317759
-0.2623702180
-0.5741617750
-0.4625515983
0.9616766818
-0.5546761216
-0.0850893617
-2.0846958026
-0.2585128620
0.8480336644
0.4021437899
-0.2312824297
1.0458337211
-0.1416794271
1.7362675687
0.1036541190
-0.4192908604
1.2227308419
-0.4535700032
1.0937047686
-1.4282542891
-0.2013310913
1.1957952876
2.0102049386
-1.1821003973
-0.6587974543
1.8933355867
-2.6169953341
-0.0752366394
-0.0945103021
1.1436046852
-0.7424703545
1.1234373700
-1.3667148830
-0.1908141167
0.0772260882
-0.1781262566
-1.1355695362
0.3909046869
0.8695163747
0.0926826823
-0.2348200344
0.0766825321
0.8010487672
0.9544350088
0.1565464783
-0.3877893495
0.2481088584
-1.6090758201
1.2464855889
0.5263360481
-0.7217943243
1.2142139179
0.3919774946
0.3144158267
-2.4353960292
-0.9655267401
1.2727327673
-0.0036042712
-0.0234712941
0.5184995813
-1.2341706930
0.5095733884
0.7082822204
-0.0714566632
0.5899467532
-1.0052294169
-1.2279010131
-0.8906265620
-0.3394613697
1.8172028381
0.9405391003
1.2557966357
2.5361205305
1.3115064895
-0.4680205747
0.4611745488
-0.1709342519
1.4327645440
-0.7489422150
1.1366348900
1.5484589758
0.6293898290
-0.0528203794
0.0940147482
1.1679966425
-0.1917621453
1.2363871372
-0.6227909322
-0.1112380232
-1.2430157421
-0.1158577628
0.2186867224
0.9973537137
0.5205191898
-0.9804771044
-0.8828616781
-0.6483701897
-0.5760885407
1.3120400253
0.2191773740
0.1560491213
-0.5935853044
-1.1325841605
0.0582127910
1.3305133340
-0.8610446713
-1.1452014602
0.5126068449
0.8620506653
-0.4969053645
-1.6780508129
0.9864065518
1.6081080976
-0.0701899302
0.5979046983
-0.2747650351
-1.2066930172
0.9237417543
-0.9439706567
-1.4118332877
-0.1038823445
1.0745322334
-0.2011077970
-0.0225808971
0.0124178720
-0.5666914712
0.2070919862
-0.4089008690
0.3326063698
-0.3267213647
0.1030656034
-0.4805937632
-1.9972257810
-0.9502519952
-0.8427726185
1.4145320665
0.8005971330
0.2296080872
-1.2747029963
-0.4994236052
0.5056858615
0.3327283613
1.0944205970
-0.6856358523
0.4112101561
2.2840125722
0.0116667138
-0.9383810356
0.1037847608
1.0145414972
1.2766799005
-0.1120161055
2.0734615923
-0.5284454558
1.1945095313
0.8203824459
-1.6729356459
1.0529205319
-0.1781489191
-1.2065167445
1.9776249940
1.1928081942
0.6245666826
-0.4233592159
-0.4776199680
-1.6553068691
-1.4726269071
-0.3291652001
-0.4185123371
0.2061577742
-0.0884114562
-0.7713217950
-0.2393303707
0.5427052118
0.7940411291
0.6381095858
-0.4449584858
-0.5168271603
0.3523681754
-1.1806742683
0.6739912387
0.3012130324
0.4629552075
0.9276754198
-0.2364417444
-0.8691486260
0.1878472097
-0.5669975753
-0.3992588496
0.4589845680
-0.5665031185
0.8770380075
-0.7456685103
-0.4651845564
-0.5460722027
1.2656722129
-2.0207213747
1.1861967251
-0.4659659083
0.8420818390
-1.2358927950
-1.1310726347
-0.6469007582
-0.5483681669
0.0858471966
-0.4164561066
0.5842448410
-0.8657414568
-1.9261852100
0.0536189980
-0.0244833522
0.5304940697
0.1533103938
-1.2183561041
-1.1314996600
1.7235709584
0.5411611893
-1.7451334967
-0.2436706132
-1.7957890216
-2.2281349769
0.2055163705
-1.4312811680
-0.4634006534
1.2241260892
-0.8811722661
-0.4695980078
1.0352832688
-0.0803194040
1.6371080566
0.1653663062
0.4607326663
0.1974106699
-0.1655259943
0.2889122439
1.9708786685
-1.3138560982
1.1605067223
0.4231919298
0.3767703323
1.1002620165
1.3182595231
-0.4617621845
-0.8442794872
0.9724280698
-1.0906458595
-0.1839896675
-1.0938621017
0.4489007156
-2.3117293565
-1.8097485638
1.1354482827
1.3208829415
-0.0924038685
2.4081615070
-0.0552145790
0.5671535341
-0.4612720440
1.2218568407
0.0171177120
0.6511601740
0.5908076404
-0.1576737016
-0.5524417375
-0.3727248816
-0.0757952489
-0.5530946267
0.0091991941
1.4370198049
0.4798448226
1.5292174097
-0.4635791879
-0.6324873886
-0.7426281640
-0.0560680964
1.4980539489
-1.0561664460
-0.5575852102
0.4426481098
0.4310865820
0.6507947489
0.9154711136
-0.1516807416
0.0815194145
1.7692870586
-0.7735539093
-1.7304546781
0.5537760644
1.1972362180
-0.3355100060
1.5036899548
-1.5080321047
0.0750588945
-0.4031470210
0.9013858412
0.3050027881
-0.0252770033
-0.1012127176
-0.8936068514
0.0697165031
0.3862277310
1.0957795424
-0.6718550329
-0.6579359145
-0.5480382504
1.3143641943
0.9128139996
-0.6427708976
-0.5036961057
1.1623926745
-1.8102554579
-1.0938532268
0.0263288964
-0.9791348652
-1.6974304534
0.0665938365
0.2897788374
-0.1634230523
0.1226306107
-0.9622278349
-0.5157772838
0.6823092274
-0.0657633295
0.2921427612
-1.0745268105
0.7885049878
-0.2570247111
2.1409025633
-0.9810814545
-0.3405202516
-1.0977381552
-1.1486366032
-0.7728895538
-0.0164194106
-0.4226402299
-1.2179619877
-0.4670485136
1.3677123283
-1.1930899644
0.6019508874
0.8276715008
1.3431446352
-0.4980901509
0.8501331298
-1.8869905421
-0.9782840966
1.2008331264
0.4951644766
0.5186652193
-0.7677566617
0.0855448370
0.2759180775
1.1824923157
-0.0763396866
-0.7636938996
0.0804973476
-0.7492936931
-0.2117977822
-0.6232796375
-1.1730411358
1.4288010922
0.7409389872
1.1010103356
-0.3094168611
1.2693358642
0.3671798534
0.4185034397
-1.1324547517
-0.4355390704
-1.7934527876
1.0719808970
-1.1540049852
-0.4990925606
0.1193875878
0.0747907428
-0.7408421923
0.1141937087
0.7343125471
-0.1722606024
0.4880195159
-1.9872245046
0.3893385181
1.3581642225
0.3371937181
0.2195611262
1.6684606379
