12 4 0.08
13 0 3 0 4 0 5 1 0 1 1 1 2 1 3 1 4 1 5 2 3 2 4 3 3 3 4
13 0 1 0 2 0 3 0 4 1 0 1 1 1 2 1 3 1 4 1 5 2 2 2 3 3 3
14 0 2 0 3 0 4 0 5 1 2 1 3 1 5 2 0 2 1 2 2 2 3 2 4 3 2 3 3
14 0 2 0 3 1 0 1 1 1 2 1 3 2 2 3 1 3 2 3 3 4 2 4 3 4 4 5 3
0 0
0 1
6 6
5 7
0 0 1 2 2 2 0 0 0 0 0 0
1 2 2 2 2 2 1 0 0 0 0 0
0 0 0 2 2 0 0 0 0 0 0 0
0 0 0 1 2 0 0 0 0 0 0 0
0 0 0 0 0 0 0 0 0 0 0 0
0 0 0 0 0 0 0 0 0 1 1 0
0 0 0 0 0 0 0 1 2 2 2 1
0 0 0 0 0 0 0 0 1 2 0 1
0 0 0 0 0 0 1 1 2 2 2 0
0 0 0 0 0 0 0 0 1 2 1 1
0 0 0 0 0 0 0 0 0 0 1 0
0 0 0 0 0 0 0 0 0 0 0 0
0.4123886078
0.0549860397
-0.9717769112
-0.3685301317
-0.1218369091
0.6122773446
-0.5977770023
1.6477783593
-0.2659516400
1.2937164961
-1.0953004367
-1.0150661170
0.4450074824
-0.4571778317
1.5903572849
0.0812492144
-0.6377332381
-0.1626528487
1.3106958535
-0.8337792671
0.2799579690
-1.6388209143
-0.7909262690
0.0064748549
-0.8456677294
-0.3780749646
-1.4212733134
0.0497076755
0.8551765103
0.3417752303
1.6518855705
0.7136900839
0.0989404219
-0.0679031872
1.5800566156
0.8901475058
0.3884613326
-0.7175778796
-0.5429981100
-1.0881908550
-1.3038520040
0.3922985859
1.0637767870
-2.5671587655
-0.8231650527
-0.0546855982
-0.1564062432
0.5596211088
0.4407875926
0.8515390735
0.1809378756
-0.0705047289
0.5280259134
1.3457956583
0.7884832245
1.2346285631
-0.7661191713
1.1138961659
-0.2640180486
-0.1467264585
0.3206793603
-0.2263543284
1.1604963443
-0.4259450322
1.5190205817
-0.7217042375
-0.5110537332
-0.7789550772
-0.1156733558
0.6600030803
-1.3933207305
0.2916306067
1.1939226202
-2.9273165433
1.3021985179
1.2993767515
-0.5737868295
-2.1876937006
0.2511031331
-1.4414363414
-0.2703663118
0.1711363969
-0.1611759935
-1.3212668033
1.3277550861
1.4649597530
0.3251424645
-0.1794901330
-1.9412675580
0.3533104925
-0.0373786447
-0.1984433601
0.3363353744
-3.4538223079
-0.6620128817
-1.9156919005
1.1986637358
-1.5435495139
2.3667190647
1.0483896899
-0.1438602097
0.4893364639
0.0963551701
0.3616205240
-1.9563178401
-0.3773390636
-1.3482391831
-1.0317608102
1.4474992845
0.4532673328
0.0231821335
0.0745501430
0.9797864055
0.5065794882
-0.9752215475
-0.2803091895
0.1031785900
0.9102248559
-0.8129004917
-0.6666263431
1.6879889559
1.2167325508
0.4591451861
-2.8948123547
1.2896164409
0.1975124768
1.8057156988
-0.4441654455
-0.4703518196
-0.9560447094
1.3737365927
-0.0068340888
-0.8827761596
0.9150427201
-0.3492262720
1.1173375195
-0.0669103205
1.1079479347
0.4463245872
-0.3943101932
0.0236232088
1.2322745957
1.8573966233
-1.0168185345
-1.0440808504
-0.8565101982
-1.7440689633
-0.1318728326
1.0727669573
-0.2340681507
-1.5848126095
0.1597190362
0.4239678678
-1.5686450318
-0.9097694392
-1.3536784883
1.8968443207
0.6033073658
0.6742594368
0.1523935807
0.8199277115
0.2402223549
0.8123739258
-0.0888140589
0.1276398013
1.2653343605
0.5945936923
-0.2026549161
0.0476977897
-0.5918325622
-0.6866177833
0.0432987983
-0.2625333722
-0.7725132693
1.5788063851
0.4648497796
-1.9849517788
1.8231633307
0.6320549424
0.7320445097
-0.6999643280
0.8544384202
0.1109193405
0.0661512766
1.9224633131
0.8612918800
1.3218267050
0.6723777095
-1.5610784381
0.7310469094
-2.6057673969
-0.2267628585
-0.1128724628
-0.5426958190
-0.0327184046
0.6731361119
1.2082017131
-1.5502343068
1.0204194742
0.1945672067
1.0523235742
-0.5458180904
-0.7601996358
-0.3551748715
1.1084437142
-0.7269051864
0.8829596333
-1.5907870192
-0.4739721103
-1.5907026332
1.3390251216
-0.2314827847
0.0536725036
1.8484551963
-0.4758379023
-0.6284054089
0.5495690265
-0.1880754288
1.5032387114
-1.3410528123
-1.4342089471
-0.0058121829
0.5907770485
-1.3377658748
0.4761584468
-0.6383194293
0.1940288323
-0.3008611865
0.9114886302
-1.4695948126
-1.1430537136
1.7416961491
0.9313334025
-0.2282776730
-1.2530385272
-0.9929247698
0.8063495520
1.6057792829
0.2955113444
-0.0712881288
-0.3212088484
-0.6328016404
0.0185543906
-1.3315201902
-0.0240531001
0.4006349424
-2.0408232988
-0.9954470357
1.7774399681
-1.7472104726
-0.2759429585
-0.4061291087
1.6893836203
-2.0739685342
-0.5336046070
-0.0740568088
-0.0807712957
-0.3550885569
-0.8243480940
1.0764622286
-1.9728550147
-2.8586288690
1.2270088264
-0.7410027494
1.9142931265
-2.2264134017
-0.7929512421
0.9443905885
0.2888980058
1.2232208695
-0.2536012592
-1.1809554261
-0.9180521227
-2.3604271148
1.3742680272
0.8806592180
0.4109661912
-1.7154568235
-1.0374289118
-0.2737389642
1.3654684666
-1.2963565068
0.4673926740
0.3844702938
0.9661466004
-0.5282239528
-0.5288418302
-3.0316134385
