11 6 0.19
5 0 0 0 1 1 0 2 0 3 0
5 0 0 0 1 1 1 2 0 2 1
5 0 0 0 1 0 2 0 3 1 1
5 0 2 1 2 2 0 2 1 2 2
5 0 1 1 0 1 1 1 2 1 3
5 0 1 1 0 1 1 2 1 3 1
1 0
8 8
5 7
3 5
8 3
7 7
0 0 0 0 0 0 0 0 0 0 0
1 1 0 0 0 0 0 0 0 0 0
1 0 0 0 0 0 0 0 0 0 0
1 0 0 0 0 0 0 1 0 0 0
1 0 0 0 0 0 0 1 0 0 0
0 0 0 0 0 1 1 2 1 1 1
0 0 0 0 0 0 0 0 1 0 0
0 0 0 0 0 0 0 0 1 0 0
0 0 0 0 1 0 0 1 2 1 0
0 0 0 1 1 1 1 0 1 1 0
0 0 0 0 0 0 0 0 2 1 0
1.4845036465
-1.3476189375
-0.7710422326
1.8127443024
-1.0793961356
0.3578777581
0.5932594852
-1.2638956424
-0.4556576681
-1.3986113032
0.2244632131
-1.3841736673
1.3645812025
-0.4383669300
0.1148100291
0.6003347954
0.8870084915
1.1865935094
2.1655803676
-1.2951643995
-0.5984215775
0.7844347741
0.1376502641
1.1325491959
0.3447120756
0.9741375162
-0.1474589688
-1.5171066670
-0.3074464916
1.2526166535
0.2512315944
-0.5089464613
-0.4666008597
1.2816890539
-1.5352257286
0.8129801380
0.1073645819
-0.8337909309
-1.3943093689
0.7775095441
-0.2076462788
1.4490339493
0.7552699879
1.3199281042
-0.1337401956
0.4215172469
0.5145747680
1.4232982607
1.4684257842
0.4562757835
-0.2993750995
0.9862160125
-1.4373414470
0.0262005343
0.5933710454
-0.4164265942
-1.3195306789
0.2607297932
1.5403834942
0.4495308221
-1.8484096741
0.3210826073
0.5582746327
-1.8774449405
-0.3664956015
1.2290731796
0.7996622157
-1.1206044970
-1.2953052795
1.0007113201
-0.2691531884
-0.5795293351
-0.2404824682
0.3873789167
1.2620430293
-0.7872619517
0.6274606402
1.1402893806
2.1869975352
-0.7273997113
0.0944801842
1.4434070445
0.6161739177
0.1315827880
0.1523582046
-0.9703849759
-0.6447393257
-1.4312798412
1.9416355142
1.1628318251
0.3685713802
0.8633063518
0.7622711527
1.1906017566
-1.3781719523
1.4113178928
1.1682038000
-0.0520938767
-0.5056909867
0.1113927024
0.8600136161
0.8981498520
0.6281497284
0.7585284361
-1.5510290893
0.2647073370
1.0659067237
-0.6189816935
-0.6407069623
-0.8781500266
-1.6468043759
-0.3910475152
-0.6227872012
2.6740333627
-0.2151474203
-2.3171889308
-0.9720752329
0.4730820236
-2.0536831089
0.0979832946
-2.1084586950
-0.0007895002
-0.0395743912
-0.1256320534
-0.8453763740
-1.2503058232
0.6291987204
-0.5464605339
-0.0795192777
-0.0827809946
1.5079192676
0.4462731581
-0.5925025124
1.3968864046
-0.7706912039
-0.9983644844
0.7064676115
-3.0617727831
-0.7287780033
-0.3378070845
-0.3894282148
2.3606494803
0.1461891100
2.5151171567
1.0107239516
-2.4272407680
-0.3689879203
0.0575449118
-1.7792798916
-0.4266908656
0.6491370841
-3.9546106050
-0.1838699259
0.9229998209
-0.4255516854
-0.9982245922
-2.1207988546
-1.7685150850
-0.4439857839
0.7470682851
-2.1670590911
-0.2186969558
-1.0079363163
-1.9061874848
1.2446718463
0.9032214059
0.3541703885
0.1760969172
1.6509930914
-0.7773735197
-1.5753536393
-1.9129557443
-1.7258916199
-0.1120790095
0.5261675734
1.6559181203
0.8615603426
-0.3134681091
-1.3231945381
-0.4339306685
0.1565122970
1.3127414836
0.8046321679
0.6103362381
-0.2534719399
-0.0934430383
1.0663138675
-1.3539779138
0.7822713234
-0.2606545286
0.7802912979
-0.5358676359
0.5959027799
-0.7715618911
0.4385867211
-0.4618761053
1.7829280213
-0.5641731807
0.0757993254
-0.7752913761
-0.8511998728
-1.2222850326
2.0340574775
-0.0200043584
0.8238996400
0.1672033320
-0.6939582787
-1.6767298075
0.5202309738
-1.3419094021
0.3049996640
-0.4822623196
0.7259584836
1.1747456641
-0.8093507346
-0.1275206926
1.1314257517
0.5325364349
-0.6704700482
1.4182338013
-0.0336973937
-0.0009958087
1.6520204677
1.0671386256
-0.0014722228
0.4899315077
1.4488292055
1.2567959376
-0.3625656078
-1.1032224984
-0.9350661646
0.0289954260
-2.1171879591
0.8047380205
-0.1957112644
0.5474122324
-1.9996159917
0.2416108405
0.3911299763
0.4868647113
-1.5270872785
0.7386393703
