14 3 0.19
21 0 1 0 2 0 3 1 2 2 2 2 3 3 1 3 2 3 3 3 5 4 2 4 3 4 5 5 0 5 1 5 2 5 3 5 4 5 5 6 3 6 4
22 0 0 1 0 1 1 1 2 1 3 2 0 2 2 3 0 3 1 3 2 3 3 4 0 4 1 4 2 4 3 5 0 5 1 5 3 5 4 6 0 6 3 6 4
20 0 0 0 1 0 3 1 0 1 1 1 2 1 3 2 0 2 2 2 3 3 0 3 1 3 2 3 3 3 4 4 1 4 2 4 4 5 1 5 2
4 8
6 8
7 5
0 0 0 0 0 0 0 0 0 0 0 0 0 0
0 0 0 0 0 0 0 0 0 0 0 0 0 0
0 0 0 0 0 0 0 0 0 0 0 0 0 0
0 0 0 0 0 0 0 0 0 0 0 0 0 0
0 0 0 0 0 0 0 0 0 1 1 1 0 0
0 0 0 0 0 0 0 0 0 0 1 0 0 0
0 0 0 0 0 0 0 0 1 0 1 1 0 0
0 0 0 0 0 1 1 0 2 2 2 2 0 1
0 0 0 0 0 1 1 1 2 0 2 1 0 1
0 0 0 0 0 1 0 1 3 2 2 2 1 1
0 0 0 0 0 1 1 1 2 2 1 2 1 0
0 0 0 0 0 0 1 1 1 2 0 1 1 0
0 0 0 0 0 0 1 1 1 0 0 1 1 0
0 0 0 0 0 0 0 0 0 0 0 0 0 0
1.2189238345
0.5508131699
-1.7436162191
-0.8004979016
1.1870979523
-0.4009918232
-0.1201230412
0.2604175929
-0.7846238324
-1.0255355103
-0.8025063407
-0.3899882657
-0.0075724424
0.6982659681
-1.6011331293
0.0223513363
-1.3445900339
-0.7998507024
1.1942121237
1.8223358781
1.3929352166
1.5939241654
0.2381578913
1.7479872433
0.9870309240
-0.8677578229
0.8067581686
-0.5803402827
-2.4208636904
0.2338389952
1.3197216109
1.0896695996
-0.3999503615
0.4618137348
-1.2238058869
-0.4821047484
1.9962524655
-0.5483942961
-0.1635572319
1.6689615751
1.0029795028
-0.1980474975
-0.7035976252
0.1643306167
0.9775448910
0.3512991743
-0.4835955302
-0.8050698041
0.0002337005
2.5335984685
-1.0223079240
-0.1379657358
1.7767773708
-0.6694707557
0.2030889827
0.6197790869
-1.1676023990
0.6561845424
-0.2520811159
-1.2738571485
1.6855430365
-1.8434059589
0.0726767436
0.5993223957
-0.9978678133
-0.2488902961
-0.5306789930
-0.2666906945
0.8271549421
-1.4348747738
-1.8127238167
-1.4368153825
-2.6482856924
1.1665069000
0.3917459083
1.3073814307
-1.7521351818
1.0317249156
-1.0228115899
-0.8062571212
-0.4024002377
0.0111058923
0.8942315467
1.2351341836
-0.5557830143
-0.5196464622
-0.4311432231
-1.6150715038
-0.8852909916
-0.0496437832
-0.3144788142
0.7234279697
0.1412135719
0.3876062345
-1.2794395315
0.4790432822
0.2268966788
0.4479320272
-0.3849855314
-0.1963995387
-0.2958231584
0.0039279748
-1.1757353769
-0.4848512574
-0.1547818664
-1.4649236622
0.2512902148
-0.6474361534
0.9563734162
1.3219636908
-0.4903616763
-1.9092670354
-0.1257707077
-1.1586907381
-0.0159070206
-1.5508650450
-1.7946311441
0.8930736035
-0.5908295307
0.4631523838
0.7280671141
-1.6415652900
0.3672467474
-0.5753144698
1.3757176791
-0.3616498635
0.6424469636
-0.4924213553
-0.8479774583
0.8273443012
-0.1553104733
-0.9707136235
0.4382018448
1.2624506063
1.2475284995
-0.1806754059
0.2226811058
1.2554257319
-0.3887193291
0.9566554941
0.2065240360
0.6439267056
-1.3462984984
-0.9739925197
0.5274049732
-0.8631053240
0.2941098753
-0.5760023320
1.9929558584
-0.0818054794
-0.8248415680
-0.5481177393
-0.5991679750
1.0296405298
0.7512744439
0.9913186458
2.2029944854
0.1322409304
2.3176392272
-0.8959329970
1.4437443478
-1.3490245250
-1.5840818173
1.0468245591
0.3676297962
-1.0344927341
-0.5045184955
0.6840797053
-0.6847712885
-1.9483995190
0.0697395799
0.3285302709
0.2155310859
0.8378769211
0.9924600836
1.8628329535
-0.5438517267
-1.8560417551
-1.0636021830
0.2542677478
-0.6804888982
-1.3079856218
-0.3055346306
2.0557494425
0.5141118943
-1.2074049411
1.3998528435
-0.3358005187
-0.6719400701
-0.5706730963
0.0479688053
0.0221458086
-0.5313187675
0.7034512756
0.9482841965
-0.3449160740
1.5741714214
0.0590025596
-0.9892765707
-1.2407773703
-0.1815093272
-0.4182621363
2.0827329704
-1.0281090863
0.0255237304
0.6452216670
-0.8678039100
0.3060695175
1.1648535281
0.3810768730
-0.2766449708
-1.0145290589
-0.9732058251
-0.5827892961
-0.5420985542
0.0447171025
-0.2381343387
-1.3981679918
-0.1857200758
0.5896646235
-0.0445791230
1.5827228732
0.3626321285
-0.1020261987
0.5807610824
-1.8595933843
-0.8937621622
-0.5235561640
-0.9579182502
0.6229595040
-0.4934823961
0.4207496678
-0.2112188854
-0.5943158195
0.3755354193
-1.1325145535
-0.3446910490
0.4199175345
-0.7730840308
0.0750870100
1.3315699258
-0.6576210648
0.1277386471
0.0491367945
0.3363791865
-0.3661538122
-0.6987828017
-0.9158907652
-0.3589867986
-0.5676998476
0.2307347471
-0.1686497862
-0.7408938023
-1.6070615682
-1.1798488982
-2.0771532084
0.0396837344
0.2355522959
0.3167402962
1.7400888590
-0.4366968080
-1.8012856503
-0.3818802695
0.5869903284
0.4495084930
0.5292075467
-0.1863844534
-1.2563078501
-1.5059660687
0.3157838006
1.0302063738
0.0649038316
-2.0546592979
-0.0025592106
-0.5455405755
1.2840582771
2.1400393593
0.6596424504
0.9232150473
-0.6668556508
0.2924905315
1.2233534049
0.0773901491
0.6142362176
-0.0448661679
-0.0250758242
1.0247255782
1.1464841665
-0.3502068764
-0.0816162517
0.3192328499
-0.0582836419
-0.1347182816
1.8044187344
-1.3813646638
-0.2278783364
-2.1194692904
0.3502605791
-0.0281005032
0.0161790841
0.7386257580
-1.2869110671
-0.5274904295
1.4807442638
0.5863506024
-0.7857134976
1.1813635356
0.9654191551
1.9763277139
1.5657168538
-1.4427365171
0.0294289666
0.5795997899
1.6084968281
-0.8039266493
-1.4063684836
0.5751103701
-0.1274469707
1.0275655212
1.5345613048
0.2344165205
1.6049293376
-0.7915861640
0.6217514425
1.0130023800
0.6073584662
0.1907768978
-0.3857733412
-0.6069155831
0.8890836997
-0.5681566708
0.0738036608
1.0039557653
-0.0577136314
0.1009579909
0.4447041623
0.8085097050
-1.9419237222
0.1950161985
1.5347568799
0.0775403377
-0.9672770426
-0.4965454060
-0.7455474536
0.4268910029
-0.1309072131
-1.2772573406
-3.0257382386
-1.3779634860
0.9698399414
-0.5347910159
0.0777072179
-0.6778012156
1.4028349258
1.6072333763
1.1809016630
-1.5690053554
0.0565335985
-1.2345767507
0.4889128277
-0.6201260338
1.7394225879
0.0771323085
1.4161466886
-2.3676380454
-1.3195541083
-0.4431230662
-0.6093675487
0.2794351338
-0.1482586034
-0.5871657927
-0.4423719678
1.0979120118
0.9270539510
0.2482974001
1.8788510626
0.6026272644
-0.7954065445
-0.8533033411
-0.2575310144
1.5398196826
1.1283558833
1.8459504925
-0.3427804171
-0.2157447042
0.5124912308
-1.0715123960
0.9083013988
-1.5227790241
-0.3876292973
0.4792198886
1.0340165876
