20 14 0.16
7 0 0 1 0 1 1 2 0 3 0 4 0 4 1
8 0 2 1 0 1 2 2 0 2 1 2 2 2 3 3 1
8 0 1 1 0 1 1 2 1 2 2 3 0 3 1 3 2
7 0 2 0 3 1 0 1 1 1 2 1 3 2 3
9 0 1 1 1 2 0 2 1 2 2 2 3 2 4 3 1 4 1
8 0 0 1 0 1 1 2 0 2 1 2 2 3 0 4 0
8 0 1 1 1 2 0 2 1 3 0 3 1 4 0 4 1
7 0 0 0 3 1 0 1 1 1 2 1 3 2 2
9 0 1 0 2 0 3 1 0 1 1 1 2 2 1 3 0 3 1
9 0 0 0 1 0 2 1 0 1 1 1 2 2 0 2 1 2 2
7 0 1 1 0 1 1 1 2 2 1 2 2 2 3
7 0 2 0 3 1 2 2 1 2 2 3 0 3 1
9 0 0 0 1 0 3 1 0 1 1 1 2 1 3 2 0 2 1
9 0 2 1 1 1 2 2 0 2 1 2 2 3 0 3 1 4 1
1 13
13 0
8 14
2 13
14 5
4 6
10 3
16 12
0 7
13 14
3 7
7 3
11 11
11 16
0 0 0 0 0 0 0 0 1 1 1 0 0 0 0 0 0 0 0 0
0 0 0 0 0 0 0 1 1 1 0 0 0 1 0 0 0 0 0 0
0 0 0 0 0 0 0 0 1 0 0 0 0 1 1 1 1 0 0 0
0 0 0 0 0 0 0 1 2 0 0 0 0 2 1 1 1 0 0 0
0 0 0 0 0 0 1 1 1 1 0 0 0 1 0 0 1 0 0 0
0 0 0 0 0 0 1 1 1 1 1 0 0 1 1 0 0 0 0 0
0 0 0 0 0 0 1 1 1 0 0 0 0 0 0 0 0 0 0 0
0 0 0 0 0 1 2 0 0 0 0 0 0 0 0 0 0 0 0 0
0 0 0 0 0 1 1 0 0 0 0 0 0 0 0 1 0 0 0 0
0 0 0 0 1 1 0 0 0 0 0 0 0 0 1 1 0 0 0 0
0 0 0 1 2 0 0 0 0 0 0 0 0 0 0 1 1 0 0 0
0 0 0 0 1 0 0 0 0 0 0 1 1 0 2 1 1 0 1 0
0 0 0 1 1 0 0 0 0 0 0 1 1 1 1 0 0 1 1 0
0 0 1 1 1 0 0 0 0 0 0 1 1 0 1 1 2 1 1 0
1 0 1 1 1 0 1 0 0 0 0 0 0 0 1 1 2 1 0 0
1 1 1 1 0 0 1 0 0 0 0 0 0 0 1 1 1 1 0 0
0 1 0 0 0 1 1 1 1 1 0 0 1 0 0 1 0 0 0 0
0 0 0 0 0 0 1 0 0 0 0 0 1 1 1 1 0 0 0 0
0 0 0 0 0 0 1 0 0 0 0 0 0 0 1 0 0 0 0 0
0 0 0 0 0 0 0 0 0 0 0 0 0 0 0 0 0 0 0 0
-0.1096056578
0.5182227592
-0.7884208269
1.8584204987
-1.1414689099
-0.4169014935
-1.9550055733
-0.2743423530
-0.0594951257
-0.0133625226
-0.9539067854
-1.3055029322
-0.3150344663
0.5325044560
-1.8474603572
-0.0142777920
1.5243265106
1.4321962677
-0.4370974909
0.0231461092
-0.6303145774
1.4200046910
-1.3334853615
0.4978443576
-1.3888297530
0.1516245458
1.6565385909
0.6306866654
0.1634787132
-1.3680812979
1.2083927551
2.7183417688
1.4416853575
0.0681472052
1.4708331233
-0.2073084132
0.1742000768
-0.4387910282
1.5024493475
0.5414739803
0.1968985104
-0.3768379422
-1.6271907738
0.2821022007
0.5183184283
0.1415653576
0.6843221874
0.8833314582
0.4408927369
1.7827903751
2.0324123613
0.6690194834
-0.9635666673
0.1002562214
0.0637662655
-1.3182327016
0.5266703479
0.5728647035
-0.9500070611
1.2049131121
0.3707617168
0.8552384400
-0.1944499070
-0.6176459320
0.1119148693
0.5438765357
-1.0964703239
-0.2704948517
-0.8019748363
-2.0589560614
-0.7787673643
0.6747698840
0.6271788915
-0.7135485076
0.2174212961
-1.0244712513
-0.4622978225
0.0173488937
-2.2993829165
0.3155001464
-0.1287216444
0.9654696717
0.3151921366
2.0121953632
0.7370875502
0.7743775995
0.8802436092
0.4559208053
0.5227335299
-0.4118970661
-0.2930287789
-0.7384474568
0.3236416637
-0.4004155895
-1.2901129542
-0.8076429283
1.0576056994
-0.2973320552
0.6659344760
0.9286851745
-0.2219440852
0.6302306097
-0.0551063221
-0.8255802530
0.0397118486
0.0909769700
1.6687558879
-0.8025873647
0.7045494171
0.2331897877
-0.8783142312
0.7456934857
0.3933616581
1.5966875422
-0.3398351459
0.2453761583
1.2749440996
2.0796383748
-0.4447876413
0.2983368275
1.4545252877
-0.1948853140
-1.1299746903
-1.2559443105
-0.6998633870
0.4832454942
-1.5605556752
-0.2944167176
-0.7061016089
0.0029523157
-0.4402202362
1.9091134185
0.4195370503
0.8063734792
1.6845433072
-0.4364553459
0.0046245825
0.5039647742
0.4162313717
1.1385173312
-0.0607744730
-0.7369520209
-0.3125830244
0.1977020082
1.4247962677
-0.8975170411
0.2651146386
-1.5658267507
0.2409077815
-0.3744840924
-0.7292691383
-2.4272501042
-0.5851531001
-0.3973159614
0.5233478619
0.0984998642
0.4791610694
-0.8736913304
-1.0712898572
0.5586025613
-0.7489740680
-1.2426649309
-1.0628559535
0.1249013008
-0.0688128444
-0.2642046606
1.5599442309
-0.1078616447
-0.6065581494
-0.4803931235
-1.5017234398
-0.2935186717
0.0795211200
-0.1396882898
-0.2956907552
1.0992715571
-0.5294084143
-2.9389937139
-1.9793363712
0.5609757527
0.5506904330
0.8973138668
-0.6061430617
1.4330883965
0.2132554654
0.6072760368
-0.4433911907
-2.5718203978
-0.8829517944
0.7171022978
2.2533224879
0.7833441416
-0.8727108417
0.8395798825
0.5765271193
1.2700126798
-2.2121596223
1.8107202498
-0.7856290641
-1.5039305880
0.2370650219
-0.1480561397
1.2910586235
1.7159322545
-1.2270372629
0.1071670766
-0.1382001595
0.2686965641
0.4832823732
0.2372770085
-0.7778178026
0.1195153737
-0.4512174474
0.8041961557
0.2267163059
0.3425276423
2.1908162183
-0.7493781092
-0.6890104236
-0.1968587541
-0.4937533174
-0.2341983354
0.8953178372
-0.7850957644
-0.8811116230
-0.8608923605
-1.2040511065
-0.0562229778
1.4877217101
0.1395001915
-0.5943178369
0.1020331852
1.4280526665
0.5604536050
-1.0679569892
0.1753805897
-0.6415175753
-0.4913318449
-0.7373953202
-0.6960354831
0.6680943473
0.1329665392
-0.9483299408
-0.6942282736
0.8955733743
0.7255531271
-0.2632734404
1.1797653654
0.6803530990
-0.1004830181
-0.3513758759
0.5696243754
0.1510213251
0.6784564659
0.1922868827
0.4136006356
-0.9038549284
-0.4920151355
0.1633633800
1.0222194463
-0.6817369277
0.8269811835
2.2672935909
0.2570024376
-0.4109465952
1.3232445529
-0.7661318688
0.7919974164
-1.3643345683
-0.5476454801
-0.6380171312
0.2293444492
-1.7765306932
-0.0875405911
1.8574331342
-0.0617601597
0.1321057185
-0.1327056403
1.7591455429
-0.5197745411
-0.1982170679
0.5796327432
-0.9587217070
1.0525244751
1.0171833243
0.6489853525
1.9780818016
0.5570540487
0.2079114530
-0.4599006301
0.5088790323
0.9892166654
-0.0894268420
0.1839736593
0.0705236800
-0.3597021567
-0.9633225725
-0.2283869112
-0.5969071408
-0.8250004769
0.1653119694
-0.4812189447
0.1052065377
0.7783346862
0.1485860450
1.4008838456
1.3556466447
-1.2486821624
-0.2025052227
-0.1271865413
-1.6441811776
1.0495961025
0.5964931772
-1.7324025033
1.2604021492
-0.2398006384
1.7249642199
0.6314933712
-1.0204708011
-1.0966621213
-0.0888252410
1.1845753062
1.2285335576
-1.1781459116
1.9113416025
-0.9917977247
0.0283390702
0.9160177791
0.3077762590
1.0913958002
0.7608673656
-1.0257195749
-0.6505987265
0.1079142190
-1.0076096257
0.9091818444
0.7096780798
0.0650708810
0.8887360029
-0.9042104583
-1.1737018953
-3.1991152326
2.3852644030
1.0198059037
1.6698330789
-0.0968732789
1.1503820952
-2.4615003422
-0.3322628810
-2.3412424556
1.5334942213
-2.3419847830
-0.7173426288
-1.0449756989
-1.4198688515
1.2078948299
0.1602971350
0.6573970741
0.1508395549
-1.6930019071
0.3065083915
-0.0021636446
0.5313700583
-0.7830912835
0.1102208980
0.1400257816
2.7229539918
-0.4307751699
0.0193827591
-0.1482056991
-1.0511460462
-1.0029467187
-0.9384684512
-0.9833700379
-0.7515026912
-0.0338585201
0.3826950449
0.0022837214
0.8597695224
0.2712780223
-0.9454116763
-0.2245528255
-0.8055451206
0.1387884621
0.8662626109
0.5636405923
-2.4091552002
-2.1809482523
0.7340856543
-0.7050491183
0.7356363711
-0.7519277437
-1.1802605584
0.4371706420
-0.6880493527
-1.4714194173
1.0685103423
0.4925470766
1.6093880905
0.3595982918
-0.4240594492
1.0624739097
0.5160970456
-0.4204252007
0.3486952005
1.8045768492
-0.8644839542
-0.0757889769
1.2568132258
0.3068017183
-0.2918781209
-0.0968476840
0.2443894239
-0.0824407145
0.5905414003
0.0758325753
-0.3239165546
-0.7281166361
0.0559012099
0.4870305039
-0.8035437780
0.4459026254
-0.9859121220
0.1943092103
-0.0402056684
1.4506393553
0.2241853504
-0.3148369198
1.5402264547
-0.3841001922
0.6151824953
0.0796130418
0.5368850043
1.5218852972
-2.4798563740
-0.2463712613
-0.5386243066
0.8994756689
1.8606243500
-1.7504899204
0.5910475592
0.1760963820
-0.3475335805
1.8709835187
0.1376463339
0.2414892974
-0.0265996786
1.2240228841
0.3197250686
0.2197225464
0.8459069020
0.2628561947
-1.0723664815
0.0399389083
-0.7430732759
0.3188671265
-0.6271539635
-1.0626107048
0.0274920123
-1.4260432333
0.2958634712
1.7582311642
0.9071997694
-0.6817654171
0.7522839062
1.3187869084
1.0536355893
-0.3541329654
0.3265613737
0.5938389037
-2.0393758554
1.8130593308
-0.8185877883
1.1041799921
-0.2444087131
0.6921551944
-0.1926872200
-0.0958758193
0.9954619244
-1.3303348617
-0.2339128729
-0.3263641801
-0.1142078891
-1.3723214680
-0.4853064380
-0.3302649920
0.4306169074
-1.8162637149
-0.3004351033
-0.5572955265
0.7871655910
1.0560274689
0.3175935893
-0.1411431074
-1.6606453211
-0.1268307960
0.0891248690
-0.6964204157
0.2269176826
1.2930547559
-0.5327495192
-0.2726725674
0.1625027394
0.9927400678
-0.3141121782
-0.9188735254
-0.3733436575
0.4170379111
1.0633088765
0.5477283854
3.2074751835
-1.5964702285
-0.6659879484
-0.9428559443
1.2095225916
-0.6391275707
-0.8323732434
-0.6201369147
-0.1475538832
0.5290112902
0.3281406530
-0.6224240631
-0.7597432825
1.6040543055
0.7976342564
1.0734539657
-0.2240807854
-1.4020548825
-0.2567910061
0.5144659010
-0.0345966495
0.2561850596
1.7687633138
-1.0020083342
0.3817945625
-0.3309263106
1.2774900758
0.8801810218
-1.4463854659
1.2404782176
-0.1669562940
0.5615085085
1.3464852120
1.0149431988
0.2287925090
0.5033669308
-1.4087232230
-0.3688899452
0.2049846210
0.5369817267
1.5791021547
-0.6455745608
1.1459950298
-0.8454858167
1.4217890378
0.8543372237
-0.6149108704
0.1137408869
1.6229558754
0.5705027654
2.2451929746
0.6534383834
-0.3311788811
-0.6185331041
0.5065971102
1.6423674471
-0.0473649863
0.0498731581
-0.4867711181
-0.8635579031
0.4127027903
-1.1487801415
-0.2684574670
-0.3762275993
0.6985125188
0.7689330984
0.4832175721
-0.8272903687
-1.4111570664
-0.4971485096
0.3621515588
-1.9754402698
-0.2599084527
1.3838071416
-0.1747094413
-1.1100975080
1.0952484008
-0.1221417442
-1.4907295696
-0.7620712108
-0.3555445387
0.1255745587
0.9432946472
-0.2042032265
-0.9638615249
1.4931267454
-1.4609014592
0.1119377255
0.6118925240
-2.4539100184
0.5150018901
0.8457041823
-0.5103014290
0.0355847631
-0.0236930318
1.8704817578
1.6015147339
1.0240933752
-0.5244787493
1.1655162365
-1.2943215865
1.4970719795
0.4573481831
0.4216751751
-0.9252901577
-0.9172342554
-0.7660256797
-1.6764369721
-0.2688545674
0.6899121763
-0.3765613965
-0.5637672207
-0.2803273483
-0.7273979735
1.2510352072
-0.2205156558
0.2062992016
1.2154486623
0.0407746139
-0.2534496229
-0.6743828670
-0.2467901226
1.1490993726
-0.2061139402
-0.8001366117
-1.7157138957
0.4859772128
0.4600394717
1.3791018354
1.1368200615
-0.4215562267
-0.4963593809
-0.1091108738
-0.3100927443
-0.5111351374
1.7518594866
1.3484444388
-2.0129821943
0.0853378013
-1.8666321471
-0.8139321176
0.0779575944
0.1012828618
-1.1199275288
0.8872467756
1.0151824896
-0.7841354124
0.7473414026
-0.7113746514
-0.4974347079
-0.2242519889
0.3201824566
1.6120760797
-0.7835291522
-0.1982650271
-1.1350292215
1.1132595518
-0.3942776654
0.5020173186
1.5104233410
-0.0837298954
0.6269018929
1.3495673174
1.3158542417
-1.3853276017
0.0676323883
-0.1035834868
-2.6369938780
1.3287230327
1.3803976228
-1.0170248907
0.6576013007
-1.4206076306
0.6512299126
1.0549395100
-0.0705177305
0.5652070408
0.1671655854
0.8713923692
0.2626193686
1.2226093475
0.5665336704
0.8566017211
-0.2973607816
0.4044356146
1.8392533015
1.0352614014
1.3854374977
0.6039374534
0.5783859540
-2.3659819847
-0.0610850665
-0.1079425748
0.9991029176
0.3067746513
0.4982286908
-0.3707102302
-1.3100989393
-1.6509182732
-0.5489083355
-1.2424594186
-0.6488717172
0.6436940550
0.4111040893
0.5299046706
0.2579193331
1.1899740847
-0.5486382110
0.1746004436
1.3896386483
0.4799010180
-0.7161859947
0.9521304412
-0.2330837871
0.0872910837
-1.7872051791
-1.5733803769
-0.3426542220
-0.4149767486
-0.2914209339
0.4771891019
0.2863593075
1.4827267824
-0.0756899288
0.9887337435
0.1281198819
-0.8480812394
0.8687473942
0.9754355371
-0.4630773338
-0.0698082195
1.0830789741
0.4985679531
0.1881144279
-0.1792200781
-1.6572155285
0.0930707578
0.7835533192
0.9897150435
1.7542849276
0.4962797991
0.7719706478
1.6604296843
-0.3407985189
-1.0312062329
-1.1201341679
-0.7573170595
1.4426639037
0.2110501125
0.0403452960
-0.2309176812
0.4827880160
1.5443441333
1.3206147790
-0.3557683312
-0.0084811051
0.1118774147
-0.1792191845
0.9060441800
1.4392999679
0.1061647157
1.1447980643
-0.2510501931
0.1596194141
0.0960495270
1.6761342905
-1.3108533278
1.3706161595
0.3548063289
0.7469244770
0.1174698763
-1.0875590591
1.1886726526
0.1164648013
-0.6020293701
0.1902317322
0.3340284018
-1.0705411544
0.1247003448
0.3707375778
0.3582573377
-0.1063337280
-0.7191818799
1.6060011638
-0.0352282345
-1.1175650045
0.7445017542
-0.8076621535
0.8269829818
-2.3963780202
