17 11 0.18
6 0 1 1 0 1 1 2 1 3 1 3 2
7 0 1 1 1 1 2 2 0 2 1 2 2 3 1
5 0 1 1 1 2 0 2 1 3 1
9 0 0 0 1 1 0 1 1 2 0 2 1 3 0 3 1 4 1
8 0 0 0 1 0 2 1 0 1 1 2 0 2 1 2 2
8 0 2 1 2 2 0 2 2 3 0 3 1 3 2 4 1
9 0 2 1 2 1 3 2 0 2 1 2 2 2 3 3 1 4 1
5 0 0 0 2 1 0 1 1 1 2
9 0 1 0 4 1 0 1 1 1 2 1 3 1 4 2 0 2 1
6 0 2 1 0 1 1 1 2 1 3 2 0
9 0 2 1 2 1 3 2 0 2 1 2 2 2 3 3 1 4 1
1 11
1 3
13 8
7 3
10 0
6 1
4 9
5 3
10 10
9 12
2 5
0 0 0 0 0 0 0 0 0 0 0 0 0 0 0 0 0
0 0 0 0 1 0 0 0 0 0 0 0 1 0 0 0 0
0 0 0 0 1 1 0 1 0 0 0 1 1 0 0 0 0
0 0 0 1 1 1 0 1 1 0 0 0 1 0 0 0 0
0 0 0 0 1 1 1 1 1 0 0 1 1 1 0 0 0
0 0 0 1 0 1 1 0 0 0 0 1 1 0 0 0 0
0 0 0 2 1 1 1 0 0 1 1 1 1 0 0 0 0
0 0 0 2 1 0 0 0 0 0 1 0 0 0 0 0 0
0 1 0 2 1 0 0 0 0 0 1 0 0 0 0 0 0
0 1 1 2 1 0 0 0 0 0 0 0 0 0 1 0 0
1 1 2 1 1 0 0 0 0 0 0 1 1 1 2 1 0
1 1 0 0 1 0 0 0 0 0 1 1 2 1 1 0 0
1 1 1 0 0 0 0 0 0 0 1 1 0 0 0 0 0
0 0 0 0 0 0 0 0 0 1 0 0 0 0 0 0 0
0 0 0 0 0 0 0 0 0 1 0 0 0 0 0 0 0
0 0 0 0 0 0 0 0 1 1 0 0 0 0 0 0 0
0 0 0 0 0 0 0 0 0 1 0 0 0 0 0 0 0
0.1975274036
-0.1693533465
-0.2389028744
0.5247039543
0.1301162435
-1.2903857973
0.0985895740
-0.0803092341
0.6605230032
-1.8681204884
-0.3692410547
-0.4740237009
-1.4100768038
0.2558936450
-0.3310133912
0.1810202248
-0.1523854860
-0.1260426639
-1.7570733815
1.3860941236
0.1055878405
1.1139921466
0.3012152076
-0.6739934589
0.6270798958
1.3962997818
1.2072874029
2.2855626199
0.0011833609
0.5810102664
1.8267302391
1.1758649629
1.9701387506
-1.3021399748
-1.8596319012
-1.5948986394
0.5578135898
-0.0065955344
-1.0659520452
0.7037459799
-0.5253633652
0.7346952641
0.9199347491
-1.8189947390
1.1237376387
1.7705770100
-1.6078558320
1.3742150996
-0.7817992703
-0.6253568018
-1.1010708961
-0.6883414975
-0.6885741217
0.0826046941
0.1606727747
-1.4672003351
-0.3018299365
-0.2893559976
0.0200551816
-0.6693539695
0.2932553402
-0.8115000557
-0.0646533889
0.1666645733
-0.3191913319
-0.2836263730
0.1551639603
0.8657535366
0.5152192364
-0.6686019138
-0.8090611691
0.2644558392
0.8573239301
-0.0717018837
0.9326300003
-0.1578605889
-0.7844653550
0.1493550586
0.8365390011
0.6992940873
-0.1353976096
0.1698947059
-0.5425935251
-0.5630383048
0.5223562976
0.4471627442
-0.3242708860
-0.7516242536
-0.2283636920
0.3036199634
0.5737265984
-1.2751475212
1.1895350799
0.5031758638
-0.6947218246
0.3260651116
-2.6798178878
-0.1340856378
0.0237585112
-0.1844047602
-1.0827972055
-1.2216995929
0.9676428960
-0.1843295011
0.6611133272
-0.7782030077
0.0795634347
1.1837024257
-0.2882367439
-1.5086778773
1.8818979314
-1.8471950984
-2.3097720496
0.5378260093
-0.0773020101
2.3194115541
-0.3559257617
-1.6780360203
0.0825680612
0.6544129146
-0.2239419367
0.5726145559
0.4673072915
1.4337242841
0.2357492296
-0.7506805157
-1.6730577847
1.5209373004
-1.3161963757
0.0734365194
-1.2371573129
-1.9109232363
1.2761332627
0.1373070080
1.2248068550
-0.0306856107
-1.7835275306
-0.1900325328
0.4867816524
0.9510717174
0.1453031569
-0.1309676444
0.0336502369
-0.0184654439
-1.5446659463
-1.4984781607
-0.7985621421
-0.8577172607
-0.0613965617
-0.0519008016
2.1630722158
0.7799858899
2.5522572117
-0.4966669171
0.6186313141
-3.1616493375
0.1631948479
0.1619765950
-0.0817658051
1.3049111585
-0.1618812599
1.1625084333
-0.3526386843
-1.1086442631
-0.0239672347
1.3330213736
0.7577274363
-1.4830090849
-0.8812701743
1.0370509633
1.7338352051
-0.8273510184
0.6689285963
0.6804905113
-0.1776002819
0.9788806750
0.1180601141
0.1803146512
1.3640872923
0.3357369570
0.5633909674
0.5139904573
0.3160945706
0.7688205471
0.8942641218
1.9901328819
-1.5069684019
2.1338938350
0.7610751516
-0.1535833810
0.0518216052
-1.6035781034
0.5782834552
0.6699626160
-0.4445809832
-0.9017155596
-1.4298113813
-0.8114122808
-1.3076677040
0.5089785988
0.6932927662
-2.0491031194
1.2720163550
-0.8361056532
0.3842783807
-0.4756145602
1.5569634751
-0.2521438706
-0.8068334109
-0.5286845554
0.8926031875
-0.3257258868
1.2664009587
0.4119925529
-1.6269824673
0.3241666962
-1.0570846291
-0.0038929414
1.9767506144
0.3735773013
-0.2740844975
1.5505192600
-1.3670540214
0.8633392905
0.9872450121
-0.0528049918
-0.1481745093
-0.2099481324
-1.1033945270
0.2192301884
-1.4990424575
-0.6432272227
0.3074028678
0.5486755283
2.2206508126
-0.6913725491
-1.0428727786
0.1649474724
-1.2598864073
0.4706137928
-0.2292931766
-0.0397509885
-0.9608983563
-0.8479871292
-0.9992318741
-1.2307794735
-1.9622872521
-0.3374048968
0.0542079823
-0.2495531056
1.6216870150
-0.8003094673
1.1870474484
0.5665093896
0.8476722660
0.5409945591
-0.7695110039
0.0143694531
-0.9007014304
1.1522545054
0.0893283739
-1.1397617589
0.3004593429
1.0967016832
-0.1238643029
-0.3417990471
-0.0510010992
-0.2970140336
1.6986402366
0.2548302354
0.3677679210
0.0382795562
0.2718049406
-0.0257431191
-0.2622928176
-0.8756546402
1.6067668049
0.3049635494
0.4353222768
0.3546726008
-1.2742274880
-0.1062226377
-0.4344622054
1.0501653512
-0.6882651304
0.2117544805
0.5117445461
0.9527767507
1.4711345963
-0.1227769132
1.5258277093
0.8648385445
-0.1117127494
2.9304681040
0.8265755502
0.6378458462
-0.3776127181
1.3838856789
-0.8474197713
-0.5921188887
-0.3241389255
-1.2026436837
-0.7102668275
-1.7307238912
-0.0170272060
-0.8126160136
-2.3865792579
1.0842465493
0.9998319515
0.6678099570
1.0101224767
1.3449954309
-2.1402440548
-1.1413782590
-0.9319342107
0.1937455201
-1.1909719657
0.2686090206
-0.4426581528
-0.4640546065
0.0405760898
0.6298776604
1.6920204239
-0.3082236460
0.3984195434
0.6432939010
0.8273412570
1.0088945478
-1.7532661140
0.1781364097
0.5066193929
1.8147652139
0.9024826062
-0.3496232668
-0.5755519663
0.4665068560
-1.2910473095
-0.9046762637
0.8758683289
-0.0092535369
-0.8871975279
-1.3606440170
-1.8775618241
1.9671372519
0.1975726860
-0.5839853509
1.0225299284
0.1128866447
1.1442937286
-0.9623706962
-0.6729762684
-1.1514739446
-0.5468715430
0.6400674285
0.7623772395
0.1435897189
0.4532474216
-2.2574612143
-0.3366030462
0.4066307891
0.3742304391
-0.8516564055
-0.5982984842
1.3546455788
-0.2388311036
2.1460358475
-0.0334773346
-1.5400109484
0.2370843936
-1.0062830354
0.4608514783
1.2599664103
0.6920824021
-0.0421855545
1.7236863051
0.3783864902
-1.1113769165
0.4791255783
-0.6305161729
0.9313374531
1.6740635331
-1.8275362629
-1.6834606805
0.4765940771
1.4417119719
-0.6659185071
-0.8482176321
1.4595586131
0.6271708596
-0.5393571861
0.8261120695
0.0287426529
-0.8442624675
0.3109769077
-0.2241264851
-0.4395776081
-0.8395999308
-0.9483366952
-0.3186791678
-0.1282514350
0.8818828619
0.5335215605
-1.3700376198
0.4544840756
0.5186173708
0.1370048492
0.0846219615
0.8927649910
0.5922534074
-0.6715479776
-0.3232699496
-1.5214800701
0.4073683420
0.7921651471
0.5427277154
0.1951918379
1.0154065215
0.1468201076
-0.5688419792
0.0293646488
1.3238998800
0.2347863150
-1.2538146444
2.0934005859
-1.7327494719
-0.4335415561
-0.4473322714
-1.0482717250
-1.0001248641
0.7056763974
0.5053196343
-0.2352720557
0.9190766817
-0.0976073288
0.6839130157
0.1650100482
2.1879788908
0.0658410877
1.5867674393
-0.3922274250
0.0297521254
2.3381450303
-1.1771414779
-0.2261421918
-1.6895789728
0.7072122128
-1.6506157846
0.5737668555
-1.8594559116
0.6662229749
3.1427318506
1.1500933495
-0.7082131513
0.3630337669
1.5364192328
0.5736618364
0.3525866250
-0.2644794936
-0.0731022423
-0.4572239727
-0.1741091796
-0.9889389979
-0.7148747002
-1.0961425500
-1.2252297137
0.0480089269
1.2117776851
0.0204623843
-1.0521909678
1.8568886493
-0.5171882328
-0.3006474743
-1.0099304203
-0.6478421167
-0.3765258462
-1.4809292240
-1.4066900733
-0.9729317461
0.6509801499
0.1541746042
-0.3189853137
0.3213456456
0.9414946735
-1.5510187470
-1.1747135757
0.1518292303
1.0227809060
1.4970021981
1.1470496605
-1.0745755688
-0.4843777880
0.5159405828
-0.8559962603
0.1865545924
0.8945737478
0.0064856391
0.4770858583
-0.2984329410
1.8168895760
-0.0354012908
0.9143417700
1.4432501918
0.1346173741
0.7749046636
0.3244664129
-0.1107594767
-0.7432967907
1.3143505310
0.6956240389
-0.2007045380
1.0669068201
1.6090428035
-0.4543654945
-0.1458154546
0.1266845652
1.0765234044
-0.0317413669
-0.1797646291
-0.4794936685
-0.6058169864
-0.8539040709
-2.2211632128
2.0011970596
0.7040805233
1.1696279566
-0.6125512313
-0.4408390818
0.0861627471
-0.3062462444
0.1879326268
-1.3670757814
1.1784249058
1.0549995412
0.4664481439
0.8720112852
-0.3547598845
-0.2169180311
-1.3403990296
0.9888142375
0.4911483625
-0.5157750332
-0.3223387160
-1.7497769738
0.9060718848
2.1932020760
0.5749827403
-0.9339076659
0.8541453583
0.7484746522
1.1144382086
-0.7202654000
0.5351822831
0.1172723997
-0.2241936268
0.6181838082
-0.7365987356
0.3973108087
-0.0238024711
0.1267008965
-0.0874808860
-0.5651946029
-1.2667248349
0.9923483898
1.0560557244
1.3442585314
-0.9718962584
-1.3322438002
1.6016720394
1.1466972168
-0.1738504832
1.2930469174
0.4028871546
0.2835024947
-0.8009614767
-0.0274230375
0.5975589161
1.3906755036
0.1950908541
