14 5 0.19
12 0 2 1 0 1 1 1 2 2 0 2 1 2 2 2 3 3 1 3 3 4 0 4 1
29 0 1 1 1 1 2 1 3 1 4 1 6 1 8 2 0 2 1 2 2 2 3 2 4 2 5 2 6 2 7 2 8 2 9 2 10 3 3 3 4 3 5 3 6 3 9 4 6 4 7 4 9 5 5 5 6 5 7
20 0 2 1 2 2 1 2 2 2 3 3 2 3 4 4 0 4 1 4 2 4 3 4 4 4 5 5 0 5 3 6 1 6 2 6 3 7 3 8 3
17 0 2 1 0 1 1 1 2 1 4 2 0 2 1 2 2 2 4 2 5 3 2 3 3 3 4 4 2 5 1 5 2 6 1
26 0 1 0 2 1 1 2 1 3 0 3 1 3 2 3 3 4 2 4 3 5 0 5 1 5 2 5 3 5 4 5 5 6 2 6 3 6 4 7 2 7 4 8 1 8 2 8 3 8 4 9 1
5 6
6 2
0 8
6 8
4 3
0 0 0 0 0 0 0 0 0 0 1 0 0 0
0 0 0 0 0 0 0 0 0 0 1 0 0 0
0 0 0 0 0 0 0 0 0 1 1 1 0 0
0 0 0 0 0 0 0 0 0 0 1 0 1 0
0 0 0 0 1 1 0 0 1 1 1 1 1 1
0 0 0 0 1 0 0 0 2 0 0 1 0 0
0 0 0 1 1 0 1 1 1 1 2 1 0 0
0 0 0 2 2 2 3 1 3 2 2 1 1 0
0 0 1 1 1 2 2 2 2 3 2 2 2 1
0 0 0 1 1 2 3 3 2 0 1 2 1 0
0 0 0 0 0 1 1 1 1 1 1 1 0 0
0 0 0 0 0 1 0 2 1 2 1 0 0 0
0 0 0 0 1 1 1 1 0 1 0 0 0 0
0 0 0 0 1 0 0 0 0 0 0 0 0 0
0.9612253401
-1.4326170291
1.2608881620
-0.0566568376
-0.9021850529
-0.3104932648
1.1288937780
1.0333859811
-0.3370530076
0.1748622188
1.3535475176
2.0096388015
-0.2669593976
-1.1685465422
2.3022631748
0.3546077207
-1.7670580241
-0.2641186412
-0.3601110382
0.3300276441
0.2026950594
0.6252287410
-0.2343038955
-0.1628524512
1.7171613497
0.8152026785
0.4303973541
-0.8141839650
0.6672033489
-0.2851404912
1.0321492413
0.4532019058
0.2443115184
-0.2252888891
-0.3523789674
0.5399174968
0.5084662003
0.8381075781
-0.3096105029
0.2385017683
-0.5620396553
-0.1968579830
0.1329393727
1.3174410203
0.9070021422
-0.2554109409
1.2321522695
0.1405111586
1.5321642151
0.8519002621
1.2496997932
1.0690047848
-1.0155352993
-0.3495962188
-0.1982112973
1.9243387578
2.3122899726
0.8616687877
0.6271423372
-0.8200677029
1.0955100411
1.3561867239
1.7413387855
-0.1162027953
0.3600968510
-0.2639459745
0.0582218110
-0.1652934677
-0.3766611292
-0.4740462822
-0.1522629949
-2.0993256149
-0.6229299803
-0.0616484887
-1.2297652836
-1.2413403124
-0.0369923452
0.1523514757
0.7959116172
-1.8907571541
-1.1297911997
-0.1882990564
0.8054993123
-1.0099912872
-1.7584957746
-0.7704389869
-1.5426497192
0.5710956166
2.1993848553
0.2773750309
-0.3396511327
0.0218841066
-0.0870506810
-0.7224644827
1.6400724173
0.8720636471
-0.6020762458
-0.2931292398
-0.3110713153
-0.2698458462
0.7629889968
1.3360737338
1.3238712692
0.7895470256
-1.1678142848
0.2430036386
-1.0314936297
-0.2288836617
-1.1208369455
-1.9272914389
2.5504587049
-0.8090444640
0.0937749892
0.9935912728
0.9485624681
0.5460982171
-1.1642067261
-0.4136205349
-1.8902247486
-0.1735991738
0.5250112734
1.1809234336
-1.0804754217
0.7948878076
1.6402321097
0.5383769528
-1.2919630553
-1.9483581524
-1.7338730564
-0.1311005368
-0.5299776827
0.7600060686
0.4964056396
0.5933948360
-0.3007369806
0.1521069052
0.4502484616
-1.2738783109
-0.5087598193
-1.0463814425
-1.8668785668
-0.2087946602
-1.0587937300
-0.1877177782
0.7413515690
1.4346957359
0.4731593564
0.5020198868
-1.0028690916
-1.7224663000
0.5191283077
0.0422553123
1.4873340089
2.4940127080
-0.0478296457
0.0034832924
0.7431193645
-0.0030688340
0.1011325602
0.2716346442
1.3211006943
-1.4397248078
0.9455717545
0.0548440060
0.6487636901
0.9520030721
1.2090962545
-0.3468553744
-0.2395970819
0.0487744431
-0.8669232170
1.4398357429
0.6804778940
-1.5318574107
0.4944011070
1.1086084140
0.1810353885
-0.5454491022
1.1302631916
-1.6311814046
1.2720169776
0.4664142686
0.6093583992
1.0480747720
0.8895622166
0.3270535410
1.1806569287
0.8834396079
-0.6896327117
-0.1256763477
0.2538291244
-0.3770521375
0.5943587521
1.4746404276
1.9790142964
1.5706282116
0.0949048677
-0.2663877084
-0.5490979566
0.0929785710
1.3878781262
-0.8550981972
1.0660017058
-0.4851797813
0.5004745465
-0.1279547609
0.5465832068
0.4095299692
-0.5293553616
-0.9653399986
0.8175636116
-0.4731417811
1.0216714769
0.0998532553
-0.6343815197
0.8069852507
0.3838091772
-0.9729891566
-1.6812700357
1.1588922118
-1.1629944040
-1.1129356323
-0.4348572616
1.7365690682
-0.4264154144
-0.1271329294
0.2661491962
-0.0384399628
-1.0376120421
-0.9196704865
-0.4106018708
0.1212187718
-2.4715869546
1.1345484234
-0.1722306440
-1.5235949023
0.9708221150
0.0620268780
0.1774299717
0.6200201506
1.2869537809
-0.5229796497
0.1202799810
0.9948798216
0.6455801126
-0.6126371755
-0.3162417186
1.4423244387
-1.5204704534
-0.4360414063
-0.3101009760
-0.3717056495
-0.3694664235
-0.5551351658
0.5265338281
-0.8866226913
-0.4529490331
0.6250717270
0.1973480979
0.3181951236
-0.2381016352
-0.8691890647
0.4284583025
1.5805044778
-0.5214207076
0.4967281199
-0.3178124165
-0.8241188652
2.1967178031
0.9574544926
-0.9368313509
0.4741464851
-0.9939148725
1.2365885641
1.0468773551
0.5207422177
0.3588635533
0.8514782658
0.9473583952
-0.7838321378
-0.6914062157
-0.6003251351
-0.1524278264
2.1405586807
0.0667108583
0.1636879957
-1.3221760585
0.0187217836
1.5413941408
-0.2974274027
-0.8611510412
0.9584753294
1.9205566762
-0.1649154318
-0.2026875859
1.1633888077
1.3829187934
0.9179688303
-0.7010232249
0.3580144746
-1.0923417110
-0.8454966685
-1.3448379357
-0.8199704354
0.2228967278
1.0461725066
-0.4091066501
-0.1054211604
-0.8460855963
1.2358075084
0.0976695549
0.5356038737
0.9470174116
-1.2852550537
-1.3568519176
1.4943352896
-0.0914464421
2.5689211690
-0.8037615751
-0.7603081291
0.8925771319
-0.2209305747
0.6209348923
1.2848952468
1.1641484109
-1.4528921884
0.8798267315
-0.3257719408
-1.0552651896
-1.0664380353
2.1233579484
0.8870133134
-1.1985335245
1.1161846698
-0.3916764515
1.2503896175
-0.7411219215
0.3063715626
-0.8008433401
1.2196488631
1.3787021190
-0.5682580781
0.6040399151
-1.3115383288
1.2588736984
-1.0561799835
-1.0753127773
-0.4391034495
1.3075979154
-1.7449486043
1.7284010520
0.1877688896
1.3102579792
1.5744359384
0.5482955621
-0.8368321771
-1.3440799063
1.6254946088
-0.2929261199
0.2274578639
-0.9696997178
-1.6537076569
-2.1006148602
-0.0644551716
-0.0749415810
1.1236856657
1.0703375298
0.5752174126
-0.4051407197
-0.8897521174
-0.2250653097
0.0583545940
-0.0046639582
0.5933286987
-0.2924006893
-1.8093362181
-1.3384283399
-0.6776324046
0.7266765251
-1.3073360891
-1.3417907256
0.3750138329
0.7697866423
1.0936338969
1.5542969781
-0.0080889521
-0.5416897322
-0.0557279420
1.3229693246
-0.6817560501
-0.6878016698
1.2602922918
