16 4 0.11
38 0 2 0 4 1 2 1 3 1 4 2 0 2 1 2 2 2 3 2 4 2 5 3 3 4 2 4 3 4 4 4 5 5 1 5 2 5 3 5 4 5 5 6 1 6 2 6 3 6 4 6 5 7 3 7 4 7 5 8 3 8 4 8 5 8 6 9 4 9 5 9 6 9 7 10 7
20 0 3 1 1 1 2 1 3 2 0 2 1 2 2 2 3 2 4 3 0 3 1 3 3 3 4 3 5 3 6 4 3 4 4 4 5 5 4 6 4
19 0 0 0 1 0 2 0 3 1 0 1 1 1 2 1 3 2 1 2 2 3 0 3 1 3 2 4 1 4 2 4 3 4 4 5 1 5 2
20 0 0 0 1 1 1 1 2 1 3 2 0 2 1 2 2 2 3 3 1 3 2 3 3 3 4 3 5 4 0 4 1 4 2 4 3 4 4 5 4
0 8
0 9
4 10
8 7
0 0 0 0 0 0 0 0 0 0 1 0 2 0 0 0
0 0 0 0 0 0 0 0 0 0 2 2 2 0 0 0
0 0 0 0 0 0 0 0 1 2 2 2 2 2 0 0
0 0 0 0 0 0 0 0 0 1 1 1 1 1 1 1
0 0 0 0 0 0 0 0 0 0 2 2 3 3 1 0
0 0 0 0 0 0 0 0 0 1 2 2 2 3 0 0
0 0 0 0 0 0 0 0 0 1 1 2 2 2 0 0
0 0 0 0 0 0 0 0 0 0 1 2 2 1 0 0
0 0 0 0 0 0 0 1 1 0 0 2 2 2 2 0
0 0 0 0 0 0 0 0 1 1 1 1 2 1 1 1
0 0 0 0 0 0 0 1 1 1 1 0 0 0 0 1
0 0 0 0 0 0 0 0 1 1 1 1 1 0 0 0
0 0 0 0 0 0 0 1 1 1 1 1 0 0 0 0
0 0 0 0 0 0 0 0 0 0 0 1 0 0 0 0
0 0 0 0 0 0 0 0 0 0 0 0 0 0 0 0
0 0 0 0 0 0 0 0 0 0 0 0 0 0 0 0
-0.2364904742
2.1305354085
1.4172960710
1.3172523146
-0.5138642614
-1.4307460070
1.1694034975
0.0566761583
1.8578601953
-0.1218276324
0.7064075770
-0.0376010186
-0.1002071629
0.9040799852
0.9070255503
-0.0659337198
-1.2369158864
0.2262146630
0.1328827601
0.8525528723
0.5900547641
0.2261533489
-0.1146492034
-0.1711672318
-0.0475302705
1.2990626730
-0.1356215269
0.5038787887
0.4579212259
0.0434211894
0.1443550253
1.6172122380
1.4671879114
1.7799823156
1.2073001595
-0.1836857238
0.7979040279
0.3468422060
-0.6960941484
-0.2548962139
1.4192588613
-1.3045849758
-0.6742019323
1.4052899834
-0.9163815987
1.6226896281
-0.1544180913
1.3312513845
-0.1114063989
0.1371663419
-0.3908093204
-0.2843155157
1.9881600406
0.9450803091
-0.4001967919
-0.8457417783
-2.5672117530
0.1794519170
0.4039522259
0.4881252186
-0.5347424278
2.7644232389
-0.4144205089
-0.2143002863
1.1266553987
0.0351947596
-1.7684111759
0.1911808520
-0.0292963099
0.1249851048
1.0785862437
-0.1539145078
0.8935675977
-0.6369920234
0.8388917798
-0.7555063175
1.2178927369
-0.7654893564
-0.6190144368
-0.3203683830
-1.7495923761
0.1218263245
-1.4013528662
1.9494067011
-0.9810152012
-0.6682681194
0.2038676194
-1.1128230559
-0.3746185977
-0.4461721665
1.2869534238
-1.4507819560
-1.6448127212
-0.4191615154
0.0773533704
1.2947614649
0.0594205661
0.9658213425
0.5868409709
0.4388398100
0.1349550446
0.5462457583
-0.3979307815
2.5648401081
0.4608148849
-1.1318815169
-0.8011646192
1.7672970038
-1.7770899551
-1.6750585971
0.4115123566
0.4817953087
0.6429642552
0.3169764404
-0.9410620552
-0.6496752283
-0.1588226686
-0.0914084923
0.8017683943
1.9130151902
-1.1922440920
0.0367114854
-0.1482113861
-0.9110375231
-1.2972472674
1.2508051271
1.6951967169
-0.4576849680
-0.0384715069
0.0617365385
-1.5942241758
0.0156801339
0.5912068920
-0.4227235927
2.0222850386
-0.0505450099
0.0022305370
0.6013611662
0.9674538159
0.1980885919
-0.6620037763
1.3008107593
0.2284511681
-0.3088258779
1.5782961034
-0.1744832286
-2.4389684240
1.4235454583
-0.3888047835
-0.0321216602
-0.7544701170
1.3584936595
0.4566321168
1.2709004208
-0.1688333612
-0.6235028823
0.6415306468
1.0423536926
0.4863271436
-1.7643125866
0.2722876985
-0.0483004463
-0.2753712514
-0.3800899362
-0.7571391297
0.4393395301
0.6891877242
0.4233733183
0.1790821174
0.9858941905
1.3534667064
-0.7497045707
1.4542208758
0.2964565877
-0.2525305438
0.3407507264
-0.3905105705
0.7820640191
0.2848026863
0.9898296429
-0.4424107820
-1.2858405248
-0.4023650275
0.7596613346
0.8565490251
-1.1964768312
1.1152192768
-0.8887869409
-0.5036545299
0.3515538667
0.3843720199
1.9964776857
0.4243366607
-0.2580464244
0.1775898110
0.1705371769
1.4810080621
0.4507906732
0.7512091230
-0.8231854109
1.9686557150
-0.9582968560
-0.3101177275
-0.6871981688
-0.0913608510
0.7498843843
-0.7150743178
0.8199403552
-1.3428203333
-0.3688760616
-1.8884861663
0.9598798588
0.8534639567
1.1486756154
-1.1859703622
0.4415808161
1.2470168156
-0.9214691738
0.1151466624
-0.8474867264
0.4204515345
-2.6042291500
0.3236005746
-0.5881707795
-2.3992476062
0.3279500614
-0.0804664731
0.3691501636
0.9053799375
-0.1817065020
-1.4826052519
1.2491049748
0.1723180211
-0.1890839036
0.7132214662
0.8726769439
0.5508462672
1.0962031718
-1.6791918716
0.8311911917
1.7085813551
-0.8719258955
1.4971376022
-0.8715053114
-1.2364783800
0.2773605105
0.0485467506
-1.5441863473
-1.1877169253
1.8525880998
-0.3163177977
-0.4306047913
1.2826038578
1.0557140528
-0.0914331631
-0.8809405456
-0.8313830273
-0.0843163295
-1.0380626350
0.0353405761
-0.1749282269
1.6766351559
-1.1647003507
0.5931572660
0.3397383366
-0.6364434483
0.3443852078
-1.5448733084
-1.4143532497
0.1305520062
0.6117193947
0.3219385356
-0.6437408587
1.1554544286
-2.4081918655
-0.2080790430
-0.2516190900
0.8245625179
-0.3984693852
-0.4979058638
-0.1998886095
-0.4882111602
-0.2319987081
-2.1876988120
-0.2997424610
-0.8409012302
-0.8288599697
0.1749476644
-0.7894619328
0.3547707930
-0.9160366014
-0.2583826870
0.2511036284
-0.1451513134
-0.0088472466
-0.3153600983
-0.7447080554
1.4265285636
-0.9522193693
0.9654860929
-0.1266654593
0.1542322826
1.1528447745
-0.5509648664
-0.0329418348
-0.6801056044
1.4927279647
0.1608476674
-2.4275076438
-0.7802194480
-0.9501093735
-0.3573006340
1.1384250613
-0.4350428294
0.1866030609
0.7705799657
-0.6079317397
-1.0943926217
0.7664654431
-0.5767020003
-2.1437785656
-0.7285052139
1.0477386480
1.5779481650
0.6779616411
1.0131239513
0.4182517565
-1.6052331070
0.6245363200
-0.3907108688
0.0243639643
0.5377320850
-0.3137081093
1.1329970097
1.4134514911
0.6968479300
-0.4867248809
0.1038613087
-0.5037324141
0.3297004413
-1.5211355710
0.9457186978
-0.1639163259
0.2575879063
-0.8386666743
1.6202641371
-0.0514194788
-0.8062531868
1.1660750261
0.2164257277
-1.2352501327
0.3738744579
-0.3281468548
-0.5066000009
0.0551066911
2.3787895899
1.7815392593
-1.0773789721
0.8440626869
1.2679167138
0.4481478866
-1.8910877951
0.4223190587
2.1433187037
-1.7617464039
-0.3958079017
0.4975519254
-0.4042686996
-3.4884646109
0.6114861115
-0.7048212778
-0.5767323404
0.1895565483
0.5217931236
0.6100075684
-0.4608543494
1.7189977283
-0.6644230046
-0.5198231168
-0.5296459036
1.0674642801
0.3682605434
0.2624574850
-0.3921450380
1.1644309441
1.3671977848
0.8842193990
-1.0251615919
-0.1787938592
0.2723818738
0.0493935776
-1.5116904513
-0.8842301453
-2.4195283300
-1.0707492013
1.5150389544
0.0255848759
0.0739489719
0.5539449181
1.3811238827
-0.0907264380
-0.0698043699
-0.8751151226
-1.6919700580
-0.6816497259
-0.0212238135
-0.5301880891
-1.3185086593
0.6696334994
0.3980056232
-0.1342382120
1.0886164318
-0.0664592242
-0.7649936029
1.2538413708
0.7016327286
1.1389420712
-0.0396478979
-0.6732569849
-1.9510336617
-0.5368873962
-0.1549608963
1.0128093411
1.4976278872
-2.2195799511
-0.4197385362
-0.5962080234
-0.2267149361
-1.0892929696
-1.4888189722
0.4617438007
-1.7456067253
0.5009519583
0.5219488149
0.2931341712
-2.2083105332
-0.4254711060
-0.5509273695
-1.1727745875
-1.3629843963
-0.1333735837
-0.4752465505
0.0004656294
1.4583169554
1.6189738785
-0.1514990813
-0.5925771851
1.1554740611
-0.8316623834
1.6785733086
-0.0951035270
1.9830385406
0.0574965589
0.5059895650
0.1299132256
-0.8655491343
0.7612921041
-0.6834787241
2.1686932874
0.3837470176
-0.8027006046
-1.9042123320
-0.4960945665
-0.3153432524
-1.4602504688
-0.0762698867
1.1360896603
-0.4778725264
-1.4272495042
0.0061363960
-1.1651965331
-1.5860224039
0.5584354635
0.6103611959
1.4118468042
-2.2254679455
1.5244931853
-1.4751810302
0.4458052260
-2.0715722972
2.1694392257
-0.1376207999
-1.3716639299
-0.1444428953
0.3611886573
-1.9404937136
-1.8865972559
-0.3203571174
1.8209206647
1.0892736643
-0.6666894597
-0.7306896739
0.1249341301
-0.5140097824
0.4716209702
0.2980353275
-0.7532000203
1.1514651755
0.8117652673
-0.9413456211
1.0451161432
1.9676521942
-0.0791968500
-1.2017163657
-0.2768608803
0.4214945610
-0.0813716713
0.2442297087
-2.1525288366
-0.8778323190
0.2599937895
0.7862793025
