11 4 0.08
18 0 3 1 3 2 2 2 3 3 2 3 3 3 4 3 5 4 1 4 2 5 0 5 1 5 2 6 0 6 1 6 2 7 0 7 1
15 0 3 0 4 1 2 1 3 1 4 2 1 2 2 2 3 3 1 3 2 4 0 4 1 4 2 5 1 6 1
15 0 1 0 2 0 3 0 4 1 0 1 1 1 2 1 3 2 1 2 2 2 3 3 1 3 3 3 4 4 3
17 0 0 1 0 2 0 2 1 2 2 2 3 2 4 3 2 3 3 3 4 3 5 4 2 4 3 4 4 4 5 4 6 5 6
2 4
1 4
0 0
1 4
0 1 1 1 1 0 0 0 0 0 0
1 1 1 1 1 0 0 1 1 0 0
0 1 1 1 1 0 1 2 1 0 0
0 1 0 1 2 2 2 3 1 0 0
0 0 0 1 0 1 3 2 1 1 0
0 0 0 0 1 1 3 2 2 2 1
0 0 0 0 0 2 1 0 0 0 1
0 0 0 0 1 2 1 0 0 0 0
0 0 0 0 1 1 1 0 0 0 0
0 0 0 0 1 1 0 0 0 0 0
0 0 0 0 0 0 0 0 0 0 0
-0.7578929337
1.5233186834
0.5834341059
-1.1869317563
1.8695473555
-0.0830259049
0.3726664043
0.7360745262
2.0520392410
1.2956394360
-1.0215967870
-0.4861497152
1.7196998813
-0.8951745492
1.2897484810
-0.5200107683
-0.5753680118
-0.4594502674
-0.6632558776
-0.9859304381
1.9568551332
0.1664725307
-0.9886803776
0.2931678153
-0.7931798613
-0.6016604767
-1.3397357540
-2.2704123028
-0.2308944464
-0.6344013614
1.5806231554
-1.6397860993
-1.0257076811
-0.3123424406
0.5383448195
0.2311844386
-0.5908837049
-0.9950962074
0.1981593724
0.9420916928
2.4535446129
1.1649887189
-0.3963819728
0.3164726522
-1.5425940210
0.2994408668
-0.8738695221
0.2930764835
-1.6887096010
0.8048812043
-1.1811390721
0.7845694886
-1.4358607635
1.0645979948
-1.2229241560
-1.4719868283
-1.4770430518
-0.5611681969
-0.0411311594
-0.0045470778
-1.5272643342
-1.5666257419
0.3038986326
-1.0925919070
1.4418019893
-0.6561528732
0.8819744253
-1.5268580918
1.9320632738
-0.0072541467
1.2042338265
-1.1439131289
-0.7388486356
-1.0439362663
0.5414998563
-0.1320526248
1.1660855235
0.7981802686
0.9539972923
-0.2789736652
-1.3894268203
0.4453560426
-1.8882085508
1.9120172033
0.6322744107
0.2089646687
0.1841718629
-0.7027434639
1.6060802696
0.1727708350
0.0506494952
0.8877036551
1.6951124817
0.3723513741
0.2932128840
-1.4066773686
2.1651697837
0.2369259659
1.4035015009
-0.8331000559
-0.7878965508
-0.7046330357
2.3701502229
1.1264569430
1.0594754245
-0.7803400598
0.2350604562
0.9033379048
0.6861379614
-0.1033396530
-0.2446015413
-0.1117599536
-0.1459053411
1.7427150770
-2.1887765954
0.8564305224
-1.6166975026
-0.4573587657
-1.2503114245
1.5259110753
2.7813493557
0.2733265457
-1.6012992380
-1.0201659111
1.5912102298
-1.0511046784
-0.3282705993
-2.6276417988
-0.2046068448
-0.2799808452
0.5570020570
1.0176022572
-0.4958025407
-0.0488915137
1.9477635133
-0.1019845761
1.2676847291
-0.4165869269
0.4385704989
-1.3750042140
1.0713460718
0.4983304591
-0.1140737981
0.1060973008
-0.3306148679
-0.3162967471
-0.2229035719
0.7417411296
0.0269349552
0.0545721401
-0.6734107326
0.1559076308
0.2816109695
-0.6205190565
0.1439020110
-0.3766410266
0.7268822868
0.6703366021
-0.4155222920
-0.3862488706
1.2572782747
-1.5806200058
0.8297144229
0.4933098571
-0.0108694096
-1.3232123131
-0.1865100324
0.1656282452
-0.8878783293
1.5150146177
-0.1678940588
0.2857399190
-0.1167275248
-1.5503899498
-0.8742134295
0.5011915247
1.3660359164
0.1448392327
0.0470849315
0.1223585841
0.6056204980
-1.2867360321
1.2184909518
-0.9133898831
0.4545214457
0.2580315226
1.6099214793
1.0370073076
-0.8159030856
-0.7984754025
-0.1854648436
-1.1014980454
-1.6489661957
0.1013451477
0.4632450312
-0.7719560599
-1.2400921284
0.7858248040
1.5108729560
1.2168119040
-0.4549058374
-0.2710360290
-0.9439627551
-1.2236328587
-1.2453099712
0.7516956134
0.4444726198
-0.4491971150
0.3387380967
-2.0866050918
-0.4987621090
-0.9306802188
-0.2213980772
-2.0885876379
-0.7694408704
1.3081871647
0.9979784386
0.7584184785
-0.3054186939
0.1091124250
0.0302204864
1.9355854472
-1.1811832888
0.9450220836
-0.1798651772
1.1321184127
-0.0443016072
0.2218912869
1.7963679483
-0.3858487791
-0.3128094100
-0.0716681041
1.0090845933
-0.6647669581
-1.3188294429
0.6013422427
1.6935704682
-1.2083986341
-0.0437936433
0.3076830405
0.0322930413
0.8583093611
