15 10 0.12
8 0 1 0 2 1 1 2 0 2 1 2 2 3 2 4 2
8 0 4 1 0 1 1 1 2 1 3 1 4 1 5 1 6
8 0 0 0 1 0 2 0 3 0 4 0 5 1 1 1 3
7 0 2 1 0 1 1 1 2 2 1 3 1 3 2
6 0 0 1 0 1 1 2 0 2 1 3 0
8 0 2 0 3 1 2 1 3 2 0 2 1 2 2 3 0
8 0 2 1 2 2 0 2 1 2 2 2 3 3 0 3 2
8 0 3 0 4 1 0 1 1 1 2 1 3 2 0 2 1
6 0 0 0 1 0 2 1 2 2 2 2 3
7 0 1 0 2 0 3 1 1 1 2 2 0 2 1
4 9
11 5
3 5
10 4
9 1
6 4
10 7
12 6
6 7
1 10
0 0 0 0 0 0 0 0 0 0 0 0 0 0 0
0 0 0 0 0 0 0 0 0 0 0 1 1 1 0
0 0 0 0 0 0 0 0 0 0 0 1 1 0 0
0 0 0 0 0 1 1 1 1 1 2 1 0 0 0
0 0 0 0 0 0 1 0 1 0 1 1 0 0 0
0 0 0 0 0 0 0 0 0 0 1 0 0 0 0
0 0 0 0 0 0 1 2 1 2 1 1 0 0 0
0 0 0 0 0 0 1 1 0 1 0 1 0 0 0
0 0 0 0 1 1 1 0 0 1 1 1 0 0 0
0 1 0 0 1 0 0 0 0 0 0 0 0 0 0
0 1 1 0 0 0 1 0 0 1 0 0 0 0 0
0 1 1 0 1 1 1 0 0 2 0 0 0 0 0
0 1 0 0 0 2 1 2 2 3 3 1 0 0 0
0 0 0 0 0 1 2 2 1 2 0 0 0 0 0
0 0 0 0 0 0 1 1 0 0 0 0 0 0 0
0.1738491725
-0.4089067937
-0.7593815184
0.9679924901
-0.2498153166
-0.7117762978
-1.6356208953
1.0364764272
-0.0706979031
0.2683626404
-0.8916261639
-0.4040151351
0.3107335272
0.2426296102
0.6710197878
1.4314259232
-2.8706773857
-1.3323552080
-0.6248275545
0.8994865033
-0.7687928426
-0.0756171426
-1.4807183854
0.6490983069
-0.5101352869
1.0892351291
0.9387638720
1.4145305646
2.3674466287
0.4562506157
1.4945079104
0.4138517716
0.8596366798
-0.6594200740
-0.5755039298
-0.2438215578
-1.0800038462
0.6160323020
-1.3888761445
-0.4043787406
1.1847311243
1.0524412949
1.1591035137
0.4481532331
-0.9057499277
0.5238603973
1.5029239083
0.5533124599
0.4920890529
0.7664399314
-1.0156325913
-0.6066565093
-1.2625336076
-2.8809191414
-0.8621203746
0.1299722850
0.0347998103
-0.1142365862
0.7566442516
1.9036393935
-1.0164519481
0.7125632530
-0.5372706382
-0.9722336859
-0.2231198251
-0.3417132199
0.9328016758
1.4809319809
1.5022883164
0.0911780502
0.1777701521
-0.0583805945
1.4457484587
-0.7298176417
-0.0311138730
-1.5706770994
-0.3162307132
-0.8454010071
-0.2976970595
-0.0900336386
-0.2414120792
1.1999268289
0.6364330642
-0.9198305452
-0.6064107073
-0.5964963460
1.2308456550
0.5874799704
0.7266629216
-0.1952295911
0.4756952638
0.6881220629
-0.5378343439
-0.8116726887
-2.3602224449
-1.5026395577
-1.2909685521
0.5253572840
-0.2337774874
0.0196136327
-0.8921631577
-0.7258768850
-0.6025333039
-0.4274890974
0.1931051119
0.4306823769
-1.5616490046
1.4134490041
-0.0608602885
-0.6959990433
0.6279207726
0.1769563993
0.5716876714
0.8650833876
0.3454066291
0.0294492914
-0.9495808587
0.6695467532
1.6781950554
-0.1542535539
0.0395552774
0.2697515735
-1.0808731589
-0.2308907518
-0.7213892339
-0.5572058016
-0.5015717035
-1.6583563606
1.9610296197
-0.1550025953
-0.4819878475
0.2899766439
0.7842452825
0.7153496372
1.0085250037
-0.2789370741
0.2654774766
-0.6980129571
-0.9538194286
-0.5148414678
0.9113080658
-0.0431751159
0.6908253042
-0.2343031015
1.8885746688
-0.4928750358
-1.0370938340
0.7381370250
0.3078665027
-0.2802090491
-1.4801420927
-1.1920235935
-0.9442550856
0.0546589202
-0.7274835995
-0.5627078370
1.4566348073
-0.3922520882
-0.3251110283
-0.6767861620
-1.4497041990
-0.2355201455
-0.8941293375
-0.4118459341
-0.1221021104
1.1505287744
0.1331718434
-1.3012745327
0.8178647796
-0.3558422585
1.7456087451
0.9096999031
0.3903625983
0.6661243012
0.1146033163
1.0552160396
-1.5755090749
-0.5553851723
-0.8204472403
0.4195148669
2.2910931399
0.4885592782
0.1838544451
-0.6156302025
0.5958133826
-0.2216818267
-0.1214316585
-0.0572019169
-1.0502186517
0.3782926749
-1.4520924257
-1.3231226245
-1.0150186259
0.6869272358
-1.1404906782
-2.4584379822
-1.0021328018
1.2402643537
-0.2826765449
-0.1630671230
1.1023587297
-1.2223849807
-0.2563030137
-0.2458621095
0.2133631685
1.0328246958
0.7839637393
0.5721073499
-1.0251162211
1.9236818356
-0.9648908292
0.2763935676
-0.9760250901
-0.1490132881
0.9010755759
-1.2632276053
0.1357386794
0.3110014093
1.3748841275
0.9957670580
-0.7746005707
-1.3443564241
0.9644163303
-1.8113463666
0.1376504304
-1.5500536627
-0.4375103753
-0.7895280798
1.2119986593
-0.1912141293
0.7356301406
-0.4465321687
0.9260544318
0.6938150136
-2.5724283082
1.0211447666
-0.8990132664
-1.6683085817
-0.3493396779
0.2362173711
1.7962921134
0.6725883271
1.1780040309
-0.6771406281
-0.7011944001
-0.1280803235
-1.5709546022
-0.0207215619
-2.2149884046
-0.1100608125
1.2163535423
0.9604900520
-0.0117375684
-0.7025230505
0.1163555750
0.0710811005
0.0576660673
0.9672477759
-0.8532795980
2.0289303898
0.2360269397
1.1867358080
-0.9933060342
0.6092414398
0.4384552762
-0.6797163330
2.1201269707
-1.4785064015
0.5224367213
-0.2393083334
-0.7504485193
-0.0643893139
0.4894263079
-0.0930323743
0.7344505672
-1.0400157283
-0.1888534356
-0.7954384805
-0.7425651381
1.1051601848
-1.1354270360
-1.5063756866
-0.4234332935
-1.1426315306
-1.5392188781
-0.7109717451
0.1263680727
0.0304656150
0.1419543943
1.3871743132
0.4622138222
1.0131989314
1.0066583294
1.1845653152
-0.2558669658
2.1892236437
0.7601746160
-0.8683093652
1.0072613514
1.4606727175
1.0546052815
0.8301038282
1.3834125566
-2.0948142169
-0.9981071545
0.1522961781
-0.7368631709
0.2611938606
0.2094745815
-0.1725548498
-0.2313737683
0.5919243152
0.4649680281
1.4178264768
0.7700094936
0.4231038611
0.1452487564
-0.8651312429
-1.7078111823
1.6682284408
1.0736899564
1.1724965480
1.0515772705
0.2147316938
-1.0385358312
1.7619025092
-0.9400848262
0.0451375505
0.7337086352
0.1041779786
-1.7248771383
-0.9909452760
-1.0927649988
0.2099018103
-1.1771924332
0.6954443838
-0.4073153073
-0.0833499165
-0.5705106851
-1.5256788230
1.0006601378
0.5383090838
0.2499626316
1.0992292892
1.9214163941
0.9259698570
-0.6794120190
-0.7426176884
-0.1137581136
-1.2630611749
0.3336969440
2.2843251516
1.7163061217
1.2412821803
1.4923647074
0.2459094845
0.3534964322
-0.3925770963
-0.3009143329
0.3783475687
1.8706524886
1.9081151556
-0.3337297377
-0.7382816740
-1.2008716717
0.1061560119
0.0990816496
-0.8648206256
0.7967744618
-0.9122788969
-0.4233002604
-1.0463527801
0.0856786631
0.4178160554
1.9493179081
0.9683387185
-0.0706914018
2.0358119262
-0.3850715903
-1.6495344165
-1.0779422006
2.3000951835
0.1698751775
-0.2440331245
2.0925680535
-0.3503494796
2.4374373439
0.4807266414
0.5866992930
-2.4127651047
1.8336807522
-0.2123724137
1.3218481638
0.0576650224
1.7251808340
0.7172995241
-0.0124223026
0.9263164404
-0.1894503829
-1.0601053126
0.0836086851
-0.3947071469
0.2220888992
0.3053647258
0.0628433166
-0.2238705358
0.0777559075
-0.6521540391
0.1356263035
-0.2100565920
-1.5848079130
-0.0826787520
1.1425882684
-0.5637490629
0.3511041410
0.7793767644
1.5675118586
2.1670117244
0.8298330301
-0.5081430395
-0.7159773829
-1.0918778689
1.6152929716
-0.0586984380
-1.6985597768
-0.3893255715
1.0751263891
-0.7201373558
-1.3915755316
-0.2047960274
-1.5605895782
1.2394265844
-0.7634542394
1.0540328370
0.0578101884
0.1431646806
-0.4682954882
0.7756922992
-0.9750151323
1.5178275837
1.3506985216
0.6415872272
-1.1506501897
0.0731240780
-0.6030268023
-0.7350638415
0.4702236610
0.6270078742
-2.4842196477
1.6883391690
