20 8 0.08
8 0 0 0 1 0 2 1 1 1 2 1 3 2 2 2 3
7 0 0 1 0 1 1 1 2 2 1 2 2 3 1
20 0 3 0 5 1 1 1 2 1 3 1 5 2 0 2 1 2 2 2 3 2 4 2 5 2 6 3 2 3 3 3 5 3 6 4 0 4 1 4 2
20 0 2 0 3 0 5 1 1 1 2 1 3 1 4 1 5 2 2 2 3 2 5 2 6 3 0 3 1 3 2 3 3 3 4 3 5 4 0 4 2
14 0 0 0 1 1 0 1 1 1 2 1 3 1 4 1 5 2 1 2 3 2 5 3 1 4 0 4 1
14 0 1 1 1 2 0 2 1 2 2 2 3 3 0 3 1 4 0 4 1 4 2 5 0 5 2 6 0
12 0 0 0 1 0 2 1 0 1 1 1 2 1 3 1 4 1 5 2 0 2 1 2 2
12 0 1 1 0 1 1 1 2 1 3 1 4 2 2 2 3 3 2 3 3 4 3 4 4
12 6
7 4
10 8
15 4
6 8
10 12
1 1
7 8
0 0 0 0 0 0 0 0 0 0 0 0 0 0 0 0 0 0 0 0
0 1 1 1 0 0 0 0 0 0 0 0 0 0 0 0 0 0 0 0
0 1 1 1 1 1 1 0 0 0 0 0 0 0 0 0 0 0 0 0
0 1 1 1 0 0 0 0 0 0 0 0 0 0 0 0 0 0 0 0
0 0 0 0 0 0 0 0 0 0 0 0 0 0 0 0 0 0 0 0
0 0 0 0 0 0 0 0 0 0 0 0 0 0 0 0 0 0 0 0
0 0 0 0 0 0 0 0 1 1 0 0 0 0 0 0 0 0 0 0
0 0 0 0 1 0 0 0 1 2 1 1 1 1 0 0 0 0 0 0
0 0 0 0 1 1 1 0 1 2 1 2 1 1 0 0 0 0 0 0
0 0 0 0 0 1 1 0 0 1 1 1 0 0 0 0 0 0 0 0
0 0 0 0 0 1 0 0 1 1 1 2 0 2 0 0 0 0 0 0
0 0 0 0 0 0 0 0 0 1 1 2 1 2 0 0 0 0 0 0
0 0 0 0 0 0 1 1 2 1 1 1 2 2 2 1 0 0 0 0
0 0 0 0 0 0 0 1 1 1 1 1 1 2 1 0 0 0 0 0
0 0 0 0 0 0 0 0 2 2 1 0 1 1 1 0 0 0 0 0
0 0 0 0 0 0 1 1 0 1 0 0 1 0 1 0 0 0 0 0
0 0 0 0 0 1 1 1 1 1 0 0 1 0 0 0 0 0 0 0
0 0 0 0 0 0 1 1 0 1 1 0 0 0 0 0 0 0 0 0
0 0 0 0 1 1 1 1 1 1 0 0 0 0 0 0 0 0 0 0
0 0 0 0 1 0 1 0 0 0 0 0 0 0 0 0 0 0 0 0
0.1902160121
-0.4428249265
1.0101510092
1.7914193756
-1.0857442855
-1.7937752592
-0.7322548314
0.1020087659
-0.3352255472
-0.4828461750
-0.3174798549
-1.1886614198
0.2446350431
1.1977030302
-1.1761445625
0.1390174362
-1.1642589739
-1.6352699426
-1.3185847783
-0.5724738712
1.8574402837
0.2445473594
-1.1840303464
-0.2835168768
0.9070757247
0.5224345995
1.5001522297
-0.4439411673
-1.8828595581
0.8100334713
0.9456873799
-2.3017596065
-0.5991844876
-1.7908229256
0.9233565626
-2.0542861183
-0.2142624092
0.3777595314
0.9634178936
0.1030479574
0.5655399643
0.0438368766
-0.8951281833
-2.5507371036
-0.5516951191
-0.1812400846
-1.6502799176
-0.8751749590
1.8841002584
-0.0082746773
-1.0495345538
0.8995080234
-1.4096692912
-0.5968630961
0.8443321398
-2.4152718277
-0.5500056275
1.3485826899
-0.6538054632
0.0156290426
2.0993824032
-0.8222934901
-1.2463972096
-0.2170252661
-0.1064338095
-0.0305899118
-0.0415961319
0.5381462865
1.0284507492
0.3450451549
-2.0236223272
-0.3164972253
-0.1876141281
-0.4724996554
1.5657501591
0.1312341318
-2.4241270474
-1.0833549396
0.6985233265
0.7208351585
-1.5430627906
-0.1519584592
0.1095061204
1.3630861539
0.0742829172
-0.5135513402
-0.3072759942
2.4017369188
-1.1885355657
0.1509405995
-0.6733582011
3.3229146107
-0.5477344735
-0.0000023797
0.3916215780
-0.1337307591
1.0471354103
-0.6524726919
0.4609701655
0.3942072811
-1.4521006506
1.4032756497
1.0264904765
0.2788785920
0.3193037864
-1.5785721228
0.1672543845
0.9698952132
-0.2705330334
0.2761857568
-1.3887136425
-0.9662457806
1.3180878313
0.2934248142
0.7889969517
0.2535172422
1.9961592852
-0.2043138971
0.4703414336
-0.7385183769
2.6430755541
0.4318174548
1.0162608196
2.8095162406
0.7890297318
-0.9251537488
0.7989841903
1.5156617437
0.8095101272
0.6122894649
-1.4375723351
0.6078012049
-0.0645326734
-1.4730898378
-0.5063703424
1.3656400621
-1.6731471188
-0.7726977269
1.3829075772
0.0756583909
-0.7057030458
-2.1477004784
-0.8565946364
-2.3495992725
0.8902506119
0.0220700655
0.3881201324
-1.4932248266
-1.2014610510
-1.2664793537
-0.2493118636
-0.5039182194
-1.1035864259
1.5858385832
-1.4437682674
1.6238710989
-0.1184690566
-0.4141783833
-0.2627784826
1.2314725455
0.2229352887
-0.1158692855
0.9224347597
0.9756487987
-0.8282549714
1.1004140492
1.6399348332
-2.0790571369
-1.3742203163
0.4464645679
-0.0115955718
-1.2900739403
-0.6806916057
-0.2260526928
-1.6153982168
0.9594108333
-1.2691753395
-0.7462801630
-0.5148253195
0.2916792013
-1.3290693803
-0.2338828091
-0.3793334916
-1.2137923810
0.1224980538
0.7644304262
0.2256206726
0.1428769997
-1.7376401846
-0.2053126028
0.8895218819
1.3200882554
0.3187300674
-0.3453872208
-0.6830927432
0.3922722518
-1.1374248283
0.0925695246
0.0436960249
-0.3817269358
0.1489411671
-0.5236555415
-1.6959272547
0.0190034244
0.1704538949
-2.3489280798
1.0945642581
-0.4118951405
0.8599561371
-0.8635585181
-0.3961004771
-0.3681387192
-1.0599240825
0.2553277797
0.1912417644
0.8317075331
-0.3874183737
-1.8801682964
-0.8092211231
1.3584753441
-1.3998765251
-1.7762430593
-0.3598123905
1.7947508218
-0.7340297438
-0.4200766959
0.7790876113
0.1294958237
1.4930022343
-0.0923383185
2.4099684651
1.6149456849
1.3863520557
-0.1708031044
-0.9519794732
-1.6610900577
0.1292549854
-0.1192837299
0.1185616355
-2.1124748786
-0.3240408857
-1.1179362067
2.5013551340
-0.3888631326
-1.4011840764
1.6503776981
0.8604684321
-0.7767525068
-0.4875475008
0.8165067946
1.0128923971
0.0409351988
0.3602490090
2.5487583456
-0.1860341667
0.0972413879
-0.9038053135
1.0092266597
-1.4236779794
1.2356282083
1.3826252960
0.4204960710
0.0854342459
-0.6394156951
-1.0531840045
-0.6008786816
1.7071410288
1.5919507296
-0.5531165881
-1.4032061159
-0.5008594333
-0.8234852282
0.6083213768
1.7298455912
-0.1687337031
0.6614057108
1.1596723635
-0.0993486718
0.3982196826
0.5836869068
1.2134743593
0.6065858233
-0.8454843675
0.0523263549
-0.0343593755
0.9525725237
-0.9269474779
-1.8442758104
-1.2518316934
-1.0965218839
-0.2673243546
-0.6582906218
0.0754149319
0.7124553086
1.2389516015
-0.1212262273
1.7144803175
2.3148784244
1.7625791964
1.3226875296
0.6828611318
-0.8394728038
-1.0320949189
-0.6563845433
-0.5584813293
-0.0612479455
-1.3195115214
0.3896360495
-0.7397469214
0.6584751324
-1.3173230655
-0.5152611666
1.1677110823
0.7591420170
-0.6379514741
-1.2625268418
0.1430412656
1.4181520829
0.6594973740
0.3325555340
0.2906366946
-0.2492630058
-0.6252469171
-0.4187240199
0.5022304052
-0.2136124821
1.6605665987
-0.4650369251
0.1861606640
0.4356994329
-1.8896479121
0.6638221635
0.9616062664
-0.5036247428
0.6679487037
0.2117829417
-0.0196212799
-0.5368122001
2.0222115961
-0.2852483771
-0.7518290587
1.7122034933
-0.3966947484
0.4075228985
-1.0129363091
0.2276273623
0.6514923368
0.1144955881
-0.5936307908
-0.2320663983
0.5036407244
0.1339329763
0.3682351537
0.9396655952
-0.4285163429
-1.3699302426
-0.6669529805
-0.0271664441
0.2206767788
1.1221991678
0.4088123570
-0.3286790626
-0.8229240455
-0.9214519355
0.7667115846
-0.5917497774
1.1099955356
0.0830985368
-0.0648335748
-0.5320250825
-1.4781685207
1.1663268342
1.3504720516
1.6764324084
0.9970954457
-0.5238649998
-0.4848758797
-0.5267110003
-1.5728021026
1.3508910037
-0.1397187692
1.0440410438
0.9101451161
0.3109479488
0.1812390128
0.5545122667
-1.4400540724
-1.2930889996
1.9884724568
1.5108153703
0.7597007198
-0.5429664679
-0.0570131020
1.7723491648
0.1034238332
-1.2111920254
-0.2237392987
-0.4882693131
-2.2556910802
0.2963521052
-0.4381653970
1.2962201247
0.2494034811
-1.0498321886
-1.5320633406
2.4645829121
0.1239436645
-2.1452063306
-0.0569811714
-0.2694911982
-1.6487697922
-0.1932042065
-0.1065709724
0.6342812999
0.4803697028
-1.5941538053
-0.6004082837
-0.0905697732
2.9860765664
0.1287430639
0.0917720390
-0.1927167989
-0.7996492507
-1.1515430543
0.7432294802
-1.4923862307
-0.6008177510
1.8775817725
0.0541491398
1.0482916718
0.0742131332
-0.0992181081
0.2425937909
-1.1936168306
0.6109656756
0.8077199620
-0.8876059776
0.1066702374
0.7199334294
0.6945938415
-0.7327166181
-0.0309368512
-0.1728186055
-0.8550197709
-0.7833467470
1.0231121233
1.4716463681
0.5084570940
-1.2432355258
0.5102098885
1.1005870298
-0.3543105609
-0.5235557974
0.8044718476
-0.0948225635
1.0038625991
-0.4730552076
-0.9151668155
-0.2291811131
-0.5997669096
-0.7790233748
0.3379860080
-0.2813376937
0.4370319012
0.0571383331
-0.1248166528
0.8352642326
2.0319106973
0.5395905114
-0.8223089750
0.4566220266
0.1521283312
-0.0663062748
-0.5678599790
-0.6955617198
-2.0608013134
-1.3519104407
1.2403468330
0.4984486852
-1.3545951061
0.7135062533
-0.3850931073
1.2448629702
-0.2656993031
0.1790664414
1.0501218820
-0.7726939729
-0.2144929991
-1.4528695310
0.8879439206
0.2933677562
-0.2501411898
-0.0657146232
-0.0697905547
0.3215146031
0.5590395325
0.0416090999
-1.4547588820
-0.5838124237
-1.8515630999
-0.3931608240
-0.4789189231
-0.0614872969
-0.4346174783
-0.8232431602
0.4696108155
-0.5128530055
0.2898052584
-1.1977297613
0.7927621735
-0.8519923184
0.4273932210
-1.9589212554
0.9049084603
0.9910195167
-0.1068015195
-0.3347927465
0.3026077552
-0.4971101469
0.5089724840
0.1331651637
1.1278257572
1.4488525337
0.8855971697
-0.8711647740
-1.2625979672
-1.3065313061
-0.2986004683
-1.2136841491
-0.0874390703
3.0724360462
-0.0920940241
-1.3213031234
1.5501780693
-2.0049071349
-0.2948080008
-1.8639453717
2.2921258750
0.6316775652
0.4568894747
-1.8024408038
0.3536055150
0.8164188850
-0.4442162197
-0.9869614523
0.2494092569
1.5252426606
0.6656623062
-1.0376305126
-1.4824580446
-0.8891204311
0.3355856004
-0.4164060435
-1.0250405928
0.7618359852
0.1082071376
0.2835207550
0.6677049904
0.1735996028
0.9643729103
0.4215026560
-0.8319687810
-2.7470940233
-0.1850789131
0.3537241046
1.2967840020
0.3460698937
0.0767010723
1.0893253814
-0.3271370450
-0.1037938958
0.0534972496
-0.6258783514
-0.6648487586
-0.5664627587
-1.6722965996
-0.2176928241
-1.4001062283
-0.0618059122
1.3210145926
0.0404984995
-0.4823913671
-0.6001383433
1.1118853928
0.3124245359
0.2006243722
-1.0038574250
0.6432940812
0.1669982998
-0.6067355080
-0.9743708365
0.7157482611
-0.7458234559
-0.5883153469
-0.6843466577
-0.0434091383
-0.6476756665
0.4677816221
1.2034801947
-1.2843755867
1.4802101615
-2.1866143158
-0.7826249431
-0.7891619106
0.2689669693
-0.9518177890
-0.0323667420
0.0127245750
-1.2802558894
-0.7348364902
0.6535319395
0.1180811809
-0.6019244980
-0.0047107606
0.5749446762
-0.2785654421
0.3250631531
0.6921408962
-0.1885464762
-0.7373405786
1.1950118284
-1.2345431073
-1.4452511103
-0.1844327271
0.7670135494
1.0501471923
-0.3828878379
-2.4018275911
0.2333782520
0.6580601287
-0.2675650621
1.7872207645
-0.5901575120
0.4942799661
-0.1432293388
0.0385654330
-0.0285769084
1.2661635319
-0.8148523183
0.5092699849
-0.3834387975
-0.5802233968
-1.4767305352
-0.9926490056
-0.0880576691
-0.1249733328
-0.7334125776
0.4630733672
-1.8911128506
-0.0020813906
-0.4744833159
1.2020156767
0.2822358519
0.6276075294
0.2744017435
-0.0206204728
0.0649413877
2.6439280763
0.8380927843
-0.7186416484
1.4758321959
0.0901135945
-1.3784080607
0.9209448118
-0.2166703272
0.0026346431
1.1215830627
0.3315576154
-0.3604918200
1.1536353523
-0.7519886858
-0.0023970431
-0.3388113762
-0.6777679772
-0.7379484074
-0.5949723560
-1.0801060365
0.3531352989
0.3424881901
-0.0814829501
1.1125482376
1.2431284684
1.2657172454
-0.9183453242
-0.3902160514
0.7418582024
1.1839425776
0.2421420952
1.0253086904
0.2209958743
0.3578897831
-0.5926655280
-1.3031392510
-1.3355004021
0.1364887618
0.5271350310
-0.4993257191
0.5597660166
-0.7050210176
0.0798847174
-1.0105446765
-1.7526936880
-1.7113447723
-0.7951543923
0.7110384809
0.2570306086
-0.4673016066
0.1376792374
0.3997171224
-0.6875732892
-0.5028607001
1.4035301161
-0.6675476639
0.7688913682
0.5106136352
0.1425730744
-0.3292049182
-0.3356676358
-0.1434027758
-1.2206893596
-0.0047017960
0.2578381554
0.2722245755
1.1802784488
-0.3277648562
-0.8264283048
-1.0449971215
-0.7025797740
0.1036591929
-0.9966579254
-0.9100048233
-0.2667498848
-0.7855782030
-0.3176486806
-0.0421722375
0.2308180402
0.0949394957
-0.0739073755
-0.6180181898
0.0212680909
-1.3481517169
0.1025305670
-1.6242846625
1.3398147851
-0.3139230762
-1.0939268655
0.6527428618
-0.5489397911
1.1488855323
0.4284968236
-0.5058093422
-0.8046895087
1.3387478154
0.5604560524
-0.4326249822
-0.3483886075
1.7200903992
-0.9558479048
0.2887571300
1.6341313947
0.1064034384
-0.7689832835
0.2450226400
-1.1429803196
-0.3221842244
1.0841152710
-0.1449319016
-0.6206984576
-0.8251244239
0.3502178358
0.3078518787
-0.9751023766
1.1967993132
-0.4249576776
0.5269273915
0.1820288628
1.6868729626
1.6849290719
-2.4347988212
-1.0619748416
1.1352287950
1.0740903536
-1.5735190320
-0.2828596394
1.6914673142
0.7832789630
0.3170357967
-0.2410463097
0.6338752558
-0.7090755689
0.1827133766
1.0666719034
0.1140890777
0.6009159721
0.9942545621
0.7256212349
-0.0959469721
-1.1888999964
-0.6916000753
0.7946323474
