18 11 0.18
7 0 2 1 0 1 1 1 2 2 2 2 3 3 3
6 0 1 1 1 1 2 2 0 2 1 3 1
6 0 0 0 1 1 0 1 1 2 1 3 1
6 0 0 1 0 1 1 2 0 2 1 3 0
7 0 0 0 1 0 2 0 3 0 4 1 3 2 3
5 0 0 0 1 1 0 1 1 2 0
7 0 1 1 0 1 1 1 2 2 0 2 1 3 1
7 0 1 0 2 1 1 2 0 2 1 2 2 3 1
7 0 0 0 1 1 0 1 1 1 2 1 3 2 0
5 0 0 0 1 0 2 1 1 1 2
6 0 2 0 3 1 0 1 1 1 2 1 3
2 7
13 13
1 11
12 7
4 6
8 8
3 9
10 4
3 11
16 12
16 7
0 0 0 0 0 0 0 0 0 0 0 0 0 0 0 0 0 0
0 0 0 0 0 0 0 0 0 0 0 1 1 0 0 0 0 0
0 0 0 0 0 0 0 0 0 1 0 1 1 0 0 0 0 0
0 0 0 0 0 0 0 1 1 1 1 1 2 0 0 0 0 0
0 0 0 0 0 0 1 1 1 3 3 2 2 1 1 0 0 0
0 0 0 0 0 0 0 0 0 2 2 1 0 0 0 0 0 0
0 0 0 0 0 0 0 0 0 1 1 0 0 0 0 0 0 0
0 0 0 0 0 0 0 0 0 0 0 0 0 0 0 0 0 0
0 0 0 0 0 0 0 0 1 1 0 0 0 0 0 0 0 0
0 0 0 0 0 0 0 0 1 1 0 0 0 0 0 0 0 0
0 0 0 0 0 1 1 0 1 0 0 0 0 0 0 0 0 0
0 0 0 0 0 1 0 0 0 0 0 0 0 0 0 0 0 0
0 0 0 0 1 1 1 1 0 0 0 0 0 0 0 0 0 0
0 0 0 0 0 1 0 1 1 0 0 0 0 0 1 0 0 0
0 0 0 0 0 0 0 1 1 0 0 0 0 0 1 1 0 0
0 0 0 0 0 0 0 1 0 0 0 0 0 1 1 0 0 0
0 0 0 0 0 0 0 0 0 1 1 0 1 1 2 0 0 0
0 0 0 0 0 0 0 1 1 1 1 0 0 1 1 0 0 0
-0.7733582250
-0.1102087142
-0.3335546303
-0.1491206743
0.8586145631
0.8106259268
0.9348647837
-0.0976704607
-2.5245261930
0.7077383611
-1.7895328084
1.6607425598
-0.6128565531
0.4047569013
1.1954399201
-1.6602135872
-0.8524806186
-1.3994025521
0.3469917052
1.4480252075
0.0750607083
0.6798447768
-1.0049027815
-1.8194663759
1.3554962896
0.1121346259
-1.7087626166
-0.2097760637
-1.1231612450
0.9620479539
0.7214870915
0.1934285400
-0.1400826999
2.7124188238
-1.1255196182
0.1078095038
-0.5505886917
0.3327161116
1.9151629155
0.0157217328
-0.9748093730
-0.9482488099
2.4614017684
0.5362069087
1.6587696650
-0.6204645718
1.6349737179
1.3972333856
0.4345546119
-2.4080125611
-0.6848137868
-1.2964838858
0.9386400548
-0.0240587560
0.3467137245
0.9459656318
0.7691041694
-0.3959608369
0.5555844501
-0.8649790260
0.3005817702
0.7611109144
-0.7614287280
-0.5506385759
-0.9626947574
1.2655729143
-0.1677876905
0.1429590078
-0.6666316924
-2.2726688202
0.0790619959
1.4361701034
0.8862793576
-0.9439110135
-0.4712986766
0.1419361453
-0.3459632537
-0.4431042413
1.1424681319
-2.1695834073
-0.8495873972
1.2821001889
2.1747302756
2.7109539455
-1.8329145386
0.9814315766
-0.0912062785
-0.1802924294
1.2398222707
-0.6553482317
0.5432217911
-2.2305287061
-2.0622958104
-1.2970868858
-0.0814390632
-1.9845341882
1.4036208213
-0.8908729533
1.2972438167
0.4442265816
-0.6268766983
0.6648528642
1.0105837715
-1.0568247774
0.3440408840
0.2139071904
-0.4367343521
-0.5926993299
-0.1640115187
0.2930101925
1.0566303779
0.9678059482
-2.3426980096
-0.7552783054
-0.5397907238
1.9533351519
-0.2397798830
0.8704695188
-0.0306616305
-0.5451876730
1.4542265210
1.3543311105
-1.8033179881
-0.5297413747
-1.1018559266
0.8912114327
-1.6009375333
0.4525588748
1.3970193698
0.5265710708
-0.3265266270
-0.1647580218
-1.1753970065
0.5388267649
0.5313910479
1.3825644294
1.0254460115
0.7937134490
-0.3987858669
0.7827119055
-0.8075549118
0.9082048678
0.9759335404
0.6110986332
0.0016366113
-0.4957880433
0.2245514748
-0.6253452056
1.3340002978
-0.5354902020
0.0897955937
-0.6938908374
-0.2535193827
-1.3365224051
1.5063353649
-1.1906297791
0.6620846225
-0.3007070549
-1.8236577310
-0.1805874300
-0.4749908433
-1.0939330801
0.7028559241
-1.1379762910
-1.3598507215
-1.3711580358
0.2381711078
-2.2541761535
0.6500820967
-0.6547345095
0.6666624675
1.2241655184
1.6897194425
1.1166882741
-0.3513822416
-0.5619281432
-0.6077682764
-1.3698911980
-0.3580482020
-1.6319972057
0.4673386615
0.1345719750
0.0832773780
-2.1803377915
0.7138736257
-0.6255031885
2.4854199274
0.2297048813
0.0862810219
-0.6594946707
1.9205777475
0.4798677887
-0.8565802576
0.4847421978
0.6598367663
-0.0586806356
1.4064068830
-1.1603661207
1.5984277153
0.0242419167
1.3127800375
-1.9629341411
-0.0788521922
0.2902437826
-1.0664962027
-0.8326237250
-0.6013438268
-0.4394576006
-0.4223170507
0.5735382236
0.1835756565
1.6909570492
-0.2536612514
-1.4535154615
-0.9046681736
-0.1268481887
0.3852372903
0.3187769314
0.1616073618
0.3335111188
-1.2871975408
-0.5653108907
-0.2023816218
0.1008819545
-0.2082581931
-1.3562609698
-0.8082484856
-0.3732178528
-1.3722081917
1.3549546527
-0.2521670519
-2.1679576230
-0.9810609757
-0.4700137386
0.4980585101
-0.5147316896
0.2817166355
-0.4612770288
-0.0356989325
1.4812280868
0.7573755127
1.7227364946
0.0168854724
-0.9108457192
-0.5479540319
-1.4478429766
-0.2527674445
1.2366458392
-0.1846167678
-0.3519628315
0.9073903184
-2.2216361481
1.0417859444
0.2575565905
0.4448625001
-0.2730080437
0.3973991641
0.0041813210
1.6630680742
-1.6618544013
0.5989106043
-0.6111852257
0.1472601688
0.8796003565
-0.8163699910
1.0087854217
-1.9495947206
-0.6778894242
0.0565972267
-0.4437361051
-0.7145649774
1.0292350325
-0.9217359500
0.4311208799
-1.1469447207
0.6553208913
0.5921432023
0.1508967678
-1.1324640579
0.4630316954
0.8515591350
-0.7148463357
-0.8217746431
-2.8988890776
-1.4258421742
1.0346796270
0.1321168040
1.0760997850
-1.0780621030
0.8672197026
0.0221463197
-0.8787308356
0.2377972677
-1.3941675795
0.8694698121
-1.3658762790
-0.0270558337
-1.0748758725
0.1635856082
-0.3266010851
0.5023526446
1.3623833839
0.6444718749
-0.4910912989
0.8040674811
0.9721816485
0.8327479841
0.6244125633
1.2637426278
0.7453964988
-0.5377979549
2.4074068993
-0.0926859153
-0.0840617329
-2.3072613387
-1.5849777287
-0.4931054873
-0.6832126103
-2.7579397789
0.5558025979
-0.0972386287
0.8287034010
-0.3914287448
-0.2668272717
-0.5345163152
0.8283744397
0.2667852733
0.7241707384
-0.3457022317
1.2393931569
0.8296403024
0.0064404408
0.0165752765
1.1539255480
-0.3779067786
-0.1092769155
1.5431945328
-0.2295871916
0.6992998140
-0.4043353221
-0.0469059051
-0.6254450895
0.4675345175
1.0540006228
0.5663878200
-0.4728434943
-0.1580807767
-1.9766632821
1.0455295172
-0.5796337585
-1.2116809200
0.2314501967
0.8254888337
0.7636185213
-1.1400853811
1.1476982016
-0.0314373089
0.1881378577
-0.7047956949
-0.2252824447
-0.5814656476
1.3508243351
0.3865544537
-0.5748721285
-0.7722532381
-0.9322065466
-1.1617255616
-0.4738092807
-1.2789427627
0.1754267473
1.4732796067
-0.0709440175
-0.4654631320
0.4723491340
0.8142905005
1.7199993871
0.6580514733
0.1923941680
-0.4147020349
-0.3949417264
0.0004640426
0.8359092287
-0.9256500565
0.5441799714
-0.6456309056
-1.5823176552
-1.5827004820
0.4844721365
-0.5584863382
0.9423551386
-0.5429346410
-0.3028249812
1.1619949677
-0.9630029223
-0.2088595834
1.6321230655
-1.1614107556
1.5819215966
0.2371895321
-0.5983084166
0.0610546827
-2.0295140163
-2.0237557298
0.1096148776
-1.8689321817
0.3829021157
-0.8951627737
-1.0177066836
1.8614221773
0.9774354971
0.3855732383
0.3338013382
0.5032267109
1.2150321719
-2.2051338512
-1.0530904410
0.6745161439
1.4208012995
-0.5182779975
0.3105392185
2.1758135963
1.0559780661
-0.7995067381
0.0794042084
-1.0736708053
-0.6012095341
0.5575864142
-0.2421776381
-0.9864344661
1.1679949159
-0.8217926414
-0.0310881417
-1.0817775166
0.0305907522
1.6589405606
-0.6460233887
-0.8572631245
0.6869237742
-1.5934358570
0.1184467132
-0.8703151576
-2.3969393742
-1.2876720799
0.0780734274
1.1880154992
-1.9592032488
-0.8142842715
-1.0556310331
-0.3979992495
-0.3364679955
0.3866952010
-0.0879886749
-0.9119176232
-0.5980902523
-0.8110546780
0.6060191405
0.5518434644
1.3634725403
-0.0624758994
0.0820351230
-0.5905627130
0.6922045372
-0.5288724256
-1.4603814827
-0.4202391564
-1.9423769307
0.1095701855
0.4581219232
1.2627771037
-0.1770742872
-2.8059578087
-0.8537874557
1.4720924030
0.5009493880
-1.4090803457
-0.4479477870
-0.7056631004
-1.0284403007
-0.5042961460
1.1242029222
-0.3934995356
-2.4076896567
0.2138220186
0.5585018664
-1.2563723359
-1.3062159878
-0.6308784508
0.0363746550
0.1418751247
0.0974570597
0.9019764874
0.3162034477
-0.5757918533
-0.0724064177
-0.8381302057
1.5217136686
0.1703984455
1.5624602150
-2.6312027850
0.2700550167
-0.0790783101
-0.1511092015
-0.7587346303
0.1738223999
-0.6939432326
1.4359459148
2.3069508606
0.8623437365
0.5629547297
-1.1757609702
0.8731320981
-0.7316914309
0.2006820451
-0.4694670855
-0.2634403535
-1.5056902914
-0.9771313908
-0.9841480399
-0.1724904749
-0.5271870220
0.2152225407
-1.0705182356
0.4956091130
-0.8533504034
-1.8036563331
1.8176723718
0.7144728381
0.0248815354
-1.5607363638
-0.4751752522
1.1616040941
1.7118114488
-0.2037698514
-1.0059663058
0.4319319725
0.7794728634
0.1903599941
0.2821540845
-0.3712392040
-0.5157036396
0.6639126055
0.2314004142
0.5788188747
-1.0299647279
-0.1756455484
-1.1526224326
0.7475234162
1.2772587670
-1.5177552542
-0.4777839150
0.2658004959
1.1670120552
-0.6193823342
1.0673384839
0.4062601221
0.2633501297
1.0793659184
-0.8942865666
-0.4483910250
-0.2971534491
0.3964233272
-1.0632992930
0.1590478600
-1.1328966106
0.0396502074
-0.9115257252
1.7287531504
0.8238769958
0.8651685175
-0.7364025536
0.1888239293
-0.4205392877
1.2969262529
0.5342317765
-1.3017663321
-1.0462332937
-1.6902544381
0.2441167517
0.7612344275
-0.0090193608
0.4610610429
1.2082533314
-0.1763018665
-0.9528434017
-0.5621311799
0.5704763843
0.7858223467
0.2833536122
0.7502110807
0.1714211600
0.9226318229
-0.3132164484
-0.5572623415
0.1978887738
1.5514314825
-0.2827406281
0.6754819866
1.0652710306
1.9712055965
-0.7264919246
1.6773775468
-0.6608232796
-0.4186128719
0.5151139977
1.0196827196
0.0309135318
-0.4802469417
-0.2989844887
0.3761250823
0.7422963597
0.3822350690
-0.1087390628
-0.3517666143
-0.7900653125
0.0881340053
-0.9448880158
-0.8576965376
-1.6523192172
0.9761567102
-0.3300672166
-0.2351568635
0.7234664536
0.7645757417
0.3265661453
-0.6419172209
-0.1409853558
0.3166322073
-0.9583249408
-0.4696381538
-0.5079445201
-1.0883231894
0.6767357398
0.1342888742
-0.4023729435
0.0028288216
0.9719817828
-0.0160427710
0.1336209186
-0.7208081940
0.7914537049
0.5975661414
-0.4348403821
-0.3897477675
0.9251740737
1.5130182511
0.5438397909
-0.4805373961
-0.3012008290
