11 3 0.19
19 0 3 1 2 1 3 2 0 2 1 2 2 2 3 2 4 2 5 2 6 3 1 3 2 3 3 3 4 3 6 4 0 4 1 4 2 4 3
12 0 0 0 1 1 0 1 1 1 2 2 0 2 1 3 1 3 2 3 3 3 4 4 1
13 0 0 0 2 0 3 1 0 1 1 1 2 1 3 2 0 2 1 2 2 3 1 3 2 3 3
5 0
0 2
4 3
0 0 1 1 0 0 0 0 0 0 0
0 0 1 1 1 0 0 0 0 0 0
0 0 1 1 0 0 0 0 0 0 0
0 0 0 1 1 1 1 0 0 0 0
0 0 0 2 0 1 1 0 0 0 0
0 0 0 2 1 1 1 0 0 0 0
0 0 1 2 1 1 0 0 0 0 0
1 1 1 1 2 2 2 0 0 0 0
0 1 1 1 1 0 1 0 0 0 0
1 1 1 1 0 0 0 0 0 0 0
0 0 0 0 0 0 0 0 0 0 0
-1.5368685424
0.0074974662
0.4335843815
1.1603111122
-0.1208063068
-0.8549754925
-0.9674686572
0.3568957238
0.6549450269
-0.4357553809
-0.2703235840
0.7607197391
-1.4841935387
-2.1197492670
2.0568089858
-0.5632222108
0.9055822603
-0.4458738980
1.5212310346
-1.0723117660
0.6121913420
2.0061951787
-0.9088145190
2.4936124668
-0.4604139596
-1.1773722312
-0.7165799890
-1.6572468704
-0.4366600329
-0.4680813352
1.4465849424
0.7729226792
0.3531236773
-2.9083034499
-1.2506628861
1.6292608887
-0.6849997436
1.5353126015
-0.6656440782
1.6624885194
-1.3358702234
-0.4044316889
-0.9684656986
-0.4408170808
-0.7784767371
-0.5271434441
0.7902831514
-0.6551275848
0.5739592618
-1.8471451314
0.2957785252
-1.2002955384
-0.9036539376
-0.9505545265
-0.4602600593
0.3201942109
0.3824243132
1.4396320012
-0.6583468758
0.1348017027
1.5622644909
-2.8658709157
1.2748501002
-1.2418952556
-0.4696992512
1.0725054083
-0.4233050709
0.0776870730
-1.9466578929
-1.4599616680
3.1003115156
0.6584938451
-0.1344935008
1.1319197252
-0.1263193059
0.0927907088
-0.4745256008
-0.5566142206
0.2248903437
0.0820338263
0.4722357041
0.3330519122
-0.6412903712
1.0873425823
0.8799732212
-0.0808096338
0.5768184524
-0.7290040771
-1.0967256528
-0.1098154225
1.5796259223
0.4069702656
0.0531209124
0.7114171847
0.8214075698
-0.1954626212
2.4438274332
-2.2228117312
0.3226929804
-0.8796167090
-0.4394229698
-1.2765497172
-0.0555016000
0.9096812278
0.1594859394
0.5959324703
-0.3915985867
0.3124761146
-0.4088756057
2.4325857230
0.2611489614
-1.1713844387
1.6779122946
-0.8969849292
0.6358683681
-0.5121337023
-1.1553739488
-0.7761786483
-0.0871166802
-1.1806155093
1.0870010954
-0.4186983643
-0.0372064170
-1.2154103848
-0.2754924227
0.3504929208
0.0403100690
-0.6693567496
0.4515697404
0.5740745794
0.4881475458
-0.5449725364
-0.9925592991
-0.0486174476
-0.2518326488
0.4779619952
1.3511109728
0.5975669644
-0.8595727690
-0.1095424280
0.7795163879
0.4630664289
1.1421836425
-0.4061413520
1.0308869590
-0.6920040339
2.9262579295
-0.1707089707
-2.3926094247
-0.3108202312
0.4359264328
-0.8214165127
-0.8366481366
-0.0857137100
0.7400390665
-0.4973266381
-0.5334104874
-1.5266656641
-0.0424209094
-1.4058790211
0.1741058661
0.2549451086
0.2038027921
0.6418942075
1.1700729225
0.5356134220
-1.1374971320
-0.7489844189
-0.5981083991
-1.3898388928
1.2457991008
-1.5095073713
-0.0200051462
-0.0070866699
-0.0266326464
-0.0203437818
0.8913677099
-0.5966182995
0.9078793688
1.5664150651
-2.2476671901
-0.8835178720
-0.7578395972
0.4338166596
0.1445699434
-0.3421993852
-0.5663118427
-0.1066389768
0.8863597925
0.8577334328
3.0301366512
-0.3137651450
-1.5628369571
-0.4045580854
-1.5656306304
0.4417333240
0.5795195214
-0.8889874452
-0.3500169355
1.9013649531
-0.5971473822
-1.1799349100
1.1423569553
0.0390299920
-1.2358691355
-0.0609184960
-1.7787404509
-0.1227236476
-0.0855053507
-1.7330473131
0.9388696708
0.1313117225
0.2347703725
0.2811386330
-1.0638251584
-1.4373324154
-0.9519282413
-0.8885320147
0.9345917858
-0.4357727113
-1.6085163357
1.0622910498
0.3614647746
1.8204818839
-0.5131613360
0.3960435787
0.9368828052
-0.5119453240
1.0087700838
-0.1053885923
-0.1649882580
1.1524689879
1.4081849563
-0.0929214383
-1.1754409125
0.2632949605
-0.1254837430
1.2790936549
1.0438870175
0.9552764559
-0.1294226436
0.3601876157
