10 2 0.13
22 0 5 1 5 2 2 2 4 2 5 2 7 3 2 3 3 3 4 3 5 3 6 3 7 4 0 4 1 4 2 4 3 4 4 4 5 4 6 4 7 4 8 5 2
18 0 1 0 2 1 1 1 2 1 3 2 2 2 3 2 4 2 5 3 0 3 1 3 2 3 3 3 4 4 0 4 1 4 2 4 3
1 0
0 0
0 1 1 0 0 0 0 0 0 0
0 1 1 1 0 1 0 0 0 0
0 0 1 1 1 2 0 0 0 0
1 1 2 1 2 1 0 1 0 0
1 1 2 2 1 1 1 1 0 0
1 1 1 1 1 1 1 1 1 0
0 0 1 0 0 0 0 0 0 0
0 0 0 0 0 0 0 0 0 0
0 0 0 0 0 0 0 0 0 0
0 0 0 0 0 0 0 0 0 0
0.6718125594
0.8943781585
0.1705054618
0.8740461639
-0.0975222625
0.9717564502
-0.4063772222
1.2491972022
-2.3221862999
0.5216201384
-2.1577695282
0.6663223326
0.0652861364
0.6946056003
1.1729830814
1.4786742104
1.1623060685
1.5260674336
-1.8965389906
-0.5580761041
-0.3011083108
0.4072577086
-1.7402854812
0.0655286054
0.5882710384
1.7911726864
-1.2392070572
-0.2262756629
-0.7702405708
0.6673603924
1.1759953550
0.5347816704
1.6036506735
0.5372031654
-0.4237295147
-0.5892739369
-1.2011854550
1.2725532747
-0.1099409307
0.2761945416
0.3022840030
-1.8646859006
-1.1759777612
-1.4442127475
1.5921676007
-0.9758294410
-0.9600920021
0.9944026935
0.0210585683
0.6855045636
-0.3315891087
0.1639514136
0.7972455026
1.7699284904
-0.9729211157
0.1946046949
-0.7385785833
1.0327308653
0.1683982428
0.7717820740
-0.3160623082
-1.2909378378
-0.4337947849
-1.2522000983
-1.3006822896
0.6921209838
0.3163683232
0.7199951627
2.1503339994
-1.6522221816
0.6079210740
2.0980896639
-0.0313387729
-1.0620625517
-0.4281012691
0.7958832153
-0.0586686372
-0.6523403122
1.3105244619
1.6867275703
-0.7711655275
1.3738999055
3.0092199539
0.7437459502
-0.6657281960
-1.1285278431
-0.1397680791
-0.8888747441
0.4858839174
0.5007904250
-0.8226434173
-0.8565956526
-1.0417476342
-1.5645333089
0.9574992003
1.1411136085
0.2823599446
-0.8953567627
-0.2064669064
1.1416394061
0.0442678872
0.7093497864
0.4796146526
0.0424474352
1.2172476232
0.2692897502
0.3743450554
-1.4957276157
-0.3137396229
1.4127155711
-1.2150778756
-1.9346548677
-0.1801223941
-0.6758315448
-0.6737513933
1.1458759449
-0.8675689919
1.1838400328
-0.6970362381
-0.9246833914
-0.5377287419
-0.9758180917
1.9597702699
-0.8068288539
-0.2195756267
-0.1506907204
0.1419673724
0.7034780658
-0.5677497926
1.0281921600
0.9980328552
0.9471643565
-0.3383288057
1.3344416475
1.2777172534
0.1691377461
-1.9857814229
-0.6634297121
-1.1555165269
-1.3624775087
-1.4668571407
-0.0401364495
0.1538165710
1.9130407425
0.3183747292
-0.0975353309
-1.4985884321
0.1219207139
-0.0364323811
-0.7534891225
0.5858573987
-1.9943168744
0.6165149600
1.1963577109
0.0733653769
0.4582703245
-0.8155386329
1.4573459621
0.8637471828
1.1396740070
-0.6337486167
0.8513463898
3.3795245600
-0.5275621768
0.6920929546
0.2590546349
-0.2772152876
-0.8619337674
0.4717201651
0.5725057475
0.8139835460
-1.1160490531
-0.4853354887
-0.0383151074
-0.5804365809
0.6345246529
-0.3271888978
1.0732935776
0.7234882137
0.1547559767
-2.5345566976
-1.2190396763
-2.1158538166
0.6981757972
-1.0095700008
-0.2755963613
-0.7235730130
-0.8492973585
0.3349141179
1.3952640186
-0.2661051081
0.8005660488
-0.3646868700
0.9208116804
-1.3134738411
0.1537910102
-0.1820243865
1.5743625041
0.9035545462
0.4800732387
