15 10 0.15
9 0 2 1 0 1 1 1 2 1 3 2 1 2 2 3 1 3 2
13 0 2 1 0 1 1 1 2 2 2 2 3 3 0 3 1 3 2 3 3 4 1 4 3 5 1
6 0 0 1 0 1 1 2 0 3 0 3 1
11 0 1 1 1 1 2 2 0 2 1 2 2 3 1 3 2 3 3 4 1 4 2
10 0 2 0 3 1 2 1 3 1 4 2 0 2 1 2 2 2 3 3 3
7 0 0 0 1 1 0 1 1 1 2 2 1 2 2
13 0 2 1 1 1 2 1 3 2 2 2 3 3 0 3 1 3 2 3 3 3 4 4 1 4 3
10 0 2 1 1 1 2 2 0 2 1 2 2 2 3 3 1 3 2 4 2
10 0 0 0 1 1 1 1 2 2 0 2 1 2 2 3 0 3 1 4 0
11 0 0 0 1 0 2 1 1 2 1 2 2 2 3 2 4 2 5 3 3 4 3
11 4
7 9
4 4
1 6
7 10
5 5
8 3
1 0
3 4
8 7
0 0 0 0 0 0 0 0 0 0 0 0 0 0 0
0 0 1 0 0 0 0 1 0 0 0 0 0 0 0
0 1 1 0 0 0 0 1 1 0 0 0 0 0 0
1 1 1 1 1 1 1 1 1 0 0 0 0 0 0
0 1 1 0 1 1 1 1 1 1 0 0 0 0 0
0 0 1 0 2 3 2 1 1 0 0 0 0 0 0
0 0 0 0 2 2 1 1 0 0 0 0 0 0 0
0 0 0 0 2 1 1 1 0 0 0 1 1 1 0
0 0 0 0 0 1 0 1 1 2 1 1 1 1 1
0 0 0 0 1 1 1 0 1 0 1 2 2 1 0
0 0 0 0 0 1 1 0 1 2 2 2 2 1 0
0 0 0 1 1 1 2 1 0 0 2 0 1 0 0
0 0 0 0 2 1 2 1 0 0 2 0 0 0 0
0 0 0 0 0 1 1 0 0 0 0 0 0 0 0
0 0 0 0 0 1 1 0 0 0 0 0 0 0 0
1.2071055905
-0.2765138820
-1.4236152579
-2.1416207368
-1.4611225031
0.4616979399
0.9128640780
0.4625023983
0.5682654029
0.3675263773
-0.0464347802
0.8713996880
-1.1522903548
0.4662859456
0.4436369992
0.5195898915
-2.3209134120
-0.7216974804
-1.5789430202
-1.1660407197
-2.9009361858
0.3960319811
1.6755500532
1.4697756457
-3.4861464508
0.1778360694
1.5891513577
-0.3978214755
1.3372402776
0.4564425774
-0.6527605165
-1.0633579262
-2.0793550131
-0.7764754487
-0.2329985652
0.0383274822
1.1444851782
0.6573887092
-1.0451079155
-2.7631355675
-1.7077256148
-1.0852625326
1.7151354344
-0.2046703816
-0.4830274968
0.6226815018
0.3801759827
0.2863955319
-1.5832051382
0.3080788000
0.3294318025
0.4253826598
-1.6028272714
-1.2148175282
-0.8137614012
-0.0840849654
-0.8743312935
0.7377274466
1.2988078505
-0.1815413157
1.8864666344
-1.2512534308
0.3814617451
-2.0353223167
-0.4738550935
-1.0071735287
-1.3554745846
0.2628425679
-1.4068994105
1.0872584990
-0.2456337370
0.3191887585
0.8696434303
0.1780166870
-0.3223191911
0.2478700449
-0.3099834487
-1.2251831916
1.4563486745
-0.1459456333
0.9654332901
-0.5234526955
0.4240458517
0.5531289804
-0.0238505000
0.1526378753
-0.8345890564
0.8055782536
0.4369055169
0.8986856261
-0.2813878639
-1.2191703233
0.5873869719
-1.9895368285
-0.3241384076
1.3620945931
0.4520410422
1.3671578414
0.8274136532
-0.6765720239
-0.8299187820
-1.3375714098
-0.4824074706
1.0921646782
-1.0115556007
0.7703831525
-1.6297532725
0.7334206451
-0.5815041764
1.2579710132
-0.3571954758
-0.0347725674
-1.0078402952
-0.6155230443
0.7881708628
-3.3171375448
1.5444149806
0.7546994520
0.5009759142
2.1820956995
-0.1123053582
1.4413878443
1.7782666838
1.5619833347
0.7497040864
-1.9125135974
0.1538861227
-0.2969349874
-1.4060386202
-0.5862706465
-0.2364292178
0.5023680947
-0.0811412758
-0.5282196111
-0.9381254926
1.6816857371
-0.1215703267
1.2044758175
-0.6498194041
0.6877526642
0.0458034284
-0.2665525845
-1.1701736023
-0.0421274370
0.4221197417
0.1186613015
-1.1600940799
0.1206904726
-0.3273650727
-0.7103714786
-0.3356240785
0.3108166122
-1.5834834090
-1.7403686330
-0.2018332086
-0.1004644197
2.5401135061
-0.0955837575
2.0268305518
0.2218389549
-0.3438939362
-0.1202435760
-0.3107903909
-1.2715408026
0.4845271798
-0.6145656365
-0.2329021439
0.3571569064
-0.6991426897
-1.5549467586
-0.8558723352
0.9875180437
-1.2977915230
1.5681520450
0.8463719284
0.0321747528
-0.1861275249
-0.7654840519
-0.2977897758
1.7270630673
1.2245257435
0.1950412348
-1.0568098569
-0.4721571363
0.7440169262
-0.0572083641
-0.8335898232
1.4697166452
0.9338980445
0.0883144544
-1.2116037177
-0.3152769481
0.7403509579
1.3716613787
-0.5371891297
0.3069222637
1.3704176410
1.6266133640
0.5640731906
0.6868501370
-0.7865169502
-1.1399564977
0.0032742004
2.1344245683
-0.2171996752
1.3175363089
-0.4464664972
-0.9775243908
0.4776846994
-0.1247148076
-1.7283017638
0.7343850299
-0.2641665086
0.2335510327
0.8398090506
0.3085696351
-0.1479743929
0.8126034431
1.1762130572
-0.8623782108
-0.1093762855
-1.2945551926
-1.4317147496
0.0332812810
-1.0939152079
-0.7580585387
2.2309395643
0.0135867264
0.4188335298
0.7816664872
1.2496470396
1.2249148398
0.3704964610
0.3482947147
0.3235798653
-0.1353864772
-0.4299334118
-0.3193208630
0.2342180379
0.2896352612
-1.5102771680
0.7457295938
1.2675460216
-1.1109605107
-0.7082376991
0.6633184105
-0.6743800075
0.1917568260
1.9619275285
-0.0885646139
-0.4978389229
0.3621240234
0.5629515355
1.9348929790
-0.1431707523
-0.4379429860
0.8772084741
0.1423016893
-1.3826573577
-0.2584763186
1.2102057045
1.0322827324
0.8670263327
0.2051224660
-0.4239902602
0.2426851276
-0.7636347654
1.3968371972
-0.0113039398
1.8074590913
-0.6000282362
-0.4371511581
0.4880864876
-0.0801517748
0.7775493815
0.0916158628
0.8488880013
2.3127169031
-0.5206913250
-0.4799806144
2.3403361508
1.4343401870
0.2847529128
-0.8455277097
-0.5627494180
0.2672470126
0.0219265687
-0.3919319432
-1.4905555737
1.1489424253
1.8159318351
-1.7867417414
0.9530529720
0.4850067387
0.2122837146
-1.8304342485
0.9594726924
-0.7372290808
-0.1344698639
0.3364650575
0.8682825449
-2.7256074624
0.0182018651
0.1678380475
0.9771582511
1.4714608064
-1.3493866185
0.6440355835
-1.4484343423
-1.5951050786
0.7861837491
0.3310804709
-0.5729775328
1.9507112985
1.5060568330
0.3524467413
1.1216437882
-0.0229822166
0.6744787772
0.1494194538
-0.5705247031
-0.1182749761
-0.9541624499
0.3609230143
-0.8430315492
-0.8306668435
-0.1067867177
-0.9716671243
0.0956344608
0.1618708879
-0.8908573013
-0.6996179409
0.4377197843
-0.4202349484
0.7801402914
-0.7972707642
1.3490449162
-0.0822112450
-0.7576608868
0.5433624055
-1.7971767692
0.0252810710
-0.6493909527
-0.4666756766
-0.6679469055
1.1721249125
0.6029850386
1.1638255877
0.6651690217
-1.4208935641
1.8071527167
-0.2891343602
-0.4044124516
0.1862864630
-0.8820898336
-0.3725999405
-0.4223749126
-1.6801299436
-0.1983800141
-1.3196635704
-1.0618156897
0.0948884092
-0.1617680873
-0.7573581105
0.5247755362
0.9246000653
0.8110510799
-2.2307602707
1.5506722015
-1.7105607422
0.7241321117
-0.3035455718
-0.9817671438
1.4362980756
1.7870294345
-1.0844673013
0.1604909204
-0.8338234651
-1.2847053828
0.3258222850
0.3347288499
0.9437600235
-1.2841345465
0.0466211703
0.6355673195
0.7765793949
2.2976144266
0.5244027024
-0.3720196470
-0.5980046098
1.2913475868
-0.2065238549
0.0605692747
1.0450661951
0.0606511950
-0.0354949922
-0.7907958129
-1.4638241193
0.5480826282
0.3865093660
0.4376182929
0.1283185881
-0.5299177693
1.2509942651
0.3277302309
0.3721431018
0.4517546022
-0.3890598749
1.3717872234
1.6467303370
0.9510932430
-0.2930627103
2.2036162916
-0.0017240024
0.8432501886
0.5515472133
-2.2514539761
-0.7623618057
1.4582222613
-0.3406105218
-0.3344328310
0.1691404729
1.0541620444
0.6912831919
1.4915196144
-1.4045743967
1.7674500957
0.4428061094
0.5389316653
-1.6447854610
1.5751331289
-0.5628502600
0.0873298423
-1.0639066323
0.1992187593
2.5457787171
0.0501107077
0.3020741399
-0.3754663407
0.7411601039
0.7572255915
1.7777409846
1.9148263281
-0.7945254032
0.1380036135
1.8836487804
-1.1941428306
0.4022655770
0.5889944240
-0.3690804143
