13 3 0.03
11 0 0 0 1 0 2 0 3 1 2 1 3 1 4 2 2 2 3 3 2 3 3
38 0 3 0 4 1 3 1 4 1 6 2 3 2 4 2 5 2 6 3 0 3 4 3 5 3 6 3 7 4 0 4 1 4 2 4 3 4 4 4 5 4 7 4 8 5 0 5 3 5 4 5 5 5 6 6 4 6 5 6 6 7 3 7 4 7 5 8 4 8 5 9 3 9 4 10 3
29 0 1 1 0 1 1 1 3 1 4 1 6 2 1 2 2 2 3 2 4 2 5 2 6 3 2 3 3 3 4 3 5 3 6 3 7 3 8 4 5 4 6 4 7 4 8 5 4 5 5 5 6 5 7 6 4 6 6
1 3
2 1
2 1
0 0 0 0 0 0 0 0 0 0 0 0 0
0 0 0 1 1 1 1 0 0 0 0 0 0
0 0 1 0 1 2 1 1 0 0 0 0 0
0 1 1 0 2 3 1 2 0 0 0 0 0
0 0 1 1 2 3 3 2 0 0 0 0 0
0 1 0 1 1 2 2 2 2 1 0 0 0
0 1 1 1 1 1 2 1 2 2 0 0 0
0 1 0 0 1 2 2 2 1 0 0 0 0
0 0 0 0 0 2 1 2 0 0 0 0 0
0 0 0 0 1 1 1 0 0 0 0 0 0
0 0 0 0 0 1 1 0 0 0 0 0 0
0 0 0 0 1 1 0 0 0 0 0 0 0
0 0 0 0 1 0 0 0 0 0 0 0 0
1.0113643472
1.0553852780
-0.6792342096
-0.6772780009
1.1482951743
-0.7123716640
1.4061103159
-0.1392899514
-0.4946038154
0.3604645302
0.8199503393
0.2334374513
0.4691914342
0.5036674611
1.0921328071
0.6945925639
-0.2242632134
0.0785668057
0.6833370679
-0.4288344812
0.7400579154
-0.3698432623
0.6445886464
0.8788942489
-1.7877805060
1.8290902675
0.9305689945
1.2674558605
-1.8374656442
-1.9040248000
0.9851759928
-1.3292030604
-0.8582103547
-2.0911532664
-0.2790999040
0.8472720800
-1.1015303728
1.1577507395
-1.1797100230
-0.1614632172
-0.3649191609
-0.8197337881
-0.9408415907
-2.4976979650
-0.0506189983
1.4507731579
1.5680970538
-1.1991551911
0.9899181386
1.4104864899
-1.8783361191
-1.3796301033
0.0686700462
-0.1992712673
-2.2601108847
-0.5237089986
-1.8300506402
-0.7745043893
-0.5389816870
1.2992043783
0.4090395775
1.5018382666
-1.4046161860
-0.6139961973
0.2731105618
2.0199086426
-0.8698017654
-1.0587506077
-0.3177922329
0.3814555094
0.8186749132
-2.1759080758
0.3057728890
-0.2908235726
1.6068619574
1.8516521711
-1.6784747068
0.6154822285
-0.4432431514
-1.5541659289
0.5493394873
1.2405325823
1.0538080246
0.4566189979
0.3213971079
1.3919769124
1.1305641564
-0.0193597863
1.2042543936
0.3094270648
-0.4145528340
-1.0027207899
-0.3589929512
1.1231282336
-0.0300932937
-1.6649986847
-0.4667072894
0.0957809698
0.9302513608
-1.0559358749
2.0187626450
1.8556283529
-1.3690196390
-0.2113733307
-0.2619296171
0.0795213971
-1.3315609529
1.0220881178
-0.1934633838
0.5602358818
-0.9037289421
-0.3863048041
1.1364777442
-2.4633758261
1.3862888369
1.3071520465
-0.4130630433
-0.1051619627
1.4577043174
-0.6168959483
-0.0550566952
-0.8366727209
-1.2673602946
-0.3073398772
-1.1638012041
1.5228871859
-0.3778021763
0.3521936659
-1.0722937815
1.1114260418
1.4793870252
1.0863168708
0.5031331239
-0.0152468600
0.0386403469
0.8605532836
-0.1705767003
-0.7255365636
-0.3824018659
-1.2432130183
-1.9571696555
0.5854080146
1.2895040357
0.1255450480
-0.0530856932
-0.3279871316
1.4822427491
-1.7781195328
0.0881679675
-0.7506985567
-0.2598766882
-0.9051672104
-0.6304263960
-0.9438069390
-0.6221831827
-1.1074167466
0.9584730485
1.7805058877
-0.2661711301
1.0016285107
-0.6580434175
-0.9641048572
-0.3341196323
0.5093215580
-0.2632752560
-0.9040812803
-0.0168613295
-0.3308037939
-1.6681572636
-1.8742174935
0.1310728416
0.3206215095
-0.0547255551
0.3754446907
-0.1360214619
-0.2092012433
-0.4103376053
0.1682446804
-0.0086792129
1.0207375497
-0.5640830213
0.6304670147
-1.4330726213
-0.4557648973
0.4323335132
0.4686352868
-0.2981098943
1.0370176858
0.4138944136
0.6070985576
-2.3295576673
0.0719511552
-0.2052838888
-1.0537159261
1.4233049843
-0.4875469647
0.7263790805
-1.8896436756
0.0620074981
-0.5427038248
0.2534278983
0.2653868109
0.3524878193
1.9159892956
-0.4343843747
-0.8028761009
1.8834565819
0.1676441419
-0.6065435718
1.6634538504
-0.1830834491
0.3568916147
0.1798748781
-1.2438126127
0.0765767496
1.7917991565
-0.7180616090
-1.8686504934
0.6471826653
-0.5842436942
0.9439755501
-0.7410242470
1.2436137688
-0.7247932098
0.3293260294
1.8216174699
-1.3449438704
-0.2724283440
-0.0446225133
0.4255389826
0.3503208771
-0.6256445364
-1.5530072086
-1.6796449590
-0.5575174411
-0.2803157638
-0.9652430830
0.1178915245
0.0420928273
-1.9452816010
-0.4518382953
-0.8350330315
-1.9797022243
-1.2163149624
0.3164701610
-0.5583849869
-1.9243194343
-1.3866923846
0.8233837678
-0.0427116780
0.8211337776
1.5527286535
0.9595243910
1.5653724895
0.1415189406
-0.8992984399
-0.7068111075
-1.5012897239
0.3035535762
1.9687324547
-0.4072434651
-0.9305429296
0.1184076767
0.0472175680
2.0077295170
-0.6222184345
-0.8804082716
-0.0492709984
0.1777451113
-1.4309551434
-0.9413243396
-0.1001237979
-0.6752826001
-0.4979707574
-0.2422600981
-0.6720653768
-0.2044599409
0.3380211324
-1.3811089931
0.7770048349
-0.0576202427
-0.4597504086
-1.3203830205
-0.4355327408
-1.3116083737
0.4600693333
-0.3016457072
-0.2563457878
1.5221185625
-0.2937292970
-2.0045371919
-1.3465446846
0.7675040024
1.6593515054
-0.0879448725
1.0313656914
0.6642305152
-0.0411190466
-1.4194310477
0.5413262839
1.6181066501
-0.3252914989
-0.1150456270
-1.8255160908
-0.6768882655
0.1484963176
-2.2398881025
-0.4669791597
0.2801740499
-1.2661486399
-1.1107396077
1.1055113427
0.4401015452
-0.5601754564
0.1554555926
1.0995985650
-0.5529232419
-0.9320337663
-2.8549374893
-0.2920387234
0.4450474029
2.3796618365
0.1666795252
-1.2592453848
0.2768595536
-0.5397545875
0.6732830613
-1.0472140896
-0.8891858946
1.9613012716
0.6341053420
0.1479673548
-1.6846429419
-0.9896124287
-0.6426860181
1.1040756678
0.2833612434
1.5537368910
