11 2 0.19
10 0 2 1 0 1 1 1 2 1 3 1 4 2 2 2 3 2 4 3 3
38 0 5 1 3 1 4 1 5 2 4 2 6 3 3 3 4 3 6 3 7 4 3 4 4 4 5 4 6 4 7 5 2 5 5 5 6 5 7 6 0 6 1 6 2 6 3 6 4 6 5 6 6 6 7 7 1 7 3 7 4 7 5 7 6 7 7 8 1 8 4 8 5 8 6 9 4
1 0
1 0
0 0 0 0 0 0 0 0 0 0 0
0 0 1 0 0 1 0 0 0 0 0
1 1 1 2 2 1 0 0 0 0 0
0 0 1 1 2 0 1 0 0 0 0
0 0 0 2 1 0 1 1 0 0 0
0 0 0 1 1 1 1 1 0 0 0
0 0 1 0 0 1 1 1 0 0 0
1 1 1 1 1 1 1 1 0 0 0
0 1 0 1 1 1 1 1 0 0 0
0 1 0 0 1 1 1 0 0 0 0
0 0 0 0 1 0 0 0 0 0 0
2.1073175541
0.5116635328
0.4289352486
-0.5320064498
0.5056703177
-1.5747615199
1.8202986739
0.4297179541
-0.1195784056
0.6339867927
-0.1163193013
-0.5692893536
0.6071103128
-0.0503671076
1.7443999939
1.0668170048
0.1505553663
-0.3143857746
-0.2456829929
-0.5787226376
-0.3594738510
-0.8641026189
-0.1072795010
-0.0155248689
1.0516654473
2.6372416667
0.6814320407
0.8404490283
0.4759171197
1.3396672715
0.4113025332
1.1385165931
1.5551051406
1.0983463671
-0.5081795573
0.4078783120
-1.4911056450
-1.2999391718
1.0957230956
1.1708684317
-1.3745161707
-0.6947494611
0.6133581526
1.4166903882
1.4374007432
-0.4323838528
0.2476951384
-0.3565490896
1.0183402195
-0.8816923020
-1.8708509907
-0.1156064185
-0.4524763448
0.0436605606
-0.9191040485
-0.3752180323
0.4363222683
1.3935858737
-0.6322631628
-0.0331206051
0.0206360390
-0.4938943476
-1.2328903273
1.6312333505
-0.1938105278
-0.3084237879
1.4175450637
1.1082745252
-0.2043159348
-1.9483457076
1.4552771344
-0.1914210770
-0.8218671364
0.3238034293
1.1117752403
-0.8257979272
-0.6246399244
-0.7893939394
-0.5693193671
-0.9452529874
1.2129324745
-0.1195766179
0.1760313532
0.2489504042
-0.5359922763
0.0093577576
0.1605827074
0.5145980303
-1.2705224193
1.0256489542
-1.5902592690
-1.6707741324
-0.0601121915
-0.2024576347
0.0469589147
-2.7147693887
1.0493620704
0.7450066967
0.3634535331
0.5983180063
0.4890781584
0.2447701364
0.2018320327
0.2649350463
0.3452784350
0.4219146369
-0.2904971919
0.4558632566
0.6796745251
0.5357892394
-1.8885961507
-1.2635585982
0.9223008373
-0.8430456797
-0.1406356229
-0.5517292557
1.7645562603
0.0521687704
-0.9116694109
1.4183468601
1.2046718413
-0.1834977296
-1.2165130623
-0.9971025222
0.3328205095
-0.5715182997
-0.4120541739
-0.3547985114
1.7603483444
-0.1731116221
0.3263743716
-1.5550916003
-1.2124527976
0.1146418579
-0.0015302739
-1.4159914729
-0.5338294097
1.2393511146
-0.9476165214
0.0208669991
-1.3199550355
-1.5425852875
-0.7096876145
0.0125819767
0.7944291545
1.5061634915
1.3932158182
-0.5571301758
2.2206545516
0.2434423430
2.9433566210
-0.3399661895
0.7403024954
-0.2017529266
0.1015981558
-0.0166607684
-0.9411711226
1.6427361068
-0.1105620007
-0.4209826348
1.9463962303
-2.2355412877
0.7965611131
2.1889133813
-0.5090377615
0.8289958064
0.1461860936
1.2198331898
-0.6418242120
0.1053971816
-0.6356549730
-0.2521908378
0.1732482745
0.9404824283
0.6254567642
-0.3208687886
-0.6292140309
-0.1115149666
-0.7223770241
-0.8807759559
0.0306696366
0.4863874431
-0.4856762216
1.0649710185
0.1225222002
1.4966804545
1.2689964246
-1.3031368769
-0.0342635183
-0.3994044874
0.9142786900
-0.5190125439
0.7861609708
1.9239809402
0.8459770595
1.2972561243
0.7587562750
-0.1804012251
-1.1140041329
-0.3831641394
0.5378680716
-0.3905285681
-0.2776611945
0.2380038899
-0.9758694076
1.1912349952
0.6732715660
-1.7237675753
-0.3660345326
0.9512184512
-1.3222109426
0.2746788482
-1.7343546291
0.3411461748
-1.2478355916
-0.9881480949
0.9680450747
-0.0441888179
1.2571385089
0.6143631870
1.0638690138
0.9837822291
0.5261482604
1.0878496524
-0.2619758549
-0.7943021851
-0.6281839404
0.7305544320
0.6517204514
0.3495581718
0.2721081531
0.0543164351
-0.3125475348
1.2731569692
0.3299801499
-0.3945678779
1.7484463909
-0.5622648429
0.6845359906
0.5725145806
-0.2008630783
0.4075321313
