18 10 0.13
16 0 2 0 4 1 1 1 2 1 3 1 4 2 0 2 1 2 2 2 4 3 1 3 2 3 3 3 4 4 2 4 4
10 0 1 0 2 1 0 1 1 1 2 1 3 2 0 2 1 2 2 3 1
6 0 1 1 1 1 2 2 0 2 1 2 2
9 0 0 0 1 0 2 1 0 1 1 1 2 2 2 3 2 3 3
12 0 2 0 3 1 0 1 1 1 2 1 3 1 4 1 5 1 6 2 4 3 3 3 4
11 0 1 0 2 0 3 1 0 1 1 1 2 2 1 2 2 2 3 3 3 4 3
10 0 0 0 1 1 0 1 1 1 2 1 3 2 1 2 2 3 1 3 2
6 0 0 1 0 1 1 1 2 2 1 3 1
11 0 0 0 2 0 3 0 4 1 0 1 1 1 2 2 0 2 1 2 2 2 3
16 0 1 0 2 0 5 1 0 1 1 1 2 1 3 1 4 1 5 1 6 1 7 2 4 2 6 3 4 4 4 4 5
10 5
4 1
7 7
3 10
11 1
12 1
1 14
3 1
4 3
1 2
0 0 0 0 0 0 0 0 0 0 0 0 0 0 0 0 0 0
0 0 0 1 1 0 0 1 0 0 0 0 0 0 1 1 0 0
0 0 1 1 1 1 1 1 1 1 0 0 0 0 1 1 1 1
0 1 0 0 0 0 1 0 1 0 1 1 1 0 0 1 1 0
0 1 2 3 0 1 2 1 0 0 1 1 1 0 0 1 1 0
0 1 2 2 2 1 1 1 0 0 0 0 1 0 0 0 0 0
0 1 2 2 1 1 1 0 0 0 0 0 1 1 0 0 0 0
0 0 1 0 0 0 0 0 1 0 0 0 0 0 0 0 0 0
0 0 0 0 0 0 0 0 1 1 0 0 0 0 0 0 0 0
0 0 0 0 0 0 0 1 1 1 0 0 0 0 0 0 0 0
0 0 0 0 0 0 0 1 0 1 0 0 0 0 0 0 0 0
0 0 0 1 1 0 1 1 1 1 0 0 0 0 0 0 0 0
0 1 2 2 2 2 2 2 0 1 0 0 0 0 0 0 0 0
0 1 1 1 0 1 1 1 1 1 0 0 0 0 0 0 0 0
0 0 1 1 2 1 0 1 0 1 0 0 0 0 0 0 0 0
0 0 0 0 1 0 0 0 0 0 0 0 0 0 0 0 0 0
0 0 0 0 1 0 0 0 0 0 0 0 0 0 0 0 0 0
0 0 0 0 0 0 0 0 0 0 0 0 0 0 0 0 0 0
0.1521256974
-0.9513745221
-0.4004974541
0.0141887015
1.0989255401
-0.5122950355
-0.3109805774
-0.9790222607
0.2576973098
-0.4702656108
0.8989511172
-1.6916915178
0.6730129852
-1.6826054536
-0.0553386173
-0.4672613297
-1.1167817509
0.7377968249
2.1227682196
-0.0808552584
-1.5297416181
-1.1892313857
0.7184776661
-0.6942320113
-0.0996298213
-0.9107541013
0.8050150918
0.1145748126
-0.9210431165
-0.4306379641
0.2058751114
-1.4216409014
1.2984807165
-0.6250227571
-1.0395573586
0.6832651754
-0.8280305775
0.6824057583
-1.0346659513
3.0715134681
-0.0151737883
-0.4950409735
-0.1436786142
0.0463968483
2.4555984295
-0.8900380781
0.0397883741
-0.1312269549
-1.9815817414
-0.9311512769
-0.9389606740
-0.2341078362
-0.9392632897
-0.0216606098
0.0999250867
-1.8486495004
-1.5673930279
-0.3146289444
0.6818573586
-0.6593120406
-0.1306299636
0.7476364674
-1.8079341153
1.2256116201
1.0355413762
-0.1644506279
-0.3130914492
2.5910267446
0.4216477214
-1.5473686597
-0.3736417247
0.4407962155
1.4902573674
1.3468397995
1.0115686955
0.4527781370
-1.1834924867
0.9813611883
0.7186455536
2.1392234344
-0.4699156163
-0.7850236934
-0.1180431166
-0.0205360946
-1.5086442733
-0.9455776124
0.2595633602
-1.0491510552
-0.1600402855
-0.5549994304
0.3635812232
1.6267237834
0.2748602215
-0.2888557401
-0.0727786528
0.1973357302
-0.3374099011
-0.8962771218
-0.3408413565
1.1372344173
-0.0637849760
0.2054058601
-0.8547307283
-0.6335805372
0.9772415162
1.7807345797
0.2682541855
-0.5037939682
-0.1963613333
-0.6942060184
-0.2270886798
-1.3417329654
0.8318584435
0.3192155481
0.7711347364
0.8962489676
2.1902856375
0.2594763587
0.4301727523
1.4752973158
0.2062155931
-1.9341286090
0.0652125831
-1.0630637088
0.3311036869
1.6646380070
-2.2029806829
0.6971881844
0.4775104840
-0.5018119257
-0.3423858447
1.7371173991
-0.1269364058
0.2501836810
-0.2869427621
-1.5188742724
-1.2576529990
1.0431921659
-0.8262907296
-0.1910160780
-1.4114544102
-1.8110727126
0.3107902172
-0.4206035568
0.4612219655
0.8893467662
-0.9725170658
1.1246710613
3.3054266724
-1.8296241915
-0.3592436975
0.5046922051
0.7930701219
0.8714534877
-0.1221703851
1.0261135200
0.1093942908
0.0026659346
2.3244945391
0.8730235323
1.2523049442
-0.0051093654
0.4678127155
-1.4087886971
0.4297882717
0.3007703571
-0.9921349172
-0.2487813920
0.9998753720
0.3427577222
0.3148385058
1.9236537411
-0.6188222937
-0.2308467212
0.9346908482
1.9858582480
2.1562741881
1.5627411910
0.8018407954
-0.5554921808
-1.7100102788
1.6840504206
1.5681781547
-0.1171130550
-0.4566362309
-1.1082978060
0.5697294840
1.2248987706
-1.0856476877
1.0943871006
2.7823436182
0.2638194002
-1.9604244674
1.2988387485
0.6344286356
-1.3332433401
-0.3782146582
-2.0255162229
-0.2887371179
0.3211746862
-0.7466174161
-0.8093942968
1.0835378656
1.3482831317
0.9249656737
-0.3009410290
0.2663813203
-0.8368717478
-2.2689217623
1.1016771903
0.1968887859
0.8580333060
-1.6940027828
0.2861463356
0.5432591778
0.5960350555
0.6624992540
-0.7136154636
-0.7545888920
-2.2648107134
-1.6259055926
-0.8291523720
-1.5810911601
-0.4410256923
0.5887072630
0.1371647343
-0.6902025731
0.7670849183
1.0186884049
0.8550370112
1.1860433269
-0.0804034334
2.0893642259
0.6744808751
0.1463811712
-0.8802253478
0.6682948000
-0.7593658839
0.7768287376
-1.5214550577
-1.8539175452
-1.0813353887
-1.8340880088
0.0642944819
-0.7208203897
-0.2581103334
1.1075403976
0.8532748158
2.0157179647
0.5936560468
0.3750322910
0.6204912376
-0.5539928868
-0.2172262378
2.1407614519
0.8699513107
2.4336087331
-0.1575007744
0.3312742449
0.2606137058
0.1055022876
-0.5351390453
0.5142511183
0.0047834881
1.2441336356
-0.8020972476
0.4647695263
-1.6621510369
1.5882423544
0.5305418384
0.0040353191
-1.3825384877
0.2373715403
0.3509254746
1.3038830830
0.1299744208
0.3665774321
-0.1911068698
2.3312668700
-1.2533386557
-0.5926221990
0.3350640520
-0.9202899879
-0.6806123835
0.7517561351
0.8262454937
-0.7890605810
1.4761301711
-0.3113549402
-0.9488370252
-1.6181316350
-0.2036306770
0.4556673951
0.7245652610
1.5132144344
0.3881170238
0.8119482854
1.8034700729
-2.0385472132
-0.1353270551
-0.9143792933
1.1336560167
-1.9478584123
-0.6855718043
-0.2710165085
0.4218659019
-0.1783167117
1.3507863790
-0.3469739707
1.5042509767
-0.0679804191
-1.2450653564
1.0066819067
-1.3686024408
1.0786676169
0.2674250652
0.4658865042
0.6667384863
0.5535436025
0.3954025378
-0.7988993309
0.3190865050
-1.4726877481
-0.1978686531
-0.9822317812
0.9895953269
-0.9660248671
-0.6362004672
0.1634306534
0.1942174388
-0.8484310840
-1.6093207685
0.9786279208
-0.8049529752
-1.8239500199
0.2771415152
0.3359465161
-1.4429590036
-1.5403743569
-0.2847671747
-0.0464181049
1.2281106765
0.1735279129
-1.1725709689
0.7113018706
0.4091448765
-1.3920648387
0.4868057049
0.0842786190
1.5436911441
-0.5222471320
0.4110429881
-0.4907226911
1.2180365186
0.4742700341
-1.3810457490
0.5550514239
-1.4041670403
-2.0459107149
0.0230714665
-0.6111334328
1.1982215917
0.1387794394
0.4783514939
2.3869257732
-0.5531880770
-2.3437052958
-0.8790606970
-0.6295585704
0.2024261586
0.2094538161
0.1326086076
-2.0471815430
-1.5516405043
-0.0151886442
0.3101868652
0.4943322476
0.2045781985
-0.9762022057
-1.4659933367
-1.6550532395
-1.6358869454
0.1991443518
0.8440305617
-0.6666831112
0.8210824943
-0.8749222471
-0.4312267002
-0.2366051897
1.7334069637
0.3820727238
-2.6252781873
-0.2632030846
1.3922565073
-0.2038258357
-0.5010776818
-0.4575556493
1.3508436094
-1.4619671037
0.9284629995
-0.1420639037
-0.4576202995
-0.9029352316
-1.7013262478
-0.2801265256
0.0959348414
-1.5837941259
1.5898380692
-0.5848387729
0.1620538916
-0.2345735897
1.8905252679
-0.5606747278
-0.8020765666
1.8706219270
1.4411655141
-0.1492605010
-0.2943064079
1.5833767669
-0.5313255683
-0.2079089577
-0.5559386121
-2.6569549669
1.1403631594
-0.7609864652
0.3051968676
0.1353426221
-2.4245580483
0.7842125232
0.9644086669
-0.9327945699
0.5596080914
-0.0418666059
0.0473760355
-0.1396870116
0.0230771207
-1.4898777418
0.8963989642
1.1781659482
0.4287156833
-0.0479894219
-2.2384846011
-0.4403436244
-0.0531521680
0.8437105962
-0.0328457369
-0.3721594775
0.6340639548
0.2416763863
1.6484212993
0.8253727763
0.7393528864
1.8482715836
-0.4258799340
-0.7435270616
0.6270404506
0.4499750100
-0.3640974728
-0.0813990241
-1.7698733310
0.9208475899
0.4611378767
2.3748268710
-0.5369365523
-0.1984975800
1.5447767373
2.0559882130
-1.7247822703
0.7578022390
-0.8345224797
-1.2198399207
0.5566957997
-0.3618891311
1.4415375656
0.1680112567
0.7299660325
0.9130888177
-0.4926699779
-1.4296573738
-0.5135731278
-0.2525999704
0.3456051484
-1.7756861114
-0.7725322890
1.2899640094
-0.3788835437
0.8220257162
1.4955780600
0.2777659226
0.1378560663
-0.2451381940
-0.8347544865
-1.1830821855
-0.0734275489
-0.3128518610
-0.1508525964
-0.1739443738
-0.3905439700
2.9434920268
0.3802554379
0.1483090926
1.3043442042
-0.3084098588
1.0258674424
0.2166563538
-0.6316965299
-0.4123616150
0.8979638613
-1.6767168451
0.1462125848
-1.4093323319
1.6191129890
-0.0175015479
-0.4065164797
0.1797949502
0.5333301910
-1.3352764831
-2.4133431647
1.7894279402
-0.3892841837
-0.8583891260
0.2559720129
0.4364951530
0.2855435945
2.6009527176
-0.3033979926
-0.7503479493
0.8012155613
-2.4234015055
-1.0921668457
-1.7574527320
-0.1977136501
1.0458403153
-1.0363736981
1.3899481011
0.0143548534
0.1405057834
-0.4951355397
0.3085025166
0.7946828360
1.1189373232
0.1598480803
-0.5388410940
-1.0474445808
1.0165707931
0.3399879113
0.8564094894
-0.3834326241
-0.2112034518
-0.0203785906
0.5472562361
-2.1081349344
0.3025518280
-0.5191206975
-0.7922298070
-0.6904108411
-1.3659895443
0.2162248971
-1.3491272272
-1.9312691350
0.1280978647
-1.7095845243
0.2349716286
-2.0693759787
-0.8357244084
-1.4391995929
0.5243072100
-1.0555274852
0.1602166781
0.4927061208
0.4703553924
0.4122508511
-0.2065417952
0.9725128421
2.1763768426
1.6249560968
-0.7435875641
0.5477594579
1.1009614301
0.3852945006
0.6890297334
0.6999677980
-0.0301203145
1.5616665173
0.2404705248
0.6515676746
-0.2132865407
0.6195038601
-0.3191330802
1.3697199165
-0.2120836563
-0.7587656081
2.6306540760
-0.6881633299
1.8158463057
-1.0271022894
-0.4580953405
-1.3796869960
-0.3451217297
-0.6460571573
-0.1690026877
-1.4279747745
0.8765092739
-0.5421013186
0.7585701472
0.0500513670
-0.4137804579
-0.9286814363
-0.1842466903
0.1361106344
-1.1016225351
-0.0748664000
0.0489059251
-1.3186047919
0.5859747756
-1.0857926160
-0.9124799458
-1.6062667534
-1.0304154621
-0.7727302388
0.6929488525
-0.1065674858
-0.3867130452
-1.5277317046
1.4937020201
1.6784841378
0.0776954360
0.1051458249
-0.2638010675
0.1378041091
1.8421280839
0.6304914207
2.1141090620
-0.8929634966
1.6020891335
-0.4029248079
-3.1116938025
-0.3016777315
0.3299214251
1.0543126238
0.9034353475
-0.0396271297
0.0128953035
0.3684084003
-0.1407727152
-0.0842110021
1.9964819571
1.2474355981
