10 5 0.06
7 0 1 0 2 1 0 1 1 2 1 2 2 3 2
8 0 4 1 3 1 4 2 0 2 1 2 2 2 3 3 2
9 0 0 0 1 0 2 0 3 1 1 1 2 1 3 1 4 2 3
9 0 1 0 2 1 0 1 1 1 2 2 1 2 2 3 2 4 2
9 0 1 1 1 2 1 2 2 3 1 4 0 4 1 4 2 5 2
4 4
6 2
2 2
4 6
0 0
0 1 0 0 0 0 0 0 0 0
0 1 0 0 0 0 0 0 0 0
0 1 2 1 1 1 0 0 0 0
0 1 0 1 1 1 1 0 0 0
1 1 1 0 0 2 1 1 1 0
0 0 1 0 1 1 1 1 1 0
0 0 0 0 0 1 2 1 1 0
0 0 0 0 0 1 2 0 1 0
0 0 1 1 1 1 0 0 1 0
0 0 0 0 1 0 0 0 0 0
0.1959766267
-0.0535201854
0.0734243916
-0.4683600122
-2.5661762631
0.0876798804
1.7421379587
-0.4841381658
0.4763382260
0.2147265841
-1.8698700276
-0.7201065970
-0.1412890894
-0.5023722358
-0.6450768674
-0.1303518932
-0.3623116944
-0.0250457800
0.1155220396
0.6497311492
-0.8177591703
-0.7264109615
0.9819420596
-1.1675860656
0.0179480719
0.5660751846
0.2120532142
0.5866808623
0.8578892290
1.2149384230
0.3398085694
-1.1496421881
0.7965099180
1.6953322719
0.1259178085
-1.0535954055
1.3380784388
-0.9010297684
-0.1802368800
-0.0839914690
1.4668719799
1.1630109620
-0.2233084360
0.1839889687
-0.3916313851
-0.0647243127
-1.1728226274
0.6619362256
-0.0061230083
-2.3142480128
-0.0104117695
-0.1265548267
0.4294705118
0.2876945682
-0.3428497364
0.1396541342
-0.3666597768
0.5263951623
0.5613735883
0.0609360549
-1.5342479794
-0.4233876530
0.7498418820
0.8390746416
1.0705304017
1.6186705323
1.0532577626
-0.7695704584
0.3273786547
-0.5645985963
-0.1880064548
0.5009750432
0.8657036714
0.7758289926
1.1637505550
-0.1386197610
0.4437752280
-0.2281960291
0.5280299426
-0.0758807874
1.3022688575
-0.4229819649
1.0988654301
-0.1578123628
-0.0763953818
0.2086357639
1.0312902227
-0.4234736873
-0.4369441457
-1.7981867732
-0.6705850284
1.5496903575
0.8056854639
-0.0361386289
-1.8546355115
1.1895740010
0.0444843038
1.6891314831
0.3366610644
0.6764878690
0.3155595550
1.3171790026
0.2622065850
-1.1988586282
1.0409244627
-1.5092510021
-0.5542781087
0.0745636228
-0.6609371128
0.2081997157
0.5650294669
0.4196182391
0.5624839998
0.2878466459
0.2990785918
0.6387983152
-1.7595292513
1.0020347962
-0.8471964918
-0.3084414207
0.0013995069
0.5122997755
-0.8445198471
-0.6535535962
-0.1749684379
0.7466758286
-1.4457350121
-0.6311487394
-1.8309127070
0.3738638252
-1.2074693077
-0.5131177164
0.2164899100
1.0279507226
1.3585098818
-0.3539859430
-0.1998189968
0.0449898201
0.3697817759
0.1234202245
-0.2567672634
0.8398514325
0.5207277182
-0.4784361800
0.4571796687
-0.4330063580
0.8563329902
-1.9984051606
-0.7058437127
0.5953732874
1.5556523824
0.3921863074
1.8613247564
0.3588858959
0.6825087268
0.0390125290
0.3001653633
-1.6534834520
1.2006676847
-0.0133368716
-0.7013840176
0.3004534178
-0.1751578475
-0.8322994006
-0.9765202226
0.8825364508
-0.2474267527
1.0690445288
-1.3171903453
0.1007544194
-1.7231769832
0.2130316730
0.7995502837
0.2643790489
1.1522713156
0.3014142099
2.5031876870
-1.4794747802
-0.0254819298
0.2656557174
-0.3261376387
-1.3390627878
0.7016066888
-0.3069943598
0.5899017430
-0.8790796985
2.0447071169
-0.3746796609
0.5784628558
0.0317772452
1.1689689426
-0.1884566879
0.8659678141
-1.9539076148
-0.3911905370
0.2318066252
-0.2619184706
-1.3399383227
0.3834520278
0.4424335901
