15 4 0.12
20 0 5 0 6 1 5 2 1 2 3 2 5 3 0 3 1 3 2 3 3 3 4 3 5 4 0 4 1 4 2 4 3 4 4 5 1 5 3 5 4
20 0 4 1 3 1 4 2 2 2 3 2 4 3 2 3 3 3 4 3 5 4 1 4 2 4 3 4 4 4 5 5 0 5 1 5 3 5 4 5 5
17 0 3 1 0 1 1 1 2 1 3 2 3 2 4 2 6 3 2 3 3 3 4 3 5 3 6 4 2 4 5 4 6 5 6
17 0 0 1 0 1 1 1 2 2 0 2 1 2 2 2 3 3 0 3 1 3 2 3 3 3 4 4 0 4 1 4 2 4 3
4 0
7 0
5 8
6 2
0 0 0 0 0 0 0 0 0 0 0 0 0 0 0
0 0 0 0 0 0 0 0 0 0 0 0 0 0 0
0 0 0 0 0 0 0 0 0 0 0 0 0 0 0
0 0 0 0 0 0 0 0 0 0 0 0 0 0 0
0 0 0 0 0 1 1 0 0 0 0 0 0 0 0
0 0 0 0 0 1 0 0 0 0 0 1 0 0 0
0 1 1 1 0 1 0 0 1 1 1 1 0 0 0
1 1 2 2 3 1 0 0 0 0 0 1 1 0 1
1 1 2 3 3 1 0 0 0 0 1 1 1 1 1
0 1 2 3 3 1 1 0 0 0 1 0 0 1 1
0 0 2 2 2 2 0 0 0 0 0 0 0 0 1
0 1 1 1 1 1 0 0 0 0 0 0 0 0 0
1 1 0 1 1 1 0 0 0 0 0 0 0 0 0
0 0 0 0 0 0 0 0 0 0 0 0 0 0 0
0 0 0 0 0 0 0 0 0 0 0 0 0 0 0
-0.0969811487
1.0547733814
-0.7155008374
0.1848827595
1.1084755327
1.0923114897
-1.0650992887
-1.1231585850
-0.8278747447
0.3227697190
-1.1816326876
0.3537771116
1.1464494863
1.2350433303
-0.2368762290
1.8052630592
-0.0880091073
0.8026168294
1.1056024885
0.6176545897
-0.4588828381
0.6163131357
-0.9276424470
-0.9800501480
-0.6429727369
-0.4155576525
2.1726667650
0.2959510723
0.0344935730
-0.6676165709
0.8365343612
0.6758324158
-1.2649384068
0.2413846059
0.5221804353
-0.4372746520
-0.0969613554
0.9177397597
-0.3432418064
-0.7960093996
1.2158879072
0.9687483929
0.5409872085
-1.0618114029
-0.3993058347
-0.1168962199
0.4689591419
0.4163911625
0.2787879958
-1.0985719965
-0.5040281372
-0.7979662139
0.7476710156
-0.7685146811
1.1746117625
-0.1077667703
1.3630248867
0.6753160171
1.0415103442
0.4495194052
0.8486021524
1.0591693081
0.6513246787
0.8837704213
-1.3636644405
-0.6983070744
-0.1300239028
-0.2037786989
0.0112125033
0.2293723503
1.4493417782
-0.0550226482
-0.6717105298
-0.1958106569
-1.2688914964
1.0932357862
-0.0947523930
0.4875429844
-1.1823704914
0.4109515379
1.8739572089
2.0970189878
-0.1992479125
0.5850206417
-0.5426822194
1.5013210005
0.0559225811
-0.3195210977
-0.2695411052
-1.0060735686
-0.0305381029
0.4656448317
0.6504815197
0.6840142606
-0.8717514472
-1.3867943025
-1.2558689758
1.2026194365
-0.3238124217
-1.0133006824
1.6350735600
0.0454852423
0.5316114023
0.6865538510
1.1193686810
0.8260543768
1.7106618248
0.0337849869
-1.3099846227
0.0493542806
2.9905985934
-1.3883889239
-1.5381168596
2.3440635718
1.0577941412
0.9750563865
-0.8796328875
-0.8252768950
-0.4395798409
-0.1912912537
-0.1377250524
0.0504638485
-0.3412673961
-0.1842260138
-1.4888955887
-0.1897160218
1.6957927185
0.2762840122
0.0042595367
1.7324498024
1.0235912706
-0.4356548459
0.5589181823
-0.4588089827
-1.8932213412
-0.3734931314
1.2968640801
-1.8087562542
1.0393808821
-0.3005912156
-0.0885942479
0.4278169519
2.4804340381
-0.1340427135
-0.4453027525
0.0585224245
0.2834521395
-0.4725573951
1.6797806045
0.2873333837
-0.0941875764
-0.6444862097
0.1605793911
1.5515536799
1.5001601145
0.3675344000
-0.4323707005
1.2428132685
-1.4039679063
0.2754048313
0.4754536838
-0.0973938699
2.1084223600
-3.6572763094
1.2706435936
0.8399642199
-1.1050684869
1.5346367653
-0.2098825358
0.8770741959
-0.4975890198
-1.4316610946
-0.2352508862
-0.5848194755
0.4460791504
1.3604018742
0.0708023208
0.3105294777
-0.8280701236
-1.0142439035
2.0089367067
-1.6194144131
-0.4157465717
1.1533249311
-0.7165457196
0.0309453214
-0.9878359211
-0.4473174175
1.1539371826
0.1071611822
1.7120789014
-0.7439236548
-1.5064315460
-0.3826482945
-0.4059707548
1.8797888886
-0.3893275273
-1.1509551251
0.3147621919
-1.1521214185
0.1661413009
0.0354113141
-1.1891217226
1.1930421356
1.1906644962
0.0344299969
0.9817660340
0.8098100699
0.9878489130
0.4310803281
-0.1925050899
-0.4644793688
-0.0789114872
1.9878038164
-1.1912932791
0.5375392223
0.9298316353
-0.4343888541
0.6108217725
0.3522343804
2.2957909066
2.1195848899
-0.6245300115
-0.7018729402
0.6356162502
-0.1931822959
1.3715971780
0.3050367847
1.3086027400
-0.3205623905
-0.2871661178
0.0991874148
0.2872721289
0.6215377971
-0.0268056296
-2.7282572008
0.8581810415
-1.8767186600
0.6050575083
1.6730111538
0.3573625673
1.1697403520
-0.0968970363
-0.6210527820
-0.0162228306
1.1845230649
-1.7938762589
0.4815066822
0.3199370104
0.3365163823
-0.5662982006
1.1376426791
0.0380643814
1.5703083274
-1.4323792729
0.2403923887
-1.7166518753
1.0404384851
1.3737201946
0.7876056335
0.0424085246
-1.2133595856
-0.3646118168
1.4416940592
-1.1061906739
-0.1257003089
-1.0259312811
-1.4871761344
0.2729273304
0.3125351289
1.1352088157
-0.7336052591
0.0117672699
-1.3173683258
-0.6117474375
-0.4708537403
-2.1815775911
0.8170342535
0.1026844138
-0.7673709706
-0.0524497802
0.7397885674
-0.7476357363
0.1494399161
-2.3901501668
-0.4137143241
-0.7280426162
-0.1318917284
-1.4985695424
-0.7266018286
1.6272499722
-0.0636215763
-1.6173213978
-1.1651243898
0.4067042789
-0.5647075286
-1.0640432730
-0.3242855735
-1.4667270431
0.0041039677
-0.4249902244
-0.7328304815
0.9100768030
2.1318827878
0.3131847976
-0.0599706362
0.2574099590
0.6576445943
0.0842846795
1.8174887967
0.4458163098
0.0261118287
2.1806686145
0.0790763356
0.5116978851
-0.8186972931
1.0167663148
-1.8071112571
0.1644925993
0.7470648935
0.6571120074
-2.0826413582
0.7862425553
-0.0035114458
-0.5676665792
0.9234262027
-1.4024931636
-1.2225690166
2.4662436397
1.0794703646
1.0681842702
-0.6866696816
0.3754787176
-1.6878091302
-1.9671226573
-2.2472722729
-1.1010817100
0.6254299867
1.0552113823
-0.2223032192
-0.7454118385
0.7390364926
1.7499246720
1.0606769780
1.4460282209
1.5875989568
1.4163504805
1.4483208219
0.3838760621
0.3437611263
-0.3965089789
0.0257020507
0.0549961690
0.0377869138
-0.3408006082
0.1910412292
0.5543062591
-0.3623416935
0.7219320634
-1.4899305070
0.0450463016
0.8066673027
-0.0603271192
0.8929454951
0.1813010233
-1.1423467384
3.1399944972
0.1281979983
0.3498860538
1.9075420449
-1.9260812492
0.4455762664
1.0703366043
0.2163633171
0.7506020102
-1.3244398084
-0.3893913550
-0.5254138565
0.5491017765
-0.6448848882
0.1972163646
-1.8748842086
0.8820425294
1.2160660854
0.4304860381
-0.9889458200
-0.3146571026
0.0651168649
1.3344875684
0.7710332764
-0.4367447282
0.5754960973
0.6256998285
0.8314759475
1.0268029734
1.0480955892
-1.0175750192
0.5171509897
0.3049065597
0.2952633218
-1.2447947698
0.7754491530
-0.2449665454
-0.3992565158
0.8656487176
-0.7925927850
0.6853237298
1.7999027892
0.5745069854
-0.4621777566
0.8552238863
0.7394438659
0.5865554278
-0.4187707102
0.6387577319
-0.1032439066
0.5082745217
-1.7225105658
0.4080663375
0.1843586241
0.1684150021
0.0514341483
-1.3704927385
0.5284643039
-0.1718569797
-1.5308565375
-0.8343948143
-1.3374472059
1.0876927234
0.3083003586
-0.2059308547
0.7231070858
0.2532098764
-1.8696121374
-1.0476920446
1.6741922572
-1.4199094572
0.5187134292
0.8044296321
-0.1450056009
-1.7139936454
-1.4120344674
0.9874781605
0.3237403136
1.3244645163
-0.5067465315
-0.5406243979
0.8254392436
-1.0134250218
-2.1957595933
