14 7 0.17
14 0 1 1 0 1 1 1 2 1 4 2 1 2 2 2 3 2 4 2 5 3 2 3 3 4 3 4 4
12 0 0 0 1 0 2 0 3 1 1 1 2 1 3 1 4 2 1 2 2 3 2 4 2
4 0 0 1 0 2 0 2 1
6 0 0 0 2 1 0 1 1 1 2 2 1
9 0 2 1 1 1 2 1 3 2 0 2 1 2 2 2 3 3 2
14 0 1 1 1 1 2 2 0 2 1 2 2 2 3 2 4 2 5 3 0 3 1 3 2 3 3 4 1
7 0 3 1 3 2 1 2 2 2 3 3 0 3 1
7 2
1 2
0 9
6 0
5 10
6 2
5 8
0 0 0 0 0 0 0 0 0 1 0 0 0 0
0 0 1 1 1 1 0 0 0 1 0 0 0 0
0 0 0 1 1 1 1 0 0 1 1 0 0 0
0 0 0 1 1 0 0 0 0 0 0 0 0 0
0 0 0 0 1 0 0 0 0 0 0 0 0 0
0 0 0 0 1 0 0 0 0 0 0 1 1 0
1 0 1 1 0 0 0 0 0 0 0 2 1 1
1 1 1 2 1 0 0 0 0 1 2 2 1 1
0 1 2 2 2 1 2 1 1 1 0 0 1 0
0 0 1 2 2 2 1 1 0 0 0 0 0 0
0 0 0 1 1 1 0 0 0 0 0 0 0 0
0 0 0 0 0 1 1 0 0 0 0 0 0 0
0 0 0 0 0 0 0 0 0 0 0 0 0 0
0 0 0 0 0 0 0 0 0 0 0 0 0 0
0.3753728430
0.1091286411
-0.7310233154
1.4174729219
0.3769256337
-0.8274905331
-0.1098611982
-1.4482675478
-0.5613263577
0.8848935693
1.5509334735
-2.1958825206
0.5788069414
0.9479874048
1.4913363072
1.2878051915
0.0492936607
0.0303770903
1.0578582083
-0.9966041100
0.3055633566
-0.7159701701
-0.5463541177
-1.2964017864
-1.2396293294
1.6157111782
-0.4776335663
0.1309053330
0.3802406142
0.5555419401
-1.1715301771
-1.4062961591
0.7016358927
0.4147786680
-0.5177205886
-0.9566483449
-0.3760893877
-0.2023812749
0.1841526885
-0.7730064842
-1.0847845132
0.9243920677
0.9675222785
-1.2530597752
-0.0556437858
-0.6894711732
0.4879909182
-1.5992743422
0.5963022388
1.5616915376
-0.9008035484
0.9940284899
2.0363589694
-0.6005790117
0.4700601123
0.1672028872
-1.3584998807
1.0634242300
1.0580814588
-0.4412315045
-0.0471886640
-0.3709001835
-0.0611419453
0.7201061564
0.4653857702
0.9055438217
0.6248302739
-0.6300909892
1.1699684065
0.0063972732
-0.4577997447
0.5453531370
-1.4242227007
-0.9326186624
-0.8625521065
-1.2509086255
0.5575565208
-1.6260187698
1.7052633463
0.9141034154
0.1817983006
0.3368434902
-0.1539232658
-1.5558209857
1.7476574628
-0.6749682515
-0.0644905775
0.5202529768
0.1331740509
2.1769128609
-1.8620999820
0.5553476868
-1.2085759648
-0.8361112161
1.2524394353
0.4890468758
0.2482516133
1.6786389093
1.0700739460
0.7529776444
1.6064112725
0.1027773495
-0.6783199631
0.3665483086
-0.0340931562
0.4416198408
0.9220789804
1.1110723754
0.2200347557
-0.0060861762
-2.1667047677
0.6120008196
-1.3158600209
1.2155815580
0.2740408475
-0.5165919849
-1.2971125272
0.3374870799
-0.6238514375
-0.2977296433
-0.8759670376
1.4196409002
-2.4886506795
-2.0969921915
1.2496335307
-0.8118529151
-0.1374704422
-0.0175676967
0.5132193392
-0.7993792318
0.3146131608
-0.9019726131
-1.0159091514
-0.1310109098
-0.4227782249
-0.5207053037
-0.5433748571
0.5202332703
1.8217798452
-0.6912153366
-0.2197455215
1.9754649810
0.1960991980
0.3690445071
0.0775511204
0.4258290078
-1.4327644312
0.6965460064
-0.2180967614
1.6549791133
1.5052857678
0.3825891407
-0.1483779642
-2.8786518926
-0.1198388530
0.2347347087
1.3790212393
0.6668331497
1.6823419235
-0.1629430719
-0.7842314019
0.0675678880
1.0607176301
-0.4370865652
0.6305734849
-0.6522162023
-0.1754416482
-1.4547413524
1.0720026054
-0.4381273100
1.0833510621
0.4762720142
0.6545577788
-1.6259041913
0.1625045286
0.5104561056
-0.2345035978
0.7823667437
-0.1024537825
-1.5743819210
-0.7716101239
0.1808953315
-1.0723389091
0.5294467677
-0.1420465108
1.5044753504
1.3083273170
0.6797306935
-0.6199793205
0.4073168769
-1.0849831941
0.7662576811
-1.2351469631
-0.2355050835
-0.4708558650
-0.2726526338
2.3044017459
0.0551399366
1.0141880541
-1.3324104879
0.6755662606
0.7369811148
0.2322198225
-0.4233844695
1.6471143252
-0.1142725689
0.1960955506
0.0426118661
0.7318626066
-0.7992414067
-1.7298372023
2.2796857084
-0.1306435729
0.0631021639
-1.4488964863
-0.5211402150
-0.1248745834
1.7384026884
-0.3645875711
0.0468214695
-0.2496286109
0.5349996562
-1.8511002479
-0.2270821249
-1.5461689832
-0.5360099583
0.9458226428
1.8745604260
-0.0230028823
0.5421954229
-0.5658678472
-1.0819074951
1.8684879574
1.1055975929
0.4114561603
-1.5362584762
0.0887899513
0.2844755136
-0.0494871316
0.9412811570
-1.8078634583
0.1256809391
0.3115484418
0.3597556153
-1.2950447096
0.8068297665
1.3025655867
1.2526476676
-2.0182213473
0.7373346098
-0.2108659993
-1.3146294730
0.4032808021
-0.3726514515
1.0199257014
0.6631105903
-0.1129652797
1.3396770132
-0.1224303998
-1.2175747015
-0.2139191517
-0.2491897162
-0.7200193118
0.3350766177
1.2501835369
0.3665259118
2.4342363700
-0.7195653375
0.2235351554
-1.0873716009
-0.4584688089
-0.8186922789
-0.3353118700
0.3994080766
-0.6469313354
-0.2976106154
-0.2515666644
0.7496527740
-2.2464303046
0.6326177852
0.7521600514
0.3900376868
-0.3434725202
0.8991926644
-0.1333207684
-1.0473909661
-0.0414300000
-1.3421291785
-1.3602405780
1.1574253945
-0.8071596064
1.4171989026
2.0486052699
-0.2640087984
-1.5578085425
0.3075465698
-1.3868345236
-0.8765317669
-0.8243848584
0.5052331120
2.7565318976
-0.3800189859
0.2079025545
-1.7810976418
0.4672450832
0.4687034210
0.6253072124
-1.3404702448
-1.2532470549
0.8379005756
0.3092226982
-0.1666453005
0.0384836931
0.0311843172
-2.5950002449
-0.9356095265
1.4259225051
-1.5914657401
1.2375623774
0.0820967313
-1.0464618425
-1.5855185098
0.5448024405
-0.3545801329
-1.3409176421
0.0839439415
-1.7065508606
0.3093046776
0.4521649520
0.7540616732
-0.2188017374
-0.6180837803
-0.1752373449
-0.0872030768
-0.1357705207
1.0323983508
-0.3946918449
-0.7368145822
-0.3367432513
-2.1957977763
-0.5289613124
-1.0414273378
0.4889724100
-2.0873567044
0.3378155439
-0.5063495309
0.5513242729
-0.4067890877
-0.8014208266
-0.6668362688
0.2439420989
-0.5788366203
1.8797580188
0.6302651971
0.2626051490
-1.6388520911
-0.2184466248
0.0468353657
1.6321579272
0.5690247225
-0.0626422128
-2.5312580771
-0.6147157903
0.3511850095
0.2546576540
2.6174361906
1.2301772965
1.8041316429
0.2250932628
0.8064449012
-0.0358674591
-0.9096629054
-1.1937645073
0.9518714667
0.2432558887
-0.1156979448
-0.0936196592
0.2219392342
-1.5787929452
-1.1063875159
-0.1547497676
-1.0755435416
0.1506595753
-0.8440139688
0.9662275541
-0.1891425813
-0.0587533107
-1.1823635703
0.9241885036
0.5378381139
0.8565561327
0.8373807842
