16 11 0.16
5 0 0 0 1 0 2 0 3 1 2
5 0 0 0 1 1 0 1 1 1 2
5 0 1 0 2 1 1 2 0 2 1
5 0 1 0 2 1 0 1 1 1 2
5 0 0 1 0 2 0 2 1 2 2
5 0 1 0 2 1 0 1 1 1 2
5 0 0 0 2 1 0 1 1 1 2
5 0 0 0 1 0 2 1 1 2 1
5 0 1 1 0 1 1 1 2 1 3
5 0 1 0 2 1 0 1 1 2 1
5 0 0 1 0 1 1 2 1 2 2
2 8
1 13
8 5
0 3
11 6
10 3
7 6
5 8
8 10
6 12
10 3
0 0 0 0 1 1 0 0 0 0 0 0 0 0 0 0
0 0 0 1 1 1 0 0 0 0 0 0 0 1 1 0
0 0 0 0 0 0 0 0 1 1 1 1 0 1 1 1
0 0 0 0 0 0 0 0 0 0 1 0 0 0 0 0
0 0 0 0 0 0 0 0 0 0 0 0 0 0 0 0
0 0 0 0 0 0 0 0 1 1 1 0 0 0 0 0
0 0 0 0 0 0 0 0 0 1 0 0 0 1 1 0
0 0 0 0 0 0 1 0 1 1 0 0 1 1 0 0
0 0 0 0 0 0 2 2 1 0 0 1 0 1 0 0
0 0 0 0 0 0 1 0 0 0 1 1 1 1 0 0
0 0 0 1 1 2 1 0 0 0 0 0 0 0 0 0
0 0 0 2 2 1 1 0 0 0 0 0 0 0 0 0
0 0 0 0 1 1 1 0 0 0 0 0 0 0 0 0
0 0 0 0 0 0 1 1 1 0 0 0 0 0 0 0
0 0 0 0 0 0 0 0 0 0 0 0 0 0 0 0
0 0 0 0 0 0 0 0 0 0 0 0 0 0 0 0
-0.0331189798
-0.5320501956
-0.0426105066
-0.0231751684
1.2248874554
-0.2774640449
0.0525111297
0.3401951910
-0.9230622487
-0.6581781895
-0.5840734738
-0.9628724784
-0.0604972985
-1.9283773235
1.1623446954
1.5794186667
0.9417448130
-0.8606396992
2.1067764269
0.8456850723
-0.9434984070
1.0398049502
-1.8783176437
1.2965333219
0.3919940361
1.3297027903
-0.1339306683
-1.4083182760
-1.0233875939
1.0624657458
0.4911634735
0.1697507140
-1.4743492648
-0.5833395571
-0.3754349421
0.5712883306
0.6866106068
1.6266632388
1.5405267446
-0.0931374926
-1.9561478867
-0.1725885522
-0.0406743890
0.2153483722
-0.2752947424
-0.5207885560
-3.0420511332
1.2485242246
-0.1283671622
0.4110741402
0.7996978598
-1.1057039612
0.1059478499
0.1601346582
0.0698349639
0.2794834538
-2.3337941255
-0.5171710899
-0.8526278688
0.3823773415
-1.0187841578
1.7560291934
-0.0305523046
1.6107992433
-0.2555872984
-0.6288837180
-1.0596485785
-1.0608695518
1.3889867599
-0.5357783082
0.0102967629
0.0956400847
1.8127274274
-0.6073090239
-1.6015768490
-0.3880343787
0.1610349848
0.4704998834
0.5231979438
0.1529755183
-0.6668965632
-0.0264196112
-0.2790988544
-0.5041413696
-0.7079163063
-0.1490050061
-0.3385922876
0.5520549619
-0.2320822234
0.9127003951
1.0413152743
1.1467049619
0.4401795410
-0.2920125815
0.2140847748
0.4071317396
1.0641839045
0.3520417418
1.2766671755
0.5544377406
0.8900283492
0.3745733550
0.3088707370
0.6161051511
0.3754751735
0.1870454329
-0.2874414044
0.2369440737
-0.7969249954
0.4196809013
1.3846427767
-0.0693053323
0.1296054994
0.9337753830
-0.1182703443
-0.4241324576
-0.6823289856
-0.4177824769
-0.7583718712
-0.0727958943
1.0762245641
-0.3285026320
0.9634018727
-0.0658341209
-1.2683085998
0.7692954441
1.0732659326
-1.2181683596
0.7763009178
-0.7443523352
-0.2191247847
-1.6543808954
-0.9511617677
-2.0472825311
-0.6865446514
-0.4435400339
-0.8955788157
1.4120508296
0.1123772167
-0.2935086110
0.7420831396
0.6168745017
0.4969473352
-0.4002376694
0.0333962273
1.4959335669
-0.0846979008
-1.1041367956
1.8793759566
0.9538515618
-0.0919697865
-0.5222034158
-0.0342170773
-0.8233872536
-1.2686925569
-0.6053673655
-0.2374079245
-0.2352843479
0.5918251336
-0.2109114387
1.7618642098
1.6512270756
1.2643974194
-2.1908895821
0.4507887662
-0.5365891789
1.6944853304
0.5391766376
1.0352231232
1.5973769345
0.7814264867
0.3819671164
-0.6073933127
0.2509817033
0.8190394321
0.9385919969
-0.7065957634
-0.5781165173
-0.0355272882
0.6817853584
-0.4443469060
-0.7595576651
-0.2492281553
-0.2281421936
-1.1871237045
-0.5534895190
-0.2914385509
-2.6716669849
-0.9799124824
-0.7455959788
1.5937609656
0.0674139005
1.8111699355
0.0614665788
0.1568563513
0.3796957325
0.6494399647
-1.7405865598
-0.2786193282
-0.3437342722
-1.3238312785
1.5155583550
0.5834556497
-0.1981170097
-0.0999785848
0.8157395361
-2.6344382454
0.5533239426
1.1302681757
-1.3861329919
0.8769971935
0.2272961780
-0.8583521285
1.5575387373
-0.3680173510
0.8503045399
0.8096658768
0.3479792735
0.3788251169
0.8278667252
1.6731827036
0.6661209947
-0.3881735290
-0.8998323336
0.4090302896
1.5693888126
1.1805910461
-0.6457103336
-2.0835808082
0.9305975778
0.6473327274
1.1765346614
-0.0085580036
-0.2244540987
1.4455572281
-0.1438571277
-0.6970688247
1.3272952506
-1.0456848633
0.0904745079
1.1806164134
-1.4963509249
0.7305024028
1.8481095925
-1.8695772159
-0.1153942756
0.2833584369
1.3301867384
-0.4322909930
-0.3326001106
0.6207193019
0.0468284178
1.6517270713
1.4786243676
0.4625921885
0.1874235145
-0.4823613069
-2.0785062649
0.6960725513
-0.2601101459
-0.2580364907
-1.4398680204
-2.2486421425
-0.4994778771
1.3552417005
0.0504631046
0.7467383078
0.9525317039
1.0035076212
0.1908741567
-0.8882093514
-0.4893860271
0.1872953859
-1.0860366800
0.3558148483
0.4144108953
-0.1441743355
0.4783689520
-1.4702567303
2.2312876371
-0.1513914989
-0.9323733907
0.5481100717
-0.8288727930
-0.4833760584
0.7602419474
-0.6756433702
-0.4612863882
-1.3841244395
-0.2740018760
-0.8640550681
2.4470856911
-0.0480091605
-1.2811857236
1.1029686108
0.2476437317
0.0299867048
-0.2471807109
0.6724183164
-0.2977651384
1.0072874525
-0.0784227604
0.0059556911
-1.4230649431
0.7546686487
-0.6637608077
-2.1482194335
0.1566766263
-0.0966527755
-1.1382880384
0.2397088455
-0.7211593157
-0.1752404541
-1.4909142838
-1.6879286139
0.9754505302
0.2551846779
-0.1144978507
1.0051861639
-0.8493446664
-0.2966187005
-0.4777116314
1.2169873279
-0.5000857352
0.0429701426
0.9682455580
-0.4347155248
2.0418401632
-1.1086141815
-1.8065904636
-1.8755634340
-0.1592271807
-0.8781642740
-0.4452057594
-1.6900598028
-0.3989418167
1.4148847521
-0.5486047605
-0.8613476061
1.0652102596
0.3360964630
-0.6403646877
1.3688387127
-0.8030775717
-0.9739936274
-0.9451263417
-0.2420999657
-0.1441811795
1.1342792009
0.9790918254
0.1092162441
-0.6146841235
-0.9105922924
0.3385002043
-0.6073754105
2.0764470115
0.1872772316
-1.2416596772
-1.2491234194
0.7687509891
0.1275918541
-1.7651054418
0.2921670592
-1.0864899296
0.8026495924
1.0404578643
-0.6796517054
0.0326151954
0.8437432558
0.0867167859
-0.3005234349
-0.9777525892
-1.6245672384
-1.8731309678
0.1693863962
-1.1462558391
2.1392969792
0.8342863388
-0.5628304343
0.3457643207
-0.8980355876
-0.0967097980
0.0567036169
-0.2360386337
0.7076596702
0.1300538559
-1.3934756454
0.0478492879
-1.1945887630
0.3029815732
0.4373892593
0.5825139086
1.4312085254
-0.3513454154
0.4495903272
-2.3830838319
-0.4204418619
0.0087502307
-0.3740937088
-0.1924929342
0.8898824025
-0.8504600929
0.2296824350
-0.6279390939
-0.3135210059
0.5900188878
-0.0093417484
-0.1928486558
-0.1702251972
1.2922711342
0.0994565740
0.6873328193
0.4584731779
0.2854607496
-0.7875593959
0.6267590712
-0.7397308692
0.5851980478
1.1576198493
0.2656879217
-0.1964772810
2.0799772059
-0.8990566481
0.1741631059
-1.3818492998
1.7958988204
-0.5741410411
1.1804451349
-0.4628272041
-1.1231172226
-0.3752388046
1.4574486292
-0.7826555124
-1.0756245885
0.5576113170
1.1272291813
-1.4165008053
1.0892683194
1.6366285852
0.6598571875
-0.6287912019
-0.1453207524
-0.7886117235
-0.1742356161
1.0846410885
1.0127443645
2.0551173556
2.2098617030
-0.8506974688
0.4065089397
-2.7440820576
-0.4641937838
1.9343896863
-1.9478961012
0.5165513463
-0.6584925414
-1.2032492235
1.2824376512
0.4983695063
-1.9188610619
0.4825123175
2.1207360883
1.0390038191
-1.7640866592
1.0588505479
0.0271718552
0.0531892224
-0.3279679602
-0.1618765099
0.2094981418
-0.4355708543
-0.3537185459
0.3270344089
0.6313356607
-0.4372670058
0.4480880235
-0.2644173563
-0.3512277140
-0.3760140573
1.0155607569
0.2167603271
0.0407736645
0.3025206688
1.1593197702
-1.4315148228
-2.0179164712
0.7767992335
0.0186260780
-2.0705684409
0.5219778276
0.9347418986
0.8647486205
1.6703905298
2.5851517582
0.5371090775
0.4131244998
-1.2694777227
1.2574159521
-0.1592851653
-0.1605237938
1.1003704628
-1.0365178978
-2.3135757373
1.5817600015
-0.5927209877
-0.8106431625
0.3298239574
-1.8669873922
0.4989471216
0.9487390753
0.6282421182
0.2195064877
