19 12 0.03
15 0 3 1 3 2 2 2 3 2 4 3 0 3 1 3 2 3 3 3 4 3 5 4 2 4 3 4 4 4 5
13 0 1 0 2 1 2 2 1 2 2 3 0 3 1 3 2 3 3 3 4 4 0 4 2 5 0
12 0 1 1 1 1 2 2 0 2 1 3 1 3 2 4 0 4 1 4 2 5 1 6 1
7 0 1 1 0 1 1 2 0 2 1 3 1 3 2
7 0 1 1 0 1 1 1 2 2 1 3 1 3 2
6 0 0 0 1 1 0 1 1 1 2 2 2
11 0 0 0 1 0 2 1 1 1 2 1 3 1 4 1 5 2 2 2 3 2 4
14 0 3 0 4 1 3 1 4 1 5 1 6 2 0 2 1 2 2 2 3 2 4 2 5 2 6 3 6
16 0 1 1 0 1 1 1 2 1 3 2 2 2 3 2 4 2 5 2 6 2 7 3 1 3 2 3 3 3 4 3 6
10 0 2 0 3 0 4 1 0 1 1 1 2 2 2 2 3 2 4 3 4
15 0 1 1 0 1 1 2 1 2 2 3 1 3 2 4 0 4 2 5 0 5 1 5 2 5 3 6 1 6 3
15 0 1 0 2 0 3 1 1 1 2 1 3 1 4 1 5 1 6 2 0 2 1 2 2 2 3 3 1 4 1
3 11
3 11
11 6
13 3
12 3
16 10
6 4
3 10
13 9
7 10
10 0
5 3
0 0 0 0 0 0 0 0 0 0 0 0 0 0 0 0 0 0 0
0 0 0 0 0 0 0 0 0 0 0 0 0 0 0 0 0 0 0
0 0 0 0 0 0 0 0 0 0 0 0 0 0 0 0 0 0 0
0 0 0 0 0 0 0 0 0 0 0 0 1 2 2 0 0 0 0
0 0 0 0 0 0 0 0 0 0 0 0 0 2 2 1 1 0 0
0 0 0 0 1 1 1 0 0 0 1 1 2 3 2 2 1 0 0
0 0 0 0 2 2 2 1 1 1 0 2 2 2 2 2 2 0 0
0 0 0 1 1 2 2 1 1 1 0 1 1 3 2 1 1 0 0
0 0 0 0 1 0 1 1 1 0 1 2 1 0 0 0 0 0 0
0 0 0 0 1 0 0 0 0 0 0 0 1 1 1 0 0 0 0
0 1 0 0 0 0 0 0 0 0 0 0 0 0 1 0 0 0 0
1 1 0 0 0 0 0 1 0 0 0 0 0 0 0 0 0 0 0
0 1 1 0 1 0 0 1 1 0 0 0 0 0 0 0 0 0 0
0 1 1 1 2 1 1 1 0 0 1 0 0 0 0 0 0 0 0
1 0 1 1 2 0 0 1 1 1 1 1 1 0 0 0 0 0 0
1 1 1 2 2 1 1 1 1 0 0 1 1 1 1 1 1 0 0
0 1 0 1 1 1 0 1 0 0 2 2 1 1 0 1 0 0 0
0 0 0 0 0 0 0 1 0 0 1 1 1 0 0 0 0 0 0
0 0 0 0 0 0 0 0 0 0 0 0 1 0 0 0 0 0 0
1.0061967610
0.6122802833
-0.0384705067
-1.3288173932
-1.3514313119
-0.4470509804
0.0252440863
0.5380154542
0.6197775073
1.1101485253
-0.5771169948
-0.5391215873
-0.7682949737
-1.4898881484
-2.1832952877
-0.3982371364
-0.8511519143
0.3781069941
0.2870846178
-0.4835963677
-0.8145971956
1.5750138334
-0.5260462395
0.4372387971
1.2919687397
1.1320049787
0.0915145873
-3.0088922112
-0.4982081456
-1.2043323084
0.5462416231
-0.1784820117
1.3771999439
0.3364679893
-2.2605064990
-1.6067013195
-1.5606575316
0.7297759684
0.6632833046
0.0390667994
1.4707213784
0.0252481142
-1.6295103475
-0.6989959887
-1.3881523916
1.1087470649
-0.9637794800
-0.5620826678
-0.7412540836
-0.8759698009
1.6123384251
-0.4248640315
0.1805437018
-0.3007141344
2.3222544251
-1.5961144953
-0.3665090091
0.4327848610
1.1733204451
0.0465338729
-0.4305587658
1.0512288731
-0.2597084350
-0.2213842556
0.6186031178
-0.5780385680
-1.3239471409
-0.8284914318
0.8976434946
0.2294309270
-0.8069755886
-1.0690465222
-0.1761416962
1.4075298794
0.1355684127
-0.8139729424
0.9624838091
0.0717863096
0.0309570002
-2.1126320943
-0.9646674097
1.8138046196
0.4155077550
-1.2537595120
0.5856965945
1.1633629576
2.0923441845
-1.1037859666
1.1388504793
-0.3238168198
0.5858833621
-0.1889996685
1.4698491766
1.0820490167
0.2355801203
-0.9056758593
-2.0276113556
-0.1626322266
-0.4881863702
0.1206032747
0.3390044841
-1.4030748383
0.7721798379
1.7155427560
-0.4074188764
1.4313694065
0.2529029265
0.7430291072
1.0226587417
-0.6178942003
-0.9503596659
-1.0589344603
-1.7375950551
0.5361102125
1.3943820510
-0.0870220022
1.0196071364
0.4258392563
-0.2001483180
0.3556513369
-0.5066367248
-0.5734223583
-0.1339081118
0.7342008758
-0.5809337849
-0.3689161274
-0.5428561243
1.2667723871
0.0640768482
1.4526688986
-0.7773716021
0.6839503791
1.0137491153
-0.3198480441
0.9660512668
-0.2793055101
0.2275640383
0.9741900297
-0.0718499023
0.9853452710
-0.1654259029
0.1911559144
0.0945392889
0.1141365059
0.7734255302
-0.6711404090
-1.1702937226
1.0045726600
1.0993959627
0.1639133649
0.6993929399
-1.7131333597
1.6854588707
0.8390182151
-0.5446872947
-0.9225495083
0.3711360989
0.3242823827
-0.3476111392
0.1393953379
-0.3235518253
-0.3299556592
-0.4227928354
-0.3862495720
0.4662146917
-0.3688733568
0.5242374869
-0.6972228392
-0.5928287314
0.1434053679
0.6354897378
1.4647595691
0.3573868192
0.0896213484
-0.7280039218
-0.7188534611
0.0705762847
0.2816428938
-0.2205602598
0.2488418952
-0.9179199524
-0.2286629889
-1.1507213929
0.2137671337
-3.1146667991
0.9018389071
-0.8235416306
-0.0307396606
-0.9790836832
0.0704158200
1.7293881226
-0.2668989528
-0.3923727526
-0.7245820119
0.2144459731
-1.4941770267
2.1096766918
1.2362630117
0.8243914908
-0.1489389187
-0.4476485512
1.4691767603
0.3626817221
-0.8887170526
-1.8955713612
-0.2848650846
-0.0426287096
0.0696212590
-0.8626248083
0.3472923704
-1.0626769280
0.2742152042
0.2038365402
-0.4039573449
0.5338202099
0.3249617116
-0.1454789310
1.0773827742
0.0256225139
-0.0283461856
-0.9856799430
1.1846781862
-0.4405094348
1.1369777124
-0.3641225024
0.3928354226
1.5308779464
-0.9888765691
0.2603243778
1.1731654483
0.9666407676
-1.1459798392
-1.8424965060
-0.1275492387
0.0829957443
-0.2027613211
-0.9639376217
-0.2684012171
0.1173766190
0.3745460041
-0.8317238908
-0.8409718648
-2.5202932282
2.0867759319
0.0064225668
0.1278410524
-1.0482208556
-0.0704980589
-0.2518006307
1.2693947185
0.3195575806
-0.0809813991
0.5285830384
-0.8841066794
0.8483258385
-1.0089110767
-0.2564506528
0.9884014361
-0.5348117461
1.2257853008
1.7509594367
0.1568874775
-2.6485191796
-0.4282954275
-2.4452281271
1.4027723507
1.2945392707
1.6966654891
0.3663573239
0.4605143133
0.8284970997
0.4537271870
-0.2164097992
-0.1057404474
-0.1412507030
-0.1551454374
1.4174709426
-1.5900374792
0.6082985086
0.5934730074
0.9283570239
1.1654115590
0.2275024935
2.4304667597
-0.1079242626
-0.4603426722
-1.8822703169
-0.8201768623
0.4365423206
-1.0176408903
-1.0751978044
-1.2920936904
-0.6455530757
3.0488774027
-1.9897974715
-0.6720548420
0.2716562129
-1.3366191952
-1.7176137300
0.1327098973
-0.1980187428
0.1487746746
0.6227881454
-0.9048787220
-0.0556844814
0.5114607459
-0.4311811638
-0.2874236648
2.1223327263
-0.2754338855
0.3541263106
0.5407349373
-0.8436371181
-0.4035643572
-0.7552191627
0.1947430716
-0.0607671206
0.1047371844
0.4410087112
-0.8410006654
-0.4156256358
-1.6547211212
0.4571897556
-0.4370612648
1.4200325775
0.1952407439
0.6777183054
0.8464699542
-0.1991551557
-0.6732941694
-0.6725691034
-0.6847014001
-0.3456754881
-0.0295930275
0.1927266324
-1.8236310589
2.1103364247
0.6640074831
0.3775288694
-1.4294854887
0.3902162829
-1.1059402222
0.9620746689
-0.2206679553
0.2605963855
0.7154049666
-1.8287119642
1.2602759134
1.1227276149
-1.0979471181
0.2166469991
0.2114718844
1.5090764389
-0.0495946254
0.4296764754
-0.6573737953
-0.6754558912
0.2368424924
-0.7543370531
-0.9063592153
-0.0614832042
-0.2249174564
0.1312677844
-1.3034682018
-0.7931853214
1.4215294795
-1.7341337952
-0.0080139398
-1.3417625098
0.3402712052
0.3384179005
-1.1825710641
-1.6105696168
0.1102652759
1.2653000148
-1.4746913541
-1.2878604918
0.0723014792
0.1399586128
1.7056894687
1.1297549219
0.9762214969
-0.8215026189
0.0912912423
-1.6116107846
-0.2405903518
1.2088408905
0.1606224128
-0.9612195796
-1.1255905367
0.6065502691
0.7180810227
0.0796755433
0.1071200862
-0.9246752824
0.0730404853
0.6392689546
-1.1068961697
0.2420033679
2.3324839399
0.3286780820
0.3653997959
0.6081067642
1.6181093582
0.9495922060
-0.6623456204
-2.2552883789
-0.4051746242
1.4895546972
-0.6805789560
0.3828290341
0.2778313821
-1.3194010964
-0.1043025523
-0.1279897819
-1.0170217768
-0.0314596775
-0.0108879543
1.7506367054
0.9579867092
0.5095665231
-0.4589652885
-1.9574601661
-0.0689415840
1.0571643081
-0.4086235185
-0.4815880164
-0.0953061488
0.2696655070
0.6517130170
1.4997710667
-1.3297403472
-0.3327592647
1.0576801700
-0.8121787888
-0.1337692491
-0.4342949844
-1.3838534485
0.1236581007
0.7939393030
-0.6070388173
-1.2513973391
0.4173747780
-0.7241127773
0.1564068438
1.4543592725
-0.6989949221
-0.1440522045
-2.1322183094
-0.7971710000
1.4141293276
-1.1304647570
-0.9281234045
-0.3204331478
-0.0572655336
0.1139987323
-0.3134096939
-0.3153282476
-0.2082875157
-1.2221518830
-0.4561734467
0.7940613759
-1.0084712373
-0.7188066252
-0.2190474893
1.5333260574
-0.2834252753
-0.4748176626
-0.5133542670
-1.0984105219
-0.0248815858
0.4124083917
0.2688418144
-1.4850467360
0.0896244793
0.8132934488
0.2966417420
-0.6709239036
-0.4787673177
-0.9543086290
-0.6394485792
0.7486279326
-0.6281272353
-1.5174602814
0.8868657780
-0.6101025272
0.3574101060
2.5347141176
0.7079405198
2.1615130695
-1.8991037670
-0.8033490476
-2.6120532851
-0.3204500155
-2.2242242478
-0.8261156241
-0.4301575576
0.6874499386
-0.3008205955
0.5718350889
-0.4695582767
0.1961062044
3.2459730366
0.0142991019
0.4441042041
-0.6770128660
-1.5857619941
0.4352544273
0.7305257060
0.9879707283
-1.1531461333
0.4097391719
1.8969075058
0.5828262453
1.4706480281
0.0456020614
0.6085467862
0.4181992367
0.6271680714
0.9353223135
-1.8381068087
0.0674670114
-0.5517414720
0.5377503842
0.5334403051
0.8070992213
0.6540405707
0.2430838748
0.0526679741
0.4586814113
0.3761919084
0.0337121508
0.6096705406
0.4055229150
-1.4941097969
1.4872171694
-0.9432147592
0.4270248181
0.8693599272
-3.0561347139
-0.0841649872
0.1570006708
0.3212713745
-1.9313950144
-0.6239333977
-2.0336997289
0.9373980827
0.8450358108
1.4498369427
0.3535699202
-1.1407753165
-1.2988407251
-0.4995419107
-1.1651917597
-0.2120427593
0.5287611988
0.3332271332
0.9466927474
-0.0466644599
-0.4360399975
-1.7083825452
-1.5605345149
-0.8920430280
-0.2077135937
2.0582199663
-0.2745856224
-0.6791857274
1.2861033949
0.7534700305
0.6771471884
-1.2391643441
-0.3562227111
0.1081507165
1.1110442232
-0.3301940151
-0.1695180602
-1.0378098488
0.5503443972
-1.4140473570
1.4718358228
0.4241870469
-0.4179291266
-0.2487697873
-0.2268743500
1.3912128824
-0.3082832579
0.4126892090
-0.3035422811
0.2033190781
-0.3369314492
0.8623993416
-0.0914697533
-0.4522967853
-0.2497420742
2.4290280912
-1.9831927454
1.0888281978
-0.5447274659
-1.6704675514
0.0362948958
-0.3862333642
-0.0908128965
0.4477269789
-1.1436451555
1.0866639402
0.1778942102
-0.4040311167
-0.3072904926
-0.7312006011
0.7461220970
0.1886298214
0.5359391904
-1.3786182080
1.0983716085
1.7929912573
0.5274744436
-0.8906082701
-0.8191929259
0.2913580144
-0.3972723077
-0.4122785030
0.2947855720
-0.3572285330
0.1631222194
-1.4295434868
-1.3343378979
0.8881898607
0.0847167195
0.0389714066
-0.4943074086
0.9044570105
0.7415826596
0.5679246478
-0.8790739854
0.8332384294
-0.9539950715
2.3349261622
1.3851787165
0.4172584553
1.5272910988
-1.1272868588
-0.3451466092
-1.0220543818
1.1881611215
0.4796839009
-0.6844695763
-0.0881142175
0.3753731305
0.8106277331
2.1230905822
1.9642157688
0.3180720394
1.0224135267
-0.1334733001
0.3233193985
0.5233174561
-0.5893416344
-0.6364797024
0.5591707368
-1.1910786652
1.9187491749
0.8846068399
0.1739079758
-1.4813358940
1.3692786317
1.8019829112
-1.1126796727
-0.8567341954
0.4445455457
-0.0580420622
-0.4432392136
-2.6294851047
0.4510195901
-0.9813813957
0.4597039905
1.2981138590
-1.4257957941
-0.6926055590
-0.2738576854
-0.6535879779
-0.6135274376
0.2791473309
0.3202501689
-0.3456699878
0.9813019771
-0.3312306046
1.0379111895
1.0111638955
-0.6043002092
0.1800194722
-0.2521132204
-0.0681883873
1.5554945973
1.3301870470
0.7232597482
-0.4483105765
1.0591608563
0.9890462171
0.4749825256
0.0927787837
0.9133462384
1.7348758091
0.7964589023
-0.7288978468
-0.1484145045
-1.6753900799
0.1952415807
0.3320673409
0.6600523497
0.0034901559
-1.0561761701
-0.4424276450
-1.6886876584
-0.3219826266
-1.4896076357
1.1746433211
-0.8605746452
0.7321552205
-0.5458782647
0.9395293021
-0.3981258273
0.6235511236
