10 4 0.06
10 0 0 0 1 0 2 1 1 1 2 2 0 2 1 3 1 3 2 4 1
14 0 0 0 1 0 2 0 3 1 0 1 1 1 2 2 1 2 2 2 3 2 4 2 5 3 2 3 5
12 0 1 0 2 1 1 1 2 1 3 1 4 2 0 2 1 2 2 2 3 3 1 3 2
13 0 3 1 1 1 2 1 3 2 0 2 1 2 2 2 3 2 4 3 0 3 1 4 0 4 1
0 6
6 4
4 0
5 5
0 0 0 0 0 0 1 1 1 0
0 0 0 0 0 0 0 1 1 0
0 0 0 0 0 0 1 1 0 0
0 0 0 0 0 0 0 1 1 0
0 1 1 0 0 0 0 1 0 0
0 1 1 1 1 0 0 0 1 0
1 1 1 1 1 1 2 2 1 0
0 1 1 0 1 2 2 1 1 1
0 0 0 0 0 2 2 1 1 1
0 0 0 0 0 1 2 0 0 1
0.3718498992
1.5192980843
0.7879707322
-0.1408564081
-0.4199948365
1.3923702500
1.4619901400
-2.0078680990
0.2734608808
-0.1725353240
0.0636687951
-0.3005837370
-0.3727589653
-0.4158439619
0.4098782596
-0.0702506047
-0.6746366242
-0.4335926927
1.0211379687
0.5740727548
0.0012643309
1.4972902483
1.6629922142
0.2013068845
-0.1697758720
-0.6344077246
0.2189874673
1.0475883286
0.4086242937
0.3735820550
0.8933970934
0.1549001821
-1.4640133608
-0.0785274260
-0.9804257385
1.2441775638
0.6202130259
-0.3782504014
-1.9156544295
-1.6612713302
0.4508179480
-0.4756630766
3.0029473189
-0.3135796850
-1.7001764371
-1.1178261363
-0.0213032314
1.1790921041
-1.0147562454
1.6394863270
-0.1208957123
-2.3735245692
1.7977541765
-1.8123893159
0.8093475818
-0.3496488929
1.5894431862
0.4299193346
-0.7193949325
0.0276122323
-1.1424420017
-0.6092369920
0.8750020123
0.0174824376
-0.3321985014
1.5614502071
0.0532928844
1.3623723659
-0.4309423113
-0.4639440908
0.6318116986
1.5631138474
1.5155709562
-0.5503175658
-0.2195990530
-0.7266777181
-1.1179464956
-0.4154777433
0.1594614008
-0.1860473398
0.3452390107
1.6128335484
1.0875993447
-0.4359801614
-0.4896903739
0.7746741204
-1.3900373782
-0.1349836511
-1.8893892826
0.3724449368
2.0279141155
-1.3110792649
1.0666808767
-1.7815200277
-0.4472659433
0.1196525936
-0.6177296631
0.8187808880
-1.4538706996
0.1659092899
0.0384547729
-1.6072634791
0.4400998888
-1.3246163540
0.0943382913
-0.8710073925
1.9519234901
-0.7816891492
-0.1450055005
-1.1775266331
0.5683142881
0.1923634868
0.1513404628
2.0090893518
-0.2090259296
-1.2748137273
0.1617567545
-0.4050193711
-2.2800948278
0.8160817039
-1.1822046832
1.2161221284
0.3700561253
-0.1236953897
-0.6234480072
-1.0352201034
-1.8610385584
-0.6631053149
1.9655417354
0.3659577961
0.3544036340
0.7345256536
-0.5981802036
0.1371395562
-0.5525541649
-0.5870058086
0.8361127812
1.4312380538
0.5628634540
-0.9860198840
0.2907830891
0.6119059483
-0.0563096030
-0.1338333260
-0.1237505892
0.7104000607
-1.4467030226
0.1152859002
-0.9592852533
1.3411630147
1.8133921915
0.3422695115
-0.1183836116
1.2270627338
0.6462578240
0.1290325016
-0.2520682785
0.7556465383
0.8906187598
-1.4836005848
0.6462731626
0.6560925400
-0.6886636553
0.1387899968
-0.5873743391
0.1031131058
1.8004219291
-0.6022662066
1.0579764877
2.6212635539
0.3220177634
0.2744916476
0.0094621565
-1.6642952091
0.6773921081
0.0390426118
0.2019707998
0.4773455079
-0.1084242544
0.9042016782
0.6963331402
0.4445797750
-0.2952734877
-1.9198095632
0.0330332908
-0.1088504427
1.0796885026
0.3026215626
1.4735014407
-1.3449636061
0.3562199732
0.7744848929
-0.2799766617
-1.3719931469
-0.3793156927
1.3843091064
-0.3538126576
-0.7100993304
1.4185901119
1.2227649927
