12 2 0.07
28 0 4 0 5 0 8 1 3 1 4 1 5 1 6 1 7 1 8 1 9 2 0 2 1 2 2 2 3 2 4 2 5 2 6 2 8 3 2 3 3 3 4 3 5 3 6 3 7 4 3 4 4 5 3 5 4
20 0 3 0 4 1 2 1 3 1 4 1 5 1 6 1 7 2 2 2 3 2 4 2 5 3 0 3 1 3 2 3 3 3 4 3 5 4 0 4 3
0 1
7 2
0 0 0 0 0 1 1 0 0 1 0 0
0 0 0 0 1 1 1 1 1 1 1 0
0 1 1 1 1 1 1 1 0 1 0 0
0 0 0 1 1 1 1 1 1 0 0 0
0 0 0 0 1 1 0 0 0 0 0 0
0 0 0 0 1 1 0 0 0 0 0 0
0 0 0 0 0 0 0 0 0 0 0 0
0 0 0 0 0 1 1 0 0 0 0 0
0 0 0 0 1 1 1 1 1 1 0 0
0 0 0 0 1 1 1 1 0 0 0 0
0 0 1 1 1 1 1 1 0 0 0 0
0 0 1 0 0 1 0 0 0 0 0 0
0.6869336758
-0.1345187514
-0.5820059085
-0.3580800209
0.1546034677
-0.3856996255
0.1156442916
1.0733917070
0.7065232393
-1.9309265167
-0.7748634736
0.7058074219
-1.3423009420
0.4806619514
-2.0763445453
-0.8214972633
0.0551505050
-1.1279155021
-0.1865523652
-1.9555094628
0.3154970808
-0.6398136490
1.1134874407
-0.8874255546
0.4429123262
1.8815690080
1.6624144380
2.1168931480
0.1814495680
0.4383927947
-0.1578075327
-0.2007148807
-1.9970934790
-0.8710576262
0.4779694411
0.1298463968
1.0894894136
0.8733989203
0.5322274904
1.1352762814
0.8940303137
1.5754929334
0.4324944727
0.3121817621
0.5534541953
0.0319277861
-0.7950617997
-0.2539468811
-0.7926047070
1.1609514756
0.8791133717
-0.0608649507
0.3201991277
1.0779202667
0.8069232104
1.2302779301
0.0988881537
1.6037297185
-0.0990386053
0.2216736096
-1.1885961999
-0.8183215207
0.5247096155
1.3004839668
-0.5895674792
0.3084343715
0.4819176340
1.1114403228
0.6552073451
-1.1954811964
-0.4131967750
-1.5944435062
-0.3472034089
0.5397855155
-1.5625057952
-0.5283857601
-0.2677601311
-0.1690122105
0.5242508177
0.3839761340
-1.3788406311
0.3015469265
-0.3864945858
0.2887229211
1.0744174452
-1.2709127565
-0.0105268864
-1.8722083183
0.3965529464
-0.3887650726
0.4309514364
0.2060500997
0.1861828096
2.0123669162
-1.4521620350
-0.3595939273
0.3296580324
-0.0732394216
-0.2670330489
-0.3659392874
1.0971537247
-0.4106825501
-1.4588152454
0.4932628477
0.8773721658
0.4652819926
1.1516282115
-1.2173425065
0.5490917928
1.3123780510
-1.7343192424
-1.1560159612
0.4425947124
0.9261928387
-0.6254630724
0.1588077016
0.5997757177
0.1625528057
-0.4957932603
-1.8628401783
0.5151930320
-1.7176930134
-0.5740634886
0.7059607741
-0.2412697842
0.9942891617
0.7614110641
-0.2581966738
1.6811726847
1.6174646359
0.8854966124
-0.6312852022
1.7873635138
-0.6863018751
1.4125438545
-0.4442857097
-1.0061448877
1.7201941809
0.4410835156
1.2613211693
-2.1180865013
1.6655915878
0.1081467811
1.0341575631
-1.2035079984
1.1313394891
-1.7905041175
0.8170210428
-0.4915399921
2.1623822337
-1.3345368654
-0.5435900651
0.2079532988
-0.2812704979
1.5133008000
-0.4831411069
0.2589200573
-1.0841736137
-0.4055682393
0.5250628602
0.0687885558
-1.7925590730
-2.1386339063
-1.0651757909
-1.3734129549
1.5364421553
-0.1240660950
-0.5141038448
-1.3437063428
0.2759091357
0.8923458523
-0.1009638362
-0.4211433165
0.1724131055
-1.3349056503
-2.2843275642
-1.9625686139
0.6305901656
0.7869535462
-0.8019801355
-0.2958618054
0.0125615342
-0.6529839421
-1.1920214515
1.6038065879
-1.1030737660
0.0237381847
0.3202408438
1.4357935949
1.2898533970
-1.0883138810
1.2454469524
0.3037606702
-0.7735371549
-1.7402421704
-1.0926524643
0.9061895064
-0.0096242785
0.6567826376
-0.2019391947
-1.2778109107
-0.0390629891
-1.1833392550
0.3903697086
0.0946982357
0.4522212952
0.3399363956
-0.2829890438
0.4904710485
0.0420538973
-3.3691661667
-0.1870157758
1.2570826987
-0.1587367967
0.6345422251
0.0951151694
0.6770629695
1.3360866057
0.3833278650
0.7159519837
-1.0478201172
0.9874313912
-0.7561182688
-1.2870315798
1.7203794728
-0.7434634630
-0.8417274638
0.4734997832
0.1850223623
-0.8631336836
-0.2752099165
0.1999209566
0.7785254163
-2.2819763017
-1.3239763184
0.0617332547
-0.6789015960
-0.4850760882
0.0747547490
0.5991324767
0.5252835203
-1.2665229317
-0.3034082446
0.0038504654
-0.4470184214
0.0612568073
-0.3413901314
0.3636347736
-0.7299893245
0.3266144602
-0.8833188460
0.0388315000
-1.2666788181
-1.0556689766
1.5080616120
0.3637456874
-1.4475526110
0.5468579081
0.5939989124
-0.7243279314
0.1223551974
-1.0978033767
0.9770172572
-0.4734863370
0.3651902061
-1.3335020933
-0.1669005407
-1.2850296961
0.1357704793
-1.3631645736
-1.3134895103
0.4455582514
0.9803052237
-1.4806401274
0.8397914830
-0.2833639550
-1.2926761623
-1.9256981845
1.8483262765
0.2302280970
1.2760302160
-1.5503077576
-0.3355781080
-0.6722791200
-1.4179790107
-0.0380711468
-3.1129346171
-1.5410294731
