10 3 0.11
12 0 0 0 1 0 2 1 1 1 2 1 3 2 0 2 1 2 2 3 0 3 1 4 1
7 0 1 1 0 1 1 1 2 2 0 2 1 3 1
18 0 3 0 4 0 5 1 1 1 3 1 4 2 0 2 1 2 2 2 3 3 0 3 1 3 2 3 3 4 0 4 3 5 2 5 3
3 6
5 3
1 4
0 0 0 0 0 0 0 0 0 0
0 0 0 0 0 0 0 1 1 1
0 0 0 0 0 1 0 1 1 0
0 0 0 0 1 1 2 2 1 0
0 0 0 0 1 1 1 2 1 1
0 0 0 0 2 0 1 2 1 0
0 0 0 1 1 1 2 2 0 0
0 0 0 1 1 0 0 1 0 0
0 0 0 0 1 0 0 0 0 0
0 0 0 0 0 0 0 0 0 0
0.0568392184
-0.3857545542
-0.7622492880
-0.7101083930
1.8753894097
0.8663617631
-0.8827809044
-0.6237438511
-1.5225785302
-0.8193923184
-0.3099071494
-0.0688302769
-0.6848801664
0.1362270534
-1.3576037621
0.0258204705
0.5471033289
0.5692868676
-0.6084690006
0.6069649782
-0.3469680523
0.6549027888
0.7682855284
-0.1424602259
-0.4730383975
0.0681761044
0.0456832496
-0.4208357885
0.2593130910
-0.9923997256
0.3379810483
0.9153282537
-0.7202826239
-1.6789343907
-1.0775668777
-0.1707942755
1.2831901954
-0.2296240111
0.0727135740
1.7660289247
-1.0967437911
0.8536635084
-0.1092750260
-0.5690771595
0.5602286283
0.4293842191
0.0683497536
1.7849236804
-0.7260823914
-0.6602696020
-0.4405369672
-0.1955565708
1.5446539677
0.1513251668
0.6343665815
1.0962673536
0.6378920703
1.5136454661
-0.0434531317
0.5475285028
-0.2468740415
-1.3295328369
0.6426598712
-0.3244836687
-0.4567428729
0.0682155780
0.4526835710
1.2719046679
-3.0369267720
-0.9236697258
0.1547244431
-0.7438672948
-1.2343692046
1.0612896378
0.2855026700
0.6668128285
-0.7794757017
-0.0443132920
-0.8124686803
0.2779068216
0.4705043377
-1.4450154060
0.4401031682
0.9547764454
0.1316666498
-0.4495008824
-0.4717438600
2.1212358365
-0.8427627244
0.6719251736
0.7157282120
-0.1303228957
0.8782333946
0.9201527476
-1.9719070020
2.0003435960
1.8552665331
-0.8100068473
-1.2235370691
-0.0418564674
-1.1154440709
0.3926842012
0.0580539077
-0.4990120337
-0.6252886141
0.3821225930
1.1990593824
1.2898577491
1.3607249086
-2.1102765546
0.4386376313
-2.2496134407
-0.3807393411
-0.3149922943
0.2438000911
-0.9892142424
-0.7084770627
1.7376843696
1.2346605528
-0.4844870286
-3.0744973602
-0.9973708814
-0.2441661032
-1.8109766561
-1.8936146112
2.2465903159
0.9576018951
0.3401157472
3.0543711714
1.7053850672
1.1804704337
1.1284793855
1.0439840136
1.5605097228
-1.4477457275
-0.6461999030
0.3150951235
-0.5338889119
-0.8678503555
1.1235240225
-0.1725219860
-1.2299107412
-0.1274965874
-0.6016644953
0.2298970857
-0.2817056167
-0.2934921353
-0.1522853766
1.0622222510
-0.0753041163
-1.4291495803
-1.8028729117
0.0344274539
-1.2426156181
1.3057149817
-0.9260759589
1.6609332448
0.1444572765
0.4608986294
0.8346103102
-0.5807560645
0.0274932691
-0.0528936700
-1.5577968391
-2.4242248302
1.0856326558
-0.8083401505
-0.1227947958
1.0600358494
-0.9767300369
-1.0607932609
0.1705256347
-0.6131831988
1.1935028712
0.4460194034
-0.7600292313
-0.0738370182
1.1392190175
-0.7551013411
1.2224608206
1.2550318556
-1.2755361132
-0.3941285918
-0.5501972675
0.2601995173
0.2421881767
0.8412463808
-0.0104642455
0.5992986934
0.7164876487
-0.6037471912
-0.4477120518
-0.1223832771
-0.8412359399
-0.6623610137
-0.4269110775
1.7004255329
-1.3578478395
1.4004327229
-0.4133362076
