18 16 0.04
5 0 0 0 1 1 0 1 1 2 0
9 0 2 1 1 1 2 2 0 2 1 2 2 2 3 3 1 3 2
7 0 2 1 0 1 1 1 2 2 2 2 3 3 3
6 0 1 1 0 1 1 2 0 2 1 2 2
9 0 3 1 3 1 4 2 0 2 1 2 2 2 3 3 1 3 3
7 0 1 1 0 1 1 1 2 1 3 1 4 1 5
9 0 0 1 0 1 1 1 2 2 0 2 1 2 2 3 1 3 2
9 0 1 0 2 1 0 1 1 1 2 1 3 2 0 2 1 3 1
9 0 1 1 0 1 1 1 2 2 0 2 1 3 0 3 1 4 0
7 0 1 1 0 1 1 2 0 2 1 3 0 3 1
7 0 2 1 0 1 1 1 2 2 2 3 1 3 2
9 0 1 1 0 1 1 1 3 2 0 2 1 2 2 2 3 3 0
7 0 0 0 2 1 0 1 1 1 2 2 0 2 1
5 0 0 1 0 2 0 2 1 3 1
7 0 1 0 2 0 3 1 0 1 1 2 0 2 1
5 0 0 0 1 1 0 1 1 2 1
10 10
8 3
5 4
4 14
1 9
14 1
9 5
1 14
10 7
1 7
9 15
9 12
5 8
10 5
2 1
6 3
0 0 0 0 0 0 0 0 0 0 0 0 0 0 0 0 0 0
0 0 0 0 0 0 0 0 1 0 0 0 1 0 0 1 1 0
0 0 1 1 1 0 0 1 1 0 0 0 1 1 1 1 1 1
0 1 1 0 0 0 0 1 1 1 1 1 1 0 1 1 0 0
0 1 1 0 0 0 0 1 1 0 1 0 1 0 0 2 0 0
0 0 0 0 0 0 1 0 1 0 1 0 0 0 1 1 0 0
0 0 0 1 2 1 1 0 1 1 1 0 0 0 1 1 1 0
0 0 0 1 1 0 1 1 1 1 0 0 0 0 0 0 0 0
0 0 0 0 1 1 0 1 0 0 0 0 0 0 0 0 0 0
0 0 0 0 1 2 0 0 0 0 0 0 0 1 0 0 0 1
0 0 0 1 1 3 2 1 1 0 1 1 1 1 0 2 1 1
0 0 0 0 1 3 1 2 1 1 1 1 1 1 1 1 0 1
0 0 0 0 0 1 2 2 1 0 1 0 1 0 0 0 1 1
0 0 0 0 0 0 1 1 1 0 0 0 0 0 0 0 0 0
0 0 1 0 0 0 0 1 0 0 0 0 0 0 0 0 0 0
0 1 1 1 1 1 1 0 0 0 0 0 0 0 0 0 0 0
0 0 0 0 0 0 0 0 0 0 0 0 0 0 0 0 0 0
0 0 0 0 0 0 0 0 0 0 0 0 0 0 0 0 0 0
-0.6626289492
-0.0782790099
-0.1031905977
-1.3445592996
-1.6045068557
0.1935510389
-1.1208466145
-1.2972542617
0.5470595828
-0.2347595299
-0.7430776502
-0.6257618931
-0.4528921874
0.2374047934
-2.0457570973
-0.4900882960
0.6096235577
-0.3054680318
1.2598675506
0.4944104745
1.0648413222
-0.4834708106
-1.0197397870
0.4122997573
-1.8414379158
0.2517507833
-0.8261933685
-1.6010259726
0.5847159297
0.9942861792
-0.9566659181
1.0090825735
-0.1579227298
-1.2906741215
-1.0085183507
-0.3205999775
0.8575100411
0.8104143899
1.4930050278
-1.3077984947
-1.4496745149
-0.3219647886
-2.1579806827
2.3332112886
-2.9012303784
-1.5560645338
-0.8065811607
-0.3940479954
0.8263540904
-1.3433459243
1.1494039642
0.2532249080
1.2423958235
-0.8312757859
1.8034920508
-0.9101519248
-0.5383396320
1.5179134039
-0.9834180783
-1.4450330944
-0.3022411864
1.8138398923
-0.6178003719
-1.9974799698
1.0221380593
-0.9727286372
-0.0314556299
0.1814691960
1.6363008520
-0.8603583820
0.1993888132
-2.4785004064
-0.2510619800
0.4435740863
-0.4278468159
-0.8623489946
0.1684376523
-0.4272108433
-1.3704151069
0.2805767407
0.5643806062
1.3268285112
-0.2372320725
-1.5502458622
-0.6073970194
-1.9973470604
0.1250363277
0.1503587469
0.7127543406
-0.4055982439
-1.2366927597
0.2737279292
2.0941332226
-1.2298259453
1.0586115700
-1.1605322135
-0.4847308736
0.2315505144
-0.5348613322
2.6045632416
-2.8586180313
-0.1190704740
-1.3335738426
0.3987153533
0.4313628738
0.5391213146
0.5291217385
-0.1622559435
0.0561866541
0.2332307949
1.5247618269
-0.5992236549
-0.0812682749
1.1491709138
-0.6041518383
1.4957131607
1.0265867460
-0.8511128968
-0.9394229609
-0.0753858967
1.0818672853
-1.2188495157
-1.1292962539
0.2405480028
-1.3513380390
-0.6226644794
-0.3547658241
-1.8296460965
-0.4277626823
0.7334750645
0.0246092765
-0.2705746265
-0.2231836920
0.2551787564
-2.4473886210
0.9099195508
-1.2693070945
0.2096383082
0.3386489354
0.2917752257
-0.7407029783
-1.4745920015
-0.2316867599
-0.7293775469
-0.7984488474
0.8162635364
-0.2356016643
-2.0027353708
0.8138875633
0.3222515108
1.1272953580
-0.9121413684
-0.0236642070
0.9367876081
1.3760607587
2.0920755074
0.2196331164
-0.9599958093
-0.0362988408
-1.8534151806
-0.1097823847
-0.3558230373
2.4095344631
-1.3456833999
0.2011593770
0.3956196860
0.3922655178
-2.4066214630
-2.1104408127
0.5864578156
1.7749517960
-0.7463826428
0.6611374621
0.1748845698
-0.6535878966
-0.6516816344
0.2806431772
-0.7248798229
-0.3091912681
-0.1715984269
-1.4906261019
0.7856990552
0.8340401590
0.6570538565
-1.5238793751
1.3229522143
0.4830195274
-0.7709406277
-0.6784027925
1.7160978693
0.0144731888
0.6720373243
-0.9141558006
-0.0671944119
1.7983758133
-0.5172987838
0.7406393396
1.6638452900
0.3051557391
-0.2214881384
-2.6167021429
0.9455040749
-1.2720648560
-0.5611464341
-1.1626859479
-1.8497362110
-0.5650539985
0.7356614747
1.1488373616
1.8502092205
1.4618414664
0.4846684120
-2.0105485138
0.7496054451
-0.2134649647
0.8780805474
-0.0586443428
-0.3635627546
-0.6834577817
0.5075470705
2.1617594771
2.5400747206
-0.6280027889
-0.7951663155
-1.5403628256
0.2294514869
-0.5540283479
-0.0646848918
-0.7228673554
0.2962565042
-0.1689257101
0.0490865028
1.1353427567
0.7196547195
-1.2934197168
-1.6333846902
0.4848475951
-0.3104602419
0.9350769936
1.0179483195
-1.7563140762
0.5674724215
0.0311454170
-0.0548783623
-0.4770791053
-0.9749418541
0.4567462760
0.1004310252
0.8483835008
0.2423503839
1.1570828391
0.7285716300
-0.7236825606
-1.3154225047
3.7420834494
1.4724840001
-1.0426707689
-0.1735881511
0.9247281275
0.8834076577
1.3657378885
1.1577751503
0.2249880393
2.2548254122
0.7708066813
0.5976757044
-1.1670795732
0.0135351150
-0.1667681993
-1.4546625232
0.3669546604
-1.8791018875
0.2276825907
2.2202535307
0.0091490353
0.0334251540
-0.0770395512
0.5998731086
0.1498868133
-0.5967198087
-0.3889594394
0.1708751815
0.1665988676
-1.1126036750
1.1019469712
1.8532246237
1.7195986143
0.8666592069
-0.4446312525
0.0817878446
1.6264292043
0.0946046807
-0.9015549178
0.8840406159
-2.3642333286
0.3302602744
-0.5108967509
-1.3104312807
-0.2130451657
1.1244239116
0.5076776035
-0.0030132682
0.4163040189
1.2268444782
0.9143683972
-0.9243219801
0.2836089636
0.6988767504
-0.5358526625
-0.8201902209
-0.5929956685
-0.0415814526
1.0590560276
0.5197109264
-0.2203898473
0.0417589065
0.0131834491
-0.0989331124
-1.7575402347
0.4580149651
-0.1474528842
1.6596843666
0.0842008429
-0.4375836692
0.5512087102
1.5928169825
1.4666423318
-0.0431846611
0.2562957104
-0.7800506990
2.8957014591
-0.1386498322
-0.4973743645
-0.3774978882
-0.9876500296
2.0583980901
-0.9081571486
-0.6521972319
0.3782351740
-2.0962616545
-1.0799727883
-0.4848517085
-0.1256699502
0.8628279722
-1.9663516885
-0.4699413662
-1.8631196405
0.6386692693
-0.4200141575
-0.4141201593
-0.8444212584
-1.1516892145
0.2527421574
-1.4062826481
0.6729617536
1.5530206775
0.7406984374
0.6511429096
-1.1177445782
0.3707959213
0.0357617785
0.6737999018
-0.9169812685
0.3824318548
-1.7020901875
-2.0890889800
0.5302065369
-0.7102611660
-0.1879655070
0.7700604537
-0.1635295412
-0.4824903527
-0.6701568692
-0.0051247472
-0.4924824747
0.7253241639
-2.4814838590
0.7701215896
0.4856099885
1.2344029941
-0.2173441786
-1.6599391300
-1.5793045394
0.3758126762
0.5725266819
-3.2789987177
2.0039845817
0.1914755689
-0.1071903388
-0.3171174494
-0.3625647939
-0.2960929381
-0.1079565146
-0.6014801260
-0.9149893584
-0.6735165056
-1.3209778333
0.6142904221
0.2713305074
0.6061390584
1.0489869086
0.2066599665
-1.5722393515
-1.9618365010
-0.2247380387
2.0077997199
1.0093049379
-2.3130478618
1.2072125400
0.7723179116
1.1810723200
-0.4371057216
-1.0623069623
-1.2640814415
1.5490209508
0.6722166842
-0.4441399116
0.0964799952
1.2042362893
-0.3954519081
0.8981507340
0.7709792516
0.3074615607
0.7366950482
-0.9707532297
-0.8460818427
0.1325127967
-0.0810241242
-0.4173000328
-0.6647456797
0.2473825257
-0.9941381341
-1.1958801517
1.1152501888
1.3772425065
2.9671121182
-0.7219360462
1.2586520424
0.8812593103
0.0622949358
0.0956073719
-0.9787176743
0.5363085771
-0.2665554167
2.3523733300
-0.3479567209
0.1427831428
-0.7345290336
-0.0809242000
-0.9777838420
0.4294762668
0.2272699704
1.7096531876
-0.5561856435
0.1042415049
1.0840670222
1.8286842228
1.0423561578
-1.1876904495
-0.2999869744
1.4040202641
-0.5846162068
2.1772990809
0.2960612758
0.9745128799
-2.2342067588
1.0148864047
1.2438568166
-0.8444981534
0.0335576568
-1.3550426346
1.2757236300
-0.2255367272
-0.3905706062
0.5784404509
1.6793431635
-0.3644651796
1.2686302253
-0.7459353174
-1.3661586801
-1.1906245330
-0.6233654748
2.0599309897
-0.4002850283
1.4621411476
-0.4234205142
1.0263960582
0.3523926991
1.7821110628
-0.7799620457
-0.2085070036
-0.6730239547
1.6324555291
0.7884327713
0.7147379955
1.2485061035
-1.9740789882
0.8742501911
-0.3904122650
0.6290809308
-1.1176302706
1.5529022265
1.0799000956
1.7512057377
0.3443507775
1.1226100865
-0.7142486894
0.6506655552
2.3971733583
1.2911624378
-1.1574316724
1.5660141740
0.3241364156
1.4696733407
-0.4555598563
-1.1271811802
-0.5815841397
-0.6840476759
-0.2465154828
0.4368737533
0.1322002156
-0.5503628859
-0.5779335443
0.1599725120
0.2665395924
0.4446629547
-0.5331903485
1.3383673599
0.1779989529
-0.7653671689
-0.3342074448
-1.2253942901
-2.8906601385
2.2089268208
0.8829255030
1.3103285363
-0.1917800593
0.2286099122
-0.0666420491
-0.9015532822
-1.1436459397
-1.0673900550
-1.3119268845
-1.1373208920
0.9634591590
-0.5646008003
-1.0357912972
0.5453704085
0.1250559325
1.4241419003
-0.4188145897
-0.5761831199
-0.2579141687
-1.4012967939
0.2524247241
-0.2840482730
0.9720714335
-0.4092248827
-1.0770671073
0.4830719072
0.9050637158
-0.5430659100
0.8877757746
-0.1092597586
-1.2766585895
1.7923502501
-0.7723810553
0.0861860236
0.1176598924
0.5835394834
1.3358552404
-1.8977367864
-1.9026167196
1.9247012967
-0.5407549694
-0.5697985991
-0.7178988155
0.0027817684
-0.2930459252
1.3660477175
-1.5880091855
-1.5530992477
-0.9867641662
0.6609391748
-0.0423601702
1.3497404300
-0.7225190676
-0.2458527170
-0.5718923227
-0.7647502497
0.9473030317
0.6158037918
-0.9371431759
-0.6898521818
-1.3195432436
0.2410198278
2.9551582689
1.4879319690
0.2228594614
-0.4332833260
-0.3715351454
-0.7135675211
-0.4887313517
0.0045881891
1.0894365902
1.2517037833
0.8201206359
1.0130207170
-0.9450709173
0.9004392270
-2.4010904157
0.2157425808
0.0039277075
-0.5829267115
-1.0591382901
1.5109204244
1.6091676623
-1.5782699039
0.3490463901
-0.5695397645
-0.0018880472
0.5306834433
-0.4471331951
-0.7829679645
1.0451596717
-0.9634545989
0.5914262532
0.4228315028
0.1179383314
-0.1447286542
-0.3307550354
1.5183972993
0.3465974500
0.5361732214
-0.0230872322
0.3095209105
-1.4119927212
1.2455171375
1.3712946824
-0.6813239463
0.7483798481
0.9854995019
-1.9618562760
1.0942483353
2.4279443753
0.5769161594
-0.6869088286
0.9387564210
