10 2 0.11
4 0 1 1 1 2 0 2 1
17 0 3 1 2 1 3 1 4 1 5 1 6 2 2 2 3 2 4 2 5 3 0 3 1 3 2 3 3 4 3 5 3 5 4
1 5
3 0
0 0 0 0 0 0 0 0 0 0
0 0 0 0 0 0 1 0 0 0
0 0 0 0 0 0 1 0 0 0
0 0 0 1 0 1 1 0 0 0
0 0 1 1 1 1 1 0 0 0
0 0 1 1 1 1 0 0 0 0
1 1 1 1 0 0 0 0 0 0
0 0 0 1 0 0 0 0 0 0
0 0 0 1 1 0 0 0 0 0
0 0 0 0 0 0 0 0 0 0
-0.4399998537
-0.1553961544
-0.3624038140
-1.4493704211
-1.0297728450
-0.4470237365
2.2907931131
0.2668252518
2.5980471318
0.4146625318
0.9741080951
-0.2417060485
0.0358373970
1.0322852206
-0.1491184154
0.7516376839
-1.3180681211
0.5684069886
1.5049309455
-0.9059521656
0.2015517945
1.3675306971
0.1511301861
0.1910063461
-1.6609036615
1.6801663086
0.8028787889
-0.6937626528
0.2817278443
3.0131847478
-1.2456819910
0.4933144003
-1.1663585700
0.4428265804
-1.9012596562
1.4122728198
-0.1972243882
-1.5771555016
-0.2199291484
-1.4692886625
0.7297427441
-1.5386016952
0.0018963477
-0.5098700481
0.0765790691
1.5652807648
0.3373196557
0.5455689658
-2.1733395200
-0.5445785569
-0.9162600608
0.9464341217
-1.5310377414
0.3276430233
-1.9187485271
-0.5976966302
-1.0242655006
-0.4404780188
-0.0951775058
-0.7852849437
0.8362377973
0.6570756005
1.5265492772
-2.8110960633
-1.6946831687
1.2482395977
1.2768017274
-0.0107203371
-0.3746115972
0.5546412927
-0.6336684729
0.4406377573
0.9496857951
0.9587120217
1.3307716357
1.9583839104
0.0769089267
-0.0271937427
-0.3453647544
0.9104725186
-0.6487313828
1.4101729075
0.5805787815
-1.6367037802
0.0435649117
-0.0569412376
-0.9228480437
-0.2778838408
0.1281970726
-1.1693436010
-0.2180702389
-1.6845926011
0.3831061217
0.7073021159
-0.9380644883
-0.9501847019
-0.7285275445
1.1123327861
-0.5630361533
-0.3701901556
0.2565285524
0.6935487484
0.7315897236
1.4959610976
0.0065508571
1.1281790389
0.7433681446
-0.7111457747
0.2745028812
-0.6892607201
-0.1851738844
-1.7214766379
0.3548297670
0.5313404826
2.0468252697
-0.1588872628
-0.4494268865
-1.8181908787
0.5824195219
1.5274470521
-0.3705703657
-1.3511857531
-0.2030881507
-0.4074523227
0.8720656161
-0.6920094190
0.4105027303
-0.2201662748
-1.3360126312
0.2128881421
-1.6723557312
0.1428933619
1.3576753657
1.0706009749
-0.0941539167
-1.1377926457
0.3780712232
-1.0604561755
2.9330261505
-0.0625143810
0.9457277276
0.1875804920
0.4222974899
1.5336326218
-0.1291678312
-1.2885147135
-1.1789017348
-0.3429435856
1.3096458028
-0.0439119990
-1.1600688658
1.6813246397
-0.2647088509
-0.0851624625
-1.3386546190
-2.2383360211
1.0573874213
-1.5886182562
-2.0516461818
0.2522215794
-1.0158189252
-0.0251306300
-0.8353280166
-1.5814684502
0.2530088616
-0.9826467259
-0.0162520571
-0.0610083607
1.1273353265
-0.2153294925
0.2178613139
-1.6714936451
0.4877400104
0.9266314166
-1.7059276224
-1.3717586302
0.0164329200
-0.2138996277
1.2245856220
0.0192388044
-0.2843746790
0.6526915606
0.2210841116
-0.2597586204
1.4617961823
-0.8332109232
-0.1401753636
1.7933810538
-1.3964739316
-0.8613003171
-0.6781735119
1.4964879042
-1.2907315484
0.8486628088
0.4364981701
-1.2985135611
-0.6741968921
-0.3275094228
0.5130658085
0.4128402625
