17 6 0.10
8 0 2 1 0 1 1 1 2 2 0 2 1 2 2 2 3
8 0 0 0 1 0 2 0 3 1 2 1 3 2 2 3 2
8 0 0 0 1 0 2 0 3 1 0 1 1 2 1 3 1
15 0 2 1 2 1 3 1 4 2 1 2 2 3 1 3 2 3 3 4 0 4 1 4 3 5 1 5 2 6 1
11 0 1 0 2 1 1 1 2 2 0 2 1 2 2 2 3 3 1 3 2 3 3
9 0 1 1 0 1 1 1 2 1 3 1 4 2 0 2 1 2 2
7 10
8 6
2 7
2 1
8 0
11 2
0 0 0 0 0 0 0 0 0 0 0 0 0 0 0 0 0
0 0 0 0 0 0 0 0 0 0 0 0 0 0 0 0 0
0 0 0 1 0 0 0 1 1 1 1 0 0 0 0 0 0
0 0 0 1 1 1 0 1 1 0 0 0 0 0 0 0 0
0 0 1 1 0 0 0 0 1 0 0 0 0 0 0 0 0
0 0 1 1 1 0 0 0 1 0 0 0 0 0 0 0 0
0 1 1 0 1 0 0 0 0 0 0 0 0 0 0 0 0
0 0 1 1 0 0 0 0 0 0 0 0 1 0 0 0 0
0 1 2 0 0 0 1 1 1 1 1 1 1 0 0 0 0
0 1 1 0 0 0 0 0 1 1 1 1 1 1 0 0 0
1 1 1 1 0 0 0 0 1 0 0 0 0 0 0 0 0
0 1 1 2 0 0 0 0 1 0 0 0 0 0 0 0 0
0 0 1 1 1 1 1 0 0 0 0 0 0 0 0 0 0
0 0 1 1 1 0 0 0 0 0 0 0 0 0 0 0 0
0 0 0 0 0 0 0 0 0 0 0 0 0 0 0 0 0
0 0 0 0 0 0 0 0 0 0 0 0 0 0 0 0 0
0 0 0 0 0 0 0 0 0 0 0 0 0 0 0 0 0
0.4677247873
-1.4410666710
0.2966325621
0.5133048037
-2.3202415901
0.2348418402
-0.7274820931
-0.9841070241
-0.0251355983
0.0517299597
-0.4776319196
1.8539351787
-0.3979512400
2.2861497246
-0.7548100021
-0.9808113090
-0.4519168130
1.5023122633
1.2367474399
-0.2477851473
-0.8781681629
-0.6854185431
-0.8249696567
-1.1559172027
-0.9629633819
0.5488657518
1.0822575397
0.4625331808
1.2697240359
-0.4225263884
-0.5347902651
0.7767882406
1.5376952868
-1.0917554452
-0.5309113696
-0.9172577421
1.6083704078
-0.3116760686
-1.7176026916
0.2528874374
-0.4824213993
-0.2478012701
-0.3196609910
-1.7051944175
-1.0010506194
-1.3866191329
0.8995126232
-1.3081678391
0.6835232164
0.6875519157
0.8007926410
0.5228917756
-0.2623683693
0.4453586841
-0.1030409113
1.6019000678
0.9822555080
-0.3976739975
-0.4816056958
-0.6082757195
-0.2127297857
1.1895869316
-0.7675264307
1.6564429407
-0.0899168742
0.5276918563
-0.1047926850
-1.7321039811
0.6164371821
0.6623451839
0.9042794045
0.3037810783
-0.3531916490
0.9807093221
0.4697312005
1.2727417990
-1.8107171848
0.5798166579
0.6560324156
0.3289071995
-2.1788111182
0.1787018320
1.2285760768
-0.4279967909
0.1375033212
2.1197156102
0.4271218523
0.0215453673
0.0898990448
0.0459553952
-0.1882603068
-1.9161288740
0.0209033727
0.4743618967
-1.7559145285
1.6675652153
0.6933204366
-1.2243756874
0.2646070475
0.6434169401
-0.8868488383
-0.8008461153
-0.0169013742
1.7465940939
0.3234418292
0.0484490126
2.3198748105
-0.2000917960
-0.1650081638
-0.5756222550
0.1289479719
-0.2572171872
-1.2160899928
0.5152265041
-0.7516980329
1.4502249647
0.7122357593
1.4697054546
0.2080058941
-1.1377444619
1.9708552020
-1.4065919064
0.8513999717
-0.5689379899
0.1801263527
-1.8742582836
0.5386212975
-0.4011211635
-0.1744288746
-1.1072593639
1.2041379530
-0.2897099506
-0.2632938549
1.7732681192
0.0258718769
-1.7224752865
-1.7182472453
-0.7093566238
0.3847998607
-0.5097736789
0.0841766596
-0.5114142562
0.1539368265
-0.1026929088
0.6987955627
0.3853292957
0.1619529754
-0.4899829276
2.4604454117
0.7181424745
-0.3384018673
0.2665213726
0.9780069269
-0.2869717410
1.4260286024
-1.3039554928
0.4580923379
-1.1142522160
1.2015306692
-1.9067240499
-0.4238334044
-0.5944927296
-1.9702594502
-1.6208373308
-0.8956815533
0.1972846947
0.8201189913
-2.1592309296
-1.4450630342
-0.6768153638
-0.1856254452
-0.3725976946
0.4269564282
1.0509560233
0.9280165179
-1.6940210638
0.7156829020
-1.1637060824
-0.3991665713
-0.7664667131
-0.1221778876
-0.5593886466
-0.6253377400
0.2527380377
-0.6069871899
0.3511108329
-1.2951499529
0.7589985805
0.5982086040
-1.0883251057
-0.4985328843
0.3346686650
-1.2970292646
-1.7705537011
0.6811630156
-0.4571228003
-0.3803218528
-0.9728441485
0.0807749093
0.5241843238
-1.1483002164
0.0873144829
-0.5512279056
0.6133357704
0.3355434148
0.4205741092
-1.4426888433
1.0312483189
-0.7133906711
-0.6083002001
-0.4138084223
0.6734767096
-0.3615571233
-2.3465254669
2.1662778210
-0.6804351884
1.0243668134
1.6285458286
1.2216498678
-0.8021119932
0.5933953106
0.4512981633
0.8783567061
-1.7531594869
-0.6763533694
0.2385961180
-0.4533389443
-0.1959634243
-0.1607358549
-0.5625404259
-0.3144043072
-0.3798697954
1.2930861840
0.9499238456
-0.1485847633
-0.6037475437
-1.3340390453
-0.0791743439
0.7613715154
0.0350256844
0.1105034811
0.3929414497
-0.2365876548
-0.7044930381
0.0616347925
-1.3333170015
-0.4191401968
-1.0021450490
-0.1561809339
1.3025954692
0.4849205492
-1.9439645290
0.1374881642
0.3094603137
-0.5414238763
0.3685321270
0.7371498638
-0.7595143194
0.4128748849
0.3712987783
1.9627523527
-0.4508637896
0.0424043765
-1.6373400458
-1.5576129582
-0.4272564039
-1.4608193899
-0.6107143832
0.4311126237
0.7024184811
-0.0287039803
-1.2736381939
0.1062495865
-1.3927977519
0.2052738096
-1.2402053152
-1.2467182859
-1.2785042262
0.8595701847
-0.1757868452
0.3144403350
0.8619076498
0.6962824895
-0.8293735554
-1.5548109442
-0.6330891940
-1.8278961123
0.9629686467
-0.1817876606
0.8999713285
-0.8125530481
1.0151882287
-2.0190408423
0.0771838013
1.3812495789
1.0316106713
-1.7022725353
0.2770730895
1.1147881882
2.2271454694
-0.3834155856
-0.3466393564
-0.3095207136
0.4378110191
-1.2599889886
1.2922597884
1.1886310405
0.9853366580
-1.2513742074
-0.3687389149
1.6760345872
0.1169873609
-2.0460777080
0.2520428937
-1.4585256350
-0.8009790791
0.6047547608
-2.9822919630
-0.3956470908
-0.3388698875
-0.5163577814
0.8426725423
0.9911621091
-2.0355556943
-0.1017786997
-0.0150299147
0.2923962520
0.1694314860
0.9591974090
-0.7060228785
0.2682633594
-1.8395548283
0.2478864168
-1.3496227353
1.0061808425
0.9807368735
-0.4231569795
-0.0598759923
-0.0430600453
0.2012005913
1.1980582475
0.2496662964
-1.4009589469
-0.5929738461
-1.0540410546
-0.2667341342
0.1287130934
-0.7603665616
-0.2924022447
-0.5948518427
0.2900159401
-1.3718906333
0.1953160034
-1.2580689669
0.3233092875
-0.7824534214
-0.1352647417
0.6897287956
-0.0193941074
0.4596302539
-0.8264582520
-0.0828549700
-0.5009599848
0.2580401727
1.5449007941
2.2206432647
-0.0904440311
-0.0698135526
-0.4420506629
0.9625500190
1.4008204767
-1.5450266303
0.2861194082
0.8802978819
0.7608916913
-0.3741619969
-0.0691989636
-0.0895640958
0.0391240445
0.0584167158
0.1683982760
1.3018551367
-1.1224977102
-1.5361819320
-0.3093018166
-1.8528549162
-0.6416624202
-1.0568392851
-0.4213871578
2.0150071749
0.6729464069
-0.2704164445
0.1727232261
1.0598487426
1.0043475917
0.6552602137
-0.7115027866
-0.5860189636
-1.3046886154
2.8484283681
-0.6948289317
-0.0018369102
-0.2120642516
0.4698483925
-0.9387490300
-1.2634069666
-0.5121365757
-1.0577322651
-0.6046255687
-0.7979378881
-0.8150904453
0.7892507304
0.4021443231
0.2919589084
-0.6130058003
-0.7245433349
-1.7976063959
0.6294227001
1.0320683601
-1.1649459568
1.6906819273
0.2327248840
0.3742725365
0.6244188389
-1.7130593258
-1.8218645004
-0.0663467152
-0.0488316084
0.1567427833
0.0041703088
-1.1356775776
-0.0866943457
-0.0549899200
0.6044935747
-0.4487930638
0.9867796365
-0.9081696456
0.8820412713
1.3720884866
0.5954429583
0.5684946734
-0.5840946408
1.1505001990
1.0061598642
-0.7699872460
-1.0513983940
0.1716133077
-0.8136250040
0.9135933425
0.8445716456
0.7217599940
-0.0346132453
-1.2639487277
0.5528248105
0.4555515167
-1.5713479584
2.2500061470
-0.6778313488
-0.6844634153
-1.0468970254
-0.6412760622
-0.3573903924
0.7260425868
-0.8824288078
-0.4076432860
0.8739939652
-1.9585169707
-0.0642196461
0.0329426205
-0.3757371543
-0.6859389355
0.1833098996
-0.3476663902
-0.9311748294
-1.6715814151
-0.8130100668
-1.3254521404
1.3424013614
0.4263837684
1.4862381106
-1.1639504841
-0.6701774582
-2.2443301878
0.9227265169
-2.4443826556
0.1174250694
-0.2074092480
1.2789827178
0.8746445798
-1.1154808800
1.3802081231
-0.0757633150
-0.5284460332
0.5754611159
-0.2901972229
0.5437393776
-0.1915251703
0.6138958632
1.8438890425
-1.6113694004
0.3007894580
0.0308854402
0.2673742339
0.6948930151
-0.5318024591
-0.6499332220
-0.5980768456
0.3118154280
1.1361316169
0.0308890548
-1.3067060485
0.0227017428
-1.6025260317
-0.4010161306
0.3781095609
-1.2267733778
0.4612311451
0.5119940807
-1.0081777808
1.1844451842
1.2413173627
-0.0644771024
-0.8446771925
-0.0927253429
0.7353535778
1.0294794033
-0.3659084768
-0.1951176174
-2.0009074949
1.2320127676
-0.7252123756
-1.6668647020
-0.6175746624
-0.8322446178
0.1309659034
-0.4412026126
1.0826364668
-0.9519848536
1.7615048796
-1.4404107756
1.1385215664
1.3306777300
0.5184695029
0.4803523563
0.6820440076
0.0998219739
-0.3539314976
0.1878553900
0.0646409516
0.6483263085
-1.0426696054
-1.7216570172
-0.8941453645
0.5331616004
0.2285339143
-0.7713378117
1.5239060219
2.1742452938
-1.4570364858
-0.8581245467
0.1787739619
-0.8474480087
1.0517818159
2.2441149090
-0.8925606414
-0.0700443302
-1.5582250310
0.7397194736
-0.3660843208
-1.8088874356
0.5821614233
1.0776939217
1.0395703583
2.0684570099
-2.3073501481
0.0624478152
-0.0586881044
-0.2385009616
