17 9 0.07
10 0 1 1 0 1 1 1 2 2 1 2 2 3 1 3 2 3 3 3 4
10 0 0 1 0 2 0 2 2 3 0 3 1 3 2 3 3 4 1 4 2
10 0 1 1 1 2 1 2 2 3 0 3 1 3 2 3 3 4 1 4 2
10 0 1 0 2 1 1 1 2 1 3 2 2 3 0 3 1 3 2 4 2
10 0 0 0 2 0 3 1 0 1 1 1 2 2 0 2 1 2 2 2 3
10 0 1 0 2 0 3 1 0 1 1 1 2 1 3 1 4 2 2 2 3
10 0 0 1 0 1 1 1 2 1 3 2 1 2 2 2 3 3 2 3 3
10 0 2 0 3 0 4 1 0 1 1 1 2 1 3 2 3 2 4 3 3
10 0 1 1 0 1 1 2 0 2 1 2 2 2 3 3 1 4 1 4 2
3 7
3 8
8 11
10 5
9 4
1 7
13 3
0 2
4 8
0 0 0 0 1 1 1 0 0 0 0 0 0 0 0 0 0
0 0 1 1 1 1 0 0 1 1 1 0 0 0 0 0 0
0 0 0 0 0 1 1 1 1 1 1 1 0 0 0 0 0
0 0 0 0 0 1 0 0 2 1 1 0 0 0 0 0 0
0 0 0 0 0 0 0 1 2 2 0 0 0 0 0 0 0
0 0 0 0 0 0 0 0 3 2 1 0 0 0 0 0 0
0 0 0 0 0 0 0 0 3 3 3 3 0 0 0 0 0
0 0 0 0 0 0 0 0 0 2 1 0 0 0 0 0 0
0 0 0 0 0 0 0 0 0 1 1 0 1 0 0 0 0
0 0 0 0 1 0 1 1 0 0 0 0 1 0 0 0 0
0 0 0 0 1 1 2 1 0 0 0 0 1 1 0 0 0
0 0 0 0 1 1 2 2 1 0 0 1 1 1 1 0 0
0 0 0 0 0 0 0 1 0 0 0 0 1 1 0 0 0
0 0 0 1 0 1 1 1 0 0 0 0 0 0 0 0 0
0 0 0 1 1 1 1 1 0 0 0 0 0 0 0 0 0
0 0 0 0 1 1 1 0 0 0 0 0 0 0 0 0 0
0 0 0 0 0 1 1 0 0 0 0 0 0 0 0 0 0
1.0970716648
0.6730103672
0.6557684478
-0.7429398562
1.2306631496
-1.0700861800
0.5642416239
1.9833364031
0.4615204603
-1.3815491891
0.4999774758
0.7055367031
-0.2535380956
1.8210990575
-0.6646080985
-0.1150069152
0.1070140461
-0.0237033076
1.0520763069
0.1966047095
0.2030322997
0.7332318063
0.5191445624
0.3042847992
0.9889627941
0.1270204494
-0.7717399141
1.5585416120
0.4847813486
0.9284317135
-0.4132745239
0.8391451585
-1.4943661205
-0.8005942259
0.3056993081
-0.6820845899
0.5070549357
-0.1410752392
0.5038222355
-1.2917571674
-0.5573155544
1.1434228027
0.8352736385
1.1560256781
0.8491223910
-0.5249946332
0.9818292234
-0.0498394035
1.4075697114
-0.0378698185
0.7580853530
1.5232192242
-1.1290704637
-1.3204781284
1.5324083230
1.2870601811
-0.5622046848
0.1676685679
0.7764788566
0.6457116788
0.8278031172
0.4932919822
0.1320481569
0.8233430588
-1.4729376093
1.5858738478
0.2675003469
0.9910242309
1.5468250864
-0.1270294893
-0.3827915744
-0.7221083881
-0.2198492243
0.0943048958
1.8495271669
-0.6864601388
-0.1230958708
0.0459947673
0.7761585209
0.0451765110
0.5722580270
0.5669389532
-0.8494830336
-0.2588878955
-0.1362290335
-0.2106061562
0.9069791810
-1.2679388854
0.2168049095
2.2137612088
0.1865592203
-0.3861943488
-2.8281487699
-2.7309132395
-0.7996896634
0.4577619766
1.0775225578
-1.5679458471
2.0976260201
0.3212045666
0.2615228902
2.4497644487
-1.2577229846
1.1944190919
-1.5928024888
0.2108793772
-0.2249740838
0.3889414343
-0.0928722842
-0.7076776874
-0.6119813710
-1.0440648518
-1.3415084885
-0.5517106578
-1.0189334358
-0.9857414631
0.7580513474
-0.8149470168
-0.3038867080
-1.1079714965
0.6041883321
0.6593311014
-0.0656276537
0.9066188877
0.2435678063
-0.2475949855
-0.0626236259
0.3678202878
-0.6094856792
-1.1935533001
0.6927454574
0.8402801025
-2.0723330765
0.0723526085
0.8121342518
0.1723395608
0.0109012251
0.6457985001
-0.0555314299
0.8608800804
0.0415173579
-2.0223267029
-0.6493302809
0.2397159484
0.8273771997
0.7892726697
0.6952912705
0.2934387513
0.6130526073
-0.2300991000
-0.1177795881
1.2526670551
-1.0643532847
-0.9497753880
-1.0233381910
0.2229612621
-1.3135126383
1.1300728814
-0.3700659080
0.2558045089
-2.3132158640
0.1106415412
0.3987210544
0.5522185493
0.4083187033
0.0320797011
0.4567862574
-1.7024459062
0.0893747945
-0.4787624297
0.6138551539
1.9261948662
-0.2786280646
1.9830924741
0.6350938271
-0.2330574715
0.6095700417
-0.1557801092
-0.1740391534
2.4176841313
0.0383556189
-0.2761227696
-1.2556568302
-1.1551417978
-0.5434697357
1.4318141911
-1.5371333758
0.2625394648
1.2661801345
-2.3947338768
0.0317466169
1.3525529222
-0.1974411512
-0.7927812492
-1.0456314310
-0.0878177566
0.4370423826
0.3962054084
-0.9459939785
1.3141532784
0.4485398854
-0.5766797001
0.4479172875
-1.2485844723
0.1456422651
0.3700722389
-1.6962914037
1.7623199486
-0.0894016426
0.5942162353
1.4090109106
0.5836911189
-1.0448501316
-0.5740763250
1.2087514907
0.7523318785
2.2760938222
0.1128022158
-1.2498431644
0.0725756974
0.1572456819
1.2327267589
-1.3337663616
-0.1030996940
-0.8012824171
-0.7119511492
-2.4789739690
-0.1591089591
-1.4425020953
-0.4829714242
0.0246215114
0.8331764134
-1.3746117568
1.9280314844
0.8596029097
-0.6796551985
-1.1206453626
-0.4203074256
-1.7532805576
0.1609392336
0.3859711183
0.3573537957
0.2223680039
0.8872424935
-1.8770590828
0.7889756838
0.5693660885
0.5837005438
0.4661543563
-0.9879965727
-1.3913194900
-1.6258430383
-0.2167932947
0.0856014409
0.0607711492
-1.4541099932
0.2757303384
-0.0539984097
0.4513882536
1.2115143353
1.4615476347
-1.5260832399
0.2864457294
-0.9565680928
-0.1565029493
-1.4783924253
0.1149177337
-1.1863696218
0.0861868877
-0.1386208914
-0.9062328818
0.3159895016
-0.2717195457
1.8093721661
1.3944826880
0.2815578169
-1.5246704610
-1.4932747411
0.4015536963
0.1098258007
0.0010231621
-1.1781957862
1.2097788976
-0.0745704006
-0.4253434351
-0.4311239151
-1.4394881263
-1.5988501548
0.0657016376
0.7452962992
1.8145388194
-1.1762504049
0.9476801542
-1.1277474233
-0.8769132224
-1.3060715395
-0.8117122557
-0.0176130276
0.2077666739
0.2594968657
-0.5454481765
1.3867710941
-0.6825633559
-0.7745109041
1.3792071273
0.6128838969
-0.1159007725
-0.7557893791
0.6284726846
1.3593296817
2.0104125296
-0.2746250470
-0.3536794577
0.5709734525
-0.6234093956
-0.4311854696
-0.9029659011
1.3323984375
1.2395313839
-0.2372966633
-2.7375523824
1.9488595816
0.5302968988
-1.4098635098
0.9720799591
-1.7032914094
-1.4348396314
0.5228088423
-0.4494152278
-0.5156612183
-0.3595273549
0.3634288477
1.7436853473
1.1441748307
-0.6535514516
-0.2642779243
0.1826665074
-2.2911469769
-0.1314633274
1.1897774716
0.4591302281
0.7651131837
0.6283562643
0.0657819216
0.3298241892
1.5086664525
0.7520570317
0.0950040857
-1.9320329965
0.0296794057
1.7369461587
-1.1622721085
2.8244348807
-0.9803392870
0.9326658171
0.8885681073
-0.7214021464
1.8447884849
-0.1334643600
0.2300642779
-0.0185681686
-0.7481245521
-0.7115615242
0.5123286358
-0.7126918025
-1.2505113700
0.6109637419
0.0593439695
-0.3747602418
1.2207883822
-0.3140627997
-0.0196254292
0.2382666063
-0.8415043538
0.3938676992
-0.1874165897
-1.5866855459
2.1471826129
0.6150610973
1.0045351908
0.9937859736
-0.4476187642
0.7278701166
-0.1104426692
0.5528512607
-0.3724243519
-0.7691734720
0.0144087161
-0.3858130154
2.0927276470
-0.6231140548
-1.3336194575
-1.0212074653
1.4609903137
1.5556237453
-0.1304848757
0.8404009832
1.3066830144
0.1236412464
-1.3581244634
0.6247438879
1.0896410171
0.4256753201
-0.8594604775
-2.0012203483
-1.3408151761
-0.6632303972
0.7172932503
0.7943164545
1.2460833494
-0.8781214007
-0.0969819875
0.4153875795
-0.7467818225
-0.6884669686
-0.7790223458
0.5011034221
1.0735061496
-0.4235755854
-1.3772811187
-0.6565488511
0.0108121119
0.5642042222
0.2799459804
-0.3931160699
-0.0459867210
-0.0430106921
-0.0553029424
-0.8459270181
0.7910784478
-0.6401566635
-0.5988237558
0.0305544304
-0.5307124079
0.6270544338
-1.5574068936
-1.5614163174
1.2039027293
0.5744820886
0.1367061997
-0.2669553288
0.0705078180
1.9599564495
-1.0740538199
-0.8856773809
-0.9185568076
0.4060305460
0.2336707592
-0.4849538309
0.3240785109
0.6443192750
-0.1226949804
1.6259650194
0.2114191149
-1.5381916017
-2.4750657904
-1.0453713003
1.2504887038
-1.1635295624
0.3065617206
0.1006316999
1.2415699846
1.2470714279
0.3164085395
-0.2386951886
-1.6612081937
-1.1675849117
0.4087311370
0.4267052663
1.3675515839
0.7975810557
1.2396530550
0.5269500285
-1.7177692520
0.9046768666
1.4676565611
-0.8404107294
-0.8312550607
0.1287556498
-0.2690663448
0.4813843427
-0.6911955972
1.7957570503
0.6468382644
-0.6600283293
-0.3515131133
0.7775089880
1.1274468801
-0.6930046901
-0.6858615507
0.3608661563
-0.2269831092
-0.6806815056
-0.4997285837
0.0981210883
-1.8461177086
-0.5304752190
-0.8395473419
-0.0664861140
-0.5534786401
-0.7962815131
1.6128727202
-0.7162235844
-2.3043003059
-0.3996402171
-0.7395451396
-1.4076282855
0.7888538300
0.6589746417
-0.1997281767
0.3374999955
1.5158742571
0.5128931272
0.3401876223
0.9789553042
0.2743956458
-0.7829431370
0.2253915971
-0.1687674696
1.2095627348
0.7539715848
0.4731241453
0.2042828729
-0.5658041164
-1.3421757992
0.8508072376
-0.6426639579
0.8857921705
-0.2491432065
0.2420417810
1.4280891328
-0.5375983129
-0.1862304576
-1.7229645443
-1.0033315139
-0.6754874613
-0.0231054065
-0.4009848457
-0.6990673037
0.4669212938
-1.1373112472
0.2142809970
-0.2685705468
0.8619252791
-1.3672239325
0.4646250439
0.4552911285
0.6016560782
0.9246207498
-0.0417345463
0.4599818919
-0.0732283283
0.1702610981
-0.4880433414
-0.3728373913
1.4025461080
0.8470666263
-0.8192744105
1.8732441155
0.3977862100
-0.9682657180
0.3351098154
0.1593706524
-1.4368296921
-0.6844271028
-0.4556630275
0.3359115449
0.8734161864
-0.4805769865
-1.2382768902
0.2240862323
-0.5360003994
0.4603019176
1.5774906288
-0.8758912095
-0.5650022911
-0.3868518555
0.9968178658
