13 3 0.01
14 0 2 1 1 1 2 2 0 2 1 2 2 3 1 3 2 3 3 3 4 4 2 4 3 5 2 5 3
15 0 2 0 3 1 2 1 3 2 0 2 1 2 3 3 1 3 2 3 3 3 4 4 1 4 2 5 2 6 2
18 0 4 1 3 1 4 2 3 2 4 2 5 2 6 2 7 3 4 3 5 3 6 4 0 4 1 4 2 4 3 4 4 4 5 4 6
2 2
3 1
3 2
0 0 0 0 0 0 0 0 0 0 0 0 0
0 0 0 0 0 0 0 0 0 0 0 0 0
0 0 0 0 1 0 0 0 0 0 0 0 0
0 0 0 2 2 0 1 0 0 0 0 0 0
0 0 1 2 2 1 1 0 0 0 0 0 0
0 1 1 1 2 2 2 1 1 1 0 0 0
0 0 1 1 2 2 1 1 1 0 0 0 0
0 0 2 2 2 2 1 1 1 0 0 0 0
0 0 0 1 0 0 0 0 0 0 0 0 0
0 0 0 1 0 0 0 0 0 0 0 0 0
0 0 0 0 0 0 0 0 0 0 0 0 0
0 0 0 0 0 0 0 0 0 0 0 0 0
0 0 0 0 0 0 0 0 0 0 0 0 0
-2.0246200733
-0.1689012289
-0.0003398477
0.4908193512
-0.8448135740
-1.4236297924
-1.7654596369
1.4702235493
0.2285450438
-0.9929506412
0.5488793070
0.3572376425
-0.3592559126
0.3624535244
-0.4203872455
-1.7794243670
-0.4562877324
0.0083060486
0.4807496876
0.1495250422
-1.4085042953
-0.9098513809
0.0492496403
-0.6420504366
-0.3541634214
-1.6303784234
1.3382459091
0.0024233828
0.3188660296
-0.5151628322
-1.3229963819
-1.8700142681
-0.2538721945
0.3704646440
0.2895655160
-0.7188544223
-0.1426871871
0.6605162389
-0.3708519076
-0.2964090848
-2.1621070545
0.3361662216
1.2195893083
-0.7108586953
0.0859639603
-0.1220597332
-0.2442196514
1.0717910324
-0.0884471823
0.0199020882
-0.4995518512
-0.0654768495
-0.4397743966
0.7280760805
-1.2198564353
0.9776047980
-1.0080396126
-0.2200845043
1.1326886938
-0.3869767377
-1.7944678944
-0.5519079583
0.6606341131
0.3214296797
-1.2881855203
0.8569306446
1.4506593523
0.5377047589
-0.0561840237
-0.5216607002
-0.9441833703
0.8462282618
-0.5687689578
0.8166896635
-0.5166347836
0.8221048283
1.1424626392
0.2459926214
0.6898327457
-0.5223428829
-0.2601233465
0.8577497560
0.8054433823
0.5984469689
-0.5198731744
0.0643233359
0.4629104555
-1.2837693425
0.6716156067
-0.7791330244
1.3300848162
0.4082526222
-0.3161802762
-0.7653066822
-1.8193376083
-1.2945465973
1.6396169170
0.5672824442
0.0851930227
1.5647425352
-0.7002954170
-0.8057590348
0.1486943369
-2.8407480909
0.3095083328
-1.3974738557
-0.6350228333
1.1427100705
-0.9135665281
-0.8684072872
0.5492025230
0.0046760813
0.5541015585
0.7003209151
-1.1524663557
-0.1158671452
1.9997144912
-0.8069667364
-0.1134486669
0.7635442889
1.4514295384
0.1301304927
-1.5985890397
-1.2461056210
-0.4020485392
0.6795414178
-0.5391665414
1.3306812172
-0.6587911526
0.3042529523
0.2726856191
0.2664893798
1.1013633648
-0.6008917121
-0.1782776360
1.1615122866
0.2111235540
0.6503300985
-1.3209015076
-1.2944750052
-0.0493120145
-1.0010093424
-0.1428258377
0.0857241354
1.2630715003
-0.8303554217
-0.7607290475
-0.2553016294
0.0152984958
-0.5211139521
-0.5435343800
1.9093765342
-0.0477426687
-2.3456149345
1.0720833509
0.3812191862
-0.4926542450
1.1578354341
-1.5412521156
-0.2510286509
2.2069271857
-1.0709793814
1.8889428868
-0.2671529994
-1.9883378195
0.0306929984
-0.9707229710
-0.0680572299
0.2000963424
0.5563749936
-0.7645942503
-1.2575551000
1.9225248247
0.9340674077
-0.7612726175
1.1797819424
-1.3933878526
-2.6706926861
0.6214064189
-0.7998661669
1.6459321459
0.9558400914
-1.3206252054
-0.3645653623
-0.3695357260
-0.4810343185
0.1385824560
-1.0761105930
-0.0802714033
-0.8461727017
-0.0629264183
-2.0461150839
0.5496357471
-0.6362518776
1.3541879713
1.0917916313
0.2964196199
1.9064834249
0.4209050490
0.9704488480
1.9911287679
0.9013240587
0.4466396387
-0.7118281944
0.4743845986
-2.9615431937
0.3200222393
-2.0149367602
1.0902620805
0.2581328142
0.2854178908
-0.3975709564
1.1954205307
-0.1246416351
-0.5936795322
-2.4748997030
0.4924610868
1.2448033941
1.2945198533
-0.1623391693
1.0536189142
-1.3838589160
1.6637881728
-1.1692483738
1.9519514695
-0.1320816024
0.6898442787
-0.4057896639
-0.1549011240
0.8728045232
0.8319546479
1.1039136793
-1.4511101956
1.4836162503
0.4749788380
-0.5679351445
-1.2633678482
0.4223293637
0.0433348455
0.0237023811
-0.7208844821
2.3020165227
0.5773175266
-0.9238361361
1.0658818491
0.9273742987
1.5914665947
0.3885545841
-0.8734511355
-0.4862829497
2.7549941365
0.1956020046
-0.5654679592
-1.4373730620
-2.2023406745
-1.8555157305
-0.1516297607
1.4066342189
1.0595707736
-0.3400003542
0.4558255641
1.6552851552
-0.2344066015
-0.2210945463
0.2606248323
0.2215128292
-0.4743586617
0.2671535050
0.2110082267
-0.5762128889
0.4608999238
-0.6607204811
0.1034008630
-0.1373825156
-0.2989649433
-0.1535109848
0.3324217017
-0.3640146120
-0.6538469112
-2.7842659366
1.3682132059
-0.2387658669
-1.3534782831
1.3312158208
-2.0332827612
-0.4254100907
-1.4646642830
-1.5026353716
1.2366246436
0.3579439013
0.5080316534
1.2360604747
1.3376979215
-0.2972360522
0.0683854832
0.8422398558
1.4696653895
-0.9824802253
-0.1879215671
-2.3504558551
0.2524724084
-0.1169695798
1.1984085159
0.4831473236
-0.5522127186
0.3618821326
-0.9915023152
-1.2171279234
1.7001829014
0.4546303580
1.0322780163
-0.4826396274
-0.6631149194
-1.7045632184
-1.0178003981
0.5159262094
-0.9940957874
-1.1962212082
0.8690129702
1.1348332323
-1.1869383085
0.7461828370
-0.3890756896
0.8504319008
-0.1052935341
0.5123046318
-0.5098139440
-0.0247199365
0.0775917365
0.9881345502
0.3705294055
1.4419903030
0.4623511395
-1.4562105331
-0.6604455580
-0.0775164814
0.7395856915
-0.3811961345
