18 8 0.18
12 0 0 0 1 1 0 1 1 1 2 2 2 2 3 2 4 3 1 3 2 4 1 4 2
13 0 2 1 0 1 2 1 3 2 0 2 1 2 2 3 2 3 3 4 2 5 2 6 1 6 2
12 0 0 0 1 0 2 1 1 1 2 2 0 2 1 2 2 2 3 3 1 3 2 4 1
13 0 2 1 0 1 1 1 2 1 3 1 4 2 2 2 3 3 3 3 4 3 5 4 4 4 5
11 0 2 0 3 1 2 2 1 2 2 2 3 3 0 3 1 3 2 3 3 4 1
13 0 0 0 1 1 1 1 2 1 3 2 0 2 1 2 2 2 3 3 0 3 3 3 4 4 4
9 0 3 1 3 2 1 2 2 2 3 2 4 3 0 3 1 3 3
9 0 2 0 3 1 0 1 1 1 2 1 3 2 1 2 2 2 3
11 2
2 12
0 13
6 10
12 0
7 1
2 10
2 11
0 0 0 0 0 0 0 0 0 0 0 0 0 1 1 1 0 0
0 0 0 0 0 0 0 0 0 0 0 0 0 0 1 1 0 0
0 0 0 0 0 0 0 0 0 0 0 0 0 3 3 1 1 0
0 0 0 0 0 0 0 0 0 0 0 1 2 2 3 2 0 0
0 0 0 0 0 0 0 0 0 0 0 1 3 3 4 0 0 0
0 0 0 0 0 0 0 0 0 0 1 1 0 1 1 1 0 0
0 0 0 0 0 0 0 0 0 0 0 0 1 0 1 0 0 0
0 1 1 0 0 0 0 0 0 0 1 1 1 1 2 0 0 0
0 0 1 1 1 0 0 0 0 0 0 0 1 2 1 0 0 0
0 1 1 1 1 0 0 0 0 0 0 0 0 1 1 1 0 0
0 1 0 0 1 1 0 0 0 0 0 0 0 0 1 1 0 0
0 0 1 1 0 1 0 0 0 0 0 0 0 0 0 0 0 0
0 0 2 2 1 0 0 0 0 0 0 0 0 0 0 0 0 0
0 0 1 0 1 1 1 0 0 0 0 0 0 0 0 0 0 0
0 1 1 2 1 0 0 0 0 0 0 0 0 0 0 0 0 0
1 1 1 2 1 0 0 0 0 0 0 0 0 0 0 0 0 0
0 1 0 0 0 0 0 0 0 0 0 0 0 0 0 0 0 0
0 0 0 0 0 0 0 0 0 0 0 0 0 0 0 0 0 0
-0.3563920669
1.2729189110
-0.5946544444
-0.5505511618
1.6130719640
-0.5964915965
-1.3348275768
0.9051009792
1.0943557463
0.4770912999
-0.2495198777
0.7011913174
0.8052290641
-0.4980435723
-0.3597826118
-1.7030656363
0.2885525297
-0.9712977456
0.5541566244
-0.0440613226
-0.8794897913
-0.0053918565
2.9204369787
-0.7541608886
-1.3461585254
0.6444542731
1.9481698016
1.0279585179
0.0634025055
0.8602812890
-0.0031732983
-1.8430918749
-0.2337908394
-1.1443498319
0.5085009792
0.6734620773
-0.1325841389
0.1016156643
1.1532391245
-0.6259475508
1.3750931958
0.3129219021
1.0234043989
-0.7005055161
-0.4600378768
-0.1144290533
0.7270471840
-0.2427900310
-1.6376462782
-1.0471532558
-0.3312039667
-0.0051072947
1.1257752270
-0.7211924089
0.0626266536
-0.8337204645
-0.5947927642
-1.8661337439
-1.0589261844
-0.0917575409
-0.7542646659
-0.1955361811
0.9828346898
1.1396498207
0.7198761314
0.1771418708
1.2891570157
1.0496414755
-0.6186777112
2.6790610984
0.3599901120
0.5426920055
0.7376972743
0.0390541228
-0.0317204455
0.2555422139
1.4308645647
-1.1002066908
1.0904575727
-0.0015724556
0.4146480386
0.3130439234
-1.5662107581
0.0400232488
0.2319214797
0.9239003036
-2.4471406379
0.7726314237
0.0683549857
2.0074879375
-1.8413832682
1.3733641811
-1.5934707389
-0.0120058146
-0.1601809053
-0.7261054307
-0.7649125491
-0.2881786771
0.9836160291
0.5547635654
0.9715079596
-0.5910468005
0.7534247871
0.6136357927
-1.7291343370
-2.6509149149
2.3527740197
-0.5007605467
-0.0028941474
0.6263181683
0.6332597346
0.1635537264
-1.7363186197
1.0427764270
1.1029677040
1.1837782072
1.6649233157
-2.7440913769
0.4470984678
-1.4241076330
-1.5035143585
1.0518205988
1.0568563391
0.7557969523
-0.1177774872
-0.1957897588
-0.8988966013
0.2447209684
1.1427111182
0.5036827905
0.9316376129
-0.9160884862
-0.2137621237
0.1164936170
0.8807187568
-0.3324962491
-0.1712794596
1.7720014263
0.2731518151
0.3160648007
-0.3681689546
0.1784021815
-1.0180865186
0.9796262988
-1.2561088496
0.4101525910
-0.8373938738
0.2191239618
-0.4961475736
-1.1399137090
-1.0207670767
-0.0298652549
0.0188691408
-1.2753858360
-0.1083716689
0.4768931315
1.4588526776
-1.4141976102
-1.3728462817
-1.7706316013
0.1410989194
0.4360724646
2.4826714742
0.6056272768
-0.5655029039
-0.2756280602
0.4032948051
1.2070238015
0.2870717883
0.2403604528
-1.3092725727
0.7100517053
0.1457975455
1.4229765183
-0.8004926478
0.7021215290
-0.8193945690
1.3707061821
-1.1251103734
0.5324652399
-0.5056632049
0.5096357876
-1.2840141001
0.8712835428
-2.1471020504
-0.2504163634
-0.0847823161
3.0718177920
0.7771467145
-0.5482184810
-0.3450393410
0.1372123448
0.6767097281
-0.1693808950
-0.7029016998
-0.9451951515
0.1007055901
-0.8164576406
-2.3796039080
-0.4185114171
-1.4019409419
0.9365844497
-1.6637766768
-0.0731883832
0.4311170863
0.2691951378
0.2104488281
0.4710293330
1.0585012176
0.3508186115
0.3914055772
-2.3041243940
-0.0021234877
-0.1364027209
-1.0743607930
0.1486935135
0.1984438140
1.0758043373
-0.2382201679
0.0716923826
0.2471103068
-0.0252516862
0.9419490712
0.9577341849
-0.2459640436
-0.2991974666
-0.3271983122
2.3610391202
1.2113775657
1.0146711832
-0.6183697821
0.7504314430
-0.8427128945
-0.1124690332
-0.1463625537
0.8026456698
-0.1955392596
-0.0114677571
0.0793790551
-0.8699399617
0.5544164295
-1.5283822412
-0.2437895621
1.0242247815
0.0865500040
-0.2695836139
0.0014769500
-0.3729610971
0.0309090626
1.6602295354
1.2805706306
0.3069421827
0.2460465775
1.4695868807
0.0308546105
-0.6627653802
-0.1723357895
0.2899341014
-0.3119555737
-1.0351727926
2.0309993322
-3.2999820915
0.3770708591
-0.3321185339
-1.9272106481
-0.1269731616
1.2075537551
-0.9458895027
0.9908303698
0.5667777156
1.8784630071
0.7093144368
-1.6237186740
-1.4422239981
0.0667576823
-0.0276037551
-0.6006443313
-0.7807955079
-0.3719063470
1.2399760492
0.8165720122
-1.3268683113
1.6567381550
-1.7984077107
-0.9419398723
-0.5379409160
-2.0761522069
0.0249032645
-0.8491645080
-0.6820510843
1.7053919571
-0.9978606250
0.4284200024
1.1443244175
-0.9959027269
-0.5209648474
-1.5344578113
-0.4731236269
2.0101283618
0.3730986312
0.0390281006
1.2407644916
-0.6982307324
-0.0995697858
0.4415887490
-1.1155519431
-0.0705960099
-0.4524306245
-1.8397939580
0.0088819280
1.2884640512
-0.1490735346
-0.0931910784
-0.2228562038
-2.6818503146
-1.2701532500
-0.6650656793
-0.4148210711
-1.7615410194
-0.0727425018
-1.0786581509
-1.5632316250
2.3219999366
1.7266699070
-0.4065612738
0.2927674825
1.3537875932
-0.5988190681
1.6388651547
-0.5234563015
-1.4322432230
0.2386087062
-0.0668043357
-0.8578124950
0.3863688813
0.0680184240
0.1455351396
0.7198576185
-0.6915333347
0.0494110201
-0.6038768645
-0.5752417383
0.3236086006
-1.1359088745
1.7888371120
1.3893889129
0.7245241292
-0.5216391220
-1.0277696107
-1.0264848650
-0.1395575523
2.4834463812
-0.3942913688
1.0644870663
0.3179715213
1.8738803148
0.8420933870
0.2574070492
-0.9381082860
-0.1413462972
-0.8419713676
-1.0768306161
0.1603056519
-0.0798669362
0.3365571350
-0.3064206892
1.0262757233
-0.7340713570
-0.8982917685
0.9158238910
0.6389059086
-0.5441749527
1.0260602087
-1.0796404641
-0.9041937000
-0.1411432569
1.1319305710
-0.1902819579
-0.2596534181
0.3483227138
-2.0549014647
0.3106036382
-0.9229514314
0.1565542333
0.5566208752
1.4635577938
-0.5225416356
1.0036316871
-0.7895938223
-2.6043035119
0.5130980311
-0.7886040570
-1.4792313257
-0.8602881125
1.1130326450
0.1191251114
-1.0446264255
-0.9503548318
0.2027396363
-0.4239869033
-0.4802393395
-0.2095435298
1.3008023806
0.0924808966
0.1616940403
-0.6329980953
-1.3356772066
0.7287154918
-0.2343737089
-1.2622934232
-0.4033444764
-0.6011706935
-1.0434061965
-1.3217338914
0.0468180206
0.0541373522
0.1530958664
-1.4228514251
-0.2001765509
0.8881979503
-0.0796246690
0.6124435625
1.3670566076
-1.3203120658
0.5615174359
-0.8843907300
-1.3000393017
0.7404387051
-0.8058843386
1.9199180241
0.1062174555
1.0040006234
-0.6662634902
0.5203679178
-0.1658777402
2.3100590814
-0.1993403057
-1.0043337652
-0.3028297147
0.1891993174
-0.6448835610
-0.2489304903
1.1228401167
0.1795621760
-0.4778865311
0.5064586373
0.6694853634
1.2686414374
0.4345977897
0.1852284253
0.5902856229
0.3800579582
0.3406232913
1.0729938036
-0.2474919547
0.8578063856
1.3297101634
-0.0941589806
-1.8039118349
-0.3631001137
-1.4277863323
0.3793835189
0.3973105935
-0.3369065924
0.1520738177
-0.1580309604
-0.5091907020
-0.6479207258
2.2520352130
-3.0163593967
1.3265898755
-0.3423483899
1.4588763653
-0.1678300133
-2.0619519785
1.3962690383
0.1080403089
0.4233409869
-0.1746534678
-0.9805017467
1.4558608244
1.3040210071
0.4839046386
-1.3123018521
-0.0366811783
-0.4387052922
0.6099709752
1.4305374293
0.6589431015
1.1999642043
0.3925550667
-1.0804061741
-0.3229995800
1.0071050565
0.3248302674
1.6749259348
-1.0764584036
-1.3709784167
1.7051835586
-0.4111232064
-0.6661051126
-1.0100272572
1.3878020478
0.5725900923
0.9144670480
2.5424773155
0.1418041166
-0.3007292557
-1.3302081496
0.3148399778
-0.2199785219
2.2561318142
1.3833360048
1.0066870805
-1.4796933604
0.5024778410
0.6683001928
0.8385464884
0.2659267072
0.2443802208
0.5693848997
-0.1452819024
0.4355128384
-1.1419242374
1.5305649383
-0.4520288896
0.4936495537
-1.5636569778
-0.6290265427
0.2516919711
1.2799531273
-1.3256062958
-0.6373408280
-1.6643372628
-0.7572936150
-0.6022407758
-0.4841858614
-0.1290267828
0.6575295217
-0.8115659000
-1.3979523589
-1.3788102384
0.0873983846
-0.1556184213
2.1012591884
0.3847697418
1.3875614518
-0.5650814063
-0.0404806551
-0.3257891475
0.7313325983
-1.0747699442
-1.1922370385
-0.8384866976
-1.6660780942
-1.9321437762
-3.3409773136
0.2066555823
0.5036074197
0.7755277974
-0.0064164912
0.1851123874
-0.1969822009
0.3561901285
2.1533692135
-0.0442320737
-0.2229762771
0.1594747741
-1.0686865628
0.7973183144
1.1901865330
-1.0871158371
-1.5621310727
-0.2408250266
-0.1107451558
-1.1002687754
-1.0334813935
1.7839614595
1.2008507098
0.2940852020
-0.2061064942
-0.1823962744
0.6668630358
0.5764674989
-0.9625552301
0.8267128191
-0.5221991655
-1.8352723320
-0.2620855081
0.6935287390
-2.0590467113
0.2622378837
-2.0271588655
-0.8491823244
-0.8235666050
0.6949957483
-1.7812905930
0.2961069394
-2.0890734769
-0.5920408891
-0.5364935220
0.2816164357
0.4238752958
1.8920715361
-0.6810857557
2.3673187636
0.0408082118
-0.6288112786
0.2388832827
0.0117034014
-1.2386318651
-0.3144517038
-0.9348758718
-0.6495784778
-1.3151224996
0.3153109095
-0.4682666676
-0.1555586809
0.3498398963
0.6462776168
0.1525343217
-0.6023235733
1.1321021062
0.2075671419
0.9174212639
0.6338813161
-0.2150161315
1.2080908208
0.1646824991
-0.1058655128
-0.1155944679
0.5931403658
0.9134584014
1.1492199387
1.4643953455
0.9057964365
-1.3554208137
-0.1011400802
-1.0041002679
1.6017083159
-0.7049759835
-1.1919903862
2.4261103542
-0.0518967212
-0.2757598279
1.2059469005
1.4268093725
0.7647378229
