18 8 0.02
12 0 0 0 3 1 0 1 1 1 3 1 4 2 1 2 2 2 3 2 4 3 2 3 3
14 0 3 1 3 2 1 2 3 3 0 3 1 3 2 3 3 4 2 4 3 5 2 5 3 5 4 5 5
5 0 1 1 1 2 0 2 1 3 1
6 0 0 1 0 1 1 1 2 2 1 2 2
13 0 4 1 1 1 3 1 4 2 0 2 1 2 2 2 3 2 4 3 0 3 1 3 2 3 4
17 0 2 1 1 1 2 2 2 2 3 3 1 3 2 3 3 3 4 4 0 4 1 4 2 5 2 5 3 5 4 6 2 7 2
5 0 1 1 0 1 1 1 2 2 1
14 0 3 1 3 1 4 2 0 2 1 2 3 3 0 3 1 3 2 3 3 3 4 4 2 4 3 4 4
6 10
4 6
1 14
2 3
4 12
3 8
6 2
6 12
0 0 0 0 0 0 0 0 0 0 0 0 0 0 0 0 0 0
0 0 0 0 0 0 0 0 0 0 0 0 0 0 0 1 0 0
0 0 0 1 0 0 0 0 0 0 0 0 0 0 0 1 0 0
0 0 0 1 1 1 0 0 0 0 1 0 0 0 1 1 0 0
0 0 0 0 1 1 0 0 0 2 1 0 0 0 0 1 1 0
0 0 0 0 0 0 0 0 0 1 1 1 0 1 0 1 1 0
0 0 0 1 0 0 0 1 0 2 2 1 2 2 1 2 1 0
0 0 1 1 1 0 1 1 2 2 2 1 1 2 2 1 2 0
0 0 0 1 0 0 0 0 1 1 1 2 3 2 1 1 0 0
0 0 0 0 0 0 0 0 1 1 2 1 2 2 1 1 1 0
0 0 0 0 0 0 0 0 0 0 1 0 0 0 1 1 1 0
0 0 0 0 0 0 0 0 0 0 0 0 0 0 0 0 0 0
0 0 0 0 0 0 0 0 0 0 0 0 0 0 0 0 0 0
0 0 0 0 0 0 0 0 0 0 0 0 0 0 0 0 0 0
0 0 0 0 0 0 0 0 0 0 0 0 0 0 0 0 0 0
0 0 0 0 0 0 0 0 0 0 0 0 0 0 0 0 0 0
0 0 0 0 0 0 0 0 0 0 0 0 0 0 0 0 0 0
0 0 0 0 0 0 0 0 0 0 0 0 0 0 0 0 0 0
0.4703915633
0.8948298954
-1.4113426602
0.2482050665
-1.9846927354
0.2969348964
-1.2684217723
0.7005622836
0.3961212370
-0.3201135990
-0.2489267868
0.5191740443
-1.6035931526
-0.0319414020
-1.9247805980
-0.8895380456
2.0395530887
-1.6290678793
-0.0315417159
-1.0288749927
1.3094229599
-0.2074645552
-0.7563637157
-0.4175648934
-0.0756504055
1.5100246845
0.3001763512
1.6955517595
-0.3271520451
0.0393854292
-0.9778451986
0.2673427345
-0.6432817158
-0.2124463817
-0.8513341508
-0.7166588570
0.3482220364
-0.5668261657
-0.5802688712
0.3732318841
-0.1298205914
-0.8417294914
-2.3295922038
-0.6065670191
0.4046886290
-0.1245824255
-0.4704400381
-0.3564431122
0.5233051599
0.4162316022
-0.5728137465
-1.3246472942
0.5687059682
-1.3916349235
1.3486917004
1.3891548462
-2.2728585568
0.2497742871
0.9036849555
-0.0447660407
-0.4122231231
0.4039988285
-1.5350597538
0.1227512100
-2.2499878495
-2.0342622665
1.4541184275
-0.4681707178
1.6320064130
-0.3372613241
0.6430522602
-0.0914771979
-0.9911963011
-0.8224233248
-1.6624635690
-0.4955037833
0.2939860138
1.0390795794
0.6458310273
0.6014472504
-0.7304269116
0.6993860508
-2.1607311368
-0.6913237901
0.9717455476
0.7953879106
-0.3452281696
-0.4561071822
-1.1073895144
-0.8266745678
1.5371563219
0.6044777863
-2.2513651160
0.5377993329
0.1781234488
1.7595363149
0.2656383290
0.2821604518
2.4021739292
-1.4026558556
0.1133783991
-0.0569233378
1.2991055973
0.6227260338
-0.1091540514
-0.8560887595
0.9952186202
0.5130689354
0.5138727532
1.3552820565
-0.3867399256
-0.9834224935
-1.6004480344
0.8974784071
0.6807007356
-0.9156848318
2.2531314410
-0.4816576000
0.7389854845
1.3797052847
-0.6963118264
-0.3872038078
-0.7102184387
-1.4338212293
0.9758155037
1.5895196317
-1.2017345604
2.5576567042
1.9805804643
-0.1162658655
0.6812487224
-0.4246606135
1.1194589954
-1.8058561339
-0.2954038843
2.0350960259
-0.1289539996
-0.7324848215
-0.5145826940
-0.2368748853
-2.1120500776
1.7236225723
2.5723805069
0.4717187320
-0.6151873430
1.0237934516
-0.1441057365
-1.0138845343
-1.0342823512
-1.3352053649
-0.1813213827
0.1150904517
2.2147151483
0.8370122127
-1.5402031204
-0.5656884020
0.8764460157
-0.1050967135
-1.9325829617
-0.2063198478
1.1673406140
-1.1951738013
0.6508222606
-0.5678254804
-0.4528347202
0.3802593428
1.0575596395
0.6816675050
0.5224448327
-0.6772814117
-1.1538336718
-0.5344369364
-1.0877070618
0.4044866491
0.6814224012
1.1377101322
-0.8616119599
0.0937667575
0.6912986507
-1.1343995299
-1.9239997432
-0.6947261003
0.2747605979
0.2366849390
-1.0409542107
0.2611317861
-0.2683725542
0.3048902928
-1.4308115857
-0.6264471898
-0.3261680074
-1.4044478180
0.8238712600
0.6741615174
0.1160352954
-0.0196211285
0.3088998120
1.5948778345
0.6695913815
0.5434996533
-0.5564707386
1.3506231751
0.2074552953
-0.3040235492
-1.2802364689
0.5837552295
0.5875154097
-0.5406541062
1.4108308492
0.0406263053
0.2847570957
2.0782398905
0.9844852618
-0.2596854715
0.2503655069
1.4705845122
-1.1384690209
-1.0260631508
0.0960458529
-0.1984933305
1.1182699019
0.6006183977
0.5928208403
-0.0994388839
0.8257171066
-1.1775056978
1.9765032186
0.3733658228
0.1071015005
-0.5411239534
-0.2104746191
2.6903575607
0.3929714509
0.6566410619
1.2958751309
-1.4358524444
1.5805296856
-0.5262586606
-1.5048896650
-2.7358219947
-0.4731509875
0.5569021149
-0.4425862433
-1.3726682978
-0.5039406502
0.5922039633
-0.1579800219
1.2371813094
0.6627079410
0.3554442026
0.9794026331
-1.9565435712
0.1940491512
-0.4878551585
-0.0306607930
0.8237824883
-0.7930712869
0.5561657232
-0.0785242499
-0.2928032980
1.0330185923
-2.2650552727
0.1486306929
-0.1838508186
1.5435820707
-0.0602682454
1.2335202022
-1.1036992033
-1.6839244764
0.5192929749
1.3617703640
1.3584963935
-0.3178684501
-1.5942568287
-0.2765912465
0.1665719248
0.7062530180
0.6700520598
0.1160746515
1.1106108915
-0.6799976123
-3.1833272765
0.3828762240
-0.8767428102
1.0772512464
0.6217719020
-0.6951383083
0.1778428914
0.6943771877
1.3191048950
-1.2550228166
-0.3141181894
1.0730737331
0.4024874007
0.5351074573
0.5674373083
-1.8432606522
-1.4891761609
0.5902648078
0.7227026452
1.8618374857
-0.4325415139
-0.0356217432
0.8568697822
-0.6915184730
-0.1523652188
0.8332705103
0.7334104075
-1.6397493284
-2.1639617645
1.1763714579
-0.6110872792
-1.3168829041
0.6052685363
-0.9262706711
-0.4984930420
-0.3622758921
-0.5566000102
-0.9985165537
-0.3962110594
-0.4374561222
-3.2210979708
2.5193883571
-0.2102435610
-1.3030601084
0.8747966846
-1.1584793098
-0.5185151342
0.4555123982
-1.1783842253
-0.2633081869
-0.5531945884
0.0041928648
-0.8975248996
0.0238704566
-1.3065889022
-1.1825649535
1.3518248588
0.7302656938
-1.7022730655
-1.5668149024
-1.5645005032
-0.8006608860
1.6433500127
0.9360646870
-0.6797319421
0.3386935097
-0.7409745592
-0.0644479472
-0.2605720767
0.6373931728
0.0809467698
0.5200675264
-0.0683305362
0.3816533784
1.3352135677
-0.8999592351
-0.0066691660
-1.5470488240
-1.1265372570
0.5366965333
-1.8922376015
1.2030509686
-0.1255465419
-0.0163363549
1.0828766525
-0.5230362466
-2.0008108913
0.2119034102
0.3826166794
1.0265861689
-1.2440716790
-1.5741439987
0.0545464942
0.4834719778
-0.0628331409
0.1215997442
1.3652810316
0.3711298500
-2.2699121795
2.0601325447
0.3610430511
0.2476878718
-0.7090017277
-1.5795450774
-0.2810100579
-0.0680108353
0.1435331347
0.6011479207
2.4946532048
-0.1437733002
1.2261227859
0.5562592509
1.3767905117
-1.5176237908
-0.8186703960
-0.4544689939
0.5483585605
-1.4281905948
1.6610992720
0.3791660829
0.4418311139
-0.5369483710
-0.0394032773
-0.0397371109
-0.1598821640
0.6194747533
-0.2094200590
-2.0667763792
1.1361169616
0.4865666931
-0.4386902504
0.1003232901
-0.0908718313
-0.4917240817
-1.5534945254
0.8011055743
-1.5564240517
-0.3069937146
0.5432929058
0.4223844391
1.6171276811
0.6120207904
-0.8559982216
2.4824330862
-0.8232006413
0.2589800730
-0.8607452529
-1.3889935911
0.6533147293
1.7466947425
1.7625926504
0.9795168169
0.7767425594
0.6243747724
-0.7817417562
-1.0082765139
-0.1521775711
0.9587674130
0.7851093052
1.8424812301
-1.1733012426
1.6860981761
-0.0661230267
-0.3671973577
1.1083176060
0.1897824936
0.0924829362
-0.6693465267
-1.3967351367
0.4732163847
1.6072138463
1.2673466282
-0.8987893560
-0.5182910958
-1.7063709969
0.4552865181
-2.0723236455
-0.4364054830
0.8514432476
0.9867450777
0.0111107464
0.8710328824
-0.7868608983
-0.4680302376
0.1135989195
0.6752852282
1.3213396892
0.1530514897
-0.1112790646
-0.6523996033
0.2239079379
0.4607032074
2.0003719265
0.0018383884
0.9273776487
-0.3915695024
-0.8359038332
0.5777662929
0.8092434703
0.7546659296
-0.5425299201
1.8034493289
-1.0359481912
0.0068506908
-0.7542481049
-0.3012029551
0.9734292349
-0.3130330934
-1.4872286789
-0.9634364019
-1.1312918458
-0.3902712855
0.4793990479
0.7412235349
-0.5740830882
1.8369219879
-1.4608708141
-0.4928308380
-0.6656174578
0.7672320602
0.7795999798
2.7918257894
0.3204461735
0.3144134951
-0.4412045152
-0.1648805645
-1.4134805486
0.0035677853
-0.3685870632
-1.2385720369
1.8674066763
0.0223530385
-0.4727491886
0.7472314173
-0.9011492517
0.2239117057
-0.9172119955
2.6214552184
-0.0333127538
0.3660792677
-0.9684306514
0.0318158615
-0.5884135053
-0.5730729899
-0.0742117783
0.5627620588
0.6544127782
0.2058326870
0.3599466887
-1.4646892230
0.1388413070
1.0118292958
0.8165562134
-0.3387549138
-0.1453582826
-1.1517721761
-0.8107640260
-0.1270572616
-1.2026068681
-0.0327780359
-0.5574879544
-1.3269611606
-0.4659617828
-1.1140865124
-0.5900634147
1.3785304593
0.5785836654
-1.5308083072
-1.0465590602
-0.0129660398
0.7834512679
2.3126615709
1.1324388215
0.3541027241
0.3584594402
-0.1903289235
-1.2114531365
-0.0036716217
0.0882818297
0.4387733649
0.0860431870
0.5586068119
-0.1589899034
0.0456249101
0.8243438664
-0.4233672000
0.4880254603
0.5473475425
0.7475211038
1.9395953506
0.2743125069
-1.1254293699
1.9891142254
-1.1246181419
0.0062801234
-1.0637172900
0.2691551611
0.4664796227
-2.1845828975
-0.0130965864
-1.3456233489
0.3871056672
2.0535920868
0.1959414206
-0.0103999427
1.4155884938
0.4601684771
0.7808412598
-0.4599725085
0.4874662544
-0.2040042865
0.9515466495
-0.4321318985
-0.4932865236
0.0166314095
-0.0866218225
0.0163194341
0.2340645610
0.3871692228
0.0819422518
-0.6660535716
1.0285385867
1.1815250951
0.9186724201
0.7644575588
-0.8104609069
0.2183335719
-0.0751407438
0.2575093574
0.4711102100
1.6992357147
-0.9813432510
2.1861083307
-1.5040840565
0.4287754393
-0.8541223378
1.7492830018
-0.2329094634
1.3012189389
0.4209467416
0.6400296038
-0.6501254489
-0.2714694700
-1.0274527803
-0.5210241236
-0.4671279759
-0.1208349742
0.0470690768
-0.8426713291
0.5888284753
0.4411926470
-0.7657674873
1.3440239446
-0.9708204845
-0.4505817603
-0.7740843395
1.8043869671
-0.8309490639
-0.1189690151
-2.4548480705
-1.3588794489
-1.7801639270
0.4801688658
0.0565438385
1.8537604095
-0.8801480452
-1.8101696991
