15 10 0.10
8 0 2 0 3 1 2 2 0 2 1 2 2 2 3 2 4
8 0 0 1 0 2 0 3 0 3 1 3 2 4 0 4 2
8 0 2 1 1 1 2 1 3 2 0 2 1 2 2 3 0
8 0 0 0 1 0 2 1 0 1 1 1 2 1 3 2 3
8 0 1 0 2 0 3 1 1 2 1 2 2 3 0 3 1
8 0 2 1 1 1 2 1 3 1 4 2 0 2 1 3 0
8 0 1 1 1 1 2 2 0 2 1 2 2 3 2 3 3
8 0 3 1 0 1 1 1 2 1 3 2 0 2 2 3 2
8 0 3 0 4 1 0 1 1 1 2 1 3 2 1 2 2
8 0 0 1 0 1 1 2 0 2 1 2 2 2 3 3 1
5 5
6 5
6 2
11 4
3 0
7 2
7 11
6 4
7 2
2 5
0 0 0 0 0 0 0 0 0 0 0 0 0 0 0
0 0 0 0 0 0 0 0 0 0 0 0 0 0 0
0 0 0 0 0 1 0 0 0 0 0 0 0 0 0
0 1 1 1 0 1 1 0 0 0 0 0 0 0 0
0 1 0 0 0 1 1 1 1 0 0 0 0 0 0
0 1 1 0 0 0 1 1 1 0 0 0 0 0 0
1 1 0 0 1 1 0 2 0 0 0 0 0 0 0
0 0 0 1 3 5 3 2 1 1 0 0 1 0 0
0 0 2 3 4 3 2 0 0 0 0 0 1 1 0
0 0 2 2 1 1 2 1 0 0 0 1 1 1 0
0 0 1 0 0 1 0 1 0 0 0 0 0 1 1
0 0 0 0 1 1 1 0 0 0 0 0 0 0 0
0 0 0 0 1 1 1 1 0 0 0 0 0 0 0
0 0 0 0 0 0 0 1 0 0 0 0 0 0 0
0 0 0 0 0 0 0 0 0 0 0 0 0 0 0
0.4339122041
-1.6055120596
0.5579462574
-1.3855611973
0.9707361929
0.7322873827
0.0936822949
1.5688480764
-0.7794796231
0.4543294132
-1.3004776576
1.0020568544
-1.1138483353
0.9694584845
1.0381759661
2.0330147568
0.7679001523
0.8681794982
0.3857001929
-0.3157621900
-0.5026641863
0.2982083575
0.1370828776
-0.5116100513
-0.2764645497
1.4558985141
0.1633447625
0.4797738801
-1.2766332619
-0.5773363190
-0.3322820528
-0.5213343105
-0.2742170066
-0.1384940036
-0.0776542634
0.2880900518
-0.5581859511
0.7629830555
-0.8298956110
0.1738017926
-0.8303978628
0.8331378541
-1.3536493108
0.0409466551
-0.3132326325
1.6104747383
-0.8164861727
0.0608805315
2.2298072163
0.4385164685
1.3467679520
0.9160682288
-0.0181687165
-0.9790126582
0.8398513590
-0.6261841577
0.6362435226
0.7379689874
-0.6650032593
-0.3404674823
0.6821316162
1.2533104500
-0.4004575986
0.6584006355
1.4610979049
-0.5236361880
-1.1545053490
-1.0759545010
-0.2439119812
1.4782483738
0.0582851856
2.1447771661
-0.9940457867
0.6906040125
-0.7105693034
1.0941108556
0.7744266583
-0.5067669146
-0.5358077625
-0.6835668815
1.3175743450
-0.7339934787
-0.0396733980
-0.2195119176
-0.5592062141
0.5525745143
0.7806915326
-0.2157744492
0.4306187233
1.3329264160
-0.1403158750
1.8982945765
-2.0811062477
0.3279564656
1.1600907844
2.1800657644
0.6596120521
0.0349365485
0.7706935410
0.2723069669
-1.3654992629
1.6748034916
-0.3480742269
0.9130631311
-0.8132047378
0.7692234664
-0.1773382426
1.2952803611
-0.0935178154
0.9538566360
-1.7593811245
-2.0429721627
-1.1676615948
1.2714222499
-0.0336774152
1.7932688438
-1.6307132067
1.0435949737
-0.6901996966
-0.9670374684
-1.4686585796
-0.5648629370
-2.4048362531
-1.0631387632
1.4973658786
-0.2766234562
0.1085284025
0.6591146933
-0.4050852201
1.0885833267
-0.1020614124
-2.6658996677
0.8062437060
0.8654310705
-1.1047506673
-0.3516056431
0.1763669449
-0.0929461931
-2.2081796630
-0.1579291335
1.7765197530
0.4524181972
0.9121230896
0.3053771655
0.3188740310
1.1788358998
0.4698304527
0.0043229697
0.0636067031
0.3120990701
0.8028125736
-0.7747548940
0.5532284043
-0.7378154507
-0.2880384967
0.1584716828
-1.1903163240
0.2388341410
-0.8978978392
0.5404402732
-1.1789439139
-0.7938749704
0.7866282123
-1.8661257185
-0.2872551527
-0.4494327695
-0.5315169508
0.9722340793
-0.8783801051
0.2646474008
-0.5674687769
0.5007999282
-0.1654346213
-0.0169210636
2.2700661894
0.7224793101
-1.2037934688
-1.0592085539
-0.6441562421
1.5834277393
0.8970705953
-1.3910777090
1.5594426021
-0.6203518658
0.0152922255
-0.5022577476
-0.2437558280
0.2658925622
0.0292978000
0.7785403668
-0.1762565513
-1.0960270237
0.0937810331
-0.1479670066
-1.6279984590
-0.3698248559
0.3519471183
-0.6421896115
-0.0523045029
-0.3578086890
0.1607871384
0.1004297738
0.6668541227
-1.4907547675
-1.3511900404
0.9326820250
-0.7632665485
-1.2572617092
0.0272809110
-1.4916768818
-1.6910173670
0.4986342354
1.6081553192
0.1683616988
-2.3357489972
1.9011630567
-1.0154976160
0.2488316269
-1.8627653524
0.8429752794
-0.6908578358
0.9647297477
-0.4719288929
-0.9937933346
-0.9179179754
-0.1375656239
-0.7713568674
0.4081361126
-0.2385430074
-0.2529036781
1.1467571398
1.2002251149
0.2254420982
0.6488783031
-1.8143964130
-0.5249487464
1.2349595093
1.4903094199
-2.3348241609
0.6039354861
-0.0002326201
1.2464161281
-0.7140365928
0.1987756035
-0.3244852193
-0.7257832547
-0.3614734323
1.0639042759
0.1450580300
1.9904981151
1.1920084707
0.3144989614
0.4611834381
1.3697886226
0.7701694052
-0.3018074507
0.3778368507
-0.4755895034
0.5480581128
0.5143400634
2.0626839165
0.2235925139
0.0838820685
-0.8518648526
-0.1985655911
1.0191166323
1.6813062653
0.9595514802
-0.7485139170
0.2522496680
-0.0318849694
-0.5850502037
-0.3921405243
0.1609402444
-0.7229244169
0.2287998858
-0.3497671000
-1.8696235995
0.0538875689
-0.3570842280
-1.0570363337
0.8568298775
0.7458041603
-0.4068633128
1.8523533329
1.0149404324
-0.7781887012
-1.7660069596
-0.6405206315
-1.0798040094
1.4853095302
0.2791633913
-0.7577376547
0.7100271485
-1.5230018461
-1.5070715820
1.1381102598
0.8125559977
0.9301645495
0.6828400369
0.4100460197
0.0216686395
0.8804961964
-0.9022458405
0.3556852217
-0.1985350824
-0.0842350116
0.7701133885
-1.8829506325
-0.0553797024
-0.7484868069
-0.6471303198
0.1827550745
1.0288435069
0.5553746941
0.7696100747
-1.6277696863
2.1562786316
-0.2135416978
-0.3403075300
-1.0198781625
0.0588072425
-0.8420754626
0.4499004117
-0.0102996762
-0.2887251563
-1.1651281242
0.5439904114
-1.4783864073
1.8042783050
2.6094917451
0.7913942053
0.0842295655
-0.7426332594
1.0808759134
0.0223566612
0.8694051590
0.7812878236
-1.1025930228
0.6574425700
0.8304608895
-0.5910105905
-1.8268284484
0.8202303465
-2.1086664508
0.3885978821
0.3109554877
-0.5335735951
0.5459955601
0.2626436925
1.6858811116
1.3196202755
-0.1711736481
-0.9899986280
3.0509526289
0.2128906628
0.2473489130
-1.7632129400
-0.1689760238
-0.3888224534
-0.7923182265
-2.3354839755
-0.2044623043
-0.5958746239
-1.0463363602
0.3767108204
-1.1687908609
0.7609937311
-0.0561153728
-0.8454288818
0.2149974883
-0.2239914488
2.2358408327
-2.6361931751
0.8755589351
0.9007116646
0.7207291012
-1.4991291097
-0.7724186333
-0.0282039235
0.9473653763
-0.0901917922
0.8298208663
-0.3281250886
0.0752056452
-1.2155456413
1.1927034184
1.1458081351
-0.7231997376
-0.4784018959
-0.4276358951
-0.4094129711
-0.0433802757
-1.7097878670
-1.5375550183
0.5386646903
-0.6219105410
2.3298485046
0.3980748104
-0.5697582867
1.6231420132
-0.3910093168
-0.0457338722
0.2868358319
-0.0653719739
-0.3477746250
-1.3410409837
0.6947061323
-0.2502810259
0.4784457003
-0.1529055760
1.1521003562
-0.1140881156
-0.1518503754
0.1177962851
0.9878306067
-0.5309871973
-0.6562252111
-1.5368873623
-0.3187465974
-0.8509539944
1.4253169835
-0.1305286801
-1.1454456284
0.3929653190
0.1913846436
0.1485524671
-1.7013753609
-0.4587047723
-0.2995554757
0.5435260000
-0.6282941994
-0.7767925824
-0.3041429312
-0.7426639083
-2.6401617635
-0.7370049628
0.8711934451
-0.8575673376
1.2865612322
-0.6257919881
0.6346584564
-1.2088086869
0.9323941317
-0.0128321509
1.5497594935
-0.7442891733
1.0501710423
-0.7601763429
0.4056210795
