16 12 0.18
7 0 1 1 1 2 0 2 1 2 2 3 1 4 1
6 0 3 1 1 1 2 1 3 2 0 2 1
6 0 1 1 1 2 0 2 1 2 2 3 2
7 0 0 1 0 1 1 2 0 2 1 3 0 3 1
8 0 1 0 2 1 0 1 1 1 2 2 1 2 2 2 3
8 0 2 0 3 1 1 1 2 1 3 2 0 2 1 2 2
8 0 1 0 2 1 1 1 2 1 3 2 0 2 1 3 1
8 0 3 1 1 1 2 1 3 2 0 2 1 2 2 3 2
7 0 1 1 0 1 1 1 2 2 1 2 2 3 2
6 0 0 1 0 1 1 2 0 2 1 2 2
7 0 0 1 0 1 1 1 2 1 3 2 2 3 2
8 0 0 0 1 0 2 1 1 1 2 1 3 2 2 2 3
6 11
1 1
4 4
6 8
13 9
11 11
8 4
7 3
12 13
11 11
3 7
7 1
0 0 0 0 0 0 0 0 0 0 0 0 0 0 0 0
0 0 0 0 1 0 0 0 0 0 0 0 0 0 0 0
0 0 1 1 1 0 0 0 0 0 0 0 0 0 0 0
0 1 1 0 0 0 0 1 0 0 0 0 0 0 0 0
0 0 0 0 0 1 0 1 1 1 1 0 0 0 0 0
0 0 0 0 0 1 0 0 0 1 0 0 0 0 0 0
0 0 0 0 1 1 1 0 1 1 0 0 1 0 0 0
0 1 1 1 0 0 2 0 1 1 0 0 1 0 0 0
0 0 1 1 2 2 2 0 1 1 0 1 1 1 0 0
0 0 0 2 2 2 1 1 1 1 0 0 1 0 0 0
0 0 0 0 1 2 0 0 0 0 0 0 1 0 0 0
0 0 0 0 0 1 0 0 0 0 0 1 0 1 1 0
0 0 0 0 0 0 0 0 0 0 0 1 2 1 2 0
0 0 0 0 0 0 0 0 0 0 1 3 2 3 1 1
0 0 0 0 0 0 0 0 0 1 1 1 0 0 1 1
0 0 0 0 0 0 0 0 0 0 1 1 1 0 0 1
-1.1132456740
0.0086003628
-1.5170405291
0.2884937375
0.7058328695
0.1370209171
0.3108425980
0.0954490810
-0.1202928046
-2.0766939272
-0.7763257869
1.0255402776
-0.8737633885
-0.2329745300
-0.1774766183
-0.9068986383
0.2338246568
1.6878277431
-0.4344403815
-1.4315344178
0.1295766066
1.7492828357
1.1416740495
-1.1063651303
-0.4006592316
1.4281015341
3.4628325511
-0.2206094409
0.2334916826
-0.3563074655
-0.8945565474
-0.1965340892
-0.1043004286
-0.8444473031
-0.3434895517
-0.6093781712
0.2118238506
0.3966249080
-0.5517095353
-0.3908477314
-0.1016743558
1.2996779690
-1.2560321142
0.4738641067
1.5587586339
1.1423060518
-0.0897127106
-0.6479182013
-0.9534860419
-0.7624249848
-0.6403341464
-0.7549499221
1.4272362065
-0.2549061520
-1.1117796435
-0.2584381024
0.6565927281
0.7257457445
-1.6926891118
0.0407152235
-1.3303860315
0.6829429929
-0.3847106645
0.3286348777
2.0330002927
-0.4918485469
-0.6189544319
-0.5914468989
-0.0890317182
2.5413287090
-0.6097207616
0.0514699752
0.6402579718
1.1137715278
1.4507430645
-0.6868122373
0.1942309713
-0.7790613225
0.4360535368
-0.1739337113
0.0766285855
0.0735065199
-0.1928336510
-1.1900415818
-1.0945417030
0.2612746985
-0.6731915956
0.2082856921
1.0776867554
-0.1637360147
1.2342915268
-0.2522965149
1.6637353869
0.5207622478
-0.7159023167
-0.6869547861
0.0540536658
2.1820891447
-0.9545331326
-0.8468708935
-0.0368303232
-1.5320505621
-0.4816516099
0.2460450487
-1.0830672225
1.4169506335
1.3383474546
-0.1668972433
0.5991180989
-0.9488779490
0.4575030183
-1.8960646481
0.4838671148
1.3329800999
-0.5232682670
-1.2417514203
1.9645665607
-2.0637148352
-1.1630144605
-0.3314201045
-0.3464630850
-0.4992269750
-0.4835774661
-0.5247602589
-0.4408545389
-0.8769815160
0.4466710777
-2.1199277700
-0.3550286533
-2.2494764201
-1.0319653981
0.6735391640
0.2068098622
0.4969606016
-0.6618366987
-0.6759060141
-0.4832460064
-0.9131734790
2.1909801103
-0.9799547506
-0.8927169368
-0.4639761579
1.5711420346
-0.5037507069
0.1308536204
-0.3109364549
1.5410040175
-1.9736229008
-1.0706168173
1.4442523020
-0.1926721558
0.8473926456
-0.8348129558
2.6111397306
-0.3538887857
0.1070148801
0.7717231902
0.0805504989
0.9171338150
-0.2402332402
1.0355151888
0.0180953291
-0.7610564163
-0.0437274291
-1.0081558200
0.7798003274
1.3463462528
1.0740430946
0.2065328886
1.3704256843
-0.4114490161
0.0463478834
-0.2080074176
-0.9898951185
1.6830031293
-0.1294156867
1.8678970688
-1.1061564144
0.8029490106
-0.6264900105
-0.5175690557
0.6231635332
-2.1529514110
-0.1003685738
-0.5822115958
0.7526865799
0.7637638626
-0.5251887361
-1.1044964175
1.0285025873
-0.3413195270
-0.4830332063
1.0692357772
0.1062118524
0.3445064099
0.3151459827
-0.4351750025
-0.9401750960
-0.7595147168
0.0626341859
-0.1184971406
0.9906122583
0.4487733815
-0.3454732810
0.1591169303
-0.1189217396
0.0056614270
1.1008405728
1.1934205898
1.1809147858
-0.3145749348
0.5707461922
1.6911952858
-0.3801432577
-0.7519354619
-1.1572807237
1.7452042445
0.8086449646
-0.9951246790
0.1221151540
0.5592763882
-0.9516730880
0.7301177315
1.2793956399
1.5904222121
-1.2802400898
-0.3008228826
-0.3048450435
0.8721920314
0.9164667496
0.7837709267
-0.2534522710
-1.1942318640
-0.7173207869
0.3544295569
1.3179162526
0.2122916394
-0.0911479784
1.3754385372
1.9105230130
0.0473001918
1.0705576605
0.2046062595
0.1510394454
0.9268439784
-0.4137744111
0.9017296613
-0.6301542111
0.5803191678
-1.5593858467
-0.2825288535
-1.1129767369
0.3212921633
-2.2688793866
0.6282599423
-0.1679761626
-1.6999213285
-2.1421693238
-0.8479281507
0.6757857283
1.0620865477
0.0737314313
1.1052426006
3.7166971281
-0.1506780412
1.3035912323
0.6114003682
-0.5097470787
0.4061727164
-1.0125112538
1.2289283369
1.0796258470
2.3096753387
-0.8430097399
-0.9583818839
-1.0862076510
0.5152271293
0.5661874395
1.6085515239
0.4948984050
-1.6660508111
-0.6291973938
-0.1955431203
0.6944750653
-0.9578705587
-3.0932955083
1.1633184159
-0.4050131395
-0.1544838837
0.8435689680
-0.3674530788
-0.1289801200
-0.2387150230
-0.3625412633
1.8762864679
2.7267906258
-0.8441425145
-0.5432494107
-1.3662398004
1.2512907475
-0.0092777082
2.2541103845
-0.5006419529
-1.3941959224
1.2612697915
-1.2151100528
-0.1046568957
1.1322558749
0.7188911392
0.8383495052
-0.3316979220
-0.5677009499
0.2263054636
0.6142919968
0.6936923622
-1.5241721730
-1.6226730296
0.4521342911
0.3976575645
0.5561342603
-0.8690367577
-0.2798452735
0.4077134423
-1.1841280149
0.4169757975
-0.0912060931
0.4054816273
1.0340535561
0.5711644773
1.8714953957
-1.3753874981
-1.0144269941
0.2930887137
-1.1855464944
-0.8603073890
0.5610099007
-1.3271973987
-0.1753835759
0.3864974986
-0.2522797242
0.1900883797
0.8903607582
-0.6435702236
0.4857765352
-0.2842757831
-0.2007535712
-0.7414787964
1.1504215390
1.3232236579
0.2949572607
0.8809688110
-0.8741553795
-1.7626283255
-0.5110058886
-0.2258515695
0.2067235107
1.7755500994
0.6499967202
-1.5122681756
1.0312055710
-1.2735203016
0.0924998594
-2.0737302442
-1.2660310235
-0.1493837201
0.7085352473
0.6317523001
0.4159004155
-1.2458618985
-0.4940708329
0.1969262987
-0.7470926053
-0.9034457879
-0.2369614382
-1.6182786282
1.4131394214
-0.3390833738
-1.8166442724
0.9383201850
2.3109052619
-1.7234020448
-0.0592465669
0.1851980545
-0.3637689163
-1.0076138658
1.1370102527
-0.7199512830
1.3360702050
-0.7367970497
1.0542802254
-0.8886335852
0.2646834866
-0.4827167862
0.3118986074
-0.8786418135
-0.3355376871
-0.9570637368
0.2766832582
-1.1194558927
0.9367422959
-1.4744829709
-0.2689203766
0.7957908153
-0.7224453261
0.3402802986
0.3450783711
-0.8864533921
0.9507486631
0.2878182469
-0.1696400706
1.3258998868
1.2123542678
-2.4177087225
1.4872269202
-0.1327859518
0.2207491470
-2.1599079220
1.1835064019
0.5026403899
1.2548853032
0.6279259919
-1.2802547513
-0.3926119372
0.0297528854
1.6116044045
-1.0842972805
-2.0491564450
-0.5939589916
0.2263788883
0.8765460444
-1.1334784226
-0.5253014955
1.3517331882
0.5960622023
-0.7201945401
-1.5339534800
0.5629024960
1.3454319126
-2.2074670959
-0.4287143491
1.0572394877
0.5140402181
-1.6680573561
1.3908903066
-0.1145961411
1.1391960571
0.4256623583
-0.8641073874
-0.6242618770
-1.4290501627
0.0362881839
-0.9598097602
-1.3107779622
0.5873239176
0.8757376703
-0.3509038712
-0.8429512264
1.0285803376
-1.1174540755
1.3489430685
0.5890108303
0.5586771667
-0.1280555565
-0.8179006685
0.4532292196
1.2195573534
-0.9292946419
-1.7016111405
-0.2636063779
-0.1115247368
-0.1155539809
0.1311852820
-0.1687548237
0.5513374401
-0.2372327690
-2.7073130450
0.7145077252
0.3598821064
-0.2764373424
-0.7136440770
-0.1006937831
1.0257235511
-0.4546685830
-1.4333762835
-1.3337409286
-0.4212090320
1.0019828888
-1.4383359278
-0.1250217379
-0.4908246824
0.6618313113
0.6333665569
1.6307011828
0.6104800128
-0.4743535126
1.3444744168
0.5297471130
-0.8305434808
-1.4312370490
-0.4541864103
0.8822107608
0.8216160117
-0.3921967587
-0.0992077420
-0.6344722918
-2.5701035758
-2.4112448765
-0.5704149791
-0.4600920028
0.9098696027
-1.4737094474
-2.3531439581
