16 3 0.20
13 0 3 0 4 1 2 1 3 1 4 1 5 1 6 2 2 2 3 2 5 3 0 3 1 3 2
32 0 3 0 4 1 1 1 2 1 3 1 4 2 1 2 2 3 2 4 0 4 1 4 2 4 3 5 1 5 2 5 3 5 4 6 1 6 2 6 3 7 1 7 2 7 3 7 4 8 0 8 1 8 2 8 3 8 4 9 0 9 1 10 0
19 0 2 1 2 2 2 2 3 2 4 2 5 3 1 3 2 3 4 3 5 4 0 4 2 4 4 5 0 5 1 5 2 5 3 5 4 6 2
4 4
1 7
7 9
0 0 0 0 0 0 0 0 0 0 0 0 0 0 0 0
0 0 0 0 0 0 0 0 0 0 1 1 0 0 0 0
0 0 0 0 0 0 0 0 1 1 1 1 0 0 0 0
0 0 0 0 0 0 0 0 1 1 0 0 0 0 0 0
0 0 0 0 0 0 0 1 1 1 0 0 0 0 0 0
0 0 0 0 0 0 1 2 2 2 2 0 0 0 0 0
0 0 0 0 0 0 1 1 1 2 1 1 0 0 0 0
0 0 0 0 1 1 1 0 1 1 1 1 0 0 0 0
0 0 0 0 0 0 0 0 1 1 1 2 0 0 0 0
0 0 0 0 0 0 0 1 1 1 1 2 1 1 1 0
0 0 0 0 0 0 0 1 1 0 1 1 0 1 1 0
0 0 0 0 0 0 0 1 0 1 0 1 0 1 0 0
0 0 0 0 0 0 0 0 0 1 1 1 1 1 0 0
0 0 0 0 0 0 0 0 0 0 0 1 0 0 0 0
0 0 0 0 0 0 0 0 0 0 0 0 0 0 0 0
0 0 0 0 0 0 0 0 0 0 0 0 0 0 0 0
-0.3297033906
-0.7917302670
0.3665632645
-0.0676945634
-0.4255143601
0.4677116293
-0.2545877107
-0.6835067218
-2.2781819395
-0.5684264623
-1.5842932576
1.0487145466
0.6520496870
0.3531147678
-0.5273976418
-0.6206291200
0.4916137028
1.2406076242
-0.8277727225
0.0977141219
1.3534683427
-0.2852411471
1.1279413394
0.9621475035
-0.9882806074
-2.3437978577
-1.0931490625
-0.4533580519
-0.2768950360
-1.1642573639
0.1151435940
-0.3753061824
-0.6264153526
-0.7500323631
0.8599197255
0.1957131231
-0.7556195286
0.1851705169
0.4537237884
-1.2079880186
0.0370975709
0.2840435030
-1.0588189261
1.4892876960
1.5157834417
0.5034193355
-1.1603309159
-0.6486456156
1.2536724814
-0.4842538459
-0.2338047564
1.7659919252
0.3992496123
1.2388422138
0.3042175098
-1.0792418991
0.0320798456
-1.4087412741
0.3864310036
-1.0145927702
0.8558901509
0.2555664058
0.7410650391
-0.2068516486
0.3833366245
-0.7390326066
-0.0252155999
-0.7266407685
-1.1225061359
-0.9694885049
0.8258091384
0.5733084642
-1.3859336583
0.8768133623
-0.8901455420
-0.6916450582
-0.4589596022
0.2788665888
-0.7180387342
0.5102142289
-1.2388872756
1.6570283886
-0.2099542758
1.1559520539
0.7056020428
-0.4952490402
0.8637844696
-0.8933932810
0.1128121507
0.2495453107
0.2309726856
0.4429878744
-0.6978292548
0.8365356561
-0.5558534369
-0.4261844568
0.1541881674
1.8166181765
-0.9204871796
1.8478322697
0.6846093105
0.0398422321
1.6105275542
0.4644804724
-0.2213687283
-0.2557040219
0.0765413724
-2.5001892827
0.4918806058
0.0072578061
-0.3892797288
-0.5886588551
-0.6778673763
-0.4384289464
1.3585638040
-0.8998196734
0.3883401866
0.0117261641
-0.4585574164
-1.4522891322
0.2700408075
-1.7503761310
0.6798052624
1.0260934274
1.8507929063
-0.9274225219
-0.0111440666
1.0122981215
-0.4754922451
0.5821159016
-0.7441683978
0.2099884911
-1.0207903949
0.9573193053
0.6078536061
-0.9994644875
-1.5428701797
-1.2904578877
-0.6254579869
1.1223628815
-0.0979648992
0.0370869462
-1.0745450490
0.4277869042
-1.2990763678
1.4643868969
1.2307886121
-1.3161412257
0.7804260961
1.1047224617
0.0791188953
-0.1636596959
-0.5733673400
-1.0927585993
-1.2735338551
-0.2321441377
-0.8262121310
1.5739421384
-1.6245332135
-1.1875040469
0.3190237001
0.6690524337
0.9548380078
1.1226344355
0.4038033827
-0.4955907010
-1.5309329045
-0.2779688003
0.4016942748
2.0086901463
1.2565883898
-1.0409233645
0.3406517608
-0.6249559358
1.1799534534
1.0026429858
-0.4694761830
1.5128679128
-1.5590805946
0.2983741461
0.5093994574
-0.2864317211
-0.6260799418
0.4991305001
0.1977271712
0.0604726495
-0.8497265349
-1.0199468315
0.3351681846
0.2852672783
-0.9380524613
0.4798199108
1.6044742966
0.7058783970
-1.0518032277
0.6510973204
3.3156352653
-0.1874676350
-1.9642947597
1.0354098435
1.2057127887
1.9585722321
0.3308761268
1.2419662836
-0.6131755527
-2.3333099299
0.0471651935
0.7235391876
-0.6019514103
-0.8378044694
-1.1817168883
-2.1871038068
0.2912480953
0.0231567500
-0.3816344004
-0.5872708591
0.8782334031
-0.9773954829
0.6566352359
0.7506057483
-0.2697247621
0.4755877769
-0.3025874596
0.0782319166
1.0720263722
-0.5778646711
0.9590655705
0.5249196725
1.2652247718
-0.3758563070
-0.7362436783
1.6406154903
0.3613976369
-0.6086191329
0.1426092408
-0.3162204396
0.5437747823
-0.9081988609
0.3074411366
0.3873511786
-0.7670913610
0.0170527748
-0.5079828532
0.6240706469
-0.5577942462
-0.4444919495
-1.9994098184
0.5886884111
0.9101377878
1.0034558219
0.3685383824
1.4524769842
-1.9913394333
-0.4367523184
-0.1782508989
1.0092117961
-0.4031389696
0.3515368779
-1.0484662814
-0.8118185423
0.0336447769
-0.0941114783
0.4088497802
-1.7939620755
-0.8916310998
-0.3376230316
0.2983842601
0.4587659113
0.8620928271
0.6478431015
-0.7664644360
0.4830728295
-1.2057094841
1.2922725064
-0.0063757650
-0.8279709264
-0.8109832210
1.4986357090
1.7858152757
-0.4007563051
1.4355286441
-1.8752799287
0.1930275178
1.0852119435
-0.3258780696
-2.0169195990
0.1471093401
-2.1076440621
-0.5205904014
-0.0846155170
0.2175407291
-0.4210949419
0.2650227043
0.6420736794
-0.7849718223
-1.2090928499
0.1674470602
0.2411730783
1.3210518856
1.0022227670
1.6162095843
1.9487103030
0.1658932011
1.3512228401
1.0321224034
1.4963635478
-0.7420698706
1.2135092475
-1.0773807392
-1.0737468508
0.3111589629
-1.3195189228
-0.5264490260
0.3005525570
-0.3923130560
1.4309386685
-0.3454424323
0.0138735033
-0.0079836875
0.0049177481
1.8696557351
0.4775564622
0.3135293700
0.1263927621
-0.3201786049
0.4458493152
0.5282172755
-0.7008097659
-1.1154549724
-0.7325627411
0.1918452821
1.1731395314
0.8425756160
1.0088878793
0.0747905366
1.7642295625
-1.6249821018
0.4383313953
0.6106664841
-0.2912924751
-0.8685749108
-0.0436143385
1.3557387700
-1.3053741002
1.1370883125
-0.6579170059
1.6390485309
0.7559739833
-0.5121768375
-0.3829584457
-2.0189106338
0.3207847180
-1.5300018803
0.4677433496
0.1596416059
-0.3971423297
-0.2065740420
-1.3058252973
-1.6630950108
1.6848287843
0.4577579582
1.7075823722
0.3218673322
-1.6585362607
-0.1327812590
-1.3605968248
0.4746757007
-0.9399040717
1.1227849145
0.1407953200
-1.1337720821
1.3327556598
1.3409998754
0.2808150100
0.5787591305
-1.6567194677
1.1457556677
0.6343297158
1.3885654509
-0.9441539152
-0.8688303448
-1.6715555578
1.2300879728
2.1444511049
-0.4568510063
0.0478459517
-0.6672392402
-1.9739881132
-0.4815620553
-0.1543353811
-0.8010998546
-1.6371149803
-0.6128904780
-0.3683872814
-0.1237819585
-0.2468450860
-0.6798763443
0.5012612643
0.1905268365
0.6838217648
0.3531432961
0.8526523802
-0.9059059014
0.2732272049
-0.6933647194
-2.0392363237
0.0815050041
0.2130093906
0.1446265963
-0.5969581767
-0.4415456339
0.0230641892
-0.7236672488
-0.3314901551
-0.6954363098
0.3936445093
0.4617662504
0.0437302038
0.7825674199
-1.4683449631
-0.1677112515
1.3967324322
-0.2415411921
2.7841955384
-0.8785777578
-1.0880825476
-0.4349637369
-1.1914948945
-0.9240603544
1.4253216874
-0.6161610738
0.5030313964
-1.4371235629
1.6815002129
0.7523374903
0.2607524604
-2.5063991969
0.5894336105
-0.8677999339
-0.7865805294
0.7089665017
0.2393679135
-0.4810877558
-0.6018290614
0.5149392382
-1.1249878511
-1.4154933495
1.4572270590
1.0396104771
-0.9210521133
2.0228906459
1.9701073399
-0.3993971466
-0.3366457965
-2.2969857794
0.9140301614
0.8380303454
-1.5914138637
-0.5377507336
-0.4737582979
-0.9486697226
-1.1086930343
-0.0975366444
0.5289997074
-0.9257969895
-0.2625936123
0.1111834802
-0.0445706931
1.5321906290
0.6943433608
1.4176422570
0.0227776437
1.3922515189
-2.4821730234
0.4363031191
0.1136677353
-0.9278070385
1.6791224337
0.7092692253
1.5097938145
0.6416534587
1.4001326485
-0.1642248099
2.7268753713
2.6708791268
-1.6872873848
-1.2757253663
-0.2573573078
0.1022903430
-0.2074753603
0.4842243640
0.4714635917
-0.6534144123
0.4955905453
1.7279679315
1.8913577600
-0.3512106701
1.2606852666
0.1683227418
-0.5348083261
-0.5425393749
-0.2339381026
1.5542056455
-1.1262685878
0.5367323672
1.1876034658
0.0392660677
-1.6404955896
-1.2515807471
0.3198260899
-0.8391361325
-0.7520564429
