12 3 0.05
15 0 0 0 2 1 0 1 1 1 2 2 0 2 1 3 0 3 1 3 2 4 0 4 1 5 0 5 1 6 0
9 0 2 1 1 1 2 1 3 1 4 2 0 2 1 2 2 3 0
11 0 2 0 3 1 1 1 2 2 0 2 1 2 2 2 3 2 4 3 0 3 3
0 3
7 6
2 5
0 0 0 1 0 1 0 0 0 0 0 0
0 0 0 1 1 1 0 0 0 0 0 0
0 0 0 1 1 0 0 1 1 0 0 0
0 0 0 1 1 1 1 1 0 0 0 0
0 0 0 1 1 1 1 1 1 1 0 0
0 0 0 1 1 1 0 0 1 0 0 0
0 0 0 1 0 0 0 0 0 0 0 0
0 0 0 0 0 0 0 0 1 0 0 0
0 0 0 0 0 0 0 1 1 1 1 0
0 0 0 0 0 0 1 1 1 0 0 0
0 0 0 0 0 0 1 0 0 0 0 0
0 0 0 0 0 0 0 0 0 0 0 0
0.6534211699
0.0332621983
1.4348392881
1.4621560545
-0.0865342052
0.2493388804
-1.4960845234
1.0754857437
-0.1293963655
-0.6522205807
0.8853538910
0.9824899575
-0.4455392374
0.8873960393
-0.6116443447
-0.2735719115
0.1472798328
-0.9420776230
-0.0790949748
-0.2160522904
-0.6998246676
0.9710195554
-1.1526895168
0.7682026795
0.8006724882
-0.6938104224
1.0963267289
-1.1446642829
0.6863240827
-0.2435032414
0.3585359888
0.4918995747
-0.5065289889
0.5454308824
0.8858467559
0.7579609573
-1.2593706183
-1.3736890345
0.8667052094
0.8391320365
0.2759123994
1.1107406295
-0.3468394454
-1.8312456177
-1.0416617992
-1.6403860373
-0.0617210459
0.5035655156
-0.4571535954
0.3683597361
0.8563234253
0.0525560729
0.7910658552
1.0688846587
1.1487635985
-0.8352934923
2.3038277366
1.0883866195
-0.2661125205
-0.5751742422
-0.1039397956
0.0700031716
0.2140876261
0.8218316647
1.5295070897
0.3918979090
-1.1404149160
-1.0132414854
0.6369077309
0.1651839613
-0.2778370477
-1.2563674860
1.8971268405
0.3237348784
-0.1104762088
0.1202651153
-1.0419577930
0.9171341281
-1.4160834621
0.7169296257
1.0983701061
-0.6221236095
0.6241557319
0.6381258192
0.8034684068
-0.0016469038
-0.8822823033
1.4767174539
-1.7258286301
1.0942921655
0.5523805764
0.6158610822
-1.3871213559
-0.8760370695
-0.8838990767
-0.4582586611
0.3462840304
-0.5374658678
-1.9111113918
0.1337896820
0.4634867454
-0.1133185961
-1.1993726461
0.5087811633
0.7043661867
-0.2176166028
0.7310638682
-0.6331137539
-0.2276859157
-0.5238634339
-1.4688188866
0.0746032633
-2.4073991268
-0.9496924349
-0.6412309566
-0.6474390653
-1.5699156380
1.9162319289
-1.2690492567
-1.9094979297
0.1801425677
0.8585878229
-0.9669031738
-0.6049209864
-0.5565613956
0.8241131404
1.1757373429
-1.0778484769
1.0517189521
-0.9233348817
0.0882350677
-0.9719567928
1.3803386268
-0.0433352887
0.1190111840
0.3649271047
0.1624440179
-0.1912631812
-2.0283147813
-0.6051583762
-1.0132502825
-0.8117086500
0.2483578032
1.0574358352
0.1409122522
1.0195499460
-0.9211044891
-0.6230578691
-1.7573700652
-0.2924274354
-0.2917743258
-0.8167392879
0.0494015723
-1.3361636720
0.3385790575
1.1168435470
-0.8437474874
0.7833821986
0.8492959003
0.0691929028
-1.1209443362
-1.4471843973
0.2525774626
3.9789206996
-0.5595403335
-0.0888954374
-0.4089726661
-0.4226895531
0.1619561072
2.6164756883
-0.7756688067
0.0344031997
1.7192729340
1.1476144857
0.0035100935
-0.3285418713
0.8194355556
0.9622143623
0.5707339087
0.2442785770
0.7744563509
0.5700963848
-2.4035213067
1.4147242026
0.0248057548
-0.4041937216
-0.1124921344
1.1655445185
1.7171577190
-0.5056898918
-0.4256866933
0.4036936721
0.5202142487
0.2823425261
-1.8667383779
0.7826489354
-1.2318417840
-2.0028592629
0.1721901102
0.0988108445
0.4251300944
2.0604080379
-0.3317312255
-0.4707411443
0.6153832688
0.9886546514
0.6486834128
-0.9170726252
-1.0353564504
0.5482572041
-1.0701914932
0.6868025953
0.7492080400
-0.1778051634
1.1571182678
0.0241660867
-1.5508839492
0.7963737684
1.2688931318
2.9017405689
-0.7237002672
0.7885985696
-0.9762445779
-1.8697057751
-0.7252239510
0.7721869437
-0.9696102422
-1.9953388395
0.4862817095
0.3221432229
1.1622879845
0.8851531549
0.8544836487
-0.4546401454
0.7006456535
1.4603026171
-0.6895409829
0.2450899884
-1.6219994583
-0.3724405056
-0.8000392220
1.3590325075
-1.1847282632
1.0031243257
-0.2549169530
-0.2743865124
2.0135828823
-0.3002848004
-0.8439001413
0.3443344972
-0.0034834103
-1.3926197249
-0.7593439378
0.3070370811
0.4593253589
-0.2197968625
-1.2851836468
0.0765849532
0.8204718671
-1.0891779954
0.2664022198
1.0897907557
-1.0830011620
-0.0287327947
0.7494090367
0.8277630696
-0.7447899944
0.3718010787
0.9487405862
0.9006675729
0.7285915460
0.5270679178
-1.1932239581
0.0438266490
-1.3903337294
0.3429043050
-0.0559755404
0.4986984883
-0.3676288777
1.0594028837
-0.8984438624
-1.8054914374
-0.3848736697
0.6387214391
0.1799050729
0.8325615301
-1.7172178870
1.1983900993
