12 7 0.19
4 0 0 0 1 0 2 1 1
7 0 0 0 1 0 2 0 3 1 1 1 2 2 1
5 0 0 0 1 0 2 1 0 1 1
8 0 1 0 2 1 0 1 1 1 2 2 1 2 2 3 1
4 0 0 1 0 2 0 3 0
5 0 1 0 2 1 0 1 1 2 0
5 0 0 0 1 0 2 1 1 2 1
9 6
7 3
4 9
5 1
4 6
1 2
8 3
0 0 0 0 0 0 0 0 0 0 0 0
0 0 0 1 1 0 0 0 0 0 0 0
0 0 1 1 0 0 0 0 0 0 0 0
0 0 1 0 0 0 0 0 0 0 0 0
0 0 0 0 0 0 1 0 0 1 1 1
0 0 1 1 0 0 1 0 0 1 1 0
0 1 1 1 0 0 1 0 0 0 0 0
0 0 1 2 1 1 2 0 0 0 0 0
0 0 1 1 2 2 0 0 0 0 0 0
0 0 0 0 2 0 1 1 1 0 0 0
0 0 0 0 1 0 0 1 0 0 0 0
0 0 0 0 0 0 0 0 0 0 0 0
0.8573437248
-0.2656348253
-1.1861602745
1.5781837348
-0.6316334735
0.5503945984
-0.6833605080
-0.6299741872
-0.7514239808
0.0970531121
-2.3544987229
-1.5252629749
-0.8653057346
0.6837009590
-0.8127397174
1.1232690649
0.3446513171
-1.5299469617
-0.5175075035
0.1189838390
-0.0153305264
0.3640978021
1.1285914832
-0.2297164220
-0.2791154354
-0.4665875601
1.0194682502
-1.5810309245
-1.1919323345
0.1077969100
0.1099653905
0.9624058122
-1.7950895450
0.2511196204
0.3094224730
0.0533187448
-0.3190125952
1.0590872220
-0.0033954837
0.4353113225
-2.7975101918
-0.7695599462
0.5347924328
0.0307556251
0.8947953525
-1.2680066553
0.9499049579
-0.2068770435
0.5125620109
-0.2560882530
0.1444472306
-0.4689017388
0.3637696958
0.2269751635
-1.8582866082
0.2688404245
1.6006732060
0.7287740221
-0.9735269188
0.3673561793
1.2528132955
-0.4015022539
0.0009409407
-0.5752583195
-0.2458872017
-0.9353677670
0.2741884650
-0.6897085392
-1.1190866002
-1.4018241708
0.1369164057
0.6816029167
0.9001440563
0.2240245209
-1.5250106316
-1.1329940603
2.0439246973
0.2169440433
-0.1258887650
0.3844298572
-0.3352739957
0.8314827413
0.9781941811
-0.6225895601
0.1653676643
0.3817336025
-0.0271457799
-0.9280756160
-1.2602698465
-1.1485620627
-1.1423098916
0.0082841579
0.7557219886
-0.5246364594
1.1539103502
-1.1697306293
0.2383417529
-0.5494111135
0.9679256260
0.5247293333
1.1950719485
0.1802630871
0.4044307445
-0.6887395694
1.4525477155
-0.4066468340
-1.1646498773
0.7329173221
-1.1809732817
-0.1297116392
-0.6974364798
-0.8202263585
-1.1906740457
0.1335835117
-1.2259001411
-1.0082650193
0.5354714612
-1.0748037269
-0.5557334342
0.6092001337
-0.6276146327
0.7061596394
-2.0301948362
0.3951861497
0.3345682358
-0.6531822401
0.0169350209
-0.5679804277
0.7207181243
2.2712182115
-0.1345597679
-1.0112959061
-0.6124371693
-0.6793258239
-1.5895542517
-0.4294651011
1.0169829677
-1.0538320736
-1.0066949520
0.7157563179
-1.0297531400
0.1687945313
0.7765229065
-1.6595674687
-0.0043519794
-0.6998452156
-0.5078255150
-0.2479268289
-1.7780525245
-0.3926046249
0.8705634977
-1.3137518512
-1.2943739101
0.8457059684
0.4157938963
0.2842807121
-1.1679808027
-0.3738005810
0.3379816049
0.5669471424
-1.9739040096
1.1014029779
-0.7525439011
0.9696910262
-0.5076560988
1.5758066301
-1.7328424375
0.2733519112
-0.5054842597
-0.5979192733
0.1115249010
0.1070156328
0.6765014424
1.1567302441
0.6527310763
0.9303960381
-0.5953529898
-1.6897161081
-0.5552950487
0.1458539344
0.3995382385
0.8183557813
-1.2317968589
-0.1998175721
1.0139496383
1.3964019258
-1.5794652090
-0.1103064936
-1.2053123251
0.8918069937
1.8883926698
-1.5687447432
-0.0235945543
-0.9181255716
-1.6461119691
-0.4474833253
-0.0992706125
1.1950722829
-0.2929752115
1.8105570606
-0.9551005246
0.3108818240
-0.8216144850
-1.3097966195
-0.1192999740
-0.9036856770
-0.4652555502
1.4925522504
-1.5295831003
-0.0437035908
-1.3781178560
1.1288903546
0.3390433760
-0.7204700737
-0.4297672541
-0.1222192050
1.4270392366
-0.6890379269
0.0611829344
0.4420983629
0.3156041996
0.7128226282
1.1363078833
0.1130002950
-0.3202659880
-1.6745373374
0.7053394588
0.8240543783
-0.3228506890
0.1448764223
-0.6639966455
-0.4670015835
0.9824788261
1.1529800791
0.9938149407
0.5533010092
0.1656489675
0.6572401269
-1.3290169005
-0.5407804299
2.9423352490
-0.3708637528
0.0824345621
-0.7010072670
1.1516077155
0.0062192018
-0.0104453303
0.3925348967
0.8411394762
1.3359496804
-1.0151027699
1.7287424681
-1.4619002853
-1.2407236044
-0.2173256076
0.1553565206
0.3499185874
-0.5283343213
-0.6077220803
1.0683267441
0.2910082394
0.0102727611
-0.5957118993
0.1290508538
1.5238422997
1.3446637772
1.1829050645
0.4145051545
-0.2923862781
0.9813350524
-1.6070683988
1.0740333637
0.0283344139
-1.5080189061
0.9457128165
-0.8746993670
0.8245366594
1.9417195204
-0.3113973275
-0.2320109399
0.4936989231
-0.1465808225
0.6494488996
-0.6200917453
-0.4159561460
0.1281965620
-0.2839959440
-1.3354696288
