18 4 0.18
26 0 0 0 3 0 4 1 0 1 1 1 2 1 3 1 4 1 5 2 1 2 2 2 3 2 4 2 5 3 0 3 1 3 2 3 3 3 4 3 5 4 1 4 3 4 4 5 3 5 4 6 3
25 0 3 0 6 1 1 1 2 1 3 1 4 1 6 2 1 2 2 2 3 2 4 2 5 2 6 2 7 3 0 3 1 3 2 3 3 3 5 3 6 4 2 4 3 4 4 4 5 5 2
21 0 3 1 3 1 4 2 3 2 4 2 5 3 0 3 1 3 2 3 3 3 4 4 4 5 2 5 3 5 4 5 5 6 3 6 4 7 3 7 4 8 3
16 0 1 0 2 1 1 1 2 1 3 1 4 2 0 2 1 2 2 2 3 2 4 2 5 3 0 3 2 3 3 4 3
7 2
2 2
4 1
9 0
0 0 0 0 0 0 0 0 0 0 0 0 0 0 0 0 0 0
0 0 0 0 0 0 0 0 0 0 0 0 0 0 0 0 0 0
0 0 0 0 0 1 0 0 1 0 0 0 0 0 0 0 0 0
0 0 0 1 1 1 1 0 1 0 0 0 0 0 0 0 0 0
0 0 0 1 2 1 1 1 1 1 0 0 0 0 0 0 0 0
0 0 1 1 2 2 0 1 1 0 0 0 0 0 0 0 0 0
0 0 0 0 2 2 2 1 0 0 0 0 0 0 0 0 0 0
0 1 2 1 2 2 1 0 0 0 0 0 0 0 0 0 0 0
0 0 1 1 1 2 1 1 0 0 0 0 0 0 0 0 0 0
0 1 1 2 2 2 2 1 0 0 0 0 0 0 0 0 0 0
0 1 2 2 3 2 1 1 0 0 0 0 0 0 0 0 0 0
1 1 1 2 2 3 1 0 0 0 0 0 0 0 0 0 0 0
1 0 1 1 1 1 1 0 0 0 0 0 0 0 0 0 0 0
0 0 0 1 0 1 0 0 0 0 0 0 0 0 0 0 0 0
0 0 0 0 0 0 0 0 0 0 0 0 0 0 0 0 0 0
0 0 0 0 0 0 0 0 0 0 0 0 0 0 0 0 0 0
0 0 0 0 0 0 0 0 0 0 0 0 0 0 0 0 0 0
0 0 0 0 0 0 0 0 0 0 0 0 0 0 0 0 0 0
-1.7363762747
-0.4501353108
1.0728521890
0.9684713193
0.2634245703
-0.4578145536
-1.0962688602
0.4870689170
0.0467923200
-0.6065175032
-0.2930884673
1.5970840882
0.1055729129
1.1607628964
-0.5313885664
1.4617796263
-2.4583683101
2.7895584857
0.1262918692
1.7266600417
-0.3828007540
1.2638942587
-0.1139379689
0.4665836383
-1.2030215955
0.1604114958
1.5864665514
-0.9452284410
0.0311607008
0.7469120397
-1.5354264362
-0.8002878055
-2.0254638549
-0.5540449237
-0.5707229629
-0.3556733339
0.9276435597
0.8138552291
0.2084926322
0.6481832142
-0.6392304212
2.4207236041
-0.1813931447
1.1746635882
0.4600620513
0.2603084511
1.2586267392
-0.4824967549
1.5008537774
0.0012149793
0.7224475862
-0.3698860412
0.4977568500
0.6851928342
0.5231734533
-0.9783001149
1.2917334525
0.9209301729
-0.9240839718
-1.3565775466
-0.4184363616
0.7764164225
-0.3662729537
0.1923533694
-0.1263540990
0.4373182190
2.1341143393
-1.0809799869
0.9725598380
-1.2055308128
-1.0679219361
-1.0343498997
-0.2271847921
-0.0058617780
-0.9105453102
0.0877830980
0.5658528480
0.0281148770
-0.2111266121
-0.5392025349
-0.2481796413
0.1982285085
-1.7941738809
-0.2157514517
-1.1346378525
-0.9601286360
-1.2792594458
0.2115044800
-0.4635725776
-0.3303474097
1.1012935982
-0.1677773656
-1.6777659092
-0.8913222707
-0.9040279000
-4.8124858056
0.6528262540
-1.2852767831
-0.5713100811
-0.9688196425
-0.6518371803
1.6236303410
-0.0814197037
0.2322088711
0.5264038450
0.5005487821
0.3338403018
-1.0267635183
-0.0820754661
-0.3126995583
0.0994578105
0.1436545830
-0.5911404612
-0.1569498963
1.8117885683
-1.4850190884
-1.2314441694
-0.1316922284
0.0352536516
-0.7240116426
0.9125725090
-0.4375603861
1.7748180807
1.5244121227
-0.1323556393
0.2151130132
1.2489155182
0.5485210677
-0.1900043866
0.1025026648
-0.2647332508
1.4185161327
-0.4231776888
0.3691362090
0.1890400389
-1.4078258238
-1.5813378965
0.7529208850
-1.4987219867
0.6154683803
0.4033762105
0.5471358664
0.1546865888
0.3136702297
-1.1557748554
2.1880560645
1.3053877790
0.4484613477
0.4475351851
0.4645049693
-1.7727061559
-0.0644444764
-0.1502319178
1.5924368289
0.0633169956
-0.3273139621
-0.9776981171
-0.8915554959
-0.7100927622
-0.3062057236
-0.3406100141
1.8334054946
0.8865531016
2.1190605585
0.1838421025
1.4053606562
1.1114436157
-0.3755228461
2.3598508112
-0.0656930799
0.0781247286
0.6799703427
0.1798090641
1.7508943301
-0.4762908869
1.0216242016
-0.9504241234
0.3143370829
-0.9945578864
-0.5554316716
-0.0936180778
0.9657035499
-0.8832418762
-0.1418761641
-0.4143605775
1.5226449558
-0.7547576524
-0.0891407039
0.3144007592
-2.7352579859
0.2508075100
0.9091667409
0.3559109902
0.3265091308
0.7591515252
0.8018799197
-0.0909954642
-0.1841679394
2.8444401579
-0.1672533571
-1.3971889299
1.9726158342
-0.3673529233
0.1396204746
-0.1092521985
-0.1684717790
-0.3360316569
-0.3364587394
0.5023646397
-0.4452391869
0.5663632637
-0.2899295384
-1.0925170785
0.9570793132
-1.9935015094
-0.5955229614
0.4201331521
0.4398299867
-0.5849836481
-1.7913566315
-0.7961735233
-0.2547927212
-0.0568349074
-1.7067202268
0.5885742576
-0.4393199185
-0.9700786887
0.0643516861
-0.4450935523
0.0107958845
0.5548265804
0.8605074885
-2.8896470307
1.5207554738
-0.4814821745
-0.8451203094
0.6098458666
-1.6610893657
1.0446622936
-1.2794286338
-0.8253349912
-0.0796726037
-0.3805179532
-1.2682620813
0.9194522813
0.9574288427
0.1624001849
1.8075722684
-1.1844227130
0.8838801259
2.3656023066
-0.3987886217
-1.9438539889
-0.0514308713
-0.3729078170
-1.7235004579
-0.7083248974
0.0483871306
0.8819834461
0.0513415229
-0.8135665154
0.2826743081
0.5574250950
0.4997585884
0.3431554867
-0.6916445869
0.4719153541
-0.4977642718
1.0994213379
-0.1305287123
-1.1734693613
1.1998620514
-0.3304299861
1.7841486817
-1.4450517714
0.0648498335
1.0343937012
-0.6047820260
1.2237096181
-0.7165665472
1.1155695486
-0.8864955520
-0.7366310680
0.2051079804
-0.2798016384
0.1972631070
-0.0047036061
0.1451837862
0.2788590732
-0.6931049839
0.4197215378
0.7594527651
0.2060868325
0.3183085453
0.9279268218
-1.4171062415
1.5094143428
0.2392758246
1.9121160904
0.0780684444
-0.3886370562
0.4727014096
-0.9415682112
0.2297233255
0.5619753356
-1.3432635271
-1.4480027771
1.0926702713
-1.2999126958
-0.7204012118
-0.3631685948
-0.5965661625
0.0162079741
0.0908069382
0.7514565962
0.5071538585
1.1445003756
-1.0954514248
0.4932963150
0.5344910747
0.9736695234
0.1965655931
-0.1807004724
-2.4734156689
0.1802042137
0.0467616905
0.0302534103
-0.5775520682
-0.3342628039
-0.5108409735
-0.1643485223
-0.7055209909
-1.1609324822
0.2864369420
2.7140585096
0.3580962663
-0.2782632435
-0.6605823216
0.6726640327
-0.3285348807
-2.0623377868
-0.4216282105
0.3519569216
0.5459545754
-0.7827588634
-0.2358397690
0.2610648313
-0.3297320988
-0.6319440142
-2.0599451152
-0.5578018944
0.4582282219
0.1481346825
-0.1133467850
-0.0290541067
0.3452759492
1.4711941976
-1.5697927900
-0.7374250602
1.0902445115
0.3264485968
-0.2050955390
1.0024041354
1.4988910245
-0.2218317523
-0.0268691903
-0.6774354596
0.4757816297
0.0454093386
1.0294463622
-0.4725391616
0.7046939760
-1.2251162848
0.4319838086
-0.0951020204
-0.7906641339
-0.4104599613
-0.0628431641
0.0259996026
1.5134157748
0.2343543009
-1.4373228598
-0.1829407698
-0.4455784212
0.2764194681
1.7472900040
-0.5878835736
-1.6889362067
-0.1999767055
2.1748231909
0.0306778235
-0.7727751311
-1.6455571424
-0.7574070142
0.0351990755
-2.6051222301
-0.1738915107
-0.3083983335
-0.2307044020
-0.1111402280
-0.4479352243
-1.1843051355
0.0691566994
1.6056087544
-1.1164080241
-1.3752835872
0.7085840868
-0.9407191841
-0.2560702916
-0.8946734152
0.5857521605
-0.3975461488
-0.4867205342
2.5210616409
0.0105528808
-0.3986063156
-0.6352352316
-0.8745577825
0.1628456741
1.0442994479
-0.9760556542
1.0145214292
-0.1895947116
-0.9640987726
-0.3156900572
0.2405242477
-0.9683160504
-1.2439551563
-1.2122432000
0.2976970627
-0.2919429424
-0.4654417378
1.6357597220
0.7643277197
-1.5573065022
-0.1093862541
-0.4044250441
1.3733900686
0.8022532812
0.0648445418
1.5845463833
-0.7049074787
-0.4747787587
0.9383969977
-1.3847084170
-1.4715820760
0.5542067304
-0.6119117786
1.8595730680
-0.7762943783
-0.0026496773
0.1102755426
0.4150683295
-0.8082784450
-0.5806408437
0.3039882979
-2.0763627759
1.1145410844
0.4027594057
-0.4961742945
0.6525278008
-1.7904108287
-0.3571630392
-1.0792257545
2.0025201237
-0.3477928335
-0.4389588349
1.4527110854
-0.6540593430
-0.8685645909
0.3922476753
0.7732855081
-1.4537850278
0.7327254133
1.4078595054
0.8619349610
-1.4592503486
0.6378111477
-0.7800888617
-0.2053052797
-0.1510076117
0.0419258787
1.2731943867
1.5691744212
-0.4606690756
0.5736797784
-0.6185023883
2.1202824347
-1.3151903163
-0.2821921046
-0.9986877864
-0.4039633147
0.5366657652
-0.0719224516
-0.1620052444
-1.3930614761
-1.0541769618
0.2853936579
-0.4442103222
-2.4212311893
-0.4836359391
-2.0654060181
-0.0262712041
1.4822057961
0.6979803808
0.6731351003
-0.3855211729
0.1836481836
-0.4476274126
0.2809348985
-0.3288787998
0.5643389310
0.8483208586
0.9162845612
-0.1291846948
1.1479146113
0.1741807763
0.5464384626
1.1113604341
-0.0658020320
-0.7329418872
-1.5608034941
0.4884276374
-1.7360351004
-1.0179589053
0.8638974480
1.1590792669
-1.5057975255
0.1191452822
-0.8232575263
2.5288357969
-0.8754767531
0.2964846663
1.9975609031
-0.8639314738
-0.9514104196
0.1761371012
0.3356348233
1.2086321700
0.9607165660
-0.5632256413
0.0359775249
0.4495678347
0.9213450682
-0.1443959517
-0.3122381013
-0.9365857807
0.6141068707
-0.5683984913
-1.3918561200
-1.1903680650
-1.2750308019
-0.9984084915
-1.0353183245
0.1819747284
1.3483855817
-0.2802960663
0.2917887148
0.3387055228
-0.0511844257
-0.5870471252
0.1979756810
0.9032990876
-0.4274518035
0.1865591589
-0.9933905667
-1.1624229326
1.6110072346
0.0252288043
-0.1556376624
0.3536231428
0.6368117945
1.2498320078
1.2130376814
-0.3637415919
0.1209446498
1.0062490331
0.1710834570
-0.5252104956
0.0749666241
0.4135218028
0.4033133055
1.1012168825
0.6454575425
0.3585006700
-1.5479649055
2.2316043858
-0.6117832614
-1.2462606532
-1.0255489157
0.6185587889
-0.7247114782
-1.0616597909
0.7084729963
1.7922331123
-0.5009455049
-0.9534168562
-0.6440708309
-1.5559153722
-0.4074589910
-2.2678904610
-0.0199631975
1.1712141736
-0.8705825898
0.6078882261
-0.3942066232
-0.5931903507
1.3363369398
0.7030554030
0.2866484363
-0.0593690838
-0.4650471186
0.8291906886
-0.6422564103
1.2222944164
1.4275824306
1.1425950527
0.6507629505
-0.7250591132
1.5643878392
0.0210207701
0.9839646893
1.9029035652
1.3995064648
-2.7997082459
-1.1493684288
-0.6376927665
-0.6113367316
-0.4869630730
1.7388885898
-0.1841400476
0.2938730410
-0.1734433848
-1.5836114954
1.1572284353
-0.4555203116
0.7903535007
0.6563567361
-0.6955336936
-0.8560647707
-0.7283273779
0.7362995953
-0.5960577896
0.5551111267
0.5258478408
0.2849699875
0.1206734716
0.4011246751
