20 14 0.01
7 0 0 0 1 0 2 1 2 1 3 2 2 3 2
7 0 2 0 3 1 0 1 1 1 2 1 3 1 4
17 0 2 1 1 1 2 1 3 2 2 3 0 3 1 3 2 4 0 4 1 5 1 5 2 5 3 6 1 6 2 6 3 6 4
8 0 0 1 0 1 1 2 0 2 1 2 2 3 1 4 1
12 0 1 0 2 1 0 1 1 1 2 1 3 2 0 2 1 2 2 3 0 3 1 3 2
15 0 4 1 2 1 3 1 4 1 6 2 2 2 4 2 5 2 6 3 0 3 1 3 2 3 3 3 4 4 1
9 0 0 0 1 0 2 0 3 1 1 1 2 1 3 1 4 1 5
14 0 0 0 1 0 2 0 3 1 0 1 1 1 2 1 3 1 4 2 1 2 2 2 3 3 1 3 2
11 0 2 0 3 1 1 1 2 1 3 2 0 2 1 2 2 3 0 3 1 3 2
13 0 1 1 0 1 1 1 2 1 3 2 2 2 3 3 2 3 3 3 4 3 5 4 2 4 4
17 0 1 1 0 1 1 1 2 1 3 2 0 2 1 2 2 2 3 2 4 3 0 3 1 3 3 3 4 4 1 4 4 5 1
7 0 0 1 0 2 0 3 0 4 0 5 0 6 0
15 0 5 1 1 1 2 1 3 1 4 1 5 2 0 2 1 2 2 2 3 3 2 3 3 4 2 4 3 5 2
14 0 1 1 1 1 2 2 0 2 1 2 2 3 1 3 2 4 1 4 2 5 0 5 1 5 2 6 1
15 4
0 4
13 2
9 0
8 2
8 1
0 2
0 15
14 3
1 4
14 5
0 19
1 9
8 16
0 0 1 1 1 1 1 1 0 0 0 0 0 0 0 1 1 1 1 1
0 0 0 1 2 3 2 2 1 0 0 0 0 0 1 1 1 1 1 2
0 0 0 0 1 1 1 1 0 0 1 1 1 1 1 0 1 1 1 1
0 0 0 0 0 0 1 1 0 1 1 1 1 0 0 0 1 1 0 1
0 0 0 0 0 0 1 1 1 1 0 1 1 0 0 0 0 0 0 1
0 0 0 0 0 0 1 0 1 0 0 1 1 0 0 0 0 0 0 1
0 0 0 0 0 0 0 0 0 0 0 1 0 0 0 0 0 0 0 1
0 0 0 0 0 0 0 0 0 0 0 0 0 0 0 0 0 0 0 0
0 0 0 1 1 1 0 0 0 0 0 0 0 0 0 0 0 1 0 0
1 0 1 2 2 2 0 1 0 0 0 0 0 0 0 0 0 1 1 0
1 1 1 2 1 1 1 1 0 0 0 0 0 0 0 0 1 1 1 0
1 2 3 2 2 1 0 0 0 0 0 0 0 0 0 0 0 1 1 0
0 1 1 0 0 0 0 0 0 0 0 0 0 0 0 0 0 1 1 0
0 1 0 0 1 0 0 0 0 0 0 0 0 0 0 0 1 1 1 0
0 0 0 1 1 2 2 0 0 0 0 0 0 0 0 0 0 1 0 0
0 0 0 0 3 3 3 1 1 0 0 0 0 0 0 0 0 0 0 0
0 0 1 2 2 2 2 2 1 1 0 0 0 0 0 0 0 0 0 0
0 0 1 2 1 2 2 0 1 1 0 0 0 0 0 0 0 0 0 0
0 0 0 1 1 1 2 0 0 1 0 0 0 0 0 0 0 0 0 0
0 0 0 1 1 1 2 0 0 0 0 0 0 0 0 0 0 0 0 0
-1.2139529027
0.7443617996
0.3423176164
1.0324296796
-0.6984186738
1.5932204525
0.9913135568
-0.1108450254
0.6922028238
1.0415975074
-0.0831894808
0.9376804617
0.7184403151
-0.7245784099
-0.8268972754
0.6620019509
-0.2637893049
0.5926275668
0.6875963658
-0.5812387043
0.6874818472
-1.3464493891
-0.1415238774
-0.3853790140
0.2475655094
0.0610143837
-0.1534652235
1.6196735309
-0.5609036471
-1.7162188989
0.7639703112
0.8175516904
-1.0864713097
-0.3892933612
-1.7577400306
-0.2591698546
1.9177344116
-0.5567801785
-0.1596561600
-0.3324956688
1.2560725064
0.0385612938
0.1046432953
0.1265817404
1.0542765932
-1.5238314558
2.1651149379
-0.0004802617
-0.2731885289
-0.6117367602
-0.8164246097
1.4404919704
-0.7115916477
0.4472933080
0.1709738269
0.5099657884
2.3754425752
0.5797510408
0.6920894036
1.9480787855
0.3336817344
-0.0474168516
-0.1750268538
-0.3168142505
1.3913228836
-1.3639010464
-0.2684795714
0.8215789488
0.9940705517
-0.4748475573
-0.2652579046
-0.9552887292
-1.0089587395
-0.4881269623
-0.0482468886
2.3821623353
-0.1020908576
-0.2313478714
0.0270051304
2.0217202924
-0.8952358480
2.1311126232
0.0656994140
1.8599247794
-1.3919991677
-1.8538756302
0.9667379233
1.1748452861
1.6022526428
0.7719419829
0.7868432003
0.4822938719
-0.9002315005
-1.7575160004
0.9047601620
0.2495424329
0.0108936311
1.9904108882
1.3759190053
-1.2857870114
2.1084016566
-0.8502795498
-1.6478662038
2.0244259909
1.3692583256
-0.1863824429
-0.6703243481
-0.1260861479
0.0695904161
-0.7121917024
0.2724139663
-0.6128195115
0.3153144345
1.0729906031
1.8597305619
1.6448705567
1.0835005649
-1.1206442395
0.7061691364
0.3679108767
-0.7047040027
0.5323601182
-1.2600431891
1.1378862049
0.7383469253
-1.0846811432
-1.3874962020
-0.5576799229
-0.1336176547
-1.4717247859
-0.2657952682
-0.2502680913
-0.0162653264
-0.5927831236
0.3326383730
1.2644057269
-0.1436730759
0.3530784244
-1.1546343146
-1.2014328839
0.4710723303
0.1081694225
-0.3234433679
1.5852689209
-0.1908004437
1.3585233518
1.7123737753
-0.3349185633
0.1326670288
0.1926352089
0.8880004283
-0.0854429849
0.1207613851
0.5284373079
-1.5463695559
-2.4545868268
-1.9171718307
-0.2747677482
-0.9995594605
-1.9026183991
-0.1236029389
-0.3832754656
-0.9648231244
0.2636802623
0.4610633158
-0.1653977645
0.1929006695
0.4804935401
0.0858872675
0.5005223334
0.0574889364
-0.7712276981
-0.3316133523
0.2586122555
0.8350672956
-1.0582963297
-0.7247581748
0.6048565492
-1.8990917725
1.0296627336
-0.4616053170
-0.4468029913
-0.6099926594
2.6720424331
1.4531855264
-0.4012581863
-1.6828816228
-0.3541610008
-0.1118366256
-0.9576462154
1.7935212301
-0.1404663087
-0.2242440941
-0.5162669599
-1.8781519959
0.6930540540
0.6558275566
-0.0845140159
-0.0717237688
1.3326041730
-0.4749547006
-0.4498625672
1.3987638083
0.1218353040
0.1630774555
-0.6205177973
1.4256078455
-1.1101046789
-0.3540208365
0.2195075647
2.1388066843
-2.1045444910
0.0145845382
0.3069221516
0.1031007382
-0.5115177455
-0.7011539711
0.0397396254
1.2022762207
-0.4959779530
0.1770985535
0.2925805261
-1.0639466251
1.5425246528
-0.4390040216
1.1019644970
1.9920956943
-0.2912040954
-2.6212966449
-1.9110331344
-0.5331969744
1.5091356820
0.7836960542
-0.1276950110
1.4131877831
-1.6703486632
-0.1786576334
-1.0086771097
-0.0691956700
-0.7477029821
2.0917734336
0.1274819218
1.6824017869
0.9835654285
-0.2451759067
1.8412313016
-0.9493286201
-0.8948258163
0.5465251903
0.9484359906
0.2302356128
1.0810289684
-0.9701846575
-1.2594204249
-0.5325565530
-0.5992558126
0.1208078242
1.2949013828
0.2334556858
0.7595150883
-1.9206433225
0.6061883330
0.1347883014
-0.9417807715
0.3315092201
-0.0096268225
-1.0442750815
-1.1449356949
1.7058299887
0.5804243519
-0.2512216740
-0.7200616454
0.9463978146
-0.3085380899
-0.4101084426
-0.0646214427
1.2410824474
0.0511667093
0.6972591983
0.9141315760
0.5052465683
0.6628621241
-0.6680173647
-0.1344546457
-0.4333340310
-0.7466595545
1.3906806802
-1.7713535276
-1.5112649449
-1.1044997934
-1.2976163355
-0.4782759286
-0.8118074768
-1.0100336276
-0.3606235776
-0.5156762791
-0.4774242090
0.5542428238
0.5637694619
-1.4317530667
-0.1643600140
0.5773828345
0.6053272562
0.4392735416
0.7613539933
0.1404767826
0.4231793919
-0.3656379840
0.3285901589
-0.1333584790
-0.6931327868
0.1384941839
1.4448224297
0.9148059794
0.0202038690
1.0360776943
0.8295611501
-0.5411420436
-0.2981676404
-0.6534348732
1.2404011369
1.3171714837
-2.8234020299
-0.3143105473
1.4397104055
-1.6411504459
1.3634826011
0.2022142415
-0.0985318565
-0.4143638373
0.0735185483
-0.6735375230
-0.7385778611
0.7015892664
-0.0679197833
-1.5640290447
1.3115807611
-2.0926726524
0.8533038835
-0.1500307608
-1.3018075283
-0.3759165608
-2.6607453908
-0.7363791419
-0.4554234370
0.0538119072
-0.6793059314
-2.3822851800
-0.3091313465
0.5997347973
1.1563583937
-0.3953068126
0.3959836299
-0.5751624435
-0.4091059182
-1.0552822654
-1.0489258676
0.3534453375
-2.0537407675
0.1432582020
-0.9926089992
0.0921182028
0.5345099729
1.2564069506
-0.1438094754
-0.1871556955
0.3781973823
-0.6838962950
-1.1200876803
-0.1924212691
0.8083854731
2.2956838881
-1.5030828843
0.4422554895
0.0106679479
0.3135918651
1.7056305389
-0.0239092703
0.5417941881
0.1727067993
0.5963151277
1.4382763095
0.3018125378
0.4823541611
0.3123033009
-1.4059792496
2.1232381862
1.8123498277
-0.7156139180
1.9108695959
-0.9008578948
-0.6955547710
-0.5926648083
0.4869614944
-1.3885854410
-0.4749702173
-0.7645037063
0.9548514288
-2.5194071520
0.0545071890
-0.8355707053
-1.7409391731
0.6402631092
0.1318878372
-0.1060475692
-1.0262134569
1.8338357769
0.2223350189
0.3789746872
2.4622307320
-1.0359339255
0.0989441215
-1.2048630378
0.7524247314
-1.2607242175
0.8658764332
0.0296378421
1.7818191439
-0.9184864674
-0.4841144032
0.2374738711
0.1434833422
-0.2218962401
0.3247531254
-0.5679685528
-1.3875053040
-0.3695399891
-1.0857516041
-1.3666863268
-3.5417761350
0.7358454304
0.2738786811
-1.1997652777
-1.0177918998
-0.3420670257
0.5969854978
0.7668356350
1.3637381845
-1.1526796028
0.7413409908
0.6589896423
1.7745829532
-0.2612372060
-0.7367838881
-0.1978812116
-0.0717945438
-0.8241858813
0.7714051716
-0.8680869020
-0.4956443782
-1.8122936630
-1.2059343433
-1.4638791554
-0.5640548131
-0.3324021032
0.8929311806
0.9678597855
-0.0328358679
-0.5567865480
0.4894221851
0.5566072730
0.6340970720
-0.8288518749
0.0204480598
0.2644353567
0.0475409744
0.2033956637
1.1287576451
-0.1757427668
-0.3678607831
-1.4005846208
0.5222036540
-0.3422973992
-1.0402693497
1.2530777913
-1.0071986273
1.3785929590
0.9153902829
1.4694858767
-0.4641165409
0.4681947695
-0.4605406905
1.4091847127
-0.8009438991
-0.2390304303
0.7963452953
-0.0159031179
-0.3148901551
-0.2469213861
-1.2204553116
-2.2190344853
1.0050914385
-0.2284400640
-0.5635132504
-0.4111240620
1.1816278074
0.6104167658
0.1384688549
2.3172735745
1.1680094291
0.8633486995
-0.8410567378
-0.0496574867
-1.9116924467
-0.7369536528
-0.1743540727
0.2331372503
1.0666274088
0.3481888176
0.7171776251
-0.5422004242
1.0088318189
-0.3808139428
-0.2801198249
-0.0625637626
0.1234827828
-0.0234146244
-2.4405299790
-0.4353363233
0.0831194536
0.0450889034
-1.1226112774
2.2086827821
1.2035059388
1.5447128295
-0.7183912443
0.8906878255
-0.1804945605
0.4294207179
-0.5335310394
1.3493986249
1.1857894117
-0.3464071357
0.1106580199
-0.6569975764
0.9406381649
0.0763584086
0.7515224332
0.7748561486
-0.3107204407
-0.9612679907
0.0080853870
0.5649394124
-0.5793070455
0.6187969579
-1.7582125256
-0.4655189100
0.9724269418
0.4966356159
0.0324089475
1.4396800215
0.6277376780
-1.4155820311
1.9263057820
0.1943493940
0.0312403775
-1.4333738257
-0.8865235459
-0.0174594906
-1.4587741048
1.3736121953
0.9758827637
0.8048161157
0.8072818605
0.8653314303
-0.7444547152
-0.6702819029
1.2826497802
-0.7769539593
-0.9235941809
0.7750447314
-0.9892619187
-0.0872657336
0.3354370955
-0.7512644234
-0.3233769033
-1.1425232461
-0.8549447747
1.5940652339
-0.0528626699
-0.0611962571
-0.0736158985
0.1020250446
0.1354002266
0.1994669699
-1.6196313635
0.0971349612
-0.9015635170
0.7585509620
1.4794138559
-1.1384975577
-0.6741223908
0.2983889093
0.2960262106
-0.2421025344
1.3045736928
-0.1054078439
0.2106338746
1.1635882592
-0.2749195403
1.8110005910
1.0935022227
0.0147703690
0.0326830729
-0.4774267894
0.8247306819
1.3828030147
1.1949997930
-0.7848328175
2.3026117061
-0.5817379711
-1.7578323743
-2.2379267490
-0.3126433513
-0.6494960282
-1.4721088505
-0.3687408157
0.4939722309
0.4072722337
-0.4422181717
-2.4820102122
-0.1084177326
0.1191202325
-1.3526784894
-0.8139747151
0.1743105903
0.0491467131
-0.6576010094
1.2888611313
-0.0887123943
-0.8385290946
0.3616711877
-1.1676741136
-1.8623158430
0.6217029311
-3.1421234596
0.9838697520
-2.0064155144
0.8190966458
1.1376135933
-0.0053624894
-1.4079688031
-0.2413088033
-2.7255341362
-0.9750603055
-1.4064195724
0.1496940639
1.3762018710
-0.3824775519
-0.4894744723
1.0724172306
0.7678721643
0.0567407313
-1.9657359379
-1.1780682687
-0.5453543233
-0.3400632327
2.6522072379
0.4758390538
0.5551757103
-0.7744119695
1.2244366025
-0.9044547034
-1.3811632052
0.6346828720
0.6000093377
0.0016718673
-0.2502792159
-1.2758059331
0.3798619598
-0.1291440893
-0.0808697644
0.5587059052
-2.1744733247
0.7803967269
0.0450104752
-1.1786297342
0.0552810179
1.3679472699
1.3965252184
-1.0506612047
0.9612190214
0.0179224178
1.7731768330
-0.3836395472
-1.5811025076
-1.6036802666
-1.1124848541
0.8309549439
1.3997439054
-0.0803991114
0.7640343242
-0.5143790345
-1.1304762653
0.1203716381
-1.7540663654
1.5491392698
0.8243823922
-0.9500016559
0.8125452844
-0.3643031295
0.2937172541
0.7277478543
0.5041099524
0.0333327767
0.1850274395
1.6234343912
1.1791375563
-1.2276862748
-1.3152776314
1.6100823013
-0.1359905851
0.2827489681
1.0744090236
-0.5625434003
-1.0368013754
1.0511561262
0.5460103344
-0.2683478773
0.7620887201
-1.5267732942
-0.3510753876
-0.4808323731
-0.4243542082
-0.2410771161
-0.5274109466
-0.8716853354
1.3669545399
0.6216865754
-0.9635909507
-0.0570794107
1.3780646275
-0.1681185646
-0.3755971278
-1.7794741032
-2.0709011255
0.5869413899
-0.9353290457
0.0406817892
-0.8663986091
-0.6877159531
-0.7330259274
0.6989389505
0.3734780423
-1.0612787678
-0.4796135407
-0.1897498968
-1.1971337036
-0.2026450675
-0.1349014425
-0.4437087213
1.0512956433
1.7538404288
-0.3125819810
-0.0408699666
1.7519014766
-2.2006778552
0.3736125482
0.2438601952
0.5626234208
0.8795340887
-0.2191438184
1.1316315739
0.4432885404
-1.0989650084
-0.3293590936
1.4837522156
0.1615987032
2.9011204765
0.3046759956
0.4124461679
-0.4739274078
1.9409352406
0.0747540333
-0.6774634294
-0.5650210489
1.1891383544
-0.8249377916
-0.1729296276
-0.5540038651
-1.8891937717
-0.9218737095
-0.6248096714
1.7875508903
-0.4741684522
-2.3945045936
-0.0482135180
0.8822796961
1.6978257707
0.7682935207
2.1530617869
-0.1443355621
1.0991949375
0.5353668318
0.5109203574
1.1131233159
-0.1728521266
1.1729937093
-0.7530500462
0.3777393215
