12 4 0.04
15 0 2 1 1 1 2 2 1 2 2 2 3 2 4 3 0 3 1 3 2 3 3 3 4 4 2 4 3 5 2
14 0 1 1 0 1 1 2 1 2 2 2 3 3 0 3 1 3 2 4 1 4 2 5 1 5 2 6 2
8 0 0 0 1 1 0 1 1 1 2 2 1 2 2 3 1
10 0 0 1 0 1 1 1 3 2 1 2 2 2 3 3 0 3 1 3 2
3 0
1 3
1 5
2 3
0 0 0 0 0 0 0 0 0 0 0 0
0 0 0 0 1 1 1 0 0 0 0 0
0 0 0 2 1 1 1 1 0 0 0 0
0 0 1 1 2 1 3 1 0 0 0 0
0 1 1 1 2 2 2 0 0 0 0 0
0 1 1 2 3 2 0 0 0 0 0 0
1 1 1 1 2 1 0 0 0 0 0 0
0 0 1 1 0 1 0 0 0 0 0 0
0 0 1 0 0 0 0 0 0 0 0 0
0 0 0 0 0 0 0 0 0 0 0 0
0 0 0 0 0 0 0 0 0 0 0 0
0 0 0 0 0 0 0 0 0 0 0 0
0.0484495935
0.2353918419
-0.5919306471
-0.0437531942
-0.4772092553
1.2422650171
-0.4314128413
1.1043043882
2.5590477283
-1.0647463715
-1.3599334130
-0.4267923712
-0.6374389495
0.2162655366
0.3167971674
1.4038592637
-0.4786095170
-0.4701361289
-2.9259176236
0.0513831010
-0.7642471768
-0.7617636205
2.1801133747
0.0941148398
-1.1263951629
-0.1219437392
1.7177522790
1.1672042959
-0.9319047430
2.1255511868
-0.3196716084
-0.0730052427
-2.0459756473
-0.9072795370
2.1995079514
0.2743963255
-0.8085709345
0.6200373081
-0.5122259356
-0.6982380319
0.0006178110
-1.5837216988
0.3711109664
-0.6074896462
1.0097490873
-1.0636871258
0.2599153379
0.8398651893
0.7229453745
-0.5524135167
0.0688954469
-1.6832811138
1.3360783031
-0.8179709206
-0.2686561226
-0.3385965458
3.0801624229
-0.2537448619
-1.1471085959
0.3629872581
-1.1466804186
-1.9868191827
-1.2180764190
-0.5733647949
-0.7341741956
1.0531068842
-0.1874516849
-0.6329203616
1.4070188215
0.5190336182
-0.7361486980
-0.1129195456
-0.5949011351
0.9037619381
-0.2554000780
-1.0535563302
0.7571642530
-1.8495203691
0.6612070970
1.7259370090
0.0506205104
-0.9214673283
-0.5665976844
0.2314022464
0.8243625616
0.4454215862
0.7000167019
-0.8275298717
0.6621687832
-1.0317234991
-0.6060542869
0.3740240469
-0.1029988572
0.6774524286
0.2988264244
2.1015448441
0.1781673603
1.1754521294
-0.0809537568
-0.3238594392
0.6054083017
0.8211049349
-0.7873380232
1.5585517488
0.2332915098
0.4828313518
-0.5734442800
-1.2560183190
-1.9115340829
-1.0742955416
-0.4312929014
-0.2202107731
-1.2886443939
-0.9836974633
-0.3456185690
0.9101639779
0.0539634139
0.1849705126
0.2262159947
-0.3900345300
0.0787313732
0.9842595053
-0.9851319671
0.9367379024
-2.0418378792
-1.4726782238
-1.2774593620
-0.6179354144
0.2018612540
1.3575338101
0.8174499392
0.1731612313
-0.0414074677
-1.4234400942
0.2127470026
0.3754517142
-0.5334719318
0.4708814874
-1.1575745963
-0.1338778436
1.6694989687
0.2589338012
-0.0939566581
0.6806317855
-0.4608621378
-0.1881436419
-0.5142758108
-0.9006259361
1.2468676669
-1.4587432864
1.0268940260
0.7031425506
1.0205455560
0.7151237352
-0.3571369719
-0.8017745908
-0.0819736971
-0.1544820801
1.1192839212
0.9040645551
0.7412458976
-1.3310080512
0.0248348162
0.4029150755
0.9336187035
-1.4538661261
-0.4019081170
0.8743505273
-0.8385399771
-0.7643503145
0.0414360305
0.5675168726
-0.9602708187
-0.0795654201
0.5669415569
1.5983221236
0.6804524943
-0.7992819845
-0.3078812299
-1.4497611641
-0.0907137844
0.1038833949
0.4281602150
-0.9503583353
2.0177326681
0.8235005364
1.5100467418
0.3869586826
1.9463569729
1.0206691789
-0.0788006340
-1.9859209433
0.2797281889
0.7643300747
-0.1743375876
-0.2405288493
0.4066775450
0.7461429600
-0.6319181275
0.6498132112
-2.3670361926
0.5605687270
-0.7314229018
0.8085921129
0.9821636844
-2.0511391407
-0.3199025316
1.0688719663
-0.7964783509
-0.3238102574
1.7344872187
-0.2021775262
-0.4568143569
0.5810124673
1.8783984800
-0.6696439370
-0.0682802177
-1.3609328068
0.7995958328
1.0163899001
-0.4603058051
-0.8172564963
-1.0352046662
0.1124585282
0.9842934921
0.8418677948
0.1445883017
2.2668599336
0.4916503268
0.6485966496
-0.5467596878
0.1443164760
0.2774175579
0.9363019882
0.1324256221
-0.1422814697
-0.2473304174
-0.2064120233
0.4109376143
0.4987864942
1.1336800709
1.8213349404
-0.7525786625
-0.2325890431
-1.5342960179
-0.9610519503
-1.2372689579
-0.7158619618
-0.4606102613
-0.9994567337
1.1920426127
1.1226595800
0.1487820353
-0.6299621298
-0.6217694499
-0.5439102724
-1.5849666106
-0.0513695087
-1.2651521037
0.6356940658
2.2423356613
-1.0142643895
-0.6128752396
-1.5381993812
0.4582039336
0.6953353130
-0.5423810037
2.2372938463
0.3387012290
-0.3077069181
0.0376633580
-3.4414956481
1.2620143019
1.1180124264
0.5583249400
-0.5022300792
-0.5876518834
0.2867490505
0.1261949888
0.7235813474
-1.1029068341
0.6832622658
-0.5381553213
0.0645501432
-1.0803535465
-0.0360716753
-0.7375096798
-0.4061613020
