12 7 0.11
8 0 0 0 1 1 0 1 1 2 0 2 1 2 2 3 1
8 0 2 1 0 1 1 1 2 2 0 2 1 2 2 3 2
8 0 1 1 0 1 1 2 1 2 2 3 1 3 2 4 1
8 0 0 0 1 1 0 1 1 2 0 2 1 2 2 3 2
8 0 1 0 2 0 3 1 0 1 1 1 2 2 2 2 3
8 0 0 1 0 1 1 2 0 2 1 2 2 3 2 4 2
8 0 0 0 1 1 0 1 1 1 2 2 2 2 3 3 3
6 9
4 6
0 1
0 1
6 0
4 1
8 8
0 1 2 0 0 0 0 0 0 0 0 0
0 2 2 0 0 0 0 0 0 0 0 0
0 1 2 2 0 0 0 0 0 0 0 0
0 0 1 2 0 0 0 0 0 0 0 0
0 1 1 0 0 0 0 0 1 0 0 0
0 1 1 0 0 0 1 1 1 0 0 0
0 2 2 2 0 0 1 1 1 1 1 0
1 1 1 1 0 0 0 0 1 1 1 0
0 0 1 2 0 0 0 0 1 2 1 1
0 0 0 0 0 0 0 0 1 1 2 0
0 0 0 0 0 0 0 0 0 0 1 1
0 0 0 0 0 0 0 0 0 0 0 1
-0.7748453393
-0.9378924329
-0.4233077284
0.7753683118
-2.0044978942
0.9058270561
-1.9277449280
0.7912893858
-1.4999746382
-0.1234297584
0.5390939484
-0.4128550496
0.3651985923
-1.5087229206
0.2626423380
0.1685259545
1.1726766818
0.7717728328
1.3151361902
-0.9705321739
1.2372423977
0.8474145714
-0.7149938332
0.6106063597
1.1311386578
-0.1429305722
-0.4785318497
-0.6210619602
0.2354250872
-1.1673060182
0.5210829207
0.2263957036
0.7152179171
-2.1425233098
-0.1294634009
-2.1535061119
-1.0324060561
-2.0580466424
0.8418827509
-0.5858826686
0.2659093166
-0.5197695839
-0.8305532344
-1.4806316532
-0.1768265984
-0.2388158870
0.3194673224
-1.5021686632
1.4501652532
0.1997227595
-0.8182941533
-0.2710397492
1.2904861226
-0.9217009186
2.2864178572
-0.1764378812
-2.2872392621
-0.4848569192
0.4934047118
0.7155153768
-0.6369785578
1.6937380939
-0.8776681667
-0.2104499079
1.3441627485
-0.7446441809
0.1169737703
-0.0130590979
0.2529159147
0.0258155139
-0.7854795980
-0.0141769601
-1.0122191404
1.5756285183
-2.1509964314
0.5754373441
-0.8469072486
0.2791961186
0.8365662621
-0.3399031138
-0.5451997686
0.2411421953
-0.0565320435
-1.6670278330
0.4216892773
-0.5332867261
-1.1549291061
1.0634623661
-1.5521817589
1.3604329457
-0.4963573502
0.1323500045
-0.8819870818
-0.0867968368
0.6096177012
-0.0521358507
0.2758334044
0.6666402396
0.7141450669
0.8295988382
0.9803857944
2.0969483213
-1.1548502773
-1.4819395516
-0.3613328758
-0.4356710704
0.1611183080
0.4706094190
0.3554098734
-0.5774686657
-1.5207571923
1.0498190568
-0.4744473250
1.9845212866
1.7617435493
1.7975522360
-0.1833559892
1.0287766258
-0.7842821444
-1.5589300108
1.6041409614
-0.0252976942
-0.4170349533
-0.6071080762
1.2167086227
1.2117787116
-1.6538971214
0.0622074488
-0.2267877886
1.5817307448
0.6899325978
0.8722007742
-0.0494535515
-0.9675983849
0.0873629532
0.9710894409
-2.0092926227
0.6706457881
-0.8273912007
1.6859574986
-0.5393756471
0.8723542619
-0.2651024584
1.3148234087
0.8972154571
-0.0668508901
-0.0222254217
0.2096149186
0.3785053265
-0.0486814731
-0.9969757381
0.5990197649
0.3651889955
1.2066148700
-0.2373547007
-0.8410996812
-0.5218113469
-1.3025417176
-0.2135237997
-0.4793730627
-0.1056653677
-0.0004530667
0.0074748209
-1.0381326166
-0.5742769865
-0.0085715959
1.7647670332
0.7851924884
1.1929136696
-0.1944393736
-1.9418629425
0.3278889786
-0.0270966862
-0.0523557492
0.6063167389
1.4084147988
-0.9042149418
-0.0999443847
1.6382021457
-1.0796322372
-0.3780235898
1.0013559929
-1.2515296733
-0.5702071768
-0.5449490225
-0.0460007657
-0.6669166521
-1.4231150799
0.2945847801
1.6109439282
0.3823415036
1.5051256327
0.1429095024
0.7650449723
2.0336893024
-1.3405160139
0.1886605443
0.4683467457
-0.5145453067
0.7418224330
0.0317869365
-0.6683077562
0.7452581325
-0.6178033906
1.2578390708
0.2721618177
0.8993037103
-2.0938316672
1.2798152991
-1.7649239178
-0.5504243304
-0.4284416717
0.6442465344
-0.0115340140
0.0807772103
-0.1581630847
-0.4344216505
-1.0678678444
-0.6417840141
-1.7727841792
0.2404146064
-1.0872309648
-1.1263347362
-0.8080975591
0.4972887575
-0.5720962596
-1.3146612914
-0.2380396551
-0.0175299290
-1.4161721255
-0.2142471441
1.6600809281
-0.9837004701
1.2361360540
0.9265487634
-1.4383292234
-0.0775034125
-0.6055082325
-0.1154580855
0.7099978829
-0.7650459535
-0.6442723401
0.9791052080
0.5844692442
1.4082574549
0.4223624477
-1.1677601109
-0.1996840082
-2.0526611060
-0.6915615061
-1.6696680561
0.7373048970
-0.6089128809
0.5993890301
1.0598597389
-0.5914569398
1.7811657854
1.0782475694
0.6030183433
0.7036623983
-0.8853222867
0.0039636268
0.7823749236
0.7582394230
-0.0995117592
0.3412783936
-0.5683827569
-0.5884293694
0.7762811606
-0.2487483296
0.5606234022
-0.9036542856
-0.9732130564
0.6500627811
-0.0896723470
0.4882863779
-2.5525727667
-0.0184258364
0.4307004895
1.1512423140
-0.5270499269
0.0632504944
-0.6509825994
-0.6336144710
-1.0745523243
0.2963834179
-0.7569992337
0.2812884796
