19 16 0.19
13 0 2 1 0 1 2 1 3 2 0 2 1 2 2 2 3 2 4 3 2 3 3 3 4 3 5
9 0 0 0 1 0 2 1 0 1 1 2 1 2 2 3 2 4 2
11 0 0 0 1 0 2 1 0 1 1 1 2 1 3 1 4 2 2 2 3 3 3
10 0 3 0 4 1 0 1 1 1 2 1 3 1 4 2 0 2 1 3 0
12 0 1 1 1 1 2 2 0 2 1 2 2 3 0 3 1 3 2 3 3 3 4 4 1
9 0 1 0 2 1 1 1 2 2 0 2 1 3 0 3 1 4 1
10 0 1 0 3 1 0 1 1 1 2 1 3 1 4 2 2 2 3 3 2
10 0 4 1 0 1 1 1 4 2 0 2 1 2 2 2 3 2 4 3 1
9 0 1 1 1 2 1 2 2 2 3 3 1 3 2 4 0 4 1
9 0 1 1 1 1 2 2 0 2 1 3 1 3 2 4 0 4 1
9 0 2 1 1 1 2 1 3 2 0 2 1 2 2 3 0 3 1
12 0 2 0 3 1 0 1 2 2 0 2 1 2 2 2 3 2 4 3 0 3 1 3 2
9 0 1 0 2 0 3 1 0 1 1 1 2 1 3 1 4 2 2
13 0 2 1 2 2 0 2 1 2 2 3 1 3 2 4 0 4 1 5 1 5 2 6 0 6 1
9 0 1 1 0 1 1 1 2 1 3 2 3 3 3 4 3 4 4
9 0 2 1 0 1 1 1 2 1 3 2 0 2 1 2 2 3 1
10 10
3 12
2 1
5 12
1 1
12 8
14 2
8 6
1 15
0 14
5 9
13 9
10 11
1 12
6 4
4 14
0 0 0 0 0 0 0 0 0 0 0 0 0 0 0 1 0 0 0
0 0 1 0 0 0 0 0 0 0 0 0 0 0 1 1 2 0 0
0 1 2 2 0 0 0 0 0 0 0 0 0 0 2 1 1 0 0
0 2 2 2 1 1 0 0 0 0 0 0 2 2 2 1 2 1 1
0 1 1 2 2 1 0 0 0 0 0 0 1 2 2 1 2 1 0
0 0 1 0 1 0 0 0 0 0 0 1 1 2 2 3 3 1 0
0 0 0 0 0 1 0 0 0 0 1 1 2 2 4 2 2 0 0
0 0 0 0 1 1 1 1 0 1 1 1 2 2 1 1 0 0 0
0 0 0 0 0 0 0 1 0 1 2 0 1 0 0 0 0 0 0
0 0 0 0 0 0 1 2 0 0 1 0 0 0 0 0 0 0 0
0 0 0 0 0 0 1 2 2 1 1 0 2 1 1 0 0 0 0
0 0 0 0 0 0 0 1 0 0 1 1 2 2 1 1 0 0 0
0 0 0 0 0 0 0 0 0 1 2 1 1 2 1 0 0 0 0
0 0 0 0 0 0 0 0 0 1 1 1 2 1 1 1 0 0 0
0 0 0 1 0 1 0 0 1 2 0 1 0 0 0 0 0 0 0
0 0 1 1 1 1 1 0 1 2 1 1 1 1 0 0 0 0 0
0 0 0 0 1 1 0 0 0 2 1 1 0 0 0 0 0 0 0
0 0 0 0 1 0 0 0 0 0 0 0 0 0 0 0 0 0 0
0 0 0 0 0 0 0 0 0 0 0 0 0 0 0 0 0 0 0
1.1959234635
0.2572685624
1.1212387317
-0.7874945780
1.5575432396
-0.2355774169
0.6993150208
-1.2554028903
-0.2679822866
-0.5572620550
-0.3473088466
-0.1532931597
-0.7506583642
-0.3768384012
-0.4728998623
0.3929276855
0.2028422591
-0.2058044824
-1.8525594842
-0.5410522718
0.2803940231
-0.1824746854
0.2248063457
-0.4570792764
1.2438461915
0.2757258977
-0.1263941144
-0.7578999961
0.0411502968
-1.4819501294
-0.0896298235
1.4881389639
-1.4064534655
-0.2233422914
-0.3920463595
-0.5194846813
-0.5059980552
-0.3621149587
0.3025060973
0.0780712027
-0.3258085295
-0.4531189808
-0.9591370404
0.0501572880
-0.3585706018
1.1387021726
0.7960336624
-1.6151919101
0.4189028952
-0.9197556784
-1.5818766176
1.0492290655
-1.2415536287
-0.0010570149
-0.5240722374
-0.3728672016
0.9840016154
-0.5994223371
-0.3159395992
-0.8754950070
-2.1055165613
0.8424840689
-1.3279285434
-0.0621659727
-1.0637309767
-1.4286747611
0.8597063306
0.3102453629
-1.1555147273
-0.0880963858
0.6175949679
1.9371860068
0.2552199661
0.4305548686
0.5605525305
1.4987652651
0.3340724359
-0.4293558664
-0.2387252949
-1.3914757487
-0.0488269221
-1.0462037165
0.4006322019
-0.5052214572
-1.8649169638
1.3857673495
0.8196290305
1.1471996317
-0.3373195263
-0.0745944253
1.6452381711
-1.1917431705
-0.1065822265
1.6369145820
0.2437512196
-0.1797747684
-0.1792005702
0.5002114284
0.2687259483
0.9313930540
-0.5768998528
-0.5480906082
0.4207036145
-1.6419498944
-1.7549775947
-0.9862163379
-0.0996933484
1.3408632702
0.4060724153
1.2551987745
0.9591881697
0.2614860699
0.2935485290
0.3910233767
-0.2210880570
-0.7807107578
1.7741602211
-0.6359897662
-1.5868053301
-0.2284362178
1.9375048597
0.6426316852
-1.9119683088
-0.5179869176
-0.6612285994
1.7993520795
0.3023655281
1.0965588791
1.2136936706
-0.1225869299
0.1977450704
-0.6524528093
-0.2229602305
0.8091719938
-0.7261045645
-0.5269003049
-0.2092478412
-0.6167934103
-2.1658372504
0.0480312815
-0.3776530244
-0.1926896378
-1.2698119386
1.8725659724
0.7539011827
0.1797990357
-0.5476673167
-0.4722662852
-0.0192296301
0.8346480699
-0.1576411941
-1.1773183499
-0.2490266359
0.0029038519
-0.9353535709
1.5586227893
2.6834655780
-0.5874328514
-0.5043841488
-1.0029728299
-0.3127437494
0.5914048153
-0.8315535383
-0.1844805837
0.6630816459
0.4365932205
-2.2589093561
0.9239833491
1.1872697402
0.3922750547
0.3249703659
1.9232495114
2.0720471849
-1.1428382663
-0.6328632314
0.4408914653
-0.2282351876
0.4103855863
1.0846054734
-0.2105704825
-0.7184228704
-0.6094531087
1.0920350113
0.3649130301
1.4975231611
1.1947648673
-1.9679401494
-0.2195325413
1.9207582664
1.0565527671
-0.7794571581
1.7044833151
0.8459006942
1.3756747589
-0.9686287530
-0.2885444324
1.2972478752
0.6927878274
0.7595521295
-0.0351285789
0.6405033031
-0.0881613801
-0.3052318861
-1.3815044796
-1.1341684261
0.1751867670
1.3785491932
0.7066101886
0.7892253235
-1.0446172990
2.0122512793
-0.3979061040
1.1341219462
-0.1785417109
0.8041828420
-0.1931850811
0.0481755141
0.5650568838
1.4022382011
0.0978757052
-0.4088965114
0.2261064096
-1.3050886418
2.0154892394
-0.6388983316
2.0871697399
0.6191787118
-0.1411493995
1.3993962610
0.9091250231
-1.1846134368
-0.8218717453
-2.2636777949
-1.0609185530
0.6978149284
1.3819684871
0.1316340742
0.4476926063
-0.8811090048
0.1600335143
1.4740840387
-0.3225034406
-0.2163997335
0.4183244109
-1.2521520057
-0.9097507209
-1.5138549716
1.1130858911
-0.1337443832
-0.6229951077
-1.1411788713
-0.9180895447
-1.0565675467
-0.8157344445
-0.0594161495
-0.3076255073
0.8982416295
0.2889857058
0.2153836293
0.4872275452
-0.3686036190
0.3168199822
-1.3562953421
-0.5875004532
1.2581488214
0.1086446879
0.7451440223
0.4758437957
1.1888756407
-0.2861591459
1.0666744387
0.7464567479
0.2661465656
0.7812794742
-0.0506098529
1.1351585661
0.0340552043
1.3076494904
1.6594160969
-0.4800493606
0.7840868141
-1.9254888152
-0.0627410243
0.4700264381
0.5694977881
0.2661343643
0.5084810348
-0.1171387853
-1.2793263875
-1.3082174678
0.4943493967
0.2851965033
1.5263677975
-0.0594174457
-0.5432495186
0.0367400641
-0.5425175546
2.7123843281
-0.0451847950
0.8174613222
0.1491544979
1.5544741136
0.0651341783
-0.7705898044
0.8441784277
-0.9384497668
0.7630415405
-1.1005494424
0.1101606026
0.5799796810
-1.6205876561
0.2755773663
1.2754675380
1.1098575959
-0.6051549642
-0.0465501489
-0.6226922655
-0.5844121150
0.6743455722
-0.4315019647
1.0478509712
-0.4625802283
1.8218242242
0.6271674767
0.8231542786
-0.2788664324
0.1572320587
0.1828289164
-0.8845808824
-0.4196771077
1.5006813057
0.7846674781
-0.4198896016
-0.4608049377
2.4005633473
0.8763938828
-1.1307409841
-1.0028585358
0.2086585657
-0.5599841179
1.0787329365
0.9228518648
0.7588429358
0.6990598227
-1.2170667242
-0.7090296468
-0.0103539946
-0.9491172868
-1.0094573723
1.2634452083
0.7226850828
0.0838171673
-0.3628070573
1.2469048314
0.1917518829
-0.0028902802
0.2746882712
-0.3143226962
-0.4584085772
0.4934641485
0.3312738182
-0.3024477587
0.2065562248
0.1167549985
-0.2666666252
1.0715562695
-0.6702326008
-0.7548300420
0.7892096208
0.2766259079
-1.0031517952
1.6703406835
-0.3454725561
0.9692855508
0.2714742456
0.2616070010
-0.2183389907
0.0845284348
1.4197140246
-1.6149215683
-0.3033801057
0.8693412945
-1.0297997477
-0.9933918534
-1.8106796618
-1.3995633381
-0.4047275567
0.0991930666
0.0905427801
-0.0370868271
-0.7647127065
1.4065800643
-0.3221347939
0.0155708632
-0.1713993539
-0.9684841261
-0.1643182183
0.0126762033
1.2105621127
-2.1995392674
-0.2625992065
1.2597929304
0.2478299341
0.3859797294
-1.2895684971
-0.0294423896
0.9249884674
-0.2103923928
-1.6698448849
0.4277556963
-0.2743763524
-0.3135020814
-0.3045056216
0.8051399319
-1.4886000306
-0.0403270472
-2.0436507786
-1.0632681740
-0.1546143614
2.3839250992
-0.6682509832
-1.4497707719
0.8478730402
0.3007395304
-0.3041614114
-0.4267676953
0.1175390384
-0.3391281226
-0.4610631391
-0.7484880004
-1.2476365674
-1.9963518295
-0.0401521085
0.1638699730
1.0507601221
1.0880364908
-1.8643782434
1.3847290039
-0.1049557302
1.3028041682
-1.6069910559
-1.3578750987
-1.1367821560
-1.2312081620
-1.5438958546
0.0529859887
-0.2322154511
-0.0238409127
-0.1597061963
1.5233170006
-0.5162550530
-0.1930126207
0.6418663154
-1.6874085492
0.2821251193
0.1340756901
-0.4275624303
0.5683974756
-1.1751928753
-1.8357890244
-0.7435931470
-1.9413708354
-0.6429208086
-0.2377655341
-0.4058071805
1.8929211839
-0.4635677426
0.5123221342
0.3469459255
-1.4609337987
-0.1459513583
-0.1816329407
-0.5093424737
-0.4612059972
0.6338225866
0.6538917077
-0.1915746002
-2.9023019367
-0.0609013973
-0.0879289794
-0.5920796382
0.4523178760
-0.6553692198
-0.0178934450
-1.1922546900
-0.1248778417
-1.2738341850
-1.5611315817
-2.7948945194
-1.8493049814
-1.2363545149
-0.7639564520
0.7792083119
-1.4020261181
0.5447029704
0.7190553131
0.4600075748
-1.5112288002
-0.7655033925
-1.2726238001
-1.6056847485
-1.5630785020
-1.1910417585
0.2238122139
1.0757225331
-0.5604771443
0.5229223377
-1.7941953531
0.2873313932
-0.8581885757
-0.7857180407
0.3224428647
-0.6468584480
-1.0198519416
-1.1284405791
0.3868297470
-0.8804954603
1.7200386495
-1.6186361815
-1.8245572890
0.7471263303
-0.4085708090
-0.1979839234
0.1202060612
1.6311401313
1.6152129713
1.1139121805
-0.8084726899
-0.8434616155
-1.2035437934
-0.8448548313
-0.1677342052
0.8799741326
0.0466574879
-0.5022516466
-1.5104877401
-1.1152387274
-0.6466845266
-0.1938268471
-1.4148117418
0.6743818343
-1.3993868052
-0.4201580587
0.9301939480
-0.5128935064
0.8321162309
0.0992510213
-1.8442775909
1.7035345593
0.0304526649
-0.1874322291
0.1576688053
-0.5682727718
1.2540057968
0.8467561196
0.0360831135
-1.8347799237
0.0321575173
0.1288239044
-0.3482237450
0.8791147656
-0.5231944705
0.9442899385
2.3129124043
-0.3693998106
0.0958978429
-0.3060247842
1.3924177854
0.7109554843
0.6284522257
0.7886081464
0.0537573445
-0.3419780517
-0.8461518730
0.6156050607
-2.1850757551
0.9521052114
-1.0223303862
2.9720639961
0.1324378540
-1.2411181788
-0.5318737038
0.6405325652
-0.1327662960
-0.8863148327
0.0415939887
-0.1573954193
-0.1729846258
1.6413552975
0.0010940048
0.2373790664
0.3428275929
0.7967551237
-0.7589722697
-0.8772639186
-0.0123862318
1.0336964266
0.9179053575
1.8690988133
-1.8960052957
-1.1946616090
1.6643884023
0.3242201467
-1.4429055721
-0.7715380274
0.2090249064
1.8403692350
0.4709440055
2.1189427408
-0.1867731831
-0.2124302705
2.1880299140
0.6699638040
-1.3160009706
-0.6246078984
-0.0721896287
0.2291886237
-1.5636618784
-0.1897183744
2.0317765679
-1.4143490189
0.6938804284
-1.2344226913
0.0143148962
-0.7415338338
-0.6006469414
0.1640733730
-0.8839352540
1.4082110398
-0.8123763195
-1.6316536128
0.6288908111
0.6758468452
-0.6717162800
-0.6569083487
0.8953103822
0.4636181191
-0.8557235861
0.2537424465
1.7283192422
0.9573697588
1.4138461390
0.9133368190
-0.2049712868
1.8969883282
0.2927253174
-0.4391138208
1.7406844756
-0.1481156149
-0.2539786958
0.7616453296
-0.0750201524
-0.4586454916
1.1043358916
-0.1173881591
-0.1827978526
-0.7042606459
2.1655139249
-1.5772499444
-0.2818414470
0.5721918479
-0.8908282726
0.5775556978
-0.2788424468
0.0256697416
1.1476200576
-0.6644655592
-0.4517631972
1.1587083080
-1.9646295850
-0.2388848451
-0.5668560306
0.2303548448
1.2736454868
0.6215553749
-0.0499931949
1.2783560959
-0.3344399781
-1.1776559998
-0.3106954555
1.0884787279
-0.2245850573
0.1553722543
1.7151291406
0.7042422327
0.4592534421
-0.7015491371
-0.5955866539
-0.0623424374
0.0259098657
0.6818916341
1.5407289278
0.5844199823
-0.3598791422
-0.7793841774
-0.9935621745
0.9200712501
-0.8093037124
0.6684344684
1.1487948729
0.6906986481
-0.8689488262
-1.0710664690
1.7128468442
-0.8807663707
-2.1576237032
1.7841878676
-1.5868213393
-0.8061909253
0.3216238043
0.7375010710
0.4424989880
-0.9370920560
-0.1937731044
1.6016202654
1.5205308537
0.4071789243
-1.5067056669
1.4416882053
0.4335836810
2.6020189437
1.4478389086
