17 8 0.14
9 0 1 0 2 0 3 1 1 1 2 2 0 2 1 2 2 3 0
8 0 3 1 2 1 3 2 0 2 1 2 2 3 1 4 1
8 0 2 1 2 1 3 2 0 2 1 2 2 3 2 3 3
9 0 1 1 0 1 1 2 1 2 2 3 2 3 3 3 4 4 2
9 0 3 0 4 0 5 1 0 1 1 1 2 1 3 1 4 2 3
6 0 1 1 0 1 1 2 0 2 1 2 2
9 0 0 1 0 1 1 2 1 3 1 3 2 3 3 4 1 4 3
5 0 2 0 3 1 0 1 1 1 2
4 8
5 12
5 8
4 3
1 4
8 4
4 5
9 5
0 0 0 0 0 0 0 0 0 0 0 0 0 0 0 0 0
0 0 0 0 0 0 0 1 1 1 0 0 0 0 0 0 0
0 0 0 0 1 1 1 1 1 0 0 0 0 0 0 0 0
0 0 0 0 0 0 0 1 0 0 0 0 0 0 0 0 0
0 0 0 0 1 1 0 0 0 1 1 1 0 0 0 0 0
0 0 0 1 1 1 1 0 0 1 2 0 0 0 0 1 0
0 0 0 0 1 1 1 0 1 1 2 1 0 0 1 1 0
0 0 0 0 0 1 2 2 3 1 1 0 1 1 1 0 0
0 0 0 0 0 2 1 0 1 0 1 1 0 1 0 0 0
0 0 0 0 1 1 0 1 1 0 0 0 0 1 0 0 0
0 0 0 0 1 2 2 1 0 0 0 0 0 0 0 0 0
0 0 0 0 0 0 0 0 0 0 0 0 0 0 0 0 0
0 0 0 0 0 0 0 0 0 0 0 0 0 0 0 0 0
0 0 0 0 0 0 0 0 0 0 0 0 0 0 0 0 0
0 0 0 0 0 0 0 0 0 0 0 0 0 0 0 0 0
0 0 0 0 0 0 0 0 0 0 0 0 0 0 0 0 0
0 0 0 0 0 0 0 0 0 0 0 0 0 0 0 0 0
-0.7138146963
1.4613326099
-1.1308299318
-0.2327095089
-2.2216678134
1.2072298573
1.2440154788
0.7098260415
-1.3285120853
0.6164912628
1.2779008119
1.6937084112
-1.5054088136
2.3112514628
-0.7197977519
-0.4857307848
-0.1956364556
-0.7104671195
-0.3485927034
-0.0967428690
-0.4221971624
-0.2169049840
0.0057037077
-0.5432728483
0.6011464166
0.1591965555
1.3810313890
0.3194200413
0.0833144569
0.6142216055
0.2385765430
-1.9608638588
0.8516691022
-1.3800857318
-0.7920743969
0.3090246956
-0.4642211733
1.5491851377
-1.6991666529
-0.5226730575
-0.0822007533
-1.1988754439
0.3655177905
0.7691305774
-1.1459418242
-0.2861870512
1.4977882014
0.1669272536
0.5128262747
1.6799890167
-0.2013995160
-1.3465043391
-0.7716695940
0.3861891077
-0.0763896726
1.8151967210
-1.3576106130
-0.8601296680
-0.3625258422
1.5407507060
-1.0920158679
0.7727284306
0.1629090025
-1.0737283648
0.7970243136
1.4379678559
0.4931509160
0.5024075837
1.2652346395
1.1187704399
-0.0237614155
0.7401223194
0.2180164710
2.3079735908
0.7124934536
0.8954791811
0.8037163318
0.5177898161
-1.2157912739
0.3820343034
-2.0938529306
-0.3797462350
1.7952165635
-0.8092048066
-0.6799358483
-0.4230563949
-0.3064608147
-1.0962106058
0.7947779714
-0.3762795329
0.4421179651
0.0478651799
-0.4004774565
0.1666559508
-1.0752170835
0.6016197085
-1.3366412767
2.0942152555
1.8989345627
-0.5814257825
0.1526157359
-0.5005536909
-1.4807919192
0.8087971638
1.0397625521
0.7770376445
0.0517676490
0.0470346472
-0.6252650178
-0.1093706124
1.5566939879
-1.9265005575
-1.0998259529
-0.7924092480
-2.0945199413
0.5470330772
-2.1839940058
0.5088800400
2.5623000214
0.7636989305
0.7842814971
-0.0756582024
1.2446574060
-0.5230294746
0.7295716954
-1.1927675745
-0.6021333257
0.5090399705
-0.2270893838
0.6502943141
0.8455453818
0.2957709761
0.5146910210
-0.0260527358
-0.0689615509
-0.7473835310
-1.2508968224
0.7264916882
-0.4352560492
-1.7717778157
1.1484939326
-0.0449462547
1.1525814511
0.2779258888
-1.0321867540
-1.2780521647
-1.0775389072
-1.5411452156
-0.8550978546
1.9233047751
1.7062840423
0.0972156217
-0.2029585210
-0.3853312503
0.1854717131
1.6373952268
0.9688245744
0.7055924384
-1.9344404035
0.2527193190
0.6756538076
0.9519864561
0.7688146789
0.4233701658
2.0638297827
0.1226681150
0.5771071149
1.0653179580
1.2749566423
-0.0944381152
-0.6464247476
-0.7557881436
1.6205424631
-0.3656815038
0.6647289755
1.6635635129
-1.1674234992
-1.1903563284
-0.8647595003
-2.1886837473
-0.4544074035
2.5336581328
0.0540281196
-0.5081184005
1.7546501812
0.6661880355
0.9437378880
-0.9224514153
1.3706149654
0.5373933033
-0.1730771751
0.1695363372
0.6145175319
1.3940045627
-1.3375056927
-0.9768685341
-0.1472936502
-0.9818527440
-0.1708184568
0.3404132526
-0.3838905805
-1.0695768636
-0.2089203828
-0.7563968120
-0.1631618973
-0.6184767645
-0.4220522820
-0.1439950673
0.8706122466
1.3275001437
1.4924704210
0.6203765881
-1.0141853856
0.7311054419
0.2008441433
0.0380455053
-1.5965669626
-1.6215559917
0.6093603188
-0.2230673431
-1.0052947608
-0.4511940394
0.9149540575
0.8118506511
0.2057239204
0.9217351767
0.2229045108
-0.8157838481
-0.4584289331
1.2130883578
-0.6347740033
-0.9686101151
0.7252501070
-0.9106815973
0.0718270013
0.7492544850
0.3139566932
-0.1445556085
-0.5410718602
-0.4171095825
-0.2480980016
0.9874850555
-0.9559586570
0.1299813122
0.2035704576
0.3144846963
-1.7455156852
-0.7547228328
1.7004322570
0.8667995953
1.5696716486
0.8820173768
-0.4804780748
-0.2035412341
0.6504916208
0.7136754521
0.5057945372
-1.4221616795
-0.7754849747
1.3491842137
0.3203374774
-0.4854576934
-1.0678179383
-0.7033263394
-0.6804548851
0.0797676564
1.1844900599
-0.0346333347
-1.0530629662
1.0373348728
0.6094073712
-0.5142931022
-0.4700817811
-0.9593774030
0.4062082417
-1.1781335284
0.5761462397
0.8633948043
-0.7436960470
-0.1219269702
-2.1467311250
0.3300407149
0.4917531445
0.2057753452
0.0789405653
-0.9111577993
-0.0425933848
-0.1606816672
-0.2015666239
-0.4994427955
1.8711109022
-0.2362803148
0.5734501570
1.1961509675
0.0763641059
-1.2504044903
-0.2705369174
0.1128880317
0.5123572576
-1.1961970696
-0.0047393929
1.9279366671
-1.0718728342
0.0394623855
0.7848430366
0.6400903243
-0.8113655378
0.4629666533
-2.0285940112
0.6979097102
-0.1173266669
1.2729799602
1.1133716407
-1.0114402392
-1.2460756489
-0.1665186291
-0.7285063604
0.2706104960
0.5517496344
0.3658942307
0.2819218847
2.1588535002
0.4520503896
0.7320013173
0.2604797163
0.9091175525
0.5556253391
-1.7898536800
0.8102422921
-0.3511132925
-1.7823668666
-0.5751154137
0.4324244197
-0.3652739644
-1.2902392486
1.4721035007
-0.0661792053
0.7616688377
-0.2067497002
-1.2160368439
-0.4763470980
-0.6269325600
-1.1734374758
-0.2730716364
-0.9607348205
0.0032532122
0.0307700122
-0.6826290451
0.6435005770
-0.5452714736
2.4009095908
-0.3980033239
-0.9298883125
0.5528728069
0.7678883843
0.7735410350
-0.9267745973
-0.5280807021
0.3062648878
-0.1492180396
0.1218937963
-0.2477829140
-1.6704783790
1.8559027788
-0.3920601713
1.7967657733
0.8916497747
1.4501079720
-1.2326635674
0.8512656111
-0.5438274912
0.6987795425
-0.5556017820
0.2134302692
0.5233361198
-0.4156237011
2.1022012527
-0.1857178212
-0.9095907663
1.3132971408
1.9326265092
-0.3906389564
0.0551098583
-0.8050673621
-1.1532933965
-0.2757504289
1.0583604138
0.5575125812
-1.0576981528
-0.9047671389
-0.2293255493
-0.7489831087
-0.2908321475
0.8005602826
-0.8714087203
1.2132549443
-1.6004713831
-0.2581537000
-0.0101505639
-0.9331890533
-0.1704788072
2.5228480277
-0.3849176391
0.7370208565
-0.7040149556
-0.2904087172
-0.4345470100
1.9635581822
-1.7519072409
-1.6495427663
0.1930394288
0.6957244938
-0.1494171234
0.5468150759
1.6595708864
-0.9022082173
1.8562336768
0.4484772942
1.5096281756
1.0844641912
-0.7518664244
-2.6395107328
-1.5874748723
-0.5001365264
0.3378436155
-0.2244365830
-0.2460750252
-0.2208135770
-1.6451600794
-0.1452910735
2.6762255319
1.2379416558
-0.1729830046
0.0078783848
1.7030179658
0.2773760144
-0.3453118888
1.5269594473
0.2770154636
-1.1825879642
0.6982027832
-0.2089163685
1.1997730140
-0.9161309574
1.2430439150
0.2194340296
-0.9202262914
0.6250554731
0.7448880933
-1.1097550177
0.7490999160
-1.8544932755
-0.7167352442
-1.5952723993
-0.5134926488
0.7637233301
0.2789255140
-1.5493199417
0.9027592035
0.0100518676
0.6809924043
-0.8719771630
1.0276148503
-0.1384491841
-0.5439477663
0.3693456902
0.6145104934
-0.0714054761
0.3210442863
1.7096680957
0.7571671196
2.7129535681
-0.2274899753
-0.3122401598
-0.6886835170
0.5901099195
-0.5179457812
-1.2648953255
-1.2980552809
-0.3668593104
0.6209643349
-0.8454989483
-0.1449420242
-0.2535670636
-0.1196956622
0.6978511259
-0.6383983009
-0.0101307024
-0.0518557220
1.4153246855
-1.4313675250
-1.5239544145
-1.6510073101
-2.0935744264
-0.7012189913
-1.1502508769
1.2865330025
0.4791979092
0.6880652876
0.5705064835
1.7809674197
-1.0971980769
0.4913408780
-0.4676936267
0.8847272147
0.2675328912
-2.6091913338
-0.8424365623
0.0689618260
0.8284592722
-0.2082119126
-0.4955980316
-0.7339019705
-0.7118660109
-1.1297781213
1.0734554358
-0.6403305376
-0.7863380040
-1.8124257684
0.7234161289
-0.0176703059
0.7759518740
-1.5203659120
-4.4127484077
-0.9924486194
0.4939071406
0.7686152215
1.1775416810
0.4574120018
0.8671053551
-0.0683606115
2.5809519488
0.5895230328
0.4207084730
-1.8014476272
-1.8868591831
-2.1235694857
-0.5137918417
-0.2032313480
0.5690688332
0.4246377480
-1.2125469205
0.4325423998
-1.0966147155
-0.8680877412
1.8909336117
-0.0685180969
1.0263464635
-0.6373644248
0.7259432831
-0.5203635603
-1.3967149179
-0.7885379395
0.2013186937
-0.6872124846
-0.1611244101
0.9659076291
0.7462473701
0.4409823465
1.2719947046
1.4108183412
1.7871265975
0.5704047353
0.1777163144
0.6069114944
0.2122577962
1.3956255906
0.0402468909
1.1423186403
0.1107607072
-1.0146770190
1.9023614514
-3.5049901202
-0.1997145962
0.5318625058
-0.5589546153
-0.3177330028
-0.8106794174
