10 4 0.07
9 0 1 0 2 0 3 0 4 1 0 1 1 1 2 1 3 2 3
9 0 0 1 0 1 2 2 0 2 1 2 2 2 3 3 0 3 1
9 0 2 1 2 1 3 1 4 2 0 2 1 2 2 2 3 3 3
9 0 0 0 1 1 1 1 2 2 1 2 2 3 0 3 1 3 2
1 2
1 2
1 3
1 2
0 0 0 0 0 0 0 0 0 0
0 0 2 2 1 2 1 0 0 0
0 0 2 2 3 2 1 1 0 0
0 0 1 3 3 3 1 0 0 0
0 0 2 2 1 0 1 0 0 0
0 0 0 0 0 0 0 0 0 0
0 0 0 0 0 0 0 0 0 0
0 0 0 0 0 0 0 0 0 0
0 0 0 0 0 0 0 0 0 0
0 0 0 0 0 0 0 0 0 0
0.4495001014
-0.7185771924
-0.2375775991
-0.1822384557
1.0900462390
0.2298380784
-0.2523588021
-1.2503976540
1.1079541862
-1.2728606913
0.1288105823
0.6248143588
-0.6262872623
-1.3319291183
0.4338281656
-1.0884084823
-0.1056747177
0.4175651129
-0.0399714950
0.7564985886
0.3859869538
-1.9876013998
-1.0756954971
-1.9607569027
0.7729594676
-0.9780858241
0.5318889591
-1.7574649198
0.1315714699
-0.9404841512
-1.4620649654
0.5091716560
0.9540421099
-1.2934174836
0.6757603987
-1.2715985760
-0.2140183581
0.3087762240
-1.5340600093
-0.6678593180
1.4546953997
-1.4143970597
0.1212095889
1.0702450461
0.6395122236
-0.2542036347
0.9430738148
0.6981669005
-0.3099799914
0.1587288065
0.3451631052
1.8725831688
1.1460253231
-0.0472727325
0.8284365348
-0.4230400749
-0.5519963754
0.8444278193
-1.2959627907
-1.6913135123
-0.9811088955
0.4939238143
0.6242676869
-1.9839006328
0.8402696815
-0.6475312223
-0.6072311405
1.4266190865
0.0240255627
-1.1510397179
-0.0975530563
-1.5755433393
0.9732623088
-0.9468801879
1.1336185742
1.6688892673
0.3274377100
-1.6446875890
-0.6466070276
-0.2884904102
-1.0315677913
0.5262196795
-0.5239742283
1.3314494207
0.4554777331
0.4200889227
-1.9617833119
-0.3983532750
1.8727989402
0.9963887616
-0.7198816393
-0.6485797097
-2.1478735483
-1.8200963023
-0.4428269248
0.2746289848
0.2290493831
-1.2431340444
1.0340642015
0.7212211304
0.2250372265
1.0023326696
1.1321159305
-0.4137578395
0.3372195568
0.8085607502
1.2275160387
0.3033962318
0.2306453928
2.4055186724
1.8099892981
1.1331985991
-0.4039311460
-0.5356069913
-0.0799568278
-0.1890005496
-0.2846057528
1.7997574460
-0.7923232530
2.2661928177
-0.2906551886
0.0259554616
-0.8144253318
0.1375794562
-0.3592964641
-0.0128621444
0.2863680049
0.0028123752
0.6365680199
0.0559269147
2.4726768896
1.5076659113
-0.9151745952
-0.3389559975
-0.4529139800
0.6310584436
0.9159944537
-0.0033187399
0.2660493900
-1.3064393880
1.2889943094
0.0156387173
-1.0656023594
-0.3919344005
-0.3770405105
0.5519234568
0.0613549520
0.1242436289
1.7838678423
0.0491204284
2.2607801010
1.8838820163
-0.1523555413
0.0711505151
0.3858310334
-0.4904564792
0.5851766003
0.4392519170
-1.9425413900
-0.3274088535
-0.1528751562
-0.0532849571
-1.7244037795
1.6841167213
-2.0619854331
1.3414872585
-0.4052087039
0.7994631965
1.6154891285
0.7348201489
0.7822030091
-0.2540556731
-0.7546163266
0.0355825381
0.8501077580
-1.1232409359
0.2252541200
1.8958938151
0.5056202309
-1.0063764059
-1.1619744467
-0.2595588122
-2.1164814519
0.4482179504
-0.5811695551
-0.8656461552
-1.9070935835
1.0944425541
1.6214418825
-0.2606147568
0.9268103974
-0.9419182485
-0.7318574730
-0.0481969569
1.6113024950
0.7172453635
-0.4867139442
-1.5884686632
0.2525260754
-0.6581943623
