14 7 0.13
10 0 3 1 0 1 1 1 2 1 3 1 4 1 5 2 3 3 2 3 3
10 0 0 0 1 0 2 1 1 1 2 2 0 2 1 3 1 4 1 5 1
8 0 1 1 1 2 1 2 2 2 3 3 0 3 1 3 2
12 0 2 1 2 2 0 2 2 3 0 3 2 3 3 4 0 4 1 4 2 4 3 5 2
11 0 0 1 0 1 1 1 2 2 0 2 1 3 1 3 2 4 2 5 1 5 2
11 0 0 0 1 0 2 0 3 1 0 1 1 2 1 3 0 3 1 4 0 4 1
9 0 1 1 1 2 0 2 1 2 2 3 1 3 2 4 2 5 2
3 6
1 1
7 0
8 0
1 11
6 7
7 9
0 0 0 0 0 0 0 0 0 0 0 0 0 0
0 1 1 1 0 0 0 0 0 0 0 1 0 0
0 0 1 1 0 0 0 0 0 0 0 1 1 1
0 1 1 0 0 0 0 0 0 1 0 1 1 0
0 0 1 0 0 0 1 1 1 1 1 1 1 1
0 0 1 0 0 0 0 0 0 1 0 0 0 1
0 0 1 0 0 0 0 1 2 2 1 0 1 1
0 1 0 0 0 0 0 1 1 0 1 0 0 0
0 1 1 0 0 0 0 0 1 0 1 0 0 0
0 1 2 1 0 0 0 1 1 1 1 1 0 0
2 1 2 0 0 0 0 1 1 0 1 1 0 0
1 0 1 1 0 0 0 0 0 0 0 1 0 0
1 1 1 1 0 0 0 0 0 0 0 1 0 0
0 0 1 0 0 0 0 0 0 0 0 0 0 0
0.5544219442
-0.8390813627
-1.6773812493
0.1601335690
-0.6170047002
0.8666797309
-0.8268778013
0.0790376558
-0.6512926577
1.3734822974
0.0014866044
0.3975000782
2.1028449551
1.5200168122
-0.9471876406
1.6831719223
-0.7684704293
-0.6267045187
-0.1435270592
1.7392511899
-1.4406841296
-1.4216451912
0.4543694329
-0.8130865288
-0.3444423783
1.2892330094
-1.0857197976
-0.5921790662
1.4092105042
-1.2894856813
-1.2941552205
-0.6365670592
-1.1209253922
1.4788160948
1.5387263346
-1.1660299931
1.5590917992
0.7177849254
-1.2132200297
1.1186399014
1.2890289472
0.1523347110
-1.1586176501
1.0009729940
0.8013533398
1.5294774186
1.1001070448
1.9213034647
-1.6070062158
0.7201070334
-0.9837839151
-0.4336328492
0.4536341540
0.4011694306
-0.1941086765
-0.4380777425
1.4440028185
-0.6782283439
-0.2143537340
-1.4112042497
-1.0635016092
-0.7432512766
-0.5321966931
0.7097355536
-0.7175568520
1.2658458368
0.9487073156
-0.3499044721
0.8810718671
-0.0392021605
-0.2140063738
0.9266948781
-0.4828060123
0.4316703694
-0.5888884999
0.8296851670
-0.2806442049
-0.4057234854
1.3384692832
0.7670120614
-1.4505816043
-0.2602997475
-0.6795992945
-0.9197445655
0.0329219332
1.0256052525
0.7890326957
-1.2528616220
1.9778844758
-0.8691342596
-0.3898778072
-0.0331751202
0.1024200971
-2.0695047267
-1.0423971678
-1.3404191877
0.9484520981
1.1464942922
-0.4977517916
0.7280855804
0.6788117306
-1.4359212320
0.4304998368
-0.7937739439
0.7325998987
-0.7345078198
-0.3922233389
-1.8579270538
0.2507220266
0.0957016084
1.2675803718
-2.2536883238
-0.1821305469
0.0357232073
-0.8025531349
1.2428713914
0.5429005506
0.7096166039
0.8480775675
-1.0622464081
-0.1868142762
-0.9627247486
-1.9672663795
0.2184224634
-0.7209188896
1.8781982743
-0.4851683343
-0.3664184010
-0.9550778631
-0.7626528323
1.0490411184
-1.8690199589
-0.0066506328
-0.4498782724
0.7150260134
0.3590858042
-0.3365733915
0.4746032489
-0.5816851986
-0.2044967672
1.2718926871
1.6803655055
-0.9240612278
0.2804062835
0.0423884483
0.8939526150
0.2424698537
0.9368672458
0.2332079079
-0.4082759629
-0.2587299020
0.6015615315
0.5405723377
1.2558875846
-0.8670510466
1.0183540604
-1.6310165493
0.8869275509
-0.6466372991
0.3178616429
-0.7399721237
0.2069273704
-0.7326390990
0.7508654464
0.3228458491
0.9313635665
0.7434238912
0.3092045149
0.0473966793
-1.7811495708
0.2652232134
-1.4887900514
-1.6621499574
-0.3332536272
0.9126107161
0.2539665437
-2.1561021904
-0.4544183615
-0.3246748850
0.3012225586
0.7699646765
1.0830563936
0.2940716276
0.3818195736
-1.2887769887
0.1604585313
0.4884069153
1.2876659410
0.0857621130
-1.3415595300
-0.5332901574
0.0341907392
-1.8219577850
0.4177413694
-1.2610705443
-1.5677597463
1.0357368147
-0.2608268389
-0.0710887217
0.2764483209
0.8316936566
-0.2221986844
-0.0687048377
0.1426233377
1.6870250143
1.8269998385
-0.2666656413
1.3899069123
-0.1597233153
1.6169331326
-0.3168732216
1.1074607061
0.4953944706
-1.0235347612
0.4871528673
0.8243169052
1.3970866751
-0.9295436815
-1.3353683416
-0.1969562398
-0.1938137044
0.9440017827
1.8668420175
-0.6917084252
-0.4438971404
0.0272557558
1.2356065461
-0.6614944355
-1.1351877898
0.2624109329
1.6757592862
0.2084748330
0.9228629932
0.8972172633
-0.8668704973
0.9225456185
-1.4600662651
0.2989935077
-0.8398944016
-0.3232674749
-0.1197511389
-0.3802459382
0.4691757370
0.3759991848
-1.7473785299
0.1151363856
-0.7156367275
0.0496013179
1.0830765650
0.4154405083
-1.3036043032
-0.7983280830
0.2856811930
-0.6629475840
-1.0221192076
-0.8517547932
-0.5406912443
-0.5389641769
-1.0662159730
-0.6947588758
0.8422524387
-0.1949821708
1.7356701605
0.2556232114
-1.4829458684
0.8350781123
-0.5294878292
0.1785617184
0.7916473401
0.0079713248
-0.9710492445
-0.3567547690
1.2515417232
-1.0331264655
0.3787559922
0.5788071617
-0.9531983152
-0.5889096159
-0.7972719565
0.0196531167
-1.8404616961
-2.1103839464
-0.6933700748
0.2012413138
1.2004601270
0.5311597004
0.7350135126
1.9104523630
0.8195169618
0.4813281318
0.6476173170
0.5811059634
-1.6571635536
0.0649831361
0.1153135453
1.0028340745
1.0942338308
-0.5397669075
-0.1010463365
0.3849786797
0.8737632672
1.0986665834
-0.6408666630
-0.3147585068
0.4096697798
0.8052499259
0.3622689108
-1.8235182337
-1.9142868807
0.4639985793
0.9515885861
-0.2635046706
2.3239767144
-1.4156724405
0.2789463229
0.2825355102
-0.1193359717
-1.0925614905
1.6486910555
-0.6160732734
0.1921514489
0.2360525819
0.1894014508
1.8772908313
-1.2031434700
1.2949967553
0.2460768945
1.0482705224
0.7105073418
0.2890320273
-0.1662324856
-0.9402012064
-1.4852178562
1.0854261234
0.8085461727
-0.3170879083
-1.8021141335
1.6341175629
-0.8278809929
0.7610378836
0.5127165313
0.3506455332
-1.2158714405
-0.6637434757
-0.3839033260
-1.7022677058
-1.1450425761
0.4954052393
-1.6433664822
1.6986365855
-0.0901741712
0.6779626062
1.2522895187
-0.6694252196
1.2901597634
0.6228806516
0.7201026950
1.2106838638
1.1326692735
-0.1152670368
-2.0224623411
-0.2814252466
0.6820708580
-0.5551800718
-1.1258209707
1.4209653551
0.8924741002
1.3107224481
0.0709132808
-0.0798472359
-0.3557848390
-0.6477716349
-1.2516863473
-1.2933825891
-1.4450824597
-1.0302877261
0.5306373924
1.6634516531
-1.0151339241
0.6158511213
2.9214052755
0.7349966908
0.7093656974
0.3648367400
0.2517644807
-2.4950652231
-1.1921353925
1.8044018294
0.5255318369
-0.1646463616
0.4073233845
0.2493331838
