17 7 0.16
17 0 0 0 1 0 2 0 3 1 0 1 1 1 2 1 3 2 1 2 2 2 3 3 1 3 2 3 3 3 4 4 1 4 2
19 0 1 1 1 1 2 2 1 2 2 2 3 3 0 3 1 3 2 3 3 4 1 4 2 4 3 5 1 5 3 6 2 6 3 6 4 7 2
10 0 3 1 3 2 0 2 1 2 2 2 3 2 4 2 5 3 4 3 5
19 0 0 1 0 1 1 1 3 2 0 2 1 2 3 2 4 3 0 3 1 3 2 3 3 3 4 3 5 4 1 4 3 4 4 4 5 5 4
6 0 2 1 2 2 1 2 2 3 0 3 1
13 0 0 0 1 0 3 1 1 1 2 1 3 2 0 2 1 2 2 2 3 3 1 3 2 4 2
11 0 2 1 2 2 1 2 2 3 1 3 2 3 3 3 4 4 0 4 1 4 2
5 0
4 7
12 9
0 10
5 10
10 1
1 10
0 0 0 0 0 0 0 0 0 0 1 0 0 0 0 0 0
0 0 0 0 0 0 0 0 0 0 1 1 1 1 0 0 0
0 0 0 0 0 0 0 0 0 0 1 1 1 1 1 0 0
0 0 0 0 0 0 0 0 0 0 1 2 2 1 1 1 0
0 0 0 0 0 0 0 0 1 0 0 2 1 2 2 1 0
1 1 1 1 0 0 0 0 1 1 1 1 2 0 1 0 0
1 1 1 1 0 0 0 0 1 1 1 0 1 0 0 0 0
0 1 1 1 0 0 0 1 1 1 1 1 1 0 0 0 0
0 1 1 1 1 0 0 0 1 1 2 1 0 0 0 0 0
0 1 1 0 0 0 0 0 1 0 1 0 0 0 0 0 0
0 1 1 0 1 0 0 0 0 1 1 1 0 0 0 0 0
0 0 1 1 1 0 0 0 0 1 0 0 0 0 0 0 0
0 1 1 1 1 0 0 0 0 0 0 0 1 0 0 0 0
0 0 1 1 0 0 0 0 0 0 0 0 1 0 0 0 0
0 0 0 1 0 0 0 0 0 1 1 1 1 1 1 0 0
0 0 0 0 0 0 0 0 0 0 0 0 0 1 1 0 0
0 0 0 0 0 0 0 0 0 0 0 0 0 0 0 0 0
-0.5631425648
-0.2792532142
1.0987797134
-0.2540716030
-0.8488226670
0.3471431799
-1.5979767957
0.4748220737
0.2911625365
1.2586063740
-0.7773581820
-0.1552173881
-0.5163327284
-0.6190771393
-0.8449690687
1.7344103279
-1.8878378777
1.9244267014
-0.2381187360
1.8862893787
0.2042876660
1.1808131874
-1.2493633538
-3.2332608652
0.3103614011
-0.1943494739
1.1805839998
1.3041531525
0.3987277234
0.6424225642
-1.0496462407
0.3708320747
-0.8472234642
1.1025609215
-1.0476937575
0.5753435742
-1.8022725814
0.7842921507
-0.1248864834
1.5208869547
1.0122981860
0.4849634182
0.4479044607
-0.4407515646
-0.1388984443
-1.7659227365
-0.5000539026
0.6363785502
0.2486846382
-0.3604645639
-0.3732258264
-0.1483303479
0.2613377908
-2.0330811087
0.2641214999
0.0441977625
-0.3428467963
-0.8815954057
1.8190320731
-1.7717369887
0.1730638135
-0.5287830363
-1.4919043293
-0.1077410321
1.1642553482
-0.1439980753
-0.6205799021
0.7361840576
-0.5803526189
-0.4000781936
-0.6467446389
-0.7432288472
0.3109112028
-0.9808807638
-1.2847921131
2.1934644035
1.6931598119
-0.4692707310
1.6376107792
-0.4625799606
0.2485444221
-0.1345683888
-0.2858540655
0.5225721796
-0.1159494267
-0.8548371122
0.6685544059
-0.0030015363
0.7235888325
-1.2056491419
0.9741057418
1.3899144765
-1.0305477084
-1.5206358282
-1.0866820787
-0.5572840265
-0.7567194695
0.0302160011
0.5363377509
0.3797870862
-0.8109025419
0.4065402603
0.9543421981
0.3143156711
0.3872068954
2.8095283654
-0.2290621865
-2.0008263843
-1.4715722552
0.9168776928
0.1112790336
-0.4209989929
-1.8821377667
-0.5278476819
-0.8703164237
-1.4861948720
0.1064640647
0.0772133536
0.0412199868
-1.2745646949
-0.8746255977
1.7380529730
-0.8390081107
-0.2826003135
-0.3312387465
-0.6940152142
1.0483469273
-0.1954168358
0.3002691837
-0.6004964228
-1.1828723836
0.4683002441
-1.0610329040
-0.7375700146
0.7247352657
1.4436037749
0.9486184080
-0.8890454899
-1.0939515605
0.3911121629
0.1709115364
0.3733823851
0.2519555343
1.2797065829
-0.1089735448
-1.0349550563
0.4460410184
-1.3986116210
0.2478486946
-0.5248341827
0.4096101335
0.1663376028
0.4539714463
-0.7540082356
0.4605133835
0.1541598731
1.6360937821
-0.4792225425
1.2256433804
0.1090365425
0.1463759275
-1.1722497432
0.2098560810
-0.9052891293
-0.0283991628
-0.9515598843
0.4087982881
0.2997057233
-0.0313456794
-1.3351876266
0.2228907236
2.1863549442
-0.1013047269
-0.1723224844
0.4744848537
-0.5832549998
1.4107219811
-1.2530587921
0.1341114693
1.8484442946
0.5533205797
-0.1525637105
-0.4381307054
-0.1245417867
1.0065857234
-1.3449295157
1.0950928655
1.2172569338
0.3151434824
-0.3240974528
0.4093826461
0.6539644402
0.5185391207
0.6188864036
2.0669348484
-0.1163860050
1.7909495104
-0.7423768734
0.2652288930
0.9525258605
-0.8792892998
1.2656573771
1.0901458928
-0.2447805129
-0.2143416065
-0.7788328052
-1.6576873205
0.8971762794
0.2720087644
0.1630960878
0.1554639152
1.1318613826
-0.6970441515
-0.0565842318
0.4890570995
0.4583498702
-0.6142144410
2.5554326633
-1.0070530363
-0.1313080026
-1.0191286216
-0.4525185188
-0.4100087033
1.3321926149
0.4956359490
-0.6674853608
-0.2381057580
-0.9056701095
1.5832280167
0.9481660607
-0.5237701849
-0.3193722492
0.0246743740
1.2213167673
0.7667997447
1.1773617141
0.2939735579
-0.5590548950
-0.0040675602
0.2666311685
-0.2540173415
1.0633469330
1.5326134298
0.1999790360
0.4663263088
0.5148740981
0.3960090463
-1.3562044749
-0.3233214823
-1.7394542053
-0.7307728266
1.0090720771
-1.9765543342
0.7961445791
-1.1156249444
1.4453226428
-1.1430717616
-0.5801844250
1.1922793116
0.5602586247
-1.2879307681
0.3278602421
0.5986991316
-1.4117158402
0.5699070484
-0.0261732827
1.6793245601
0.1112051328
-1.3540047388
-0.5397953607
-0.4127832629
0.4179403116
0.2451751682
-0.7016668107
-0.2364069780
-0.5328968537
-0.4482310135
0.1525699860
-0.5613788745
-0.5786564907
0.1722272960
0.8719543992
1.3654663163
-2.0362174228
0.0225182673
1.3002880630
-0.1653149675
0.7135772208
-0.0704480426
0.0253701040
-0.3070588132
-0.9963459457
0.4976462730
1.4447838435
0.3727667656
1.8566402774
1.2632622148
-1.7107047498
-0.3839909689
1.1579876653
-0.2010313577
-1.5001447763
0.2071528865
1.1834520154
0.3247251010
0.2945763926
0.5067278593
1.1751890064
0.1923461945
-2.3372267897
-1.1528271641
-0.3916537898
0.4659320142
-0.3255918629
1.3219403098
1.1527910654
0.3542943552
-0.7910435849
1.0627117006
2.0958577238
0.4893207420
-0.4579148043
2.4526298659
-0.1903076011
-0.1788735580
-0.4766743409
0.4147081252
0.4353053069
1.6360267769
-0.0685089856
0.1625615571
-2.3196231997
1.9888129653
0.5717604756
0.1539756041
-1.8055852636
-0.3327291377
-0.5867039974
0.1115934524
0.5769927643
1.9359473725
0.4649518599
-1.7513509486
1.3007000547
-0.7049575530
-0.5314488304
-0.1254396090
-0.1165723037
1.1580475086
-1.4683954258
-0.7732742897
0.9882672860
0.8923576916
-0.7682963122
1.5157928034
0.2776787934
-1.0091060535
0.4167999135
-0.0727873513
1.3363788990
-0.9390369648
-0.1605438189
-0.4348251123
0.5479694452
-0.3823810253
0.5308254409
-0.4989194914
-0.7659626609
1.4959539169
-0.3116661622
-1.1245803744
0.9700309686
1.0306763152
0.6992910968
1.9251258464
1.1363158981
-1.3154851005
-2.0886440324
-1.0111961013
0.4751390970
-0.3908929555
-0.2801116217
0.7755129969
1.4942952125
1.1648519106
1.4966760398
-1.1790202814
0.1383431240
1.4222498987
-0.6048334018
-2.3161081145
-0.7638245796
1.3969484534
-0.8176584796
1.8062357240
-2.1899757821
-1.0983581526
0.1840047075
-0.0594772729
-0.2181058954
1.5170264997
-1.9012764203
-0.1829647651
-0.9679746323
-0.8176816652
1.2022193114
-0.4729414096
1.6414764622
-0.8766789174
-1.7234893073
0.1461499400
-0.3039769101
0.7831405101
1.0897719688
0.0029386397
-0.2352727610
-0.0541926538
1.8434734799
-0.2762713765
0.6006790509
-0.4114799674
0.6327666444
0.5167267594
-0.5022332192
1.6300973527
0.8618448976
-0.0110812650
0.1925999201
-0.0270961742
-1.1153365914
-0.7426586183
0.7359248455
-0.6604459658
2.0134955026
-1.5234543478
1.0410898933
-2.5231644206
-0.0442127077
-1.8655391767
-0.4040658332
0.9061139485
0.0652296346
0.6782551393
-1.0160771324
0.1226262097
-0.7849598909
0.8461846749
1.2445825779
1.2682305904
-1.3626161293
1.0839061319
0.3850634661
-1.2439449462
2.1689340964
-0.0126980240
-0.8052432037
-0.0051471072
-0.8888161457
-0.4218211904
0.4577387254
0.9752905523
-0.6925285583
1.2554054840
-0.4894809344
-2.0556979794
-0.6314805497
-0.4568480850
0.3794042459
-0.0829254028
0.3008683286
-0.2427401203
0.2952975639
1.7725597356
-1.0684894625
0.8990100289
-0.9650684409
-0.3577431179
-0.2340936158
0.9205201246
1.8045324129
0.4809230996
1.4439707129
-0.5664118052
-0.5430007479
0.4027972800
-1.8275929292
0.1869070646
-0.2942309122
0.6200411848
0.7454647701
0.9832201899
-0.1854610522
1.2127853397
0.3332142333
-0.2483086597
0.4991984352
0.1143327976
-1.8024593311
-0.9637075775
-0.3479192396
0.9864663128
-0.8780426392
0.8002150733
-0.8847373448
3.0217947485
-0.2419944062
-0.0146352537
-0.7010032802
-0.3261772320
-0.7486789305
-0.7581696232
-0.8780898677
-1.4708667318
-0.7197171172
-1.1502484544
-0.6227975836
-0.2949079567
2.4976573760
-0.3020412335
0.7436277934
2.5632044655
0.6970620282
0.7352328551
0.7927320145
1.8589375534
1.1368462927
-0.4749402732
0.2799923780
-1.1509990211
-1.9009924960
0.2115300087
0.5125999314
1.3746211277
1.9518079307
-1.3423909043
-1.3262616062
-0.3935959224
0.9999285851
0.5794692488
0.7550929643
-0.6606502908
-1.0028229404
-0.3807407011
0.7095603520
1.6512015446
0.8257927076
-0.6930752069
-0.6814019258
1.2027443892
0.6958834372
-1.4047915536
-0.2265866644
-1.6014500895
-0.5761972914
-0.2121403777
-0.1940721489
2.0693283709
-1.4945312897
0.3594640561
-1.1137353170
0.6390844947
1.5362075370
0.1845585272
-1.3964291952
-0.8806275260
-2.0266238263
0.4456900247
0.5903408639
-0.2417109565
-0.3233937265
-1.0281381184
-0.9227810635
0.8414257851
0.7743121276
0.3880428322
1.2932245905
-1.5255007600
0.6534783733
