16 2 0.10
34 0 4 0 5 1 4 1 5 1 6 2 0 2 1 2 2 2 4 3 2 3 3 3 4 3 5 3 6 4 3 4 4 4 5 4 6 4 7 4 8 4 9 5 5 5 6 5 7 5 8 5 9 5 10 6 3 6 4 6 5 6 6 6 7 6 8 7 7
21 0 4 1 0 1 1 1 2 1 3 1 4 1 5 2 3 2 5 2 6 3 2 3 3 3 4 3 5 3 6 4 3 4 5 4 6 5 3 5 5 6 3
2 3
2 2
0 0 0 0 0 0 0 0 0 0 0 0 0 0 0 0
0 0 0 0 0 0 0 0 0 0 0 0 0 0 0 0
0 0 0 0 0 0 1 1 1 0 0 0 0 0 0 0
0 0 1 1 1 1 1 2 1 1 0 0 0 0 0 0
0 0 0 1 1 2 0 2 1 0 0 0 0 0 0 0
0 0 0 0 1 2 2 2 2 1 0 0 0 0 0 0
0 0 0 0 0 1 1 2 2 1 1 1 1 0 0 0
0 0 0 0 0 1 0 1 1 1 1 1 1 1 0 0
0 0 0 0 0 1 1 1 1 1 1 1 0 0 0 0
0 0 0 0 0 0 0 0 0 0 1 0 0 0 0 0
0 0 0 0 0 0 0 0 0 0 0 0 0 0 0 0
0 0 0 0 0 0 0 0 0 0 0 0 0 0 0 0
0 0 0 0 0 0 0 0 0 0 0 0 0 0 0 0
0 0 0 0 0 0 0 0 0 0 0 0 0 0 0 0
0 0 0 0 0 0 0 0 0 0 0 0 0 0 0 0
0 0 0 0 0 0 0 0 0 0 0 0 0 0 0 0
1.3669361824
-1.9566723347
-0.8743030409
0.4597847616
1.7196608650
-2.0325128469
1.7093686802
2.6114935398
-0.1048033436
1.1661957414
-2.2961153661
1.5726165757
-1.9213523866
2.8255483655
1.2105011923
1.4138736356
-0.2541066536
1.2055806028
-0.2965934815
-1.2890682739
-0.6153547066
-0.0838576351
-0.8510303803
-0.9111778509
0.4543388758
-0.4948332801
-0.4606030044
0.7861706937
-0.8769203068
-0.9419595144
-0.5381988246
-0.9071342950
-1.3498627821
-0.5117737584
0.2379342875
-0.1589982163
0.1179845532
-0.9437369395
0.5794827094
-1.1894293982
0.3206900424
-0.3234783693
1.7355227409
-0.3675538147
-0.6840067373
0.9444256304
-0.3698684013
-0.1985264591
-0.8168859467
-0.7529928390
-0.8000395678
0.0847812139
0.8812211873
-0.1621955401
-0.3553434878
-1.9867252366
0.1009347568
-1.0220846076
0.2446883406
0.6504806323
0.2905714283
-0.3864452502
-1.7792078747
0.5626811510
-2.4741716965
1.1654884447
-0.3332823443
-1.3976695692
0.1862270885
1.5572125137
0.7244769618
-0.5212042889
-1.1432752538
2.1284477367
-0.1974883679
0.4394223253
-0.1331285570
-0.9111735752
0.5656048597
0.3256611270
1.0693085457
1.4684745891
0.6150408899
0.0668484151
0.9630497793
-0.8839151040
-0.3227094757
0.4708973458
-1.3152268860
-1.0654074899
0.9266383201
1.5350529745
-0.4337214943
-0.0542649579
0.5384530366
-2.4030616210
-1.8523867504
1.1278657438
-1.1693357609
0.2742387243
-1.5667126061
1.3290818064
0.7217405017
0.9501149784
-1.5229561617
-1.6068624873
1.5970618587
-1.2338689774
0.2487367298
0.0763885127
-1.5726765970
-0.4746656290
0.3910508001
0.2858076628
1.0514848986
-0.6684082595
-1.1507104109
0.2740658475
-0.2392047506
-0.3657935948
1.3789460163
-1.6183093753
1.2415912811
-1.3932091344
0.3953169171
-1.3341666468
-0.5482020127
-0.3429332321
-1.4170804337
0.4575756639
0.2058236111
1.4518314173
-0.5638458312
0.3117997863
1.6211989457
-1.7525755106
-0.5714441107
-0.2667607647
-1.5414235539
1.6001938096
-0.2325435663
-0.6014535374
0.2884923452
-0.0983087193
-0.5204400771
1.4277152197
0.3138309602
0.7249170024
0.3758163841
-1.1202430249
0.3853549012
0.2853133271
-0.1908234847
1.2761405711
0.6683823197
0.4300526594
-0.1904096597
0.2039257493
-0.8692183300
1.1076362388
-0.9106377319
-0.3775548368
0.0850495795
0.6022750851
-1.0181738319
0.5950259242
1.3609078564
0.0502176818
-0.3443874647
-0.4986338541
1.4637920654
1.1769883983
1.0173412871
1.4207345002
-0.8486121437
1.6138346085
-0.0753724338
-0.4294592269
-0.2181493780
0.7620972734
0.8430062030
-1.1143471717
-0.1736057138
1.6290427488
0.9633916062
-0.4078861906
-1.0353906084
-0.3654936754
0.7321432807
1.4885242084
0.1507747777
-0.2224942458
1.1435122720
1.3493793712
-1.0798154956
3.4130392853
-0.5894646955
-0.5669710341
-2.0384472199
-0.9564456066
0.6806743235
-1.1393274633
-1.6668553612
-0.2293971576
-1.6161331981
-0.1666720161
-0.5089929373
0.8643005645
-1.4995916112
-0.8437634189
0.0850880370
-1.0379059525
-0.2052829087
-0.0033972565
-0.9742850777
0.6180718226
-1.0124738100
1.6969157376
-0.7309267776
-0.3224934943
-1.8396269724
-1.2729092380
0.5733924090
-0.1374194687
1.0644036487
-0.1143720144
1.5772991567
0.0202966078
0.6450729999
-0.9854448929
-0.8863490192
-0.8342803716
0.3049184829
-0.8181284066
0.4495738650
-0.3681551235
0.3733910491
-0.1071060665
-0.4720394140
0.4269737317
-0.3413628252
-2.2672236210
0.6258912504
1.0190092151
-0.1767623653
-0.3696183685
-0.1117191470
-0.8403234373
-0.7487588730
0.9184497906
0.2957028304
0.1318365639
1.4696747307
0.4084899161
-0.5292043055
-1.3603039138
0.5937164999
1.7537427571
0.4662523837
0.5394931176
0.8697820970
0.5114556222
-0.1210929945
0.1733157798
1.0826982261
0.3922154567
-0.3291728505
-0.4937135603
-1.6589512032
-0.7817653563
-0.2591577802
0.8737882312
0.3066097859
-0.7537452958
-0.8680788587
0.5117020632
-0.1671118040
-1.0637909327
-0.3951553715
-1.3735305714
-0.1062113174
-0.4151954793
0.0613355516
-1.5508198701
0.0929495349
-0.0545621309
-1.2323029856
-2.3727673134
-1.2595970452
-0.2605709960
-1.3490731394
0.3117730886
-0.8770809336
0.2941980049
-0.9454980413
0.9008914029
-2.0027486017
0.2914879956
0.0734752245
-1.4753733761
0.0509978957
0.0050311883
-1.2035200709
-0.0800778226
0.8375207327
2.0724659014
0.8418413324
0.7680278913
1.7729216960
-0.0625672448
0.3778553656
-0.7287691499
0.9069941031
0.7712443169
-0.8419835228
1.5047625920
-1.6082995150
-1.1863504897
2.1185755812
-1.6336171097
-0.1115234899
0.1546239402
-0.8867858708
-1.1523942819
1.0036808389
0.3095705422
-0.4118673610
-0.9026083340
-1.0693066545
0.7018292739
-0.5707265644
0.1653875277
-0.4905718691
1.2783114630
0.1347638472
-1.3828043325
-0.9317196030
-1.8640250367
0.3089881850
1.4495146946
-1.4694235226
-2.2684373135
1.8089807482
-0.0035748618
-0.0238229042
0.1931002266
-1.1848553544
0.5858505088
0.0260686772
1.2196038486
-2.0863423443
-0.8405437150
-1.4910968924
-1.9541411051
1.3749475934
1.1295805542
0.4420217167
0.1246883306
-0.9562457578
0.5071835678
-0.9673819725
0.8781780278
0.6019656548
-0.7362525359
-1.0448663046
-0.3164710352
0.5482105983
0.2965202586
0.1064231070
0.6829505071
-0.5960237196
-1.4277863931
-1.1066253719
0.6110640282
-0.4236783276
0.8824560615
1.8406762890
0.4146406100
-1.5721349360
-2.1164769511
0.8536475546
-0.8696308670
0.4186034611
-0.8564788748
1.3456926763
-0.4421178685
1.0384116982
-0.0468970323
-0.6552090864
0.7984942699
-1.2510639243
1.0650100769
-1.6260282690
1.7431619478
1.6550646889
-1.3629479245
0.1697823561
0.0655073555
-0.9438569830
1.1940008316
-1.7222881482
-0.3931399423
-0.0454166755
1.6655554204
1.0516604156
0.6945200505
-0.0727485674
1.3506236250
0.7408338509
2.1054524069
2.2126599754
-1.0515218676
-1.8714956435
-1.6658562914
0.0940861226
-0.3132539461
-1.1229881136
1.2740365646
-0.9758112289
-1.1663304613
0.4571094563
-0.0175976158
1.3150325069
-1.3987942205
0.6284239168
-3.0139262960
-1.6426305059
0.2589831439
-1.7372995208
0.3373341600
-0.2417672932
0.8885451312
1.0196210132
0.6736490492
1.3553120916
-1.1350393349
0.7481733990
-0.8759247502
-0.1236620847
-0.1329973573
-0.9635423979
0.0696952229
1.1915139538
-0.0593604535
0.5178664664
-1.2448372893
-0.2444835677
-0.4854713411
1.0585183137
0.2134975472
0.1666374111
0.5700307942
0.5574594354
0.6093251545
0.9639702944
-0.4175960138
0.6474653805
0.6977689145
0.7481755062
-0.1312629882
0.6711042428
0.8957988558
-1.0822379182
-1.4904011270
0.6276981990
-1.5750121789
-1.4159365008
-0.4516604558
0.2902843673
0.2841767125
0.7945262448
0.6977481836
0.7631310334
-1.1640531228
0.8248415846
-1.4453892270
-0.2110875275
-0.4208765785
-0.8759562747
-0.3322354146
2.5667057132
0.7306158744
0.1317224269
1.4707416042
1.5997016334
0.2300027841
-1.3170391711
1.8110827359
0.5939073904
-1.0899633439
-0.1375159342
-0.1151794396
1.2516641699
0.7648057444
-0.2000911334
2.2849882044
-0.2821332294
-0.0379251888
-0.2568450019
0.0474852122
-0.2654017402
-0.4500948995
1.0395618208
0.8925475960
0.7664163403
0.3267494554
-1.7595962851
-0.3466448741
1.2166569856
-1.3584022315
0.1875878124
-0.8638346304
