16 9 0.03
6 0 0 0 1 0 2 1 0 1 1 1 2
6 0 1 0 2 1 0 1 1 1 2 1 3
7 0 1 0 2 1 0 1 1 1 2 2 0 2 2
8 0 0 1 0 1 2 2 0 2 1 2 2 3 2 3 3
8 0 0 0 1 1 0 1 1 1 2 1 3 2 0 2 2
8 0 1 1 0 1 1 1 2 2 1 3 0 3 1 3 2
6 0 0 0 1 0 2 0 3 1 1 1 2
7 0 1 1 0 1 1 1 2 2 0 2 1 2 2
7 0 1 1 0 1 1 1 2 1 3 2 0 2 3
8 8
7 1
1 5
12 5
11 6
1 7
7 5
8 1
1 12
0 0 0 0 0 0 0 0 0 0 0 0 0 0 0 0
0 0 0 0 0 0 1 1 1 0 0 0 0 1 0 0
0 0 0 0 0 1 1 2 1 1 0 0 1 1 1 1
0 0 0 0 0 1 0 1 1 0 0 0 1 0 0 1
0 0 0 0 0 0 0 1 1 1 0 0 0 0 0 0
0 0 0 0 0 0 0 0 0 0 0 0 0 0 0 0
0 0 0 0 0 0 0 0 0 0 0 0 0 0 0 0
0 0 1 1 0 1 1 1 1 0 0 0 0 0 0 0
0 1 2 1 1 0 1 1 1 1 1 0 0 0 0 0
0 1 1 1 0 0 0 0 1 1 1 0 0 0 0 0
0 1 1 1 0 0 0 0 0 0 0 0 0 0 0 0
0 0 0 0 0 0 1 1 0 0 0 0 0 0 0 0
0 0 0 0 0 1 1 1 1 1 0 0 0 0 0 0
0 0 0 0 0 1 1 1 1 0 0 0 0 0 0 0
0 0 0 0 0 1 1 1 0 0 0 0 0 0 0 0
0 0 0 0 0 0 0 1 1 0 0 0 0 0 0 0
-0.6370054701
0.2901268003
-0.5974543413
1.1751362338
-1.2736914647
0.4369943856
-1.6078950336
0.7252443778
1.9718906386
-0.0038983493
-1.6289243606
0.5046005947
0.8525934326
1.4572829989
-0.5924208780
-1.1600597200
0.3878064737
0.6505965326
0.8491694304
0.8915986560
0.4559479236
-0.9330049410
-1.4827619113
-0.4358629113
-0.0995025284
-1.9953844367
1.2953899315
-0.0892404164
-0.5781114028
0.3414202276
-1.1328057254
-0.6282571509
0.7726747363
0.9248595411
0.4604779524
-0.4551959417
-1.0804493926
0.8601377701
-1.2215785873
-1.0246735356
-0.2520174096
-0.1095669170
1.1894529165
0.2993017274
0.8815954117
0.3425574938
-0.6906778783
-0.2994576212
2.2905775491
0.3801341448
0.0238874231
-0.0977994119
0.6383754817
1.0362233428
0.1604940728
0.4313099778
2.3916954519
-1.1473881502
1.7096835689
-1.6780568266
-0.5067731946
-2.7951738543
1.1691708309
0.6091546972
3.3124603499
0.1281343591
0.5274691263
-0.8658090041
-0.6730420243
-1.0742130048
-0.6398663554
0.6162605159
-0.0741677687
-0.5709304519
0.4269591559
-0.2495965934
0.0614688502
-1.8099062757
-0.2637926172
-0.0056951272
-0.4157088971
0.8038847370
-1.5278165045
-2.4655692792
0.6612921130
0.3294218952
0.8167027042
0.5685609674
1.2056165466
-1.2540842549
0.8610036151
-0.2988708190
-0.2818838068
2.5231655960
0.0243373019
1.9304194635
0.2072791030
1.3552236218
0.0381607346
-1.0305649689
1.6424780850
1.3976846796
-0.7685594980
1.0120169005
1.8018784996
1.9169751900
1.0801915851
0.1366857877
-0.0318888787
1.4259465516
-1.0019334393
1.5339574513
-0.5988096611
-0.7172044269
-0.1032802245
0.5758019331
0.6096949105
-0.9692152805
-1.3256658513
-1.6174835886
-0.1805058317
1.1839191330
0.7070234688
0.8599462765
-0.8455514388
0.7420488258
0.8031930676
0.9972354551
-0.1905538616
-0.2716732568
2.1898993187
-0.8154620892
-0.6268737266
-0.9650066329
-1.4349662852
-1.0861572435
1.0909002072
-0.7798508702
-0.1042701375
-0.6005960739
0.4369240666
1.2704495033
-2.0679930799
-0.4319597378
0.4106015836
-2.2905676383
0.4543599210
-0.2580994821
1.2916877146
-1.1594673476
-0.5340552332
0.5237612556
1.9079124611
0.7480928015
-0.9064538056
-0.1413186595
-0.0681924717
-0.4685190955
-0.3994749436
-0.0176934107
-1.9370517554
-0.5132730977
1.3803192773
-1.9465660485
0.0249606544
0.9579526125
-1.1400714806
-0.2928010036
0.5195562291
-1.4117184596
-0.0887458179
-2.1139003438
-0.5890126958
0.5503672954
-0.6054307374
0.5274687129
-0.5463797200
-0.4872090471
0.8135988333
1.9093356559
1.3703962840
0.4391252977
-0.5823123830
2.0887639491
0.6664706074
1.1263596291
0.0407713709
-0.5190460855
-0.6702768848
0.7317288559
-0.2744591262
-0.3489730411
1.4442064079
-0.8930208005
0.0593766527
0.2812731933
0.8328352855
1.3641844761
-0.9336934632
1.5646701607
-0.6036321900
-0.3396940097
0.3797987037
-0.3409264412
-0.2425330735
-0.1276054701
-0.7284797599
0.8172166954
-0.8759110012
-0.6820733123
-1.7703277195
-0.4188679225
-0.5524084561
1.1785257971
0.5855683176
-0.5153951163
-0.5123951279
0.5558695205
-1.1913235485
0.2894350692
0.7866506710
0.2760418012
1.1969757061
0.1565970446
-0.4789154602
0.7078698752
0.2093930553
0.1314378637
0.2567900542
0.3206031574
0.1105273369
0.1146958709
-1.0537895586
0.3598352498
-0.2796722538
1.2005245873
-0.8519405919
3.0062456356
-1.2692160996
0.1360707191
0.0260687523
-0.6572201249
0.5192293785
-0.5596241217
0.9603064793
-0.2503265291
-0.9569521149
1.1653415887
-0.7018836167
0.2279720326
-0.5036307350
-0.1630448636
0.4662675720
0.3933766115
0.3719777111
1.4632001661
-0.5656794053
1.4684338320
-0.6788785423
1.0748568829
0.1010194011
0.4067377740
-0.8797511905
-0.1158236076
0.9982858731
-2.3136411966
-0.2624756730
-1.0100422794
-0.1356016316
-0.0291121305
-0.1642088561
0.1241926190
-0.1462504536
0.3103272828
1.1262929559
-0.6503574560
-0.2343641337
0.1795401747
0.2365047918
1.4356233926
0.3820450683
-1.3056534061
-0.6082608640
1.2649320721
1.0170826106
-0.0975056272
0.3785934229
1.8988746779
-0.7134213769
0.7288186898
-1.2439540715
-1.7088072248
0.3438965971
-0.4315318281
-1.0453784740
-1.3037906275
0.8067849228
0.7682279702
0.8438577138
-0.9678152241
2.3679256338
0.4537025209
0.4313596517
-1.4339107029
-1.4563218572
0.6080685405
0.4297582279
1.2423076718
0.2864909883
0.4289816149
-1.7920066124
-0.1898423382
1.9639365939
0.7911254299
-0.3128729119
-0.6238350693
-0.6829839413
-0.1190745551
0.4863910178
0.3304530483
0.6688911448
1.0162748845
-0.2749747829
-1.0411032998
1.2575569698
-0.7634516416
0.1509490089
0.6056646972
0.1082039177
-1.8963727999
1.3320040496
-1.3493751188
-0.0552268546
-0.2237485136
-0.0069072722
0.9041754655
0.5181045774
0.5931606229
-0.9139351763
-0.1972657072
0.2881762918
-1.6010167490
1.4487710100
0.1652866484
1.1146690664
1.1348812668
-0.3341352000
2.4913823088
-0.9144364286
-0.0297787576
0.0284874437
2.0798539849
0.4942151567
2.7559060572
1.0509229514
0.8314099065
0.2086593421
-0.9966752477
0.0791239669
-0.9564280632
1.7810701464
-0.1964017552
1.7868755729
0.7642630644
0.1445476644
-0.3382235243
1.8108146876
-0.0459307713
1.1342254756
0.6476513943
-0.7145489858
0.4136226851
0.2617747417
3.1886986287
-0.0455868362
0.7660015332
-0.2453156577
1.8029316297
-0.0774363974
1.0886865563
-1.9054895924
0.7316513185
0.1268078543
0.5336327479
2.8913433590
0.0750449907
0.6111834142
0.7519540254
0.0565000777
0.1074608887
1.0326805113
-0.5660790954
-0.0211174637
0.3121439214
-1.6191140501
1.0817251278
0.0985138279
0.1686474416
-0.3419306163
2.2702275998
-0.3633231190
-0.3149476203
-0.9515913506
0.2751196344
0.1627655312
-1.4310240897
-1.0840141040
0.2919365997
0.8566862094
1.1681315112
-1.4988795249
-0.5695981045
0.3069494545
-1.9961014768
0.6258742636
-0.0286232486
-0.5802940506
1.1177048339
-0.4040379098
0.4042244286
0.8423528422
-0.7840672473
-1.9470151085
-0.5060732625
-1.1576432362
-1.1467449542
-0.5677296727
0.7376106810
0.5190544175
-2.2633557746
-0.8258296683
2.0440431385
-0.5231347264
0.4066067104
-0.8769024754
1.4686278344
0.3330238804
1.5115602700
1.7919097605
-0.0353292143
0.5117965303
0.1701920804
-1.4905779404
0.7474247908
-0.0443118802
-1.2461648151
1.1744705642
-0.3387909030
0.4687995783
0.9600152975
1.4071093702
0.4360595842
-0.2638972097
-0.5780385174
-0.6417982632
1.0210808946
-1.9746267972
-1.8631729898
1.8257015105
1.1128278981
-0.5300906566
-0.5825644763
-0.7213838371
-0.4689238246
-0.3359913225
-0.2750239174
-1.9713895004
2.0871989825
0.6423101541
-0.6288180577
-0.9343889789
0.9280120888
0.4980846462
0.0634808477
1.7527337882
1.4404991558
-2.1954666399
0.2784705747
-1.0249567433
1.2670993923
1.0393608644
-0.0952175271
-0.0919802197
-2.6445481269
-0.2657838459
-1.0133484174
0.5272287211
0.8366444138
-0.2944292265
-0.8686033938
-1.8964005021
-0.7540365703
0.6502992818
-0.9365829686
-0.5527677670
-0.8521628738
0.4314309892
-0.7180508519
0.9688251485
0.0258714244
0.5304841516
-0.5817153347
1.0321216124
-0.0652281742
-2.0749293832
-0.2168460128
0.1065625314
0.0988662783
-0.6518217882
-1.0509392712
1.4287800892
0.1046425879
