16 12 0.14
5 0 0 1 0 2 0 2 1 3 1
5 0 0 1 0 1 1 2 1 2 2
5 0 0 1 0 1 1 2 1 2 2
5 0 0 0 1 0 2 1 1 2 1
5 0 1 1 0 1 1 1 2 2 2
5 0 0 0 1 1 0 1 1 2 1
5 0 0 0 1 1 1 1 2 1 3
5 0 1 1 1 2 0 2 1 3 0
5 0 0 0 1 0 2 1 1 2 1
5 0 1 1 0 1 1 2 1 2 2
5 0 0 0 1 0 2 1 1 1 2
5 0 0 0 1 1 0 2 0 3 0
6 9
11 6
3 6
2 1
3 1
7 4
4 9
2 10
5 4
0 8
1 13
7 7
0 0 0 0 0 0 0 0 0 1 0 0 0 0 0 0
0 0 0 0 0 0 0 0 1 1 0 0 0 1 1 1
0 1 1 1 0 0 0 0 0 1 1 1 0 0 1 1
0 0 2 0 0 0 1 0 0 0 0 1 0 0 0 0
0 1 2 1 0 0 1 1 0 1 2 1 0 0 0 0
0 0 0 1 1 1 1 1 1 0 2 1 1 0 0 0
0 0 0 0 0 1 0 0 0 1 0 0 0 0 0 0
0 0 0 0 1 2 0 1 1 1 0 0 0 0 0 0
0 0 0 0 1 1 0 1 0 1 1 0 0 0 0 0
0 0 0 0 0 1 0 1 0 0 1 0 0 0 0 0
0 0 0 0 0 0 0 1 0 0 0 0 0 0 0 0
0 0 0 0 0 0 1 0 0 0 0 0 0 0 0 0
0 0 0 0 0 0 1 1 0 0 0 0 0 0 0 0
0 0 0 0 0 0 0 1 1 0 0 0 0 0 0 0
0 0 0 0 0 0 0 0 0 0 0 0 0 0 0 0
0 0 0 0 0 0 0 0 0 0 0 0 0 0 0 0
0.7394540508
-0.6142047944
-0.1834329085
-0.5099255087
1.8561023754
0.5364642202
1.7065534592
0.1243372902
0.0146519203
-0.0962390986
0.2309769636
-0.7611545800
1.9965675677
0.2181985247
1.2229938730
1.4592140684
-0.3245732715
0.1350563968
-1.2236503168
-1.1456890363
-1.1398625080
0.6823562991
1.5353570335
-1.5855712365
-1.3692613934
1.2022599840
0.7624713119
-1.7518108999
-0.1466112695
2.0312638548
1.1053564173
1.7835970607
0.3871405268
-0.9805474306
-1.9177702435
1.3372836254
0.4822186150
1.0491389664
0.3569543925
-1.4563746579
-0.0909867976
0.0815030382
0.0182341750
0.0087531303
0.0484296223
-0.5978095132
0.3848696692
-0.0346247320
0.0914751603
-0.4737778066
0.1964068227
0.0134168222
1.0201185517
0.0626463802
-0.7887545879
-2.1460918235
-1.5641164468
-0.4903827719
0.1814384870
-0.3000018197
-0.1352101380
0.3667087219
-1.9627755018
2.6327990074
1.2281593194
-0.8525719102
-0.4718740366
-0.9890320929
0.7587892767
0.0640412674
-1.1256640510
-0.0572366501
1.3792889400
1.3680737591
-0.2653765125
1.2277639966
0.6522698098
0.2522941094
0.1719151985
0.0598459233
-0.2629138248
-0.7286867210
1.0757518705
1.4061605059
0.2340307136
-0.5542530339
0.1447684884
-0.5124244288
-0.1096195425
0.4105137407
-1.0274562386
0.2783611018
-0.8777548525
-0.0814937037
-1.6821162308
-0.7301030105
-1.6511942956
-0.4854617703
2.3834975200
0.9169656451
-0.0249024106
-1.0045758821
1.2234387789
-1.2256904034
1.4264373809
-0.6737248357
-0.7718981800
-0.1128039412
0.6356482372
-0.3351297255
0.7809050593
-1.6165510573
-1.1299848848
1.2063356952
0.1452560336
-0.1001044211
-0.7533924067
0.8223898592
-0.6976768186
1.1596012968
-1.2055537795
-0.7785247062
-0.5424070186
1.2282097106
0.2897032099
-0.2851796738
0.1860235030
-0.2092233984
1.1820284970
0.2847271790
-0.6176537642
0.1313874195
-0.2859659107
0.0055475359
-0.3934013657
-0.8772055385
0.6283123000
-0.3093244480
1.1712915147
-0.2982991951
-0.2534360521
-0.9238072442
-1.0042471803
-0.2289872235
-0.8254437823
0.1800445459
0.3636968432
0.5926311762
0.3506334112
-0.6317518590
-0.0993370029
-0.4657952501
0.0423523883
-0.3663084916
0.4306003011
-0.5560347433
-0.8460418532
0.0650515931
1.5142895190
-0.5396610131
-0.8711529834
0.1873904165
0.1824407763
0.1756434953
-0.1339158320
0.4777758281
-1.1627922118
-0.1830820593
-0.9796107445
-0.0302409870
1.1719965670
0.8562986782
1.0462771140
1.4817653014
0.3770424342
-0.3476748107
0.0814105656
-0.3763919620
-0.5739622098
1.1188312782
-0.0853992867
-2.3428012499
0.1973174386
-1.1949723297
-0.9241413574
-0.4565386524
1.0565289905
-1.5980315669
0.1384060069
1.2865119806
0.6112959968
-0.7951277590
0.7265695492
-2.4478884402
0.5334045333
1.7890314690
0.7077340824
0.1430301335
1.0558069859
1.6411433724
0.8236395716
0.4009760675
-0.6015278546
1.0359416488
-0.2241424850
-0.9105893613
0.0117358204
1.7836682867
1.3824320683
-0.3914474469
-0.6104757710
-1.7697446996
-0.5481277841
1.9731787881
0.2217353709
0.1682044895
1.7475374535
-1.5588696039
-0.7833243883
1.4193437123
0.3867001490
-0.4040689820
-0.3796867377
0.7436520084
-1.3143363378
0.4461465611
0.4725783207
-0.2700343544
1.3458511572
0.2584072506
-0.8158159077
-0.2292692893
-0.2361275202
0.9441976590
-0.4084340809
-1.7076104318
-0.8350464715
0.2497126074
-0.8523432715
-1.2313020215
-1.5146411751
-0.0724013194
-0.9520972583
0.0362519401
-0.3430529631
0.4759133929
-0.9356433524
0.1206609299
-0.9481788428
1.6173470664
0.8613535944
0.9514747253
-0.6164803944
-0.6134280563
0.9125212589
-0.6221589381
-0.7297538692
-0.0081552111
0.3662864517
0.9747168103
1.3045454807
0.6224334959
-0.4411271510
0.8687846777
-1.2532884536
0.5861353938
-0.6261804337
0.9186559518
-0.6948866250
-1.2618327319
2.1560935424
-0.4791167221
-1.6016389689
-0.0520827404
0.2865798973
1.2045698597
-0.0220221857
0.2972438278
1.3648867361
-0.6054486753
0.1845588695
-0.3874567402
0.3647928345
0.6681610864
-0.5142391543
-0.4288154221
-0.3230634055
-1.6876716522
1.2137003097
0.6051111136
1.3560625052
0.2939393688
-2.3273777080
-0.9043866452
-0.8884479998
0.2109989495
0.2333500359
-0.6274965680
1.3310760821
0.9309035210
0.2440007083
-1.1397335211
-1.2387974057
-0.2711124681
0.3017875236
1.9805092219
-0.1821515180
0.2159129594
-0.2192684962
0.6151475934
1.5469720885
0.7445048377
-0.0951858503
0.0659235026
-0.1573416277
0.3102276123
-1.0288660999
-0.5801313933
1.8393698604
0.9709369576
1.6572292025
0.8017763463
-0.7526463261
-1.4032982445
0.5595938563
1.5071680080
-0.0577492779
-0.0970473989
-0.6404629038
-0.4551103920
-0.0384342825
0.3717639244
0.5957594911
-0.2948615909
1.5754966346
0.7682137532
-0.7671048140
1.1014654878
0.4357314180
2.0024908698
0.4231277726
-0.3204509121
-0.0074572546
-0.0782316492
-0.3583428807
-0.3941144344
1.7849672395
-0.9270019549
-0.3490487314
-0.8235986963
1.7698419427
2.0150275882
0.2075682775
-0.0054635189
0.1010754242
1.3376822215
-0.0839748590
0.7709653225
2.2975691470
-1.0100231277
0.5879765529
-0.1585677802
1.1187843559
1.9651231184
0.4889239834
-1.2310237144
0.8612242374
0.8075134989
2.9078727930
-0.3490048547
0.6889737574
-0.4579704710
0.6496750177
0.2978621165
0.5014446452
0.1957227915
-0.9082186688
-1.0274765570
0.9703170841
-1.1585068039
-0.4561803334
-0.5498912203
-1.2456779925
-0.8181430161
0.6977051494
-1.9661197426
0.6679451474
0.3196810187
1.1019099371
-0.3410520831
1.3542707610
-0.1132650616
-0.2807793235
1.3797091688
-1.0895376185
0.7860573452
-0.1656542462
0.2883259199
-1.2141793051
1.7797987816
-1.5460718837
1.1406560198
0.4523885176
-0.7944710732
-1.1315787671
0.8321940183
-0.0032562580
-0.8079437448
-1.7735073442
-0.6743167448
0.2267151361
-0.3630304891
-2.4664681946
-0.4678513713
-1.0377754427
-0.5062233392
-1.4083944315
-0.1830882650
0.9619455802
0.4974302207
-0.5092126890
0.1138759552
0.8143575289
-0.5644051943
-0.1959940458
-1.3926302766
0.6570571905
0.4554385282
1.4122184699
0.5136879244
-0.9122625734
0.5796744882
-2.4133291305
-1.4699237905
0.1221037223
0.0770650620
1.4126350857
0.1980254614
1.7906008017
-0.8171716193
2.4941704777
-1.7593606991
-0.6576473623
-0.9133864482
-0.8294571074
-0.0035425030
-1.6171986144
1.1232613163
-0.2355823350
0.3894002152
0.9439812524
-0.2850876858
0.6779785088
-0.8812456070
-0.1016739544
1.0565291276
0.6175208262
-2.4207445534
0.4251421046
0.0286386180
0.0379278899
0.0165966037
1.6612832948
-0.2196252276
-0.1780360789
-1.1231672020
0.3090597812
0.8100605891
-0.5043131970
0.9574791299
-0.5865537535
1.1051124493
0.3088364923
-0.9477154191
0.4281316110
-0.5918770497
0.4090613500
-2.5513312309
-1.0317807161
-1.2704515865
0.3364946469
-0.0776836568
-0.2133151453
0.1857433188
1.3440495460
1.1055468318
-0.4079049819
0.9959997088
0.2664513710
-0.6407331122
1.0577793196
0.6488639976
-1.2269381071
-2.0765974760
-0.6430550948
-1.3509858391
0.9876491899
-0.5374310531
1.5464788544
1.1688721549
2.2426064113
-2.2671149383
0.8890748323
-0.7408477370
-0.2897110636
1.6761059199
0.2597764600
-0.4508481281
0.9733489158
0.7776063666
1.5951134783
0.9045700711
