11 4 0.04
14 0 3 1 2 1 3 1 4 2 2 2 3 2 4 3 0 3 1 3 2 3 3 4 2 4 3 5 3
9 0 1 1 0 1 1 2 0 2 1 2 2 3 1 3 2 4 1
13 0 1 1 1 1 2 2 0 2 1 2 2 3 2 4 1 4 2 5 2 5 3 6 1 6 2
13 0 3 1 1 1 2 1 3 1 4 2 0 2 1 2 2 2 3 2 4 3 1 3 4 4 1
5 6
2 1
0 2
2 1
0 0 0 1 0 0 0 0 0 0 0
0 0 0 1 1 0 0 0 0 0 0
0 0 2 1 2 0 0 0 0 0 0
0 1 2 1 2 1 0 0 0 0 0
0 2 2 3 2 1 0 0 0 0 0
0 0 2 1 1 2 0 0 0 1 0
0 0 2 1 1 0 0 0 1 1 1
0 0 0 0 0 0 0 0 1 1 1
0 0 0 0 0 0 1 1 1 1 0
0 0 0 0 0 0 0 0 1 1 0
0 0 0 0 0 0 0 0 0 1 0
0.7603952162
0.4956106898
-0.4371681276
-0.4995707609
-0.0241389953
0.0973342095
0.8684739941
-0.7041123972
0.3568859782
0.2321241845
-1.0512472433
-1.2635764440
2.0391874993
-0.5748560620
0.0237737500
0.0796075453
1.4488185190
1.9547367525
1.1156898012
-2.1469582813
0.1324122944
0.1178004855
-0.8689006923
-0.7090967433
-0.0479441934
0.9477111793
-2.1696823042
0.9990001507
0.7523945725
-0.2603026297
-2.6966159726
-0.1910304248
0.0841644675
1.0508514278
-0.4471986007
0.5338907160
0.1024432801
0.0122190054
0.7737515513
0.3317149281
1.0334769080
-0.3930190170
-1.3465902878
-0.7361075919
0.7381059690
-0.9080316676
0.1087200499
0.5536158232
-1.1170000247
1.6235551078
-0.4067590579
-0.5105332662
0.3660586212
-0.6518473086
-2.1981038498
-0.1470769207
-0.8403674443
0.0547464367
0.2297662738
-0.8749882318
0.5771014701
1.1854135299
-0.7702744791
-1.8598184829
0.9770641331
0.2825084559
-0.6062989152
-0.2896611816
-0.3192758924
-0.1668508615
0.5956649170
0.0995626392
-0.4209980147
1.2566890926
0.5885462769
0.0191358804
-1.4557201349
1.4030730797
1.3669293747
-0.9731532218
1.8041802365
-1.1558218275
0.0135684203
0.2928667880
1.6299831327
-0.5682423340
-1.2612873951
-0.8426956991
1.1467016813
0.0876708066
-0.3869140624
0.1177222978
0.7396780541
1.6902517619
-0.9356295349
1.2550997501
2.6385297011
2.0145189691
-0.8806215974
-1.6219891531
-0.5007057685
0.9509867967
1.8402432591
0.4116418859
0.7816562609
-1.6332043833
-0.8683845524
0.0536487501
-2.0369900630
1.9127680796
-1.2356367941
1.0020741244
-0.5442558846
2.0646735315
-1.9239797726
0.8407463116
-0.5595164400
-0.8852784413
0.5529501088
0.1167000990
0.7857616838
-1.8933610719
-0.4351741736
-0.9017987153
0.2563159815
-1.7605522619
-0.2258552380
0.5532951549
1.2945798938
1.0079281232
0.4131197210
-0.0356349080
1.0475995487
1.2690866501
0.2722919336
0.9991422246
2.0991918196
-0.0536021604
2.5708958468
1.1897031143
0.8315387412
-0.3920840909
0.2253315008
0.0376273899
0.5477632180
-0.5690587559
-0.5558240598
0.7297896286
-0.5324085671
1.7318959417
1.0708221446
-0.7250883209
1.4298602451
-0.1444391606
-0.2831417648
0.8512565409
0.3577426201
0.0928364256
-1.4910347680
-1.5682692185
-0.5299770228
-0.1748321031
0.2120483948
-1.0745980863
1.3015901933
-1.0038745224
-0.5529213451
-0.0386287199
0.9938380990
-1.2639586779
0.1906139204
-0.5971374900
1.4051074312
0.4067311415
-0.0889357569
-1.7731428817
-0.4645443672
-0.6484266071
1.6096263051
0.1989639398
-1.2141680105
-1.1344244579
0.9729981307
0.1464386302
-0.8402991950
-1.2683893545
1.3586715731
1.6237994646
1.1544758886
0.0026006792
-0.0591944707
-0.2812112097
-0.7250746992
-0.0695861332
-1.4921891703
0.2016914576
-0.1645398799
-0.1881373793
1.0927843433
0.1152005467
0.1950741172
-1.1605365543
-0.7375092631
0.7782712559
0.7557011459
0.6806775895
1.0245873527
1.6535028543
0.4048517140
-1.1526696019
-0.0479052841
-0.0911542149
-1.4746212248
-0.4362608604
0.4974985599
-0.7476240069
0.8218235020
-0.2345105323
0.5436896451
-0.7887499380
0.4981048721
-0.4586983390
0.9579389528
0.1236341779
0.4426963734
-0.5465918230
0.7107040501
-0.2432210738
1.1003557179
-0.6034550337
-0.2337380677
-0.4892602706
0.6359478736
0.1331216732
-0.0564130517
1.8250360668
0.3659447591
1.7481579114
1.5777400066
-0.6109882916
0.0417188622
-0.4252582692
