11 3 0.15
11 0 2 1 0 1 1 1 2 1 3 2 2 2 3 3 2 4 1 4 2 5 2
11 0 0 0 1 1 1 2 0 2 1 3 0 3 1 4 0 4 1 4 2 5 2
11 0 0 0 1 1 0 1 1 2 0 2 1 3 1 3 2 4 0 4 1 5 1
3 1
5 8
0 3
0 0 0 1 1 0 0 0 0 0 0
0 0 0 1 1 0 0 0 0 0 0
0 0 0 1 1 0 0 0 0 0 0
0 0 0 1 1 1 0 0 0 0 0
0 1 1 2 2 0 0 0 0 0 0
0 0 0 1 2 0 0 0 1 1 0
0 0 0 1 0 0 0 0 0 1 0
0 0 1 1 0 0 0 0 1 1 0
0 0 0 1 0 0 0 0 1 1 0
0 0 0 0 0 0 0 0 1 1 1
0 0 0 0 0 0 0 0 0 0 1
-1.0554730752
-0.3533479569
1.5541382547
-1.4078135599
1.1745754679
-0.2381575098
-0.1738301852
0.5538983471
1.0939146660
2.3513045652
-1.4431812177
1.4485837001
-0.0952005018
0.8663749118
0.3417163356
-1.6595158710
0.6231307464
-1.2177244284
-1.6839309713
1.1422238154
-1.0095734318
1.1027389642
-1.5684727659
-0.0231572270
0.9982701804
0.1142334156
-0.1440034869
0.4982852924
1.1184306682
1.8031249378
0.4935822153
0.5858371609
0.4318542160
-0.8139881085
-0.6313532099
-1.9062053118
-0.0909108351
0.9624818831
-0.4350679129
0.5468900040
-0.8251144918
-2.0117887799
-1.8851676786
0.2828130698
0.2381792246
0.1214449534
-1.3546345636
1.2947018658
-1.1219688396
1.1463181143
1.8447194809
-0.4487403303
-0.4849926762
0.7012219911
-2.4511879468
-0.1549638473
-0.5735329142
0.5983522321
-0.6355244908
-0.1382068688
0.3349034705
-0.7842914999
-0.3326962097
-0.6809665101
-0.3828771355
0.6823025695
-0.2760927425
-1.8505262153
1.7303208921
0.3153428507
0.1763659615
-0.2880938347
-1.7668466726
-1.2767587574
0.6971381385
-0.0134749705
-1.3500266109
1.3570384659
-0.8546477333
-0.0185420390
-1.1997687240
1.2401326455
0.7531401433
-0.6932373769
-2.2162770130
0.6401709661
0.1807522584
0.8293946494
-0.1637293481
0.5998014025
1.0123902399
0.6226235782
0.4955968063
-0.6936917011
0.3641189090
-1.9801625569
-1.2047074599
2.1467106672
-0.6591179480
0.0686447394
-2.2135487357
0.2138482665
1.5912293579
-0.6364162422
0.0117295844
-1.0913569332
-0.5058707921
0.7939520404
0.8795272026
-1.6916376496
1.4270964234
-0.0369772938
0.3850033626
-0.1802321695
0.1590212663
1.0320027644
-0.7702759437
-0.1873544448
-1.5631945999
0.3492875764
0.9927561067
-0.3844735645
1.2712033381
0.6194312293
0.2928043503
-0.5522375573
-1.6249996238
-1.2183903308
-0.1096303976
-0.2718040024
0.6341758603
-0.6786937799
1.4989271182
-1.1192110174
0.2580305343
-1.6443054393
-0.3283636875
1.5855318925
0.4138094944
0.0454502448
-1.0824614273
-0.1414351595
-0.3177297734
-1.1023842852
1.2453998467
0.1914753271
0.5277904101
-1.1628606955
-0.5314269311
-0.2179021914
1.1179414744
0.3128784746
-1.1436838913
0.8163376647
-0.3675326962
1.5136284725
-0.3100778867
0.0924340661
-0.7473679950
0.0350866078
0.6509499232
-0.2236096191
0.5346732271
0.5397798091
-1.2284536228
1.6565828960
-1.4355168944
-1.6958096681
-1.8864196865
-0.0779763884
0.1949268266
0.3463969745
1.0363004647
1.2322492435
-0.7956288914
0.7815487147
-2.5343848610
-0.4415340769
-1.4291932203
-0.8976702782
-0.0554530034
1.0304567726
-2.2460079556
-0.2781990370
0.0492563871
0.3636804589
-1.2207747079
0.6142548724
-0.4442941261
0.4484839645
0.1521216573
-1.3392882707
-0.3521157183
-0.7736610711
1.2062398560
0.1445658864
0.6015790567
-0.2454974839
0.1938373511
-0.2964503493
0.7422392186
-2.1074641686
-0.2620577568
-0.5208849582
-2.5810108373
-1.4112592103
1.1785535291
-0.1876650166
0.0315384631
-1.1344170456
1.0626441369
-0.1794255001
0.4835208916
0.1343792754
0.3617063587
0.2496888956
1.3579378828
-1.1298940580
-0.8643514990
0.8629808345
0.6130145927
-1.0920578089
-2.2200927782
0.0815933046
1.0520092254
-1.1517732948
-0.1200130834
-0.3751303471
-0.3355057979
2.4071570590
-0.8074492375
-1.4626340337
1.4090336095
-1.9137535617
0.2677168197
0.4093528603
-1.8576677048
-2.1244192320
0.1489686079
0.7831418064
-1.3760246746
-0.9957938913
