10 3 0.19
12 0 1 0 3 0 4 1 0 1 1 1 2 1 3 2 0 2 1 2 2 2 3 3 2
11 0 2 0 3 1 2 1 3 1 4 2 0 2 1 2 2 2 3 2 4 3 1
10 0 0 0 1 0 2 0 3 0 4 1 1 1 2 1 3 1 4 2 1
2 5
5 2
2 5
0 0 0 0 0 0 0 0 0 0
0 0 0 0 0 0 0 0 0 0
0 0 0 0 0 1 2 1 2 2
0 0 0 0 0 1 2 2 2 1
0 0 0 0 0 1 2 1 1 0
0 0 0 0 1 1 0 1 0 0
0 0 0 0 1 1 1 0 0 0
0 0 1 1 1 1 1 0 0 0
0 0 0 1 0 0 0 0 0 0
0 0 0 0 0 0 0 0 0 0
0.5477271913
-1.9068436180
1.9831789936
-0.2817107048
-0.5266708852
-0.3781558234
-0.8383897982
-2.9244816324
0.4080045274
0.1234432483
0.5659259336
-1.1232589163
-1.5947970042
-0.1374046557
-0.6823428116
-0.2958181282
0.1063610701
0.0572975442
0.4966755185
-0.4311863347
0.0752327963
0.1087097313
-0.6497920552
0.5350155533
-0.2950776363
1.6331888203
0.1932687539
-0.7669218742
0.7644024602
0.6762021082
0.0764477756
0.5544620744
1.4872719482
-0.7861866009
0.4825464771
1.4073144887
-1.0577179867
-0.0081340514
0.3843930405
-0.6307436556
1.4787115331
1.5846130961
-3.4535320354
-0.4398498098
-0.4159972323
-1.3792879399
0.1098280101
-0.3795342568
-0.5473206158
-0.1886751917
-0.1059544711
-0.3176698677
0.4401343503
-0.6220163497
-2.4239210311
0.4693492467
-0.0308821980
0.2674200996
-1.8280012802
0.5834731552
0.1289074257
-1.7362195412
-0.6194140819
-0.5769852662
0.1707446975
-0.5940277801
-2.1640975234
0.3604120518
-1.1619541493
1.2017427892
0.1232357366
-1.1844897650
-0.0253142148
-2.1561781223
-0.3761594977
0.0597343115
-0.4005750308
-1.1922275883
2.3887145664
1.2484300861
-0.3016138743
-0.1979227649
-0.4486007349
-1.8206529972
0.5540619248
0.2937289821
2.7209685026
1.4446846541
-2.5904685805
-1.3585109236
1.1888991932
-1.5745252133
0.9440678707
-1.2974881942
-1.1487048372
-0.6412400424
0.5588380530
0.5268147000
-0.7365034661
1.4101677635
1.0130737357
1.1578552469
-0.3364826822
0.8561883995
1.2827606816
-0.7539273186
-0.8435836910
3.0896886417
-1.4496647373
-1.2889289952
0.3602694538
1.6622540817
-0.7584545322
-1.7724473455
-0.0890588026
0.2848905974
0.3085358160
0.0241811954
-1.5024236962
-0.2722959306
0.0491058689
0.7012690672
0.9455772381
-2.0447339177
-0.1119913776
0.8253987448
0.5105961653
-0.5503756503
-0.5779014435
-0.9370302271
-0.3923894575
0.3578928577
0.5402100614
-0.2127802127
-0.5736189353
-0.3642863656
-1.8185800522
-1.2838314252
2.1917615135
-1.0144035943
-0.6095333687
-1.1065891451
-0.7906591623
0.3113466991
-0.7890910719
0.3307710371
0.0167288383
-0.2093649605
-1.1989527202
0.2259451716
0.2522749387
1.1152327043
0.7451934078
-1.4838274420
0.8485740938
-0.6607550381
0.1840677277
0.1381786626
-0.8565334941
0.2563437894
-0.7296652212
-0.9258069922
-1.8427035282
-1.1133591436
1.5917538281
-0.6197644049
0.3628068996
0.4125481501
0.8097762129
0.5438023842
-0.7105918237
-0.1257317307
-0.4452498235
0.8027912352
0.0095262691
-1.2372854173
-1.2646430567
0.9064797408
1.2375056625
0.4304805005
-1.5501098553
0.2896882170
-0.8537446309
-0.8148388322
0.2940028517
-0.5807342624
-0.7912157918
-1.2473452711
-0.3829395627
0.2329490696
0.1066782083
1.8396902249
-0.2665486935
0.5581781483
0.2886210931
-0.0139760776
-0.2247835584
0.2408991374
1.7192429554
-1.3320639125
