11 3 0.17
17 0 2 0 3 0 4 1 0 1 1 1 2 1 3 1 4 1 5 2 0 2 2 2 3 2 5 3 3 3 4 3 5 4 5
17 0 0 0 3 1 0 1 1 1 2 1 3 2 0 2 1 2 2 2 3 2 4 3 0 3 1 3 2 3 3 4 2 4 3
17 0 2 0 3 1 1 1 2 1 3 2 2 2 3 2 4 3 0 3 1 3 2 3 3 3 4 3 5 4 0 4 1 4 2
0 2
2 3
6 5
0 0 0 0 1 1 1 0 0 0 0
0 0 1 1 1 1 1 1 0 0 0
0 0 1 1 1 1 1 1 0 0 0
0 0 0 1 1 2 2 1 0 0 0
0 0 0 1 1 1 1 2 0 0 0
0 0 0 1 1 1 1 0 0 0 0
0 0 0 0 0 1 1 1 1 0 0
0 0 0 0 0 0 1 1 1 0 0
0 0 0 0 0 0 0 1 1 1 0
0 0 0 0 0 1 1 1 1 1 1
0 0 0 0 0 1 1 1 0 0 0
-1.5904168886
-0.3667562277
0.2591479340
1.5929997979
-0.5309597501
-1.1518718595
0.8235876959
0.1335675951
2.3221688852
-1.9040267984
-0.2539163332
-0.4093730770
-0.8750575767
0.2902974411
-2.0323382475
0.5540336026
0.5653971075
0.2937885150
-0.3611444131
-0.4915208514
0.8970485952
0.2463828135
0.7869348153
-0.9564520544
0.8895301099
-0.8725047751
-0.6007115599
0.7003289638
-0.5841680227
0.8465207039
-0.1297110790
-1.9198833619
0.8957491335
0.9381291846
0.8617917325
-0.2134069114
0.4791243243
0.5829459282
1.6989751116
0.8584239661
0.8406491908
1.3233143046
1.2952849351
-0.6237924798
0.4293532653
1.3609626260
-1.2778161501
-0.4225596320
0.3870795719
-0.4119340303
-0.0192272215
1.4348936304
-0.4916848213
-1.6238763798
-0.1721847263
-0.9887927138
0.2440887713
-1.7491624572
-1.4769620890
-0.9122900244
0.9664323892
1.1205551676
1.6361520439
1.2319353564
-1.6025709829
-0.5387261136
-1.0012657570
0.4680953008
1.0042202519
1.3537492105
-0.1645351719
1.2365438932
0.0787516662
-0.2573532598
0.3463075155
0.3925815990
0.8138712147
0.1584417939
-0.5160634416
0.6749386263
0.9071278089
1.1610514516
-0.2683561413
-0.5059879444
0.9561369746
1.3436002915
-0.0568021486
1.5731181418
-0.3850131577
-1.0655661842
1.2456942485
-0.2932125090
-0.2170979841
0.2814259691
0.4887303909
-1.1274042761
-0.1412003238
-1.0425722442
0.7578539077
0.3934168057
0.5919227669
-0.3622496209
-0.7202272294
0.5912203854
0.5078013446
0.1034116670
0.3808277296
-1.7652606563
0.4824084879
0.7925388846
-0.9171133480
0.5469083423
1.0466642222
-0.0088279202
1.0432981255
-1.0733799805
0.3255676443
0.8900010604
0.8907114331
-1.7859713594
1.4505277368
0.7454211989
-0.1612142504
-0.1741981251
0.9574540685
-1.4977108702
-0.9322294048
2.0318563147
0.1031511869
0.9793467460
-1.0673390454
-0.5103846782
-1.8406860695
-0.4276900960
-0.6826005197
1.9690111972
0.8453454621
1.4784490843
-1.1646920753
0.6727855815
-2.2052908011
0.7961828438
0.3676951558
-1.3794442328
1.5463335485
-0.4774876394
-0.1296422471
0.3491273946
-0.8518775588
1.2811802374
-0.2701450703
0.3333292339
1.5458588899
0.5477076261
-1.5900011046
0.7380682318
1.1796869429
-0.9480399729
0.3329742468
-0.2894795059
-1.8557934156
0.8831487474
0.1705564376
-0.2444047216
-0.5617209570
1.5448848879
1.0819350662
-1.1912712293
0.2191419000
0.1168487043
2.0098895168
-1.7373074186
-0.0680537282
1.1813638821
-0.4220394414
-0.0425926309
0.9060316027
2.2745331535
1.6568845798
0.3482313303
-0.4444494179
0.2025880488
-1.8535086439
0.5479997374
-0.4718374952
-0.0649342381
0.4540791123
-0.1524343709
-1.0869514536
-0.4902184542
-0.0220908528
-0.4868214870
1.6427807050
-0.3957188197
-1.7310760442
1.4362209693
-0.7034090577
1.1388402004
0.7452917576
1.2864116539
-0.7287809782
-0.2271477102
0.9301455304
-0.1906935160
0.9437894943
1.6079247231
0.5951938341
-0.0523348815
-0.4363684655
0.3021527052
0.3860565876
0.4167527858
-0.3716782160
1.2583399745
-2.1376227149
-0.0066704969
-0.4044099999
2.1815742255
1.0560987062
-0.8539801473
-0.3934807559
-0.5858729967
0.0274062391
-1.0158361459
0.5704857911
-1.0628384539
-0.5508901218
-0.6846766013
0.1219366084
-1.0249624382
-0.5109664537
1.1999080520
0.2982916817
1.4304130126
-0.4452409658
2.0950290927
0.2412049432
-0.9931175637
0.1274792991
0.4705631208
-0.2120215251
-0.6405672476
