10 5 0.15
6 0 1 1 0 1 1 1 2 1 3 2 0
6 0 1 1 0 1 1 2 1 3 0 3 1
6 0 2 1 0 1 1 1 2 1 3 2 2
6 0 1 0 2 1 0 1 1 1 2 2 1
6 0 0 1 0 1 1 1 2 2 0 2 1
7 6
6 7
5 1
7 4
1 3
0 0 0 0 0 0 0 0 0 0
0 0 0 1 0 0 0 0 0 0
0 0 0 1 1 1 0 0 0 0
0 0 0 1 1 0 0 0 0 0
0 0 0 0 0 0 0 0 0 0
0 0 0 1 0 0 0 0 0 0
0 1 1 1 1 0 0 0 1 0
0 0 0 1 0 1 1 2 1 0
0 0 0 0 1 1 2 1 2 1
0 0 0 0 0 1 1 1 1 0
-0.9792170558
-0.5868580457
-0.0195710652
-0.7334097635
-1.0707371265
-1.3810706798
-0.7407644786
0.3552882594
-0.0140324218
0.4714841009
-0.3415027282
0.8799337857
-0.9727435795
-0.3002266970
0.3451648602
-0.9443496251
-0.5586514499
1.0908058763
-0.1674548633
1.0857702599
0.8058820949
0.2571019940
-0.9046235167
-1.0587514392
-2.1267803155
-0.7171534029
0.7478693913
0.6481451607
-0.1505681723
0.6505083224
-0.1626537217
-1.3468822033
0.4505330252
0.1458801555
1.8244940122
-1.4922834627
0.3431678591
0.4977186421
-0.1125615799
-0.4553764212
0.7389069512
-0.7650670665
2.0634935268
1.7091956133
-0.2315663436
1.9869230123
0.7958464750
-0.3722480259
-0.3329452931
1.1920721710
-0.1560387741
0.2196710696
-0.9457327509
-0.0087647667
0.8905864595
-0.9846730366
-0.0999803188
-0.8673511901
0.3056400253
0.8897234426
-0.0728891570
0.7226871425
0.4552691728
0.9769967434
-1.1148477083
0.3978017775
-0.7947062988
0.0277742730
-1.1799747450
-1.1600188873
0.0011135255
-0.3501095310
0.1191549937
0.8327970764
-0.4660345066
0.7646467189
-0.8121259204
-0.3933331920
2.2991906157
1.5865624901
0.3542967367
0.6852474952
0.3977684826
-1.1833513853
-0.9081959738
-0.4067465467
-0.8342031289
2.1228231666
-0.0284608737
-1.2524437437
-0.4015061168
-0.2519933376
1.0148570192
-0.0396871125
1.1557657373
2.1199864033
0.9880791797
0.9294864536
-0.9578803652
-2.0106138165
-0.5243651103
0.2801321275
0.1557738893
0.4475258285
1.1998981835
-0.1656057620
0.1224292725
0.1011850599
0.0496028955
-1.3222036982
-1.1415695760
1.3183851239
-1.8127034075
0.4616254294
-0.9838001817
-0.2163049970
-0.7370354159
1.1448157458
0.1125277918
-1.1113147658
0.2611602174
-1.1059982097
-0.9544891411
0.3755692988
-0.4617970794
0.1939016106
0.2312827904
0.4938886336
-1.1028989761
2.3551607448
0.4697331865
0.0802593682
0.8025986986
-0.1361844210
0.4112334323
-1.7153878822
-1.9948484353
0.5983161054
0.1799895855
1.9138129396
-0.3772072478
-0.0810822293
-0.0244359761
0.7156949248
1.0977839132
-0.8144655721
-1.1241206922
-1.2808614310
-1.1254534972
0.5542247936
-0.5279068666
-0.6746456786
1.0978184456
-2.0750267889
-0.1107384849
0.7376624856
-0.0878743710
-1.8895169803
2.0368054190
0.8191184128
1.1836700260
0.5789878101
-1.5732632914
-1.2428297053
-0.2308654093
-1.3795612102
0.3974919370
-0.1540318604
-0.1152445055
0.9660370992
1.5802438161
0.8470640475
1.6482043167
-1.9342649720
1.3442918861
0.5539417076
-0.6347731002
0.4551540481
-1.4445754122
1.3357345829
-0.6150329159
0.3310793330
0.7686661160
-1.3649516130
-1.6724378570
-0.8286705148
1.0142331335
-0.3673156736
-2.4428624914
2.3908492265
0.5024926892
-0.1925470826
0.0468410529
0.3616387628
0.8986204760
0.9410975146
-1.5543909543
-1.7371925523
0.3362194423
1.1349952425
