11 2 0.12
12 0 2 1 0 1 1 1 2 1 3 2 0 2 1 2 3 2 4 3 1 3 2 3 3
12 0 0 0 1 0 2 1 1 1 2 1 3 2 1 2 2 3 1 3 2 3 3 4 1
4 6
6 0
0 0 0 0 0 0 0 0 0 0 0
0 0 0 0 0 0 0 0 0 0 0
0 0 0 0 0 0 0 0 0 0 0
0 0 0 0 0 0 0 0 0 0 0
0 0 0 0 0 0 0 0 1 0 0
0 0 0 0 0 0 1 1 1 1 0
1 1 1 0 0 0 1 1 0 1 1
0 1 1 1 0 0 0 1 1 1 0
0 1 1 0 0 0 0 0 0 0 0
0 1 1 1 0 0 0 0 0 0 0
0 1 0 0 0 0 0 0 0 0 0
-0.2011950939
-0.4718091182
1.2215993263
-0.2266879523
-0.6188642155
0.1758880030
-0.6766294086
0.1855477741
0.2583119519
0.5703014447
1.1701317686
-0.5833471054
0.8056600728
-0.5569144559
0.1099334902
1.4965975393
0.1961302636
0.6650738863
-0.9813818928
0.4882885104
-1.5099469647
2.6322553136
-1.5354050180
1.7331563273
0.9531556209
1.5741102962
1.0003208483
0.3402677519
-0.7444908768
0.4920152243
-1.4230557006
-1.5066080167
0.8954960362
-0.0940152078
-0.5281426783
1.1866989314
-0.3504952683
-1.3565516251
-0.5973218429
-1.4058297950
-0.8978695830
-1.7802588581
0.2721231247
0.5481915826
-0.4960968764
0.4985760026
-0.8315651212
0.4261258427
-1.3910831489
-1.2704438028
-0.3598191092
-1.0930589238
-0.1478595369
-0.5299244053
-1.6146628706
-0.4645325627
-0.7218262337
-0.0658544760
-0.4803822537
1.9861914504
0.8204658092
-0.5335406941
1.6546829449
-0.3290671825
1.4288860693
-0.2567477063
-0.5352324591
-1.6249985761
0.2671181670
-0.9162809848
-0.5533142549
2.0003678594
-0.4737198087
0.7282737974
2.3002363720
0.2338788135
-1.2991932932
-0.1266841958
0.5743536113
0.1790076075
-0.3979415189
0.6597694224
-1.0208010912
-1.4562872443
1.3770975056
0.9366797851
0.1642067000
0.2128112596
1.9801261082
-0.3426689047
1.2354003783
-1.0214257559
0.2146916480
0.3938533896
0.6885338015
0.3271305334
1.9944870138
0.3005705795
-1.4660460049
1.1607160797
0.6369091474
-0.6545117244
-1.1967455583
-1.2597203910
0.3094641569
-0.2610887397
-1.1021724929
-0.2539667300
1.7589638416
0.1335615728
0.0664468593
-1.5474296433
1.0230566736
2.6978866386
-0.5616241482
1.1077350420
-0.3978167400
1.1326627691
-0.8299841809
0.5869101734
-0.3206863104
-1.0315743955
0.5028356137
-0.5868763309
-0.5271265815
0.9927344397
-1.6225714300
0.8404045035
-0.7460517279
-0.1162671570
0.4905267764
0.0632288192
0.1723575575
0.0215488302
-0.3769924351
0.7602340070
-1.3729489356
-1.3783907748
-0.1140261072
1.0520337397
0.9545713056
0.3230357660
-0.6920591123
-0.2331152839
0.4726008641
0.0668989004
0.7811959331
0.2726006501
-0.5010212352
-2.0008667624
-0.1696362435
-1.1752290650
-0.0634337453
-0.1422558401
0.0670828815
-1.0335566105
0.6085567522
-0.0841798460
-0.1183256796
-0.2071108891
-0.7343483321
-1.1266074556
-0.1889678629
-0.8015749582
1.3833332645
0.1684519010
0.6445629286
0.4408303126
-0.4837405668
0.2553390924
0.2345455705
-1.2771702195
-0.9028612411
1.0279200406
1.0503313362
0.3702867007
-1.7132783832
1.3830316759
-0.1801246148
1.7478162255
-0.9725563989
1.2387001652
-0.2737806131
0.7840103109
0.7752694619
1.4593864715
-0.0403530848
1.5056827982
-0.1441313895
-0.3982048854
0.5993566994
-1.1160108602
0.1962921805
-0.4538827903
-0.0392729811
-0.7568073361
0.7384663881
-2.1477217296
-0.1710432832
0.2505606427
0.3814765967
-0.7024426600
0.4914774943
-0.9002594789
1.3220210194
1.0913673887
-1.5251556074
0.9040422631
-0.4297182267
0.2917791507
-0.5370856101
-0.7474376445
-0.9662075170
-0.9979570335
-0.6635445852
1.6580206910
-0.3266586982
-1.8142603961
0.6124841850
-0.8420231974
0.8529961331
0.0307475928
0.7070514528
-0.6812752589
-0.0808030993
0.0710072353
-0.2251271882
0.1218063198
0.9189392567
-0.7448746198
0.8783164838
-0.6972644279
0.1183268972
-0.3244853888
-0.5917387394
2.4232466404
-0.6047520533
-0.6580794920
-1.5659809960
-0.9056176797
0.7165383833
-0.8642443656
