13 5 0.07
9 0 1 0 2 1 0 1 1 1 2 1 3 2 0 2 1 2 2
9 0 3 1 1 1 2 1 3 1 4 1 5 2 0 2 1 3 0
9 0 0 0 1 1 1 1 2 1 3 1 4 1 5 2 2 2 3
7 0 1 1 1 2 0 2 1 2 2 3 0 3 2
8 0 1 0 2 0 3 1 0 1 1 1 2 2 1 2 2
8 9
6 7
0 5
5 6
6 9
0 0 0 0 0 1 1 0 0 0 0 0 0
0 0 0 0 0 0 1 1 1 1 1 0 0
0 0 0 0 0 0 0 1 1 0 0 0 0
0 0 0 0 0 0 0 0 0 0 0 0 0
0 0 0 0 0 0 0 0 0 0 0 0 0
0 0 0 0 0 0 0 1 0 0 0 0 0
0 0 0 0 0 0 0 1 0 0 2 1 1
0 0 0 0 0 0 1 1 2 2 2 2 1
0 0 0 0 0 0 1 1 2 0 2 2 0
0 0 0 0 0 0 0 1 0 1 1 1 1
0 0 0 0 0 0 0 0 0 1 1 1 0
0 0 0 0 0 0 0 0 0 0 0 0 0
0 0 0 0 0 0 0 0 0 0 0 0 0
-2.2263237886
1.6979469076
-0.4688148517
0.3121747625
-1.4871667569
0.2114547352
0.9679943868
0.6519805619
1.2639873462
0.3574992890
1.9057599389
-0.1301653394
-0.3736892531
0.7671284626
-0.2833043929
0.8947400835
0.2518685807
-1.0764330806
-0.1859443858
-0.1864578969
-0.1239025515
-0.6978767508
0.3804014852
-1.4403493998
-1.4896370463
-0.0420397288
0.5884977886
0.4837822226
0.6050896246
1.1101433682
-0.0561620603
2.2288012556
-0.8146032503
0.4746735308
-0.6117971848
-1.3110189308
-0.3672979425
-0.2196803694
1.6274971336
-1.4677998062
-0.3581970201
-1.6049204736
1.8082742253
0.5681049846
1.0195202831
3.6755358346
-1.0505344233
-0.3367876642
-0.9894476960
1.1268057565
-1.6796255386
1.5744925210
-0.2507393387
-0.0943544236
0.2528412885
-0.5650150559
-0.6470644634
-1.6500696621
1.8419641384
-0.6683611426
0.4461002051
-1.8740346601
-0.4779206281
-1.4648754096
0.1806829610
0.0779682023
0.4109215138
-0.9520622632
1.4954989070
-0.4554915669
-0.4985040925
-0.2194161276
0.8621151928
0.0265170459
0.8636588401
-0.2614223403
-1.3823636414
-1.0914551302
-0.3250959305
1.4181255679
-0.0602552646
0.9735328294
2.7412575542
-0.5932982714
-0.1982394581
-0.4608658784
2.4517020135
0.2773769135
0.5923225768
0.2553277649
0.2779068254
-0.1108747881
-0.0344513771
-0.0402334095
1.1330940761
0.6276445911
0.9871126543
1.9441911920
1.1381354358
0.0644509838
0.7131914995
3.1279155222
0.5710002969
-1.4837420773
-1.0773080387
-0.7806433598
-0.1852948912
0.9483432891
0.4018252212
0.3982712909
1.0479857909
-0.4934845006
0.7597047811
-0.1987694611
-0.2021418520
-0.1309324611
1.3148663902
0.0496191628
-0.4064619008
-0.3091605377
1.6775534507
-0.2588980013
1.6056107695
-0.0066816965
0.7164480861
-0.4124554801
1.2096775636
-1.4129534301
0.3791836103
-1.7007795125
0.6230648539
0.6977920801
0.2183565363
-0.9157273177
0.1781278904
1.1032271349
2.8857951954
-1.3332490190
0.4736477024
-0.5150207146
-2.6981813871
0.8484845375
-0.0101038519
-0.3725480126
2.1058042202
-0.2310502934
0.0366740962
-0.9550374720
0.1087369588
-0.5032151467
1.3135974594
-0.5682981244
-0.7407201820
0.7394997974
0.9789526713
0.2576357006
2.0990815138
0.3900847596
-0.3448948130
0.8313134825
-0.1983338199
-2.6361340139
0.2394310971
-0.6884456271
-0.7069932434
-0.9711376101
-0.5443342237
0.2414616596
-1.3334941984
0.2692659832
-1.9014793879
-1.7358248299
-1.8301876391
-1.4540002647
-0.7328727794
1.5616362671
-0.0629461892
-0.2707882369
0.4674630726
1.4254686228
-0.4324803627
1.7726391849
0.1490040309
0.1599887702
-0.1641117246
1.8039788144
1.3182944477
-0.3684451821
0.6291721502
-0.1683285765
0.5235279804
0.5578450486
-0.1309557752
1.0366149674
0.0616109910
0.9862890748
-1.3580534211
-1.1130749977
-0.4271772383
0.4287563888
-0.7282242792
0.8178473330
0.3194361123
0.6898623240
-0.4246891663
0.0886648837
0.3767981003
0.5037206922
-1.0035377458
-0.6103708022
0.1765432624
-0.9855504701
0.3245469506
-0.1615280078
0.4258222460
0.9334036316
-0.6674468821
0.6575004669
0.9956917346
0.1553166698
0.5482648710
0.4072722284
-0.6843423323
1.8861323546
0.0343158978
-0.5776726274
-0.6908459667
-1.3060688449
0.1953654609
-0.7126055242
-1.4267759146
-0.9271231954
1.8503663361
-0.6967260650
1.6515436427
0.0810696834
-0.8259590103
-0.2238817131
0.6476202309
-0.6194569039
0.7215925689
-1.7904724402
0.3017748059
1.8983695117
0.0544292123
1.8220336842
0.9157738665
1.1912533706
1.1324476170
-0.3617891880
0.1711315855
2.2412888559
1.7280613649
-1.9046976645
-1.1882354224
0.2603046431
0.7276738943
-0.5721365884
-0.0645209735
0.8517579496
-0.2821624041
-0.7503694029
1.0609943375
1.3346471467
0.7370506497
1.0479550446
-0.6770510001
-1.2282860193
-0.5667847544
0.9765184909
-0.7797548805
0.2073339399
1.8619968452
0.6807554669
-0.8440071791
0.6753281681
-0.8281055156
1.2690413849
-1.1582128424
0.3994730119
0.3695743002
-0.5410643049
0.4037666672
1.5335503714
0.0428861744
-0.6429733299
-0.3084505169
-0.9288620886
-1.2107442182
-0.6714334926
-1.4481536399
-0.3275013509
0.8302296512
-0.4696027565
0.8151664713
0.2145065372
-0.0763395206
-0.8611650424
0.0963803094
0.9078482279
-1.5070539465
1.0155357120
-0.6839746783
-0.1707248916
-2.1886016219
0.2561548883
-0.2716956500
-0.2755370798
-0.0243955995
0.4329719068
1.2144971777
-1.4540465865
-0.4101592753
-0.9436689204
-0.2233445000
-1.6444173244
1.1761822282
1.2558038256
0.0581320006
-0.6179770591
-0.8015848612
-0.1129294453
0.4458806147
0.8848251067
0.0641838212
-1.4584340088
1.7879538587
-0.7589267204
0.3604260688
-0.0556284271
-1.7496636804
-0.6356394733
0.6837228170
-0.1788475613
-1.4328218405
1.9584075044
1.5718125117
0.1775750447
