19 10 0.10
7 0 1 1 1 2 0 2 1 2 2 2 3 3 2
12 0 2 1 0 1 1 1 2 1 3 2 1 2 2 2 3 2 4 3 1 3 3 3 4
6 0 0 1 0 1 1 2 1 3 0 3 1
13 0 1 0 2 0 3 0 4 0 5 1 1 1 2 1 3 2 0 2 1 2 2 2 3 3 2
11 0 2 1 2 2 1 2 2 2 3 3 1 3 2 4 0 4 1 4 2 5 1
14 0 3 1 0 1 1 1 2 1 3 1 4 2 2 2 3 3 1 3 2 3 3 3 4 4 2 4 4
16 0 5 1 0 1 3 1 5 2 0 2 1 2 2 2 3 2 5 2 6 3 1 3 3 3 4 3 5 3 6 4 4
9 0 0 0 1 0 2 1 1 2 1 2 2 3 1 3 2 4 2
16 0 0 0 5 0 6 0 7 1 0 1 1 1 2 1 3 1 4 1 5 2 4 2 5 3 3 3 4 3 5 4 5
6 0 0 1 0 1 1 1 2 2 1 2 2
8 1
3 9
10 15
13 12
4 0
14 10
5 10
4 14
3 0
10 10
0 0 0 0 0 0 0 0 0 0 0 0 0 0 0 0 0 0 0
0 0 0 0 0 0 0 0 0 0 0 0 0 0 0 0 0 0 0
0 0 0 0 0 0 0 0 0 0 0 0 0 0 0 0 0 0 0
1 0 0 0 0 1 1 1 0 0 0 1 0 0 0 0 0 0 0
1 1 2 1 1 1 0 0 0 1 1 1 1 0 1 1 1 0 0
0 0 1 0 1 1 0 0 0 0 1 1 1 1 0 2 0 0 0
0 1 1 2 1 1 0 0 0 0 2 0 1 2 0 2 1 0 0
0 1 1 0 0 1 0 0 0 0 1 1 1 1 0 2 2 0 0
1 1 2 0 0 0 0 0 0 0 0 1 0 1 1 1 2 0 0
0 1 1 0 0 0 0 0 0 0 0 0 0 0 1 0 0 0 0
0 1 1 1 1 0 0 0 0 0 1 0 0 0 0 1 0 0 0
0 0 0 1 0 0 0 0 0 0 1 1 1 0 0 1 1 0 0
0 0 0 0 0 0 0 0 0 0 0 1 1 0 0 0 1 0 0
0 0 0 0 0 0 0 0 0 0 0 0 0 1 1 2 2 1 0
0 0 0 0 0 0 0 0 0 0 0 0 0 2 1 1 0 0 0
0 0 0 0 0 0 0 0 0 0 1 1 2 2 2 1 0 0 0
0 0 0 0 0 0 0 0 0 0 0 0 1 1 1 0 0 0 0
0 0 0 0 0 0 0 0 0 0 0 1 1 1 1 0 0 0 0
0 0 0 0 0 0 0 0 0 0 0 0 1 0 1 0 0 0 0
-1.2208393172
0.8875300781
-0.6595608865
0.3237945820
-0.4015090015
-1.8158271835
-1.4432129043
-0.4042148784
-0.8423451838
1.0604679302
-0.6163408236
-0.5682906342
0.3235952866
-0.8398943116
-2.0699715892
-0.0148011228
-1.0003186660
-0.0441288838
1.9735815312
0.3892495780
-0.3015124386
0.6870284832
0.3660723646
1.1970995218
0.0449571788
-1.6167717201
-0.7069255869
0.8071043923
-0.3119147954
-1.4085578865
-1.3037699594
-0.4232620748
0.5779297628
0.7058581446
0.3744705363
-1.1044806367
0.0585745351
0.5965282772
-1.4457587816
-0.8741274787
1.5490286664
-0.3485273364
0.3554499706
-0.1355416867
0.6694740472
1.0968502317
0.8211788093
1.5415758118
0.5043554844
2.0871599763
-0.2041254918
0.9843720925
-0.4827732118
-0.2284420236
0.2992386025
-0.6746086657
-0.8100106863
-1.2756839299
0.3692160331
-0.1873825120
0.2549351345
-0.2397940114
-0.0373198870
0.7940273896
-0.1036663475
0.7443132781
1.8653308944
1.0699975771
1.4196994936
0.1983356896
-1.3555476176
0.0103337637
0.5362227289
0.7567953540
0.5095016596
-0.3976749540
-0.6584032419
-0.7591718834
0.7974613211
-0.1237710975
0.9801705928
-1.1062596675
-0.3647396661
0.1083378243
0.3235088746
-0.9361816455
0.2736176244
0.5205239688
0.3590540654
1.4519088432
-0.9154663554
-0.2861123225
1.4743129788
-1.4900030773
-0.1633918657
-1.4906435299
-0.8844017310
-1.4838307609
1.2249377044
0.0636019818
0.0347106361
-1.0506822489
1.1210462705
-1.1389289285
-0.3377659523
-1.2454861185
1.6221139772
-0.8394161278
1.4011045684
-1.7038346711
1.2821972189
-0.5369760351
0.0375812718
-0.8311122788
-0.5775084953
-0.5996887418
-1.0501253007
-0.5385096310
1.8138009545
0.5418860318
0.6203397267
-0.6704657296
0.4295259841
0.9176366701
-0.5798345432
-1.3297475182
-1.3393048348
-1.0237766440
0.1028367000
-0.6163069171
-0.2733410619
1.1419934733
0.0911062943
-0.0021431568
-0.2041615493
3.0618878096
-0.2246461981
-0.7059656267
1.5347013925
1.7556467253
-0.8636911620
0.5794140936
-0.6981921738
0.2009010743
-2.0557866366
0.8745144332
0.9159410230
0.7599485029
0.2588068292
1.2643149743
-0.0851838139
0.8857930745
-0.1824772562
-0.8873163600
0.3011056534
-0.2326644937
-0.7407489970
-0.1466936327
-1.8770817664
1.1623700782
-0.0114854105
1.3313094402
0.0161772108
0.9424930377
0.7322115725
-1.1798248419
0.6729826174
-0.5168091582
-1.8334520257
-0.2712242443
0.0814778369
-1.5805177205
-0.8160708981
1.1734372084
1.5785482190
0.9465274700
-1.7322364654
2.1259824462
0.6862004470
0.4594723345
1.2561958685
0.9406426775
-0.8452959074
-1.4516988329
-1.7689900214
1.1503794827
0.0203401959
-0.6029688265
-1.6974670107
0.6669664248
-0.4837327233
0.2833721569
0.2889621363
-1.0055243845
-1.0032902985
0.2175525739
1.5171997799
0.8688864124
-0.6657371604
-1.6511785530
-1.0619121304
0.4762146160
0.2498753685
-0.7247104773
0.5672038144
1.0486862613
0.0766893833
-0.3400443819
-0.8659085172
-0.3535348521
-1.3129027952
0.7476639243
-1.3255776272
1.5863921703
0.8968587654
-0.8080869027
-0.6999034522
0.0794028595
-1.0413936013
0.1911372335
-0.6925254402
1.0013836770
-1.4076523077
1.5139561616
-1.2343432331
1.3452647979
-0.2333611528
0.4360614007
-0.8286306774
0.8622046307
0.7265103010
-1.3389879012
-1.0909753701
-0.1429670368
-0.8843959857
-0.0871607225
1.0714425097
0.5459596894
1.1090575052
-0.4722057303
1.3098179263
0.1239814541
-0.6356878693
1.0066026038
-1.5626305854
-1.6944511266
0.6487776851
1.0217936509
0.6454675249
-0.9414563261
0.2992075725
-0.2671231930
1.4369966903
-1.0531183451
-1.5923960893
-0.2879303358
1.7330522379
-0.3313855335
-1.1249093270
0.7009825632
-1.2844363958
0.8358700922
0.5875837987
-0.0992295194
1.6305055468
-1.9119704595
-0.6511983684
-0.4814670866
-2.7149616752
1.7050273032
-0.4055088338
0.4042473711
0.1051158890
-1.7259916891
-0.7487543427
0.7607856993
0.0149963124
0.5203519499
-0.8350800237
-0.8533306019
-0.9119176039
-0.1632468326
-0.4752582425
0.5369860108
-0.8033593342
-0.8071769140
-0.3490630303
-0.4768750575
-0.4048288468
0.3298030666
0.6632098080
0.9438461889
1.0495972207
-1.1213524714
-0.8764951874
-0.4823375404
-0.8841384678
-1.0585791615
-0.0450477992
0.1598326376
-0.4701880969
1.8720807471
0.8879892730
-0.8593680844
0.1195195186
-0.0182388195
-0.1786993631
1.3516247109
0.8523891748
1.4653906387
-0.9401766727
1.7618658141
-0.4941024209
0.3083737601
-0.4611540459
-0.2408509091
-0.3466305587
0.5872053527
1.9733261960
0.7229970251
-0.6821001357
1.4201753958
0.2108224487
-1.3429787017
0.4649067792
0.8700907421
-1.6533212909
-0.4161722357
-0.2684257459
-0.0666606271
1.0797237054
-1.6296148157
-1.4897822057
-0.3864228978
0.7354251571
0.7331052021
-0.5828645360
0.2058071751
2.1039531539
-0.4636040063
-1.8775022415
-1.3542698967
0.7726408760
-1.5987439425
1.5267937006
0.2830979724
2.6281090691
-0.1518929391
0.4494719951
-0.0088082745
-1.4295128143
-0.7552946333
-1.3788109891
0.7355890278
-1.8258964525
-0.9850868314
-0.9905363468
2.0396293700
-1.4527504612
0.1387123076
0.2541346960
-1.9065836448
1.4353664092
-0.7593627022
0.3333140404
-0.7162158254
0.0897584155
0.1644936772
1.4627486911
-0.7240123495
1.1575436369
0.0172320193
-0.3339261052
-1.1542523719
-0.9354734316
-0.1102914670
-0.0478287951
0.0240153199
-0.3382042602
0.3213259501
-0.3911014769
-1.3177232155
-1.5301304579
-0.1620771171
0.9689882877
-0.2945183879
-1.2489691744
0.3327529507
-0.6819380500
-0.6922262203
-0.9770873723
0.3272400701
-0.0048941098
-3.1689887220
-0.6844913788
-1.5287579787
1.2284759873
0.5359568865
0.7651428554
-0.6201219347
0.2999143828
-0.9604133764
-0.1480260996
-0.0736309157
-0.8608664017
1.2698729707
1.9048056461
0.1096651818
-1.6910551644
-1.5760668382
-0.8853733058
-0.5298905583
1.7106767288
0.0112983923
-1.6486575232
2.5157962447
-0.8016772150
0.3047752420
-0.1429476778
-0.1620748385
-1.3704500653
0.3164962198
-0.4680855208
0.1320421737
0.4089660959
-0.0531136888
0.0658944618
-0.9274993634
1.8538918354
-1.4409120903
0.7688351615
-0.7402896137
-0.2334254663
0.9704632787
-1.0064350158
1.8055639200
1.8379016056
0.1914245916
-0.6120571377
-0.6956297592
0.6774183324
0.2725903148
0.2138783133
1.1699076322
1.1383380967
1.2239327483
-0.7657126779
-0.8404819670
-0.2409008369
-1.0572451148
-0.1617390829
0.4786843174
-0.0282752803
-0.4035926272
0.0099018935
-0.6939308168
0.8455361913
1.3197731791
-1.1028474763
-0.1471533552
-0.3422172176
-1.0879742040
0.0596701662
-0.6549611360
-0.8380470776
-0.3606320174
-0.7229494716
-0.8800181482
0.5156610214
0.0607759722
1.1816110277
-1.5560263170
0.0190599390
1.0243096026
0.1779062470
0.6819952172
0.1354356010
0.0374532061
-0.5265303917
0.6995862075
-0.6162896813
-0.8937821345
-0.1864980615
0.4343395840
-0.4311582075
-0.1197442676
-0.5483700208
-0.4367856004
0.1892527441
-3.1522571251
0.5511764894
0.6026183461
1.0321057096
1.4037578892
-0.8481396877
0.4542099501
-1.4728854706
1.5921437614
-0.4094133999
0.9728306034
0.4129107869
1.8528104835
-0.4707963706
0.2848556199
0.7133977126
-0.9095169754
0.1484442402
-0.3773467878
-1.5581272793
-0.0038798039
-0.9333401114
0.1299775844
1.3262267202
-0.3766901854
0.1292195335
0.8337169249
0.2764215334
0.0403890088
-0.7756212936
0.3892930650
-0.2615443013
-0.0731602713
0.3380470875
-0.5111621749
-0.9240191223
-0.0744900090
-0.5361928653
0.4931957138
0.5325678099
0.0212587169
0.0632406373
0.2362811367
-0.8403678038
-1.3811246312
-0.7132800643
0.2691247277
-0.0570407589
-1.6396578731
-1.1777402296
-0.7491195577
1.7384727257
0.7405857745
0.7255231208
-0.1949445718
1.6641600637
0.5126816025
1.1030478617
1.4404436847
-1.2796763058
-0.1507329495
-1.5351830676
1.1786235613
0.6363060159
1.4706337419
0.8154533323
0.4565556789
0.1393235747
-1.4736974670
-1.4813317928
1.6778718077
-0.5280932193
1.4737873340
-1.5336997159
-0.1776355421
0.1432949814
1.0324850284
1.5560273640
1.3203651662
-0.0545355979
-0.2743438487
0.2486212648
0.5564174080
-0.0463238652
-0.9636419876
0.3134120194
0.2653508428
1.4213915286
0.3452463221
0.3954759998
0.4973700188
0.5868945852
-0.3985925548
1.6801059042
-1.0726705915
0.3310171789
-0.1350813850
-1.7036991506
-0.0174481357
-0.0741835311
0.5509514496
-1.2364738693
0.3104519574
0.5492736621
-0.3224837736
-0.7096564682
-1.1041375994
0.4413724236
1.1817500658
1.2735092232
0.6148641102
-1.1432915397
0.9145730987
-0.6314770319
-1.8838630247
-0.4198099888
-1.9100328827
-1.5200870919
-1.8777434428
-1.7356684461
1.6481283766
-0.5097182057
-1.0666125594
3.5947797948
1.6834564766
-1.4872889301
-0.3902370029
-1.2985850196
-0.5589848064
1.6499778686
1.7087851372
-1.9268936063
0.9437338474
1.5478125337
-1.2860630661
1.8731705767
0.8006714293
-1.7437680284
0.5995883168
-0.5875597283
-1.2311833878
-1.7762061747
2.1061112535
0.0627698271
-1.1674651848
0.8705229672
-0.0787730570
0.8025768728
0.5738445887
0.2027309724
-0.4434310730
-0.6705002202
-0.0298211968
-1.0322803564
0.8934738247
0.1114840035
-0.4614602692
-1.4584581225
-0.1520113988
0.5961311986
1.1328203003
0.0636459694
-0.6627297905
-1.2125219417
-0.7628031588
-0.4428476231
1.0046243363
-0.6016714602
-2.0002778785
0.4660538387
2.1657306851
-0.8846754283
0.1859752884
-1.8170753637
1.0046339277
-0.2765479867
-0.6159751419
-1.9164289537
0.2373580221
-0.4339733813
-0.6267973179
-0.7553284176
-1.8740751963
0.6977207600
0.0666254121
1.2324374228
-0.7219492038
-0.6401364214
-0.7714233614
-1.6532094239
-1.3860159683
0.1940818794
0.8944950139
2.1203155564
-0.4727840531
-0.0735128833
-1.0296942658
0.3722691998
-1.0813247996
-0.4373556989
0.9014765394
0.7019671924
-0.6395760910
1.9021488321
-0.6649801380
-0.5418424123
0.2157194811
1.3776724979
-0.9882272964
-1.0507670666
-1.5301189284
-0.9817663006
0.6707794518
-0.7255459023
-0.7635625760
0.1302951364
-0.1757770336
1.0885548469
0.3864413925
0.2719214016
-0.4501257127
-0.6278518671
-1.3752381712
2.1083148190
-0.2954879868
-0.8753019388
1.0123851353
2.1004410253
1.0107931086
-0.5048498811
0.5698670576
0.2132319969
-0.6095832021
