17 8 0.08
12 0 2 0 3 0 4 1 0 1 1 1 2 1 3 1 4 1 5 2 1 2 3 2 4
11 0 1 1 0 1 1 1 2 1 3 2 1 2 2 2 3 3 2 3 3 3 4
12 0 1 1 1 2 0 2 1 2 2 2 3 2 4 3 3 3 4 3 5 4 4 5 4
10 0 0 0 1 1 1 1 2 2 1 2 2 3 0 3 1 4 1 5 1
12 0 3 1 3 2 3 3 3 4 1 4 2 4 3 5 0 5 1 5 2 6 2 7 2
10 0 0 0 1 1 1 1 2 1 3 1 4 2 2 2 3 2 4 3 2
11 0 2 0 3 1 0 1 1 1 2 1 3 2 1 2 2 2 3 3 2 3 3
11 0 0 0 1 1 0 1 1 2 1 2 2 2 3 2 4 3 2 4 2 5 2
6 10
6 9
1 9
8 3
9 10
0 10
6 1
0 0
1 1 0 0 0 0 0 0 0 0 1 1 0 0 0 0 0
1 1 0 0 0 0 0 0 0 0 1 1 1 1 1 0 0
0 1 1 1 1 0 0 0 0 0 1 0 1 1 1 0 0
0 0 1 0 0 0 0 0 0 1 1 1 2 1 0 0 0
0 0 1 0 0 0 0 0 0 0 0 0 1 1 1 0 0
0 0 1 0 0 0 0 0 0 0 0 0 0 1 0 0 0
0 0 0 1 1 0 0 0 0 0 1 0 1 2 1 0 0
0 1 1 1 1 0 0 0 0 1 2 2 2 1 1 1 0
0 0 1 2 2 0 0 0 0 0 1 2 1 1 1 0 0
0 0 0 1 2 1 0 0 0 0 0 1 1 2 0 0 0
0 0 0 0 1 1 0 0 0 0 0 0 0 1 0 0 0
0 0 0 1 1 0 0 0 0 0 0 0 0 1 0 0 0
0 0 0 0 1 0 0 0 0 0 0 0 0 1 0 0 0
0 0 0 0 1 0 0 0 0 0 0 1 1 1 0 0 0
0 0 0 0 0 0 0 0 0 0 1 1 1 0 0 0 0
0 0 0 0 0 0 0 0 0 0 0 0 1 0 0 0 0
0 0 0 0 0 0 0 0 0 0 0 0 1 0 0 0 0
-0.8756214268
-0.9283336133
-0.5168039750
1.0226650380
1.9880607006
0.6743251296
0.3594807697
0.3909313580
0.7040503505
-0.0533750889
0.6150945328
-0.5995971498
-0.6519812458
0.3142520539
-0.8433779927
2.0435526207
-0.4274760031
1.2976493877
0.2064652680
1.2281555835
-0.8231247724
-2.5622394787
1.9046175689
-0.3921720431
-0.3502458988
0.4311194789
0.5254310418
-0.7334113269
-2.1660896742
2.2748227559
1.4321932727
1.7769375599
-0.6242937613
0.5610831868
-0.1631953695
0.5010102554
1.6132761444
-2.0269167725
-0.0253111528
1.6079714869
-0.6927595331
-2.2871841241
0.9155419953
1.0091150742
2.4152500612
1.4616402402
-0.2602165736
0.9534435023
0.2837182321
0.6498938546
0.0062240790
0.6211949145
-0.0537609149
1.1955001500
-0.1943556410
3.1830832529
0.2084095987
2.1697644386
-0.3541954104
0.1693185894
-0.7076646395
0.9305390969
1.0285680278
-1.8460907667
1.9494544643
-1.7484176636
2.0316777377
2.5580735014
-0.1271882110
-0.4496858054
-0.1286147884
0.4669591132
0.1630894070
-0.5276074153
-0.4576065487
-0.0819118668
-0.5094137860
-0.0450892223
-0.2491283294
0.1861037807
0.4500353026
0.0137284956
-2.5024529697
-0.8448670194
0.2190525621
0.8492400357
-0.0200041458
-0.9536966611
-1.1561953611
-1.5647568761
0.2732452358
-1.0816313000
0.6665185881
0.5010528976
-0.3357369057
0.5666541208
0.4844355044
0.2138164693
0.2137989766
0.3643705381
0.7747483453
0.3351355297
1.4702816883
-1.3793891830
-0.8125511741
-0.2222640622
0.4966766475
-0.6566231272
0.9579991051
-0.3821218272
-0.4768647385
-1.5642762098
0.7624014054
1.4256597149
0.1346774272
-0.4700944032
-0.0175673767
0.8560331765
-0.8145124896
-0.1129746248
0.5273538679
0.6905906949
-1.1130016353
-1.0234478650
1.6584494584
-0.7577331789
-1.0733199778
0.2980320217
-0.9117695608
-0.6760088636
0.1370420786
-0.0020606407
0.5914381389
-0.0703100152
-0.3136741593
-1.1047468019
-1.3998708198
0.0345389005
0.0638179480
-1.6966101942
1.0770003756
1.2512423337
0.2184202624
0.3067305210
-0.7527148079
0.1873318775
1.2950226103
-1.0409394143
-0.1338981327
0.9374864629
-0.6616060263
-2.1415903421
1.2856054428
-0.0015123322
-0.1449273988
0.8271099584
-0.9177624256
1.1349861427
-0.2030453045
-1.8403647373
1.1136358901
0.8801793339
-0.6813271451
-0.1640751981
-0.4321470051
0.7635225341
1.7406963726
0.7759386724
-0.2272329496
0.7029001061
-0.6946674948
-1.4133887496
1.1830651507
1.2015224688
-0.8414498792
0.3855159393
-1.5654919729
-0.1158558225
-0.4385007843
0.8186911054
-1.3427860735
-2.1817233781
-2.0343304606
-1.0397664278
1.0606431618
-1.4145057041
-0.7050118948
-0.6941949964
-0.2995575391
-0.8616986884
-0.3449539413
0.1114677932
0.2468388955
1.4474795052
1.8684760160
0.2590723597
2.4696512219
0.0840497839
0.8973297663
0.1226141175
1.1828081456
0.2505130884
0.0792172981
-0.1806192375
-0.5713608054
-0.4428068881
0.3580312938
-0.2576658833
-1.0172715721
-0.4473357505
-0.9638367234
-0.1836721186
-1.0639619318
-1.4150806202
-1.4109871965
-0.7476580190
-0.7692486454
-0.2405832386
1.2712064176
-1.3384039934
-0.4596498925
0.5036801067
1.0503832657
-1.1303823060
0.2216506675
-0.2276233773
0.9790947992
0.3861128718
1.2806603149
-0.5537616788
-0.5092031801
-1.4908522885
-1.2186604314
-0.5603496796
0.2424514568
-1.9445049239
-1.6494760983
-0.5222250301
0.1232119654
-1.7997560625
0.5924427599
-0.1896691710
-1.0191651499
0.8384837751
-0.7899662402
-0.5032218799
-0.3280948069
-0.1434191265
0.6345141233
-1.9573898846
-0.3895640920
-0.8784350274
-0.1921927706
-0.3728356454
-0.7192955452
0.1702143650
0.3348078340
0.5670630050
0.4223946769
-1.3616700178
0.5839389682
-0.9449636136
-1.0655501580
0.7912882019
-1.0896092786
-0.3537072166
-1.8467425416
-0.8556855558
-0.3803620250
0.3427408671
0.0342187671
-0.2829962574
-0.1144431895
0.3318127309
0.3656008743
-0.2020075589
-2.0215503172
-0.7149065174
0.8406199542
-0.5399060603
0.2825986529
0.0731808909
-0.6680196090
0.3034408368
1.9582636405
0.5190947416
2.1807482942
-0.4807161657
-0.6757975227
0.2303676608
0.0540252038
0.0727815175
1.2040702383
-0.2552528009
-0.6035707958
-1.7641313206
-1.0980331659
0.2084531105
-0.7147034819
-0.1957266766
0.9906556954
0.9966018052
0.7596041788
1.2820176975
-0.0396180684
-0.2204587745
0.8381980985
-0.6351087640
0.6765162863
0.6073558033
2.1343147339
-0.7201444834
-0.5452168818
0.7194478715
0.8715485907
-1.0682505857
-0.1779090997
-1.1573966220
-1.2883124213
-1.4809796016
0.2623933977
0.7545406855
-0.4752141642
-0.1657396174
1.6709419751
1.3330289190
0.1429154270
-2.8336079003
-0.5022729129
0.7818304924
1.5171167531
1.8394897546
-0.7933498616
-0.4343573428
-0.1833649666
0.1177002623
0.0216336114
1.4297738342
1.7335752348
0.1197103611
-0.1707183414
0.2234633135
0.5784841468
-0.0333552991
-0.3527661745
-1.3961974288
-0.6141718038
-1.1110194986
0.9008731276
0.3129332827
0.8502905878
0.0992889276
-2.2136584689
0.8423279772
0.3352050505
-0.8450174682
0.3092566407
1.5245112721
0.8360637256
0.1514917052
2.1971193388
0.2219917037
-0.8528465017
2.0778154612
0.2040980264
0.5754504346
0.0890560426
-0.4986875966
0.9173378208
-1.2696168577
-1.0272224559
-0.0408756857
1.4616500584
-0.6179787319
1.6470797109
0.9130750210
0.4451155548
-0.4741729592
-0.8450505539
-0.1933066282
-1.5448807121
0.3468553708
-0.7685820691
-1.0725473317
-0.9802162693
-0.2903642256
-0.3615522069
-1.4679161490
-1.2563446014
0.5180504533
-0.8325441006
-0.8667349401
-0.9974951422
-2.1164103718
-1.2931981524
-0.6080839036
-0.7806726825
1.6408870101
0.1570108985
-0.2765289054
-0.9339664957
0.9105941030
-0.6747996349
-0.3524923427
0.8865470835
-0.3933998143
0.9018332227
-0.9718341253
-0.7953646582
1.4357065043
2.2065544854
-2.3416662509
-1.3854361105
0.0283074861
0.5039650050
-1.5175610477
-1.9028635081
0.8815972264
1.1112496909
-0.5210047641
0.3536638780
-0.9279088288
-0.3592207683
0.2578266559
-1.3920501813
-0.9163797416
-0.1691001131
0.3496214730
-0.1822523081
0.2787317863
0.3655818915
-0.5513155629
1.1427449566
-0.8291712158
0.7942664270
-0.1882385976
0.2397602203
0.7325643688
1.2590255676
-0.7400891869
-0.9659336770
-0.4376899508
-2.7484862548
-0.0866499611
-0.0203945607
-0.0039645241
0.0512606405
-0.3253839213
0.1397787014
-0.5730645715
0.3553342084
1.0834732791
-0.5174372832
0.5886370404
-0.7427568957
0.4625572676
0.1470298866
-1.4853627669
0.1761459460
1.8082748858
1.5322401361
-0.4383724910
0.6836936257
-1.0156167573
0.1943523632
-0.9313877524
0.3133627857
-0.9317072400
-2.1726037980
-0.3744279584
-1.5040488578
0.3137363481
0.5185976864
0.5937258426
0.0715655169
-0.0990299720
0.2121412679
1.6676143384
1.6642590010
-0.1031390663
-1.0771940099
-0.6037667357
0.7495632718
0.1586698983
1.3976219941
1.2860610769
1.0136930141
-0.1847658295
2.1670878683
0.0984345034
-0.3097104415
1.1685435988
0.9267233288
0.5664422125
1.0278676850
0.4217221396
1.9346573136
-0.0360340213
2.5929513233
-1.1395094129
0.8068475024
-1.3781250009
-0.1230833616
0.7197108508
0.7642974278
-1.8743637589
-1.1124438437
0.0355397189
1.5261757915
1.5645808704
-0.3213971917
0.8368638661
-1.2611417205
0.9449873523
-0.8494132004
-0.8571273199
0.8945299160
0.0315761518
-1.0700750571
1.1281951739
-0.5032624404
-1.0856733885
-0.7748373938
1.0333784286
-0.5462988501
1.4323155217
-0.4678156208
0.1295399845
0.5698159338
-0.9137975298
0.7410202857
0.7692390885
-1.8824509897
-0.7952905817
0.9225011249
0.8594328166
1.4279198889
-0.4155586803
0.4113491757
1.1566766087
-0.1071208097
0.7317910815
-1.8521973343
0.5645919102
0.8495875737
-0.5382391052
0.3879981161
-0.4213163702
0.6819706071
-0.1360729382
0.0005456618
0.2824702895
0.2802032252
1.0688110262
-0.4709392188
0.5034446403
2.4021315551
-1.1293631200
2.0915560793
-0.4438859393
1.3132027629
1.3907885442
1.5950499317
-0.0207001296
-0.3968719821
-1.4928497747
0.8715459409
-0.2480355813
0.2478883275
0.7808613364
-0.1482041093
-0.7486574646
-1.0160878159
0.4594546840
1.0879341441
-1.3914090351
-0.0879162945
0.9554735778
