17 5 0.06
14 0 0 0 1 1 0 1 1 1 2 1 4 2 1 2 2 2 3 2 4 2 5 3 2 3 4 4 4
14 0 0 0 1 0 2 1 1 1 2 1 5 2 1 2 2 2 3 2 4 2 5 3 1 3 2 3 3
16 0 2 0 3 1 0 1 1 1 2 1 3 1 4 2 1 2 2 2 3 2 4 2 5 3 1 3 2 3 3 3 4
15 0 1 1 1 1 2 2 2 3 0 3 1 3 2 3 3 3 4 3 5 4 1 4 2 4 3 4 5 5 2
14 0 3 0 4 1 2 1 3 1 4 1 5 2 0 2 1 2 2 2 3 2 4 3 2 3 4 4 4
7 2
4 3
3 5
10 4
9 3
0 0 0 0 0 0 0 0 0 0 0 0 0 0 0 0 0
0 0 0 0 0 0 0 0 0 0 0 0 0 0 0 0 0
0 0 0 0 0 0 0 0 0 0 0 0 0 0 0 0 0
0 0 0 0 0 0 0 1 1 0 0 0 0 0 0 0 0
0 0 0 1 1 2 1 1 1 1 0 0 0 0 0 0 0
0 0 0 0 1 1 1 1 2 1 1 0 0 0 0 0 0
0 0 0 0 1 1 2 2 2 1 0 0 0 0 0 0 0
0 0 1 1 1 1 1 0 0 0 0 0 0 0 0 0 0
0 0 1 1 1 0 1 0 0 0 0 0 0 0 0 0 0
0 0 0 1 1 1 2 2 0 0 0 0 0 0 0 0 0
0 0 0 0 1 2 2 1 1 0 0 0 0 0 0 0 0
0 0 0 1 1 2 3 1 0 0 0 0 0 0 0 0 0
0 0 0 0 0 1 1 1 0 0 0 0 0 0 0 0 0
0 0 0 0 1 1 1 2 1 1 0 0 0 0 0 0 0
0 0 0 0 0 1 1 1 0 1 0 0 0 0 0 0 0
0 0 0 0 0 0 1 0 0 0 0 0 0 0 0 0 0
0 0 0 0 0 0 0 0 0 0 0 0 0 0 0 0 0
-0.4774596927
0.0554274268
0.9817862510
-0.7066156202
-0.6417664169
1.5164029861
1.4175213095
1.3370770091
0.9535526957
-0.1066012942
0.9765851083
0.9860812705
1.9893354979
-0.1105824514
-1.0613354019
-0.7638524074
1.0761599536
0.9593137958
0.1429180540
0.8537821087
-0.7544284612
-0.0287629874
-0.4012828941
-0.6963942791
0.7998906719
1.1343624325
0.4091036541
0.1081650116
1.6462547735
0.7570793025
1.7718759067
0.0706773662
-0.7386521382
-2.3442434110
-0.6465777206
-1.2902848250
0.5697478141
0.4837334895
-0.7244472046
0.6990336236
1.8967763673
-0.5821956745
-0.8958869328
1.2272390353
0.3674706078
0.7397957680
-0.0562623851
-1.8999818931
1.1834513329
-0.5119844661
0.1663819842
-1.7250005987
-0.2331777072
1.5174349084
0.3678513430
0.5567150448
0.8142417088
-0.7071829609
-0.3171380850
0.5987900440
-0.0957402013
-0.9576953652
-0.1456904761
0.5141148034
-1.0173088114
2.5822190651
-0.0957112111
0.1074529415
-0.2410361244
-1.1314199166
-2.1370436404
2.1658067948
0.7246276201
-0.9412699868
-2.1569696273
-0.6743672579
-1.8853376902
1.2578879361
-1.2095624249
-0.4777266421
-1.8403658902
-1.0328780965
1.5539365993
0.6465313269
-0.6721497992
0.0847420009
1.1025602413
-0.7786295610
-0.6611090150
3.1738790312
0.7870627864
1.5052746593
-0.6380246840
-1.0821316652
0.5220252550
-0.1364439123
-0.5455578361
-0.5073474755
-0.1303467875
0.0985474748
-0.1338137281
0.1458269111
0.1579792921
-0.3235132343
1.0950510396
-0.5537037536
0.2465005351
2.7075175483
1.2732767081
0.6670046547
0.2305454245
-0.2378168907
-0.9488976726
-0.0952192090
-0.3153909889
-1.8624533560
-0.5501943011
-1.0010216813
-0.6479249857
-0.1681129389
-1.5600263130
0.4735272832
0.5829337026
1.9530025658
-1.8808309783
-1.4215302577
0.4918543696
-1.0922014894
0.0583694239
0.5113334595
1.0368870381
0.6358356929
1.1111793974
-0.8595631927
-1.3283774221
0.7368965003
-2.2560030738
-0.9165034314
-0.6861219953
0.0455783568
0.4348073598
0.1103912732
-0.5344083850
0.8407899500
1.3914812426
-0.4768019524
0.9685091002
0.4891773191
0.5039900862
-0.2479128208
0.9192480179
0.7482375221
-1.0106676797
0.0588413386
0.7653306064
0.5906772577
0.4249850939
-1.8917647030
0.0221756085
0.4023529740
-0.4655799942
1.6218839313
-1.3416033175
1.4674373196
-0.4425243766
-1.4491974995
0.4250386282
1.1164860562
0.7810694671
0.1216716986
-1.8415409661
1.6089854072
-1.0866263509
0.7027612993
0.2825172802
-0.9724519918
-1.3888593972
-0.4679904477
-0.7693111396
-0.4004269563
1.5899339143
-0.3020088436
-1.8625992864
0.8894206544
0.4564143396
1.3557847146
-0.5490939703
1.0770947227
-0.0571516464
1.0081880252
-0.6368104784
-2.2809014502
-1.3280683261
-0.4416972010
-0.4730281323
-2.1296497836
-0.2010415335
1.7453644784
0.7009057627
-0.5673521262
1.4968233878
-2.4329308784
1.7182218905
1.2972453646
-0.3255809458
-0.9833216021
0.1250206669
-2.8807006306
0.4168264759
1.4251417862
-0.8931212000
0.5838656271
0.2037824997
-1.4311622915
0.0295572684
-0.2664377960
0.5641260386
0.6201719142
1.6075225806
0.3492904523
1.9792592478
0.0084993203
-0.5724068851
0.0475058239
-0.1106754880
-0.4598332603
-0.1552840661
0.5226297310
0.2498148994
-2.2771241191
-0.2905677452
1.2648894843
1.7240947736
0.0352753416
0.7623824829
0.9242480964
-1.2831869982
1.4094796239
-0.1293425703
0.1345132074
-0.8739556100
-2.3957307372
-0.5831065604
1.2082576214
1.3452347868
0.2143508494
0.1640015602
-0.0910731111
-0.2716033748
-0.5338851391
-1.1148403850
0.4734331340
-0.1411892672
0.5832740393
-0.4685832417
-0.3602665920
0.6065721959
-0.9609196710
1.8196119058
2.0360608820
1.3121612255
-0.4613946777
0.9950123477
0.1255536666
1.0189954974
-0.8204539997
-1.6001609509
0.0518521647
0.6279044642
2.1271987951
1.4288855070
-1.2946860138
0.5941505024
0.8223566109
0.1715115419
1.4798637352
-0.8557430476
0.3859632807
-0.0001056845
-1.3041197999
-0.4111413473
-0.1712532691
-0.1716990090
0.8893920320
0.3759942094
-0.3214749367
-0.6147950205
1.0592694256
0.7326748955
1.4426670585
0.0998182105
1.5155943643
-0.0796813506
-0.1770685762
-0.2322134797
-0.6937835774
0.4852752930
0.0987175668
0.3166823329
-0.0384058005
0.1893114298
-0.1996399090
-0.0728409374
1.4516450821
2.4725873635
0.7176764758
0.0180597283
-1.0445754113
-0.8945948639
0.0367086004
0.1329184234
-1.5101334590
1.1378125521
0.1611373520
-0.0823725641
0.3220637017
1.1659444129
-1.2624304430
0.2745836424
-1.7668466487
0.3647491178
0.0639583438
-0.5935055674
-0.7178096046
0.0672117175
0.7857348678
-0.9516857669
-0.7711803630
1.5766243848
0.7632964498
-2.2601848467
-1.1568653485
0.1550972553
0.3830722661
-1.1765627226
-0.6516775473
0.7360646162
1.3644366763
0.5521679601
0.9512126585
0.4608338145
2.0836082229
1.0602626243
1.9265137635
1.0371664667
-0.1207408552
0.5109498366
-0.0883721623
-1.5339081666
1.0258068537
-0.8538566688
-1.4849843139
-1.2970332765
-1.2318189763
1.8803697034
0.3369509919
0.3630991702
0.9592036542
0.7237274870
-1.2210548417
-0.1393311940
0.9066868240
-1.2208090861
-1.6088931924
0.0666366202
1.6728012506
-0.5959718511
-1.8821342530
-1.6920803369
0.2561247160
1.4391767017
0.6476649439
2.3546522478
-0.8076932870
-0.1295519723
1.7619116179
0.3789443348
-0.3445344230
0.0929884311
-0.9410647971
0.2279582901
1.3989731959
0.8216469561
-0.8123867789
-0.5877533233
0.6003555975
0.3496817921
-0.8364648060
-0.2758696196
2.3380212079
-0.0798677660
-0.5245361588
0.5174847944
-0.5557360797
-0.5822090528
0.6744412993
-0.3960307984
-0.5955788839
-0.2653188515
1.8794180726
0.5399129064
0.4555801839
-1.2399987074
0.0308505563
0.8909614863
-1.9720099840
-0.3611422058
-1.4844818904
-1.1913242603
0.5790139026
-1.7885869265
-0.1262038946
0.6564177986
-0.2211086907
-0.8628046246
-0.8348543646
-1.4667868434
0.4023586312
-0.0142642775
-0.9930208375
-1.1575645712
0.3821430227
-0.0418017237
0.1472720916
-1.4061146066
1.3180774204
0.4545837947
-1.4938100104
-0.5955965269
-0.8860650029
-2.4349360860
-2.2826927195
-1.2389778278
-0.7499880647
-0.3437909336
-1.1007872664
0.5382783185
0.8407727198
-0.7031467187
-0.0890018045
0.9510093403
1.0872081009
-0.8587857855
-0.6092127587
-1.8646099358
1.1626818537
0.7546296595
0.7623218006
-1.1230252276
-0.1537178288
1.2413074399
-1.6066869320
-0.8097803736
0.5418088384
0.3589542858
0.2888476892
-0.2080517400
0.7252163114
-0.6377730382
-0.2675798507
-1.7308745235
0.9912078544
0.9142509888
-1.4504980580
0.0577502315
0.0529958069
-0.1779048837
0.4200106731
1.1472400288
0.3583417377
-1.1780431132
0.2359184781
2.0719597340
-1.9408255340
0.8734346042
0.7568457402
0.9007221791
-1.1735017981
-0.1359354397
-1.0363751116
1.2159722087
0.4387699663
3.1886984729
1.1156193536
-0.0982575051
-1.6337422025
-0.7402819576
-0.5212983836
0.4680896739
-0.1440569027
0.8138211992
0.3418075269
0.7158745974
0.0407882296
-0.2207254867
0.5364229164
-0.6496239685
-0.0932445704
-0.7464968498
-1.3625609237
-0.2946319107
-0.3902979059
0.2653626315
0.3804262061
-1.8887226609
-1.6679974556
1.5003600285
2.3528812085
-0.9574080601
2.8428846523
0.0695869284
0.4773602669
0.0630842190
0.1128909500
0.4224407103
1.0770882756
1.2612155351
-1.7625814102
0.7299618745
0.9845449874
-1.3255066886
1.4405667022
0.3293617697
0.1461379507
0.4250694485
0.4185307307
1.2286302714
-1.4399220343
0.3777190395
-0.2221513770
0.2547519524
-0.3663735118
-0.4055941673
0.0250214379
0.4889522440
-1.2171062951
0.5598978517
0.2889325934
-0.6671017554
-1.3707184859
-0.4252596769
-0.8643786044
1.7498261907
-1.1573831510
-0.4612344499
-0.0326819070
-1.1235687156
0.2650568886
1.4948420554
0.7927681816
-1.3442671197
0.7332880446
1.0179175981
2.0506210782
1.0643601126
-0.9880408154
-1.2550772212
1.6081163582
-0.1746461119
-1.4293594563
-0.5017902849
0.1676334561
0.3310465538
-0.1221111052
-1.2673779141
-1.0390420134
0.4562989969
-1.9938909151
0.0471915024
1.9653250347
-0.5336313036
1.2530316381
1.4121145107
1.0962705126
-0.9936850972
-1.3120337739
-1.9958075451
0.6121521603
