12 5 0.05
6 0 0 0 1 0 2 0 3 0 4 0 5
6 0 1 1 0 1 1 1 2 2 0 3 0
6 0 0 0 1 1 0 2 0 2 1 3 0
6 0 0 0 1 0 2 1 1 1 2 1 3
6 0 0 0 3 1 0 1 1 1 2 1 3
7 4
7 3
3 1
0 5
9 5
0 0 0 0 0 1 1 1 0 0 0 0
0 0 0 0 0 0 1 1 1 0 0 0
0 0 0 0 0 0 0 0 0 0 0 0
0 1 1 0 0 0 0 0 0 0 0 0
0 1 0 0 0 0 0 0 0 0 0 0
0 1 1 0 0 0 0 0 0 0 0 0
0 1 0 0 0 0 0 0 0 0 0 0
0 0 0 0 2 1 1 1 1 1 0 0
0 0 0 1 1 1 0 0 0 0 0 0
0 0 0 1 0 1 0 0 1 0 0 0
0 0 0 1 0 1 1 1 1 0 0 0
0 0 0 0 0 0 0 0 0 0 0 0
2.2631438267
0.1819125311
-0.8854078122
-0.7816285884
-0.1973555939
1.1263451508
-0.3260863563
1.3754303243
0.4533285109
-0.7575502382
-1.5908896959
-0.0043467643
0.0569204315
0.3707280701
0.1690451261
-0.0625836622
0.6384752306
-0.6025082534
2.6080604810
-0.5971427708
-1.0190546270
-1.1373940923
-1.2790694068
-0.3930076852
0.2871179049
1.6469425225
-0.5931888031
-0.4420583591
-1.0650281394
0.0619890683
-1.0233582374
0.6107726299
-1.2284643145
-1.1015475035
-0.3912453126
-1.2813958151
0.0164078172
1.6633196266
-0.8985664631
1.1287392389
-1.1550419271
-0.6507512173
-1.6574482936
-0.1145471419
0.0241653965
-0.3642342091
0.2576519846
-0.4162680985
0.3697937366
0.7612305831
2.0196859984
0.3147501550
1.8595237354
-1.6877954966
-0.3485644328
-1.2967525405
0.2394994695
-0.4463516562
-1.1085409496
0.0395103014
-0.0370044145
0.1720754442
-2.7168511535
-0.4928450321
1.8781137728
-0.6488942329
-0.5881255640
-0.1100387435
2.6778356148
-0.6548856982
-0.6326462264
1.6086415343
-2.0789487890
0.4933078824
0.3976553715
-0.3271259343
-1.4620420853
2.3867703358
0.1815863554
0.0655675598
1.0102286265
-0.4813736733
0.7909556642
-0.4288781699
-2.5689234787
-0.1582225387
1.3126500196
-0.5067520093
0.4313728310
0.8144832670
0.7976260809
1.1873720390
-2.0949434178
-0.3702510876
-1.5426175978
0.3580277145
0.7635561067
1.3277672423
1.3782890067
-0.4838233292
-0.1345709940
0.1711343071
1.9986721665
-0.2209330284
0.2603106497
0.2089868579
-0.8204608184
1.5758487752
-0.3284546470
0.5156010280
-1.3353582195
0.8890514212
-0.2334889527
0.3420247713
0.9638681314
0.9760397195
0.2224600392
0.9862131902
1.2609570267
-1.2258463142
-0.6297155146
1.0389307906
1.1180013044
-0.9983798015
2.0309112714
0.2811693157
1.1979340258
1.7538071826
-0.8372176418
0.9482100091
0.9789781804
0.7642917542
-0.9166150757
-0.5477130493
-1.7458120796
0.2418396125
0.7044377826
0.9219706280
-1.4143938158
-0.2976913538
-0.5158642676
0.0571639437
-1.5114869309
1.7061905104
0.3761254419
-1.7514208307
0.2544419698
-0.3401874200
1.7539903952
0.2990240737
0.5609502110
-0.2223445410
-1.0108084491
0.5196607961
-0.0452059767
-0.9653733428
0.0597322594
0.7915604974
-0.8863759494
-0.3999150442
0.2908305650
-0.8489389631
1.0356162013
-0.3005752566
0.4237360288
1.9591150882
0.5910018489
0.9766654443
0.4290971997
0.3540905438
1.1045562638
-0.2094413517
1.0152633759
-0.1748016275
0.7581404847
-1.2352132403
-1.4300990207
0.4181589103
3.4628943812
-0.2455530455
2.1213796880
1.4301529641
1.0038906158
-0.2129668658
2.2512903807
1.9467053325
-0.6342430843
0.5979522704
1.8942630839
-1.4074552284
1.1695341047
-1.0238442630
-0.7923847678
1.0630551743
-0.0779408033
0.9274243898
-1.5064971604
-0.0772150552
-0.3929351917
-0.6720306762
0.1138269142
0.4531027298
-0.4024701603
-0.7975476204
-1.4923496939
-0.2411055280
-0.1428212541
-0.9444243856
0.1025089358
0.0603654575
1.3537938758
-0.6978241044
0.0045956626
0.2548011624
-2.1505489217
-1.1052533433
-2.0778187862
-1.0168339280
-0.4515165222
-1.3754849525
0.3204186702
0.1117130444
-2.2371306960
-0.6425405183
0.4932991701
0.9259276199
0.4270166055
-1.6964162834
0.4186389228
-1.7804813796
1.0458163359
1.3713898707
-1.1787082768
-0.5574961703
0.0621481481
-0.6207122448
-0.4507061966
-0.7058669106
1.1701553948
0.2251294773
-0.1582175098
-0.2176493929
-1.2905018917
0.9480518263
1.2225982798
1.4558619636
0.1597332440
0.0903483565
0.8660044971
-0.5809027018
0.3389230036
0.4376210346
0.0886930866
-0.0899360938
-1.4434427157
0.0823758022
1.8694851279
1.6586277417
0.5126013980
1.2744531239
-0.8123447670
1.0894791223
-0.4721148904
0.6699881658
2.2616349667
-1.2365538987
-0.3627383762
1.7804976602
-0.6777246127
1.2419934119
0.1368452845
1.1488136113
-0.1322879430
-0.3899538797
0.1126366822
0.9501166941
-1.3061248516
0.0047773415
-0.1204346366
1.1131445663
-0.7738876560
0.0319957201
1.8893871054
-0.9994884221
2.6784893131
0.2295513460
0.8233144471
0.0547478688
