20 5 0.15
18 0 1 1 0 1 1 2 1 2 2 2 3 2 4 2 5 3 1 3 2 3 3 3 4 3 5 4 2 4 3 4 4 5 4 5 5
21 0 3 1 1 1 2 1 3 2 2 2 3 3 1 3 2 3 3 3 4 3 5 4 1 4 2 4 3 4 4 4 5 5 1 5 2 5 3 6 0 6 1
20 0 5 1 5 2 2 2 4 2 5 2 6 3 2 3 3 3 4 3 5 3 6 4 0 4 1 4 2 4 3 5 0 5 1 5 2 5 3 6 3
17 0 0 0 1 0 2 0 5 1 2 1 3 1 4 1 5 2 1 2 2 2 3 2 4 2 5 3 1 3 2 3 3 3 5
17 0 2 0 4 1 2 1 3 1 4 1 5 2 0 2 1 2 2 2 3 2 4 3 1 3 2 3 3 4 1 4 2 4 3
12 3
9 0
4 13
5 5
3 12
0 0 0 0 0 0 0 0 0 0 0 0 0 0 0 0 0 0 0 0
0 0 0 0 0 0 0 0 0 0 0 0 0 0 0 0 0 0 0 0
0 0 0 0 0 0 0 0 0 0 0 0 0 0 0 0 0 0 0 0
0 0 0 0 0 0 0 0 0 0 0 0 0 0 1 0 1 0 0 0
0 0 0 0 0 0 0 0 0 0 0 0 0 0 1 1 1 1 1 0
0 0 0 0 0 1 1 1 0 0 1 0 1 1 1 1 1 0 1 0
0 0 0 0 0 0 0 1 1 1 1 0 0 1 1 2 0 1 1 1
0 0 0 0 0 0 1 1 1 1 1 0 0 1 1 2 1 1 1 1
0 0 0 0 0 0 1 1 1 0 1 0 0 1 1 1 1 0 0 0
0 0 0 1 0 0 0 0 0 0 0 0 0 1 1 1 1 0 0 0
0 1 1 1 0 0 0 0 0 0 0 0 0 0 0 0 1 0 0 0
0 0 1 1 0 0 0 0 0 0 0 0 0 0 0 0 0 0 0 0
0 1 1 1 2 1 0 0 0 0 0 0 0 0 0 0 0 0 0 0
0 1 1 2 2 1 0 0 0 0 0 0 0 0 0 0 0 0 0 0
0 1 1 1 1 1 1 1 1 0 0 0 0 0 0 0 0 0 0 0
1 1 0 0 1 1 1 1 1 0 0 0 0 0 0 0 0 0 0 0
0 0 0 0 0 1 1 1 0 0 0 0 0 0 0 0 0 0 0 0
0 0 0 0 0 0 0 1 1 0 0 0 0 0 0 0 0 0 0 0
0 0 0 0 0 0 0 0 0 0 0 0 0 0 0 0 0 0 0 0
0 0 0 0 0 0 0 0 0 0 0 0 0 0 0 0 0 0 0 0
0.9035417695
1.7293284141
0.0179286772
-0.3497330900
0.1424390936
-0.0805061311
1.0052610030
0.2924112634
-0.6395668356
0.3692660311
0.7638752544
-0.0997887384
0.0611432990
0.3031780267
-0.3060720388
-0.0471939858
-0.3525588334
1.3487446740
0.9387802529
1.0155853197
-0.4102143509
0.3761936486
-1.4829121539
-0.3305395925
-1.6962951496
-1.0681460987
-0.1399783645
-0.9791481477
-0.9709125097
-0.5852545137
-1.0279692306
1.9988825963
-1.5630688593
1.3224020361
-0.5052079473
-0.9260765290
0.4926420048
1.5112051549
1.1149863157
0.5390905671
-0.6349864988
-1.5115967957
-1.0735359397
2.2149887925
-0.1087164890
0.3051380467
1.9342651003
0.3863618528
-0.2995004657
-0.2377157932
-1.3555485673
1.1032337466
-0.3258387584
-1.4487729254
1.3602033029
0.1408827752
-1.5639434258
1.1086305126
-0.4644544345
-0.0695448477
-0.7853446187
1.2040615266
0.9557823437
0.4941041052
0.6944173118
-0.9982634841
0.0962899691
-1.2000498445
-1.2659643522
0.4337267571
1.5407956693
-0.4117507471
-0.8241372626
0.6342704098
1.0260993621
-0.3731207519
1.1211006711
0.3530982751
-0.5516545496
0.0925522824
-0.7912317781
-2.0522541415
-0.4822525895
0.1001392004
0.6963279640
0.5224197064
-0.7427791827
2.5806366626
0.1076435290
-1.2389494691
0.3758938691
0.6872863073
-1.6286093445
-0.9131732549
-1.2706348591
0.7573378386
0.7997290544
1.0185607107
-0.8409671035
-0.4605632807
-0.2554416920
1.9186898196
-2.0178026749
0.1006816192
-0.5795556103
-1.5446598123
0.4313191280
0.7769112299
0.5831196227
0.6296027894
-1.3225980451
3.1681593481
0.3946035756
1.0581204419
1.0270823103
-1.0529520560
-1.8097390139
1.3773621702
1.1731219935
0.6053310898
0.5857960790
-0.0101344139
0.5482778832
2.8005859053
-0.2604407868
1.3186539294
-0.2937385415
0.3225619228
-0.2727159621
-0.3887579130
0.3431084588
-1.2805816541
-0.9727799533
1.5683946406
0.9954714163
-1.6458036367
0.8723873582
-1.1068503410
0.3456423190
-0.2973149173
0.0381462624
1.2114495945
-0.7271624725
-0.7990226620
0.2329670353
-0.5360762073
-1.3397542453
-0.6887997618
-1.5613064231
0.0453338129
2.2647431262
0.9586560225
1.2581586467
-0.0902507762
-1.3321550736
2.3476015966
-0.4557509809
-0.7316490881
1.8804801786
1.0252847309
2.3580890627
-1.5730520500
-1.4602291413
0.0842453948
-1.2608007077
0.2749646082
0.7417491366
0.1450223260
-2.3125185367
1.1486391765
0.6346986405
0.3637316858
-1.0112173925
0.2741250062
-0.4569743728
-0.8189223116
-0.1010293887
-1.6874967163
0.1491118309
-0.3045506689
0.4587471475
-1.0236198595
0.8164513329
-1.4205420864
-0.2852902278
-0.4936178306
-1.1687939265
0.0244772662
-0.9634093282
0.8851419667
0.2233484163
0.0446311652
-0.0900562968
0.6295353311
1.4271753079
1.5745730965
-1.1535527486
-0.2417227699
-1.1823447984
0.2241281821
-1.0573864928
-3.2535687908
-0.6695497677
1.3129081520
0.7200004208
0.3686955416
0.4890700065
-0.3600156533
1.6380473683
-0.8394458767
-1.6112636876
-1.3032590603
-0.9522466621
-0.7891438426
1.4274994363
1.9983615486
0.5674865058
0.5583411007
-0.1440544823
-0.2375549252
-0.2776087119
1.6410285590
-0.9971246164
-0.7411798479
1.0057873274
-0.9266927122
0.5318059945
-0.3137349767
-0.8220556485
-0.0469715406
-0.9390262961
0.3015924463
-1.1176616007
-0.7129043979
-1.0266507078
-0.8162497175
0.8582362718
2.1702268348
-0.7035743000
0.1030228896
-1.0264773157
0.2128788002
-0.7398740002
-0.0552598354
-1.0722986769
-0.5492052198
-0.7078789824
-0.5675002963
-0.0111230209
-0.4056527540
0.4350325165
-0.3403740703
-0.8942326588
-1.3523167799
-2.2670844090
0.4299478876
2.0620204697
1.6472653434
-0.8448667480
-1.9837459223
-1.1292673227
-0.4807477953
-0.1638330990
0.4353716820
-0.1282445326
0.3827758613
-0.0036815883
-0.2316280287
-0.6616878716
-1.0073908084
-0.2581536982
-2.4360382197
0.5794984146
-0.3893867010
-1.3616610912
0.7375400142
0.4753529287
-0.3234019433
0.1797090549
-0.2538045715
0.4731824160
-0.0284840703
1.1392282507
-1.4223969559
1.3197596579
-0.2352837641
-0.4097382332
0.2935162426
0.7999455021
0.4291870796
1.2098723608
0.3750101372
2.1478030071
0.8518871108
0.5333150870
-0.3672697432
-0.4612591975
-0.5096180578
-1.2827882355
0.1059161924
0.7986638155
0.3221132633
-0.3555679727
0.0830004504
-1.5872673371
0.0649521826
0.4217445359
2.3324570843
0.5282709314
-0.3883086787
-1.6701067943
-0.1669311716
-1.1500224350
0.1344537564
0.7755999536
-0.9642171665
2.5584106052
0.8353214090
-1.3318896241
-1.2075604819
0.8735643770
-1.6074975199
0.5909686835
-1.0782344733
0.1337232753
1.0037919743
0.9120258059
-0.0681347166
-1.3184266368
-0.0664327753
-0.5210571626
-0.9430860290
-0.5446024304
0.5321953257
1.3122891965
0.8038811058
-0.2087312567
-0.1285941726
0.4454389512
-0.0734687946
-0.1302960232
-0.6568053917
1.4034598922
1.2617530600
-1.8310820415
1.6872442757
-1.7874882500
-0.3104623562
0.6366815731
1.4419501760
0.8713309239
0.8004007719
-0.3152661177
1.3094854782
0.9128902539
-0.1082432840
-0.8690688646
0.6903353912
-0.0482531409
-0.0890561288
-0.6359643689
-1.0570045069
-0.0082926510
2.7488534872
0.0854363985
1.5380734311
-1.5803011731
0.6920705824
0.8088614916
1.9007345783
0.1912334535
1.8343489889
0.5927128783
-0.6721393695
1.5569134853
-0.3226078984
2.0319048035
-0.6897882446
-1.4332795836
-0.8053301396
-0.9736991192
1.0881973374
-1.3590028491
-0.2627354996
1.1268025813
-0.9173276271
-0.6290497967
0.7672228068
1.7127497517
1.5888236821
0.6366626758
0.9011617800
0.0586142011
1.4485416888
0.3614613369
0.0841151793
0.4485388645
1.1860850406
-0.0746294777
-1.1905997116
-0.7716889259
2.3765709248
0.4342578681
-0.9056753839
1.1912373292
0.2685268345
-0.4208303283
-0.2662474818
-1.1659240069
-0.7646078772
-0.1910197903
0.4068023124
0.8173615516
0.6718039584
0.1064527308
0.1922668394
-1.9661624896
-1.5202802054
-2.3201627161
0.2374042469
0.4161609450
-0.2246510100
-0.0352513877
1.5773499839
-0.2695685743
0.7518552959
1.5384521706
1.1808968379
0.8026320227
-0.3751769176
-0.9527745166
-1.1729174220
2.6094165684
0.2890981836
-1.2292199200
-0.7950092972
0.7494140728
-1.3982960564
-0.4286220424
-1.3589609032
1.8826534084
0.1376199826
0.9782119483
-0.4247633307
1.1609425309
1.5218110417
-0.4699415024
-1.7167174914
0.4628796863
-0.1669741041
0.3344593529
-0.7019667596
0.1616846770
2.4617158932
1.5876861195
-1.6105883975
0.2529076644
1.1981293714
0.6665311894
0.8587122363
-1.8411882536
1.1949949666
1.1301466859
-0.2232813833
-0.0209969023
-0.4233842800
0.4397516750
0.9484286188
-0.2050611663
0.3087295299
-0.6613588619
1.4761887912
-2.2837370058
2.3990820129
0.3543469041
-0.7026832716
0.6615652926
0.3848778034
1.1205543449
-1.2311313185
1.5986070528
-0.9188880506
-1.5588101257
-0.6984665065
0.4231062062
0.0523155254
0.5021713499
-1.0978544527
-1.5201215537
1.3172476733
-1.3586310572
0.0367874629
0.1757771739
-0.3199106688
-1.6291776680
-0.6237071887
-2.2268765665
-0.8601618587
0.0297663253
-0.1987655919
0.1380638234
-0.7319576599
-0.3664920784
0.7945399573
0.1090381537
0.9442107251
-1.6036430830
0.1876777212
0.4226555417
0.6068295894
-0.8101098512
0.8270258050
-0.5605947850
0.3517602477
-0.3976293397
2.1010358132
-0.1796774743
-0.4598665340
-1.5524357442
0.4774961057
0.8293409642
1.2339693813
0.5256411785
1.4170588441
-0.8664819808
-0.0754145727
1.4815803381
-0.4929542320
0.4794091854
-0.8961569049
1.0938387901
1.6382357460
-0.2732264723
-1.1610520761
-0.0237091187
-0.1475242478
-1.0754210911
0.1284707554
0.1651238009
1.8052554250
0.5861168559
-0.8300353759
-0.9988133613
0.7958136256
-0.4201209102
1.3729895405
0.1903553381
1.0787677887
0.4758731087
-0.0690141708
-1.6230473869
4.0748129977
0.3281520510
-0.8040180094
-0.0759708268
0.7772556607
0.3859733283
1.3906833936
-1.1418176594
0.6254879688
1.6894217257
1.2938316710
-0.8161182314
-0.9868491054
0.9130039594
1.2280695293
0.7915004583
-0.1195376226
1.1490317173
-0.1305291208
0.0104209747
1.1624475213
0.3016039869
0.4351884162
0.1617895589
0.4204942910
-0.0714046184
-0.6524259457
-0.6388399534
0.1409791116
-0.8462706168
-0.6547685295
0.1959913622
-0.7255562363
1.6063676711
-0.2681141070
0.1953417393
0.6463814955
0.8819889759
0.1403123010
-1.3517595840
1.7436233309
-1.2658176196
1.2401841090
-0.1603564787
-0.3451325249
0.2111937916
0.8022146449
-0.6767426561
0.5729864919
-0.0634237531
-0.2999958251
-0.5563000626
-1.3180757292
0.0365307162
-0.3680538773
-0.4213705287
-2.8856853978
0.7566440935
-1.1207916863
-0.7922761053
0.0435729062
-0.0655658455
0.3621961614
-0.4159294024
-0.8682604089
-1.3305318164
0.5535862902
0.7565015727
-1.2348213636
0.2527561821
-0.2732827793
-2.0129075721
0.7362612815
0.5433135207
1.6525180776
0.1133081077
-0.2934730093
-0.4402812974
-1.2268371868
1.0148049974
-2.1240312411
-1.5979668564
-0.5785363808
-1.1773889995
-0.1728461177
-0.5465761977
-0.2602716774
1.4326293078
-1.1360609023
-1.1500551795
-0.4378291978
-0.6398855772
-2.1384346740
0.0826336569
0.5898737396
1.4353038239
-1.0290724689
0.0652894358
1.7876746943
2.7497879695
0.1441798786
0.9043574218
-0.4922722504
0.5779840218
-1.2868600831
0.4450805796
-1.6493644893
-0.4688879795
0.0283902135
0.8618599961
-0.9761279343
1.1913474431
0.6042357789
-0.7448322105
0.1635162683
-1.2387326616
0.8269328202
2.0945211045
0.6454212659
-0.4033403692
-0.1460009310
0.1096958246
-0.1874781748
-0.8359746981
0.4024955569
0.5885434215
-0.9053121203
-0.5549092710
-0.0437091469
-0.8208609119
-0.4114511946
-1.8188421038
-0.6033424360
0.6169546708
0.9394238802
0.1952946406
-0.7199640227
-0.7597759673
0.5757744580
-0.0479916520
-0.0287775521
-0.0551786235
-0.2331838475
-0.5749872790
-1.2297057753
-0.7047071003
-0.4890340947
-0.9613843564
-0.8382420810
-0.6783661872
0.3781801602
1.1559816742
0.5468775390
-1.2633472836
-0.1556174577
2.1179372541
-0.5833522861
0.1669645133
-1.1827775629
0.3698303000
-1.5181264022
-0.2352939192
1.3344039837
-0.5152166421
0.0302483603
1.4132150767
0.4521367261
-1.3047872846
-0.5887159356
-0.6806546327
0.4910573430
-0.7656466705
0.3665611031
-0.1255258027
0.8184112153
-1.4121416655
-0.2684749172
1.2938769618
0.7733846987
1.3245245738
-0.7702562013
0.4279845069
1.6078454952
0.3453710006
-1.5772370356
0.9193713648
1.2679648788
0.3408741310
0.4668650558
0.4402902071
0.6773507720
-1.1056554192
-0.8174321500
0.2728259625
-0.2408624581
-1.1819939151
0.4177134324
-0.1889618173
0.1074005454
-0.1472326389
1.8209008165
-1.0300637113
0.5784089626
0.2908246177
-1.3297387743
0.5163327556
0.2086641703
-1.8958452863
0.8482678770
-0.7192214352
-0.1586997529
0.1635086601
-0.2638402651
-0.2397688943
-1.0631904662
-0.9315396329
0.0312907673
0.5569399235
0.9889367299
-0.9665857265
0.0563331068
-0.1240955429
2.0798318785
-0.5738755959
-0.7786806485
0.3647266786
-0.1222139603
-0.8614847006
0.7096508401
-0.5688386021
-0.0922533187
-2.1802738339
1.5625025901
0.7466843589
0.5107112047
-0.4046742271
-1.5469900823
-0.4747395300
0.0813908821
1.0378828691
0.1366475131
0.4561708836
-0.2436227606
-0.8813967614
-1.0450465292
0.7527010303
-0.9819965105
0.3057388518
-0.0153611709
