20 20 0.15
5 0 1 0 2 1 0 1 1 1 2
5 0 0 1 0 2 0 2 1 2 2
5 0 0 0 1 1 0 1 1 2 0
5 0 1 1 0 1 1 1 2 2 1
5 0 0 1 0 2 0 2 1 3 0
5 0 0 0 1 0 2 1 1 2 1
5 0 0 0 1 1 1 2 0 2 1
5 0 0 0 1 1 0 1 1 2 0
5 0 0 1 0 1 1 2 0 3 0
5 0 0 0 1 0 2 1 0 2 0
5 0 0 1 0 1 1 2 0 2 1
5 0 1 0 2 1 0 1 1 2 1
5 0 0 0 1 1 1 1 2 2 1
5 0 3 1 0 1 1 1 2 1 3
5 0 2 1 0 1 1 1 2 2 1
5 0 0 1 0 1 1 2 0 3 0
5 0 0 0 1 0 2 1 0 1 1
5 0 0 0 1 1 1 1 2 1 3
5 0 0 0 1 1 1 2 1 2 2
5 0 1 0 2 1 0 1 1 2 1
0 3
8 4
2 16
17 12
16 11
16 9
12 3
17 17
15 3
2 1
4 3
16 16
2 17
0 9
6 1
0 7
10 11
1 12
8 17
2 9
0 0 0 0 1 1 0 1 0 0 0 0 1 0 0 0 0 0 0 0
0 0 0 1 1 1 0 1 1 1 1 1 2 1 0 0 0 0 0 0
0 1 1 1 0 0 0 1 0 0 1 1 0 1 1 1 1 2 1 0
0 1 0 0 0 0 0 1 0 1 1 0 0 0 0 0 1 1 1 1
0 1 0 1 0 0 0 0 0 0 1 0 0 0 0 0 1 0 1 0
0 0 0 1 1 0 0 0 0 0 0 0 0 0 0 0 0 0 0 0
0 0 0 2 1 0 0 0 0 0 0 0 0 0 0 0 0 0 0 0
0 1 1 1 0 0 0 0 0 0 0 0 0 0 0 0 0 0 0 0
0 0 1 0 1 0 0 0 0 0 0 0 0 0 0 0 0 1 1 0
0 0 0 0 1 0 0 0 0 0 0 0 0 0 0 0 0 0 1 0
0 0 0 0 1 1 1 0 0 0 0 1 1 1 0 0 0 0 1 1
0 0 0 0 0 0 0 0 0 0 0 1 1 0 0 0 0 0 0 0
0 0 0 1 1 0 0 0 0 0 0 0 0 0 0 0 0 0 0 0
0 0 0 0 1 0 0 0 0 0 0 0 0 0 0 0 0 0 0 0
0 0 0 1 1 0 0 0 0 0 0 0 0 0 0 0 0 0 0 0
0 0 0 1 0 0 0 0 0 0 0 0 0 0 0 0 0 0 0 0
0 0 0 1 1 0 0 0 0 1 1 2 0 0 0 0 0 1 1 0
0 0 0 1 0 0 0 0 0 0 1 1 0 1 0 0 1 2 1 0
0 0 0 1 0 0 0 0 0 0 1 1 2 1 1 0 0 2 1 0
0 0 0 0 0 0 0 0 0 0 0 1 0 1 0 0 0 1 0 0
0.4875425853
0.6261068964
0.8136657629
-0.1313496627
0.5642250241
1.2522854083
-0.7769168810
-0.3106959152
-0.8655766371
0.3202629940
0.4711288812
1.4938338524
-1.6759180865
-0.9742028813
0.0201233509
0.9007896475
-1.2334921375
-2.2333469688
-1.8029987697
-0.5843348839
0.6784742266
-2.4062179811
0.0708637833
-0.4581776542
0.6694866910
-0.8974451473
-1.2783234401
-0.6981412510
0.3011624912
-0.5262112123
-0.4996070334
-0.7457150744
-1.3529651036
-0.6806116187
-1.4140141137
-0.3097934619
0.6401716497
-0.2401292529
0.6058714596
-1.4530650364
0.7106751831
-1.2583071382
0.6111451331
1.2836674564
0.6204288887
-1.1217173532
-1.1245356214
1.0544043636
0.8889166177
0.1476696811
1.5523719850
0.4971908388
0.6150711090
-0.2852961223
0.4472429971
-1.8506666711
0.4322964857
-0.3261696870
-0.2501867020
1.1920709914
-0.4712402597
0.5201217051
1.1484526152
0.5719899266
-0.0623408246
1.0150123845
0.1275682107
0.0266036190
-1.3181818012
0.6593638972
0.6811101418
-1.3894141051
-0.7133916263
-0.5801253369
-0.0456608760
1.0248986173
-0.0795634552
-0.3662432295
0.0815194152
-0.1818691998
-1.0622534745
0.6531861150
0.0714665146
0.3242546587
-0.7567760337
-0.6289811688
1.7681137433
-1.0634472005
-0.2915159476
0.4386698559
-0.2624752391
-0.6978782962
-0.4266321484
-1.5930372907
0.5588930970
-0.0787379840
-0.3208494892
-0.3403337296
0.5883106301
-0.0300096545
-0.1998324370
-0.2390811009
-1.1150312652
-0.0508813567
0.1790567221
0.2757818206
-0.6776693070
0.4708363162
-0.4575418590
0.2516122222
1.2136548892
0.4229399052
0.5991249316
1.2448409241
-1.5463950702
-0.5215898209
2.8335031651
-1.3338778545
-0.4880222604
0.6341895048
-1.1733783188
0.3008244128
1.1669319299
0.2608662165
-0.1524260688
-0.1128383897
-1.7218718852
-0.1983707835
-1.0994305570
-2.4697757893
1.2341221337
-1.5006983313
0.7568351277
1.2617710148
-0.9112389966
0.3210085563
-0.3359638066
-0.4267039857
0.3228123719
1.7690450213
1.0029732061
0.0397947261
2.4527671669
1.1459230834
-0.0103300365
-0.4661397560
-0.6979824946
-0.6642582042
-0.4140876554
0.0315150619
-0.2021748615
0.2340159189
-0.1007729327
1.1808158880
0.7505249210
1.1881240273
-0.8377499138
0.3625109950
-0.8674789997
0.4065106984
0.3896510780
0.8431769318
-0.5209547580
-0.1453045480
1.7616886873
0.1550572705
0.6151169867
-2.1708711560
0.4328512955
-1.7266754882
1.8753272035
-1.2495254218
-0.3793915268
0.7640640433
-0.3669834575
-0.4110877977
-0.2907011811
-0.3837597038
-0.6403980736
0.4179342578
-0.5831714237
-0.2121067486
-2.0527837547
0.4399690848
0.1595690359
0.1070287172
-0.5034713144
0.4573702574
-0.4815219163
-2.6052706514
0.4105512898
0.3711115170
2.0735349380
-2.8157841773
-1.1608424979
-0.3847820662
-0.2224313212
-2.2290268912
-0.3439382821
-0.6730557723
-1.3004075489
-0.4458296368
-0.6377263876
1.7747980148
-0.2103577847
-0.1722703960
0.4592406410
0.4328317993
-0.1123291717
-0.7997480306
-0.0555300282
-1.3164387824
-2.0029512769
2.9645946363
-0.1719141530
-0.7986578511
0.0092462627
-0.6716888908
-0.1209168761
-2.2459457121
-2.1574217669
0.9504547494
0.3016539159
0.5094177315
-0.6219208309
-0.0880535671
1.2433410140
-2.2738312246
1.4635245352
-2.7091989458
-0.0423529150
0.2975778822
-0.1039597968
0.5132420760
-1.7984109329
-1.4745393057
-0.4385168478
-1.3808903620
0.2410696510
-0.0312452652
-1.6072035998
-0.0070477811
-0.3656704808
-0.5170147850
-1.5321809900
0.9713806438
0.2280846167
-1.5257586531
-0.7679331643
0.1484263821
1.1751347800
1.2710329701
-0.8275284261
0.6834487152
-0.0230979519
0.1602025576
1.9625634651
0.8070783226
-0.1393220999
-0.8606001014
0.1254682557
-0.4754177107
-0.7992883361
-1.2210686514
0.2102872612
0.3084636686
-0.3173756519
1.8979026041
1.2053736456
-1.2673874806
-0.2361263219
-0.3901829756
0.4008474224
-1.0028604762
-0.3259812044
-0.5947239981
-0.3916702608
1.6928653302
-1.1253640456
0.7125074591
-0.0125471759
1.0684552234
0.7764705282
1.5296857444
-0.9398825421
0.7919652523
1.6217612653
-0.5877572223
0.0637286455
1.5732222174
-0.1609834964
-0.7236376662
-0.8076218002
-0.1858296677
-0.5140928575
0.1320385177
-1.2763340929
-0.2028622283
-1.4077710773
1.5963777434
-0.9510921364
-0.0041776438
1.9259471933
-0.8222155297
0.3894731982
-0.3151319756
-0.7133652837
0.6226304548
-0.2785810275
0.3625869519
0.2869163842
-2.4057637933
-0.6361957109
-0.2738256129
-0.7404403394
0.9067992319
-0.8750465898
1.1319473032
0.8149132740
1.3388999779
0.9672669623
1.9118058694
-0.2239997291
0.3194849814
-2.6178592098
-1.7242813356
0.7416365788
1.2251210490
0.4750920757
1.0092655302
0.2492969248
-1.7691485037
-0.8206079305
-0.0577822440
-0.5273923164
-1.1282961329
0.7414014728
-0.6655007494
-0.5965319804
-0.4379576144
1.5207316610
-1.0250446114
-0.6035447057
1.4123552604
-0.4485993242
-0.6535799242
-0.8920940415
-0.2464070450
0.2674531345
-0.3866924605
-0.2843530508
-1.5239882015
1.1046913799
-1.4425077989
-1.2670814637
-0.7087428846
-0.6109176384
-0.9876262075
-0.3192382340
0.2169477997
0.6876580273
-0.4699831579
-1.0591124048
-0.0729247947
-0.1215904160
0.1973668244
0.1006975592
-0.4871155021
0.6930598758
-0.1011726241
-1.0819362319
0.3126672743
-0.8594556341
0.1374304312
-1.6114507787
-0.0345917539
1.5659526068
1.0634333462
-2.8074046125
-0.5880266665
0.0666832393
-0.1915116588
-0.6985141875
1.5868934427
0.0122379539
1.8603815397
-0.3404962204
-2.3216901341
0.2443242236
-0.3425767402
-0.9285791845
2.3112917354
-0.3588962469
-0.1464699947
0.8706359268
0.9085280985
2.0691065427
-0.8499503091
0.7224283004
1.6893747815
0.4420717498
0.2460714109
-1.0087586868
1.1557970089
0.9767383592
0.4908254809
1.8784729393
-1.1029461753
-0.4069951296
-1.2902039104
1.8093167097
-0.4589632434
1.1263833847
1.6696932105
-0.9143632767
-0.3831598869
0.1643548665
0.4736626569
1.3136255298
-0.7778858733
0.7102651373
-1.0293830080
0.5905812262
2.1860347382
-1.5193326847
-0.2556776123
-1.7542652452
0.2210941722
0.2400217771
-2.0066009857
-2.7887847073
1.1221131743
0.0795038077
0.6936898714
0.9360873511
-1.9097862694
0.3567198813
-0.5824829296
1.4295880372
-0.4928899702
0.3989791201
1.8987236736
0.1745036717
0.5019857251
-0.4135519470
-0.1976796756
-0.1425030238
0.6261686214
1.1440979850
-0.7479233146
0.9976197031
-1.5886574542
1.0582149348
0.1788259479
-0.3314591618
0.1546682202
1.0382479519
-1.1589472834
-0.1655473062
0.6805106671
-0.7748776074
-0.5651082466
0.1127925209
-1.3734990482
-1.1991009699
1.2443063715
-1.1031634302
-0.9960928324
0.3270641695
0.3219158978
-0.8882482931
0.0687797984
-0.2260389063
-1.2315994613
-0.0616810056
0.7481494870
1.4194737994
0.6214261568
-0.7785505411
0.7501420785
0.2605806629
1.0175725546
1.7605370343
0.1313216069
0.7656996781
-0.7198251594
-1.5243672943
0.5298277108
-1.4189622247
0.3771688726
1.6964623900
-1.1941681839
-0.8548337798
-0.6573981814
-1.2003482232
-0.7018601465
-0.1164688277
-0.1838000069
0.0162777076
0.8499024187
-0.1153595091
0.8747788633
-0.4341486544
0.0524780582
-0.1331839631
-1.5852000519
-1.0573559894
0.0931629818
0.0511742329
-0.6555116745
0.3677191568
1.4754149183
-1.0202860243
0.4077533489
0.5033589966
-0.9470799598
-0.5471407781
1.2568353651
-1.1563103921
-0.0054376165
-0.9410412923
0.3679466358
0.7574052943
0.5802838055
-0.4003450531
-1.2538387831
-0.0149952196
-1.4676930784
-0.1084818684
1.0632414141
-0.1516215379
0.8350611714
-0.1010971766
0.7776029611
-0.5420167477
-0.2203156975
-0.3801529240
-0.7217148957
0.5869670294
1.5198511693
-1.4394746298
0.6560675795
0.6915797733
-1.5075339904
-0.2782281568
1.0084019822
1.7769989285
-0.2263028491
-0.9529204114
-0.3818873893
-1.6344726580
1.6657842463
-1.1833772517
0.5383759273
-0.8955610396
-1.1134599452
0.9273776572
0.6331029339
0.4216690015
-0.1906631826
0.7953776041
-0.9964611479
-0.6847252218
0.1130081517
-0.8694880175
0.8868892071
-0.4199126082
0.2425559502
-0.5334475604
-0.6587964453
-0.7825285325
-0.9780823442
0.5138064961
0.3716989753
-0.6567586396
0.0354050718
-1.6952859368
-1.2203083303
1.3828958773
-0.0241147848
0.6985227576
-0.3525691977
2.7422445438
0.1171776210
1.2945885021
-1.4889395458
0.3783843924
2.6267715462
-1.3393434866
-0.2368409616
0.0693618905
0.2001476041
2.0354758519
-1.2280130833
0.9646707511
-1.1802555481
-0.7751657739
0.7683508392
-0.1011341322
0.8414020375
-0.0280715835
0.3889513571
0.8353689602
-1.7500092970
-1.1021729711
-0.0930371267
-0.4652759158
-0.3600783470
0.6197859112
1.8360548948
0.5375029079
-0.1949893791
1.7236677403
0.6177710468
1.6637187436
-0.4607563201
-1.2612187476
1.8041598335
1.2714200624
-0.7455461203
-1.1462470776
0.3080249848
0.1284132574
0.0096081661
0.4808531512
0.2644987877
-0.5406340764
-0.4005786223
-1.2006302732
-0.8681299152
-0.0215362790
1.5802746957
0.6597355060
1.0130246123
0.8568473741
0.6230259916
0.1746596681
0.5170741000
0.1856492028
0.0874002975
-1.2579759836
0.7951149013
0.9330658942
0.9650400793
0.9427124839
-1.7297415084
0.8413367286
-0.5489520181
-0.3795509538
-0.7096385258
-0.8331526629
0.9859726300
1.9155111965
-0.0335748212
-1.1082314242
0.2015925397
0.2320919770
-1.0605005482
-0.5261654542
-0.7650043519
-0.5790041346
-0.5393735880
-1.5941522541
-1.2635758582
1.7808273460
-0.4690610560
-0.7698627662
0.1381332381
-1.4639150247
-0.8906036290
-1.0682134458
-1.1910380318
-0.7496290221
-0.3070589074
0.2115218938
1.2817171163
0.5024511383
-0.4099328330
-0.8882510793
0.3197959556
-1.1485561127
-1.2290315052
1.2624745006
-0.5367801991
0.2349794672
0.6905761421
-0.8778616284
-0.5993061986
-0.6879605456
-0.4288988793
-1.3609723225
-0.1730734341
0.1482842493
-1.4300018960
-0.2385482436
0.1495137240
-0.2460044109
0.0067746174
-0.3669447874
0.6900691175
-1.5490307946
-1.1835924610
0.1132490174
-0.4043693717
-0.8420396456
1.1222794312
0.4245183386
-0.2643952696
-0.6509961186
1.6787414702
-0.3368941927
0.6550865696
1.0882813996
0.9899285425
-1.5147970228
-0.1614349382
-0.4957683065
-0.2226649482
0.1269650735
-0.2178654539
-0.6513815015
-0.9061603563
-0.4597798032
0.6163397590
-0.0008511773
-1.1069547015
0.2440088860
-0.8655571320
1.7951884890
1.3134307274
-1.7564638763
0.0873061321
-0.7635584015
0.7454931633
-1.5789813840
-0.3272242288
0.2820112403
0.4049930130
0.5864362844
-0.6237739170
-0.9425757113
0.2481013342
0.4095964433
0.2830644052
-0.4349741711
-0.2397603679
-0.6636978820
1.1298322470
0.1158981448
-0.0547293532
0.8884603173
0.7659710239
-0.2405038029
2.6858208378
0.0944964739
-0.7591653233
-0.0675860084
0.7581574101
-0.9113327667
0.3276712694
-0.0209103867
-0.4661791881
-0.7566754515
0.5983139250
0.9436418737
1.0351687935
0.4453960154
-0.3158799037
-0.5202677085
-0.5599392530
-0.8578020450
1.4144078640
1.0690870249
0.6127767162
-0.8028003296
0.3892208244
-0.1457854180
0.0355849632
0.9615215655
0.8666455004
0.0594507237
2.1626250570
-0.8152842430
-1.1272878543
0.6304176387
-0.4779474361
0.4932417717
-1.3391309725
1.1108756384
0.4756151872
0.2552954020
-0.3965518447
-1.3832777437
0.4912109071
-1.7942201913
-1.0200019357
0.8992098899
-0.3448738784
1.9211843315
-1.0139410199
