18 10 0.15
7 0 0 0 1 0 2 0 3 1 0 1 1 1 2
9 0 1 0 2 1 0 1 1 2 0 2 1 2 2 2 3 3 1
8 0 1 0 2 0 3 1 0 1 1 1 3 2 1 2 2
9 0 2 1 2 2 0 2 1 2 2 2 3 3 3 3 4 4 3
6 0 1 1 1 1 2 2 0 2 1 3 1
6 0 2 0 3 1 0 1 1 1 2 2 2
8 0 0 0 1 1 1 2 0 2 1 3 0 3 1 4 0
9 0 1 1 1 1 2 2 1 2 2 3 1 4 0 4 1 5 1
8 0 0 0 1 0 2 1 1 1 2 1 3 2 1 2 2
8 0 0 0 1 1 1 1 2 1 3 2 0 2 1 2 3
8 2
6 11
6 3
11 4
2 14
0 13
9 3
1 4
6 6
6 4
0 0 0 0 0 0 0 0 0 0 0 0 0 0 0 1 1 0
0 0 0 0 0 1 0 0 0 0 0 0 0 1 1 1 0 0
0 0 0 0 0 1 1 0 0 0 0 0 0 0 0 2 0 0
0 0 0 0 0 1 1 0 0 0 0 0 0 0 0 1 1 0
0 0 0 0 0 1 0 0 0 0 0 0 0 0 1 1 0 0
0 0 0 0 1 1 0 0 0 0 0 0 0 0 0 1 0 0
0 0 0 0 2 3 2 1 1 0 0 0 1 1 0 0 0 0
0 0 0 1 1 1 2 2 1 1 0 1 1 0 0 0 0 0
0 0 1 1 3 3 0 2 1 0 0 1 1 1 1 0 0 0
0 0 1 2 2 0 0 0 0 0 0 0 1 0 0 0 0 0
0 0 0 0 1 0 0 0 0 0 0 0 0 0 0 0 0 0
0 0 0 1 1 0 1 0 0 0 0 0 0 0 0 0 0 0
0 0 0 1 1 0 1 0 0 0 0 0 0 0 0 0 0 0
0 0 0 1 1 1 1 1 0 0 0 0 0 0 0 0 0 0
0 0 0 0 0 0 0 1 1 0 0 0 0 0 0 0 0 0
0 0 0 0 0 0 0 1 0 0 0 0 0 0 0 0 0 0
0 0 0 0 0 0 0 0 0 0 0 0 0 0 0 0 0 0
0 0 0 0 0 0 0 0 0 0 0 0 0 0 0 0 0 0
-0.8491524487
1.3257373843
1.5794150834
-0.0224408746
-0.1354629512
-0.9956818215
-1.0740722313
0.0758294949
0.3620520251
0.5858855910
-1.3616256121
-0.7397892853
-1.6033384996
2.1865097802
1.0866007514
-0.6192720127
0.0382488077
-0.4255512335
-1.0348187573
-0.2621933595
0.9881066354
1.2508241311
-0.4931981211
0.3523578297
-1.6175229499
-1.1242742525
-0.2496563009
0.4892768943
-1.1337285086
-0.2442600679
-1.2140232720
0.2683771511
0.7044872165
1.4796836213
0.7198459241
2.4151457643
-0.1058544999
1.8325431914
0.3502595012
-1.1903529712
-0.0678570869
-0.0401421682
0.3760951421
1.1704901222
-0.3988834458
-0.6682124741
-0.1059974381
-0.1617947098
1.2248257101
-1.6963366502
0.6446144189
-0.8778350886
0.0669909727
-0.0532666691
0.0325998570
-1.2125857803
-0.1663579667
-0.2096388837
-0.9976268838
0.6743048056
-1.4490132459
-0.7624264449
0.3519414253
1.0787524321
0.3992321091
1.5052667024
-0.7635923887
-0.1160779244
-1.7467069445
-1.1553015104
1.2259208848
-0.3478291520
0.7532624864
-0.2939246858
-3.3782633972
0.1441406739
-0.4676881332
-2.8482509219
1.6304376840
-0.9648744220
0.8325572001
0.7502889972
-0.5495276046
0.0537868479
0.2351489171
0.4978287626
0.4244612630
-0.7346498331
0.5099920602
-2.5878937755
0.2136172823
-0.5804475499
-0.5423809363
1.1932492291
-0.2979009167
-0.1206045497
-0.1134618095
1.3872127838
-1.1662948886
-0.4830928254
-2.4584743048
-1.2579415869
-0.6676490007
-1.0497904362
0.2249618673
0.4771931385
-1.3133004882
-1.4162515058
1.3757808223
-0.0358363137
-0.0202555448
-1.0205363352
1.3317527877
0.4021533319
-0.7026437720
-2.2509691890
0.4511629371
-1.6573852426
1.6545293515
-1.5483679799
0.6829779996
0.9291015275
1.4298270025
-1.1332766185
-1.4037514912
-0.8137725417
-0.0065173701
-0.7649971501
-0.2391529940
-0.0378984201
-0.8861751883
0.2854581288
-0.3457805849
-0.1550526890
0.1779022216
0.0080744367
2.2215726762
-0.1303766086
-1.0349722520
1.0665904925
-0.3996555724
-0.9706497134
0.3740553775
0.0836426668
-0.7301662794
-0.3882007233
-0.2968292145
0.2450544982
-1.9233891724
1.8040424010
1.0806714213
-0.6617117371
-0.3173939643
0.4285489489
-0.3850098261
0.0672146199
-0.9714353001
-2.0407186959
-0.4742555773
-0.9589020128
0.3931841288
0.6199564845
-0.4215031107
-1.4156973001
-1.3794506856
0.1323616763
-0.9270820411
-0.5436339985
1.4268713765
-1.6840005534
1.0613560556
0.6584781309
-0.3659021869
0.6202951016
-0.8400043930
-0.8158420770
1.0396574035
-0.7554712012
-1.4000224416
1.0312532245
-0.2477103861
1.8684436392
3.7517978334
0.6177626902
-1.3359797109
1.1553700352
-0.8509741775
1.3128618968
1.0507913305
0.0792079573
-0.9999153169
-0.0850745581
-0.4145747807
-1.0526309024
-1.1397643617
0.6463419916
-1.0423978565
-0.2883693815
1.1457674117
-0.3307397951
0.9258109710
-0.2327879117
-1.1500682390
-0.0204705273
0.7818031241
-0.4471594490
1.1267599340
0.0876673029
0.4481311475
-0.2526936370
1.3043314333
0.5691897023
-0.0915501796
0.4884299000
0.9208455519
0.2640132513
1.6405961792
0.1440324174
-1.2930141123
-0.1416296767
-0.4078702472
-0.7761964582
0.4278571302
0.7259838201
-1.2230685006
-1.8659086119
0.4397495377
-0.0001221420
-0.4331939877
0.1803616979
0.8896887381
-0.0874415846
0.4645807596
0.4790768827
1.2725148869
-0.8926169031
0.0874917584
-0.9365847763
0.5731577595
0.1384207296
0.0495060371
-0.5458732169
-0.4598477224
0.7607549519
-0.3352876149
0.1307652710
-0.3588266150
-0.1724509026
-0.9212837038
-0.3723105014
0.6992060233
-0.1400942053
0.4016502167
-0.6984375844
2.0739302361
-0.1534171007
-0.0601609936
-0.5122178565
-1.2892385862
-0.3912057971
0.1350741830
1.0153934736
1.2199626608
-0.5087940848
0.9154652416
-1.0153368971
-0.3772108886
0.6109935873
0.2261366256
-0.0628846760
1.6231739103
0.0380144203
0.0583532056
-0.6603058252
0.6211149123
0.3877190517
0.6691236785
0.1933786430
0.3351010494
0.6551550720
0.1267606488
1.7998292292
-0.3822631047
0.9342490976
-0.5716025838
0.6860807276
-0.0602299476
1.5845923647
-0.4706802055
0.0499380150
-0.8093513164
0.5381586962
-0.4097035477
0.1533453469
-1.1339462488
0.4346088880
-0.1531675561
-0.0969001200
0.3331746306
-3.4306150434
0.9022862504
-1.0055804472
0.9671454501
0.7060472034
-0.7867056156
-0.1928313166
-0.6669827521
0.3543188461
1.3596502749
-1.2976024082
-0.0156302526
0.7541291241
-1.1877382430
-0.5696920081
2.8470265891
1.2998241332
-0.1866396630
1.3895038321
1.8227061647
-2.0447827085
-0.7533132753
0.7980064390
1.1095270287
0.9920555796
0.7182756017
-1.3329106821
0.2467306324
-0.3911748310
-0.3666148000
-0.0252948539
-0.6523959587
2.0432050614
-0.3946036293
-1.0183935259
-0.7740629567
-0.7680041086
-0.5290259755
0.1588658136
0.0882989921
0.1366710596
-0.4370205687
1.6741495858
-0.2786312159
-0.9522731519
0.3997592273
-0.6353017282
2.6611202639
-0.4654573971
-0.7951374803
0.0486558000
-1.4782573205
-0.6837565692
0.2213277767
-0.9094886106
0.3758029111
-0.6908698111
-1.9171643420
0.8666600983
0.1039458005
0.4372075380
-1.6854134563
0.2985805228
0.2036617094
-2.9196995562
0.1738827058
1.4041481677
-0.6809765100
0.5543269947
-1.2404164012
-1.4907634902
-0.8624395250
-1.4121248774
0.7075111267
-0.5752037489
0.1499003050
0.4832204819
0.4889603291
-0.5765734324
-0.2555219467
-0.6136124064
0.4899908319
-0.8831951192
0.0848338334
0.1963052040
-0.8993349596
0.3121007534
-1.2607979102
0.1877082472
0.3141771276
-1.7871110523
-1.4103608675
1.4682331130
-1.1411057551
2.0280838976
-1.8438246397
-0.0232781591
-0.3891343805
0.5966733930
0.0313618797
0.3136593625
0.2173101118
-0.2550893337
-1.1524030683
0.7306979894
-0.5424004177
0.4412741910
-1.2978248787
-0.9104674590
0.1437759035
-0.7076376851
0.5314261065
1.3541351704
-0.0144929736
-0.1802540304
1.5356628263
-1.2713763059
-1.0364203774
-1.6964321607
0.1662443447
0.0491009327
-1.3643087591
0.1805274748
-1.5852239061
0.9878940020
-0.4814535379
-0.1550763192
0.5154048000
2.0298291709
0.0651361360
-1.4393935671
-1.2516782659
0.4280291586
1.4624752719
-0.5248566013
0.3354802037
-1.4279989034
-1.2154620012
-0.6202969317
1.3627766668
2.2086974331
-1.6825600162
-0.3528954306
-0.6383895904
-0.6932623550
-0.3326863325
0.6600838784
-0.4774272500
0.2018985117
0.5726323061
0.3155232155
0.1649946966
0.1281743326
0.9623315326
-0.7273459677
0.1543721379
0.1241124424
-2.8647351879
0.2891870948
1.5291690320
1.2220404479
-0.4141710216
-0.6789059413
0.6012501536
0.9986250867
0.0389768417
-0.7304840750
0.3880789469
1.4710958685
-1.1600406239
-1.6364400096
1.6170831099
0.3704800934
-1.0154645528
0.8208774518
0.5894554448
-0.9198806842
0.0260154664
-0.7360173330
0.2861138750
1.4637400034
-0.0741222578
-0.1110429414
1.4198972628
-0.5825473652
1.4730391435
-1.1948161210
-0.9327552261
-1.0259784947
0.3281775342
-1.5036036752
-0.1045215866
-1.1703858104
0.5895346434
-1.9581448589
-0.4042618672
-0.2982127247
0.5442206711
1.1133670144
0.1091414694
-1.6696797225
0.3301478253
0.4939268816
-0.4314588345
-0.4846691590
0.0731426800
0.5470194076
-0.7074588916
-0.0450660070
0.9177107437
0.3987258628
-1.2558356622
-0.1873041670
0.4675602655
-0.8610516396
-0.9467627255
-0.2943202497
-0.5622854803
-0.7338462712
-1.0005306623
0.6981828099
-0.4913592170
-2.1025892771
-0.1915028923
-0.0780695611
0.1899635802
0.9814851911
0.6834339428
1.3964714949
0.6772854295
-0.1021875642
-0.6140236129
1.0856654957
0.9542595924
-0.9190271842
0.9457655901
-1.3131353327
0.9438990899
-1.7680218321
0.0120831335
0.6609787339
1.2224065350
-1.3688355256
0.1637701873
-0.6821771805
0.8532007741
0.8201299677
-2.0243623405
-0.5163376820
1.1302260493
0.5471155571
-0.3756534289
0.9195560047
-0.3741152173
-0.7813341147
0.3201215319
-1.0234176103
-0.3003529682
0.9286066213
0.5575490590
-0.5177926349
-1.0702971733
-1.1091637033
-0.9888999094
-0.4455132601
0.2959127430
0.6118086506
1.3304623064
-0.7230981423
1.8837154101
-2.4178179970
-0.6556844231
0.2271455496
0.5861005133
-0.7868250990
-0.4593942960
-0.1272450962
0.4139468187
-0.1996032646
1.6015244714
1.3878231089
-0.3996954806
-1.0288067253
0.6300253598
-0.4260312335
-0.3765642168
0.2392412503
0.4997380335
-0.3268211383
-0.2126669786
-0.5012103037
0.8273936425
-0.2748459705
-0.2290072619
0.9216735044
-0.6783770988
2.4261209801
-0.2894104208
-0.3901196361
0.0724362549
-0.0801728311
-0.7670045711
-0.7756579133
-1.0564484976
0.9884931734
0.4305907019
-0.9803689798
0.7764229145
0.5413359728
1.7197272889
0.6764814226
1.2259885632
1.1990862775
0.8190435025
0.0192229143
0.7399699633
-0.7960540710
0.0092848556
0.5979463904
-0.7149066791
-0.5356692434
-1.5099678812
0.5282067296
-0.0278258912
-0.4483422199
1.1184984417
0.8618344099
-0.1793222605
1.1299214713
1.3061817849
0.6213272684
-0.0772214437
0.3058270984
-0.4103202977
1.7605192750
0.8864800954
-0.5020434915
0.5874436720
-0.2218712271
0.3354172042
0.0120109922
-0.7632998997
2.5777196565
-1.4970058094
-0.8321304896
-1.2895101729
-0.3946484566
0.7353034845
0.3538172479
