14 7 0.03
11 0 3 1 2 1 3 1 4 2 0 2 1 2 2 2 3 2 4 3 2 4 2
11 0 1 1 0 1 1 2 0 2 1 2 2 3 0 3 1 4 0 4 1 5 0
11 0 1 1 1 1 2 2 2 3 0 3 1 3 2 4 0 4 1 4 2 4 3
11 0 0 0 1 0 2 1 0 1 1 1 2 1 3 2 0 2 1 2 2 2 3
11 0 2 0 4 1 0 1 1 1 2 1 3 1 4 2 0 2 1 3 0 3 1
11 0 5 1 3 1 4 1 5 2 2 2 3 2 4 3 0 3 1 3 2 3 3
11 0 1 0 2 1 0 1 1 1 2 1 3 1 4 1 5 2 2 3 2 3 3
8 6
8 0
4 9
7 3
2 7
2 0
7 5
0 0 0 0 0 0 0 0 0 0 0 0 0 0
0 0 0 0 0 0 0 0 0 0 0 0 0 0
0 0 0 0 0 1 0 0 0 1 0 1 0 0
0 0 0 1 1 1 0 1 1 1 1 1 0 0
0 0 1 1 1 0 0 1 1 0 1 0 0 0
1 1 1 1 0 0 0 1 1 0 1 1 0 0
0 0 0 0 0 0 0 0 0 0 0 1 0 0
0 0 0 1 1 1 1 1 0 1 1 1 0 0
0 1 0 1 1 2 2 1 1 3 2 1 1 0
1 1 0 1 1 1 1 1 1 1 1 0 0 0
1 1 1 0 0 0 1 2 2 1 1 0 0 0
1 1 0 0 0 0 0 0 1 0 0 0 0 0
1 1 0 0 0 0 0 0 1 0 0 0 0 0
1 0 0 0 0 0 0 0 0 0 0 0 0 0
0.5368526936
-0.6045721040
-0.2923940387
0.0599926277
0.7120170382
-1.0792612463
-0.1652574908
-0.9447665818
-1.0711663850
0.3894893737
-1.0572095773
0.1211788207
-0.0200015829
-0.3033517435
-0.3378355680
-0.6338441419
-1.4669704315
-0.0972914040
0.4354038181
-1.2933321625
0.9717490220
-1.7340195624
0.4590786522
-0.7691254333
0.5425653100
0.6849004485
-0.0860646511
-1.7504143574
0.3992096556
0.9157347254
0.7032486999
-0.9887816075
-0.8251047029
-0.7016185677
0.0050789114
-0.8938357095
-0.7655729845
0.2306601023
1.3243380032
0.0128987577
-0.0674813492
0.7076055382
0.6098566483
2.0429399237
-0.4797348041
-1.3976549908
-1.1353709957
-0.3398950030
1.0444398821
0.0291630124
-1.1746656557
0.1701780626
-0.3012776862
1.4804094339
-0.8570200568
1.2274471250
-1.1472441430
0.4976322827
-0.4463851120
0.9521663841
-1.4313040805
0.4387710106
-0.1874729197
-0.1444355956
-1.8257347947
1.4931682041
-0.2588419969
0.3161373867
0.4816585637
0.1527717340
-0.9782953211
0.4625376091
-2.6108043228
1.1757104162
-0.8084741919
0.1015539663
-1.0422938581
-1.9076718221
-1.2673516606
-2.2469069425
-0.8352568965
0.7828342120
0.6286130042
0.0914737777
-0.4115469726
0.4788648386
0.4687631316
-0.6596603168
-0.4228595529
-0.8141226357
3.2595045975
0.1074193526
0.1201233073
-0.8881359597
1.5157027269
-0.2415701347
1.2445284435
-0.9018785359
0.4382244101
-1.0658366777
-1.2957136491
0.0281085581
0.1881891889
-0.1561422379
-1.9527444167
1.3632491177
-1.9408432913
-0.4341292094
0.5804562569
-0.3260792468
0.1554009162
0.8312124352
-0.0581561729
-1.0848479959
-0.3068688751
2.7632542291
-0.4924368535
-1.0636553557
2.0789976743
-1.7364492112
0.3813634514
-0.3264065983
0.9500832130
-0.9891972477
0.0573375823
-2.4628885832
-1.7424862367
0.2867603379
0.1927457545
0.8691620140
-0.0224365546
0.4092920942
-1.2621819640
1.0561874840
-2.2108020489
-1.3229440866
-0.3041111560
-0.4339085625
0.0208096305
0.6661854074
0.1525178791
-1.3045708561
1.7712524031
0.2769160945
-1.4206963927
-1.8730921459
-0.0374153188
-0.9947025471
0.5027056644
-0.2586347559
1.1599988587
0.8309251276
1.0582710824
1.2156517955
-0.5917607917
-0.3637363636
-0.5893377076
-0.0720979517
-0.4485950996
-0.2730835289
-0.4655524519
0.1017501326
-1.6742620446
1.3785502449
-0.3502266408
-0.6741504205
0.6078661222
0.6533975796
0.0255419654
0.2550456875
-0.6964890093
1.1832090627
1.0881072441
0.9729828382
1.6433807428
-1.7493626400
0.8262161642
2.3788455470
-0.0237451818
-0.3740494559
1.0459744645
0.2279711834
-1.1973551946
0.4030230989
-0.0418845152
-0.3403526198
0.0222271944
1.1235181414
2.7885190548
-0.8559281930
-1.0056253996
0.0127421411
0.4372333934
0.6677317245
-1.2702764567
-0.7000312841
0.1057135358
0.6918249383
-0.0748425208
-0.4781166100
0.0270960358
-0.5646341783
-0.9880341736
-0.3500256601
0.3017194366
-0.2028758052
-2.1783199788
-0.0670595242
-0.9067944594
0.4628283758
-1.9918955383
1.1222625422
-1.7816411027
-1.2599465380
-0.9247512345
-0.1360223292
-0.3438254754
-0.8720522657
-0.0896405840
0.3652234570
-0.0065633304
0.4007856468
0.6364199390
-0.4177533669
-1.4983092340
0.1392693135
-0.6633430423
0.4643364405
0.2927212329
-0.3322594799
-1.8338151523
-0.6914242269
0.7722169801
-2.0452400901
-0.0158598309
0.6654978593
-1.4758823733
-0.0468201426
0.9138743028
0.0893798328
-1.0688246668
-0.4300918157
1.4106867680
-1.4172122011
-0.7197902184
-0.8277472517
-1.3782452307
-0.1340135541
-0.5320066687
0.6204859236
-1.7460911334
-0.8460370311
0.3478219825
0.7514275918
-0.3793626902
0.2114839793
0.8037031979
-1.1262105830
-0.0311776740
0.9805775908
-0.0341618137
1.0702234567
-0.5386851175
-0.3038177572
0.1233484331
0.3505996793
0.1733087738
0.1534146014
0.1615387529
0.9406302733
-0.3143999576
-0.7488610391
1.3969305562
-0.3474502598
0.4830505346
-1.2605333124
0.8973857584
1.3413460919
-1.7668211065
0.7228589928
1.1510346280
-0.3956511216
-1.0019165196
0.4302462996
1.6968500034
0.2038047365
-0.7634037293
-0.1291461167
-0.5514861576
-0.2692427554
0.6687417998
-0.6752433883
1.0864761084
-0.1635629739
0.0981109403
0.1013429699
0.0320191081
1.3996413580
1.2843113103
0.9370546056
0.5430059223
-1.0518175829
0.4597946123
-1.3008174450
-0.4316678000
1.1613715855
-0.2706144727
0.0066740865
-0.0489853695
-2.4773397793
1.0304899129
0.3261969080
-0.4285350292
-1.5979694779
-0.0355335836
1.1800571500
-1.7392736988
-1.1197399319
-0.0275090863
0.9842940111
0.7469309215
0.8685230575
3.0834676004
0.0524579924
-1.7045089382
0.2027762791
0.1027118032
0.9362136818
-0.4735672128
0.2542621483
1.8895911093
0.8832029762
-0.6889636408
0.2827784742
-0.1921394296
-0.2881673728
-0.8065399358
1.2119542611
1.0933885100
0.5998183709
0.8846730873
1.4199546581
-0.8384775304
0.9111566927
0.5906589088
-0.7253596565
1.1064309298
0.8390021674
1.1839932866
-1.4836464062
2.3023275256
0.5130594604
-1.3002516573
-1.1151597887
-1.7308568598
-0.2730138902
-1.2508383086
1.0682544827
-0.5841733973
-0.5901077997
-1.9017464130
0.3341128415
0.7492225988
0.3619961422
0.5161051259
-0.0523590369
0.9781872329
-0.7058906144
-0.2818232539
0.0108826747
0.2057024418
0.0317707418
-0.2235155530
1.9714690817
-0.6598144917
-0.6905383182
-1.5710166030
-0.7363743135
0.5033715418
-0.6487084668
-1.0629067020
0.9582236387
-0.0177266729
-0.1634402083
0.1442402916
-0.5382362801
-0.3730540270
0.1526486375
-0.3946658207
1.2155926412
-0.4975994438
-0.1853398909
