17 6 0.01
19 0 5 1 5 2 2 2 5 3 2 3 4 3 5 4 0 4 1 4 2 4 3 4 4 4 5 4 6 4 7 5 0 5 2 5 3 5 5
18 0 1 1 0 1 1 1 3 2 0 2 1 2 2 2 3 3 0 3 1 3 2 3 3 3 4 4 0 4 1 4 2 4 3 5 1
18 0 2 0 3 1 2 1 3 1 4 1 5 2 3 2 4 2 5 3 0 3 1 3 2 3 3 3 5 3 6 4 1 4 2 4 5
17 0 1 0 3 1 1 1 2 1 3 2 0 2 1 2 2 2 3 2 4 2 5 3 1 3 2 3 3 3 4 3 5 4 2
23 0 3 1 3 1 4 1 7 2 2 2 3 2 4 2 5 2 6 2 7 3 0 3 1 3 2 3 3 3 4 3 5 3 6 3 7 4 0 4 1 4 4 4 5 4 6
19 0 1 1 1 1 2 2 0 2 1 2 2 2 6 3 1 3 2 3 3 3 4 3 5 3 6 4 2 4 3 4 4 5 1 5 2 6 1
3 9
5 10
2 8
7 4
8 6
3 8
0 0 0 0 0 0 0 0 0 0 0 0 0 0 0 0 0
0 0 0 0 0 0 0 0 0 0 0 0 0 0 0 0 0
0 0 0 0 0 0 0 0 0 0 1 1 0 0 0 0 0
0 0 0 0 0 0 0 0 0 1 1 1 1 1 1 0 0
0 0 0 0 0 0 0 0 0 1 1 1 1 1 1 0 0
0 0 0 0 0 0 0 0 2 2 2 3 0 1 3 0 0
0 0 0 0 0 0 0 0 0 2 3 3 1 4 2 0 0
0 0 0 0 0 1 0 1 0 1 3 3 3 2 1 1 1
0 0 0 0 0 1 1 1 0 3 2 2 2 1 2 0 0
0 0 0 0 1 1 1 1 1 3 2 1 1 2 0 0 0
0 0 0 0 0 1 1 1 2 2 1 2 1 1 0 0 0
0 0 0 0 0 0 2 1 1 1 1 1 1 1 0 0 0
0 0 0 0 0 0 1 1 0 0 1 1 1 0 0 0 0
0 0 0 0 0 0 0 0 0 0 0 0 0 0 0 0 0
0 0 0 0 0 0 0 0 0 0 0 0 0 0 0 0 0
0 0 0 0 0 0 0 0 0 0 0 0 0 0 0 0 0
0 0 0 0 0 0 0 0 0 0 0 0 0 0 0 0 0
-0.9776103285
0.9751738214
0.3602835779
0.6269804382
1.2507884970
1.3301677863
-0.7936506927
-1.1296733572
-0.9802331690
-0.4440109881
0.5888639663
0.4520414616
-0.8861073179
1.0515178371
-1.6032482819
-0.4563540139
0.6351179742
-0.4994902826
1.1515151021
-0.4308989667
-0.3674390410
0.3208439990
-2.1481813806
1.6357014365
2.7549889367
-1.3521628788
1.8289682304
-1.8256935177
-0.0865984616
1.0872801447
0.3789294595
-0.5005706288
0.1589985820
-0.4962121604
0.5867366867
0.5135910001
0.4464986768
1.0578652622
0.8656581076
-0.3931169974
0.3064652723
-0.3715019833
0.3399071274
0.1213416141
-0.3667548026
0.1214995369
-1.6312427930
0.5233896445
0.3635511886
-0.1782637009
-0.1727677728
-1.3652157296
-0.1478396503
-0.4222403001
1.6112712496
0.5177385236
0.6277381392
1.7390530914
-0.6489901088
-0.0205738373
0.1287349624
-1.6090603697
1.5448312754
-0.0232841260
-0.1760420247
0.2661543257
-0.8429492933
1.2144642755
-1.7976011960
-1.6447224024
0.5305769862
-0.9199961297
0.5372402264
0.9201113136
-0.6222031390
-1.4056935187
-0.0793099400
-0.2163494478
0.6842146459
1.1616512708
-0.8980448933
0.3158976819
-1.7118688820
0.4920244282
0.1021132936
0.0658371682
0.3715415636
-0.2806315833
-1.9215194956
-1.1309151840
2.6629788725
0.1595029798
-1.4717176732
-0.6720974196
0.0276306089
0.0128341833
2.0550884247
1.2594628822
-1.1385977707
-1.2042859691
0.6451493259
-1.4723365743
-0.1954246127
-0.3602801485
-0.9376704766
0.6061446478
-1.0775040435
2.0138233256
-1.1161503621
-1.2550922353
0.6543916039
0.8266584499
0.5258821127
2.0359017844
-0.3708345454
-0.4644251845
1.1393712478
0.5961903921
1.9261101614
-1.0200677200
0.0932591625
-3.1325321546
-1.0796782505
0.4138394068
0.6881571751
0.8384416831
0.2512156156
-1.9445264229
0.0580614402
-0.5127516761
-1.3081494709
-0.1272742739
0.9616411686
0.3010045538
1.2161423507
-0.6877680909
1.1702068457
-1.3952207370
-0.3803221528
-0.5447623009
-0.2057780146
1.1290849718
0.2108795778
0.7607679885
-0.6130950282
0.7274886737
0.6179482021
-0.1624416605
-0.8686183950
0.2752229550
-0.9564754010
1.3534917678
-0.3954744969
-0.8816901233
-0.1195944882
0.9379986783
-1.3308715580
-1.1740005207
-0.5298247731
-0.2701106791
-1.6299061363
-0.8947648453
0.9519106116
-0.6374325390
-0.8749146222
1.2577309978
-1.8402404603
1.4889794356
0.0764380636
0.8559030018
0.3139052939
-0.3948763534
-0.1361634788
-0.1123585575
-0.0468053493
-0.8384029159
-0.4028244416
0.0689347445
1.9157391250
-0.5668929562
-0.1408866791
1.2165046957
0.3047475070
-0.9887935686
0.5069583723
-0.3434036373
-0.2155593377
-1.2666706565
0.1192302613
-1.2539617179
-0.6915771459
-0.7789277649
-0.9187580690
-1.1388058752
1.8834902634
0.6147474761
0.3324061028
-0.2401798762
0.9163732628
0.0118010291
-0.4632371678
-0.1308804065
0.7704092767
0.8045052229
0.6867120312
-0.1890067094
1.7457234732
0.9758321512
0.2564155167
1.4078770654
-1.2403717548
-0.3952487119
0.2105858487
0.4989432973
-1.2770553385
0.1176078252
-0.6365159519
-1.7900426576
-0.2696557891
-1.1651565155
-1.2244801603
-0.5160369515
0.6564702023
0.3094069409
-1.3335716203
0.6225102839
-0.6008935291
-0.8083623342
-0.0444845084
0.2708065348
-0.0134951224
-1.0198132183
-1.1766092300
0.0308510722
-0.5288063925
-0.2568846716
-0.3888822864
1.1633535296
-2.0459181996
-1.3047456442
0.5403569451
2.0105215012
-0.5892533419
-0.0179201364
1.3690539135
-0.9754945188
-0.6568311837
0.2910112174
0.3187762573
0.0717345794
0.5428734129
-1.4735145790
1.3869989344
-1.1855556678
1.9532156618
1.4524530566
-0.3765620573
-1.1115570146
0.7484966357
1.4323496211
0.6232464611
-1.5628360856
0.5448581222
1.3143832834
3.1333472722
0.0612006086
0.5868637114
-1.3749841804
0.4978299570
-1.2669282122
0.2717274044
-0.2684744834
-1.0126033011
0.9101981397
0.1544953252
-1.9948452336
-0.5522319803
-0.3563701936
-0.1330911155
0.0075940816
0.6567061400
0.0591686449
-1.3478219773
0.5582903681
-0.1640632520
0.8890371828
1.0324098563
-0.3448831229
-0.2314949485
0.1328008764
-0.0836642060
-0.6886659196
-0.1047225055
-0.5693608531
0.9511260394
0.0869046939
0.6871383592
-1.8078851806
-1.0105235332
0.0430761375
-0.1211594799
-0.2548455521
-1.0840244595
-1.8454877630
1.0767765401
0.9030205998
-0.2936087285
0.3302611711
1.8932788785
0.2595180354
-0.0165353664
0.1187863830
1.0626962448
1.1914517988
-0.0341377999
0.3638044677
-1.9455061255
1.7525245562
-0.1068690046
1.0558111939
-1.1673592628
-0.8917919206
1.0862485871
0.6443282254
-1.1355674429
1.5998204497
0.8071664678
0.0962505408
0.6414038560
0.1323957091
0.6725470222
0.1281920969
-0.1016686658
0.6546781778
0.3451199323
-1.8319033447
0.5146864860
-0.2548825036
-0.0716136722
0.5070860905
0.3283562517
0.7277461180
0.7893979173
0.3879244874
0.2481401533
-0.1206121764
-0.9601375269
1.4910878071
-0.1816978158
1.4603528855
1.0582755708
1.7406770055
-1.9317749566
1.2390177989
-0.4352124678
0.5677686076
-0.6869730505
-0.5692349849
-0.0618179687
0.2729958808
0.1622131125
-0.5168136637
-0.6506286770
0.4669143355
-1.4080605837
-1.1957079128
-0.7199568405
-0.1132562586
-0.5414325052
0.1039080796
-0.8284535878
2.0749856561
0.8922737023
0.0036418190
0.3244850102
-0.9492715796
-1.4464465080
1.1753459412
0.6116005424
0.1786357280
1.0443916287
0.3725955717
-0.6181623154
-0.2762644704
0.9544070454
-0.0877560652
-0.4505196745
-1.3373791710
-0.2795190917
-0.7320417445
0.2840456799
-0.6747527973
2.5989946182
-0.3268735439
0.9302422052
-1.2750586931
0.4200930922
1.3965688231
-0.9614564219
1.1410084270
-0.5636654557
-2.1231178757
-0.1698974057
0.3518383087
1.5259307517
0.5160735691
-0.2325246205
0.9714705996
-2.7467721627
-0.9515808745
-0.6544412184
-1.2153794845
-0.8677545057
-0.0888693791
-1.1244540066
0.9291434833
-0.4918538882
-0.9903489546
0.4914646854
-0.1102879316
-0.0028838109
-0.2098687682
0.2640959495
-1.4055254166
-0.7910378648
1.6961255938
-0.2153899284
1.6613221806
-0.6695598457
-0.6136055488
-1.7295855246
0.3378076698
0.0925336573
0.4541385515
-0.6417954476
1.0359144264
-0.1000802420
-0.9136193210
-0.2163567905
0.1112113145
2.0569311883
-0.4651139041
0.4734502389
-0.5112859950
0.4525018870
0.9706274937
0.9286200874
0.1768076218
0.2715246675
0.9130494675
-0.1432145248
-0.6850739176
0.1279370386
-1.3737828666
-0.3308209392
0.3387972944
0.2159370628
-0.0750831478
0.1129808415
2.0406293388
0.9638767798
0.7483214239
-0.1074875747
-0.9100299421
0.6792627658
-0.6428443173
1.1975438061
0.7246215725
-1.5225078915
0.8055238427
1.2258791854
0.4011477361
1.1991758011
-0.3967002137
0.2681795300
-0.1369249139
-1.6161466034
-2.0878754472
2.0589941095
0.2348118069
0.6893701887
-0.0510662332
1.5175982819
0.4382333424
-2.1879524378
-1.7603835964
-1.5882688815
0.2943097916
-2.0469295066
0.1041190340
0.6741031169
0.6076269460
1.1671038960
0.6442999223
0.9781225814
0.2324812400
1.2355119830
0.6627649687
2.3095789372
1.5797219215
-0.8440587078
0.2280102864
0.3434923677
-0.1566455516
0.7142965961
-0.8048882422
0.0640987997
-0.4455152256
2.0758398432
-0.0770146287
-1.6883605812
1.1445402165
-0.3494605493
-0.0351449723
0.3305503661
2.0282435939
1.2422170257
2.0470411086
0.9664254163
1.8109984450
-1.8175267494
-0.6375140930
-0.5711027335
0.5709039358
-1.5114449517
0.4590856996
0.6564560992
-0.0093882728
-0.1600676719
0.9676876421
-2.7840269219
-2.8266330437
-0.1837973702
-0.2663743559
-0.5846474719
0.0700711343
1.2541374503
-1.1395026452
-0.2709961411
1.3736968105
-1.2995554188
-1.0829997429
-0.6566231905
-1.8544583343
0.6666485811
2.0948640589
-0.7583749229
1.0674744140
0.4067285708
-0.1381779562
2.4976220181
-0.6703554356
-1.9490328569
-0.1172783337
0.0172436197
1.1388980322
0.3947163408
-0.2272050364
0.6528057392
0.2030599600
-1.6753413500
-1.5294886459
-0.5912603625
-1.5393909596
1.1757586057
-0.3921906006
-1.2536406468
1.3076504637
0.5565310045
0.6143461985
-0.5294855750
0.3877051957
-0.2696662158
-0.6314867548
-0.7489790978
1.0129718730
0.8660475375
1.0688405897
