20 11 0.03
12 0 0 0 1 0 2 0 3 0 4 1 3 2 2 2 3 2 4 3 4 4 4 5 4
13 0 3 1 3 2 0 2 1 2 2 2 3 2 4 3 0 3 2 3 3 3 4 4 2 4 3
15 0 2 0 3 1 2 1 3 2 1 2 2 2 3 3 1 3 2 3 3 4 0 4 1 4 2 5 0 5 1
16 0 4 1 4 2 4 3 4 3 6 4 0 4 1 4 2 4 3 4 4 4 5 4 6 5 1 5 3 6 2 6 3
16 0 3 0 5 1 3 1 4 1 5 2 0 2 2 2 3 3 0 3 3 3 4 4 0 4 1 4 2 4 3 4 4
16 0 0 0 1 1 0 1 1 1 2 2 0 2 1 3 1 3 2 4 1 4 2 5 2 5 3 6 3 7 2 7 3
12 0 4 1 2 1 3 1 4 2 3 3 0 3 1 3 2 3 3 3 4 4 2 4 4
13 0 1 0 2 0 3 0 4 1 1 1 2 1 3 1 4 1 5 2 1 2 4 3 0 3 1
15 0 2 1 0 1 1 1 2 1 3 1 4 2 3 2 4 2 5 2 6 3 4 3 5 3 6 3 7 4 6
14 0 1 1 0 1 1 1 2 1 3 2 1 2 2 3 0 3 1 3 2 4 1 4 2 5 1 5 2
13 0 2 1 2 2 1 2 2 2 3 2 4 2 5 3 0 3 1 3 2 3 3 4 1 4 2
2 10
8 9
2 16
2 0
3 4
1 8
13 5
4 0
4 4
0 7
14 5
0 0 0 0 0 0 0 0 1 0 0 0 0 0 0 0 0 0 0 0
0 0 0 0 0 0 0 1 2 2 1 0 0 0 0 0 0 0 0 0
0 0 0 0 1 0 0 0 2 2 2 1 1 1 1 0 0 0 1 1
0 0 0 0 1 0 0 2 2 3 0 0 0 1 0 0 0 0 1 1
0 1 1 1 2 0 1 1 2 3 1 0 1 1 1 0 0 1 1 1
0 1 1 1 4 2 3 2 2 2 1 0 0 0 1 0 0 1 1 1
1 2 1 1 3 1 1 2 2 1 2 1 0 0 1 0 1 1 1 0
1 2 0 1 1 1 1 1 2 1 1 2 0 0 1 0 1 1 0 0
0 0 1 1 0 0 0 0 0 0 2 1 1 0 0 0 0 0 0 0
0 0 0 0 0 0 0 0 0 0 0 0 1 0 0 0 0 0 0 0
0 0 0 0 0 0 0 0 0 1 1 1 1 1 0 0 0 0 0 0
0 0 0 0 0 0 0 0 0 1 0 1 1 1 0 0 0 0 0 0
0 0 0 0 0 0 0 0 0 0 0 1 1 0 0 0 0 0 0 0
0 0 0 0 0 0 0 0 0 1 0 0 0 0 0 0 0 0 0 0
0 0 0 0 0 0 0 2 1 1 0 0 0 0 0 0 0 0 0 0
0 0 0 0 0 0 0 1 1 0 0 0 0 0 0 0 0 0 0 0
0 0 0 0 0 1 2 2 2 2 1 0 0 0 0 0 0 0 0 0
0 0 0 0 0 1 1 2 1 1 0 0 0 0 0 0 0 0 0 0
0 0 0 0 0 0 1 1 0 0 0 0 0 0 0 0 0 0 0 0
0 0 0 0 0 0 0 0 0 0 0 0 0 0 0 0 0 0 0 0
-1.0781488130
-1.1229147271
1.7040452791
0.3685055323
-0.3474014459
-1.5341208150
-0.0935051568
0.6915058921
0.1512687471
0.3697908202
-0.6162457748
-1.3922379009
0.5524900067
-2.1538255062
0.5833351378
-0.0448613926
0.5053651297
-1.3432628842
0.2423453096
-1.3302649723
0.2227680267
-0.5190415932
-0.7537964102
-0.0678471049
-0.5188429372
1.6777892425
-0.8613725345
0.8989323135
0.0754862347
0.7221900604
-0.7496756944
-0.2219440630
0.3725480656
1.6758546039
2.0009753054
-0.0230067509
1.2547703208
-0.2279974793
0.2662897248
1.5905522864
0.3915755403
-0.1637829993
0.8956147382
0.5823540014
-0.4128213734
-0.4201191880
-0.8029866428
0.6845125109
-0.9569122146
-1.0185519922
-0.9508197030
1.0114561471
0.4970264298
-1.5528002672
0.5226822856
-2.6401284822
0.1609674478
-1.2618663262
-0.2896492098
1.9077638243
-0.6245544585
0.6974173725
0.5318826506
0.3448448311
0.4010057346
0.2148382129
2.0747282629
-0.8673467912
-1.8765209198
0.1911356301
-0.5446488691
0.3969115325
1.8179490869
-0.3379944207
-1.8435789051
0.8562653672
0.0307049605
-0.3570608492
1.2408123133
-0.8682556117
1.8834694634
-1.0398813013
0.0728090749
1.9679821216
2.0682036749
-0.1446464866
1.5926083509
1.7676203540
-0.6044820585
-1.3101037939
-0.6932170933
1.8427457205
-0.1431974641
2.0992926018
0.3222399124
1.4800995791
0.7701082510
-0.3142404499
-0.8951645299
-1.9437421201
-0.3023018893
0.6616681166
-0.9442680284
-0.5578145890
-0.4560129554
-0.6407159667
-1.4863049887
-0.0481497873
0.3729896985
-2.7548848545
0.7835423190
1.2199152485
0.9026951107
0.2762020663
1.1609988249
0.0679579813
0.8125902301
-0.5741315045
-0.6716569763
-1.7252117898
-0.5504556900
-0.2007340833
-0.4369388787
-0.2332886042
-1.5880399852
0.1985989372
1.4127124670
1.3149460931
-0.8614631796
-1.6663698837
-0.4431144735
0.4075295913
-0.8638497034
-0.4409105074
1.7749802645
1.6002345463
1.5118962574
0.4517775376
0.9357885071
-0.7218051254
1.8469741938
1.0403529461
-1.5990712790
0.2787365135
1.4359921967
-0.1027268622
-0.6549944243
-2.1587533807
0.9859699291
-0.5764962690
0.6836315181
-0.4279971107
0.3508056230
0.1158554333
1.0546014459
2.4431402404
0.2229078767
-1.0164810423
-0.2935573326
-0.5158544154
-0.4208353878
0.6536661284
1.1826957914
0.4450765997
0.2590896065
-0.9018053560
0.7183566486
0.7497190954
1.8439999894
0.6121126677
-1.5897142238
-0.4946209057
0.3903979418
0.1001040576
0.3209804976
-0.4900736592
0.8518115772
0.6742413493
0.4357534454
-1.0184917272
-1.2044716449
0.4988310883
1.2990822532
0.5884388008
0.4474522441
0.4554604664
-1.0199450500
0.2069353855
-0.9566938749
1.2883445941
-1.1566242369
-0.9525877466
2.8740080765
-0.0709761437
0.1027928744
0.3104732604
-0.0812566880
0.9674699033
0.0803490507
1.8928216413
0.3318648482
-0.5111107646
1.4602663593
0.8606950562
2.6350079009
-0.2819270820
-0.4884876025
0.8491797273
0.1914775146
-1.3160681409
0.2750987628
-1.7108456082
-1.3441982512
0.5985679823
-1.2736072452
-0.5422026433
1.0600683686
-1.2886778517
-0.1411813529
2.8318924318
0.7313243042
-0.0188127440
-0.3729145724
0.7241775354
1.0499591949
0.1578611064
1.4657119512
-1.5214575243
0.0211116767
1.4679229438
-1.0404889940
-0.0960188709
0.0228056551
0.5512589150
1.2322230655
1.5383964738
0.2375932238
-0.4243343923
-2.0846749228
1.9075594768
1.0577543082
-0.0250659821
-0.3126680697
0.8639153732
1.5235625905
1.0760650920
-0.2298099287
1.1418959440
1.1322296013
-0.8686095654
-0.7036194295
0.2095317568
1.6541392393
0.1470603867
2.2764890167
-0.6448087978
0.6124525102
1.5999809152
0.6451693468
0.6350041216
0.4076111266
0.1628600030
0.3862239230
0.3733475043
0.1669562343
-0.1002360431
-1.0462266507
1.0683079959
-1.2387621927
0.7330195776
-1.4704385258
-0.6744278103
0.3413379698
-0.0146684391
-0.0028549081
0.1341609120
-0.1487874632
-0.4142299974
0.0125289007
0.1346897219
1.6605031073
0.2307621310
0.9207225428
1.4913800551
0.3701975616
-0.4937728868
0.9695866991
0.5122962497
-1.8691531978
-1.9964675032
-2.2013289247
0.3057154779
0.4295660837
2.5157555958
1.0662099331
-0.3877436982
1.6510316666
-2.1663636494
0.7161639961
0.9686937026
0.5668201708
0.6042114316
-0.1863341546
0.5889266133
-1.7643005269
0.8472779160
1.0651067775
-0.4937557934
1.8234342697
-0.3710255251
0.6519710598
0.3880780215
0.0269312283
0.3868640651
-0.9427103930
1.2727277363
-0.1108488411
-0.6338078757
-0.0368933399
-0.5383059560
-1.1596654896
-0.8813734386
-1.5483880484
-1.2287304263
0.4806610395
-0.5314667726
-0.0864506296
-0.0232520556
0.1944317597
0.1674456048
-0.7621776751
-0.0438883979
0.1008015977
1.3921802460
-1.7522654732
-0.8214328579
0.8110495917
-1.4031172556
-1.9332165906
-0.2851125429
-0.2735282222
-1.0027379784
0.1013174075
1.4518822521
-0.6168263025
1.4344728708
-0.2721995038
2.8856657803
-0.6943341984
1.2006154031
-0.4001297345
0.3360466195
-1.9550389950
-0.6198203517
-0.0287863248
-0.2965057297
0.5200164484
0.8508898190
-1.0419772617
1.2614518888
-0.7168735895
-2.3862612479
-1.0636024847
-0.0309739133
0.1083427695
-0.2670951483
0.8220829720
-0.2208211520
-0.4740450997
0.1790513146
2.0546993472
0.3348468039
-0.8630034912
0.0288811342
1.1879821381
-0.2017594563
1.2172899421
0.2639951996
2.0344439840
-0.1157218407
0.5741805062
2.9602682349
0.6789256254
0.8403353345
-0.5032696850
-0.7395736371
-0.8188737059
0.0628775135
-1.2849634201
-0.1351059772
-0.2662441234
1.1684231819
-0.7290526983
-0.4530455871
-0.6074851524
2.0537416143
-0.7504939468
-0.0444679954
-0.2914113218
1.8030942655
0.6546066263
-0.4253169044
0.3394316707
0.5039995805
1.1535544488
0.0789258848
0.7464463340
-1.1581349152
-0.3599012219
-0.6981651365
-0.2794738963
2.8607507879
-1.3620102788
0.1001529821
-0.1562232514
-0.4926289456
1.3079274901
0.4061543524
-1.0655741219
1.0214761779
-0.6593691613
0.7165289649
0.1198822017
-0.8456298448
-0.4579237801
1.4750268385
1.9428162942
-1.4604153084
-0.0445073347
-0.8956234426
0.5082852828
0.8635469338
0.2634003278
-1.4640571198
-0.7327405682
1.7284979385
0.1810907866
-0.7430407206
0.7974953744
-0.8799433390
0.2909763910
1.8469288802
0.2912251947
0.6887707562
1.2553021123
-0.6205929424
0.6197117931
-0.4718800261
-0.1160540172
0.1835482758
-1.0909515296
-0.9617936719
-0.3471065263
-0.0676801993
0.6832445210
-0.3259703576
2.3790489711
-1.0270539371
0.2793420151
1.1464935730
-0.3783641620
-0.8615957802
0.0905033795
1.1095314724
-0.9140342533
-0.5088423231
-1.1494315719
0.7807732161
-0.3002901442
0.0592567415
-0.7183143872
-0.5122012381
3.0110365396
1.3116529702
-1.4492480471
-0.6049481693
-0.2603623992
0.1960339822
-0.1528334050
-0.8883516974
-1.4479899035
-1.8603828666
0.0551975777
0.3413330584
1.2899892099
0.5701094199
-0.5029907776
-0.6846823097
-1.7099364564
0.0223653151
-1.4129652591
0.2549257561
-0.0934783224
1.4227158286
-0.7909200996
-0.3515083766
0.9168315312
-1.6713303869
1.7636589546
-0.5838967928
-0.2913985854
-1.6120841225
0.0322784177
-0.7251790034
0.1118714224
-0.2282802575
0.4264486585
-1.4306338000
0.4873076799
0.0635663007
0.9548742315
-1.0377167488
0.4007550609
0.5834474291
0.0710590388
-0.3604622891
1.3445739074
-0.9902851998
-0.8068225955
1.6683809158
1.9602446885
-0.6922783831
1.0602868198
1.9269560931
0.0295768377
1.0580403176
1.1234980266
0.5290963981
1.0250805027
0.3776174370
0.4909200471
-0.6194967646
-0.1834267819
-0.9852609665
-0.7847945742
1.4067775151
-0.8709909559
0.4352238424
-0.8254524193
-0.8858606541
-1.5803060932
0.6966232254
-1.5153454966
-0.2075783785
-1.2208289401
0.7295185643
-0.3622681788
0.6357879799
1.3892498106
-0.2516749173
-0.6297281302
2.1651200663
-0.1463322649
1.3291427304
1.1833256788
-0.1200146777
2.7046533763
2.7369809284
-0.2216339482
1.0466519505
-0.0395812690
0.3215001088
-1.2259541661
0.7816446741
-0.2685022410
1.1304922588
-0.4746497548
-0.7581343798
0.4425600887
0.5425525837
0.7740371043
1.8520262549
0.6041536576
-0.4592222208
0.9061309692
0.0009179901
-0.7652211496
2.0331023766
0.0952901753
1.0457753463
-1.0846491295
1.6680019041
-1.4756205740
-1.2632836369
0.1477693824
-0.8816030726
-0.3216994506
-0.4757104596
-1.0373715667
-1.6974096068
0.0331491384
-0.0210426833
-0.2527899357
-0.5315333673
-1.5044734919
0.9229969106
-0.1872060652
-0.0714884515
-1.9597784470
-1.8710248054
0.0698459379
-1.1381500027
-0.8138315293
-1.4901682390
0.1248483365
-0.0665462253
1.1881599039
0.8342180553
1.5626102969
-2.0105826303
-0.0596539436
-0.8031885951
-0.5981103400
-0.7227356028
-1.2226080740
1.0501941505
1.0717445803
-0.3482635833
-0.7028982110
2.0855087539
-1.7175627892
-0.9321473761
0.0894956357
-1.8073888481
-2.3338435960
1.8376019790
-0.5790429858
-1.6207226195
0.0643669473
-0.9313670561
1.0357356975
1.2473130986
-1.3545634974
0.0288792848
-0.0928782530
0.1812710151
0.3851553779
0.4257082017
1.3383672244
0.1062157651
0.4970318310
-0.7205410906
0.1641371475
0.3236286699
-1.6201326121
-0.4237155705
-0.5949042618
1.4469584515
0.9657639189
-0.0371621466
-0.9001015378
1.3357040989
-0.6276579799
-0.4822070467
1.4732140515
-1.0713146192
-0.1153155813
1.6669367418
-1.3885024447
-0.0310455252
0.8266357315
-0.3454280308
-0.8107705693
-0.9043836750
0.5122504569
0.0117089953
-0.4797316808
-0.5482315010
-1.0782444094
-1.4788885824
0.4735580674
0.6063923764
0.5006487978
-0.2400557926
1.2524824519
-0.5001880258
-0.8978728869
-1.0847599584
-1.3465353217
3.4936698184
0.0216804697
0.5764865055
-1.9292272432
-0.8987136334
0.8077958287
-0.0007741272
1.1319940919
-0.2097893063
-0.4845342195
-0.6703821870
-2.3924919235
1.5261919595
-0.3026509328
-0.6987936910
0.8086873907
-0.5848610609
-1.0416129160
0.6940820440
-0.1805839892
-0.3858280815
0.2093723692
0.0522633929
1.0708608679
-0.4243615592
0.9930776474
-0.9912351382
0.1351346320
1.3512470812
0.2359917296
0.7063240933
0.5271964615
-0.6141292915
0.0168138057
1.6409469324
-0.7970496765
-0.6105229698
0.3663685072
-1.5140402153
-0.2411250851
0.2625381973
-0.6946376564
1.5906320159
0.4032696277
-1.6509862842
1.6980621176
0.5023162210
-0.3228376299
0.5805808282
-0.2204140653
0.4443069928
0.4960009559
-0.1923186621
-0.6543721156
0.0988042164
1.3303783966
0.9530628524
0.7052658819
-1.0809217932
-0.0589240534
-1.9323645927
0.0831790419
-0.6850854414
-0.2821127034
0.3639061730
-1.0145465840
-2.4982357375
-1.0898813691
0.6507323026
-0.4612087878
-0.5155657714
0.0874336703
0.1149885863
0.4690008769
-0.1963674119
-0.9294730533
1.6341401579
0.3223493014
0.3935551330
-0.6898124266
2.1793067868
-0.8353136653
2.2119880361
0.9128979879
0.1152460929
-0.4246063777
0.9825325176
-0.2218662916
0.3659107504
1.5963194171
0.4956084033
-0.4952589475
-1.0414681648
1.0824999328
1.2694589265
0.3874368996
-1.1127554936
0.3206536168
-0.1568127915
-0.0746400035
0.2638064149
-1.1006221239
-0.8806768077
0.0798048962
0.9697518557
1.2419827812
0.3680316883
0.6792408784
-0.1480058141
-0.2946295329
-0.2178700388
-0.1764933963
1.0279465081
-0.4171849978
-0.9399856769
0.5532215327
-0.5815548434
0.9625992074
-1.1056380226
0.6255640956
-0.7845774317
