12 5 0.10
14 0 2 1 2 1 3 1 4 2 0 2 1 2 2 2 3 3 1 3 2 3 3 3 4 4 1 4 3
5 0 1 1 0 1 1 2 1 3 1
17 0 3 1 1 1 2 1 3 2 1 2 2 2 3 2 4 2 5 3 0 3 1 3 2 3 3 3 4 3 5 4 1 4 4
8 0 1 1 0 1 1 2 1 2 2 2 3 3 2 3 3
9 0 0 0 1 0 2 1 0 1 1 1 2 2 0 3 0 3 1
5 2
3 7
6 5
6 2
6 9
0 0 0 0 0 0 0 0 0 0 0 0
0 0 0 0 0 0 0 0 0 0 0 0
0 0 0 0 0 0 0 0 0 0 0 0
0 0 0 0 0 0 0 0 1 0 0 0
0 0 0 0 0 0 0 1 1 0 0 0
0 0 0 0 1 0 0 0 1 0 0 0
0 0 0 1 1 1 1 0 2 1 1 1
0 0 2 2 1 1 1 1 1 1 1 1
0 0 0 2 2 2 2 1 1 2 1 0
0 0 0 1 1 3 1 1 1 2 2 0
0 0 0 0 0 0 1 0 0 1 0 0
0 0 0 0 0 0 0 0 0 0 0 0
-1.3210278514
-0.8270987896
-0.0854033830
-0.8526369699
0.5762568579
-1.3061752375
-1.5193386786
-0.8409838164
0.7754643507
-1.4556739302
0.2999505234
-0.3219006851
0.5661523165
1.5396162186
-0.3660472412
0.0535673340
-0.2448958169
-0.3020630505
1.2624523091
-0.3578731244
-0.6893026144
0.5518161556
-0.7431658827
0.2902639904
-0.2652122469
0.5053580718
1.1501958121
0.4351300314
1.8381760871
1.1358612070
2.3480612280
-1.4395351976
-0.6373319864
-0.5428136373
1.0367214414
1.2577630376
1.0416877985
-1.1788498165
0.2520262743
0.7659933647
1.2603366670
-0.5019295716
1.6530646528
-1.9173792152
-0.2141461151
1.1483467476
0.3550848203
-0.2015064650
-0.9031360673
-1.8167443906
-0.6431565799
0.2791809883
-2.5373674011
1.4409191877
-1.0877531298
-0.7337666201
0.5201566504
-0.3940156980
-0.2944816602
0.0169922958
0.7417713676
0.3493290282
-0.6941733116
-1.0060452897
0.9100747445
0.6906649134
-0.5546390529
-0.4941288583
0.1878114552
0.9094836490
0.5388545398
-1.5459073516
0.6462566495
0.3130234465
0.2812721192
0.2250370707
-0.8647590970
1.0830675996
-1.9477611990
0.1622197787
-0.1539006079
-1.2934859422
-0.9485328242
-2.5922974033
-0.5113519583
-0.7023912866
0.0884584045
0.5903750887
0.7033470702
0.4508417878
0.4555365751
-0.1902866818
1.5527361783
1.7116241378
0.9645868847
0.2767425771
0.7952532878
-0.1298718206
-0.0543738202
0.0475566469
-1.4646814456
0.8792593905
0.0711973264
-1.4229128773
1.4205365507
-0.8495727940
0.0255439877
-0.2382317023
-1.1003053000
1.2823864211
0.5931234294
-1.3461211218
-0.7108073419
1.1697041195
-1.3964639870
-0.2735359496
0.0421357036
0.1221116743
1.3188137318
-1.4067263764
1.6370717447
-1.3065099040
0.3400301650
2.4579222668
0.1845507378
0.8731694312
0.2219544222
-2.4205681104
0.1734340210
1.4539781477
0.2365175809
-1.3703217157
-0.0220760946
0.4425331234
1.3097128303
0.2416789609
0.7007973937
-0.5760162414
-0.4244917553
0.8438608238
-0.3310587929
0.8895896212
0.2254132360
1.0433863473
0.4242286362
-0.0569209520
-2.2588209663
-0.3342877403
-1.0770908317
-1.2964164039
-0.0160400404
-0.6656347144
1.3025045849
0.4515940172
0.3506206225
-1.7975368578
-0.3043472882
0.7054406291
1.4328539092
1.2563219109
0.3720980205
1.1835281618
-0.7546562391
-1.6036079394
0.4724736056
-0.6809766723
1.0161221058
0.9419240141
0.3304145470
-0.1997523244
-1.3603660914
0.5157633849
-1.4970320852
0.7847669759
0.0688910723
-0.5976101700
-0.0872576905
-2.0134977038
0.0049970610
-0.6832134178
0.5391033776
-0.0193431054
-0.8562941992
-0.2885479294
-0.2561151355
-0.7176508587
-0.6310805886
0.9691559102
-0.6800433056
0.5537723526
-0.3471569024
-0.3579631205
-0.4411243964
0.1812770701
-1.5891778726
1.1544014453
-1.5166963365
0.7052787837
0.7628330069
1.5148578025
-1.3979603181
0.9907695296
0.6153036865
0.4630947126
-0.3999243972
-0.2275652568
-0.0888803836
-2.3918066475
-0.0084448743
1.4752184546
-1.0224983259
1.0633717138
1.2365506151
-0.7828785353
-0.0921261880
-1.1192229391
-1.7411052857
-1.2765473735
1.8322868364
0.1962264320
-0.9527390834
0.8084194843
0.8197670599
-0.4575958619
-0.9914311532
0.1201453541
-1.3016517335
0.9338268665
1.1083567519
1.9716897381
-1.8646192309
0.3783092136
0.6511914203
0.5230531823
2.2305314134
-0.8247630370
1.0883701075
0.5036032851
-0.1190222105
-0.5673134697
-1.9382847627
0.3151854551
-1.0807223037
-1.0649562388
-0.3960189022
1.0786140355
0.9073650664
-1.3327322604
0.1168089749
0.5333309264
-0.4676708336
0.2712033774
-0.4359156202
-1.0404428987
0.1961093039
-1.0888726241
1.5489073171
-1.3488382796
-0.3853892188
0.5929903260
0.9365405243
-1.0527878094
0.6836602499
-0.3434333625
-1.3771882628
1.2097065278
-1.1498860075
0.4480197727
0.2074156093
1.1639425431
-2.1431439267
-0.0823692212
-0.0841715676
-0.8425159585
-0.4958517968
-0.6208243055
0.6211800829
-0.0604275386
-1.3160056329
-0.6554762292
-0.6275612457
-1.0933394302
-0.4987647124
0.7544946544
-0.9221317905
-0.3084075371
0.4634929125
0.4152828261
