16 12 0.11
4 0 0 0 1 1 0 2 0
8 0 0 0 1 1 1 1 2 2 1 2 2 2 3 3 2
7 0 1 1 0 1 1 1 2 1 3 2 3 2 4
5 0 0 0 1 0 2 1 2 1 3
6 0 1 0 2 1 1 2 0 2 1 2 2
5 0 2 1 0 1 1 1 2 2 1
6 0 2 1 0 1 1 1 2 1 3 2 1
7 0 1 0 2 0 3 1 0 1 1 1 2 2 1
5 0 0 1 0 2 0 2 1 3 0
6 0 1 1 0 1 1 2 0 2 1 3 1
5 0 2 1 0 1 1 1 2 2 0
8 0 0 1 0 1 2 2 0 2 1 2 2 3 0 3 2
2 7
9 2
9 11
6 1
9 7
3 13
12 9
9 8
10 0
4 11
9 1
7 7
0 0 0 0 0 0 0 0 0 0 0 0 0 0 0 0
0 0 0 0 0 0 0 0 0 0 0 0 0 0 0 0
0 0 0 0 0 0 0 1 1 0 0 0 0 0 0 0
0 0 0 0 0 0 0 1 0 0 0 0 0 0 0 1
0 0 0 0 0 0 0 1 0 0 0 0 1 1 1 1
0 0 0 0 0 0 0 0 0 0 0 1 1 0 1 0
0 1 1 1 0 0 0 0 0 0 0 1 1 0 0 0
0 0 0 1 1 0 0 1 0 0 0 0 1 0 0 0
0 0 0 0 0 0 0 1 0 1 0 0 0 0 0 0
0 0 1 2 0 0 0 1 2 3 1 1 1 0 0 0
1 1 1 2 1 0 0 1 2 2 1 1 1 1 1 0
1 1 0 1 1 1 0 1 1 2 0 0 0 0 1 1
1 1 0 0 1 0 0 0 0 0 0 1 0 0 0 0
1 0 0 0 0 0 0 0 0 1 1 1 1 0 0 0
0 0 0 0 0 0 0 0 0 0 1 0 0 0 0 0
0 0 0 0 0 0 0 0 0 0 0 0 0 0 0 0
0.1903394653
-1.1324059566
-0.2172329331
0.6985739477
0.9433081650
-0.4199196561
1.2552137914
-1.1444582805
-2.4671696574
0.6536778769
-0.3942996652
-1.4264945190
-0.6714746001
-0.8045225923
1.8651377150
-0.4751865347
0.7663255049
-0.5758412837
0.0716414162
-0.8936180080
-0.1277691290
-0.4336604434
-1.8200592946
0.2668430868
0.7127357911
-0.6686780423
-0.9433718228
-0.2132900646
0.6152600367
1.0309638384
-0.8533019962
1.4893471810
-0.0520008853
-1.0797960180
-0.0456813591
-2.2283176280
0.2213622991
0.3719477417
0.2439658733
-0.1116541325
1.2589192547
2.1821069210
-0.9438324831
1.7381923414
0.6781176953
-1.6239635832
1.2929898867
-0.6699064692
-0.8599398778
-0.8687371104
0.2602631216
0.5856186898
-1.1099851208
1.2632364932
1.0083996757
-1.6216808852
-0.2388296628
-0.7769065238
0.2680910560
0.0243204144
-0.5605511539
0.1403190841
-0.2805809336
-2.0645288002
-0.5416855735
-0.9193047600
-0.9766613200
-0.1489925400
-1.7373905371
1.1989256781
-1.9095297810
-0.3626404282
0.0069926453
-0.3939671959
0.4057636363
-0.1546666883
-1.0036348907
0.3268055792
0.3787020228
-1.8571198141
-2.0226165184
-0.0229115127
-1.0735324576
-0.2305618502
0.5207161300
-0.9846026393
-0.5967784281
0.9104229221
-0.8732593759
1.2655752491
0.2443442504
-1.2612969528
-1.1089254951
-0.0607295717
0.0461400925
-0.8986572789
1.2111822078
-1.5460316457
-0.0573110626
-0.1114380805
-1.0602680931
-0.4978984378
-0.5839435661
0.2363169459
-1.0109746027
0.3923233274
-0.3986140210
1.3189584347
1.0974779283
-1.6834531291
1.5599915205
0.9521208375
-0.0381631637
-0.4195604161
-0.9023389044
-0.5294700186
-1.5203979502
0.5061046600
1.4365455347
-2.8848980574
-0.7786907951
0.4195876110
0.6475118787
-0.3397021345
-0.5341816539
0.0096791021
-0.4130866833
0.4552084310
-1.3090452828
-0.2351649163
0.1904983353
-0.7253720828
-0.5410540246
0.4364869513
1.4994038908
-1.9701061759
0.3802424445
0.7746241308
-0.1845400220
-0.2834772569
-0.4936384153
0.0228694470
0.1126585113
0.2560968862
-1.6548744369
0.1176710072
-0.6168959580
1.2428575586
-0.4191005098
-0.0571051707
-0.6011011775
-0.0350593735
0.7526849281
-0.1417385681
-1.0098322427
0.3781144394
0.3885364872
2.2061408179
-0.9974116249
0.1978542006
-0.2042352170
-0.8466587745
-0.6698638382
-0.0697491336
0.5249113952
-1.1829201022
-0.7069204066
-0.8979028791
0.1315937860
0.1553782468
0.6822319677
-0.7572180988
2.6661945312
-0.8906959278
1.4994283962
-0.1520483228
-0.4391164631
-0.5678287736
0.0739688754
0.3128865730
-0.2433786575
0.0611798211
1.2085205965
-0.9071084355
1.3792150005
-0.3870396407
2.1686565417
-0.9515882583
-2.0527734447
-1.1609633988
0.4406783113
-0.8348106808
0.3865603402
-0.5315330342
-0.7130178804
0.1121671264
-1.6808352818
2.6639826817
1.7901521102
0.3106268486
-0.3742296816
2.3068020143
0.7050714961
-0.7556964773
0.9418905741
-1.5319278123
0.0915437261
-1.9156251675
-0.9690041195
-1.1548455367
0.0043988288
1.3942724513
1.3698590569
-0.1014044547
0.6948891410
0.5494773948
-0.5281734174
0.7861390917
1.0476901015
0.0354918313
1.1507480683
-1.2608505153
-0.6646387366
1.1352882710
0.3819363371
-0.2038409631
-0.2866368944
1.6127250701
0.0855739887
2.0637937920
-1.9557059122
-0.0107985184
-0.7346063379
-0.4017566607
-0.3129166213
-0.7731663876
0.1911821516
1.6465631271
-0.0269759680
-1.7026331741
-0.4765021917
-1.5098739015
-1.0476506823
-1.8343878253
0.6293095849
1.1084556882
0.4035462631
-0.3242025538
0.9629705485
0.1286617315
0.8000809889
-0.8160723592
1.5360866693
1.1752655154
2.7137700678
0.6877535296
1.1020889575
-0.7077759984
-1.1187814206
-0.5050026445
-1.3447405552
0.8038972789
0.8532804833
-0.0975147510
1.2868962437
-1.5310646215
-0.5066859904
-0.0092933292
-0.7524662412
3.1128204601
0.9393301291
-2.7914438638
0.0366887483
-1.0623256423
0.1998105112
0.6850591947
1.8373311712
-1.1868187465
-0.5497426625
0.4315787536
0.2734151484
0.1561008936
-1.0183144951
-0.5378259300
1.0072908323
0.1239591566
-0.7540703790
-0.2490051356
-0.4493956329
-0.3024485896
1.4482607434
0.4863606351
-0.3930248095
0.7360135386
0.5740684959
0.6625153561
-0.8153198966
0.1502857505
-0.4512226001
-2.5016397955
-0.3779447466
0.0010424517
0.7118673748
-2.1621410998
-1.5085615479
-1.1206936145
-1.5826958270
1.1625306885
-1.1820447506
-0.8226321694
-1.7837806389
1.4327909647
-1.1146089749
1.1834168832
-1.7331568468
-0.1764328839
-0.1583987149
0.0164313573
-1.3775329790
-0.2462725020
0.1102324125
1.0643173205
1.9511554431
-0.1418339658
1.3430330793
-0.0093467311
0.8399732252
1.8182383899
-0.9827028955
-1.2622108043
1.7272809734
-0.1546783102
-0.7125008722
-0.5761604123
1.5816790614
0.8169588664
-1.3813391952
-0.8268478288
-0.3178963566
-0.4499129320
-1.3343018170
-1.0782376076
0.4143165384
-1.4455663541
0.3387015657
2.5329675393
-1.6342580676
0.5937893476
-1.2482902083
0.5219744156
-0.7768680135
0.3617927166
-0.4717596552
-0.4870380364
-0.4809998137
-1.6684024783
1.6086513042
-0.2384670137
-0.6157580186
0.8825809146
-0.3042632857
0.4985280618
0.4935189711
0.0852772267
-2.0293610599
2.1349578157
-0.3296260343
-0.6773965405
1.4959797703
1.7405633812
-1.7774409915
-1.1786245568
1.2346697286
-0.3770600238
0.5065762132
0.1145680299
1.2516432248
-0.7852591334
0.9725900415
-1.5176621613
-0.3632098493
-0.6630221369
-0.9544903568
-0.2041212917
0.2104220826
0.3566137977
0.9202109709
-0.1036557519
0.6957515193
0.7126360028
-0.0441452026
-1.1270132918
-0.5212951947
-0.9734316507
1.2960282059
-0.9117687235
-0.7020468161
-0.0158435617
-1.2092693273
0.6483629470
0.6022872032
2.1612913042
0.0495322859
0.1899600085
-0.5762499458
1.0011487650
-0.1928972656
1.2332225447
1.0112332183
-0.6207798592
0.4902880489
-0.7594104213
0.5652784888
-0.2494499200
-0.2903465996
1.6644303426
0.8272443587
0.8062670543
1.1206068877
-1.7849058683
-0.5578758533
-0.6891702971
-0.5892606025
-0.8343198490
0.8907309616
0.5058530934
0.1705016986
-0.7630936831
-0.2997102911
0.2301387862
0.4876708354
-0.6018779582
-0.7759639464
0.3956288173
1.4814246684
1.5606402703
-1.5845081719
-0.6180137438
0.4047824997
-1.0051134715
-0.0759088416
1.1261013148
2.5941173521
1.0117262064
1.0233384615
0.3942864737
-1.0592126820
-0.7072541141
-0.3387188147
-0.0056464137
0.7061391270
-0.7545942731
-1.4780103776
-0.5537592051
-0.1881595023
1.2332297820
0.9434719859
0.3910616970
0.9533107961
-0.3076873871
1.2878016111
0.9994624061
-0.7204239622
-0.4105219011
0.3457522735
-1.5878600352
-0.4874991940
1.4652801065
0.3644578683
-1.9004091132
0.7853757120
-0.0329059944
0.8521440188
0.3488421294
-0.0966775116
-1.7531248066
0.4945836289
0.7903706631
-0.8606072449
1.9643067968
-0.0259477744
-0.0650559348
1.4908692873
0.1085285099
-0.7678510294
-0.2652433550
0.9874471905
0.5018288459
-0.0863440484
0.0942719144
-0.2898345642
2.2858583641
0.6986298164
-1.0499339759
-0.1971589341
1.8332993267
-0.3577024741
0.7800093676
0.6617730927
-2.2800557431
1.0763013631
-0.0109368982
-1.6912285318
0.1946351940
0.8380055262
-0.1592442739
0.0661874471
-0.3574854150
0.7776764151
-1.1913089297
0.5077914217
1.0938275253
