11 4 0.01
6 0 0 0 1 0 2 0 3 1 2 2 2
5 0 2 1 0 1 1 1 2 2 1
8 0 1 1 0 1 1 1 2 2 1 2 2 3 0 3 1
8 0 1 1 0 1 1 2 1 2 2 2 3 3 1 3 2
1 5
5 7
6 5
7 2
0 0 0 0 0 0 0 0 0 0 0
0 0 0 0 0 1 1 1 1 0 0
0 0 0 0 0 0 0 1 0 0 0
0 0 0 0 0 0 0 1 0 0 0
0 0 0 0 0 0 0 0 0 0 0
0 0 0 0 0 0 0 0 0 1 0
0 0 0 0 0 0 1 1 1 1 0
0 0 0 1 0 1 1 1 1 0 0
0 0 1 1 0 0 1 1 0 0 0
0 0 0 1 1 2 1 0 0 0 0
0 0 0 1 1 0 0 0 0 0 0
0.6189121969
-0.0754292436
0.9312795884
0.3468434070
-0.8837202518
0.9957698371
0.4723672812
0.1292623694
0.0738283412
0.2350130334
0.7428763929
-0.0042845437
2.0569253884
-0.9676487977
-0.0053930538
-0.1763252903
0.9004891116
2.2018628835
-0.7811103368
-0.3900541028
-1.3796345328
0.1085666631
0.5094962767
-0.2600025591
-2.2331548630
-0.0832255673
-0.0948745021
1.3635769223
-0.7082446340
-0.6651814014
0.9945869763
0.5352990713
-0.2688640277
-0.4636689496
0.8211198205
-0.2403151724
-0.7543969226
-0.0207607316
0.9774363498
-1.4919858814
1.0173537553
-0.9964040002
-0.8040027761
-1.1897538351
1.0070970699
-1.8165383077
-0.5368757041
-0.9998540152
0.5593990574
-1.1681814278
-1.1242199858
-1.2475853316
-0.0391994234
-1.2678206884
-1.3001773401
-0.1820505127
0.4331816152
-0.8897044300
0.3576705457
-1.5393624295
-1.2596351704
0.2465862352
-0.0726003992
-2.0637565200
1.9253660839
-0.3010103826
1.5538352319
0.5525067088
0.3758203421
0.6797783981
-0.3939742781
2.2194279573
-0.2211889943
1.3454752173
-0.9540979561
-0.8434686554
0.3670663316
0.9196243161
-1.1591707225
-0.4967902104
0.0255077408
-0.5631120396
0.7662372492
1.5174266841
-0.2375059821
-0.8693830478
0.5335237965
-0.3482749542
-0.8443166609
-1.7491154840
0.5713957427
-0.1919233090
1.3770378378
0.9154995463
0.6695262874
1.2211480593
1.7437308913
0.2125374023
-0.4151974650
0.2492707190
-1.4821544852
-2.4440059089
-1.7270498020
0.6525690173
0.2082133878
-0.6312912609
0.4921516664
0.9014864038
-1.0958354091
-2.5011252886
0.2492744998
-0.2821405357
0.5067395668
-0.6843210609
-0.1160944485
-0.0731158977
0.6289963796
0.2336783188
2.7253984387
-0.5217261539
0.1711798472
0.1720241336
-0.6010848403
0.0664377019
0.2656416526
-1.9112778467
0.8613368095
-0.4632109574
-0.5657199706
-1.4304198599
-0.3771600714
-0.5742307588
0.4257887770
-0.1027289758
0.8043222704
1.1162228092
-0.4857538858
-0.1515380637
-0.2813455535
0.4449113309
1.4342672429
0.2343216255
-0.1163388051
-1.2324228273
1.3685432001
1.4565085907
0.2153893678
0.8437254764
-1.4074486783
0.0943753710
0.4447153343
-0.6998643083
1.9713293263
0.9933721952
-1.0036110646
-0.4217711869
-0.3399560084
0.6330506485
0.2174831476
-0.4717699755
-1.9117061942
1.8540629470
0.3103315385
0.2948064804
0.7591082435
0.5237050271
-0.0651062672
0.7667453064
1.2635913283
0.3194444095
-1.2489903572
-1.1190168853
-1.2832653731
-0.2189080475
-1.0941944497
0.7951277868
-1.3664491123
-1.7680491108
-1.6776909302
-2.1224336724
-0.5406442366
-0.6854860254
0.3913953811
-0.3295422366
-0.1459800515
-1.6518085953
-0.6549567845
-0.8112592806
-0.1847687662
1.4854749107
0.1035912343
-1.4383073321
0.6308267198
-0.3389568007
0.0925453301
-1.4181306479
0.1563995087
0.4636878759
0.2746164236
0.9593618311
0.1658100147
-0.2331485746
0.6607403295
-0.3450507478
1.3124879421
0.2597464983
0.5271619331
-1.3584473434
-0.2118606620
-2.1852991574
-1.3248315651
1.3460722024
-1.9390712030
0.2630278581
-1.0930460716
-0.0769003897
0.0266112208
-0.3012193682
-1.7109534349
0.5629330414
0.0600633827
0.2289636560
0.9708400206
-0.8852919752
-0.1554427601
-1.6877805124
0.6572943717
1.5383373501
0.2565002691
-1.1935029915
-0.7432728055
-0.7096911762
-0.4137987408
-0.5335008178
1.0489564049
0.0388700339
-0.5614923609
1.1067193138
0.4633776752
-0.1481559573
-1.3390878568
-1.0436555633
