12 4 0.04
9 0 1 0 2 0 3 1 0 1 1 1 2 1 3 1 4 2 1
11 0 1 0 2 1 0 1 1 1 2 2 0 2 1 2 2 3 0 3 2 4 2
12 0 0 0 1 0 2 0 3 1 0 1 1 1 2 1 3 2 0 2 1 2 3 3 0
10 0 2 0 3 1 1 1 2 1 3 2 0 2 1 2 2 3 1 3 2
4 1
5 9
3 0
8 2
0 0 0 0 0 0 0 0 0 0 0 0
0 0 0 0 0 0 0 0 0 0 0 0
0 0 0 0 0 0 0 0 0 0 0 0
1 1 1 1 0 0 0 0 0 0 0 0
1 1 2 2 1 0 0 0 0 0 0 0
1 2 1 2 1 1 0 0 0 0 1 1
1 0 1 0 0 0 0 0 0 1 1 1
0 0 0 0 0 0 0 0 0 1 1 1
0 0 0 0 1 1 0 0 0 1 0 1
0 0 0 1 1 1 0 0 0 0 0 1
0 0 1 1 1 0 0 0 0 0 0 0
0 0 0 1 1 0 0 0 0 0 0 0
1.3327472684
1.0782139300
-0.5211865696
1.5718517526
-1.7946312514
-1.3329805197
0.7115620040
1.0945352601
0.6662402498
-0.5000084435
-0.1172106210
-1.8158652695
0.8118583983
1.3487637316
-0.4548739187
0.4603323091
1.1161062072
-1.0612240888
-0.5599656696
0.7573616133
-0.3490990948
-1.5991901629
0.2666708111
-2.1669867507
0.1028610546
1.6010893061
0.1223358481
-1.4791905486
0.5574702375
-0.4128543604
0.3316476608
-1.2130257605
0.6759997028
-0.1836113311
0.2126705026
-0.7911929726
-2.4251537091
-0.0330700297
0.1602140327
1.8500173175
-0.0594097578
0.7151172380
1.2954445297
0.5100720884
1.6358622012
0.0065655051
-0.4111686121
0.4656783872
2.3219083017
-0.9686188267
0.8818991492
1.9971763912
-1.0928267477
0.0236727496
-2.7628620050
1.8773813277
1.9600670390
2.2627668357
-2.6691675373
0.7294366137
1.2236153531
0.3411524993
0.9415156311
1.1375515492
1.0028620167
0.6549238539
0.9001796037
-0.4267366211
0.0545409594
0.6743600074
-0.0205920397
-1.0369801421
-1.6817875599
0.0339458890
0.1571996861
0.0319664644
-1.0229975136
-0.7747766508
-0.3579779550
-0.4738316486
0.1410418306
1.2011494788
-0.1191173372
-1.0883975542
-0.0439817775
1.2682660481
-1.2767065426
-1.4784434843
-0.8661888909
-0.3113232846
0.4902165722
0.7843962249
0.1792237950
0.0672551760
0.1929411138
-0.2469044883
-1.6313766343
-1.1805659263
0.0658457107
-0.7580685367
0.6481408713
1.1375060502
0.3212236390
0.4646462988
-0.4758815470
-1.5310596047
0.8938527087
-0.1420012675
-0.9090113203
0.3818091571
-0.6117532404
0.1047797496
-0.8939071429
-0.5456944505
-0.3948058796
-1.3207616157
-0.6678029276
-0.0749774509
-0.7284140232
0.9364663010
0.8006586431
-0.7862328302
-1.1052825237
0.3116994318
0.6927255933
1.1221534532
1.1412146943
-1.7854603873
-0.8576016306
0.3138125906
-1.8741755999
-0.7883494515
-0.4506248370
1.0394609048
-0.1340045885
0.0469784014
-0.4259538369
0.9251733204
2.3272603911
1.2889543927
1.5008888792
-0.2134689031
1.4005984586
0.0092091710
-0.1127782766
0.1325884584
0.0939866243
0.7624229261
0.0314651793
-1.1507245830
0.2230599200
-0.0624060551
-1.2604899008
0.2097547254
1.1070248919
-1.5401439212
-0.4531766167
0.8592988029
0.2157015244
0.2591957210
-0.7146582449
-1.1837300520
1.0313866391
-0.9934489348
-1.8997057082
0.0809015440
-0.2655365961
-1.7793454080
1.6648618567
-0.2684692910
0.9764522514
1.3527161252
0.3852576185
-2.0752255686
0.6363941837
0.0922778125
0.7914799453
1.5808108705
-1.5555112081
-0.8066274051
-0.6188294652
-1.0216432019
0.6118493826
0.0997670361
0.0648919692
0.4353315124
0.4152778859
0.6461827629
-0.2945495338
-0.0015442323
0.2136552675
1.3596163897
-0.8486076696
1.3416685574
-0.3677558027
1.4132953162
-0.6761771552
0.5208008690
-0.3648382390
0.2177748589
-1.4259839422
0.0625699206
0.2885142652
0.1574314135
-0.2335901069
-0.2974000673
0.5532284849
0.8232766716
1.4343016271
-0.6713185870
0.0292488213
-0.0798295813
-0.0113129456
-0.0233220631
0.4069065414
-1.9127781470
-0.7060090458
-1.5419170404
1.1962376931
0.9882252667
-0.2433510347
2.4686910005
0.7472737317
0.0568658700
0.0486308719
2.8793221406
0.4981683947
0.7831075967
0.6976954460
-1.4149514567
-0.2616967115
-0.1508998315
0.3239366428
0.3045167294
-0.4575243571
0.7443448183
-1.6946429721
0.4518536072
1.4873822055
-0.1007534914
-0.0800281692
0.0776376334
1.0007782435
-0.0921810745
-0.0116696797
0.3465824395
-0.3204216705
0.6544275322
-0.9432738345
0.1413663983
0.7830035639
-0.2094613915
0.0272433410
0.1080626010
-1.1557020479
0.3495416766
0.1103753726
-0.0829989557
-0.5324990517
0.2782693343
-1.6239423317
0.9766506128
0.6102254210
-0.9842302049
-0.4061301277
1.0095066805
-0.1468809177
-0.9469397321
-2.6860972083
-0.4380153162
0.5279994579
-0.2407669603
-3.5130730025
-1.5128931644
1.4432250767
-1.8358370313
-1.9053447014
1.0865559189
-0.2072150497
-0.3440627676
0.7323085628
1.0659589185
0.2506201652
0.9595581900
-1.7961997320
-0.5827206673
-0.8464418996
0.4617972321
