12 4 0.17
5 0 0 0 1 0 2 1 1 1 2
11 0 2 1 2 1 3 2 2 2 3 3 0 3 1 3 2 3 3 4 1 4 2
13 0 2 0 3 1 0 1 1 1 3 1 4 2 0 2 1 2 2 2 3 3 2 3 3 3 4
5 0 0 0 1 0 2 0 3 0 4
5 5
2 0
1 3
7 7
0 0 0 0 0 0 0 0 0 0 0 0
0 0 0 0 0 1 1 0 0 0 0 0
0 0 1 1 1 0 1 1 0 0 0 0
0 0 1 2 1 1 1 0 0 0 0 0
0 0 1 1 0 1 1 1 0 0 0 0
1 1 1 1 0 1 1 1 0 0 0 0
0 1 1 0 0 0 1 1 0 0 0 0
0 0 0 0 0 0 0 1 1 1 1 1
0 0 0 0 0 0 0 0 0 0 0 0
0 0 0 0 0 0 0 0 0 0 0 0
0 0 0 0 0 0 0 0 0 0 0 0
0 0 0 0 0 0 0 0 0 0 0 0
0.3769531312
0.6973105641
0.2019968584
-0.4384918405
-0.6199392054
1.0866810648
2.4275098431
0.3153167287
0.3886937275
0.3779342204
1.1626985969
-1.5963566164
-0.1510856233
0.1688967477
1.1717311062
0.5743843531
-1.2607698154
-0.0751265872
-1.1174274984
-1.0174831624
-0.7520532554
-0.0866871639
0.6169099755
0.0592145097
-0.2157517203
0.5772315473
-0.7053978414
-0.1332683606
0.5016723480
-1.2913391921
0.0321563222
-1.1556524029
-0.7625203114
-0.8710603894
0.8471614965
1.1585318515
-0.0045063716
0.0094740388
0.2700183675
-0.6435600014
1.2030166216
-0.2257054522
-0.4898527639
0.6169382657
0.8916299328
-1.5783614206
-1.5789954576
-0.4743106101
0.7706781020
-0.1827250018
1.0867408962
0.0450605583
-0.6058110538
-0.2030802981
-0.0836000130
0.7651066172
0.5875635836
1.0475250717
0.5640518838
-1.0564324050
0.0541349744
-1.8939446389
1.4364893077
-1.1090347997
-0.1849245602
0.8615882418
2.0369296053
2.0447491357
0.0400304756
-0.5832850154
0.2817457361
0.9321188097
0.6594925454
-0.4149268193
-1.3046794095
1.2819359944
-2.0017477668
-0.4199778158
0.5623413646
0.6975444091
-2.1217186693
0.2497147384
-0.0645407967
1.2122042248
-1.2797028707
1.9126492429
-0.3335098095
-0.6302397174
1.9946564520
-0.7788708039
-0.0626093075
1.4671078674
-0.3370858776
0.7631035374
-0.5816726268
-0.3618456753
-0.0242856018
-1.3894324447
-0.7491599617
0.9397338960
0.9586853025
-1.1060689537
-1.1479703611
0.1991204524
1.4130902187
-1.7627780011
1.1851633782
0.5286224027
-0.2573837765
-1.7609428074
-0.4847548122
1.2567540658
0.1894493576
0.1457513445
0.1375851710
0.8846776756
1.1556698988
1.7818264242
-1.4553271372
0.5854024297
-1.2615804279
-0.5823277281
-1.0409365722
0.8043482893
0.5516395976
-0.1652109816
-1.2029989331
0.0318741104
0.7809102410
-0.3049857698
-1.2228249004
1.2239283605
0.7459900216
-0.7662361232
-2.0955314317
1.1533872019
0.0727237792
-1.1711770920
-0.1083666154
0.7249336622
0.4063297401
-0.6228243596
-0.6740228102
0.0453610893
-0.1862357881
-0.5457151155
0.3681946148
0.0918341770
-0.1784851770
-1.9384396936
-0.8016529537
-1.9328737886
0.0228362982
0.3863400410
1.8893964928
0.5839686160
-1.1187621525
0.3264747578
-0.8385107417
0.0914828922
0.8923577159
0.1559210802
0.6378832019
2.3471294974
0.3791870850
-0.4513211860
-0.3417915912
-0.2547073406
-0.2620674525
-0.4758838744
-1.2680401185
-0.6591653787
-0.1355906522
0.1091151497
0.7114617117
-0.1080467902
-0.9851345710
0.0106196644
-0.0696895700
0.8002886226
-1.6606935808
-1.1020246062
-1.1749611769
-0.7904099730
-0.6084166556
0.1013850229
0.9878210766
-2.3705393851
0.5781576413
0.5443121041
0.4180578661
0.1661837457
-1.5905873407
0.5837778738
-0.1111160277
-0.2868582238
-0.8397512971
-1.1140422731
-1.5131760872
-0.4881361845
1.0641463196
-0.1886330444
0.7370672801
-0.6890110614
0.3153454460
-1.0283394057
0.0826993125
0.1912453386
-0.2934410036
0.8079311223
-0.3608338516
-1.2164647942
-0.6608950194
-0.0190043330
0.3168468485
-0.4778369919
1.1102571607
-0.2078095766
-0.4899169796
0.8629636443
0.5859924928
0.1855228584
-0.5102967644
0.3077318904
0.7829511766
-1.0145564804
0.3440289182
-0.2383829866
0.2611654840
1.6082164282
-0.7417660261
-1.6319223711
0.6664407842
-0.0204896066
0.4652337345
-1.0804788342
-0.1198395827
0.3321808769
-0.0477443754
1.0551686951
0.5926881339
0.4214060269
-1.7381334012
-1.3001517910
1.0062166067
0.7620095658
-1.8633807196
-0.1413892832
-1.0355661946
-1.4292359160
0.1322631128
1.0175501129
-1.0065453098
-1.0764465588
-1.3134351969
-1.0577861048
-0.3186448063
-0.1327500662
-0.7889229321
0.9157762647
-0.3598364258
0.3568273368
0.6281456068
-1.7102846256
-0.6935614629
-1.4328244389
0.8180487808
0.3849322151
-0.9086898717
-0.2484480760
-0.1941484811
-1.1710784926
-0.6099942241
-0.4207784330
-0.4374670269
-0.7214926909
0.3824193713
0.7188340366
-1.3154766884
1.5054795589
0.1391632251
-0.2134156821
-0.4765713483
-0.3319887570
2.0525965406
0.2215281594
0.2392695506
1.3841184668
