11 5 0.15
11 0 1 0 2 0 3 1 0 1 1 1 2 2 1 2 2 3 1 3 2 4 2
10 0 0 0 1 1 0 1 1 1 2 2 1 2 2 3 1 4 1 5 1
6 0 2 1 1 1 2 2 0 2 1 3 1
12 0 0 0 1 1 0 1 1 1 2 2 0 2 1 2 2 3 1 4 0 4 1 5 1
6 0 0 1 0 2 0 2 1 3 0 4 0
6 7
1 5
1 0
3 2
6 8
0 0 0 0 0 0 0 0 0 0 0
0 0 1 0 0 1 1 0 0 0 0
0 1 1 0 0 1 1 1 0 0 0
1 1 1 1 0 0 1 1 0 0 0
0 1 1 1 1 0 1 0 0 0 0
0 0 1 1 1 0 1 0 0 0 0
0 0 0 1 0 0 1 0 2 1 1
0 0 1 1 0 0 0 1 2 1 0
0 0 0 1 0 0 0 0 2 2 0
0 0 0 0 0 0 0 0 2 1 0
0 0 0 0 0 0 0 0 1 1 0
-0.7396384665
-0.6353214781
0.0274349831
-0.2420361701
1.1202039484
0.6010116189
1.5891849383
0.1500124483
-0.0612215890
0.3530583530
0.2668907517
-1.1807965817
0.2214994017
-0.6968068846
-0.0382214147
-0.1161508119
0.9765754962
-1.1114195948
0.4712066323
0.3921353406
-0.7873485961
-0.3145090799
-0.5437872642
1.0594791624
1.8172890612
1.2494043414
-2.1244349879
0.1447719719
2.5192214194
2.0213708765
-0.5092281508
1.0847805652
-0.4306047134
0.1860998622
0.7769850684
0.9324451129
0.0860238121
-0.1923576704
-1.4697910532
1.0251710764
-0.7441331183
-1.3849123438
-1.1793723898
1.5336491722
2.9144721033
0.0826310460
-0.9348983321
2.3617056642
1.3703186568
-0.0014915088
-0.4794951420
0.0293942164
-0.5054234736
-1.0315415412
0.4177642144
1.1882924628
-0.0635898744
-1.7507136317
-0.4235207394
-0.9151434282
-0.7687869013
-0.0514593179
0.7892453431
0.6712094935
0.2326307675
-0.3123892370
-0.7320221698
0.4368287749
0.1515441269
-0.1972116551
0.0772995359
0.4487645047
1.2365503523
0.3597868602
-1.6216047153
1.3529090340
0.8799930629
-2.2150379204
0.5743208531
-0.1855061868
-1.1827298830
2.0974487473
-1.6492639170
-0.6832157026
0.4266539648
-0.4271239876
0.7258716439
1.1441827841
-1.7567198321
0.5787539271
1.6536865990
-0.7213171118
-1.0363045197
0.4455423580
-0.3456061463
-0.2596629982
-0.3670464984
-0.9459235720
-0.4837407946
1.1353876853
-2.5277225423
-0.7082034674
0.3877566106
1.1270328943
0.6464887530
0.7753902707
0.7959328673
0.4987789540
0.6493298189
0.9773953788
-0.4558142066
0.0133173758
1.0428367201
1.2492447471
-0.1397694649
1.0584123473
-0.6395487584
0.8505328130
-0.7179935741
-0.9007272815
-0.3198983176
-0.1837526261
-1.0672994894
-0.0986021853
-0.5081428769
-0.9675015764
1.7381893595
1.3593448475
-0.2247095788
-0.6107494355
-0.2259874860
-0.0875195210
1.2960624382
1.1059762829
0.5273306217
-0.4199170921
-0.4249469181
0.7273899402
-0.5472588537
-0.7675797254
-0.4134812543
0.4195008144
-0.6664801498
0.5062566934
1.8545589015
-0.4747029576
-0.5859350074
-2.3562265235
1.5037168946
-2.0075520886
-0.7445971103
-0.6756417635
0.3055214131
-0.4851865105
2.3113814742
0.1427257473
-1.4086956884
1.8052778078
1.0079188347
0.7645438244
-0.3261569923
0.3457706184
0.3980836821
1.7974256936
-0.1475451248
1.3440984613
0.1391253557
2.0798960284
0.3848874137
-0.0413591701
-0.5377094617
-0.4298759955
-1.1219625567
0.4074349327
-0.6439659105
0.9992109481
-0.6835311786
0.6618026506
-0.4862842256
-0.6490790374
0.9310626588
-0.5174717085
0.7793101914
0.4622438708
-0.3805102120
0.4701692212
0.4903162709
0.6868340817
1.6324181476
0.4774711343
0.9803213322
0.4499890591
-1.6217082818
-1.8525251710
0.0496240704
1.3020700536
-0.1293922322
-0.6554609464
0.0311017462
0.4169800824
-0.1486043304
-1.4636757637
-1.2695883193
-0.4204631383
1.6383400890
1.2356700722
-0.0484964505
-1.1665866137
0.7865545845
-0.3000040189
0.2382665365
0.5404540719
0.1524339540
0.0417949446
0.2969383867
0.6497024183
0.4874502218
1.3302433487
0.0724163971
0.0783504230
-0.6389725299
-0.6556346797
0.3424888548
-1.3746741525
-1.0363658322
0.1723268007
0.3037561886
0.0584980328
1.0965659179
2.1191253454
-0.0745603062
0.4284253981
-0.8380715639
0.1750991261
0.7133623699
1.0594773599
-2.3008675970
0.2129851542
-1.2959466575
1.5246874906
-0.0826216733
1.9083900851
