14 9 0.07
5 0 2 1 1 1 2 2 0 2 1
5 0 0 0 1 0 2 0 3 1 3
5 0 0 1 0 2 0 3 0 4 0
5 0 0 1 0 2 0 2 1 3 1
5 0 0 1 0 1 1 2 0 2 1
5 0 0 1 0 1 1 1 2 1 3
5 0 0 1 0 1 1 2 0 3 0
5 0 0 0 1 0 2 1 1 1 2
5 0 2 1 0 1 1 1 2 1 3
6 5
2 10
7 5
7 2
11 9
5 3
9 0
10 9
4 2
0 0 0 0 0 0 0 0 0 0 0 0 0 0
0 0 0 0 0 0 0 0 0 0 0 0 0 0
0 0 0 0 0 0 0 0 0 0 1 1 1 1
0 0 0 0 0 0 0 0 0 0 0 0 0 1
0 0 0 0 1 0 0 0 0 0 0 0 0 0
0 0 1 2 1 1 0 0 0 0 0 0 0 0
0 0 0 1 1 1 1 1 0 0 0 0 0 0
0 0 1 0 0 1 1 1 0 0 0 0 0 0
0 0 1 0 0 2 1 0 0 0 0 0 0 0
1 0 1 1 0 1 0 0 0 0 0 0 0 0
1 1 0 1 0 1 0 0 0 1 1 1 0 0
1 0 0 0 0 1 0 0 0 1 1 1 0 0
1 0 0 0 0 0 0 0 0 1 1 0 0 0
0 0 0 0 0 0 0 0 0 1 1 0 0 0
0.6419726788
-0.4363305384
-0.1764658339
-0.1406936247
1.7575145759
-0.9599878127
-1.5076676836
0.3404316341
0.2233926457
-0.6786330675
1.1694617411
0.9488937447
-0.0926127577
0.4147885442
-0.4690301974
-1.3595330900
1.3782520530
-0.7656410988
-0.1871276042
1.3648326234
-0.6884313944
0.3963824054
-0.3278260159
0.4240383978
-1.0205956607
-0.2905464840
-1.0073132629
-0.5531819457
0.9118724597
0.8978069642
0.1916983856
-1.2660410419
-0.0402769593
-0.4620334089
-0.4680160001
-0.7888426579
1.0548399609
0.4280645871
0.1114350223
2.3594715531
0.5729551535
0.5649181752
-0.7687284797
0.4936773813
-0.6367573389
-0.4814442346
-0.4175198618
-0.3074843681
-1.0670924094
0.1331774719
-0.4020743240
0.7419586612
-0.4134144463
1.0264625332
1.2663880426
0.3904047451
0.0884065670
2.1070826818
0.9604322513
0.1725210623
-0.4549487744
-0.1268254664
1.0741526730
0.7133109527
1.3395471161
-0.0699505578
-1.2431510593
0.4917375176
0.2103970091
-1.5493714230
2.4909974810
0.3872641147
-1.2382752894
-0.8672835235
-0.9741633922
0.4008968818
-0.4057433724
-0.8252935017
2.7193874034
-0.7472232302
0.3637609952
0.9059075257
-0.2717272735
0.9564426287
1.7484989422
-0.9531954757
-1.1943622020
-1.0749989310
-1.0852285038
-0.5083296396
-1.2623257963
0.6445076164
0.6586741473
0.9077106992
0.2545548902
0.8033239648
1.1280767256
0.5773404259
0.1383058408
-1.2000495229
1.1288829814
-0.6487081042
-0.2654190699
0.3081184279
-0.2622531925
-0.3961421560
-0.8034490275
0.9689782354
-1.6894815312
-0.1417938478
-0.5630520483
-0.1054222681
-0.3977328896
-0.1408507528
1.3183460483
0.0192241234
-0.4035506781
0.6856055317
-0.1889957023
0.0602469530
0.2249877634
0.5272131837
-0.6808670869
0.2140660044
0.4805478520
0.9709956968
-1.4832149769
-0.6026241608
-0.4348746496
1.5033772433
-0.8999797705
-1.0437769523
-0.1662618883
0.0267433132
1.1385968538
-1.2005270318
0.4620539935
-0.3788334291
-0.0803635681
1.1267897536
0.5359595061
2.2294621331
1.2971168361
0.3894182889
0.3011257832
-0.4043735849
0.4297118054
2.5935331511
-0.2503427184
0.8770062264
-0.1115042936
0.7334333026
-0.6731425165
-2.0020709594
-2.0799796863
-0.8036715012
0.3698296430
1.0819521893
1.0794001567
1.5704123366
-2.6377053754
-0.0714293803
-0.1454687770
0.7506607629
-0.8995803733
0.8849732646
-1.0637350846
0.0250315601
0.1206601979
-0.8451803906
-1.3754549295
0.5234712266
1.2092913480
-0.2714480137
-0.3234890998
0.1144254275
0.1806105909
0.2873273312
0.4913006525
-1.0701673270
0.5836429840
0.5689516908
-0.8420168454
-1.7722430781
-0.3889904649
-0.4673852006
-1.7978846908
-0.4665695844
0.1285164946
-0.6910403253
-0.1208949018
0.7818008620
1.2632283391
1.0764080281
0.1701802390
-0.9198008259
1.6514139928
0.5779714489
0.4035150422
-0.9654065889
-0.4321059039
-1.2451809403
-0.7864409608
-0.3002452405
0.6486429699
-0.5465466835
-0.4785184522
0.9420714578
-0.2990501641
0.4315416787
0.7053442512
-0.6143247507
-0.3037100517
0.4526582696
-0.7149539944
1.4855553455
0.8346779187
-0.6368984792
0.1831054988
2.7170602825
-1.5845817455
-0.1617162919
0.8096179730
-0.8337483808
-0.0744963040
-2.0389486507
-0.8123136105
-0.3138866544
-0.9397991784
-0.3961495800
-0.1254084860
0.5776078974
0.5763523349
0.3081712265
-0.4363685069
-0.5798931800
-0.7358034274
0.5703586582
-1.6085526013
-1.1788721113
-0.9609454777
0.0516907310
0.0049108443
-0.4011791704
-0.9544040442
-1.2925396992
3.1940394242
-0.3997477085
-1.3242909262
0.0213314967
1.3577744967
-1.1229524282
0.2276763979
1.4547221363
-0.2139627152
-0.9954248679
-1.2589981218
0.5208535804
-0.8384767291
0.6775520167
0.8559768005
0.1677319474
0.2905777670
-0.0385658209
0.5479039897
-1.0224802568
0.8978309656
-0.0140450982
-0.8694667715
0.6354744458
-1.1499459223
-0.4514091097
0.0468888972
0.5001483444
-0.8200692755
-0.3350223214
0.7708630345
-1.4932009771
1.4020968169
0.3649125942
-0.6689319342
-0.5785722700
-0.7917644879
-0.8044063879
0.3582299551
-0.9583763241
-1.2188956728
-0.3407584512
1.8927022291
-0.8086877755
-0.1937413293
-1.2238430367
-1.0297992152
-1.2514148762
1.1698558243
-0.4795424622
-0.6898220459
-0.2291611305
1.4435226471
0.7492177248
0.0797895275
-0.0085959251
0.1192537847
0.0350543267
1.1019784296
0.1784775487
-0.3263623780
-1.1007600054
-0.3215675106
-1.3643957481
-0.1075358350
-0.5099753677
-0.1308546785
0.7213292268
0.2738066912
-0.2667666918
1.5399711871
-0.6383850776
0.9611147836
1.4781115075
0.7918457640
-0.8020561166
-0.0065561602
0.6303991469
-2.6189791307
-0.9657549534
0.5295902487
0.3965343685
-1.3849505618
0.0107025679
0.6987961520
1.3757922455
-0.3489680284
-0.5310826214
-0.8215810860
1.0925853911
-0.7149828228
-0.5859583382
1.0776097559
-0.7562081459
-0.6424412310
0.1690767197
0.3397399786
-0.2694352260
-0.0914639950
1.7732122265
-0.2002168313
1.2307365354
0.7004009139
-0.4530615885
0.6334686754
-1.0770680422
-0.1839271687
1.3061880572
0.2097896060
-0.7628842315
-0.5039500971
1.6921472161
0.9914988951
0.7193866513
0.5837112893
-0.0209698942
0.6742105957
2.1391071129
-0.8053074645
-0.4175125043
-0.1486045487
1.8119885482
0.1582936465
-0.4539480614
0.4654204955
0.4304981258
-0.0183158786
0.2584935592
-1.2345836780
1.2644262818
0.1321618330
1.1204830715
-0.2967911224
-2.2094010664
-1.0812230622
-1.0926436152
-1.3987945809
1.4132219835
0.3874123044
2.1139298105
1.3448759478
0.3843491631
-0.0060908835
1.3368197013
-0.3111169484
0.3151698627
