13 5 0.15
10 0 1 1 0 1 1 2 1 2 2 3 1 3 2 3 3 3 4 4 2
9 0 3 1 2 1 3 2 0 2 1 2 2 2 3 3 3 4 3
9 0 0 1 0 1 2 2 0 2 1 2 2 2 3 3 1 4 1
9 0 1 0 2 0 3 1 0 1 1 1 3 2 0 2 3 2 4
9 0 2 0 3 0 4 1 0 1 1 1 2 1 3 2 0 2 3
5 0
7 6
6 5
6 1
8 0
0 0 0 0 0 0 0 0 0 0 0 0 0
0 0 0 0 0 0 0 0 0 0 0 0 0
0 0 0 0 0 0 0 0 0 0 0 0 0
0 0 0 0 0 0 0 0 0 0 0 0 0
0 0 0 0 0 0 0 0 0 0 0 0 0
0 1 0 0 0 0 0 0 0 0 0 0 0
1 1 1 1 1 1 0 0 0 0 0 0 0
0 2 2 0 1 1 0 1 0 1 0 0 0
0 2 2 2 3 2 1 1 2 1 0 0 0
1 1 2 1 0 0 2 1 1 1 0 0 0
1 0 0 1 0 0 1 0 0 1 0 0 0
0 0 0 0 0 0 0 0 0 1 0 0 0
0 0 0 0 0 0 0 0 0 0 0 0 0
-0.5563183611
-0.3042959715
0.5038624640
0.7409587840
0.1822640201
-0.3022012198
-1.8035634504
-0.1424012527
0.4503292717
0.5613834224
-1.3602369691
-0.6771622250
-0.0327397055
-0.1686158109
-0.5115504161
-0.5744082544
0.5237574642
-0.0733771290
-1.9555355617
-0.2607595890
0.8511622330
2.1342377767
1.1620898334
0.0836670258
-0.6561163023
-0.0095555997
-2.6579504056
1.6865365191
0.2411710600
-0.1347398404
-0.0095490844
0.0235145732
0.9912063119
0.2060845838
1.1367689695
-0.0251504307
0.2692207789
0.5177460180
-1.3707585832
-1.1759105889
-0.3946340501
0.6714231359
-0.3443804881
-0.5520550778
0.3092952306
-0.0064335620
-0.2790756846
-0.2890702584
-0.4706578891
-1.1523981450
-0.1442033867
-0.9382577904
0.8020319236
-1.1790500474
-0.3026503746
-0.9480293187
1.2209052201
-0.6176244922
0.7529915772
-0.4144840336
-1.0204232131
-1.7619469220
-0.3558642419
0.0888978362
-1.0938899584
0.0280475270
-3.0589680147
1.8637076165
-0.7106304365
-0.9235184440
0.1584429921
0.7481730687
-0.6101007332
-1.2982674669
0.7464685465
0.4503350699
1.1157727367
1.1159415296
-1.2249269723
0.4207286790
-0.2566929232
0.4408538181
0.4438949788
0.7044143739
0.6044905752
-1.1274472417
0.4020953959
0.2274007653
-0.4868821950
0.5324857549
-0.3633605560
0.6818295952
-1.1846916260
1.0924374099
2.4248724434
3.1393063581
0.8862550312
-0.6237280481
-0.7145934102
-0.5126381888
-0.0748358693
1.0080589941
-0.9287930055
-0.6849003825
0.3449565863
-1.3420028654
0.8718191621
-1.4268101648
0.5406421504
-2.0249623794
0.2790559343
0.0267183207
-0.3981087839
0.5549671584
-0.0467491233
1.1254235544
-0.1165337625
-1.9903887788
0.9418453025
-0.5510753651
0.2509963665
0.6682115854
-1.2321561901
-1.2634925469
0.2536076960
0.4687899810
0.9114664469
-0.6703036861
-0.2368524537
0.9551122903
1.7577272669
1.0467206340
1.1316772290
-1.5793909370
-1.5116792591
1.0581355621
-1.0853201123
-0.2505475211
0.6749033212
-1.4364065413
0.4808453927
-1.8370597470
0.6171507074
-2.1900378321
-1.0127782532
1.5349214219
-1.7806393526
-0.6106602337
2.1618537534
-1.0302193667
-1.2438364006
-1.4578149984
2.6436995623
-1.3658830715
1.4642701322
0.5105265452
0.4224374654
-0.7288939026
0.6826225304
-1.3687415412
-0.4519842327
-0.2334205062
-1.2595752253
0.2147091076
-0.6107396247
-0.6052452586
0.8991905004
-0.2770937564
-0.6598471063
0.8671732372
0.0691621493
0.3544541230
0.4061038261
-0.4096120230
0.5767370093
0.0873163785
1.3370182549
0.3122054161
-1.0239674630
-0.4457026872
-0.4310935556
-0.3649364817
-0.0729050675
-0.4051315798
1.3790696322
-0.2499311483
0.1347836470
2.3606307951
0.3816170622
-0.1063368838
1.7310336828
0.2856658085
-0.8688533295
-1.2637852196
-1.1611860900
-0.6180726242
-0.6476022819
0.7097704930
-0.5037147102
0.2056640961
0.4576209858
0.3237641101
0.4485403290
0.6914723903
-0.0145865450
-0.0442910143
-0.1752882369
1.9112409369
-2.0947163293
0.2807328674
-0.3566437472
1.2854490067
1.6492214718
0.3677340512
-1.8520717692
1.6421311200
-0.7137722444
1.1738481934
-1.3639310023
0.3427266725
-0.6882379677
-0.7050069750
-1.3927922297
-0.2759039357
-0.5840822002
0.9878275322
1.3289702098
-1.0894647553
1.3229807918
-0.6787544686
-0.3849449196
3.0216570402
-1.6661559628
-0.5668737617
0.5942749553
0.2314280633
1.0004894873
-0.6680983122
0.1515286099
-0.3516084811
-0.4227991522
-0.7414208457
0.0387879957
-0.3849172501
-1.1793083859
1.6030259949
-0.4198883455
0.7003986588
0.3267563911
-0.0986509071
-0.8825273150
-0.6191128950
0.0794411932
-0.3896384892
0.6908571325
0.1518243756
-0.0244297851
-2.6285824686
-0.7808573597
-0.7988713431
-0.3329632230
-0.5625639918
0.6015575717
1.6986274866
-1.4799452002
-0.7923063859
1.7494765686
-1.0601333215
0.4414013060
0.3493117727
0.2599005935
0.8130689389
-0.4654506566
-0.9443697423
-0.1782416821
0.1268559338
-1.1614980473
-0.7290328338
-0.0647009114
0.4158821614
2.2743673868
1.1724274016
0.7069660020
3.1473183152
0.4883230295
-0.2412983967
0.1787465939
0.3319521475
0.4791516837
-0.1025545068
1.2787215209
-0.3003447908
-0.1881794893
0.5096842134
0.5444395652
-0.0515710710
-0.4421907334
0.7608756613
-1.8258905886
-1.4390923148
0.6977715772
-0.6148880094
-0.8671811069
1.0567906549
-0.1966181749
0.5891467426
-0.5493548559
-1.1872018133
0.9288365998
0.5594453012
1.4025640434
0.8651359743
1.4858468008
-2.2865510235
1.0170395140
-1.1019981562
0.0986436451
0.7300518215
-0.4596545449
1.2561674707
-0.5686191756
-1.4453370356
-0.0615689219
-0.6344984096
-1.8714755110
-0.8785914002
-1.5373709902
0.9200882044
-0.1704053120
0.5264031260
-1.3562206188
-0.1215497702
-0.7248351575
1.3365808961
0.8587909272
0.1501442248
-0.1829016123
0.4412378070
