17 2 0.14
51 0 3 1 1 1 2 1 3 1 4 1 5 1 6 2 1 2 2 2 3 2 4 3 0 3 1 3 2 3 3 3 4 3 5 3 7 4 0 4 1 4 2 4 3 4 4 4 5 4 6 4 7 4 8 5 0 5 1 5 2 5 3 5 4 5 5 5 6 5 7 5 8 5 9 6 0 6 2 6 3 6 5 6 9 7 0 7 3 7 4 7 6 8 3 8 4 8 5 8 6 9 4
53 0 5 0 6 0 7 0 8 0 9 1 5 1 6 2 4 2 5 2 6 3 0 3 1 3 2 3 3 3 4 3 5 4 0 4 1 4 2 4 3 4 4 4 5 4 6 5 2 5 3 5 4 5 5 5 6 5 7 5 8 5 9 6 5 6 6 6 7 6 8 7 6 7 7 7 8 7 9 7 10 7 11 7 12 8 7 8 8 8 9 8 12 9 6 9 7 9 8 9 12 10 8 10 9 11 8
5 6
0 3
0 0 0 0 0 0 0 0 1 1 1 1 1 0 0 0 0
0 0 0 0 0 0 0 0 1 1 0 0 0 0 0 0 0
0 0 0 0 0 0 0 1 1 1 0 0 0 0 0 0 0
0 0 0 1 1 1 1 1 1 0 0 0 0 0 0 0 0
0 0 0 1 1 1 1 1 1 1 0 0 0 0 0 0 0
0 0 0 0 0 1 1 1 1 2 1 1 1 0 0 0 0
0 0 0 0 0 0 0 1 2 2 2 2 1 0 0 0 0
0 0 0 0 0 0 0 1 1 2 2 1 1 1 1 1 0
0 0 0 0 0 0 1 1 1 1 2 2 1 1 0 1 0
0 0 0 0 0 0 1 1 1 2 2 2 1 1 1 1 0
0 0 0 0 0 0 1 1 1 1 1 2 2 1 1 1 0
0 0 0 0 0 0 1 0 1 1 0 2 0 0 0 1 0
0 0 0 0 0 0 1 0 0 1 1 0 1 0 0 0 0
0 0 0 0 0 0 0 0 0 1 1 1 1 0 0 0 0
0 0 0 0 0 0 0 0 0 0 1 0 0 0 0 0 0
0 0 0 0 0 0 0 0 0 0 0 0 0 0 0 0 0
0 0 0 0 0 0 0 0 0 0 0 0 0 0 0 0 0
-0.2927549945
-0.9261872080
0.3718267927
-0.7385807037
1.2652124578
1.8715124779
1.2766266254
-1.6820034011
-0.2527914470
-1.1852568750
-0.4324159576
-0.4842759047
0.7082741604
-1.0967683588
-0.7815364694
-0.0327275564
-0.5521857120
0.8385500813
1.1214552780
0.5739631558
1.0726545435
-0.7061620117
-2.2083807149
0.0712122053
-1.1605142031
0.2140411648
0.4492326940
0.3008065622
-0.4193097146
1.3276296569
-0.7312780723
0.3369037664
-0.5687220617
-1.3320481814
0.4415181985
0.2571917456
0.2304075995
1.0655529954
1.4439828043
0.8620716183
0.3463076986
-0.9815731834
0.0613522256
-0.0627114040
-0.4366294950
1.0957506303
1.1368979587
-1.3027706970
-1.2943689203
-1.1366141281
-0.9136643540
0.1134247709
3.5714487575
1.1866505582
-0.0882532737
-0.8109531191
-0.6749762636
0.6784693191
-0.1874125535
0.0328476746
-1.5690579646
0.6220614007
-0.3840348952
1.0711091708
-1.4151347892
-0.0038907637
0.2911187850
-2.1651973553
-0.3358618428
-1.5202053201
-1.3208708306
0.5221248928
-0.7883594892
0.7188219253
-0.1241839975
-0.8192498526
-0.0556228093
-0.6848462500
-0.1522864065
-0.5888158652
0.9639638745
-1.3600023382
-0.0820306285
-0.0165313411
-0.0343548877
-2.0261509231
-1.0364507631
1.5625507330
-0.9964863862
-0.1978127746
2.4850889120
-0.8773095043
-0.1015835644
0.6088605129
-2.3659817102
-0.0955019737
-0.7271972249
-0.0636329793
0.4421834622
1.0442488418
-0.0331664520
-1.5829733850
-0.6219913132
-0.2698785011
-1.6477953608
-0.4665231077
-0.2268905647
0.1740481655
-1.3498171100
0.8955909019
1.2296089075
0.0995446350
-2.6871053135
1.0581901707
-0.6596089551
0.4359523679
0.7959947787
-0.2052115006
1.4154205970
0.1053406861
0.4060941830
0.9887121615
-1.4886167401
0.3392755403
-0.5467063408
0.9307788376
0.3680757030
0.0581139055
0.7185687681
-0.3193636402
-0.8004461439
0.8307869228
-1.2018474777
-0.1522528596
0.2981114986
-0.2250141232
-0.8501264172
0.2152831881
0.4544752886
1.0792471958
0.8540650231
1.0188647460
0.4021918674
-0.2827245414
1.2902632904
-0.4821524606
-0.2433110844
0.8801860879
-1.3053616304
0.6875048803
-0.6101592477
-1.6082804518
-2.5727883135
-1.3817683606
-0.7586768331
-0.5994355799
-0.8325008006
0.1805084451
3.6709458037
1.2267254695
1.2424072584
-1.6733956990
1.0997295068
-0.5135638002
1.2922534605
-0.6869767223
-0.1658409537
-0.4880987449
1.4725950558
-0.9574117027
0.3149624504
-1.1977420901
0.9346514656
-0.6116991235
1.4174767540
0.2790426195
0.4197449539
-2.0558137613
-1.4246139847
-0.4678744846
-0.7286410696
-0.0928579528
0.1676695612
-0.5956504104
0.4680281026
1.7551634747
-0.4041674144
0.5531505067
0.8481501928
-1.5617420601
0.0895333385
-1.0069395648
0.1268281598
-1.3777460587
0.6037566727
-1.4884592776
-0.2407521267
-0.3109023657
-1.8748900739
-0.7303239972
0.0598362779
-1.0788858452
-0.6700493118
-0.6675092128
-1.2377442490
-0.4136709415
1.0497511146
-0.1382329476
0.5956034406
0.5834779366
0.7706917529
0.6625690158
-1.1908889579
-0.8062583381
0.7493839255
-0.6439511171
1.1764549342
-1.0520875307
0.3189394492
-0.6407589754
-0.2589404113
-0.5641059939
-0.5762539657
-1.2368517478
-0.3773632561
-1.4312923001
-0.4665311583
-2.5220954048
-2.5002332622
-1.5487331039
-0.6549476447
0.4571004548
-1.2733214458
0.4547752500
-0.2637214007
0.8883423564
-2.6592018186
2.2768836243
-1.7576150853
-0.9865203926
-2.6012558973
-0.1802552987
1.1449589588
0.5297821541
1.0204891923
0.1174020911
0.1808160230
1.0610564225
-0.2357490462
-0.1105771881
0.2191104946
1.2483931135
0.4423720773
2.3741742247
-0.3371096829
0.1083051291
-0.1983251820
0.8416755171
0.5685354190
0.5658599322
0.6406328690
-1.0977751043
-0.5741838437
-0.5114885868
-0.3746903872
1.3833783828
-1.2113188554
0.4641980720
0.0095876093
-0.7013077656
2.1597056464
-0.0239340013
-0.2808994800
-1.0887384321
-0.5727200635
-2.2159957876
-1.1593362747
0.0883993929
0.5649085626
-0.2177594267
1.9688712750
-0.6460135378
-0.5982597416
-0.5492910608
-1.8071734286
0.6711740787
1.9911802888
-0.1375189420
1.4765665795
-0.1481905630
-0.2976881089
1.2926056096
-0.1517343446
0.4547761964
-0.8149635960
1.5284581495
-0.4947738640
0.9797625027
2.0793597556
0.9825183017
-0.2340486492
1.1071216975
0.5451217597
-0.9613166189
-0.1472250737
-0.6041963591
0.0880606857
-1.1525709066
1.8936789630
0.6654536092
1.8010524941
0.8120704188
-0.2037256287
-1.6627071147
-0.3846116647
0.5629642114
-0.6541033431
1.5691573702
0.2919539851
-0.0937652564
-1.1813373965
0.5651650312
-0.6826605513
0.1243524701
-1.0585174998
0.3219593926
0.5140097088
1.3226224416
0.2832597638
-0.8313316873
-0.1789409465
-0.7373735494
0.6354106633
0.3409108800
-0.8283247301
0.7946618794
-1.3279496464
0.4268290963
-0.9107557509
-2.0984085048
-0.9349092008
1.1413960000
1.0525686173
1.5217702868
2.8282737326
0.5541455714
1.7129116537
-0.4415778969
0.3102460031
0.2591899780
-1.6782605286
0.1229451280
-0.7083214575
2.1675922415
0.1409076137
1.8678705324
0.2263568513
1.1316090590
-0.5684425702
1.6471956973
-1.0187272064
-1.0361317064
-0.1366403081
0.9437475167
0.5987943876
0.2215736143
-1.5870244262
1.5126279024
-1.4282599723
1.0317696861
-0.0163216861
-0.3852039275
0.3952299676
-0.2089904587
0.4320113580
0.4646860763
-0.1754250231
0.5149705795
0.7880833309
-0.9735639982
0.0631826891
-0.2451061341
-0.5638234266
0.6456513760
0.6197241873
0.0905352686
0.3004590837
0.3646258294
0.5973883121
-0.8181251523
1.9286474420
0.5009668238
1.7312802329
0.4185738901
-0.9067155370
0.0222203333
-2.2389436452
-0.1796208041
0.0536333171
-0.9529797949
1.2200401708
-0.2936583171
0.5199800053
-0.0927138115
1.3933088193
1.9584023056
0.6717390935
0.9526876228
0.3673271027
1.1308551618
-0.4692848355
-0.4743629189
0.9357169820
0.1004813116
0.3183657560
1.9214797385
0.1600712827
1.6356267038
1.3818607392
0.2965942177
-0.3563900545
1.3170394073
0.2597176724
-0.1522825571
-0.0616741054
0.4337834607
0.9547204332
-1.2452306424
0.6627603137
-2.7316114078
0.1784027884
-0.9638941085
-1.0211106887
-0.9547788511
0.4482952718
0.1846811480
-0.3450784919
0.1780087573
1.7266701310
-0.5094049880
0.9785976885
-1.9048384073
0.8022509335
-0.6828959909
-1.4064939533
0.6022653611
-0.1321561113
-2.2625314857
-0.7822041522
2.0591815549
-0.0867508707
0.3764904362
2.1834045390
-0.6928574765
0.0824133374
-0.4744771337
-2.1431219557
1.3791809279
3.1067971258
0.2936666430
1.6297283983
0.9159072704
-0.7928212527
-0.3090456252
-0.0437954865
-0.7421678057
0.8105357148
2.2455580614
0.6275241565
1.2265612840
-2.2525435596
-0.7163772479
-0.0033637249
0.0290332371
-0.0997075256
1.1709798067
1.0467705047
1.1227796209
-0.1467865097
-1.6497989024
-2.4518563701
0.3862733103
-0.5682088253
0.9365299622
-0.6992480665
0.1650035137
0.6203787396
0.3342161444
-0.5157391476
0.5248001730
0.4010926365
-0.5782229081
0.6024516549
0.6767243561
0.3089042445
-0.4906665915
-0.7411619525
-0.7557034549
0.5475656199
-0.7379750482
-0.8927636426
-0.2393424997
-1.9687028472
0.2491826560
-0.8937650456
-0.9329200141
1.8050027748
-1.4967109928
0.3957000582
-1.0993951715
-0.9968724049
0.5507973746
-0.2875795755
0.8811392386
-0.6077356881
-0.7511324562
2.0590336950
-0.5744903418
0.9018346849
-1.4130369297
2.4457066046
-0.1767600150
-2.2563535329
2.3059169526
-0.9525253757
-0.1771203657
1.0198987326
0.9522000668
-1.2016075760
-0.1385966324
-0.6285950833
0.6077510661
-1.2936024698
-0.5242764376
-0.2173367765
0.6112045938
1.4212257939
-0.8013714019
0.6748142059
1.0530062562
-0.4093371264
2.6753832249
1.8070999277
1.7501409329
0.1634524095
-0.8042687200
0.3356938977
1.0781831608
-0.8885334142
0.8454697149
0.6070431918
-0.4260241481
-0.0711220899
0.4441645640
-1.6356545969
-0.0980214132
-0.7352531979
-0.4037913800
0.6440174649
-2.2043325067
1.5276492164
0.8594385063
0.5466295863
-1.2578827779
-0.0447495255
-1.2402960363
-0.0684806379
0.0606939201
-0.3347704401
-0.0011412050
-0.9181828844
0.4279419633
0.7019158352
0.0419299978
0.2396265130
1.6729094328
0.4846826068
0.0403473993
