11 6 0.17
5 0 1 1 0 1 1 1 2 2 1
5 0 1 1 0 1 1 2 1 3 1
6 0 1 1 1 2 0 2 1 3 1 4 1
5 0 1 1 0 1 1 2 1 2 2
4 0 0 1 0 1 1 1 2
6 0 0 1 0 2 0 3 0 3 1 4 1
2 4
6 3
2 2
6 6
2 6
0 1
0 1 0 0 0 0 0 0 0 0 0
0 1 0 0 0 0 0 0 0 0 0
0 1 0 1 0 1 1 0 0 0 0
0 1 1 1 1 1 2 1 1 0 0
0 0 2 1 0 1 0 0 0 0 0
0 0 0 1 0 0 0 0 0 0 0
0 0 0 1 1 0 0 1 0 0 0
0 0 0 1 1 0 1 1 0 0 0
0 0 0 0 1 0 0 1 1 0 0
0 0 0 0 1 0 0 0 0 0 0
0 0 0 0 0 0 0 0 0 0 0
0.1908771876
-0.2651246387
-0.1903426852
-0.4525149516
0.0558568866
-0.4971843503
-0.4696794591
0.7583240779
0.4660355376
0.4232467794
-2.1096069443
0.8562624501
-1.4928917277
1.4694388582
0.3780772682
-1.0392723584
1.7741201705
-0.9201879509
-1.4399174093
-1.9149742623
0.4941124301
1.5188903230
-0.6953177674
2.0651070652
-0.2035731981
-0.6298962888
1.4025249832
0.7172974587
0.8733703908
0.9307487808
-0.3610086610
1.5610853582
-0.7871948967
-1.0965775461
-0.4736881907
0.1192966127
1.0409960101
0.3376164709
0.2629701766
-0.0121223983
0.9446862621
-2.5281920564
-0.9143876520
0.0872301403
0.4573240198
0.1490179004
-0.5260749967
1.4569652692
-0.4514361458
-0.0632239759
0.6096752623
-1.1273673633
-0.0416369855
-0.2520508524
-2.0681098195
-0.6247984255
-0.3039752629
-0.6594325365
0.8684745406
-0.0324769374
-0.1759395740
-0.1374634292
0.0809889975
-0.5179543565
0.1403809160
0.3787956965
-1.1729284398
-1.3218712685
0.0289178739
0.9108390346
0.5782050614
1.2972219896
0.8715846848
1.1247075810
1.3226862166
-0.4186754592
-0.6086168032
1.2067132878
-0.1461215128
2.4628848243
0.7539477891
0.1999636736
1.8308314736
-0.9897635705
-0.4409740305
-0.1660310130
0.9134332659
0.4196792219
-0.1364827508
1.1225365842
-0.1695219646
-0.3836986281
0.8370897843
-1.0592964079
-2.3048409528
-0.1230687055
1.2474127114
1.0980019843
-0.0992012348
0.5301384779
-0.5240517412
-0.1672955763
-1.1974546974
0.2319843036
-2.0476738793
-1.6518846065
-0.0005175362
1.4846254871
1.1193367860
-0.1430840067
-0.5919138622
-1.5180885432
-0.5724381279
0.0874322815
-1.6861498739
1.3782901685
-0.8232846132
1.5202507913
-1.0211127244
0.0047031926
-0.4582890363
0.8964721140
-1.1356745088
1.0787947039
-0.9419822372
-0.2117250244
0.4215683660
1.3822150015
-0.8448157510
-1.4900708490
-0.9275430501
-0.5592767974
0.6912268995
-0.0945768918
-1.7005213310
-0.4764160322
1.8039706616
1.9485101909
-0.4896609476
-1.1599093395
0.5523301178
0.7025487565
-0.2793672557
1.3442392355
0.6182085094
1.4124437787
0.7776739780
1.0505319933
0.1931472048
-1.5649167315
0.0617870401
0.5306481442
0.1558724564
-1.0959859774
0.4130723602
0.1209214790
0.3628277160
0.1827924883
1.3513279974
-0.3424766140
-0.0129131944
-0.8154895785
-0.9795481780
1.5381389858
0.3247411154
-0.6542174828
0.2585589493
0.0340552065
0.5769996752
0.6437545957
-1.1068882789
0.1870732922
0.3574848994
1.1880022236
0.7037215419
-0.1371425227
-0.0876976326
-1.4195119159
-0.4906495512
-1.0541553074
-0.7693013697
-0.8361139712
2.2013515500
-0.2063237878
-0.1840869120
0.4948062254
2.1174310784
0.6056844218
0.0052787101
-1.2201825604
-0.9364015501
-0.9045406334
0.5554972531
0.7901254520
-0.8634148387
-0.3055633814
-0.9787875880
-0.2739501091
-0.9665415966
1.2019000366
0.5314471911
1.5299040188
-1.2108968675
0.6643431200
-0.4197979586
-0.2206360266
-3.4241009627
0.2895847131
1.3257988768
2.4220860572
1.5154710799
0.0857479102
1.2446568602
-0.3203706808
-1.5621878306
-1.2766301983
0.4737340619
-0.9302661057
0.6019263565
1.5222949023
0.5495275677
0.1250863904
0.2865171571
-0.1863695953
0.3347838598
-0.7099953121
-0.3342895403
-0.7519252623
-1.6328862778
-2.1184932674
-0.1196468917
-0.5986645551
-2.1376780604
-0.3015892659
-1.3338299656
0.2751711701
1.9003841148
1.2054408079
-0.7240815219
0.9314296649
0.2338104001
0.3822159390
