16 10 0.10
5 0 0 0 1 0 2 1 2 2 2
5 0 0 0 1 1 1 2 1 2 2
5 0 0 1 0 2 0 2 1 2 2
5 0 0 0 1 0 2 1 0 2 0
5 0 1 1 0 1 1 1 2 2 0
5 0 0 1 0 1 1 2 0 2 1
5 0 0 0 1 1 0 1 1 1 2
5 0 1 1 0 1 1 2 0 2 1
5 0 1 0 2 1 0 1 1 1 2
5 0 0 0 1 0 2 0 3 1 0
8 5
1 11
2 12
13 6
7 2
1 0
8 11
11 3
6 0
3 6
0 0 0 0 0 0 0 0 0 0 0 0 0 0 0 0
1 0 0 0 0 0 0 0 0 0 0 1 1 0 0 0
1 1 0 0 0 0 0 0 0 0 0 0 2 0 0 0
1 1 0 0 0 0 1 1 1 1 0 0 2 1 0 0
0 0 0 0 0 0 1 0 0 0 0 0 1 1 1 0
0 0 0 0 0 0 0 0 0 0 0 0 0 0 0 0
0 1 1 0 0 0 0 0 0 0 0 0 0 0 0 0
1 1 1 1 0 0 0 0 0 0 0 0 0 0 0 0
0 0 1 1 1 1 1 1 0 0 0 1 1 0 0 0
0 0 1 0 0 0 0 1 0 0 0 1 1 1 0 0
0 0 0 0 0 0 0 1 0 0 0 0 0 0 0 0
0 0 0 0 1 0 0 0 0 0 0 0 0 0 0 0
0 0 0 1 1 0 0 0 0 0 0 0 0 0 0 0
0 0 0 1 1 0 1 1 1 0 0 0 0 0 0 0
0 0 0 0 0 0 1 0 0 0 0 0 0 0 0 0
0 0 0 0 0 0 1 0 0 0 0 0 0 0 0 0
-0.7225001980
0.5503985143
-0.6191786921
-0.6272881659
1.5528837455
0.4101598314
0.5217830272
0.6264549834
1.4631766716
0.5645579835
0.8534626533
-0.1513411738
-0.7460803595
0.5988259996
0.6307533242
-0.3941980535
-0.6901403419
0.3106142702
1.9478431075
-1.3355640625
1.3529543121
-0.0858385382
-0.1218571056
1.4404050658
0.2904116679
-1.1048127568
-1.1345771070
0.1267172746
0.1732780190
-0.0849101816
0.9744758880
-0.0707068907
-1.1110311776
1.0218425158
-0.4471210559
-0.1390338879
1.2006252528
-1.1698392247
1.3475429283
-1.2820247065
0.0898347591
-1.2154561042
1.3484289016
-1.9440693960
0.5346930795
-0.5820884658
0.1270583819
-1.3991263968
0.8815427939
0.8287977908
-1.6678683655
-0.7446338875
1.0684999196
-0.5307192150
-1.8237414028
0.0716887550
0.4678157687
0.5899172490
0.1099832633
0.8497322321
0.6971753802
0.2633437627
-1.0100705180
-2.5244658978
1.0067023743
0.1847425641
-1.4078303501
0.0404709900
0.8659058734
1.0397788874
-1.3319846090
-0.4931889823
0.7239598836
0.0409403883
-0.1074546940
-1.6551607248
-0.3298041241
-0.7014015454
0.9614820004
2.1331391299
0.4971742800
1.3964821070
-0.5182479519
-0.6950216625
1.4161476827
0.2841624878
-0.2146660389
-0.5061262391
-1.9079789709
-0.9956786993
-0.4004173667
0.5392556626
-1.3690834776
0.6595041093
1.1388173740
-0.4340868260
-1.0711964874
0.2958203568
-0.1531182846
1.8144548361
0.2320937834
-0.1422929748
1.2354765993
-0.8740113986
0.1872617219
1.8013944508
0.7316750257
0.7293406104
-1.2171664742
-2.4295713398
-0.4764847991
-2.1651622187
-1.3241456691
-0.0874769335
0.6924296745
0.9691857901
-1.0400883014
-0.9074627548
-0.6949025090
1.9193881909
-1.6337996677
0.5687003779
-0.0030906635
0.9357969392
0.6904215928
-1.1152559150
0.5127879896
-0.1072240553
-0.0770872141
-0.0170569739
0.7724479264
-0.3986119822
-1.1316436825
0.3510533687
1.1358313487
-0.2041917422
0.1685725390
2.4483162112
-0.9493015583
-0.0969377953
0.5459074154
1.5506791883
0.6967461477
-0.0630659645
1.0008122347
0.7158716051
0.2218803786
1.9454266381
-2.2350114033
-0.1498560737
1.7918693742
1.5555337143
-1.6472107106
1.8727861955
0.7266991000
0.1425706808
0.4874428310
-0.1694652122
-0.4642187192
-0.8417651502
1.0081758027
0.5042434139
1.2024997914
-1.8280489568
1.2718562233
0.5392205440
-0.1603994696
0.5778656149
0.0704685453
-1.3523244503
-0.6565420989
-0.0461123440
-0.8864898024
1.6662447670
-0.1211410362
-0.8582176288
-1.3987212678
-0.3816912202
0.7565178126
3.0456067398
0.1787762772
-2.0847321744
0.1844074028
0.8874457759
-0.8669071168
-0.1911844645
-0.1912219649
-1.0419786010
-0.6642783701
0.0208051778
-1.2523995880
1.1178793625
-0.2273033237
1.3084418922
-1.2017380355
-1.6306088546
0.1495717999
-0.1491481248
0.0610156209
-0.5120626427
0.2325246410
-0.0928228392
1.2857984593
2.1641694956
0.8796499189
-0.6480929032
-0.1454476284
1.2071772660
-0.0853500296
-0.1617208327
-0.1040212361
0.9898813815
-1.6895762930
-1.0666032506
1.1574722886
2.1859826799
0.2674293678
1.1465810537
-0.3585725650
1.6330707802
0.8230338682
0.9275275979
0.2207681438
1.5750416856
0.3135230259
0.5098037837
-0.1861237621
0.1588312293
-1.5811317924
0.0820218802
-1.8848774774
-0.0584469015
-0.0534256977
-1.9056566376
0.3271071098
-0.5327617233
0.1524625486
1.1541128052
0.1989849897
1.1913628722
-1.0836004351
-0.3914654055
0.3162937386
0.6143284680
-1.2065116270
1.7787033970
-1.5925385814
-0.4563566088
2.3512564505
0.1190896107
-0.7055776907
0.5791102621
-0.8532672275
0.2396712176
1.2804185579
-0.1655021461
0.4442797705
-1.0914816347
-0.0961277244
-0.3112258154
-1.7957847955
-1.4457230857
-1.4376897320
-1.1047236339
0.5520378570
-0.3662010534
0.7247533128
-1.5108179507
-1.2969149046
0.6884430000
0.0867177622
1.3277399739
0.8261874602
-0.1156635571
-0.1077347358
0.0696541066
0.1723204282
0.2431361105
-2.2493829347
-1.2840781467
-1.0511533355
1.6043517227
0.3453442586
1.3722121370
-1.0701153286
1.1438349155
0.4716843650
0.8724113994
-0.2712131422
-1.8186663031
-3.0455564584
-0.7575918755
-0.5772281452
0.4415189607
0.3151919454
-1.0179467912
-0.8428701197
0.4666163995
0.8358287342
-0.1641874167
-1.7712996320
-1.0364025764
-0.8816536114
-0.6250062308
1.2220822929
0.4838891683
-0.4735840176
0.6157209711
0.3911749371
0.4281900243
0.9478674929
-0.0221579290
0.3544381650
0.1244887679
-0.2208551505
-0.7112814728
0.9674140578
1.9963083442
-0.9600235929
0.2759049419
-0.1750667046
-0.3987274913
0.2058083218
0.5079174941
-0.3922256201
0.3789598147
0.4852330624
-0.2623595707
1.3790866454
-1.1980424781
1.6492250626
0.3552453076
0.4709532807
0.0039013911
-1.0475340315
-0.6491212868
0.4995898019
-0.6453380026
-0.9397676583
-1.0103346226
-0.7732750554
-0.0181079759
-1.6473832860
-0.4666607991
0.7557894274
1.1517956508
-1.1882283754
0.9156655682
-2.2693520568
-1.0867805130
-0.1387263359
-0.2063927358
1.5686692606
-0.0790490278
0.3355683208
0.8369742279
0.2391669422
0.9422454015
-0.4322274475
0.1816914430
-0.2267381653
0.4211298922
-1.6417778239
-0.0122270350
-0.8548628769
0.6838928845
-0.3563830008
0.0264047489
0.1839018096
-1.1750833709
-0.7433369139
0.5094974016
1.0440147455
-1.6972731898
-0.5344618152
-0.3363988696
0.1420023913
-0.4305208350
-0.3371979357
-0.0714188314
0.3852663781
-1.2006768267
1.4349555202
0.2912902251
-0.1438724428
0.4268653260
0.3588902288
-2.0514423834
-0.6560937403
-1.0135518634
0.1757561156
0.1246677805
-1.4348768974
-0.5960391654
0.2556046806
0.0049424211
-1.0577534378
1.0692793103
0.1299165636
-0.3425142192
-1.8943851598
0.3326475495
0.3402270956
0.6369084784
0.2684419539
0.3487984568
0.0555944841
-0.1897955335
0.9832619977
-0.5518182192
-1.6141247294
0.4849166035
-0.5218779392
0.6206976139
0.5908477526
0.4825262634
2.0644910964
2.2879198446
0.3357645914
-1.6386193108
1.3642298376
0.0420824927
-0.1356269160
0.8253956822
0.4210311499
-0.3022125585
-0.7585197756
-1.2362451295
0.6260043954
-0.1885373983
1.1489756786
-0.4324596352
0.1572598777
-0.1469189358
0.3749643670
0.3087530321
0.0926220939
0.2486136788
0.7963923989
-0.5241087573
-0.1334402571
-0.3453363406
-1.6339948521
1.5661025808
0.5895199516
-0.8671068015
0.2981262820
-1.3397730876
1.6012206735
0.4266718903
0.8721273390
-1.0772855326
-0.2666117709
0.0600001155
-2.0371120382
0.4441959551
0.9779213662
-0.3510640545
0.1844182819
-0.4788564404
-0.5338633385
-0.4218363555
-0.2771630850
0.4574397301
0.4410959194
-0.4670852702
1.0907975259
1.6302945342
-0.2927701261
-0.4572925028
-0.3087467084
0.0669562156
-0.8743983467
1.0621355530
-0.3689928538
1.0006314789
0.5664803229
0.5495827859
0.2302211868
1.3960515534
-1.1602513720
0.8196678629
-1.0947534192
0.2817563185
-0.9641045514
0.6091484069
-0.5017600913
0.5289430676
-0.2870930057
0.0701463949
0.2765850884
1.2975073228
0.6197232163
-1.7872856197
0.4315635170
-0.0957519969
0.0220407409
2.5927366041
0.3433742745
-1.2001694170
-0.9806658225
-0.0631658910
1.2701526417
1.9334460184
0.5966973775
0.0913573434
-1.5875363194
0.5195280085
0.1762218239
-0.3737386036
-0.6371257339
0.7933710410
