19 14 0.20
12 0 1 0 2 1 0 1 1 1 2 1 3 2 2 2 3 2 4 2 5 3 2 3 5
12 0 0 0 1 0 2 1 2 1 3 1 4 1 5 2 1 2 2 2 4 3 1 3 2
13 0 1 0 2 0 3 1 2 1 3 1 4 2 1 2 2 2 3 2 4 3 1 4 0 4 1
12 0 1 0 2 0 3 0 4 1 1 1 2 1 3 1 4 1 5 2 0 2 1 2 3
12 0 2 1 1 1 2 1 3 2 0 2 1 3 0 3 1 3 2 3 3 4 0 4 2
12 0 2 0 3 1 0 1 1 1 2 1 3 1 4 2 1 2 3 2 4 3 3 3 4
11 0 1 1 0 1 1 1 2 2 1 2 2 3 0 3 1 3 2 4 1 5 1
12 0 0 0 2 1 0 1 1 1 2 1 3 1 4 1 5 2 1 2 2 2 3 2 4
11 0 0 1 0 1 1 1 2 2 0 2 1 2 2 2 3 3 0 3 3 4 3
11 0 1 1 0 1 1 1 2 1 3 1 4 2 3 2 4 2 5 2 6 3 3
12 0 1 0 2 1 2 1 4 2 0 2 1 2 2 2 3 2 4 3 4 3 5 4 4
11 0 0 0 1 1 1 1 2 1 3 2 1 2 2 2 3 3 1 3 2 4 1
11 0 1 0 2 1 1 1 2 2 0 2 1 2 2 2 3 3 3 4 3 4 4
11 0 0 0 1 1 0 1 1 1 2 1 3 2 0 2 1 2 3 3 1 3 3
14 3
9 1
10 2
1 10
7 0
8 10
13 14
0 6
1 14
8 5
4 11
7 8
11 0
1 6
0 0 0 0 0 0 1 0 1 0 0 0 0 0 0 0 0 0 0
0 0 0 0 0 0 2 2 1 1 1 2 1 1 2 0 0 0 0
0 0 0 0 0 0 1 2 2 2 1 1 1 1 2 2 1 0 0
0 0 0 0 0 0 1 1 0 1 1 1 0 1 1 1 1 1 0
0 0 0 0 0 0 0 1 0 1 0 0 1 1 1 0 0 1 0
0 0 0 0 0 0 0 0 0 0 0 0 0 1 0 1 0 1 0
0 0 0 0 0 0 0 0 0 0 0 1 1 1 1 1 0 0 0
0 0 1 0 0 0 0 0 1 1 0 0 0 0 0 1 1 0 0
0 1 1 1 0 0 1 0 0 1 1 1 1 1 0 1 0 0 0
1 2 1 1 0 1 1 1 1 2 2 2 1 1 1 0 0 0 0
1 1 1 3 2 2 1 0 1 2 2 2 0 1 1 0 0 0 0
1 1 3 1 1 2 1 0 1 1 0 0 0 1 1 0 0 0 0
0 1 2 2 1 1 1 0 0 0 0 0 0 0 0 0 0 0 0
1 1 1 2 0 0 0 0 0 0 0 0 0 0 0 1 0 0 0
0 0 1 2 1 1 0 0 0 0 0 0 0 0 1 1 1 0 0
0 0 0 2 2 1 1 0 0 0 0 0 0 0 0 1 1 0 0
0 0 0 0 0 1 1 1 1 0 0 0 0 0 1 1 1 0 0
0 0 0 0 0 1 0 0 1 0 0 0 0 0 0 1 0 0 0
0 0 0 0 0 0 0 0 0 0 0 0 0 0 0 1 0 0 0
-0.2839896019
-2.8759669760
1.3024217443
1.6528082797
1.9465175697
-0.1812897673
-0.8323790240
0.8368229612
0.1961450890
-0.0623077423
1.4633150546
0.2030762606
1.8459146223
-0.1930642480
-1.1344192567
0.6947325093
-0.0097645437
1.1151546650
-0.0850368088
-0.2662698749
0.2493434010
0.4852799422
0.6858412088
1.4977788840
0.0605479041
2.1985517499
-0.8765541360
0.1968100285
-3.0419533017
0.4908215046
-0.0925055714
-0.0022368367
-0.2429146120
-0.0604444645
0.0231015806
-0.2700094013
1.4351176203
0.8202688440
-0.6375038275
-0.4477975021
-1.3848888678
-1.3455301811
1.0225014666
-1.2372389617
0.9159897618
-1.3223929873
0.2268570347
-0.6385680480
-0.9751286215
0.5926691749
0.9645839457
1.5979617214
-0.3716642306
-0.7917894181
1.3960368752
-2.2198765804
-0.0463760511
1.2952013874
-0.7409842070
0.1684903916
0.5426667004
1.6863958309
-1.3992418982
-0.3700561361
0.5286361324
0.0555191387
0.7528166825
-1.9105558543
0.3093768825
-1.2251811640
-1.3330556190
-1.3394094683
0.2294735511
-1.2693412341
0.2114810364
-0.4043893370
-0.2260124784
-0.4705456676
1.2251430451
0.9203147689
0.8481783931
-2.1791334280
-0.5568310877
0.6770689941
-1.0895360027
-0.7782158538
0.5401714965
1.8246779403
-1.5990434394
-0.9365026664
-1.2045009503
0.5084794477
-1.4432583237
-0.7220725100
0.4797901527
-0.9059490006
0.0807337303
-1.0656473586
-0.8488019101
0.4874740933
0.7353724438
-2.0067040704
-2.0239504132
-1.3071883840
-1.7434543411
0.7887998028
1.4167233868
0.2372507239
-0.7211659747
-0.2614258207
1.2202401867
1.0222148628
-0.9043484992
-1.2665779246
-0.4593232088
0.9534521561
0.8021340747
0.2328179052
0.4214451710
-0.2996587720
-1.2901567314
-0.4566273987
-0.3151253280
1.0016430939
-1.1594444097
-0.1486259858
-0.6724429455
1.0228388703
1.9220655409
0.1347824709
2.0666575784
-1.4731192401
-0.5153856993
-0.9196631656
-1.9199948293
1.3003688298
-0.3183373340
-0.3105611800
-0.3570860719
0.2192646814
-0.2280851731
0.8118254977
1.0349212486
0.3663267574
0.5222947855
0.5807359398
0.4460291454
-1.2336675055
0.3673905876
-0.0380010852
-0.3278906597
0.6058507075
1.0368531937
-0.4309060368
-2.4632684273
-0.5162374860
-0.2152678633
-2.5556860590
0.0246074729
0.9312388169
-1.7143569213
0.7596168190
0.8309482846
-0.2096535091
-0.3614175154
0.6418610853
-0.0340633817
-2.4906294074
0.2555438233
1.6837352591
-0.9624018499
-1.2060714318
-0.2279174073
0.4434528235
-0.6067866059
0.2497739988
0.6566590134
0.3427154906
1.0681736744
-0.8517868307
-0.3554578277
-0.9582459957
-0.5141803183
-2.3452062745
-1.7227448144
0.2003331303
-0.1821631845
0.0797595553
-0.9275070336
1.0836979269
0.4479312512
-0.5241227962
0.0453948026
0.2505549358
0.0005639190
0.4979621629
-0.3962272541
0.5776751625
-0.1132109734
-0.6664720938
0.5141502299
-0.2221180986
-0.2051699348
0.2155782175
1.7655707108
-1.3256040817
1.7255650773
-0.5272453718
0.8223985266
1.8998600178
0.1468889030
0.9333883153
1.0579364269
-0.6038911800
1.4537868861
1.0832261502
-1.1638719037
-0.1787297693
-0.1801891639
0.9158714118
0.4117373738
0.6325551172
0.7820396214
-0.2020643379
-2.3563395437
-1.2774686299
1.0512003256
-1.9525395968
0.2751798394
0.6856459896
-0.4930105372
0.8321120907
-1.8006810018
-1.0237749928
-0.3989038436
1.0357114121
2.6536352191
-1.2837246967
0.7179483105
0.0558098788
1.4452748680
-1.6165603142
0.0488897410
0.5415289451
-0.5326992212
1.9934222210
1.1779453993
0.3343188174
-0.6524832831
-0.1307825618
-0.5961420749
-1.2232553642
0.3886171940
0.8049826076
-0.2468038072
0.1739778496
0.6470801627
0.0762260361
-1.6679283304
0.1054370876
-0.5559474897
-0.9554382588
0.4365890046
-0.6362198007
-1.7066860300
-0.4035495265
0.0738216110
-1.9608667134
0.4078570527
-1.6808585351
-1.1077931507
-1.5252227158
1.5169525583
-0.2400867365
-1.1033384212
1.4066575969
0.4874398227
0.7776936998
-0.6835253979
0.4231590907
-0.1187781626
0.2016434000
-0.0343486352
0.6009363671
-1.4763650263
0.3963862389
-0.3116929201
-0.7091719121
0.8170750689
0.8230931922
0.9186813724
0.6352234927
-0.2563795219
1.9692654687
0.5649973373
-0.3958822598
1.3765486005
-0.3313004670
1.2434450580
-0.7720423847
0.3129655710
-1.0640310115
-1.0856255524
0.0067051221
-0.5126732871
-0.6436361032
1.2598107055
0.7996477345
-0.3572168264
0.1138493057
1.5605144842
-0.9574210154
-0.7704944978
1.7050039867
-0.9133378152
-2.1361291187
0.6448830574
0.7146931486
2.0339879233
-1.3966492501
0.2475180149
-1.7267362302
0.3617519192
1.6128010117
-0.6551743717
1.0268648850
-1.1391923008
-0.4545547117
-0.1977547691
0.2069427647
-0.7577426610
0.1088443951
0.1689224677
-0.8617258614
-0.2001605632
2.3310397005
-2.0795870110
1.2247752105
0.7778214559
-1.5128512254
0.2459165574
-0.8914223216
0.1961905662
-0.9815529431
0.0712236297
-0.4083372232
-0.0684325340
-0.9314438649
-0.3597008536
-0.0973300573
-0.1382525992
1.8818259734
0.6684401839
-1.3461406833
0.0279247733
0.9172419732
-1.0879877087
1.3423826394
1.5352044859
-1.9104539783
-0.7980867487
0.0235403871
-1.3484904238
-1.7428806457
1.6868960523
-1.2793653214
-0.5239012209
0.2553748286
-1.6722428724
-0.5460515749
-0.6520616274
-0.6339533820
0.4072227025
1.1350748545
0.2978847316
0.1273206514
-0.6684867578
-2.8895332334
-0.2896954986
-2.4622370933
0.1896844262
-1.0443446736
-0.9287768066
-0.1700741897
1.3776063537
0.0186476982
0.4825998185
0.6725187227
0.3325562541
-0.3864346642
-1.9293002685
-0.1746551056
0.1924919757
-0.0204791192
0.5496140995
1.4628017252
-0.4585157679
-0.3271870616
0.2831371527
0.6567495319
-0.2810358082
-0.5350958810
0.8554988220
0.3766702976
-1.9038262382
-0.6324882118
0.7889107927
0.0839434227
-0.5520909464
0.7372556663
0.5105643449
0.2052176537
0.4363848766
-0.3918078118
0.1504182710
0.6980348939
1.5198475271
1.4860139078
-1.9474519660
-1.6692653752
0.2852356999
0.9316483715
-2.2399741758
-0.1186636689
-1.9383806229
-1.5295773765
0.6133202160
-1.2563251290
1.0359189276
0.7204280077
-1.4481540357
0.1247890294
-1.3366178756
-2.5129588160
1.9438294130
0.1546560195
-0.3204573756
0.3756369284
0.0993610605
1.2392791713
0.1340456134
-0.3630695916
-0.2705424099
1.1816305846
1.1486759259
1.5727115056
-1.0107574092
-1.1271794627
-0.3062115761
-0.8707570094
0.9993548208
2.2571759372
-0.3500334780
1.4316010759
-1.4521064143
-2.0158236301
-0.0260564206
-0.2336687340
-0.2213425852
-0.2531885743
-0.0052193017
-0.1184217548
-0.2138835772
-0.7501564208
-1.3846565182
0.4946326299
0.2229848915
-0.3613773904
1.4945467673
1.1484500918
-0.9016713490
0.2271870886
0.7745495998
3.8996728342
1.0927219139
0.6393438713
0.6498384547
2.1509409510
-0.7926197149
-1.6032044493
-0.0835082025
0.7397338827
0.3466712797
-0.8001633478
-1.7344749907
-0.7589033710
0.9723852808
1.5053027099
1.7227581921
-0.3979478528
0.9820124347
1.9257655568
1.8488234018
2.0022598929
-0.2876831962
0.2879948517
1.9807856164
-0.8116234366
0.0567744263
2.0034859746
-0.7640749707
-0.3114597715
0.8211587693
1.6604128656
-0.3862329560
1.4461784518
0.5860119810
-0.4373273397
1.9189619617
-0.1911733481
-0.3347708867
1.4640314899
-1.0749163097
0.9588701203
0.7639029616
-0.0503854307
-0.4016115792
2.0022275595
1.3327911866
-0.3764055942
0.3550353078
2.0811557653
-0.4776283657
0.4647602445
-1.1757554355
0.6433049527
0.2509320775
0.9017225947
0.8589223186
-0.5918203898
-0.1003057521
-0.6573917457
0.6497612310
0.7388253708
0.3005148929
-0.5097622417
-0.2173916243
-0.1999651786
0.1717417976
-0.0631138080
0.9249482074
0.5880851243
1.7386180665
-0.0324718577
0.5468255924
0.6614836825
-1.3569260041
-1.0334608273
-0.2962624915
0.1493959247
-0.7660587264
-3.1470594475
-0.7537713085
-0.9363571866
1.0428258968
-1.3136074535
1.3578952596
-0.7534603147
0.4090474169
0.9173519749
-0.3548096969
-0.5774887777
-0.5181285919
-0.7885340621
0.7106322751
-0.0598987393
-0.1750128572
0.6595441231
0.0675906302
-0.7011496108
-0.6507285378
-0.3117673588
-0.9600284481
0.8517366917
-0.2977879342
1.7759687054
0.1370859865
0.9271039216
0.8357113779
-0.4551871569
-1.7956393509
0.4767455878
1.3135951891
-0.0046125438
-0.6146377974
0.4810374872
1.8376173777
-0.7167269184
0.5455421656
-0.2207644294
-0.7250129412
1.2342538637
1.0173731505
1.0825895136
-0.4890249313
-0.9558858057
0.2894815441
0.8538549354
0.0310959442
-0.0091548468
1.9544558702
1.2346409933
1.5171973471
0.2540769539
-0.1090021228
-0.4198276128
0.8335970225
-0.8543887188
-0.0523425511
0.4746359139
0.6912864967
-1.1972358989
-0.6526717146
-0.1454459488
1.0529155417
-2.9118102363
1.5900698402
-0.1553466422
0.0089666546
-0.2699350692
0.0392218717
-1.3141507566
0.3111826750
0.0019160998
-0.8931081095
1.1778826760
0.0115906684
0.6124619424
1.8066405971
-0.8020206522
0.7730608308
-1.0503742714
-0.1840719226
-1.5666193270
-0.3590430916
0.1733194027
0.5788818330
2.1918654647
1.6747909858
-0.2519023463
-0.6872339989
-0.3194682413
1.7149534859
-0.4319060401
1.2174494207
-0.5141409585
0.5763023760
-0.2506284627
0.7325546867
0.9947915192
-1.4796613187
-0.7834343785
0.7316005270
2.1789483176
1.0680975537
-0.5773064913
-1.9558308017
-0.9036436065
-0.4808832485
-0.1722497316
0.6436389629
1.1819939437
1.1267119951
-0.5896943242
0.6561704269
-0.8078911763
-0.0049349469
-0.2389719624
-0.0250057794
-0.8731180077
-1.0230151907
0.0071642289
0.4085381119
-0.6805844405
0.1378010246
0.6296784318
0.9235438345
-1.3494626055
-0.8478496174
1.2287249138
-0.8563322326
1.7567586480
-1.4006792377
-2.8518579927
0.8608148911
0.2050866725
0.0203283641
-1.0388056500
-0.3127092842
-0.7235616977
-0.1714786423
0.6170480854
-0.5006710600
0.2495637734
-1.7783216190
0.7092587264
-0.4872228424
0.4726692898
-0.1103889772
0.1858076377
0.3554962501
0.9068084788
-0.1923283151
0.0315651812
-0.5020052437
0.0737632984
0.2472420891
-0.5460705966
-1.4660849831
-1.1373199285
-0.0743747759
-0.8637109038
0.1630122637
0.1742187156
0.6093910939
2.3174789707
-1.2393090426
-2.2464247876
0.6890813427
1.0974744533
-2.0974417618
1.8910208983
