10 5 0.18
6 0 0 0 1 1 0 1 1 2 0 2 1
6 0 3 1 0 1 1 1 2 1 3 2 0
6 0 1 0 2 0 3 1 0 1 1 1 2
6 0 0 0 1 1 0 2 0 2 1 3 0
6 0 0 1 0 1 1 1 2 2 1 3 1
0 7
0 0
7 6
4 3
6 2
0 0 0 1 0 0 0 1 1 0
1 1 1 1 0 0 0 1 1 0
1 0 0 0 0 0 0 1 1 0
0 0 0 0 0 0 0 0 0 0
0 0 0 1 1 0 0 0 0 0
0 0 0 1 0 0 0 0 0 0
0 0 1 1 1 0 0 0 0 0
0 0 1 2 1 0 0 1 1 1
0 0 0 1 0 0 1 1 1 0
0 0 0 1 0 0 0 0 0 0
1.5446630985
1.3947166583
0.9054415551
-0.3765534025
0.5400739551
-0.2853871070
-0.8562264359
-0.2890882747
-0.0174814204
-0.6394443108
0.7503705213
0.3608346102
0.8904723202
-0.2266635245
-0.5473936722
1.2607340668
0.5201478899
0.1540137490
0.7047820324
-0.4153358304
0.7713323484
-0.6023054194
-0.7368311338
0.1189864685
0.2489962327
-0.4071416205
-1.1350141291
-0.9067094085
0.7169419299
0.8031349024
0.1927041965
0.6316873367
-2.1222818024
-0.3674472820
-2.0302483065
0.4608723551
-0.0552467384
0.2957597397
2.1090089874
-0.4305112676
2.1618381697
1.3513023666
1.0615411040
0.1576136834
1.6691561969
0.7406667279
0.5318321899
0.3080904882
-0.4540289811
-1.2887554109
-0.5240656750
-1.6431316551
-0.4268065766
-1.3535819736
0.5070394367
1.6287748722
-0.1625506420
2.6131425116
-0.1234317075
-0.0235058908
-0.0509789062
1.0551105874
0.4261914399
-0.0963205339
0.1662327188
-0.9969070212
-2.2140256721
0.6969996909
-0.0274519013
0.6855269496
1.1730891997
0.2955069857
0.4152336583
-0.5691686614
0.3739662976
-0.3539141460
0.1467531804
0.5391242386
-0.2099795722
0.8050435333
1.7573188835
-0.0210436099
-0.0862337809
-1.2043487098
-0.7861773357
0.2210016357
-0.8301887961
0.0248827956
0.9141737490
1.5374051235
1.8255058064
0.4125671579
-0.0166396113
-0.6698517215
0.1000133084
-0.6685280877
-0.1516485295
1.6671060383
1.0696972207
-2.0042236419
-0.4990213610
0.9291931213
0.2953172557
-1.2564371963
-0.9337162015
1.1763009631
-0.0081851642
1.2423799546
-1.0566053302
-0.9716623588
-0.0418459211
-0.9398667959
-0.2270108233
0.8294786871
2.6900636070
1.1089650330
0.0734977612
1.0882746436
0.0997045154
0.9040421713
0.4475617846
1.8134443000
-2.0266846113
1.1498862520
-0.5560084535
0.7001643358
1.4144776821
-1.3051354640
-1.0582151539
-0.3043720936
-1.0101058921
-1.2924373536
0.3450641463
-0.0187820326
-0.8115034434
1.6348330814
0.9718301821
-0.3159192484
-0.3407253864
-2.0993663103
1.8837637200
0.4866561652
0.6881731886
0.8407540166
0.3284146587
1.7944958623
1.0115360025
0.9642611450
0.2857044238
1.0000939304
0.5520434759
0.7201390571
-0.3715675486
-0.3003201350
-0.0813249907
-1.1850053638
0.2737023871
0.1585666671
0.5995396044
-0.9178029235
0.9641475322
-1.5688967193
0.1324281432
-1.3820224430
-0.6449572978
0.7423083654
1.7855916045
-0.3716358859
1.5273317654
-0.8478667237
0.4854847816
0.1460745034
0.6136564028
0.1494358315
0.5798937426
-0.4376416953
0.1362965324
0.3523303541
0.3069806672
-1.3747723382
-1.2712851117
-1.0653420306
0.1252092111
-0.3769399276
-1.0685489838
-0.8412381762
0.9589266725
-1.0330331890
-0.6228665340
0.1975117006
-0.2898058285
1.6308611072
1.0929271297
-0.4020840442
0.5879941999
-0.5694608739
-0.0731206593
1.7925472503
1.4860076580
0.6514066988
