10 4 0.18
11 0 1 0 2 1 1 2 1 2 2 3 0 3 1 3 2 3 3 3 4 4 1
8 0 2 1 0 1 1 1 2 2 1 2 2 3 2 3 3
7 0 2 1 2 2 0 2 1 2 2 2 3 3 2
9 0 2 1 1 1 2 2 0 2 1 2 2 2 3 3 2 4 2
2 3
3 1
1 3
1 2
0 0 0 0 0 0 0 0 0 0
0 0 0 0 1 1 0 0 0 0
0 0 0 1 2 2 0 0 0 0
0 0 1 3 3 2 1 0 0 0
0 1 1 1 2 2 0 0 0 0
0 0 1 2 2 1 1 1 0 0
0 0 0 1 2 0 0 0 0 0
0 0 0 0 0 0 0 0 0 0
0 0 0 0 0 0 0 0 0 0
0 0 0 0 0 0 0 0 0 0
1.1440745990
-0.5520241843
0.2208885533
-0.7279272707
-0.2904510387
0.4744060360
-0.5136661236
-0.3416419406
-1.1438349305
-1.2642166411
-0.3116913661
0.3591232895
-0.8712923261
-0.5063941007
0.3826179001
-1.5877403254
0.3291465199
1.7823225338
-0.9013365077
1.0643731966
-1.0442227747
1.0561800464
0.2936807913
0.0373808526
0.4886223797
0.0592532788
-0.4897100251
0.4082898929
-0.8469031287
1.5164435091
0.1370529604
0.6172006176
-1.6774682330
0.6432500973
2.2505303912
-1.1452031976
0.4587119739
-0.4399565907
-0.2579200187
-1.6782062957
-0.5562552428
-0.8345010606
0.4366956734
-0.1304110133
0.4726555445
-0.4144580866
0.8531310299
-0.3252168517
-0.3410685332
-1.8018083107
0.4032816087
0.9837421216
-0.0168935485
-0.9383822316
-0.0646302529
0.9660476997
0.3012631414
-1.2605356100
0.4311530085
-0.2881891780
0.7236206545
1.0467778861
0.1151394036
-1.3542715477
-1.0210156829
1.0395973937
-0.7997818976
-0.2471228448
0.5654857577
0.2825892868
-0.1983664584
0.8343936680
-0.6484502508
0.7185192611
-0.1587554262
-0.3004053262
-1.7558855881
-0.9388681638
1.6294950066
-0.5213957240
-0.9456445408
-1.1692858266
0.2510495210
-0.8874774115
-1.4535428307
-0.9169538096
0.9736998572
-1.0862869578
-0.2040394047
1.3837329466
0.1937763795
1.0665794288
0.4267670760
-1.1862537724
-1.0917285239
0.0285267347
0.4500850970
1.6656895278
1.1136429165
0.2144671372
-1.7594797886
-0.1287617346
0.0946706706
0.5566259846
0.8146428020
0.0106774442
-1.5404610757
-1.5903672983
-0.9246597607
1.9446502601
-0.0469265961
-0.4372323495
-0.0900297198
0.0252871871
-0.5424598339
1.1799418474
0.0862795738
-0.5214156480
-1.0820674787
-1.3719327123
-0.1663464670
-1.1370650232
0.9669245338
-0.9458634265
-0.6297425000
-1.2256910744
1.4802072252
0.1347428528
0.9460813221
-0.1408213316
-0.3848765626
-0.1949985196
1.2124776491
0.7465121546
0.6930865951
-0.3049619166
-0.2044890242
-1.3212245561
0.2836452862
1.1222895789
0.8571385431
-0.6017984029
-0.3302012102
1.6037743689
-0.6709052297
-0.8362072399
-1.3008258103
0.3312571907
1.2540636804
1.3111451411
0.4795614514
0.0022093163
-1.2814363448
-1.0152868487
-0.0083228428
-0.3425242754
-0.4688293927
-0.4298709767
-0.8166854869
1.6917128432
0.2925125148
-0.4109594814
-0.3658460063
1.1201575822
0.7520673384
-0.4910707827
-1.8522466326
1.3285553059
1.2219637964
0.7642504994
1.4516383581
-0.0485853234
-0.6045877853
-0.9111951487
-0.7863781365
-1.8274538533
0.8588279334
1.5077602097
-2.4351440550
-2.2063078924
1.2115008801
-1.3430475707
-1.0766104038
0.0070552236
-0.9485103154
-0.2315597173
-1.3511343165
0.4892061794
1.6928103809
0.4923067531
-0.5201469242
-0.4578022477
-0.9024710237
-0.8070982544
-1.8624654941
0.5888026119
-0.6909816170
1.2007149847
0.7595498177
0.6145011890
