15 10 0.16
6 0 2 1 1 1 2 2 0 2 1 2 2
6 0 1 1 0 1 1 1 2 2 1 2 2
6 0 1 1 0 1 1 1 2 1 3 2 2
8 0 2 1 0 1 1 1 2 2 0 2 1 2 2 3 1
10 0 1 0 2 0 3 0 4 0 5 0 6 1 0 1 1 1 3 1 4
4 0 0 1 0 1 1 2 0
9 0 1 0 2 1 0 1 1 1 2 1 3 2 0 2 1 2 3
10 0 0 0 1 0 2 0 3 1 1 1 2 1 3 1 4 1 5 2 5
9 0 2 1 0 1 2 1 3 2 0 2 1 2 2 2 3 3 1
10 0 0 0 1 0 2 1 0 1 1 1 2 1 3 2 1 2 2 3 2
7 4
3 5
9 8
4 12
1 0
0 7
11 0
10 3
4 4
6 2
0 0 0 0 0 0 0 1 0 0 0 0 0 0 0
0 1 1 1 1 1 1 1 1 0 0 0 0 0 0
1 1 0 1 1 0 0 1 0 0 0 0 0 0 0
0 0 0 0 0 0 1 0 0 0 0 0 0 0 0
0 0 0 0 0 1 2 1 0 0 0 0 0 0 1
0 0 0 0 1 0 2 2 0 0 0 0 1 1 1
0 0 1 1 2 1 1 1 0 0 0 0 1 1 1
0 0 1 1 1 2 1 0 0 0 0 0 0 1 0
0 0 0 1 1 1 1 0 0 0 0 0 0 0 0
0 0 0 0 2 1 1 0 0 1 0 0 0 0 0
0 0 0 1 1 1 1 0 1 1 1 1 0 0 0
0 1 1 0 1 1 1 1 1 0 1 0 0 0 0
1 1 1 1 0 0 0 0 1 0 0 0 0 0 0
1 1 0 1 0 0 0 0 0 0 0 0 0 0 0
0 0 0 0 0 0 0 0 0 0 0 0 0 0 0
-0.2661248464
-0.0093750199
2.1101612945
-0.9062494039
0.7530230513
-0.5145066042
-0.2836106219
-0.5249735101
1.3391801101
-1.3917751885
-0.0491108660
-0.4387454229
-0.7216160938
-0.5474110613
-1.5725886539
0.9855714966
0.2750130929
-1.2108828540
-0.7925047912
-2.3211684208
1.5103630923
-0.8177883577
1.0084132321
-0.4139941200
-1.8888609004
1.4058601009
0.1824669535
1.4449963419
0.1996095892
-0.6172354176
0.4214105590
0.2646057143
0.1467708930
-2.6985567679
-1.0533723107
0.6339144773
-0.4863840157
0.4272884717
-2.0829631416
0.3770208349
0.2653768466
1.1138878350
0.6412572592
0.2097083999
1.8137367810
0.5987933496
-0.5170913789
0.5298295804
0.9331866808
-0.0203574568
0.1910536636
0.4718132726
0.6549875084
-2.2056429891
1.9696465211
-0.1760303440
-0.3247010368
0.8293392997
0.2142397893
0.3087763340
-0.7214744666
0.1957886290
1.0279317214
0.8368717623
0.5198993356
-0.4610530814
-1.2475497899
-1.2231953549
-0.8462586890
1.3233093911
-0.7978434015
-2.4984948456
0.6733712693
0.0976315844
-1.4992313367
-0.5776031902
-1.2461650511
0.7849877027
-0.8174939183
-0.0783937672
-1.5559942851
-1.1898777054
0.5000765981
-1.1086482494
1.2915852944
0.6552055491
-0.3501138922
1.1043381385
0.7902932514
0.0169515473
-1.5990765639
0.7360172912
-0.4332499067
0.3916029227
0.7758814477
-0.6619687290
1.0934308851
-1.7275396812
0.1113164985
0.6147046241
-0.4914560031
-0.1568367364
-0.9797549613
1.5618882402
-1.1106905384
0.2957763085
-0.2953457151
-0.6047933446
1.6959170968
-1.5372603004
-1.7143042152
-0.9216862238
0.8540443687
-0.7271378135
0.1749846294
0.3739683051
-2.2850411607
-1.0601445865
-0.8571435562
0.2718553493
-0.0326139615
-0.4510466271
1.9277274357
1.3875002251
0.2762986798
-0.3430147953
0.9869940606
0.4520518404
1.5835557779
0.1987308953
0.0646873477
1.4173737300
-0.8270296272
-0.0683400487
-1.5722465792
0.5707015237
-1.3877903172
0.9830846820
-2.6089213070
-0.8589665589
0.7582946730
-0.4616069252
-1.0941275969
-0.8015210998
1.0097440377
0.2399060497
0.5715683602
1.0345821186
0.7342824157
1.3114171740
0.1424856622
1.1943020552
1.7554468090
1.2298978713
-0.3753733882
0.6663681388
1.2977960536
0.1188674035
-0.0177422347
-0.1051463484
1.0486515189
1.2479211317
-2.0397678943
0.6241763658
0.1585419177
-0.0059990144
-0.8962187180
-1.8421293177
0.3556867719
-0.3021711251
0.2306175226
1.0880306988
0.4051530452
-1.6384354955
0.3863665332
-1.7551992694
-1.7092115406
1.3777493032
-0.9296034548
0.7331956800
1.3907631744
-0.3896532957
-1.3147172393
0.6775299937
-0.8345605437
-2.2530892175
-0.7283205243
0.3582048877
-0.1979769700
-0.2135886671
-0.3683966843
1.0895261512
-0.8071758993
0.7755707066
-0.5516673987
-1.9211767430
-1.5203004108
-1.8258605617
1.1203292478
0.3008836380
0.5212748024
1.0686767482
-0.3949277794
-0.6948007748
-0.8629367404
0.4658586631
-0.2744537289
0.2472175952
1.6347402593
1.6196076418
0.9070259945
0.7545795938
2.3381676835
-0.8560765849
-0.5532750448
-1.4721793238
-1.3816969093
-0.2867492039
-1.6285350741
-0.2757827263
1.3924581553
-1.4058143931
0.9933835503
2.7198631481
0.7994929179
1.4823150509
1.0336707696
-0.7886416585
0.0665258577
-2.5472270716
-1.5139177626
-0.5085138342
-0.4983151933
-0.1420609179
2.0024138308
1.0888290271
0.5045209362
1.1666594146
0.0237316416
-0.3653803324
1.0121145340
-0.6124363224
0.6807142426
-2.2735028909
1.0030047582
0.0129244462
0.6445471287
-1.1555349800
-1.7390493698
0.1446195503
0.5243226521
-0.3433188827
0.9892463264
2.0110793329
2.1537352434
-0.0318770522
-1.2962433395
-0.8443570080
-0.3069884377
-0.1169476863
-0.4765168403
0.5889453980
-0.9590399892
0.5779569064
0.2336549395
0.7592134245
-0.5744295128
-0.7682765510
-0.3217175531
-0.8594295175
0.2845268103
1.0871795328
1.3632478833
-0.2686949048
-0.9509036461
-0.2904966065
0.1257538005
1.5828809202
-0.4715613994
1.0359682347
-0.5173376218
-1.1903323385
-0.2189697581
0.6805393033
0.8942107417
1.7747406784
-1.2153430362
1.2507153407
-0.1574731193
-0.5186369589
1.9033862209
-0.3905620036
-0.1068557251
1.0582851449
0.2834751661
-1.5454600854
-0.7574906318
1.3966767119
0.1115382229
-0.3564383378
-2.3981714789
0.2010535795
1.4863546067
-0.4389547771
0.1480412226
0.7627443539
-1.6459397460
-1.7858274167
0.0712112209
0.8247704075
-1.9182806342
-0.8540646783
0.8328195079
1.4909375193
-0.6978508369
2.0525371124
-1.7162543670
0.7079465819
0.1624037661
0.2318175529
-0.5054801596
1.3176445034
0.1862812074
0.4801314487
1.6899783677
0.3435834656
0.8314509909
1.6502432527
0.4282236917
1.5798575245
-1.9795798204
-0.4751232640
0.9131839549
0.5926901941
-0.1410938397
0.2858190789
-2.3967892483
1.4938506575
0.7984268745
-0.3614832615
1.9187894506
-0.0664546384
0.0508718155
-1.2156156537
0.1801820199
0.2734071525
-0.9540522011
0.9388379321
0.1163008267
-0.9173314315
-1.9433682873
-1.5498233657
-0.2652784596
-0.1940014309
-0.1175915281
-0.9961877401
-0.9028024407
-1.3437422928
-0.8821559848
-1.0640369657
-0.8258774995
0.2314813784
0.9716874585
-0.8248146581
-0.2492562935
0.7567603075
0.6711972695
-1.4787402544
-1.5652728381
-0.0703488551
-0.4915749798
0.5956895935
1.1122739624
-0.5680119581
-1.0269536726
0.0438784067
0.1329175532
-1.0070832290
-1.3278940466
-0.2421191549
0.0236370693
1.5094318636
-1.0565506999
0.2749033480
-0.3843045447
0.2369058686
0.6041720460
1.2450821461
-0.9224737543
-0.1718561789
-1.3081640905
-1.4274903394
0.8406367125
0.4433121361
0.0475591186
1.3659287219
-0.3440871963
1.0695937541
1.1331763702
2.2140377693
-0.4055848253
-0.1991632902
-0.1321492066
-0.6494537174
-0.9884395180
-0.7257006484
0.2422362866
-0.4575741168
-1.3831080972
-0.2924735131
1.5297065147
0.1033898505
0.1212388219
0.0072015240
0.6769003367
1.5245650828
-1.2441352514
-1.0264026700
-0.6967661467
3.2348339696
0.4637315663
-0.0982009229
-0.1369454207
-0.8452833890
-0.3004921074
-0.0781108956
-1.1268916184
0.3388525366
1.5650960600
-0.2629643086
0.7641049767
0.4546013759
-0.9038436470
1.2176206368
1.4210429921
-1.3603516587
-1.1086061340
0.3557744549
1.0498521744
-1.6831220319
-0.3898557568
-0.0486056052
0.4762102737
1.8131326534
1.0392673474
-0.1538627002
0.1117087392
1.1345929615
-1.2136761878
0.2240579201
