15 6 0.05
12 0 2 0 3 0 4 0 5 1 0 1 1 1 2 1 3 2 1 2 3 3 3 4 3
12 0 1 1 0 1 1 1 2 2 0 2 1 2 2 3 0 3 1 3 2 3 3 4 1
11 0 1 0 3 0 4 1 1 1 2 1 3 1 4 1 5 2 0 2 1 3 1
14 0 0 0 1 0 2 0 3 1 1 1 2 1 3 1 4 2 1 2 2 2 3 3 2 3 3 3 4
16 0 0 0 1 0 2 1 0 1 1 1 2 1 3 2 2 3 1 3 2 3 3 3 4 4 2 4 3 4 4 4 5
17 0 0 0 1 0 2 1 2 1 3 1 4 2 2 2 3 2 4 2 5 3 3 3 4 3 5 4 2 4 3 4 5 4 6
2 9
7 5
4 1
11 5
4 0
2 4
0 0 0 0 0 0 0 0 0 0 0 0 0 0 0
0 0 0 0 0 0 0 0 0 0 0 0 0 0 0
0 0 0 0 1 1 1 0 0 0 0 1 1 1 1
0 0 0 0 0 0 1 1 1 1 1 1 1 0 0
1 1 2 0 1 1 1 1 1 1 1 0 1 0 0
1 1 2 2 1 1 1 1 1 1 0 0 1 0 0
0 1 2 0 0 0 1 1 0 1 1 0 1 0 0
0 1 2 1 1 0 1 0 0 0 0 0 0 0 0
0 0 1 1 1 2 1 1 0 0 0 0 0 0 0
0 0 0 0 0 1 1 1 0 0 0 0 0 0 0
0 0 0 0 0 1 1 1 1 0 0 0 0 0 0
0 0 0 0 0 1 2 1 1 0 0 0 0 0 0
0 0 0 0 0 0 1 1 1 1 0 0 0 0 0
0 0 0 0 0 0 1 1 1 0 0 0 0 0 0
0 0 0 0 0 0 0 1 1 1 0 0 0 0 0
1.3514312574
-1.4832429793
-0.3769491911
0.5391573531
0.5955083428
1.1031852808
-1.0387496258
-0.2051674798
-0.3300139444
-1.4441577449
0.1814515284
0.0888328716
0.0237693378
-0.7586355930
-0.3429608395
0.8888116744
-0.9298927086
-0.1708745827
-0.0475177224
0.1001192855
0.1425343549
-2.2064237161
-2.0360310922
0.7835467563
-1.4443120243
0.2371721928
-0.9368031337
-0.6198201851
0.3355600974
0.2284089919
1.8882905669
0.1312150306
1.3512257032
0.7631269981
-0.0937262104
0.0038390153
-0.1351930420
0.5918604133
0.3445377995
1.5375877138
1.0249534738
-0.1123131229
-0.0114858734
0.6990194505
-0.1079849405
-1.0111962110
-1.1544796986
0.9573573303
1.0347843619
1.9282611872
-1.0095841522
-1.1206496466
0.4764706145
-2.7900785183
0.3225104551
-0.0242597683
-0.0308686764
-0.6078429509
-0.5388464238
-0.9366660086
-1.0830124452
0.6388286919
0.4917250796
-1.3937807670
-1.5834172352
0.3241198203
-0.4627405391
-0.6823623159
0.3524359842
0.4355232291
-0.3197253774
0.2008395803
0.3790693293
-1.1982978122
-0.0543998339
1.4511789653
0.4164630599
2.2467717911
-0.7933213738
-1.1489862659
0.0926848181
-0.5028474774
-1.2316702799
0.5869515795
0.0838957717
2.6606801603
-0.6244397315
0.5308344749
-0.6141210456
1.9377904216
2.1080674248
-0.3792685274
-0.7077568446
0.7746908207
-0.4490360918
0.0406971275
0.8145742239
-0.5237660765
-0.4337820207
-0.2143476970
0.2415872027
-2.0937343879
-0.6053834641
-2.1124724839
-0.8269850428
-0.0219607687
-0.7359836893
-0.9915976483
-0.5385508606
1.3401786216
-1.2357376964
-2.3003460110
-2.5714208025
-0.2911816010
1.7816715356
-0.1427771639
1.3066788037
0.7406149600
0.7454418409
-1.3370366226
-0.3086539860
-0.6368488004
0.6717884049
0.5596841509
1.3047847040
0.4998888274
-1.1721443284
0.4291471845
-0.7621889723
0.0325275223
1.5765000277
1.3234788818
1.0403392963
-0.1540371365
-1.4871161119
1.8117104935
0.3165705696
-0.3286828183
-2.4984461444
0.2448846229
1.0598133575
0.0606309253
-2.0081368557
0.7185078860
-0.0491830794
0.0646808443
0.5080163557
-1.5757376080
0.4270642007
0.8213011945
0.3534321909
0.2288084981
1.2710642382
-0.0647284468
0.3782087822
1.8984627566
1.2905004371
-1.4800495659
1.5717881771
0.2388357999
1.2164988856
-1.2325165749
0.2400087380
0.1025079183
0.7095011550
0.8978694062
0.6261641361
0.2165908636
2.0934385027
-0.0607962138
-0.3163605545
-0.6151853414
-0.6847966950
1.0779651493
0.3206040176
0.1168947960
-1.4170559054
-1.3845241230
-0.9479229501
-0.6552283901
-0.5033957125
1.2951234360
0.0465353465
1.7987011678
-0.4830177543
0.6034429650
-0.1014135582
0.8330669300
-1.1998900228
0.2566127127
-0.9256964613
2.5795119729
0.4072256719
0.5453083099
-0.0783879388
-0.5646900488
-0.6688988423
-0.3659116977
0.5858999755
1.1700649428
-1.4426770591
0.7566304673
0.9497084198
-0.0704621661
-0.1938839051
0.3971564809
1.4886717277
-1.6510828792
-0.3373370853
0.1295183230
0.9706929346
0.0766056234
1.0599860128
-0.2171340844
-0.9236559143
-0.7952652770
-0.0958154249
-0.2157173932
0.0837686045
-0.4391393118
1.2739499051
-1.4287447023
-0.6079934632
-2.5966376737
-0.3273289841
-0.5248786645
-1.2267595974
1.0236265934
0.2841183425
-0.3431663841
1.0953491207
-0.1888506982
-0.4782260601
-0.0750717077
0.8724943974
-0.8864194960
-0.3705335225
-0.7751136922
-0.2561715051
-1.3347706855
0.0297104884
2.1718305258
0.2469014640
-1.3909224371
-2.3933560702
-0.5263746973
-1.0472032937
-0.6924343252
1.3639061308
-1.6892751912
-0.0984774460
-1.0396384480
0.8548382041
-0.5495500047
1.4919605958
0.2597352099
0.3018899557
1.7629757042
0.3032588272
0.9565374165
1.4827821547
1.6024019351
1.3331916654
0.0952234246
0.7336611440
-0.9580593468
-0.9540386350
0.5350578910
-0.3983303916
0.0878082810
0.3084592872
0.7127656245
-0.3034798167
0.9057419199
0.6209927956
0.8951864759
0.4575436362
0.4526619539
0.5144045576
0.8383725016
0.7881297276
-1.1362462689
-0.1955038933
1.2341405781
-0.9644404656
0.8271649444
-1.0022382350
-0.0326441499
2.7778625638
-0.6405033656
1.0092770496
-1.2234294652
1.6534420837
-0.2112207970
1.1506949847
0.7528946305
0.3078064215
-0.1342920786
0.1172203623
-0.3265815792
0.3270015861
-0.1878860696
-0.8488761674
1.3019680859
0.1296416993
0.1934939392
0.2638828774
-1.4391187340
0.7148624284
-0.9399802850
0.7728111042
-1.9001757605
0.1098779713
-0.6035929755
0.3050983517
-0.5067328168
-0.0013521910
-0.6020009084
-1.0780386727
-1.9504962434
0.8074925372
0.2658750908
1.2343208728
0.4393836352
-1.5861171785
-0.1144428190
-0.1644550170
0.4846613775
-1.1734316310
0.9197752953
0.0821575297
0.4409367650
0.8950588564
0.9355486359
1.5093407624
0.9193991495
-0.2193456480
0.5634043265
1.1904765883
-0.2887243299
-0.5432878214
-0.0326497118
1.8467607111
-1.1601178975
-0.7057077489
1.3929101750
0.2194741456
1.5801186527
0.4004704567
0.3441204007
0.0140929722
-0.6149807563
-0.2322951697
0.4000807190
-1.0789389658
-0.2169928756
-0.1384486264
0.3083475543
-0.5213991075
-2.0244213854
2.0178283273
-0.4442314640
0.0278118780
-1.0206627326
-1.2867487718
1.0167938770
-1.7181511627
-1.5995759523
0.4998584719
-0.6159525895
-0.8259737029
-0.9956620516
0.6680645287
-0.5920371601
0.1595209076
-1.9877924786
0.8116043360
-0.2321820182
-0.8845327139
0.3121169161
0.8301457097
0.3401265644
0.5750571650
0.8692278739
-1.4526108142
0.5016199445
-0.0340307056
0.7605465431
-0.6273463588
-1.4807765747
-1.2362083526
-0.8278690497
0.2755248263
1.0647044846
-1.0688852059
0.6138297691
-0.1276018559
-0.0304967466
-1.3603333737
0.5786007273
-0.3049590223
0.1110491933
-0.6164486253
-2.1666627274
0.8759879904
0.7349152197
0.7917224624
1.6691275074
1.6098909646
-0.5734743004
0.8823217148
-2.2101163131
0.5017739469
2.1357007902
-0.2134970203
0.1425631366
-0.9457800064
-2.4078715948
-0.2478000790
1.2834698304
0.7806965117
-0.3495406933
-0.6312961738
0.1148563213
1.6611956879
-0.1843695172
0.7610067199
-1.1922945317
0.9827754307
-1.0288201258
1.4210876217
-0.6635878075
1.0635385200
-2.0633726397
0.0765018356
-0.6731330984
-1.8456901619
2.3183400084
0.2409109903
-0.4337503693
-0.1812078453
1.5841651161
0.1538348670
-1.1381679177
0.4181256234
-0.9005556612
0.7971470913
-0.2113722339
0.3667025595
0.6738098298
