13 3 0.18
36 0 2 1 2 1 3 1 4 1 6 2 0 2 1 2 2 2 3 2 4 2 5 2 6 2 7 3 1 3 2 3 4 3 5 3 6 3 7 4 2 4 3 4 5 4 6 4 7 5 2 5 5 5 6 5 7 5 8 5 9 5 10 5 11 6 9 6 10 7 9 7 10
17 0 1 0 2 1 0 1 1 1 2 1 3 2 0 2 1 2 2 3 1 3 2 3 3 3 4 4 2 4 3 5 3 5 4
24 0 0 0 3 0 4 1 0 1 1 1 2 1 3 2 1 2 2 2 3 2 4 3 1 3 2 3 3 3 4 3 5 3 6 4 0 4 1 4 3 4 4 5 1 5 3 6 3
4 1
1 4
5 6
0 0 0 0 0 0 0 0 0 0 0 0 0
0 0 0 0 0 1 1 0 0 0 0 0 0
0 0 0 0 1 1 1 1 0 0 0 0 0
0 0 0 0 1 1 1 0 0 0 0 0 0
0 0 0 1 0 1 1 1 1 0 0 0 0
0 0 0 1 1 1 2 2 0 1 1 0 0
0 1 1 1 1 1 2 3 3 1 0 0 0
0 0 1 1 0 1 1 2 2 1 1 0 0
0 0 0 1 1 0 1 2 2 1 1 1 1
0 0 0 1 0 0 2 2 1 2 2 1 1
0 0 0 0 0 0 0 1 0 1 1 1 0
0 0 0 0 0 0 0 0 0 1 1 1 0
0 0 0 0 0 0 0 0 0 0 0 0 0
-0.4143901086
-1.2629412897
1.4535768949
-0.4354280949
-0.5520406457
-0.3066188428
0.5959824353
0.9863274693
-0.5204429042
0.5026383951
0.6259846146
0.4512655445
-2.0782747187
-1.6774604643
-1.5091836611
-0.5430513155
0.2670280231
1.0266857010
1.4329669989
-0.4978134100
1.0765589510
-1.2070184629
0.6947157322
1.4071746459
0.3235814119
0.2315731847
-0.1267977217
0.2252135721
-0.6549739235
0.6718606959
-0.8213991926
0.3172528171
-1.0724406577
-1.7908357977
1.7356756190
-0.5873538808
0.4042167285
1.4911207521
1.5795229286
0.5086934434
0.2048711821
0.0036313159
1.0176126939
-1.4096188709
0.3179766977
-0.6246533816
-0.0973366071
1.1088801903
-0.3844152449
0.0356069611
-0.4313924823
1.3413406323
1.8955308440
-2.2817074365
0.1870034699
1.5913962772
1.8968087059
-0.1955962783
0.5285848029
0.8010431628
0.1483840150
2.6965124004
0.5989167967
-0.1803567277
-1.2050214013
-0.4528511658
1.4482660312
1.0752513866
0.4521329983
1.6228675763
-0.5285730592
-0.4914654365
-1.5932087828
0.3512199096
-0.5576982785
-1.0488113429
-0.8311707231
-0.3829613581
0.9156803273
0.0070024982
-1.9967026885
-0.0657444627
-0.4148428482
0.1038637639
2.0025505159
0.5718821088
-0.9604603214
1.3411974689
-1.2112465386
-1.5186990329
-1.1223043853
-0.0026168878
0.1179769233
0.8402245838
0.1786869260
-1.7404803208
-0.3360768947
-1.6100607048
-0.7511276467
-0.2448617818
0.5539225575
0.1104863160
1.3036052325
-2.6084300601
0.2430609545
-2.2406425075
0.3466499065
0.5074568201
1.1608618419
-0.6387260877
-0.5612079235
-0.8685904391
1.5554975090
0.4210122360
0.6013468244
-0.2351947290
-0.8469622744
-1.8603212571
-0.5746737237
-0.5113681641
-0.1167531422
-1.3426754011
0.0396650651
0.3506620135
0.7821092257
-0.7492067877
1.1330243039
-1.3883298360
-0.7741623725
-0.0623028140
1.1005600293
-0.6536798422
0.7195936742
0.1248157178
0.1576729951
1.0780946656
-0.8919405449
0.7736160095
0.3085849587
1.5141633454
-0.8771396741
-1.1070164787
-1.8330507790
-2.4968430247
-0.9694251220
1.1675758707
-1.5244759176
-1.5124135355
0.3960025547
0.4870300536
0.2180333326
-0.9496833745
0.5075023496
0.2861448639
0.0379803922
-1.1363363870
1.0842491394
-0.2794305018
0.8166567508
-0.2932553598
0.7091143621
-0.7352518118
-1.1918747710
0.8045322660
-1.2811741562
-0.8700012536
0.0898276295
-1.1158016296
2.5628363136
-0.2150225691
1.3663041988
-1.5672698802
1.7393136361
0.0913445403
0.1575966167
0.8865361354
-0.9951891704
-0.2815516024
0.7560502203
1.8465422979
-1.3437137052
-0.2368193356
0.6782812827
0.8269099874
0.4849918322
-0.2793645335
1.5879165433
-0.0360064624
0.4523547324
0.2853653036
-1.4797540340
2.1902989266
-0.2655285607
1.2434984453
0.2448201464
-2.5465336609
0.4516806604
-0.2624715681
0.1673397306
1.2165318320
-1.0575896631
0.0980263592
-1.2174421456
0.2015488480
0.1890331879
-0.6664435733
0.0118600332
0.9606186990
-1.1953787956
-0.5589319427
-0.0736557463
1.0920380350
-0.7830761265
-0.4822815716
0.3157045241
0.5357387946
-0.1936333345
-0.1183095155
-1.3117448854
-1.7747956727
1.7271883244
0.5661843814
1.2895863102
1.3259737327
-0.7540915873
-0.3438144339
0.7088266064
0.3903777768
-0.6995267761
-0.5561591171
-1.3886938984
-0.7669071324
0.2202250135
0.7454827906
0.1463992568
-0.3411855730
-0.4194441159
-1.8015186994
0.2435711149
-0.0392946489
0.8654039815
-1.5357419924
-0.7277308809
0.7900042490
-0.0145199530
-2.8334862993
2.1461621243
-0.3596637324
1.7383877240
-1.3931689288
0.5160171851
0.0779187178
-0.2218268760
0.0142385690
-0.6395074560
-0.1908902887
-1.9061215501
-0.3846512589
0.7691274935
1.9319174317
-0.7408365496
-0.2242969926
-0.7791159323
1.0748880524
-0.1248938944
-1.2781221463
-0.4815587637
-0.8128831986
0.3510444064
1.3879577838
0.7362882397
0.1030191775
0.2544918078
-0.6610365936
-1.9870078031
-0.2471139023
-1.7031162120
-0.5654745066
-0.5091897180
1.4009426689
-0.0269121659
-0.8490619478
0.5377791479
0.6438707285
-0.2787797700
-2.0437472751
-0.8125091359
-0.1141019823
0.5368938109
-1.0202732241
0.3595688370
0.5073770676
1.5723437123
0.3815788893
1.4483197601
2.3270113168
1.0106121851
-0.5297013562
-1.3612408616
1.9595587261
-1.3643908420
0.6914806888
0.6081299161
1.0447719574
-0.7528566801
0.2172241538
0.6824808834
-1.2019598634
0.9016953098
-0.1368724663
-1.4561447767
1.8727108730
-0.3323839844
-0.6367294350
1.1359628391
0.3151499076
1.2054598872
0.8701888028
0.0012040665
0.8034426257
-0.7606903184
2.2891192024
0.5216450724
-1.6575892155
0.0130872243
1.5969156307
1.7868047854
0.0142494773
1.4983256434
0.3007009753
1.1768317002
1.0152037645
0.6438534023
-1.3639270218
-1.4322468071
-1.1073720591
0.5624285756
-0.7376034617
