16 4 0.01
17 0 0 0 1 0 2 0 3 0 4 0 5 1 0 1 1 1 2 1 3 1 4 2 1 2 3 2 4 2 5 3 0 3 1
18 0 1 0 2 0 4 1 0 1 1 1 2 1 3 1 4 1 5 2 1 2 2 2 3 2 4 2 5 3 4 3 5 3 6 4 5
19 0 1 0 2 1 1 2 1 3 0 3 1 3 2 3 3 3 4 4 1 4 2 4 3 5 1 5 2 5 3 6 2 6 3 7 2 7 3
18 0 0 1 0 1 1 1 2 1 3 1 4 2 2 2 3 2 4 2 5 2 6 3 4 3 5 3 6 4 4 4 5 4 6 5 4
12 2
10 7
7 4
9 2
0 0 0 0 0 0 0 0 0 0 0 0 0 0 0 0
0 0 0 0 0 0 0 0 0 0 0 0 0 0 0 0
0 0 0 0 0 0 0 0 0 0 0 0 0 0 0 0
0 0 0 0 0 0 0 0 0 0 0 0 0 0 0 0
0 0 0 0 0 0 0 0 0 0 0 0 0 0 0 0
0 0 0 0 0 0 0 0 0 0 0 0 0 0 0 0
0 0 0 0 0 0 0 0 0 0 0 0 0 0 0 0
0 0 0 0 0 1 1 0 0 0 0 0 0 0 0 0
0 0 0 0 0 1 0 0 0 0 0 0 0 0 0 0
0 0 1 0 0 1 0 0 0 0 0 0 0 0 0 0
0 0 1 1 2 2 2 1 2 1 0 1 0 0 0 0
0 0 0 0 1 2 2 3 2 1 1 1 1 0 0 0
0 0 1 1 1 2 3 3 2 1 1 1 1 0 0 0
0 0 1 1 1 1 3 2 1 0 0 1 1 1 0 0
0 0 0 1 0 1 3 2 0 0 0 0 1 0 0 0
0 0 1 1 0 0 0 0 0 0 0 0 0 0 0 0
-0.5134910468
0.6603585682
0.7938235458
-0.2961065363
-1.1979305027
2.5999672359
-0.5877739655
1.4377766047
-1.4002388210
-0.9038194685
0.4847412918
1.9073075655
-0.6474329654
-0.3548960214
0.8613802976
-0.4801094577
-0.7027208490
-1.2742556996
1.2803769023
-0.7643523768
-2.3123490880
0.1492405533
0.9171289577
-1.1855285969
-1.6383768267
0.8634232159
1.4610418371
1.4535437515
0.4479991841
-0.1766541335
0.1903388127
0.3934261476
-1.6321564045
-1.0399209115
-0.2053746801
-0.4249292779
-0.9290487754
-0.9397943879
0.8875516811
-0.0361694345
-1.5237143783
1.4053019700
-0.1600474742
-0.5932974175
-1.6181751648
-1.0542569887
-2.1770508326
1.5472596627
0.3676509000
1.7523497397
-0.2053818812
1.0959898513
-0.1345726105
-0.6979277883
-1.8879300508
-2.2764041641
0.6927737904
0.1266871211
1.7567448497
-0.8230834491
-0.8492120448
1.6828862449
0.1083971072
0.2011999767
2.2066950055
-0.7090763183
-0.3228386907
0.6796857292
-0.0041567445
-0.1193616423
0.0718169860
-1.0144354342
0.4951923774
0.3850519456
1.4597154177
0.8694945077
0.6996223421
-0.4157156361
0.4851270097
0.1804922432
1.0765166541
-2.6753917194
-0.6520365240
0.9681531441
-0.9960163872
0.0830200593
-0.3768614931
-1.4736916112
-0.2879949287
0.3108020585
-0.1546898364
-0.6229717816
-0.3716908936
2.7945884414
-0.8958167385
-2.8318971683
0.7616882347
-1.3784580590
-0.5209366746
-1.5550209679
2.7023248407
0.0845049672
-0.5200681755
-2.1776092672
-1.2828917231
-0.5717009981
1.8630101560
-0.0861479785
1.4552909129
1.1734246307
1.4428037268
0.2750944299
0.1391163695
0.0342223696
1.6812675116
1.2255846402
-1.9262513572
1.3067494202
2.2394784796
0.9382151108
0.0049916784
0.2543198033
0.6456111581
-0.2567147255
0.8528746888
-1.7090421024
-0.1308958202
2.2967556867
-1.2001828570
-1.7232923796
0.6544817379
-0.3080462436
-2.0151346506
1.0234341671
0.9558253539
-0.1270043544
0.1006519383
0.0249155829
2.2697873954
0.6612835983
1.3688633735
0.8680204026
0.5056323055
-0.5899927709
-1.9177259583
1.6063133894
0.0273418796
0.6793281750
0.5582415862
0.8544623043
-0.5381708452
1.2861565530
0.5087456030
-0.5546458346
0.9634091835
0.5683513241
-1.1001240745
-0.3613004140
1.4346771247
0.3322273857
1.5111436380
0.8418017887
-0.3866033789
-0.2143337131
-1.2706265376
0.6624924416
2.3462507465
-0.6788826128
0.5010681167
-1.1886696727
2.9133657683
-0.0852418841
0.0679563609
0.2850843378
-0.1283365597
1.3729178902
-0.6498251279
0.4236290548
-0.1517604434
-0.7901564814
0.8543241505
-1.1324089472
1.2573034694
0.5172896943
-0.8908937236
1.6592927210
0.2433173675
1.1035900183
1.1143904203
0.6818982974
-0.2216485627
-0.7932850499
-2.2954009180
-0.5438847909
-0.3539205187
-0.8520887992
-0.4107755663
-0.8316719706
1.7908434482
-0.7797163524
0.1573839254
0.2755537345
0.3490588475
0.0003470337
-0.4786846810
-0.5429983768
-0.2773820094
0.0046390129
-1.5403403693
-0.6516964107
0.8850300260
2.2167550170
-0.3350775910
-0.2339399495
-0.9915821573
1.4944642454
0.8503120421
1.0802526580
0.1498855275
-1.7781442772
-2.0797548694
-1.0240648372
-0.2979095525
-2.1893907564
-0.8407690128
-0.8864257366
0.6330798864
-0.7567962967
-0.0800776167
0.0001354826
0.1244044715
-0.2222551581
-0.2735020309
-0.4895928922
-1.5674873246
-0.7173289866
0.7528153550
-0.4608610973
-1.0421599326
0.3395894644
-0.3576638090
-0.5565943132
1.2283553572
1.5118722360
0.8654886660
-0.4816341186
0.6887948590
1.0611424773
0.6165344231
0.8775073817
-0.7835567518
0.1193230716
-0.8689247792
0.0779951282
0.9762957500
-0.6194973447
-1.7032180497
-0.0334558786
0.4827019247
-0.9107607093
1.0528911099
-1.3440414026
-1.7610336311
0.9610987387
-0.1641898609
0.0856702157
-0.1959302744
-0.8179868375
0.8559776098
0.3351041418
-0.2542283271
1.1201803328
-0.3951724431
-2.0087959862
-1.3471946228
-0.1762948295
0.9517021606
-0.5248259469
-2.2387869407
-0.1200986351
-0.0056793333
-0.5663419400
-0.8914031952
-0.0452637456
0.5075232388
0.3564262900
-0.2225702753
-0.0568200367
-0.9165312342
-3.0874695560
-0.4016482669
-0.3679511278
-0.3374517915
-0.0123180854
-1.7930377689
-0.9118140870
-0.4079453947
0.9415643753
-0.9224349141
-0.4338880393
-1.1324017086
-1.9241608084
0.9822028234
1.1351231547
-0.1652404829
-1.5788574453
0.7374824215
-1.2373472300
0.7295347955
0.9573011354
0.3708023999
-0.1277683107
1.2585722725
-1.0032122967
-1.1605324518
-1.9445116795
0.0856626903
1.0134294637
-0.0053608054
-1.3140796030
1.3548921416
-0.0363507329
-1.7223612908
1.0066516907
-1.5583950459
-1.4588176603
-0.1699699154
-1.3927084221
1.6204956822
-0.7010937419
1.1225528705
-0.3234331040
1.7331329070
0.5433081891
-1.0384763171
-1.3890125272
1.3773674675
2.2405965607
0.0575250459
-0.4945404068
0.0257828575
0.1248259015
0.3142401970
-0.5164950536
1.6836954794
1.5677313937
-0.2896257766
2.6662979994
0.4289552637
1.2294708920
1.0381327554
-1.0116897788
-0.1719065198
-1.2680414871
0.2524133078
1.1388279020
-0.3196891862
-1.2799978748
0.3319509216
0.0231918058
-0.7425757612
-0.3064183477
-0.7195068160
0.1788307638
1.8166072226
-0.6512555311
-0.1655064640
-0.9654482712
-1.3901967460
0.8696529921
0.3185688874
0.0713572691
-0.6688211678
1.3699488026
-1.0332359025
-0.5747501275
-0.9951770694
-0.9793207780
0.8953838725
-0.3687340373
0.2483038107
0.2391338771
-1.0627335699
0.6681182247
0.0007172042
0.2485453425
0.8401513695
0.6885116118
-0.6027471058
-0.7167794895
0.6670808491
1.4324270313
-2.4020906650
0.6594990167
-0.3067414000
-0.9617202944
-1.8377287420
-0.2961323805
0.7659275572
0.1222944471
0.5568717057
-0.1124068546
-0.0183702034
-0.3025580184
1.0436896826
0.0802611186
-1.1091399424
-1.3993129829
-0.8062165752
-1.0901095074
0.4309135970
-0.5681258575
-0.3277980313
-0.0988034393
-0.0928486385
0.3676704314
1.5587992472
0.7274802521
0.3843921794
-0.9539885683
-0.2896475176
-0.0857867347
0.7423880372
1.6759066270
-0.5880891648
-0.3229873763
-0.7619703873
0.8380804550
1.6587352813
0.4054443218
-0.1096510575
-3.1295517333
0.3291801056
0.9178697506
1.3549767853
0.1514012822
0.4988227164
0.8635529166
0.7062807493
-0.9700038133
-0.2737506884
1.4911679266
-1.3898720427
0.7810769833
0.9474534903
-0.1092030369
-0.0879532470
-1.1156117734
-1.5392827467
1.9111549220
1.6630184978
-0.0441904452
1.7827711362
0.4363324097
-0.1163403361
-0.1824449328
-0.1294562532
1.0804780853
-0.6246782745
-1.2701578853
-2.3019241621
0.4965648313
-0.8864078907
1.9536740051
-1.8994555035
0.6301067934
-2.8853730577
-0.5014944613
0.6842721771
1.3044716566
-0.4145760422
-0.4730057208
-0.0112402858
1.1184119522
-0.2637414282
-1.9801309147
0.2440768042
0.3697404935
-0.5017021423
-0.2918747980
1.4944705959
-0.0264496925
0.9397349008
-0.7751695744
-0.5376540934
1.9141744044
-2.7969946950
-1.1613830343
-0.1015199729
-0.2128512271
0.6369989775
0.3788487594
0.9365548263
2.3737403116
0.9812896920
1.9723602537
-0.2245116093
-0.3327079234
-0.7178779771
0.4959854171
-2.3016423397
0.8125537542
-2.1139987885
-0.6880309874
0.9403209140
-1.6609205054
0.1543079378
-0.5733049876
0.2659648268
1.7629328486
-0.9618342027
-0.6481203261
