18 2 0.02
81 0 2 0 3 0 4 1 4 1 5 1 6 2 3 2 4 2 5 2 6 2 10 3 2 3 3 3 4 3 5 3 6 3 8 3 9 3 10 4 1 4 3 4 4 4 5 4 6 4 7 4 8 4 9 4 10 5 0 5 1 5 2 5 4 5 5 5 6 5 7 5 8 5 9 6 2 6 3 6 4 6 5 6 6 6 7 6 8 6 9 6 10 6 11 7 1 7 2 7 3 7 4 7 5 7 6 7 7 7 8 7 9 7 10 7 11 8 2 8 3 8 4 8 5 8 6 8 7 8 8 8 9 8 11 9 2 9 4 9 6 9 7 9 8 9 9 9 10 9 11 10 2 10 5 10 6 10 8 10 9 11 6
7 0 1 0 2 1 0 1 1 1 2 2 1 2 2
5 2
3 3
0 0 0 0 0 0 0 0 0 0 0 0 0 0 0 0 0 0
0 0 0 0 0 0 0 0 0 0 0 0 0 0 0 0 0 0
0 0 0 0 0 0 0 0 0 0 0 0 0 0 0 0 0 0
0 0 0 0 1 1 0 0 0 0 0 0 0 0 0 0 0 0
0 0 0 1 1 1 0 0 0 0 0 0 0 0 0 0 0 0
0 0 0 0 2 2 1 0 0 0 0 0 0 0 0 0 0 0
0 0 0 0 0 0 1 1 1 0 0 0 0 0 0 0 0 0
0 0 0 0 0 1 1 1 1 0 0 0 1 0 0 0 0 0
0 0 0 0 1 1 1 1 1 0 1 1 1 0 0 0 0 0
0 0 0 1 0 1 1 1 1 1 1 1 1 0 0 0 0 0
0 0 1 1 1 0 1 1 1 1 1 1 0 0 0 0 0 0
0 0 0 0 1 1 1 1 1 1 1 1 1 1 0 0 0 0
0 0 0 1 1 1 1 1 1 1 1 1 1 1 0 0 0 0
0 0 0 0 1 1 1 1 1 1 1 1 0 1 0 0 0 0
0 0 0 0 1 0 1 0 1 1 1 1 1 1 0 0 0 0
0 0 0 0 1 0 0 1 1 0 1 1 0 0 0 0 0 0
0 0 0 0 0 0 0 0 1 0 0 0 0 0 0 0 0 0
0 0 0 0 0 0 0 0 0 0 0 0 0 0 0 0 0 0
1.4495496048
0.5224559649
-0.3817129826
1.9066754031
0.0772224344
0.6627539844
0.8157459298
0.9890362185
0.2567226123
0.2428141206
-1.0779299797
-1.2480668620
-0.0356980311
0.6647540525
0.3471649141
1.0933689991
1.1118372334
1.3166240384
0.3223078877
-0.0910796087
1.9079321462
-0.2581825525
0.6014641704
-1.0473599501
0.6878756642
1.3313258977
-0.9252432484
0.4987543117
0.1575231487
-0.0538399538
-0.5187080693
-0.6860689802
-0.3304689197
0.5445335694
1.7716869246
-0.6527240547
-0.9359587375
-0.2583589763
0.2340788825
-0.3863056836
0.6424846726
0.3127089424
0.0711380952
-0.0662407856
-1.1391299778
-0.9568604775
-0.8963629697
-0.7696565899
0.7811397569
-2.2067715449
1.0263786754
0.2266662681
-0.2453494102
0.4764432045
1.9343722725
0.0442252360
-0.2756428415
0.6657325774
-0.6824096148
1.3696372609
-0.1629816742
-0.7146475925
-1.6810935981
-2.2199507247
0.0146467278
-0.2935744484
-1.6343317205
-0.1315783670
0.6460655727
1.2078924048
0.1856229953
0.5826945552
1.3212848116
-1.2719045804
-0.0581805437
1.2674031567
-0.1888846986
1.3690255704
0.1712552076
-0.9358351966
1.0704576066
2.1728645591
0.5952276318
-0.5395483877
-0.4878931769
-0.5058454378
0.2109043932
0.5271547638
-0.1823405781
-1.2001555442
1.4439513100
-1.4593642997
1.8099799364
-0.0169178675
0.7398359432
0.2251136117
-1.1857535863
0.0963470430
1.9528253391
-1.3298398381
1.6433431470
0.3162181710
0.0407508139
0.9089540839
-0.7133056879
-0.5141912202
0.3366106496
0.7290926430
-0.1747572545
1.9036589513
1.0553714234
0.8258348951
1.0418224493
1.3696662847
-0.5719460307
-0.3764065780
0.0056843936
0.6413328353
-2.6286343430
-1.8948287502
0.1299182990
-0.7457219165
-0.9700218914
-1.0724464749
-0.7375818794
-0.0445008662
-0.7980190547
-0.9649921442
0.0738839454
1.1863378167
0.3188380954
2.9461506036
0.6599679410
-0.9624894489
0.4923393930
0.3674965123
-0.3676447282
1.0284717153
0.9455429631
-0.6811738250
-0.9895613976
0.9391678636
-0.6288416094
-0.0449665585
-0.2977702145
-0.1268751098
0.1994048036
2.3960138117
-0.5113413777
-0.3295472721
0.9115863615
0.0012075852
0.2320238566
-0.2883179393
0.2057509640
0.9899957601
-0.0643361177
0.0957983941
-0.5937799836
-0.4408246001
-0.7153165088
1.2377392199
1.2333285996
-0.6655237113
-0.4399986431
0.4893800497
-0.8901411579
0.4107466449
-0.3843430227
-1.2684336183
-0.8122784572
-1.1348417371
0.2107464816
-0.2913797735
-1.0036418487
0.1739534366
-0.0991611409
-0.5517177986
1.0480071256
0.4397834783
0.2661802385
-1.8160720216
0.2905568802
-0.3906712374
0.6172093883
-0.7144132708
-0.5759295935
0.2461971974
0.7962194756
-1.8723999281
2.0212856290
0.4894414858
0.9567927332
-1.0437066024
0.1626385342
-0.3079496764
-1.8811823721
0.5589182723
1.5626550278
-0.2213939794
0.0431094148
-1.8305628913
0.1001090306
0.8236614051
-1.4092730171
2.2132196304
-0.4844116274
-0.4534956119
0.8153398682
0.9036589102
0.9911897664
-0.8072735472
-1.1374465858
-0.6340816537
0.0011238978
1.2385271634
0.5206239621
-1.4403898795
-0.1652296492
-0.4562990802
0.2370074885
0.5550572983
0.6725756011
0.5730336767
0.2298736535
-0.5110858884
-1.0715953662
1.9163377945
0.6888432445
0.0573671264
0.1894784664
-0.0828906057
0.0532898986
0.9928137148
-0.8902084538
-0.4310118809
-1.5027115683
0.7550398018
1.0366260858
-0.6569528173
0.7814344949
-2.0222016275
0.1804944465
0.7463510086
0.0161063285
0.1044194811
0.3439929239
-1.5428261003
-0.8459098760
2.0528349500
-0.4133187316
0.7129441227
1.5339685371
0.0313780126
-1.1227631354
-0.6613218098
0.0589487315
0.6254575040
0.8637514804
-0.4727438505
0.2871331003
-0.7426026933
2.1564232343
-1.7395595172
0.5773553516
1.1586107930
1.8165825021
0.3297911959
1.1839394501
-0.6723753637
0.8720980792
0.2732430770
-0.2072088950
-0.9053898240
1.8291059348
0.8989241852
0.7721391984
0.0575637322
-0.1353006611
0.1298825639
-0.8334145583
-1.2823381751
-0.1931042903
-0.2499555544
0.0700443450
-1.8584628866
-1.3312221377
0.7622558345
-1.0067263659
0.0792865442
0.1966776878
-0.9801363653
-0.2183769609
0.0667758933
-0.1276504865
0.0898332583
1.3232576219
-0.5176979837
-0.2264489360
-0.6358231966
-0.0534385291
-0.0886496731
-0.4026265371
-0.5224167232
-0.9265952430
0.6370716858
-0.6581214225
0.7750879899
-1.4866455176
1.0234543896
0.3559369308
0.4533609699
-0.5028277240
-0.0523091258
0.3609651667
-1.9876687882
-0.1399740136
0.0252144723
-0.0903401798
0.4428432450
0.2781173359
0.3647582797
0.9546612490
-0.0033992252
-1.8227847554
0.0901260597
0.5383341634
0.8918921178
0.0426349470
-1.6868406868
0.6280138275
0.4077378314
1.2010015709
-1.1138310500
0.4065627414
0.2058742067
-0.8230690565
-1.0548252883
-0.4994892907
-1.7233145270
0.8505026340
-1.5655066233
1.2924223613
0.5633280613
-0.7523345416
-0.2517259319
-0.2571567675
1.4927597664
-0.4288892083
-0.8539544192
-0.2768187670
0.4341140250
0.1193931454
0.7050696476
1.0744212296
-0.6131864276
-0.8879115102
-0.2144723162
0.4411705971
0.3861012564
-1.6895027152
0.2395228847
0.0349732387
1.3068191970
0.5536736826
-1.6613312677
-0.3808331790
0.9604868824
-0.3386880314
-0.5481296947
0.6877117885
1.1299810485
-0.9218360811
-0.3158532698
0.2483611284
0.1795624776
-1.3409741193
-1.1503652653
2.0353798234
1.1773308484
1.1923068802
0.2176269840
0.2860377088
-1.1487720754
1.1067940731
-0.4305839754
0.0864190312
0.5096929930
0.4369908267
1.0111417798
-0.8608212268
0.3739222766
-1.1762809000
1.2692841166
1.2117119729
1.9732819518
2.1508613702
-0.7613397111
0.4433807516
-0.6562519583
1.6341407881
2.2082320373
0.2295598021
0.8747146450
-0.4762267727
1.4536520117
0.4120921810
1.3743370034
-0.4303732454
1.4882061119
1.5830944422
-1.2368730085
0.8804723879
-1.5133252274
-0.0861676424
-1.0505306122
-0.6291931715
-0.9948054278
0.5982731798
1.2198368627
-1.6099620777
1.3070253620
-1.4245131318
0.7693403776
0.9043194995
0.6242190229
0.1028170654
-1.1935918369
0.1310708310
-2.0311345459
-0.3774287470
-0.7974609822
-0.8932060012
2.7059010187
-0.0555229455
-1.6034609668
-2.2910075757
-0.7862310642
0.7687917957
0.0371862104
0.5816193173
-1.4297021639
-1.1388118593
-0.0059319124
0.0468432407
0.4146127762
-0.6433955914
0.0647676027
0.9786378415
-1.4691497052
1.0832696874
2.4991641055
1.0537530705
0.8373160806
-0.4128498790
1.1402692152
-2.3112137443
1.5246767682
-1.6683953020
0.3437733825
0.5057632551
-0.1444635401
0.5513200568
1.9566035370
1.3798276584
1.7160481994
0.0292814176
0.4641232306
-0.4612411676
-0.1237812800
-0.0923343713
-2.0808270804
0.7314432666
0.4164110292
1.6893343992
1.3727681313
1.0965013558
-0.7937345216
-0.9378397217
-0.8318009247
1.0254038121
-2.0445280478
0.1649281712
0.3665038123
-0.6164815759
-0.4593406208
-0.0916074557
0.4899185762
-1.4348797729
-0.0883556893
-0.3858489792
-0.4467656726
2.2748488405
0.0058405699
0.7862673760
-0.4308319234
0.7371200837
0.6391204547
-0.7390303203
-0.0921472472
1.2988343398
1.8397728811
-0.6321201015
0.0523715191
0.9364174589
0.4305573491
-0.2190111252
-1.5304042388
-0.5845868356
1.3854781480
0.2629122240
1.1735867565
0.8412387917
-0.0325799596
-1.1309504804
0.6775862042
-0.1379546274
1.8743347332
2.2396257390
0.8083929172
1.6433124176
-1.1457597325
-0.3379919858
0.4925483849
-1.0643048261
0.6702050171
0.6990611674
-1.1106841968
0.3511190705
-0.8879400910
-0.5484867355
-0.5040254390
1.0297322719
0.1835119861
-0.0651999940
-1.5709244558
-0.4138815013
-0.2876478227
-0.6252443779
0.2631062470
-1.2922712773
-2.0809038776
-0.6714465382
-0.6478496407
-0.7023791514
0.1172087462
-0.7873971848
0.0933080239
1.3861054777
0.7031993769
0.0782681807
-2.5026362140
1.0791810416
0.5300035759
-0.5495682445
-0.8635222585
-0.2509455462
0.9512735975
0.3607017724
0.4730702021
0.0301500358
0.1821203715
1.2599564677
-0.0135741046
-1.2421430471
-1.4525955864
-0.3313350145
-1.9087674303
-1.3763989566
1.5010739158
0.5983315890
-1.0663787780
-0.6363006770
0.5918247126
-0.0891595492
0.0650070919
0.1014521405
0.5847034010
0.9805727350
0.5007071364
-1.8191227072
1.7494733560
-0.1945807201
-0.6348384800
-0.2778204591
0.2346042100
1.3371620372
1.4795982439
-0.8664982438
0.8102610553
0.8002499253
0.9150797825
0.3033397068
-0.0689851840
-0.1250157265
0.6348586735
1.8480051566
0.2973908387
0.0275480773
-1.3349911973
1.0574347000
0.2834099684
-1.5506297834
-1.1743118431
-1.3593677136
-2.0373817029
0.7953576838
0.0365461558
-1.1087018374
0.7399508658
1.1997418024
0.1124118330
0.9347855789
-1.3055361537
1.8553138763
-0.2638319339
-0.2008731444
-0.7468123596
0.3005047543
1.5732867327
0.3387929072
0.2048249131
-0.7064534942
-0.3328619662
0.8667027033
-0.9249267605
-0.4825697230
-0.0097866194
0.8762302649
1.3518460497
0.0417849851
0.1014715299
-0.9585854810
-0.9465347215
1.2904993344
0.8856914335
0.6773992781
0.3560779351
0.2938806632
-1.4353632642
-0.2476368006
-1.6350128042
-0.0177264045
0.6528428153
0.0316383914
-0.6078688797
-1.1843786311
-1.6857080828
