18 13 0.02
7 0 1 1 0 1 1 1 2 2 0 2 2 3 0
8 0 0 0 1 0 2 0 3 1 0 1 1 1 2 1 3
8 0 0 0 1 1 1 2 1 2 2 2 3 3 2 3 3
9 0 2 1 0 1 1 1 2 2 0 2 2 2 3 2 4 3 4
6 0 1 1 1 2 0 2 1 3 0 3 1
9 0 2 1 0 1 1 1 2 1 3 1 4 2 1 2 3 2 4
9 0 1 1 1 2 0 2 1 2 2 3 0 3 1 3 2 4 1
6 0 1 1 0 1 1 1 2 1 3 1 4
9 0 1 1 1 1 2 2 1 3 0 3 1 3 2 4 2 4 3
8 0 0 1 0 1 1 2 1 2 2 2 3 3 1 3 2
8 0 0 0 1 0 2 0 3 1 2 1 3 1 4 2 3
5 0 0 0 1 0 2 1 0 1 1
6 0 0 1 0 1 1 2 0 2 1 3 1
3 0
7 14
10 3
0 3
6 0
11 7
11 10
1 3
9 1
5 8
9 6
4 7
14 4
0 0 0 0 0 1 0 0 0 0 0 0 0 0 0 0 0 0
0 0 0 1 2 1 0 0 0 0 0 0 0 0 0 0 0 0
0 0 0 2 1 2 2 2 0 0 0 0 0 0 0 0 0 0
0 1 0 0 0 0 0 1 0 0 0 0 0 0 0 0 0 0
1 1 1 0 0 0 0 1 1 1 0 0 0 0 0 0 0 0
1 0 1 0 0 0 0 1 2 0 0 0 0 0 0 0 0 0
1 1 0 0 0 0 0 0 1 1 0 0 0 0 0 0 0 0
0 1 0 0 0 0 0 0 0 1 1 1 0 0 1 1 1 1
1 1 0 0 0 0 0 0 0 1 1 0 0 0 1 1 1 1
1 1 1 0 0 0 1 1 1 1 0 0 0 0 0 0 0 0
0 0 1 2 1 0 0 0 1 1 1 0 0 0 0 0 0 0
0 0 1 0 1 0 0 0 0 2 0 1 0 0 0 0 0 0
0 1 1 1 1 1 1 1 1 1 1 2 0 0 0 0 0 0
0 0 0 1 1 1 1 0 1 0 2 2 1 0 0 0 0 0
0 0 0 0 1 0 0 0 0 0 1 1 1 0 0 0 0 0
0 0 0 0 1 1 0 0 0 0 0 1 0 0 0 0 0 0
0 0 0 0 1 1 0 0 0 0 0 0 0 0 0 0 0 0
0 0 0 0 0 1 0 0 0 0 0 0 0 0 0 0 0 0
-0.1970260450
0.2567411910
-0.7006246330
-0.5852420026
1.0513773650
0.1155610574
0.5447588609
-0.1927709298
-1.3441171527
0.2173858269
1.0261972569
0.5197351219
0.1850361511
0.9202497632
-0.8612796994
-0.3091343750
-0.1184580650
-0.5186322567
-1.2282748924
0.3799514191
0.0739573516
0.0823040059
0.2076449692
1.6779414326
-0.6691888020
2.0202115813
0.0448975088
-0.6797012183
1.1748967938
-0.5385913382
-0.9658399748
0.5648957886
-0.2792526913
1.5843441532
-0.2106247496
0.5235658054
-1.5048056394
-0.1183217419
-0.5601005437
1.0459770347
-0.9517260895
-0.2997962654
-0.2584321113
0.2810596139
-0.8554285049
0.3403607001
0.1888244117
0.4443615624
-0.0981519268
-0.0645236041
-1.6569612415
0.4853036617
1.1120937578
-0.4356943136
0.0700068098
0.9193873471
-1.1392041454
-0.6681074992
-0.4279601400
-0.4280200852
-0.4009310171
-1.2721088887
-0.3952914384
0.8341887375
-0.4514432428
1.3484627445
0.3673942670
-1.4031959511
-0.3463515807
-0.2811472978
1.2541661029
-0.2245442694
0.3306682795
0.3008449654
-0.3474216151
0.8048489006
0.5333803336
-1.7414231814
-0.9155164498
0.5808109609
-0.0971830527
1.8344142813
-0.3321689412
0.2449997776
-0.1395602698
0.5909083870
-0.1709135077
0.3572762008
-0.0283963480
-0.7762411000
-1.8285062188
-0.1446208913
1.7224291544
-1.6817553294
0.0541674260
0.6648762328
0.4600541730
0.6616810515
1.7575074354
1.9537028072
-0.3774573547
-1.4854037985
0.1031560682
-1.0916012213
-0.7781081061
-0.8755704930
-1.6829887049
0.0857033171
-0.2484875311
-0.2405218737
0.4785246512
0.5083317303
2.9429750497
-0.7995627184
1.0908624518
-0.4760903883
0.9313865954
-0.0164082828
0.2522061285
-1.1856246860
0.1525254935
0.7983820287
-1.4652286548
-0.0886498461
0.1632593643
-0.5863247293
1.1359372116
-0.9668679813
0.6545419126
1.5344790736
-0.1674792266
0.0789929447
-0.1219360014
0.6344360170
-1.3868987012
-0.2713245951
2.2060435016
-1.2558753042
-1.6738427821
0.8650620239
2.6261691738
-1.1984756055
-0.4338453431
-0.0209934726
-0.4929954176
-1.6869778864
-0.4594484472
0.8190618384
0.0112633241
-0.7476115846
-0.0205654461
0.2594580060
-1.1341240610
0.1498187541
0.4278508034
-0.4231137015
-0.3247217448
1.2244798650
-0.7372276195
0.1965609382
1.2014273770
-1.7492414776
-0.3401082003
-1.4178115952
0.5788872079
0.6439800295
-0.0370906765
2.0068201362
-2.1567482304
0.9425854365
0.3851455869
-0.2272184104
0.1070834870
-2.2921748059
-0.8862197006
0.8206974439
1.1062590399
0.7077421132
1.1731752534
0.6063064515
-1.6156154443
-2.2352773856
-0.5834608328
-1.2404816373
-0.0401882562
-2.2230311646
1.1349930632
-0.7043801781
-2.1138922366
0.1874544269
-0.1976380794
-0.6296186843
-0.5215808725
0.0972332160
-0.0592056647
-1.7195352908
0.0367108466
0.4483429318
0.2275928760
1.6285704956
-0.3985287489
0.1253289130
-0.1949523004
-0.0561726373
-0.8144844171
-1.1623913915
-0.2231152589
-0.0315055903
-1.1409588534
-1.6494124978
0.0184958120
-1.1334320241
-0.2239528530
-0.2422646974
-0.7474149517
1.7026829593
0.1106590792
0.4346841098
0.5374764257
0.1527965967
0.4602507924
-0.7513057635
1.5702820767
0.5870548262
-0.5868391528
-0.0601322658
-0.4992129366
-0.1122684679
-0.4739615122
-2.0951946178
-1.5650160638
1.0313276408
-2.0526161539
1.2323440014
-1.4547767816
-2.0254229507
-0.6426955178
0.2593775526
-1.5796888340
1.1420026167
0.6956385615
-0.0002167806
-1.0977949505
-2.0724442117
-0.2676220594
-0.2321807765
-0.2402738319
-0.0345124479
1.4821869788
0.3732057999
1.6625054643
-1.1175844222
-0.1388376435
0.3358877931
-0.2041178665
1.1815869897
-0.2048833094
0.1539266620
0.8575103923
0.1052974215
0.7395437036
-0.7440209967
1.3025519889
0.6809153218
0.6793201150
0.9866839011
-0.1673414489
-1.0861546315
0.8629444117
-0.1272750384
-0.1843926184
-0.4861607378
-0.0612960751
0.0175915256
-0.9940981895
1.4574695030
0.7891961938
-0.3567299161
-1.4896338841
1.0289934217
0.2573696314
1.7533720521
-0.6068810370
0.1193191094
-2.8930088314
0.5258692623
0.0214884519
1.9597218315
0.6789351568
0.7447401774
0.5356281430
-0.8723014236
0.4990778160
-0.5712654459
-0.4421846662
0.0698593703
-1.4931958253
-0.8675614425
0.7836111664
-0.3273039633
0.7494087522
1.2700131417
0.4110716651
-0.0366848128
1.0698725187
0.1344884584
-0.1208447954
-0.4225043419
-2.4084696794
0.0363950925
-0.6142585723
-1.2400790001
-1.0399408303
-0.1047457269
0.3789161668
1.5568912462
1.2104113556
-0.5241639762
0.1203911932
0.5096441951
0.5111860907
-0.6437381685
0.6778489189
-0.8829077807
0.6207832926
0.6788929372
0.1783099915
-0.2847780679
-1.4323551973
0.8334125331
-2.3412298176
-1.2304257542
0.1027233399
1.4194027197
0.6370687149
0.9592612213
0.5631251197
0.5750767959
1.1286539498
-1.0539333685
0.4964190926
-1.0333218114
-0.3524568832
-0.9154309572
-0.0273946082
1.0076725751
-0.0342261994
0.0411436324
1.2332117807
0.8985211607
-0.8969414358
0.1346100400
0.0371985104
0.8223144837
0.0256244564
-0.0197996323
0.3724674682
1.2288394888
0.1489365386
0.3652781909
1.1400194324
-0.0007261872
2.1629925164
2.2487633216
2.1593315257
0.1810900276
0.5121812617
0.6813002168
0.5175943333
0.4992766527
0.6551857545
-0.0774214818
0.0957855046
0.9790237629
-0.0876270218
1.0422805954
-0.0495270940
0.4656906183
-1.2443131371
0.8593917856
-0.6726073924
1.5692836030
0.0627269728
-0.5533934369
1.5354706517
0.3092488998
-2.1228878497
-0.1921764676
0.6589185555
0.2421998741
0.5688186160
1.3963502481
-0.7112421966
-1.3710284844
-0.3786051032
1.4218122941
-0.6968424251
0.4680208769
1.1439359246
-0.7583328795
2.8044629556
1.3772726435
-0.3478999443
-0.8982946802
-1.9697186839
-0.3352161115
0.2640660665
-1.5606205665
1.0856837134
1.3477122140
-1.1376244344
0.5825380185
0.4523726527
-1.5825405630
0.3786434674
0.7919326272
0.5344082575
-0.2101412138
-0.2339869781
-0.1170558603
-0.8581834026
-2.1895441582
1.5001214683
-1.1524325524
0.4598947593
1.7563371660
0.1280953954
-0.0691182271
-1.0553993625
1.2796158112
-0.0303131240
1.7621257039
1.3357883703
-2.1802256511
-0.4874211147
-0.0945722457
-0.8545320476
-0.6258116260
0.0174341956
-3.2430781000
-1.7076914908
0.4123372576
-0.0069124338
1.2330829862
0.4462688500
0.1047863922
1.2606793017
1.3348069667
-1.2597795833
-0.2541946374
0.3963089056
1.5125702385
-0.8329502510
0.1468479719
0.9347679705
0.3476992247
0.7359673854
-0.3007869282
-1.2752889797
-0.5802850591
0.3016172003
-0.7560045483
-0.1412820462
-0.8947222069
0.3423262275
0.8020201880
-0.6934420932
0.8146867746
1.5501693802
0.1595486489
-0.2331367918
0.2009268851
0.2801336683
-0.3438142104
-1.3771254532
-2.7586698930
0.2872805048
0.0359634067
-1.4492725434
-0.0041008427
-0.1343634805
-1.4861142764
0.4563766100
-0.7661851650
0.9900276196
0.7796101959
0.5132986224
1.1624662522
0.7658815822
0.6566680523
-0.8004682690
-0.0418260394
-0.0859440823
1.2267990788
0.8317501541
-0.7977115471
0.2204891574
-0.0999238739
1.7658067692
0.4749338989
0.0978190661
-0.3702313842
0.7506896672
1.8593896581
-0.7566579714
0.8246388551
-0.2494718369
0.2311976661
1.2498468182
2.1580500764
-0.5324346983
-0.7136639267
-0.5728815279
0.1118646108
-1.7869934241
-0.2497182725
0.7084845860
0.2017382049
-0.8793387935
-0.9869096185
-2.5373239269
-0.2983894485
-1.0970512038
0.4098039603
1.5629593624
0.3523022661
0.8657061188
0.3438634647
0.3651040157
-0.7339017769
0.1289996478
0.8166335619
-1.5098154520
-1.7453240786
0.1996372914
0.3937025624
2.1138183441
-0.0111801339
0.1596749992
1.0969897283
-1.7691197848
2.3124350441
1.4563872200
-0.9666055856
-0.0439268065
0.9487919137
1.5531337105
-0.3599854998
-0.2592360565
-0.6892379463
0.1768853323
-2.4083757942
0.0077109291
-0.1768422637
1.8072386508
0.3008286975
2.1366088335
1.8161808455
0.3859161375
2.6276976410
-0.4215710593
-0.2877742543
0.0778102222
1.1455982794
0.6077607906
-0.4008053607
-0.5657575742
0.6627787385
0.4173216067
0.2553279100
-0.9651792175
0.0696097868
0.0125055932
-0.6128132766
-0.3596954766
-0.4836656066
0.9828414496
-0.7817997349
1.1794204793
0.4562708917
0.5438936507
0.8081679919
-1.0531429264
-0.0247065534
0.9653698531
0.0342250193
1.1537672120
-0.2603497555
-1.4208250697
-0.5716825561
-1.1650124958
-0.9004608097
-1.4434482869
0.2657882212
0.5358563286
0.7534391216
0.6965787121
-0.3032308273
-0.1012642469
-0.1909795452
-1.4257742387
-0.0138113103
0.8076889773
1.1443729601
1.8801415177
-0.0377301970
0.5183856427
-0.3944276426
1.3341650839
0.4862680361
0.6903546252
1.2943647545
-0.6502787854
-2.3400447245
-0.6887133989
0.2513886346
-0.3147756667
0.3311090747
0.6701030258
0.5456262566
0.9970057418
0.6787295457
-0.5865527680
-0.0343467309
0.6269992475
-1.3604023848
1.0273674671
-1.0131595037
-1.6344453462
0.8977814840
-0.8863217429
-0.7142070353
0.9589913015
-0.4253122800
-0.0410505272
0.4900801528
-0.4853837416
2.1701742405
1.6054099930
0.7929444272
-2.2834240105
0.0051714382
-1.0040436847
-0.8689935303
0.0399244778
-1.1129387476
-0.5341829758
-0.5445934450
