11 3 0.05
16 0 2 0 3 0 4 1 0 1 1 1 2 1 3 1 4 1 5 2 0 2 1 2 2 2 3 3 0 3 1 3 2
15 0 4 1 1 1 2 1 3 1 4 2 0 2 1 2 2 2 3 2 4 3 0 3 3 4 1 4 2 4 3
10 0 0 1 0 1 1 1 3 2 1 2 2 2 3 3 1 3 2 3 3
3 5
0 0
0 7
0 0 0 0 1 0 0 1 0 0 0
0 1 1 1 1 0 0 1 1 0 1
1 1 1 1 1 0 0 0 1 1 1
1 0 0 1 0 0 0 1 2 2 1
0 1 1 1 0 1 1 1 1 1 1
0 0 0 0 0 1 1 1 1 0 0
0 0 0 0 0 1 1 1 0 0 0
0 0 0 0 0 0 0 0 0 0 0
0 0 0 0 0 0 0 0 0 0 0
0 0 0 0 0 0 0 0 0 0 0
0 0 0 0 0 0 0 0 0 0 0
0.3140225907
1.7522560419
-0.1264987677
2.0181565598
1.4340476181
0.3055233012
-0.4614215067
0.3426365683
-1.4662433315
0.1951462889
2.2332867411
-1.9881946562
1.1352368461
-0.6690455678
0.6736931739
0.0665273056
0.3149327135
-0.3549506528
-0.0613239897
-0.4905383834
-1.3135099848
1.0720412421
1.2156782837
-0.1947883701
1.5933170884
-0.0115790914
0.0299240736
0.0200981893
0.5131306893
-1.1021062585
0.4932470904
0.2670788463
0.9375049822
1.7590703491
-0.4194739064
-2.4403248769
0.6628889767
1.2641576334
0.8064301253
1.0057848839
-0.3858304913
-0.0943175802
-0.7288575463
-0.1181720198
1.0674717170
-0.4020702605
0.4062528754
0.4480088184
-0.2642106783
-0.6059447552
-2.5429450253
1.5800497051
0.3474983995
0.5055152108
-0.3312801754
-0.2616751818
1.7025549752
0.0461865138
-0.2373379476
0.8443288212
0.5342219370
-0.4061421193
-0.5515809239
1.5647459176
1.1601616988
0.2954622343
0.5800186025
0.2846008345
1.6192593698
1.6040546986
1.2233439148
0.0269482990
-0.2456329311
0.0850308347
-2.2305542912
-0.0826184830
-0.9642777757
-2.3044466468
0.1041736066
-0.6989298129
1.1352662080
0.5818367886
0.8067679658
1.1886694871
0.7744886910
-0.1542245470
0.7125344585
0.9630200721
1.9807520252
0.2947090819
-0.1671636671
0.7771979370
-0.0551680318
0.5809309027
-0.5782325174
0.3489767135
-3.0633705875
1.1512996562
2.4005918826
-1.5338074109
0.8317560906
1.3424280301
-1.4771684588
0.9081776197
0.2400812299
-1.4487288042
0.4232306746
0.8058391817
0.4300659554
-0.2920852952
0.5577893149
-1.1991144326
-0.6068376263
0.8834308763
1.6715914949
-0.4490091142
-0.8247578609
0.3380727755
0.0941142510
2.0642069229
1.1325111227
-1.5192338488
0.6185487941
-0.9324658133
0.0857121415
-0.9077368416
1.2817444768
-0.3766031106
-0.9572631461
-1.8185964033
-0.2608385965
-1.0664970420
0.6319363480
0.2812789931
1.2236686759
-0.0247914865
-0.5487741701
-0.7216227387
0.3731440102
-1.2151830705
0.4104984614
-1.6037454381
0.2228297827
0.6014231846
-0.7422893848
-0.9593201141
1.4433720356
-0.7680529341
-0.7287352870
-0.7172400830
0.9717309214
-0.0870658008
2.2833968433
0.2049302331
-1.2904576524
-0.7723495348
0.2352202701
-1.2322406187
-2.7997139607
0.3994061758
-0.1062227758
-0.5244721826
-0.2695623008
-0.0909328285
-0.4979215157
0.2161861422
-1.6730250469
0.0223769713
-0.7359431396
-0.1910414794
1.1226446899
-1.7296765166
1.9161939214
0.6349445175
-0.6971474176
0.9191859694
1.1065994371
-0.4489852598
-0.0616581470
0.0362247402
1.1335488839
0.4638396516
0.4481461002
0.2868137631
-0.9442364677
0.0137489735
-0.0368134329
-0.5322033309
-1.0418721268
0.6793559383
1.6188424565
1.7125500448
1.5125426200
1.2387257840
-0.8414926693
0.2848427197
0.6333507710
0.0542501443
0.2109421922
0.8857110615
-1.1214173172
0.6958114564
-0.2257726428
0.1018177860
-0.1037158448
0.3165386293
-1.8676393215
2.3842165127
1.1572337453
0.4946985423
0.0728412657
0.7055783324
-1.2446020269
1.4401863630
0.3443777092
0.2179440517
1.3753387627
-0.7352779633
2.3519719309
-0.6337377755
1.0779571253
0.3936419464
-1.0186866858
-0.5535332271
-0.7815046159
1.4658529342
0.1804615147
2.2449598870
1.0235036202
-0.6463947673
-0.6692642115
-1.0910350662
0.5734567357
-1.4071441890
0.2554753803
-1.8144821792
-2.0158890658
-0.0344474430
1.3122999228
1.9026269247
0.3051893059
-1.4380804039
