14 6 0.17
18 0 3 1 2 1 3 2 1 2 2 3 1 3 2 3 3 4 1 4 2 5 0 5 1 5 2 5 3 5 4 6 0 6 2 6 3
22 0 1 1 0 1 1 1 2 1 4 1 5 2 2 2 3 2 4 2 5 3 1 3 2 3 3 3 4 4 1 4 2 4 3 4 4 5 2 6 1 6 2 6 3
18 0 2 0 4 1 0 1 1 1 2 1 3 1 4 1 5 1 6 2 2 2 4 2 6 3 2 3 3 3 4 3 5 3 6 4 4
14 0 2 1 2 1 3 2 0 2 1 2 2 3 0 3 2 3 3 3 4 4 2 4 3 4 4 5 3
10 0 1 1 1 2 0 2 1 3 1 3 2 3 3 3 4 4 1 4 3
15 0 0 0 1 0 3 0 5 0 6 1 1 1 2 1 3 1 4 1 5 2 3 2 4 3 3 3 4 4 3
7 5
2 1
9 7
0 7
2 7
0 4
0 0 0 0 1 1 0 1 0 2 1 0 0 0
0 0 0 0 0 1 1 1 1 2 1 0 0 0
0 0 1 0 0 0 0 2 3 1 0 0 0 0
0 1 1 1 0 1 1 2 2 1 1 1 0 0
0 0 0 1 1 1 1 2 1 1 1 1 0 0
0 0 1 1 1 1 0 0 1 1 2 1 0 0
0 0 1 1 1 1 0 0 1 0 1 0 0 0
0 0 0 1 0 0 0 0 1 0 0 0 0 0
0 0 1 1 1 0 0 1 1 0 0 0 0 0
0 0 0 0 0 0 1 1 0 1 0 1 0 0
0 0 0 0 0 0 1 2 2 1 1 1 1 1
0 0 0 0 0 0 1 1 0 1 0 1 0 1
0 0 0 0 0 1 1 1 1 2 1 1 1 1
0 0 0 0 0 1 0 1 1 0 0 1 0 0
-0.8543453935
-1.3482379710
-0.5746552581
-1.9948660459
-1.5913102701
-1.0758497825
0.1060876255
-1.6066864413
0.8616831255
-0.5622100086
0.9898764437
-0.0404633783
0.6764893369
0.9332126108
-1.7348202355
1.4903321074
-1.7241052614
0.2765249001
-1.0683258261
-1.7403819307
0.3336508278
0.7352652007
0.6451213524
1.8018293435
-1.0127342299
0.4331297878
-1.0371345840
-0.3442382714
0.2705338808
1.3404999517
-1.0399692124
0.2231428005
-0.1385540789
-0.6700724333
0.1408193783
0.2205529951
0.0135556865
-0.9338425532
-1.4039127748
0.0106295386
0.1561546012
-0.0380021922
-1.5538074404
0.9294867560
0.0060020742
3.0068786371
1.0971334677
-1.3372212333
-0.2859900211
0.0390191305
-0.8982776884
-1.6854771053
0.1632878714
0.2042094652
-0.3517497440
-1.0594110371
0.4505877742
2.1791245836
2.2167030180
-1.0512487943
0.1575923373
-1.2011111586
-0.4567669961
0.6117933764
-1.1077720293
-1.5345113360
0.0307762646
0.0615992032
1.4455159009
0.2696155889
1.0135570586
2.2974462374
-1.3381475849
-0.6978153979
0.4349184865
0.1054210250
-0.2336493219
-0.2359779932
0.2346613908
-1.0409924633
0.4213374296
0.3563067249
-0.3910294701
-2.1777529196
1.0085940490
0.5373193654
-0.7269762268
-0.5169918942
0.0161470635
0.2520849442
-0.9376699122
-0.0363757990
-0.6845421126
-0.0723840010
0.4501858834
-0.5880767774
1.9541105863
-1.3993804566
1.6621265237
-0.7179045228
-0.5350450248
-1.2032141835
-0.5488836000
1.4000408001
1.5593475441
-0.5926703525
0.4205565788
0.2068940113
-1.0444216752
-0.1622639549
-1.8631114237
-3.6781773753
1.0208450557
1.0534170584
1.0130135394
-0.1778861777
-1.3626370826
-0.0388656531
1.1000714058
-0.3362652874
0.4800966888
-1.5819131474
-0.6741351027
-1.3032173826
0.9794600923
0.4457728126
0.6096708922
0.0677570052
-1.0949151839
-1.1852111175
-0.5117739550
0.3905656130
0.4468727944
0.2073197006
0.9356279688
-0.1687288646
-0.7895887517
-0.4505798454
-0.3046240414
-0.6454389383
-0.0549589071
0.1273156750
-0.2387806579
-0.5042991255
1.7491824810
0.9459159872
-3.7575691897
-0.2512228787
-0.0483957490
-1.0265794042
1.1917606996
-0.7407533690
-0.7779715868
-0.7580765371
-0.2334425124
-0.1395939300
1.5160611669
-2.3562643690
0.3076979765
-0.9347985292
-1.3805725961
-1.7242119812
-0.8192713407
0.4543101163
-0.1717382951
-0.1600921350
0.0662089458
-0.4746610962
-1.5430119396
1.2858055020
-0.1779977091
-1.5444937156
-0.0706649901
-0.1259969360
1.8032613866
0.3044593138
-0.7758210157
-0.8573802178
0.4392713832
-0.4775723358
-0.3302997175
1.9095633766
0.0246822687
0.0128895297
2.4779956362
-0.8537177375
0.2140106128
0.2312517124
0.7575040593
-0.7827029943
0.2451518423
0.6639628183
-0.5112688579
-0.5360377046
-0.4290545436
-0.8369061643
-1.7672449631
-0.4667733191
1.3372359473
1.0551582034
0.0737541602
0.6016964119
0.4753703362
-0.6787257823
-1.1164268985
-1.7775500121
-0.1776313468
1.0155868632
0.2374590730
-0.3655319178
-0.5910382520
0.4641797723
0.8728840083
-2.2431437628
-0.4278720470
-0.2236490882
0.3468056101
-1.3743432235
1.1319152059
1.1272352964
-1.4311809596
1.5731229364
-2.3202979576
-0.6616201044
0.7020445901
0.4777676590
-2.5020465286
0.3429152222
-1.0837616942
-0.4405236395
0.2327768108
-0.6860658016
-0.8311947242
-1.3297848837
0.4227840579
0.1395295772
0.0446049084
-0.2792902643
0.8170104219
-0.2417752718
-0.0433484705
0.7773137523
-1.1368931185
-0.0720726127
-0.0645151684
-2.1511214199
-0.8215946121
1.3853000712
-0.5446536160
1.1236297865
0.7891565280
1.4026898316
-0.7227145196
0.1988568699
0.2352789278
1.1499918736
-0.1498538080
-1.7234305528
-0.5480984165
-0.5391719381
-0.0062591913
-0.5112220324
-0.9397949737
-1.5401172332
-0.4200783506
-0.5603164395
0.4740218773
1.4871164377
-0.9255456523
1.2631032325
1.3101527018
-0.6641526007
-0.8642914087
-1.0554987345
-1.6548695391
-0.3911207312
1.8690623838
0.8696244646
-1.2076644322
-1.0982367164
1.4399531627
1.1538607682
0.1035581341
-1.1816781053
-1.3278232278
-2.0535485540
-1.1151948619
-0.1323868552
-0.5152555116
-0.6237669627
1.4221409481
-0.3144829964
-0.5538099157
0.6295894033
-0.2127727861
-1.2407009654
-0.4138799101
1.4009990073
1.6562721912
-0.4577044201
0.9439786851
-0.7131267546
-0.6101227109
-0.9488990208
-0.9343824163
0.3716477651
-0.6261003603
0.3399926377
-0.5212531601
0.3876120993
-0.4479593012
1.3913952096
-2.8175946644
0.0124600689
-1.7457187558
0.1951457364
2.1381073267
-0.0690963009
0.2375615646
-0.9497782948
-1.3809941015
-0.2528177364
0.6471382273
-0.4340877468
-0.0041332267
-0.2474878693
0.6021775241
-0.1920906096
-0.0878453671
-1.6277976592
-0.1071956139
1.4392242907
0.6624710714
-0.0753013199
0.2573160372
-0.0924126347
0.9183167289
-1.3503783648
0.5042823997
-0.0549378239
-0.3265349790
-0.6107729169
0.1269342148
-2.0928320019
1.4644400839
2.1116836237
-0.0290712577
-0.6229399014
-0.4170072345
1.1313864549
0.4313583042
0.7627303864
-1.5887651331
-0.9011716400
0.8798997475
-0.1360189022
-0.0702091290
0.4753557733
-1.1139086512
-1.4047575599
0.0902702703
-0.6455251472
0.0937100500
0.3414328462
1.2444063920
-0.0761524917
0.3115700328
-0.5517133111
1.3868421912
-1.6756229907
1.2166853052
0.4856332240
1.3773632440
0.0698239833
-1.0702774685
2.0843713920
0.3460115983
-0.6136795518
-0.5077520701
0.0991729433
1.4831501310
0.9328486526
0.0628986275
1.0751458656
-1.4949061815
1.6721744716
0.8419232407
-0.4135922954
-0.8314454925
-0.9322680687
0.4675295898
0.8282724975
