10 4 0.09
14 0 0 1 0 2 0 2 1 3 0 4 0 4 1 4 3 4 4 5 0 5 1 5 2 5 3 6 3
8 0 4 1 0 1 1 1 2 1 3 1 4 2 4 2 5
6 0 0 0 1 0 2 1 0 1 1 1 2
14 0 1 0 2 0 4 1 0 1 2 1 3 1 4 2 0 2 1 2 2 2 3 3 0 3 2 4 2
1 4
5 1
7 4
1 2
0 0 0 0 0 0 0 0 0 0
0 0 0 1 2 0 1 0 0 0
0 0 1 0 2 1 1 0 0 0
0 0 1 1 2 2 0 0 0 0
0 0 1 0 2 0 0 0 0 0
0 0 0 0 2 2 0 1 1 0
0 1 1 1 2 2 1 1 0 0
0 0 0 0 1 2 2 1 0 0
0 0 0 0 1 1 1 0 0 0
0 0 0 0 0 0 0 0 0 0
-0.6736131892
0.9093345181
0.4280734585
0.8468823890
-1.3742236138
0.3778538363
0.3072263156
0.7025680257
-0.4969506248
-0.2426797705
-1.2781143089
-0.4173361723
0.6435824743
1.4019039574
-0.0188307840
1.7495492345
1.2734837655
-0.0379709179
-0.1453991808
-0.8458326180
-1.4519329840
-2.4556909178
0.9845172226
0.0614135829
-0.9784303422
-0.6604426237
-0.4029769194
-0.3913755254
0.0824738087
0.0398129767
-0.8065797783
-1.1116323763
-1.0077034859
0.1918053458
1.0343342900
-0.4600518368
-0.5037816843
1.0746062610
-1.0928968960
1.0463144082
-0.6331838834
-0.3381046682
0.2626582134
-0.2133433042
0.3353790914
-1.9462278797
-0.6387014094
1.8645578583
1.4216247464
0.1425861273
1.3637168497
1.9578459179
0.0740176372
-0.0539306380
-0.4974241798
0.8586626279
-1.6069685025
-0.3124242094
-2.2368126029
0.1089232426
-0.6569388169
-0.8275767522
1.0505230599
-1.9205212128
0.6556533033
-0.3421773364
-1.9328257223
1.7536258041
-2.0834442640
-2.3056418569
-0.4836803363
-0.7442076066
-1.3635728484
-0.9287177604
1.1793588083
-0.2244300288
0.6331769352
-1.1378396330
1.0563758160
-0.4112984369
0.6443111902
-0.5845049625
-0.7199181668
-2.4871299366
0.2878721972
1.2212694871
-0.6857746836
0.5723863712
-0.6395789818
0.4328354464
-1.2131181666
0.6354996159
-0.3708242738
0.4753444599
1.5591701906
0.6378836340
0.2867599305
-0.9413655620
0.0056397477
0.0696054101
-0.8355578500
1.3349502933
0.2682997016
-0.6076437254
2.0728666318
-0.2724693618
0.6953160783
0.5866771291
-1.2620262732
-0.9669249184
0.6732164374
0.9152860780
-0.5213022613
0.3322941445
0.0398973814
-1.0454937543
0.5558816409
-2.0981639912
2.4568188676
-0.2535030322
-0.6243687168
0.5570755164
-0.0538445670
-0.0254371184
0.8981284375
-0.6786462947
0.6058473641
-2.3262321321
0.6594758065
-1.4611650231
-0.5650167634
2.0775892835
1.9692627419
-1.5304234223
0.7495120363
-1.9208546081
0.1593510717
0.0447310697
-0.6948212480
-0.4824571304
0.4134667286
-0.5217790082
0.9341133199
1.2954920783
-1.1422151047
-0.7868804350
-0.3070074456
0.8861008386
-1.3066361744
-0.0701119989
-0.1241851259
0.8073961942
-0.2337740357
-2.7916819723
0.0094317883
0.0187150570
-0.9569627344
-0.0584663696
-0.2567455653
1.3341025716
-1.9811178474
0.4751901339
-0.1702226191
0.2645080285
1.9959591264
1.0613635007
-1.3313975661
1.1567832974
-0.8396867670
0.0967676779
1.0899820969
-0.4107242374
-0.3669278779
-0.5968174245
0.7336547311
-0.8484276918
-1.1852616117
0.0157418338
0.2390625336
0.0259840968
-0.6259134517
1.5569555648
-1.0550327823
-0.0514468394
0.1845955243
-0.1081418283
-1.1039420944
1.4728649261
0.9321835247
0.8067189918
0.1442043012
0.4295160913
0.9679626144
-0.4582193223
1.1005583979
0.3152297031
1.0525095672
1.0878456317
1.3904250306
-1.1525101689
