15 2 0.02
21 0 4 1 3 1 4 2 0 2 2 2 3 2 4 3 0 3 1 3 2 3 3 3 4 3 5 3 6 4 1 4 2 4 3 4 4 4 5 5 2 6 2
30 0 3 1 3 2 3 3 1 3 2 3 3 3 4 4 2 4 3 4 4 4 5 4 6 5 2 5 3 5 4 5 5 6 2 6 4 6 5 7 2 7 3 7 4 8 2 8 3 8 4 9 0 9 1 9 2 9 3 9 4
7 6
1 0
0 0 0 0 0 0 0 0 0 0 0 0 0 0 0
0 0 0 1 0 0 0 0 0 0 0 0 0 0 0
0 0 0 1 0 0 0 0 0 0 0 0 0 0 0
0 0 0 1 0 0 0 0 0 0 0 0 0 0 0
0 1 1 1 1 0 0 0 0 0 0 0 0 0 0
0 0 1 1 1 1 1 0 0 0 0 0 0 0 0
0 0 1 1 1 1 0 0 0 0 0 0 0 0 0
0 0 1 0 1 1 0 0 0 0 1 0 0 0 0
0 0 1 1 1 0 0 0 0 1 1 0 0 0 0
0 0 1 1 1 0 1 0 1 1 1 0 0 0 0
1 1 1 1 1 0 1 1 1 1 1 1 1 0 0
0 0 0 0 0 0 0 1 1 1 1 1 0 0 0
0 0 0 0 0 0 0 0 1 0 0 0 0 0 0
0 0 0 0 0 0 0 0 1 0 0 0 0 0 0
0 0 0 0 0 0 0 0 0 0 0 0 0 0 0
-1.5004398591
1.3126392801
0.2346872835
1.2786047427
-0.0147973394
1.7556522387
1.5647013253
0.2276798643
0.6526275010
0.8442879770
-0.4237649593
0.1204478026
-1.1126669906
-0.9168586985
0.9287423933
1.2494658959
-0.3566558071
2.0595974962
-0.8459877032
1.1427581360
-1.5312799088
-1.1175652124
0.9013578592
1.7989729319
0.3766005798
0.0012733113
-0.9674259090
0.8839662569
-0.1120334546
-0.6891162378
-1.4989034089
1.7166628864
0.7040731488
0.2435149702
0.2640057317
0.9189293017
-1.0245416723
-0.5645652190
0.0551769910
-0.2830259588
-0.8438940760
0.3942196358
0.3217902344
0.3452769422
-0.4715861450
1.1080002347
-2.2308652279
1.8454785542
-0.7509947547
1.4563415478
-1.1220467129
-0.0328484849
1.3312546176
-0.5814305683
-2.3565046332
-0.8585135922
-0.9063066716
0.6234729394
-0.1298440727
-0.6519333276
0.7232924556
1.7543547002
1.7258654014
1.6915293624
0.7211757858
1.1207715074
-1.3710096357
1.2298005287
0.8511621086
2.1770061777
1.4563290763
-1.3813006153
1.6829284951
1.9281880656
-1.0544070765
1.3346730818
-0.7682107059
-0.9440589832
0.2482153508
-1.0462198188
0.9966125439
-0.3411189461
0.3972436197
-0.1130471603
-0.1962976452
-0.5253965084
1.7329188954
0.9798018050
-0.0844508900
1.7221019589
1.4195415262
1.0354087793
-1.5294064117
-0.1585658582
-0.9865747049
-0.2870502487
-0.3136682250
0.0479975192
-0.8156157963
0.5987001621
-0.0484462998
0.8567402323
0.3190802067
0.9550040060
-0.9678575739
-0.0302066093
-1.0291413653
0.5251896128
-0.6688319890
0.1736408674
-0.3705926447
-0.6193464253
-0.6249727305
-0.9088832528
-1.2190622461
0.2357198603
1.2345508764
1.8408314129
1.1803847689
0.4657893354
-0.3459003292
-1.3376994187
0.7812463954
0.9157460280
0.6823657516
0.7638669748
-0.2090806070
-0.0581447711
-0.0740827920
0.7419972291
0.4895178229
2.6091897743
-1.3251161844
1.2233645043
1.3687865831
-1.4310508629
2.1354859549
-0.2818154836
-0.6114888762
-0.6510676664
2.3022616612
-1.2216683997
0.0580831768
0.8667959586
1.8454309850
0.6106384383
-2.0042872044
-0.7317369204
-0.9686847816
-0.0306751374
0.8780576609
-1.3364136884
-1.9005464972
1.8763695954
-1.2605708562
0.1616367450
-0.7238157597
0.2164467972
0.0525726087
-1.6475105187
-0.3161937900
-0.5496286003
0.1846963803
-0.1858308286
1.9182277376
-1.0940521739
-2.0470809985
2.1997222901
-0.6134651676
0.5529398245
0.9808365487
0.4433410394
-0.5189319842
-1.2092990789
0.1345941509
0.1494910729
0.2340118747
2.3295122295
-0.6934521558
-0.1562986825
-0.0410031763
-0.0797669026
1.5914249474
0.7247863962
-0.6524417997
-0.9874271051
0.5106895784
0.9708635628
1.8682049370
0.0236307573
1.0917662557
-0.0274695184
1.2820922587
0.2096340608
-1.2875600366
1.3378073812
-1.0595699597
0.3238355491
-0.1669970571
0.1922535918
2.4812088823
-1.2256020298
1.5629512630
0.8236096916
0.1711813909
-2.5201363362
1.0193967632
-0.4943762346
-0.5281606483
-1.1585993521
-0.3060857015
0.3953592213
1.2484557535
-0.1677262498
-0.7466577718
0.8256516085
-0.6093305686
-0.5910252378
-0.9579872153
-1.1259025532
2.5903055187
-0.6420555145
0.7536523433
0.1230562847
1.6602873471
-0.9239303942
-0.6346972234
-1.6635121087
0.5906405835
1.6935125554
-1.0004301629
0.5920998656
0.6044164580
-0.5706269568
1.6484182036
-0.3193956629
-1.7448412699
0.4906352540
0.9385073406
-1.0603004030
-0.4715777144
-0.7448443144
0.6107086741
-0.0016147929
0.5743333728
-0.1676374354
-0.1870258973
0.3214887173
0.3945091854
-1.7719256166
0.2755805317
0.2608594917
-0.7167160876
-0.5061679227
-0.0973663253
-0.2100909118
0.9902004208
0.0613246098
0.0902678209
-0.6712478631
-0.6010347385
-2.0557739853
-0.7665292374
-1.0919511943
-0.4088931367
-1.3745707389
0.0378663087
-0.7253603256
0.8430196368
1.2799941942
0.2535759513
2.4899607432
2.2736010322
1.1637737953
-1.2313179761
0.3372637517
0.2240664767
0.0188862016
0.0837368643
-0.1318471563
0.5926536061
-0.2028266185
-0.3910073350
0.3730439606
-1.0619848877
1.1503872077
-1.2806757336
-0.2970980060
-1.3054644948
-1.0099932470
2.2716084853
0.3398655157
-0.3865200534
-1.7087640940
0.7909265246
-1.0757595827
-1.3341378604
0.2503453432
1.2653013108
-0.4261173280
1.4414119539
-0.4494273973
0.4230287366
-0.6535050148
0.9375586021
0.9229532420
-0.2455265114
1.1073399596
-1.7304351242
0.9365772320
0.4764598830
-0.0268313144
1.0746611919
-0.1238308600
-0.0790352226
-0.3915674498
0.4231825087
0.9494013996
0.1872859693
-0.5165262240
-1.5417145489
2.6479801438
1.2950145298
1.0244542493
-0.8081533636
1.6716503388
-1.4057105669
-0.6664049645
-2.2528386515
0.2249171914
0.6568768129
-0.5948937613
0.4911560346
-0.0839242521
0.7063162817
-1.5457683852
0.5311328080
0.4178504543
-0.5160260114
1.3349159252
-0.6567281619
-0.0974983048
1.5011946730
-0.7083344265
-0.1294153600
0.8158617055
0.4681414881
0.3381892164
0.3270435280
-0.1230158919
-0.6120226843
0.1728457798
-0.2841097857
1.6300561908
0.1918401274
0.7343340098
0.7228737889
-1.0316279070
0.7382369659
0.5038872575
2.0537870827
1.4288282805
0.0277150961
-0.6415683683
-0.4821984047
-0.2564599829
0.4578033641
0.8810916649
-0.4451793133
1.8050548713
1.0856174645
-0.5781078622
1.6315740765
-1.4351990613
-1.7516483703
0.7875387679
-0.2062996322
-1.5554782741
-2.0106401007
0.8686744254
0.5470670028
-0.9518557682
0.1975958686
-1.9548961269
-0.3071593455
-0.5190219985
-0.2065293531
0.7874759553
0.1494101857
0.8050754332
-1.2364061506
-0.2184072177
-1.1916093983
1.1584721829
0.6763004409
0.9611976033
0.6845284385
-0.5295603211
0.9802718637
2.1069150815
-0.6516849481
0.5717227804
0.8446329026
-1.0524281590
-0.3406402375
0.7226791059
-0.7055268311
-0.8451292527
1.1788529906
-0.0571804250
0.5218783003
-0.1652425549
-1.1159001049
0.1361829762
0.3122469756
0.1703126826
-0.4462707799
-0.6735240950
-1.1432744843
0.3830150738
2.2994711048
-0.3225387592
1.0536395079
0.3718511864
1.6827759037
1.0065348060
-0.3283126028
-1.5122109573
1.5898286566
-1.8139704551
-0.2274427292
-1.8346851726
-0.7010685061
0.1187044811
-0.0558417185
-0.7278472070
0.9190628888
0.5271973652
0.1560894554
-0.4736574601
1.5837051583
0.4039943037
-0.1903738086
-1.1242034527
-0.3744432650
0.6934908835
-1.3179641901
-0.8076166186
-1.4829965575
0.1374609907
