18 14 0.19
7 0 1 1 1 1 2 2 0 2 1 3 1 4 1
7 0 0 0 1 0 2 0 3 1 0 1 1 1 3
6 0 0 0 2 1 0 1 1 1 2 2 1
6 0 0 0 1 1 1 1 2 2 1 2 2
9 0 2 1 1 1 2 2 0 2 1 2 2 3 2 4 1 4 2
9 0 0 0 1 0 2 1 1 2 1 2 2 3 2 4 2 4 3
9 0 2 0 3 1 0 1 1 1 2 1 3 1 4 2 1 2 2
5 0 2 1 0 1 1 1 2 1 3
6 0 0 0 1 0 2 1 2 1 3 1 4
8 0 0 0 1 1 0 1 1 1 2 2 1 2 2 3 1
7 0 1 0 2 1 0 1 1 2 0 2 1 3 0
5 0 0 1 0 2 0 2 1 2 2
8 0 2 1 1 1 2 1 3 1 4 2 0 2 1 3 0
5 0 0 0 1 0 2 1 0 2 0
3 0
6 5
5 13
15 15
1 15
5 2
11 8
16 7
8 2
13 6
11 12
11 0
1 11
0 8
0 0 0 0 0 0 0 0 1 1 1 0 0 0 0 0 0 0
0 0 0 0 0 0 0 0 1 0 0 0 0 1 0 0 0 1
0 0 0 0 0 0 0 0 1 0 0 0 1 1 1 1 1 1
0 1 0 0 0 0 0 0 0 0 0 1 1 0 0 1 1 1
0 1 1 0 0 0 0 0 0 0 0 1 0 0 0 0 0 1
1 1 1 1 1 0 0 0 0 0 0 0 0 1 0 1 1 1
0 1 0 1 0 1 1 1 1 0 0 0 0 1 1 1 0 0
0 1 0 1 1 1 1 0 1 0 0 0 0 0 1 0 0 0
0 0 1 1 2 0 0 0 0 0 0 0 0 0 0 0 0 0
0 0 0 0 2 2 1 0 0 0 0 0 0 0 0 0 0 0
0 0 0 0 0 0 0 0 0 0 0 0 0 0 0 0 0 0
1 0 0 0 0 0 0 0 0 0 1 1 0 1 1 0 0 0
1 0 0 0 0 0 0 0 1 1 1 1 2 1 0 0 0 0
1 1 1 0 0 0 1 1 0 1 1 0 1 1 0 0 0 0
0 0 0 0 0 0 1 1 1 0 0 0 1 0 0 0 0 0
0 0 0 0 0 0 0 1 1 0 0 0 0 0 0 1 1 0
0 0 0 0 0 0 0 1 0 1 0 0 0 0 0 0 1 1
0 0 0 0 0 0 0 1 1 1 1 0 0 0 0 0 1 1
-1.6512332869
-1.1120289523
-0.7518431658
0.3155551880
1.4846025743
-0.2059430492
-0.0910150188
0.4174466604
-0.0320237947
1.2035666949
1.3061239246
1.1814320429
-1.1186957801
1.2804173008
0.4424174230
0.0721051586
-0.6156053865
-1.5734247776
0.5219088854
0.5392322732
-0.9523358752
1.1060502269
-0.2466126346
-0.7128742638
-0.4740630934
-0.4926157263
0.1296073955
-0.2752896002
-0.7369215941
0.7129536602
0.5169738030
0.4993778342
1.4402866756
-1.1960875025
-1.2493639425
-0.2511180277
0.1179246185
1.1885257587
1.4352060325
0.2338884276
-0.3027107111
0.0172296772
-1.2532088878
-1.3142992351
0.9594403246
-0.3865188000
1.3754657199
2.1150890020
0.8504831094
-0.9589926218
0.2819555217
-0.4350314431
-0.6324225621
0.6899309938
1.7444766918
-0.0522689133
1.1585152050
-0.6186763892
-0.8263942167
-0.7755410462
-2.2823426335
0.4767671482
-0.5950972986
1.0999059220
0.3371481870
0.1991841121
-0.3937586159
-0.8099148879
0.6586309537
-0.2372672734
0.7406834218
0.2991226692
1.5548444253
-0.3643668563
1.1869811046
-2.4367916829
-0.9610330789
0.0728845112
-0.3252983488
0.1096830499
0.1876124871
-0.2036434034
0.6484811429
-0.8096909671
-0.7192074014
0.5889911915
-1.1985627657
-0.0662164558
0.6604596475
-2.6627747050
-0.3707765521
0.0781239279
-0.6296122290
-0.1731016213
0.2904579372
0.6990750115
0.6783420477
1.1122984632
-0.1774549817
1.7021524547
-0.5982524175
-0.2884788347
0.0003572020
0.0794556846
1.1098829632
-1.1645331441
1.2988431657
-1.1498595648
-1.5939348987
-0.4764165164
0.4563278555
0.3277504997
-0.4992829022
-1.4859456669
0.1606963350
-0.0503372203
-1.1826776549
0.5963581564
0.2040192720
-0.1341943563
-0.3671268940
-1.1497070428
0.1966448895
0.4162431606
-1.0586118473
-1.6192986930
1.1729017477
-1.1338636277
-0.2844468837
-0.8662020387
-1.8729149543
0.8345338637
0.4662068923
0.3211430466
1.1187152993
-0.8309406692
0.1812090727
-0.3992701313
0.6384160110
0.4220988788
0.4012562612
1.2307157435
0.0802731206
-1.1694743586
-0.0285905157
0.6092174524
1.4339804158
0.7829923423
0.0954162316
0.0441575467
-1.0732371333
-0.8426948071
-0.3075252655
1.5732677554
-1.1859452964
0.4243038848
0.0780528431
-0.7054888711
-0.6453111553
-1.2385114006
1.1218768296
0.1318313558
-1.2335784107
-0.8906930897
0.2362475426
1.1918617956
-1.3031604678
0.1635913868
-0.3016643129
-1.1445046435
-0.3424323950
1.0277906266
0.2774600048
0.0486482828
0.0661607255
-0.1423531350
-0.0798764137
-0.0665962835
1.5509440916
-0.5910256454
1.3193363328
0.7258936836
1.5258800661
1.7335541247
-0.0907845651
-0.0672856078
0.0933161285
0.3606057872
-0.4111698138
2.3608786421
-0.7891593639
0.1925951751
-0.0322989808
0.5212176917
1.0582047229
0.2265494159
0.3811189311
1.5067172361
-0.1410110798
0.9124135285
-1.7705457591
2.7261452816
-0.4108137387
-0.7658571162
-0.2808150343
-1.1692359094
0.1702643377
1.2741585201
0.0604655952
-0.7630333779
-0.8481704069
0.1834720971
0.3614939212
-0.1002365608
-2.0633991609
1.5324126256
-0.1959358458
-0.6354365825
0.7430877246
-1.4644762982
0.0878818239
0.6569714052
-0.0309149584
1.2315486680
0.5523892692
-0.4854938082
0.8690895677
0.8209796962
-0.3181733522
0.4285165570
0.3560440848
0.2221753903
1.3885830464
0.1718554502
0.0049778398
-0.2953322991
-0.7868548876
-0.3092844627
-0.6204859040
-1.0598871458
-0.5094527528
-0.5125824303
-1.6568991789
-0.8775992933
0.0277830214
0.8830481585
0.7699786026
-1.6246686598
2.0022763786
-1.3081891483
0.6086331386
0.9352518329
0.9288430202
-0.0949230513
0.4530890733
1.1040188117
-0.7726820840
1.1594411928
1.0240521969
-0.9482244218
0.0613775871
0.3423865360
-1.2907104363
-0.1442084579
-1.0860777840
0.4710216880
1.0153501512
0.2859149751
1.2968644160
0.9561798418
1.0248473856
0.1278528366
-0.5488028519
0.2331613314
-0.9058435197
0.4801035507
0.8743353038
0.1821329303
-0.9336356987
2.4391666301
0.1741124743
-0.9747485139
2.9279963679
-0.8325718076
-0.4200722858
0.4924900806
-0.8048320358
1.7646009256
-0.6685291321
0.2872374544
0.4699016139
-0.6679418642
-0.3716282026
-0.0745738178
1.0003125220
0.0240662411
0.3786386355
-0.8008037614
1.0035210147
-0.0367618241
0.2704781783
0.9571656314
-2.0106216660
0.6700704286
0.2199274911
-0.6178454136
0.0390298805
-1.1364806794
-0.5669172201
1.1460281589
1.2599740460
0.6150127991
-1.3315733733
-0.3775675216
-2.1099581931
1.3589832615
-0.5263206142
0.7199858488
2.0342388010
1.7514733703
0.4922890584
0.0664818425
0.3407661295
-1.5036623730
-0.3774324339
0.1757834149
0.0592427791
0.4579303252
-0.9637146292
0.8257003193
-0.4866836200
0.6573801851
0.2409583095
0.8639329846
1.4697465347
0.2838631133
0.5481595651
-0.2083571214
-0.0765722921
-1.8523010178
-2.0741089920
1.6322746237
0.3429373657
-1.3195045588
0.0639792239
-0.7009104067
0.2626127111
0.2906281848
-1.2935476717
0.1186016318
1.5144364678
0.0703354689
0.2746227470
0.1414474222
-0.4958185935
0.3862847412
0.9324734862
0.1410556273
-0.6105541323
1.0548548051
0.9058865017
0.2352678902
0.4620409283
0.8773918202
0.5983958959
0.5805883994
1.4289417171
0.6216955029
-1.0477790670
-0.2021802710
-0.4721404918
-0.3413343688
1.6587254018
-0.7016284286
-0.2653411049
1.3419450310
-0.5066584092
-1.5233111450
1.2898875307
1.0692513384
-1.2529882257
0.3607566531
-0.2712257086
-0.0115256386
0.2297640404
-1.6355238031
-0.2671233448
-1.7283365780
0.7870469079
0.1289797920
0.8692578308
-0.3040851519
1.0760155864
-0.2401524961
-0.5767538591
0.7503789584
0.2463607256
0.1360815324
2.3188716549
-0.0562231730
-0.1617315071
-0.5094563140
-0.3532514869
-0.3875708855
-0.9260759819
0.5139829654
0.9584596256
0.8254805702
0.2087488777
0.2192526492
1.0202127067
-0.5600019136
0.6969856685
-1.8384479283
1.5329408592
-0.5953745640
0.1364825325
-1.4572411647
-2.3594571862
-0.9205302881
0.6876569699
0.6323766011
1.8006177645
-0.9637341849
-1.5292131266
0.5924349356
0.1651364610
-0.9374063078
-0.3433725608
-0.2098146347
-0.4030455960
-1.5825342672
0.1642426339
-1.1232891612
-0.2070617883
0.3366572881
1.0786494125
1.1162911903
0.5579351041
0.6798047814
0.3955395923
0.0905143976
1.3270289795
1.9934804421
-1.2575810675
1.2495102832
-1.8612339718
-1.1474032803
-0.2958424117
-0.2212674008
0.4300229612
0.2564993001
0.6270879338
-0.1972355500
-0.8492587500
-0.7809257610
-0.5668391960
-1.4232832034
-0.7091522419
-1.5839997865
-0.2958750077
-0.4212365075
-0.5638211098
1.0912890985
-0.7203060199
1.3984283461
0.6642064053
-0.8646328157
-0.4719382913
0.6657869389
0.1754958490
-0.2478143372
0.3327084656
-0.1401916965
0.7818418229
-0.3705249284
0.6494911299
-0.0999530546
0.8664913389
0.7583263388
-0.0778664670
1.0793594129
1.1831032434
-0.4766674256
-0.3947905003
-0.5127960309
1.7704064203
-0.6389200464
0.4743165284
1.3079905053
0.2295923252
-0.5313298761
-0.1407911361
-0.5919637075
-2.3408715063
-0.4026606911
0.2380528593
1.2377742643
0.9339572219
-0.3888184333
-1.2315255244
0.0965148380
-0.4183813620
1.0738128300
0.3863298036
0.6622246852
-0.8730444282
-0.8309489092
0.2984637382
-0.7627226278
-0.9643133671
-0.7728487556
0.2667385502
-1.2602639162
-0.1911524091
-1.5347701004
1.3647363843
0.8676036960
-0.3774377954
0.6273333630
-0.7169635670
1.2780410450
1.0278804172
-0.7073878433
1.2357591293
0.8887441599
-0.8002253826
0.5541873532
-1.6327758745
-1.0894165040
0.3964589300
-1.1902484246
-1.8949694286
0.5769428657
0.4308997666
0.0823319647
0.0735276255
1.4834285234
1.3560057323
-0.0374449012
0.3508885891
-0.8740998632
-1.1694949951
-0.5533335004
1.4474887130
0.1807198722
-1.2683175172
0.6094761319
-0.7091738892
0.5001231621
0.0600425670
0.5597440267
-0.3203055683
-0.5978656701
-0.5000984835
1.8911994768
-0.0222272710
1.0403273189
-0.7317793853
0.2524982449
0.4597268405
0.7356629306
0.0435274760
-1.1642369397
-1.3108745369
0.1390179773
0.6309438890
0.0457241987
0.5618818480
0.0614829120
-0.2638152276
0.4680318986
1.6712336676
0.7854050566
0.6563562340
-1.1079719367
-2.3459708428
0.7264062042
-0.8728706614
1.6335087560
-0.4588281932
1.6813873665
0.2569017954
1.5120814906
-0.2545635553
2.9676793848
-0.4553582292
-0.4651976600
-1.0263110502
0.2510481298
0.4463889208
1.1211811657
2.2071330836
-0.3143602179
-0.3694141776
-1.1141901804
1.3794889831
-0.5435652377
-0.3555763655
1.1028290915
1.2259763817
0.9323384082
-0.5159227010
0.8928167769
-1.0440189378
-0.5520346496
0.6867715896
0.4574443327
-0.3834731315
-1.1455085405
1.3320430727
-0.6650501359
-1.2368142648
-0.9534231499
0.9381569430
1.6696388900
0.3743042599
0.2658702499
-0.3394111623
-0.9613535456
-2.0274259305
0.5788091602
0.5881693798
0.1252397345
0.1045417907
0.4151229766
1.5835035382
0.8108455640
-0.4505869495
1.2188545372
0.6415140443
0.2575509326
-0.9741198077
0.9958697876
-1.0201872106
-0.6084918447
-0.0740035259
0.1364673881
-0.3487504327
1.8229766940
1.1519487128
1.2024527383
0.1581514161
0.7871440486
-0.5423781882
0.6979494064
-0.0241152018
-0.7407550230
