13 7 0.01
14 0 4 0 5 1 4 2 3 2 4 3 0 3 1 3 2 3 3 4 3 4 4 5 3 5 4 5 5
7 0 1 0 2 1 0 1 1 1 2 2 0 2 1
11 0 4 1 0 1 1 1 2 1 3 1 4 1 5 1 6 2 2 2 4 2 5
11 0 1 0 2 1 1 1 3 1 4 1 5 2 0 2 1 2 2 2 3 2 4
14 0 4 1 4 2 2 2 3 2 4 3 0 3 1 3 2 3 3 3 4 4 0 4 4 5 4 5 5
11 0 2 1 0 1 1 1 2 2 0 2 2 3 1 3 2 3 3 4 2 5 2
14 0 6 1 1 1 2 1 3 1 4 1 5 1 6 1 7 2 0 2 1 2 5 3 1 3 5 4 5
1 3
0 3
7 0
9 0
3 2
4 1
1 1
0 0 0 0 1 1 0 0 0 0 0 0 0
0 0 0 1 1 1 0 2 1 0 0 0 0
0 0 1 2 2 1 1 2 1 0 0 0 0
0 1 1 0 0 0 3 1 0 0 0 0 0
0 0 1 2 1 1 3 0 0 0 0 0 0
0 1 1 1 1 1 3 1 0 0 0 0 0
0 1 1 2 1 1 2 1 1 0 0 0 0
0 0 2 1 2 0 1 0 0 0 0 0 0
1 1 1 2 1 1 2 1 0 0 0 0 0
0 1 2 1 1 1 0 0 0 0 0 0 0
0 1 0 1 1 1 0 0 0 0 0 0 0
1 1 1 1 1 0 0 0 0 0 0 0 0
0 0 0 0 0 0 0 0 0 0 0 0 0
1.9832278660
-0.0235299333
0.9897873937
-0.5557446543
0.2146434528
-0.5372787780
0.8053855038
-0.7971189687
0.8812000901
-1.5737514827
2.6124350811
-1.1870633285
0.9640604764
-0.8483504539
-0.7970411294
-2.1434141884
0.5949646583
1.8668109563
-2.4738267302
0.1563407558
-2.2379898089
0.5595001488
-0.3797681115
-1.8240901245
-0.5469679639
0.3068399685
-1.7169682691
0.6990247457
-1.1341381730
0.2855494470
2.1654387022
-0.2979270623
0.1473002170
-0.6132020268
0.4150285745
-0.7378738377
0.3186690533
-0.6199329875
1.5513394790
0.4556413010
0.0218925795
0.3727243170
-1.2626267389
1.1626012918
0.7795010655
0.6423754154
-0.7567094280
-1.1370791199
-1.3694341088
1.1203672808
-1.2562852470
1.0456113591
-1.4054092157
-0.5494905635
-0.0077060006
-1.3041014221
1.2744880629
0.3303379993
-0.4670250332
-1.5622536133
-0.5826887297
0.9728116588
1.2867563333
-0.5290675752
-0.2007806465
0.6899416381
-0.1771697067
2.0878156534
0.0592190497
0.8257676292
1.3854622680
0.8965965487
0.3905802292
-0.6527616119
0.7408934868
-0.9798342362
0.0855000277
-0.0404931586
-0.3544974142
0.1159637049
0.7476200371
0.3852001405
1.9219339923
0.9767031866
-0.0874895755
0.6714749264
1.8890407566
-0.8881382618
-0.2756800541
2.7480839719
1.5813015983
-0.4131103047
0.3265193657
0.3131564920
0.4466615113
1.8751831080
-0.9095524585
0.4829586444
-0.9796881474
-0.5511907997
0.2082819038
0.8092749633
-1.6872565145
1.4017540777
-0.7539182792
-0.1533116929
-0.1411948773
1.8550093168
-0.1434146114
-1.4974106475
-1.7919858019
-0.9638235159
1.4822690605
0.5754415394
-0.9917742870
-2.0421370384
-0.4330478658
-0.5722283980
1.3718204842
-0.0088580259
0.8528864825
1.1837364459
0.8400750430
-1.0073585151
1.2899563477
-0.9792965429
0.1552403769
0.0014832994
-1.1032227933
0.1172815446
0.0242829710
0.1228198114
1.3955719393
-1.2486519194
0.8670360188
2.0530657429
0.0194066851
-1.3952924642
-0.8420336892
-2.1554167817
-0.3907523433
-0.0911047696
-1.0715313699
-0.2213646527
-0.6501434410
0.9535007973
-0.0365335560
2.0668735563
-0.0871162935
0.7148576162
0.4316702445
0.2997739046
1.0252140703
0.3665064356
0.9284704312
1.0485985784
0.2633000191
0.7517428461
0.2984490064
0.8026634650
0.0968282668
0.8211096861
-0.3985498870
1.3911091036
-0.7213624059
0.0688449145
-0.6384370604
-0.2097124939
0.5694133412
0.6407355572
-0.1147897116
-0.7380604355
-1.4431991794
0.4698006271
1.1438110697
1.2589905162
-1.9018331461
0.1284886708
0.6599260479
1.3607481193
0.2298416946
-1.3291984923
0.7350229017
0.1541195854
1.9912853729
-0.1931032996
0.7593665629
-0.0738649282
-0.2740925409
-0.2108430976
-0.6755773896
-0.3464963153
1.5467719359
-0.1275763511
-2.8232755976
1.7664429432
0.9548128037
-0.2003428809
-1.3736331203
-0.0777586220
1.1416943041
0.4561272610
-1.2125244792
-0.2823398773
-0.9384650302
1.1615917935
-0.4889181113
1.0229076828
0.2822630449
-0.5031684004
-0.1112621306
-0.7053321208
-0.0648917926
0.3767406315
-0.1703240188
-0.0463765264
1.1870806987
1.2710396253
-0.8962136847
0.2711858005
0.4315763904
0.1941625869
-0.9569716222
-0.1612468214
0.1427250941
1.2648649143
0.7965385623
1.3345018406
-0.0966792230
0.3594136584
-1.0031184139
0.6971472169
-1.0808202717
-1.3747373432
1.2024442384
-0.6014499768
-2.0162835566
-1.0915594592
-0.0006772447
0.3760217386
0.4063159193
-0.4617947458
-0.4639134022
0.5023194948
-0.0146114587
0.7128387763
0.7407697845
-1.2034213808
0.1753596537
0.8095651346
0.3622726035
-2.2109865919
1.1336814471
-0.7364973298
-0.6032303141
1.2759339629
0.8046064499
-1.4075018279
-1.2875735298
0.2125113614
0.3058920034
-0.7740679814
-0.2853036389
0.8728196093
0.2007953804
-1.9226939781
0.0615018555
0.4032816583
0.4442349794
0.7651876312
1.0705912216
-1.7476214022
2.5186916913
1.2080401697
-1.5571940608
2.1572394726
-1.5706998062
-0.0055670584
-0.6376602713
-1.9900383921
0.2329967397
0.1303849440
-0.1795122261
1.5821752146
-1.3101561746
1.0410325796
0.3827860261
0.4873629501
1.1381590322
0.1612532762
-0.3423147881
1.2302958208
-0.3041153279
1.0610231622
-0.2633308875
-0.4449151367
-0.4424787281
-1.7468818882
0.9197198765
0.1127046441
-0.0965324180
0.6680177365
-1.4627375283
0.2819999060
0.1987280681
0.9917393292
-0.0076174512
3.3136756245
1.8124548474
-0.5054096726
-0.9479006125
-1.8920374736
0.0533246778
-1.3336482813
-0.1128162425
-1.0062151051
-0.0927595722
-0.7777222685
0.7309306502
0.0198339169
0.0220776359
0.0284844575
-2.3648602192
1.3016479773
1.4007262771
-0.3562784889
-0.2754423503
-1.4350300440
0.9967214481
2.0644918322
1.2813319981
0.8709357827
-0.6339530373
1.7141102972
-0.2541290981
0.0651613274
-0.3979930532
-0.4728533457
