20 11 0.12
13 0 3 1 2 1 3 1 4 2 0 2 1 2 2 3 1 3 2 3 3 3 4 4 2 5 2
16 0 1 0 2 0 3 1 0 1 1 1 2 2 0 2 1 2 2 2 3 3 0 3 1 3 2 4 1 5 1 5 2
13 0 1 1 0 1 1 1 2 1 3 1 4 2 0 2 1 2 2 2 3 3 0 3 1 3 3
16 0 0 0 1 0 2 0 3 0 4 0 5 0 6 1 1 1 2 1 3 1 4 1 5 2 1 2 2 2 4 2 5
13 0 1 0 2 0 3 1 0 1 1 1 2 1 3 1 4 2 1 2 2 2 4 3 2 3 3
14 0 0 0 1 0 2 0 3 1 1 1 2 1 3 1 4 1 5 2 1 2 3 2 4 2 5 3 4
11 0 1 1 1 1 2 2 1 2 3 3 0 3 1 3 2 3 3 3 4 4 2
9 0 0 0 1 0 2 1 0 1 1 1 2 2 0 2 2 2 3
11 0 0 1 0 2 0 2 1 3 0 3 1 4 0 5 0 5 1 5 2 6 1
11 0 2 1 1 1 2 1 3 2 0 2 1 2 2 3 1 3 2 3 3 4 2
15 0 3 0 5 1 0 1 3 1 4 1 5 2 0 2 1 2 2 2 3 2 4 2 5 3 1 3 3 3 5
2 10
13 12
3 15
5 5
9 10
16 4
12 4
7 10
0 4
5 16
2 5
0 0 0 0 1 0 0 0 0 0 0 0 0 0 0 0 0 0 0 0
0 0 0 0 1 0 0 0 0 0 0 0 0 0 0 0 0 0 0 0
0 0 0 0 1 1 0 0 1 0 1 0 0 1 0 0 0 0 0 0
0 0 0 0 1 2 0 0 1 1 1 0 1 1 1 0 1 0 0 0
0 0 0 0 1 1 1 1 1 1 2 1 1 0 0 1 1 1 1 1
0 0 0 0 1 2 3 1 2 1 2 2 1 1 1 1 1 1 2 0
0 0 0 0 0 1 1 1 1 1 1 0 1 0 0 1 1 1 2 1
0 0 0 0 0 0 1 1 0 1 2 1 2 0 0 0 1 1 1 0
0 0 0 0 0 0 0 0 0 0 1 1 1 0 0 0 0 1 1 1
0 0 0 0 0 0 0 0 0 0 1 1 2 2 0 0 0 0 1 0
0 0 0 0 0 0 0 0 0 0 1 1 1 1 1 0 0 0 0 0
0 0 0 0 0 0 0 0 0 0 0 1 1 0 1 0 0 0 0 0
0 0 0 0 0 1 0 0 0 0 0 0 1 1 0 0 0 0 0 0
0 0 0 0 0 1 1 0 0 0 0 0 0 1 1 1 0 0 0 0
0 0 0 0 0 1 0 1 0 0 0 0 1 1 1 0 0 0 0 0
0 0 0 0 1 1 1 1 1 0 0 0 1 1 1 1 0 0 0 0
0 0 0 0 1 1 2 1 0 0 0 0 1 1 1 0 0 0 0 0
0 0 0 0 0 1 1 1 1 1 0 0 0 1 0 0 0 0 0 0
0 0 0 0 0 1 0 1 1 1 0 0 0 1 1 0 0 0 0 0
0 0 0 0 0 0 0 0 1 0 0 0 0 0 0 0 0 0 0 0
-0.3933863867
0.1693080333
1.4249960487
-0.0030488810
0.9438088359
-0.8197390996
0.5120468916
-1.9510739868
1.3157688514
-0.5444247901
-0.0672734598
-0.1634213076
-0.1226261657
0.7567164882
-0.6196672143
-1.7371148310
-0.9681997083
1.7396471735
1.1755785979
-1.0067454850
1.7705862566
-0.1292916670
-0.3693022615
-1.2602305049
0.0662203896
-0.6502852471
0.8210812279
-0.0181733370
0.9079588031
-0.8509040290
2.6045500181
-0.1145736232
-0.3984807207
1.7427138067
-0.0891570064
1.7083675031
0.9752046922
0.2697464314
-1.8230717548
0.8405817510
-0.3705521643
0.3815152130
2.5375995439
-0.5203223901
1.3358260400
-1.4831984989
-1.1335789069
1.4762350393
-0.6344957484
-1.0237266879
-0.9536986022
-1.0035183635
-0.6359392865
-0.3779862488
2.1988382836
0.5231881990
-0.2655500753
0.5192317843
-0.5820238856
0.5888664045
-0.1354552999
0.0961565497
-0.3720388831
-0.3765429905
0.9467905638
-0.0694013909
0.8625851625
0.7544991591
-0.5400369771
-1.4940880827
-1.0337675838
-0.6912558596
1.5511263303
-1.8479039327
0.0225234064
0.2215098498
0.2329709757
-1.6598107823
0.8028560768
0.5822743915
0.0499453475
0.6086881389
1.7132970889
-0.6269436058
-1.1832018091
-1.1578195414
-0.1701447354
-0.8529164012
0.4119797591
0.5107814184
-1.1707232039
-0.9893906737
-0.3862956711
-0.0033189278
1.0992849077
0.4263017191
-0.5080794285
0.3145191442
-0.8498645429
-1.8280528942
1.7516960063
0.6777825242
2.1875010531
0.5910597354
-0.7024133929
-0.7154964357
-1.1287883208
-0.3748424939
0.0377708160
1.0305506202
1.6456913050
-1.4379897643
2.2315469458
-1.0739777494
-1.0810431000
0.6245126503
1.9398785349
0.7801098591
-0.2592765640
-1.9052255838
0.0562362064
0.3592651018
0.6712108390
0.8272782466
1.0580504060
1.8683716853
1.8777944590
0.9326832817
-0.9262027557
-0.2197897274
0.4799080765
0.8970821018
1.0985877763
-1.4906118953
-0.0403249242
-2.2140761093
2.0670624403
1.5207992130
-1.1129993948
0.7876989720
-1.4666379010
-0.9346320853
0.0829565853
1.7762122005
0.8617823701
-1.7926074981
-0.6058148404
-0.1114254702
0.4362805276
1.7347449928
0.2016778233
0.6584025670
1.9588419377
1.0967051709
-1.6702988743
0.5308918928
-3.0373544539
1.1690612547
1.1944162215
0.6162923371
-1.8824056637
-0.5304615384
-1.7257636269
-0.2109185081
-0.7911625386
0.0007176484
-0.8210801822
0.2385763551
-0.7718246407
1.0717982197
-0.9581876170
-0.2321416145
-1.8636214423
0.2212421512
-1.3779106822
-0.6565258312
0.6242904815
-2.3954738214
-0.1281924769
-1.0140717982
-1.6856899735
-1.0974150076
0.1306093287
0.7090815451
-0.0267936258
2.0022666639
0.4879780319
0.6147290753
1.9799314606
0.7413734653
-0.9106301353
-0.5875110746
-0.5524574989
0.3350610007
-1.4371175747
-2.4497781574
2.2985857993
-1.2642079008
1.7094611020
0.1896349062
-0.0667185149
1.4496488439
0.2772246058
0.7525830147
0.6866187186
0.7648864303
-0.4831826413
-1.4889410933
-0.1596545915
-0.2944551479
1.2757445882
-0.4629253019
0.4106587691
0.1710684929
1.7588707064
-0.3462675912
0.4867165222
0.2387856789
-0.6022305578
-0.5947891668
1.3165841864
0.0158892292
0.9420725312
-0.4704138570
0.1953075188
1.2546885679
-0.9592604828
0.1416391137
-0.3360537220
-1.1681322342
-0.7688907688
1.0231430884
-0.5992700590
-0.1353320438
-0.8734040812
-0.4605062020
1.4632294591
-0.2919521449
0.7277868315
1.0764598836
1.3404432568
0.4802806557
-0.0161433282
0.8050971022
0.3780687616
-1.1602960846
0.3087006028
0.7927429392
-1.7126884873
0.5543284027
-0.5532312454
-0.9410455942
1.2985055686
-1.0871602586
-0.5196998409
0.6447081912
1.4158753837
1.2872660145
-0.8757810045
1.2407524135
2.0018636114
-1.3464225060
-0.3532612385
-0.2961036242
0.4860504668
-0.8597436449
-0.6911847936
0.4853602993
0.0489205182
0.1443055275
-0.8397933179
0.6558813529
0.3945005605
0.6729981848
-2.0398679036
1.0074576862
0.2811158150
1.1618364151
-0.5407767017
-0.6742705530
0.9700820957
-0.3312187933
2.3783821216
0.2093615436
1.3246560862
0.6128371448
0.8933340050
-0.6538092008
-1.8769327648
0.8185611599
0.1558548078
0.3055301492
-0.1631309644
-0.8378789589
1.0606345174
-0.8030796601
1.2300605443
-0.5593162630
-2.1160567925
1.3618948758
1.4981294192
-0.1025855620
1.4001594679
-0.5737597706
0.9429370306
-1.9806384036
-0.6881745832
-1.2605067295
-2.0860620940
-1.5739235922
0.5049110214
0.4456849161
0.4215218720
0.3452642875
2.6911976207
-0.6159760259
-0.5082283019
0.8610605077
-0.6381579166
-0.9058060474
1.1768659471
-0.4687330781
2.0499565466
1.8251261778
-0.7841611184
-0.2097696076
-0.7429485599
0.1357428186
-0.5970342489
-1.4084155045
-0.1316528398
1.2059540951
-0.8370401362
-1.5618325272
0.4720933165
-0.4837896029
-0.8784294797
-0.1428124097
0.9329225290
0.5441876768
-0.1286836603
0.2386697474
-0.2397394734
0.7350505629
-1.9532348001
0.4249355944
-1.6763459292
0.5782518693
-1.0643749796
1.8551150937
2.4155908241
-1.9945558941
-0.9344121287
-0.3829636984
0.8320942674
0.7638286701
0.8538804018
0.7378052022
-0.0692311973
0.8082733629
0.5863322334
0.9137787568
-0.8469892561
-2.1609714752
0.9074792875
-0.4588760063
-0.4241854576
-0.1408239224
-1.8564231930
-2.8789936987
1.6343696141
-0.7407749519
0.0502625633
0.3153106970
-1.1694628444
-1.1536285713
1.6431659533
-0.4636960852
-0.1619391925
0.1727905129
-0.5569477773
-0.2738058837
-0.1246019832
-0.8283219132
-0.1197618796
0.8186415115
-0.7719604319
1.2114061605
-0.8641345883
0.2797614183
0.3515260914
0.8623583378
-0.7245610959
-0.4357998575
0.2378195452
-0.8280870253
-1.1923022125
0.1742543071
-0.0891296680
1.7079125601
-0.9692440440
0.4049027215
1.1855380196
0.1045777144
0.5291634891
-1.3232419451
-0.8526962560
-1.0502045803
1.4353077114
0.2955670612
0.2380450405
-0.5208811225
-0.2078584216
-0.9687234010
-0.9362518460
-0.7543366814
-0.6679809546
-0.3133349456
0.4291844578
-0.1028323879
1.6784174148
0.2014508483
0.3575298769
-1.0455015621
-0.5882844719
1.1786884968
-1.2175199639
1.5610681638
-0.6930371117
-0.4544424263
-0.9127477796
-0.4627948881
1.8932545600
-0.0464361187
1.2260979327
-1.0456107470
-0.9796813507
-0.1044878552
0.2472881638
0.6713006763
1.0375750391
-0.8989425415
0.8500252865
0.4111771072
-0.2715237298
-0.0103129374
-0.7497801867
1.0116021671
-0.3435105202
-0.5084291895
1.4655076666
0.8532585418
-1.3489044784
1.3467046718
-0.6055006730
1.5253412559
-0.0985236257
-0.7815834513
-0.4824808562
1.2340854386
0.6380172465
2.3443951395
0.8134212557
0.4466842080
-0.1235194921
1.3057423004
-0.3530102501
0.6159840538
-0.5316804665
-0.1782221698
-0.5771901381
0.7371578077
0.2515012923
-0.0411890661
1.7992089462
1.1229279657
-1.2937126818
1.1677620893
-0.2226043690
-0.1139666207
-0.8582369136
-1.4419959096
-0.8175703006
-0.9421312006
-0.1825709305
1.8888497598
1.4394966188
-0.1260111743
0.0069629225
-1.1453678107
-0.7403535964
0.9607909617
0.9399035037
1.6650106299
0.3585386155
-0.1906626598
-0.5235307448
-0.9810308490
-0.4168236714
1.7364246283
-2.8127812466
1.9413400831
1.6472072780
0.2278916183
-0.0640453714
0.7309197974
0.5757633782
-1.0688069035
-1.0043363244
-0.3243210288
0.7962423752
0.5984269246
-0.6376516378
-1.2654415731
-0.9071385018
-1.0010591555
-0.9084099191
0.7395014259
0.5161889032
-0.8916104827
-1.9529419199
-0.2490363437
0.2410371205
-0.1223206416
-1.1002534108
1.5436202604
1.3201086910
0.5244073766
0.4838017771
0.1171626059
-0.9233620615
1.8224981752
-0.3069986813
-1.0186735142
-0.4601897166
-0.7531945426
-1.4914360006
0.2895179187
0.3806890847
0.5093531278
-0.0963421578
-0.6347239748
1.1892049040
-1.2355527154
-0.6918725236
0.0422152931
1.6055154127
0.4213709754
-0.5268766284
0.5493349143
-0.4984844025
-0.5290240238
-0.6762186645
0.0632313282
-0.5075418113
-0.0776899081
1.2679917532
0.7513234431
-1.3712299695
-0.0207079644
0.0226419655
1.5448469721
-1.0675649417
-0.8798356610
-0.1250564227
0.6412198075
-1.0135334772
0.5060985373
-0.5850114833
1.7379217721
0.5297751393
0.9538033081
-0.3852131275
1.4080960769
2.5275449373
0.1869127811
-0.4040146115
1.0915085152
-1.3630640837
0.8429096088
1.8537916472
0.2238884446
1.2085482058
-1.2516113975
-0.1189097394
0.3286216371
0.7138806065
-0.7163206109
0.4330489082
1.4427988036
-1.1813142766
0.5568163614
1.1938038443
-1.1745111585
0.1224050745
-0.8304949212
0.8191123211
-0.0940145214
-1.4332502059
-1.2720331458
-0.8191200972
-0.2369051033
-0.7959943391
0.3512872397
1.4072216755
-0.1502678042
-0.5580220543
-0.5666463158
-1.5632312490
1.2625303280
0.2409972622
0.3254540106
-0.4416008801
-0.2781055340
-0.4848690858
0.4268177965
-1.2377316864
-1.8553967950
-1.0831954217
-1.0564114672
-1.6904631144
-1.3984411608
0.2909947902
1.3625433827
-0.5541021634
0.7969691144
0.0177108247
-0.6191649146
-0.0876770298
-1.9924250930
-1.4271306913
-0.1639950778
0.3100284907
-0.1171420344
-0.8274912503
1.1301461003
0.4080870767
-1.2243072693
2.4902055745
-0.0568715094
0.0694849616
1.4448138369
0.1275355519
-0.1245702332
-0.3294075261
-0.1313210616
2.7629084848
-1.0372299238
2.0652487359
0.7783606637
1.0165059389
1.0436251423
0.6744537146
-1.3387896118
-0.1092525390
1.4649257999
-0.7980142401
-1.3252045040
-1.0991383007
-0.8259775208
-0.4364916778
-0.7309457312
-0.4629621508
-1.4999442354
-0.5128386892
-1.1138278837
-0.0354927476
-1.4191127375
1.1239347474
-1.1325141885
-0.2787210036
-2.1073176927
0.5355675964
0.4529100413
0.2821486667
-0.4620839612
-0.0628982168
0.1737837002
0.2569772622
1.0238300770
0.1794847410
-0.5168490727
0.8600992167
0.3910333442
0.9531097665
1.6267463458
0.3184339881
-0.1584281789
0.6133570220
1.1498133053
0.1645340749
-0.3757040283
0.3809537252
-0.9404714366
-0.2253718754
0.1382048782
-0.8723740788
-0.3740560311
-0.2473507654
-1.6956712684
-0.2724169478
-1.3476131424
0.6709785221
-0.7297260880
-0.9854687355
0.3979873916
-0.1663203541
0.7844434962
1.1510952321
1.2797297125
0.1802848321
-1.4999107017
-1.4000729801
1.4285660370
-0.5987392318
2.0612843058
-0.2444994964
-1.0646653542
1.4704992925
0.7301894348
-0.3007594728
0.9144086654
0.5736180326
0.8709252265
-0.5754323167
0.0882989966
0.4078904809
0.2582711208
0.2206737757
0.2346674716
1.1357237893
1.2707237602
-0.3050442162
0.4702917413
-0.7704371602
0.7493869004
0.4810488081
0.5467032166
-0.2957664971
0.5523586004
1.1457839119
0.2212978591
-2.0067640561
1.1536222622
-0.9229149457
0.3406518292
0.1672445805
0.4628115450
0.8385699466
0.7050222865
-1.0060811025
-0.2491745889
0.1358316360
1.1419493841
-0.7429729189
0.4898686095
-0.2150696772
0.8170813384
0.1112482166
2.1110519479
-0.5625798203
0.5553890917
0.9787584883
-1.1003918183
0.9196587351
-1.1315792456
-1.9311067718
-0.7760316251
-0.1755635663
1.3873050259
0.5414907762
-0.3786191573
-0.0740767350
2.3427964132
-0.6126549423
-1.4581095158
0.4703541733
1.0539853505
-0.0423430867
-0.2286923439
-0.4050397677
-1.5532163429
0.6670366655
-0.0202729837
-0.3329058949
-0.2872702846
-0.0793597265
1.4089525139
-0.2914183799
0.7075478444
1.8328003996
1.5035678536
-0.3726490583
0.9880241455
-0.0504634979
-1.0655079316
1.3694124941
0.8264529243
0.0406389483
0.6722889894
