18 10 0.13
9 0 1 0 2 0 3 1 2 1 3 2 0 2 1 2 2 2 3
11 0 1 0 2 1 1 1 2 1 3 1 4 2 0 2 1 2 2 3 0 3 1
11 0 0 1 0 1 1 2 1 2 2 2 3 3 1 3 3 3 4 3 5 4 4
10 0 2 1 0 1 1 1 2 2 1 2 2 2 3 3 1 3 2 3 3
9 0 2 1 2 1 3 2 0 2 1 2 2 2 3 3 2 3 3
10 0 1 1 1 2 1 3 0 3 1 4 0 4 1 5 1 5 2 6 1
10 0 1 0 3 1 1 1 2 1 3 1 4 2 0 2 1 2 2 3 0
11 0 1 1 1 1 2 1 4 2 0 2 1 2 2 2 3 2 4 2 5 3 0
11 0 1 1 1 2 1 2 2 2 3 3 0 3 1 4 1 4 2 5 1 5 2
11 0 2 0 3 1 2 2 0 2 1 2 2 2 3 3 2 3 3 4 2 4 3
13 12
0 0
13 0
9 8
1 5
8 6
5 12
12 8
7 5
1 14
0 1 1 0 0 0 0 0 0 0 0 0 0 0 0 0 0 0
0 1 1 1 1 0 0 1 0 0 0 0 0 0 0 0 1 1
1 1 1 0 0 0 0 1 1 0 0 0 0 0 0 0 1 0
1 1 0 0 0 1 1 1 1 0 0 0 0 0 1 1 1 1
0 0 0 0 0 0 0 1 1 0 0 0 0 0 0 0 1 1
0 0 0 0 0 0 0 0 0 0 0 0 0 1 0 1 1 1
0 0 0 0 0 0 0 0 0 0 0 0 0 1 1 1 1 0
0 0 0 0 0 0 1 0 0 0 0 0 1 1 1 0 0 0
0 0 0 0 0 0 1 1 0 0 0 0 1 0 0 0 0 0
0 0 0 0 0 0 1 2 1 0 1 0 0 0 0 0 0 0
0 0 0 0 0 1 1 1 1 1 1 0 0 0 0 0 0 0
0 0 0 0 0 0 2 2 0 1 1 1 0 0 0 0 0 0
0 0 0 0 0 0 2 2 0 2 1 1 0 0 0 0 0 0
1 0 0 0 0 0 0 1 1 1 1 0 1 1 1 1 0 0
1 1 0 0 0 0 0 1 1 1 1 1 1 1 1 1 0 0
0 1 1 1 0 0 0 0 1 0 0 0 1 1 1 1 0 0
0 1 0 1 1 1 0 0 0 0 0 0 0 0 0 0 0 0
0 0 0 0 1 0 0 0 0 0 0 0 0 0 0 0 0 0
1.1922058942
1.2343439268
-0.5154728605
0.3732685199
2.5354917504
0.1830359130
-1.0349630100
-0.5886127401
0.9150679361
-0.5889193870
0.8498372814
0.1307726267
-0.9210280544
-0.9989880899
0.3353202632
-0.4024395626
1.1563631377
0.5031230568
-0.5056988697
0.3426843796
0.2624123231
-0.1563162142
1.2728803608
-0.7027710450
-0.4255127181
0.6939257624
-0.8902655340
-0.7636598056
0.2690884972
0.9789828220
0.0687950605
-0.3805356012
0.6488870683
-1.8143469525
-0.3241737476
-1.1452092127
-1.2101401594
0.0310947958
0.6379054496
-0.0581099252
-0.6424784233
-0.9582670296
-0.3345065295
0.2813039329
1.3141630009
-1.4157666389
-0.1563897888
0.2012094722
-0.6317720777
1.6971431510
1.9732860537
1.1978118331
0.5810541875
-2.3046097857
1.3787239051
-0.6881257051
-2.9053922589
1.8789899696
-0.9576720054
1.2914172514
1.7054758939
-0.7445142661
0.8101566861
-1.5120296696
-0.5688145378
0.3276867086
0.3666756325
-1.6597161913
-0.3424801525
-1.7182698377
-0.7343257483
-0.0485839881
-2.9108696633
0.8919832576
0.9578684650
0.3846021884
-0.0126772362
-0.9617519440
0.1296267224
0.0482066387
0.0189573529
1.6757637406
-1.6086928361
-1.2358299495
0.1856400441
0.8962100727
0.4916439216
-0.1633695666
1.0347795844
-1.4988551045
1.3729807228
0.7893462381
0.8701712681
0.3455292295
0.8778577265
0.1857869626
0.8512032368
0.0073109295
-1.2491543402
0.5312238831
0.4206347332
0.4926909485
-0.1372959453
-0.3943361871
-1.8256746873
1.9132691965
-1.2704046552
0.9513548725
-0.6238865148
0.4150625744
0.6730850547
0.1099693062
-1.6419541161
0.5205935841
-0.1387683090
-1.6862585834
-0.3478654750
-1.3356720262
0.4100987140
-0.3795101979
0.9847701727
-0.2991537272
0.0782972073
-0.9952773279
0.7877082577
0.1238198933
-0.8668999299
-0.9361439620
-0.7922777120
-2.2935407272
0.2551297160
0.0228734625
1.1900433989
-0.3087138488
-0.8612454890
1.1754513100
-1.0248595965
2.6749843882
0.4671114097
1.5921624708
-0.1856419990
0.8935414710
-0.0018627866
2.4008169588
0.1513748347
0.5517038301
1.5111335020
0.3250406052
0.1768164904
0.2513097224
-0.8707731119
0.8226669473
-0.0828952070
1.0008296203
0.4500809680
-0.6216578536
-1.0921250515
0.1090221106
0.8098621237
-0.5094782504
-1.2690110638
0.8564574315
0.1877959739
-0.7026136846
0.2474436175
-0.4136321434
0.0825290652
-0.8685885088
0.2177978456
0.2349966972
0.1315600181
-0.0787352980
-1.5418370430
0.4027594074
-0.0219652139
0.1046516028
1.5094012855
-1.2307183633
-0.1121104211
-0.0249487178
0.6845740653
0.1635596862
-1.0496119420
1.3050949100
-1.1119501457
1.2505221673
0.1114095122
-0.2630799031
-0.7624522351
-0.6433100282
0.2054676680
-0.8561129374
0.1269792568
-1.4359039134
-1.4987057398
0.7322627528
-1.0429870567
0.1719482518
1.0745274491
-0.2356029836
-0.3192516455
0.2051827097
-0.4914246776
1.7927484103
0.5809257705
0.7396328464
-1.3046150658
0.4708264993
-0.2292318254
-0.0484110254
0.2617516175
-0.5389205373
-1.5375239949
-0.5313476893
-0.6159794897
0.8908367816
-1.1976541771
1.5957475919
-1.9417061402
-1.0567348335
-1.0940882177
0.1612084251
-1.5897797322
0.9326710099
-0.8705849467
-0.3667553775
-2.4406446180
-1.9524124985
-0.0074343363
-0.1588237103
-0.2062184270
-1.4479075622
-1.9849686408
-0.0502753031
0.4392438662
-1.0631196815
-0.5026637577
-0.3835565442
-1.1983535923
0.2014663600
-1.9700056197
-1.0380712835
1.6840375464
-0.5201162537
0.0193125937
0.4175875649
0.1410344319
0.3681292504
0.2805844744
-1.2190039680
-1.7220058489
-0.7200991023
0.1509585743
0.4757313660
2.1792570619
0.0912388789
0.8255153887
-0.3399391772
-1.8011734161
-1.7388018560
-0.2440992732
1.1595372290
0.2013005893
-1.3233200472
1.2072384099
1.1143564692
2.0248589859
-0.4236139311
0.0435925459
0.1878081395
-0.6780991678
-0.7528479723
0.9110015082
-0.4175900880
-2.0141337070
0.1815805154
-0.6093532633
-0.7481063572
0.3762333560
1.0336042790
-1.7016898130
0.2554125425
0.7804992233
-0.3966084467
-0.1463372602
-0.5718722511
-0.6067156948
-0.6136749642
-1.1635045825
0.4510146829
0.9221820785
-0.0418049993
-1.0984094175
0.9255318217
0.6973513129
-0.4032485864
0.1876060295
-0.8100655466
-0.6448217598
1.0432839642
-0.1972137562
-0.1729134730
-1.3510864103
-0.1024856720
-1.3305640450
-1.5559820391
-0.0723887561
1.1637785500
-0.5064056508
-0.0142186842
0.5294319281
-0.7760318492
0.5694441159
-0.2841477356
0.0428099186
1.2436540364
1.5738314380
1.3913040489
0.9528641602
-1.6455429778
1.2471166266
-1.2675365441
1.3020391263
-0.1301810627
-1.6212118257
0.6893142622
0.2903314269
-0.5543832138
0.5375365782
-0.4254760759
0.6818939290
0.0335519727
0.2189278181
-0.5500509561
0.9096253281
-0.2003959603
0.5808557502
0.2822709203
-1.5781997860
0.5691888056
-1.3021257895
1.1779454805
0.7037854216
-1.4786001365
1.2045155727
0.2396758823
-0.9523349647
-0.6695615522
-1.0266613263
1.2798160671
-1.1449077649
0.0470150464
0.8804536512
0.9983129691
0.2615242751
-0.6705162743
-0.2623880604
-0.7410438427
-0.4645778602
-0.6493044913
0.3966659540
-0.1320885664
0.0649580348
-0.9491015859
-0.6724932572
-0.7710499917
-0.1600545851
0.2081428522
1.3866847336
-1.2339792931
-0.6568269524
-0.6013058812
0.5746835556
1.1767696822
0.6421783576
-0.2321244223
-1.4094637687
-0.2979119989
0.0243197337
-1.1037129511
-0.8837048014
-0.5400974539
-0.0181237837
0.5733871063
-0.2748085631
-0.9784829593
0.8301316471
0.5747767028
-0.1270673170
0.3581525271
-1.3552821562
-0.5907955289
1.1254796573
-0.3252954227
-0.1585549769
-1.2842831280
-0.0771021821
-0.8847328208
-0.9421503591
1.8204210710
1.6005382055
0.8113931597
0.6577869765
-0.2957593770
0.1085527304
-0.3494125133
0.1319128844
0.5699935266
-0.2759804148
0.6965723436
1.1886765563
0.6133109438
-0.6987847475
-0.6485259659
0.2896744931
-0.1252555336
0.7197515973
-0.1255024507
-0.4540413572
1.4613224532
-1.4062524777
1.1482811945
0.4663673539
0.8555551415
-0.3418131935
-0.9320939227
-0.0656994832
3.2606513971
0.8152256695
-0.4669303277
1.3915713869
0.1225599320
-1.1476412112
-0.3532533875
0.3794197960
-0.7613532692
-1.2021248838
-0.7685003333
-0.6143837780
-0.4987749542
0.4381005850
-0.2679019228
-1.9211697368
1.2241152201
1.4289135398
-0.1767277664
0.1587451477
-2.9787778722
-1.0868543788
1.6512232293
-1.0455475510
-0.5242367547
-0.6938261723
0.1210476705
0.1955072123
-1.0086011680
0.4657674070
-0.3368690038
1.7124030483
0.4678036033
-1.1940625447
0.3141511135
1.0534309872
0.1972067244
-0.1263853130
0.0420168692
-1.5495275412
0.8005189163
0.0007898387
2.0706690713
2.2864984959
-1.0123238839
-1.3531018305
1.1965703716
-1.4999791217
-0.5900716197
1.4610661271
0.1318787758
1.5940167068
-0.8637302084
-0.1303591099
0.1329710243
-0.6207644567
0.5620828502
1.0968036818
-0.6048871749
-1.3409520904
-1.1396338164
0.6644930616
-0.8015268033
0.9503442080
-0.5039033099
-1.7613304491
0.4696598703
1.8169597102
1.9367853733
1.4413166672
0.1632697054
-0.7708575067
-0.1444159536
0.6264008557
0.8530781482
-0.7316105017
1.5989683821
-0.3061308835
-0.6866069570
-0.4595531906
0.3458666861
-0.2263735672
-0.0610736033
-1.1261134269
0.3045876771
2.0607761561
0.7021115190
0.8243031380
0.1705314365
-0.7822944252
1.2784037264
-1.9150979399
-0.0570209770
-1.0227644169
-0.7120096995
-1.2282035981
0.5061186500
-0.6124106840
0.6489104430
0.1070314956
-0.6149214999
0.5857579722
-1.6842050594
-2.2801039055
-0.6266880935
-1.1922604321
0.8307190841
-2.9805310389
0.3804247889
-0.8872215295
0.8348262128
1.2663499880
0.8119007762
-0.9305476101
0.9976259134
-0.3124517316
0.2645609840
-0.0016266703
-2.3073334017
1.0957422711
-0.9558487233
-0.9397750900
-0.7754391273
0.8832022558
0.2964446629
-0.7823811597
0.6725099267
0.2812263420
-0.6751715633
-0.6861123891
-0.7161490652
-0.2668068901
0.6837247077
0.7109600044
1.4933110559
-0.5856851183
-0.1992341743
-0.0277510047
1.1159299027
0.9229850967
0.7473210002
0.0971611663
0.2146802310
-0.5962861220
-1.6672757618
1.4324909219
-0.9351711571
1.2065805665
0.3434518067
-2.3017045010
1.5640373636
-0.6397280977
0.4528873619
-0.9029382102
0.5349243234
-0.1433811578
-2.4777366816
-0.0231467607
1.2936561946
-1.0083629454
-1.6473701138
-1.8051154648
1.7630715808
-1.3053561353
-0.7322651290
0.5216741938
0.0669170166
-0.7357596983
0.7166907786
-0.3893965329
1.2943703948
1.1489955180
1.2519059446
-0.8844079301
-0.9116043232
2.1717642864
-0.7952755795
-1.0429013522
0.3277362379
0.0405361462
0.6288781147
2.3679748905
0.6103365072
0.5207153348
0.6340538059
-0.7342988755
1.3524406276
-2.0683128095
-2.3200115286
-2.7675906758
0.3274258960
0.2034209712
1.1291015722
-1.3126993383
-0.8073173530
0.8256479347
1.2397604729
-1.1280282160
-0.1437740934
-0.0655850978
0.8194044363
0.1655122042
-0.4708981161
-1.2403770257
0.7861371559
-0.1830202660
-1.8375639203
1.2187404595
-2.2791572681
-1.1760595341
0.8731137924
-0.4883594881
1.1040442660
-1.9318721486
0.3067729097
-0.5706573099
1.5851387183
-1.3939410277
-0.7981566981
0.3110529546
-1.5234746231
