14 2 0.11
25 0 2 0 3 0 4 1 1 1 2 1 3 1 4 1 5 2 0 2 1 2 2 2 3 2 4 2 5 3 0 3 1 3 2 3 3 3 5 3 6 4 1 4 2 4 6 5 6 6 6
16 0 3 1 2 1 3 1 4 2 0 2 1 2 2 2 3 2 4 2 5 2 6 3 2 3 3 3 4 4 3 5 3
0 0
2 5
0 0 1 1 1 0 0 0 0 0 0 0 0 0
0 1 1 1 1 1 0 0 0 0 0 0 0 0
1 1 1 1 1 1 0 0 1 0 0 0 0 0
1 1 1 1 0 1 1 1 1 1 0 0 0 0
0 1 1 0 0 1 2 1 1 1 1 1 0 0
0 0 0 0 0 0 1 1 1 1 0 0 0 0
0 0 0 0 0 0 1 0 1 0 0 0 0 0
0 0 0 0 0 0 0 0 1 0 0 0 0 0
0 0 0 0 0 0 0 0 0 0 0 0 0 0
0 0 0 0 0 0 0 0 0 0 0 0 0 0
0 0 0 0 0 0 0 0 0 0 0 0 0 0
0 0 0 0 0 0 0 0 0 0 0 0 0 0
0 0 0 0 0 0 0 0 0 0 0 0 0 0
0 0 0 0 0 0 0 0 0 0 0 0 0 0
-1.9804508321
0.4376250522
0.1157579883
-0.3707390713
0.3579477989
0.1771642519
-0.7561057100
-0.1257778007
-0.6947185148
-0.5475506091
1.6381951718
-0.2441004872
-0.9062830903
-0.0415122287
-0.4015039337
0.8048871124
0.2241647262
0.2599624416
0.1324119305
-0.6996973449
0.3754457504
2.6716281996
2.0549920282
-1.4546153561
1.0273220680
1.1941852493
-0.9638042927
-0.4692588430
-0.3568855050
0.8871856837
-2.3391340514
0.4367637830
0.8707203943
-0.4084723864
-0.5553652886
1.6610442472
0.1090989473
-0.6210654087
-0.2262050690
0.4771629049
-1.7190592583
-1.3763354277
-0.6841863327
-0.0465702178
2.0390904255
1.6016278751
0.2347897947
0.5315314542
0.1127659295
-0.1253389406
0.8445001606
1.0244094751
0.1715987872
-0.8099915881
-1.6403302270
-0.4570741712
-1.7630366825
1.5067640414
-0.8984701892
-0.0633615263
0.6086550138
0.6481704275
0.1213438659
1.7626538163
-0.3803901477
-0.0354235258
-0.3316009162
2.9749186768
-0.7992236436
-1.9328389300
0.5995649616
0.1701016740
-1.4945236987
0.6379739906
0.5373404988
-0.7524351612
-0.4063185542
-1.4563431856
-0.9962872914
1.7047613659
0.2106794930
0.8448531541
1.8795555433
-1.6587917027
-1.3908745164
0.3108276505
-0.0493344894
1.1618608621
1.1840510137
-0.1691824391
-0.9522520689
-0.0552408846
-0.7928476531
-0.5554210645
0.9001219938
-0.5777650984
-0.9257266263
0.1053294315
-0.2905792396
0.0858814080
-0.4239403861
-0.3260273993
0.2968068068
-1.3389743558
-1.6384603549
0.7292763429
1.5637055103
-0.6769589618
0.2711648390
0.9588366833
0.9728253611
-0.5800729265
0.3072879801
1.9001248385
0.0457999682
-0.2318965602
1.5590973041
0.5086716406
-0.1724246973
2.5454412163
-1.4721109871
0.2969691110
-1.3994986809
-1.0900894093
-0.5566885918
-0.1069517927
1.1850499817
-0.0216031473
-0.0418836822
-0.5749188455
-1.1038311050
-1.1252573282
-0.4843500759
0.4879042741
0.4458695858
0.6220589662
-0.1380470803
-0.7496618275
-1.9358509334
-0.8031365190
-0.6272569532
-0.7939966089
-1.2646027246
-2.0363196230
-0.2149802793
-0.0581877244
0.4881634108
0.8054883267
1.2101757536
0.4584975362
0.0895947698
-0.9033251043
2.1649478709
0.7021475192
-1.0900343182
-2.3231259526
-0.1111075379
-0.1286834889
0.3072041616
-0.6093170656
0.6764986281
0.4416279494
-1.1703595870
-2.0308009240
-1.4436714528
-1.9283521586
0.6828135715
4.0366767779
-1.8459946447
1.8903021099
0.3130897582
1.3398899531
0.8516174117
-0.3080934398
0.1615883683
0.0505020991
1.2806945223
0.5250786985
0.8768707585
0.2509959399
-1.0606734024
-0.5251283456
-1.1413154757
-0.1421369938
-0.0028408520
-0.9826549465
0.8166291818
-1.2354543843
-1.5189049082
-0.1629254158
0.8682632680
-0.0653042762
0.0306301881
0.4756238422
-0.2934559134
-0.0841776086
0.7090387933
2.4918152688
-0.1844059698
1.7623546523
-0.6319885429
-0.4933546946
0.0147246974
0.7180930843
-0.5454326441
0.2955300603
-0.6536153683
0.6535311803
0.0470480854
-0.9020142123
0.0653157660
1.5708274481
-0.2362285404
0.6628571964
-0.7920147265
-0.9116063174
0.1910025792
1.7634110275
1.1511576289
0.1926890526
-0.7955609358
-0.9811223719
0.2973652729
1.7284530526
-1.4228346229
-1.0009915333
-0.6218949524
0.4332286842
-0.3959804976
-1.1561201635
-1.5828346247
-0.7353596122
-0.3228533580
0.5306217768
-0.0367495046
-1.5845862981
1.3958577332
-1.0358680280
-1.2132861649
-0.0601398342
-0.4855641871
0.1425071051
1.3169187883
-1.0934251503
-1.5959790785
-1.1107901272
0.5771298687
0.4188473546
0.8405385872
0.4710478260
-0.3268746225
-0.8571019691
1.8152152271
-0.5145410101
0.4696013486
-0.5883111673
-0.3154875835
0.9551840549
0.8288882602
-0.1874966022
-1.1181877417
0.5379082547
0.0910650435
-0.1781870112
-0.3864533316
1.8942040190
0.7887548811
1.6641564656
1.2166549766
-1.7316050625
0.9180902586
-0.6281094643
-0.4849598064
1.8558530905
1.1552243151
0.8131266347
2.4866111462
1.2882163762
-0.2215636032
-1.1420647484
1.1289088371
0.7861347465
-0.8747115343
-0.6748726956
0.3906439763
-0.5109074848
-1.3642388084
-0.2307438773
0.5173920092
-0.4291761947
-0.5948333872
-1.2890667296
0.6260782327
-1.1145200303
0.7526209249
-0.3008448225
-0.5840479967
0.1177299007
1.9461174964
-0.4867020107
-1.1020788163
-0.0028618078
0.2524242301
0.0883032022
0.2705948557
0.3389506932
-0.6298733142
0.5067190326
-0.3407511038
0.4966159156
-0.0438600741
0.5521050325
-1.2196643376
-1.1084372210
0.1929311136
0.0644804626
0.1985263392
-0.3339262182
0.9874093912
0.3787863577
0.4117105641
0.1638525056
0.7674063991
-0.8128714372
0.0350100156
1.4032889854
1.0952475678
0.2239987506
-0.1947975787
-0.5129522830
1.9094938695
-1.0105797632
-1.6988056580
-0.7348962168
0.5482348222
-0.2932023130
0.0276379829
0.8366316204
0.2148778072
-1.1893327809
-0.0993832525
-0.0711224978
-0.8739989207
-1.1758748215
-0.4203478058
0.6549096990
2.5726336556
-0.0328196743
-0.7549124376
-0.1884097619
1.4193729651
-0.7646372797
0.1731795375
0.4240350927
-0.9055797866
-0.5656881251
-1.0807801976
0.8782026362
-1.7896984497
0.3690561853
1.7760380673
0.4591593955
1.1046017392
-0.4969622370
-1.6466874602
1.2556850809
0.5304528724
-1.6053493173
-1.4411724113
-0.9816138409
2.4974062876
1.2198086561
-0.8280727438
-0.5459561894
-0.1089621671
-0.0023924868
1.7985056823
-0.0048981244
0.3878917264
-0.8085445620
0.7926791008
1.7761267794
-0.0011691347
0.4962526622
-0.6635230849
-0.7727559002
-1.3028115773
0.4390089715
0.0303340387
0.3460596789
1.1477442193
-1.2563204690
