13 7 0.16
7 0 2 0 3 1 0 1 1 1 2 1 3 2 0
7 0 3 0 4 1 0 1 1 1 2 1 3 2 1
7 0 2 0 4 1 0 1 1 1 2 1 3 1 4
7 0 1 1 1 1 2 2 1 2 2 3 0 3 1
7 0 0 0 1 1 0 1 1 1 2 2 1 2 2
7 0 2 0 3 1 1 1 2 2 0 2 1 2 2
7 0 1 1 0 1 1 1 2 1 3 2 1 2 2
2 3
8 6
6 1
7 5
10 8
10 8
8 9
0 0 0 0 0 0 0 0 0 0 0 0 0
0 0 0 0 0 0 0 0 0 0 0 0 0
0 0 0 0 0 1 1 0 0 0 0 0 0
0 0 0 1 1 1 1 0 0 0 0 0 0
0 0 0 1 0 0 0 0 0 0 0 0 0
0 0 0 0 0 0 0 0 0 0 0 0 0
0 0 0 1 0 1 0 0 0 0 0 0 0
0 1 1 1 1 1 1 0 0 0 0 0 0
0 0 0 0 0 0 1 1 0 1 2 0 0
0 0 0 0 0 0 2 2 1 2 1 1 1
0 0 0 0 0 1 1 1 1 1 2 2 0
0 0 0 0 0 0 0 0 1 2 2 0 0
0 0 0 0 0 0 0 0 1 2 2 0 0
0.9235697749
0.5746507376
0.0730093852
-0.2733805305
-0.9851048377
1.3922544137
-0.3027111071
-0.5887612473
-0.7303864589
-1.0138218778
0.1240054288
0.6234367921
0.7531360444
0.7575752879
0.3911059079
-0.0877478678
1.4935580289
0.4310667883
-0.3698963416
0.8894152782
0.5547298468
-0.0766778771
-1.1965800916
-0.9153013208
-0.4006924581
0.2631225529
-1.1624484078
-0.9413342997
1.9491308990
-0.2531559088
-2.4034606807
0.3855696136
-0.2957017175
-0.5617037665
-1.3643421332
0.0708420134
2.1901443422
0.4351257652
0.3712681141
0.8147292704
-1.9274548658
0.6966040208
-0.1330537408
-1.1917324000
0.5572469179
-0.0909229116
-2.3051005178
0.2265864010
-1.5868257249
0.7523351881
0.8000791250
1.1709635502
0.1066144353
-0.1798610902
-0.8911834712
-1.2104248032
0.3971168748
-0.0626421749
0.0489453878
-0.4831686953
-0.9144637419
-0.1456146696
0.6192613869
0.0932073177
-0.5684866615
-1.7929306857
1.0101026489
-0.7986588165
0.5254238507
1.0168879103
-0.3097831606
-0.5704258747
0.8512904044
0.2181020085
0.3339145220
-2.0373573507
-0.3981352224
-1.4341924860
2.1980233871
-0.4109616442
0.5164836772
1.6286329548
0.8354315622
0.7004357910
-0.6763692934
-0.8902345269
-0.2675267786
-1.2150426586
0.0868406852
0.1628130635
0.3256042282
0.8608425846
-0.4341708787
0.1297818057
-1.2371271177
-0.6966695918
-0.3266172704
-0.1721626767
-0.8873211374
-0.5455769842
-1.0821396647
-0.0883493789
0.7876666457
-1.1794881556
0.3252318073
-0.4510751156
0.7722468388
1.7332145084
-0.7604158742
0.1705650861
-1.9713129374
1.9061486252
-0.1878442284
0.0165673994
-0.9206874601
-1.8530826874
1.4226659416
0.1899680622
0.0187445611
0.5475722974
0.1166867101
-1.6672910630
-1.3707110544
0.9755993649
0.7541613520
-0.1610567966
-0.7001359217
1.3988264709
-0.8911533787
0.3863176001
0.7319967592
0.2920109960
-0.0825881780
-0.2440183649
0.1730048881
0.1250505401
2.6745928673
-1.5385484644
-0.9637532119
-0.7196075375
-0.7623413564
-0.1668690257
-0.1489734300
0.5216588673
0.1602527073
0.9428196034
0.0759909415
0.5521109039
-1.3766375984
0.7722773153
-0.2468741300
-0.6878179932
-0.3502197475
0.2873618325
-0.3364235359
0.6145203990
0.5917774767
-1.8075597670
0.1666397345
-0.8000986723
-0.5070088983
1.1310932102
0.7505121019
-2.1355921547
0.4314584012
2.1826973186
-0.4938396899
-1.1615439365
0.0862234520
-0.5249826649
1.3360948974
0.3443559622
-0.1861402124
0.0388757486
-1.0467031494
0.2676198322
0.1727881068
-1.1596717537
0.1154795830
0.4186464613
-0.1512598859
0.3911541497
-0.8194398056
0.4157336815
-0.0441114312
1.2174988358
-1.0396092983
0.5553668384
-0.4795811700
-1.7547515530
-0.6014183576
0.1246357056
-0.3426796590
1.7248434401
-1.0300288856
-0.3620645565
-0.8316679332
-1.0003492529
0.6082012117
0.3232647493
0.2598833866
1.8233911364
0.7923144667
1.3374158813
-0.2052064227
0.3789111744
-0.7416056672
0.3925499715
0.0240855178
1.8825556501
-1.8983221593
0.5221684659
-0.2022694486
1.6118952221
-0.1595772308
-0.7301542756
-1.6526457384
0.6993784835
0.8086157598
-0.0680265867
0.8346027509
-0.0309352602
1.6509686283
0.6386971025
-0.9431313972
0.7069873025
1.5972046330
0.1426490764
-0.0150505596
-1.1868514766
0.3100414100
-0.0668880916
-1.9622927318
0.7873163423
-1.1229651286
0.3831876936
-0.5152511748
-1.3863734701
-0.2199983103
2.4818840504
1.1490621311
0.8308456257
0.0429573982
0.2376724434
-2.0395612464
0.2210020890
1.0503984928
-0.5327630084
-0.0623349012
1.4481358848
-0.3534598219
-0.3884142211
-0.4831591381
1.7178357604
-0.8579574460
0.2995977154
-1.8852588626
-0.0646335758
1.4668959425
-0.2639192844
-0.1649380118
0.4848893335
0.4941941693
-1.0910860940
0.4159866741
-1.1613221142
-0.8909286947
-1.0475419470
-1.2523476163
1.1595102455
-1.1797521285
0.6538829388
-1.0849903741
-2.2495940123
0.2848796738
1.2652939846
-0.3445252499
-1.1742919898
-0.0121329719
2.2038218583
1.1057249273
-0.0608872023
-0.9097740557
2.4107995385
-1.5166281199
0.8330150136
-0.1303714332
1.0360521852
0.9397872473
-0.2051253543
0.3233848047
-2.3107920091
-0.0592081868
-0.0500981810
-0.1591130706
0.7305755559
-0.9090493991
-1.9602965478
1.4555780510
-1.0681286669
1.4460397684
1.5491045010
-0.0824767641
0.7451512603
-0.8976923769
-0.2246306038
0.9221247630
-0.8699812517
0.2555498975
-0.3910317021
-0.5030832496
-0.5343595970
0.6870920691
-0.7090179571
-2.1794858538
0.7955878031
0.0778170489
0.4111444506
-0.2817152435
1.5216934752
1.1538867927
1.4168860117
0.0468919529
-0.5297210577
0.7002707656
-1.5827634052
0.8632098927
0.0812591610
0.4163493388
0.8306484540
0.1849931664
-0.9507952372
0.0913108195
-1.2475917299
-0.5020778798
0.3320271896
0.9292384719
-1.0441963033
