14 8 0.19
6 0 0 0 1 1 0 2 0 2 1 3 0
6 0 0 0 1 0 2 0 3 1 0 1 1
6 0 2 1 1 1 2 2 0 2 1 3 1
6 0 2 1 0 1 1 1 2 1 3 1 4
6 0 1 1 0 1 1 1 2 1 3 2 1
6 0 2 1 0 1 1 1 2 2 1 2 2
6 0 0 0 1 0 2 1 1 2 1 2 2
6 0 0 1 0 1 1 1 2 1 3 2 1
10 5
6 5
0 9
6 7
11 4
9 10
10 9
11 7
0 0 0 0 0 0 0 0 0 0 0 1 0 0
0 0 0 0 0 0 0 0 0 0 1 1 0 0
0 0 0 0 0 0 0 0 0 1 1 0 0 0
0 0 0 0 0 0 0 0 0 0 1 0 0 0
0 0 0 0 0 0 0 0 0 0 0 0 0 0
0 0 0 0 0 0 0 0 0 0 0 0 0 0
0 0 0 0 0 1 1 1 1 1 0 0 0 0
0 0 0 0 0 1 1 1 1 1 1 1 0 0
0 0 0 0 0 0 0 0 0 0 0 0 0 0
0 0 0 0 0 0 0 0 0 0 0 0 1 0
0 0 0 0 0 1 1 0 0 1 2 2 1 0
0 0 0 0 0 2 0 1 0 0 1 1 1 0
0 0 0 0 1 2 2 2 1 1 2 1 0 0
0 0 0 0 0 2 0 0 1 0 0 0 0 0
2.0478077311
-0.2597409706
-0.6544444568
-0.3155534461
-0.7362469596
0.2009187355
0.8813129207
0.9170923145
-0.3395267414
-0.6262356603
-1.2318822245
-1.7607583252
1.5940354795
-0.6600067974
-1.4043423547
1.2056293721
-0.5414850007
0.5548080825
2.6966756312
-0.6005135730
-1.7862626903
0.7699283846
0.5213952867
0.3515805512
0.0002449166
-0.5379061796
0.8438884506
0.7527837289
-0.8991182628
1.4627105358
-0.1823047987
-0.7550026831
-1.0730626804
-2.3088974795
-0.0178669331
-0.8798634798
-0.3642022146
0.0646691484
-1.9240876664
-1.8411258062
0.0878873135
0.0364202029
-0.0628274829
-0.6861839691
0.9027661315
0.2826357572
0.1947370652
2.1491321185
-1.5824195779
0.0090436293
-0.2160616854
2.4288302028
-0.2048941339
0.3183332865
-0.5054574944
-0.3970389838
-1.1848405614
1.4673602030
-1.0151264936
0.8602273445
-0.0779320521
0.1609255345
-0.5988343859
-1.4713392499
-0.0350781529
0.4843799773
-0.1957953982
0.4067820391
1.7539811540
-0.4195180857
-1.6676313155
1.2232456705
0.3330637317
-1.0234928761
0.3735517288
-0.0393390753
-0.4707083343
-0.4434524225
0.8263103496
0.3292425649
-1.0049603732
0.7135767957
-0.8288454711
-2.0673974611
0.1383677356
-1.1829454064
0.1661799738
-0.2420957684
-0.2376643043
-0.4067604906
-1.1218727412
-0.2130422217
0.3460002151
0.2306826675
0.3719541125
-0.7920806267
0.1398403951
-0.1706855092
-0.0457061333
2.6623822136
-0.2824068020
0.9955807975
-0.2380697469
-1.3122090829
-1.0253502013
0.5414713104
-0.4755286180
0.6349059533
0.3809733680
0.4270577850
-1.3353002428
0.2706595510
-0.1650987893
0.9491761211
0.3693666540
1.6050532730
-0.9495889482
0.8642764677
0.4765374122
0.1761867864
1.1954419786
-1.1827837609
0.1827760850
-0.8386598323
1.5923323050
0.3078362790
-1.8073859443
0.3112234806
-1.6279639007
-0.0700251193
0.4773361505
-0.4013756685
1.3560560925
2.6636268051
-1.5383146847
-0.2066270531
-1.1013722586
1.2941835768
0.5355260949
-1.2162086531
1.1014533844
-1.0309454731
1.0920519861
-1.1322110589
0.4906012065
-0.3408662815
-0.9065710038
-0.8653241455
0.3460224956
-0.6906996591
0.5911145879
0.2374712014
-1.2671563935
-0.9308906107
0.5786481584
1.4258315160
-0.4651116501
-0.2856941121
-0.6910032484
-1.2729834193
-0.0977975370
-1.5934337723
0.4318789560
1.2243298835
2.1107468006
-0.5923966266
0.3733773572
0.0071195689
0.8563775715
0.8492245893
1.1429146264
-0.3063788334
-1.0253138959
2.1482171711
0.3105602619
-0.0764317966
-0.4588108537
-0.1995326587
-1.4465661289
0.3354560485
0.5012533164
0.1690626453
0.2435756356
1.4121285965
-0.3180644550
-0.7618345308
-0.7754820590
0.4029533651
0.7558706015
0.6449165550
1.3833323269
-0.6593300103
1.6497595550
-0.6430691570
-0.9186014182
-0.5587599256
-0.4371136266
-0.9707442707
-0.7378938031
0.2629734051
0.1118014325
-0.7200993052
0.5437937673
-0.6122399180
0.2341990330
-0.3302490108
-0.1399107830
1.2404602010
2.4962623465
-0.1360239084
0.6821969338
-0.2393891266
-0.0242506369
-0.3415414855
-2.4537935558
0.2664065916
-0.2425944453
-2.3277254975
-0.5938790362
-0.0281720296
0.4823203939
-0.6665790217
0.2159466124
0.6948071682
0.1611436795
0.8398899389
0.5777648297
0.7925625767
-0.3691520364
-0.5083967687
-1.0220214271
0.7909288231
-3.4724325386
0.4073507431
-0.9739331779
-1.7103898311
-1.9742832252
-0.6961358106
0.7863623959
0.0645058345
-0.9529014005
0.1519760562
0.9453710859
1.1543291226
1.0948200827
-1.7022563184
-0.1230041686
0.8577955401
-1.7358106452
1.7351971261
-0.2930066087
-1.2124905406
-0.4315152828
-2.8268922883
0.4989536044
-2.1368878646
-1.8487029888
0.7983708936
-0.3588129055
-0.8340924491
-0.9406494532
-1.0355064699
0.5842790289
0.0764939718
0.5634918902
1.2197489837
1.5697908289
0.8096965345
2.5357452492
-1.2114135128
-0.7300600005
0.3640937014
0.4824471490
-1.8989522830
0.8103375064
-0.2604310250
0.7036026476
0.0521718241
0.5634098854
1.2455875952
1.2960285955
0.8552611399
0.5171007994
0.0611818558
0.7230845874
-1.4356198335
-0.2676657412
-1.0308954865
0.5075225151
0.3870102248
0.2768162901
0.4931088945
0.7217753295
0.6318297948
-0.8901038737
0.7782147842
0.7194808256
0.6876002083
0.9859394862
-0.4619707547
-0.0979666878
-0.5161288900
0.3163754159
0.6191411263
0.3264920890
0.5981386208
0.9181984258
-0.3983265584
3.3853677337
0.6878584263
-1.6866054004
0.2370204141
-0.2960325832
-1.2309299181
1.4029509820
0.3543704626
-0.4691337863
0.4011291709
0.5195816354
1.8016757563
-0.3230774495
-0.5265551699
0.0205709368
-1.1249979129
-1.9409481212
0.6793077004
-1.5670820152
0.4524663629
-0.3193246905
0.3141964992
0.5799413266
0.3699779412
0.1016801613
-0.0329343558
-0.6672229937
-0.9629541973
-1.0390992660
-1.0301805718
0.5645592242
-0.6613221815
0.4825560851
0.2084969984
0.8660938270
-0.3403402296
-1.7371117808
-0.9254069026
-0.1613373107
0.2108961345
-0.0972809545
0.3938589118
0.7254989936
0.8149128655
-1.3891910906
-0.8543653769
-0.6860800511
-0.8831310514
0.8238249733
0.1890659560
0.5080708475
1.3409944575
0.1466319166
-1.7928441099
0.4520285258
-0.5356979227
0.8244704404
-0.3137787190
-1.3141052234
0.8223293268
-0.6282836186
0.1228996063
1.3889937295
-0.7651111818
1.0903671643
-1.8051324417
-0.7101768875
-0.7799115397
-1.7332193837
-0.9728731374
1.0743688428
1.1325408446
-0.3219136667
0.9036386507
0.0863856225
-1.9865325014
0.5829521836
-2.0034357883
0.3038482768
-0.1426202365
0.7033749262
1.5168126496
1.1308336798
-1.9701975025
