11 3 0.09
9 0 4 1 3 1 4 1 5 2 0 2 1 2 2 2 3 2 4
7 0 0 0 1 0 2 1 0 1 1 2 0 2 1
13 0 3 1 1 1 3 2 0 2 1 2 2 2 3 2 4 3 1 3 2 3 3 3 4 4 4
5 5
1 7
3 2
0 0 0 0 0 0 0 0 0 0 0
0 0 0 0 0 0 0 1 1 1 0
0 0 0 0 0 0 0 1 1 0 0
0 0 0 0 0 1 0 1 1 0 0
0 0 0 1 0 1 0 0 0 0 0
0 0 1 1 1 1 1 0 0 1 0
0 0 0 1 1 1 1 0 1 1 1
0 0 0 0 0 1 2 1 1 1 0
0 0 0 0 0 0 0 0 0 0 0
0 0 0 0 0 0 0 0 0 0 0
0 0 0 0 0 0 0 0 0 0 0
0.0383669657
-0.2401770548
-0.0004519969
0.1460118417
-2.0543374662
0.5133828246
1.1667478469
1.2954759328
-0.8450116331
-1.4666740698
-0.6483796504
-0.6198826296
0.7487326355
-0.0213141198
-0.3022887236
-1.4957232378
-0.5822155907
-0.6727207900
-0.8470200795
0.0377325111
-0.0354389033
1.0241729552
0.3196163231
0.8855140386
1.3407773254
1.6932610185
-0.7250145781
0.1327534115
0.8762490107
-0.7932088740
2.0714474273
-1.1133679643
0.4527736932
1.2212370526
-0.0637433434
0.2884528720
0.6486106025
-0.6836087502
-0.2440446749
0.3734693791
1.3070406116
1.0199443466
-1.5548116684
1.3144868402
-1.1367901867
-1.8335549675
0.6819109562
-0.9325146396
-1.1256019674
-1.0412523213
0.9682921366
-0.1685037910
0.3845050531
1.1199856400
-0.2535468953
-0.7432755447
-1.9041939462
0.5804296148
-0.3713931622
0.5192359572
-0.8537253709
-0.1361944544
-2.1000676826
1.2234767565
-0.3473786396
2.2479043739
0.9893615920
-1.1617327386
-1.2065769032
-2.4819662456
0.2846420010
-0.1681886765
-1.7378586125
1.3251468202
1.1562077157
0.2514578948
-0.8129012721
-0.0348794566
1.2301457089
-0.3112493422
-0.7780028030
-0.4652421990
-0.2799742501
0.7355285102
-1.2279826683
-1.0796510738
-0.9228363871
0.0784677759
-0.3828684153
-0.3572986973
1.5587880243
0.6141553641
0.4011594532
-0.2549662339
0.0641694322
0.8847945923
-0.3525511111
-1.5353815770
-2.2318497862
-0.2151763809
-0.1337327968
0.3807088810
0.0193380204
-0.3974506587
-2.0054385802
0.5431487622
1.1280306552
-0.6346120446
0.1659312477
1.9881900998
0.9793373184
-0.5313851937
0.9011340777
-0.9211140429
-2.6476664695
0.3616738983
0.9725622521
0.2692002915
-0.5048213258
0.8482902865
-1.6093078887
-0.1034363002
-2.7732606561
1.0398537265
-0.7028207387
-1.6886654841
1.0282441793
-0.1068827230
0.6164846805
0.1506199614
-0.4692025680
-1.2561394405
-0.5558935252
0.9237810619
-0.4623576801
0.8980277441
0.6087007943
-1.0097364880
1.2306739661
1.5115162806
0.8619392687
0.2512142840
-0.9755975097
-0.5678389540
0.4508440966
0.6069548639
-0.3400916871
-0.0996371400
0.5329610892
0.4124129020
0.6347724656
-3.2116424451
0.6823553893
-0.7200986388
-1.3729856865
-0.7622333606
0.7145163811
0.6160844601
-0.5416562143
2.1830585431
0.6676043953
-0.5003921324
0.5116583236
1.5355687009
0.2447861711
-0.8282290691
-2.1489959048
0.8110213535
0.8017692053
-0.2828783997
1.6864841959
2.0801311662
0.9297807802
0.2573129907
-0.9663798993
-0.1521293349
-1.4779661828
1.3779896647
-0.2890141851
-0.0937225918
1.0161343629
-0.2157071699
0.6846908372
-1.8023428525
0.0443923502
-1.3602709315
0.8459271138
0.7860983285
-0.1352846171
-0.2553493684
-0.1579577275
0.0845110013
0.0563209209
1.1943906256
0.0185592535
-0.3192146814
-0.6286492566
0.6227008572
-1.6368737194
1.7733445014
-1.2405471145
-0.4742666747
1.3258635608
0.6913528377
-0.4166465493
0.5079397361
-0.7359175156
-0.4458511379
-0.3332987072
0.6276401188
-1.1609718698
-0.2391348080
-0.9386670176
1.3452755756
-1.4362466043
2.5262877428
1.1946613281
-0.6591608298
-0.4248487651
-0.5774362015
-0.1674791529
0.4208048493
0.8401246652
1.6640902326
-0.5826854252
-0.1856362788
0.5969669052
1.4021782447
0.7626415165
-0.7910968263
0.0593468182
0.0138897255
0.0475255341
-0.3067129564
1.5542595219
-1.1425820455
0.9538646925
-0.5811799731
-0.3494826714
-2.4051512052
-0.2830308057
0.4713663808
