18 15 0.06
7 0 0 0 1 0 2 1 0 1 2 2 1 2 2
7 0 0 0 1 1 1 1 2 2 1 2 2 3 2
7 0 2 1 1 1 2 2 0 2 1 3 0 4 0
7 0 0 0 1 0 2 1 2 2 2 2 3 3 3
7 0 0 1 0 1 1 2 1 2 2 3 0 3 1
7 0 2 1 0 1 1 1 2 1 3 2 1 3 1
7 0 0 0 1 1 0 1 1 2 1 2 2 3 2
7 0 1 1 0 1 1 1 2 1 3 2 1 2 2
7 0 1 1 1 1 2 2 1 2 2 3 0 3 1
7 0 0 1 0 2 0 2 1 3 0 3 1 3 2
7 0 0 1 0 1 1 2 0 2 1 3 1 4 1
7 0 1 1 0 1 1 1 2 1 3 2 0 2 1
7 0 1 1 1 1 2 2 0 2 1 2 2 3 1
7 0 1 1 0 1 1 1 2 2 0 2 1 3 0
7 0 0 0 1 1 1 2 0 2 1 3 0 3 1
6 0
4 2
10 2
7 11
3 14
7 4
8 14
1 13
12 7
7 9
11 10
11 13
9 2
3 6
2 8
0 0 0 0 0 0 0 0 0 0 0 0 0 0 0 0 0 0
0 0 0 0 0 0 0 0 0 0 0 0 0 0 1 0 0 0
0 0 0 0 0 0 0 0 1 1 0 0 0 1 1 1 1 0
0 0 0 0 0 0 0 1 0 1 0 0 0 0 2 1 0 0
0 0 1 1 0 0 1 1 2 1 0 0 0 0 1 1 0 0
0 0 0 1 1 0 1 1 1 1 0 0 0 0 0 1 1 0
1 1 1 1 1 0 1 0 0 0 0 0 0 0 1 1 0 0
1 0 1 0 1 0 1 0 0 1 0 1 1 1 0 0 0 0
0 1 1 0 1 1 1 1 0 1 0 0 0 1 1 1 0 0
0 0 0 1 0 1 0 0 0 1 1 0 0 1 2 1 0 0
0 0 0 1 2 1 0 0 0 1 1 1 0 0 1 1 1 0
0 0 1 2 2 0 0 0 0 0 1 0 0 0 1 0 1 0
0 0 1 2 0 0 0 0 1 0 1 1 0 1 1 1 1 0
0 0 1 0 0 0 0 0 1 1 1 1 0 1 1 0 0 0
0 0 1 0 0 0 0 0 1 1 0 1 0 0 0 0 0 0
0 0 0 0 0 0 0 1 1 0 0 1 0 0 0 0 0 0
0 0 0 0 0 0 0 0 0 0 0 0 0 0 0 0 0 0
0 0 0 0 0 0 0 0 0 0 0 0 0 0 0 0 0 0
0.6483775868
-0.5953358140
0.1639148480
1.1697741390
-0.8300855901
0.8576670229
0.3441393458
-0.1937165427
0.8145305219
-1.0093909941
1.3331284650
-0.8985882167
0.1708038108
0.0745492395
0.3160836127
-2.2599742785
-0.7433553479
1.2447870224
-0.9896333406
-0.6232456515
0.7220437636
-0.4188408906
-0.2471658333
-0.1625225015
-0.1926355617
-0.6179940069
-0.1453815265
3.0776740714
1.3362459545
1.5257651378
-0.6421999058
0.5369945234
1.8274766073
0.2512577607
-2.2190195920
-0.8237685685
0.3926414484
-0.6513911581
0.6251430963
0.3435343178
-1.5774430820
0.3893937467
-0.5058761667
-0.2498636424
0.2545531355
0.7151049874
-0.1660074205
-0.9236541326
-0.8636407369
1.4027966064
-0.5190212961
-0.3080477991
-0.4596268022
1.0063237067
-0.8561482669
-0.7484901570
1.2413248760
1.1027388295
-0.8802956442
-0.7398625151
0.8413395113
0.7614984986
-0.7423722901
-3.1162449742
-0.0757689113
0.7580823898
1.0946359127
0.7828127807
-1.0516190789
0.6309181435
-0.8059407089
2.0248820790
0.3496190974
-0.3947715655
-1.0326350193
-0.1565357278
-2.2117549856
-0.0340990949
0.9866917891
0.0140155765
-0.7177275283
0.5984271768
-0.8655814277
0.6894744587
-1.8678912464
1.1829602178
1.0232890751
1.6260890932
0.3930655590
-0.8699045884
-0.5408663148
-1.2932655707
-0.1074864175
-0.9826531542
0.8091570695
0.1339809353
0.4516647656
-2.2777642493
1.5321166747
-0.2409945540
0.1032296680
0.0352295681
0.4178947578
1.4417810032
1.6910849061
0.0484816881
-0.1865275770
-0.8693898646
-0.0818422529
-0.7478294336
0.1392340599
-0.5413964539
-0.8004229006
1.1162397551
-0.1982848742
-1.6838090449
0.8954306213
0.4206432212
0.4126632341
1.0192166552
-0.1956283498
0.3829436887
0.0823073284
0.0756019764
0.5391585605
0.0614879583
-0.7552083652
0.4368199609
0.2863123590
-1.9282472262
0.5873934764
-0.6501226078
-1.9880614363
-0.0150578120
-1.3368565241
0.0864673344
1.6469098958
0.3746753485
-1.5993775086
0.4543791995
1.2196447523
0.3188620414
-0.7186248510
-0.2540289388
-1.4283403797
0.9404635656
2.5268983854
-1.7733185886
-0.2221966117
1.1127313115
1.1763265387
-1.5725552430
-0.0583960082
-0.1889862646
-0.2668537686
-2.4178560194
-1.8480759845
0.9066226020
1.6397778771
0.2870603946
0.1556968693
0.1094173647
-1.4859452342
0.5869653300
0.5581230823
-0.1047682939
0.5261425087
-1.2046755019
-0.5099635528
-1.3708874879
-0.7791613644
-0.1450572789
-1.1867839066
-0.0578155597
0.6917880346
0.3466026553
-2.4145395202
-1.0960017451
1.0041222254
0.3656082110
0.0368505921
0.0137117149
1.0202522527
-0.8036903900
-0.5855436399
0.9410911834
0.3022283513
0.4369081400
-0.6602964431
0.5537493556
0.2593047459
0.8361504376
1.0462429265
-0.6534173316
0.6044920531
0.7006398653
0.5856235181
-0.7396178903
0.0484449002
-0.8849094898
-0.4881547099
0.2139927066
0.9442220961
1.9402619757
0.2847237071
-0.4334294675
0.0169566525
0.2612427463
-1.9943441631
-0.6538545191
1.4190384652
-2.5112411829
1.1910082169
0.6763698138
-0.0464511610
-0.4343920329
-0.9131199491
-1.2287296602
1.7695534074
-1.7524015717
-1.2075913128
-0.8681329489
-0.7514810257
0.2072656937
0.3165999898
-1.3159173642
0.8119000105
1.6321528086
-0.8764926033
0.1193411450
0.7667647228
0.5683761451
0.0487711360
-0.4513914554
-1.1611436657
0.4973979677
-0.9270511182
0.6949878402
-1.6811600386
-0.8246827277
0.8608215579
-1.3065936763
1.0156159888
-0.0390553020
-0.3350147577
-0.2672607189
0.2852569122
0.8681648755
-0.0700228690
-2.4661139754
0.9442276906
-1.1399339534
0.1794597343
0.4956311349
-0.3682414515
-1.8290074118
0.6373915301
-0.9499709138
0.6770116568
0.1024116502
-0.8898667711
-0.1661467809
-0.4841136307
0.3089894352
2.7220386823
-0.1433738665
0.2789685551
-1.0668311327
0.4214971428
0.5864069252
-0.1569725649
-1.4509490740
-0.2563664637
-0.0514295265
-0.9062837873
-0.8826964768
0.7995061614
-0.9609088992
-2.5094375784
-1.0363448097
0.9378923137
1.5735059689
1.0518851543
-1.3155935572
-0.8004034572
-0.0973172135
0.0387931483
-0.0340019275
-1.1307503634
-0.5143784050
1.2261698054
0.1580839396
1.4300684785
0.0259097319
0.2959250815
-0.2561292765
1.2018525543
-0.0872807162
-0.8393888852
0.7497126586
-1.5433843926
-1.4314866281
0.2609579604
0.3296875035
-1.1883692454
0.8997019770
-1.1107587748
-0.0359078002
0.5374030929
-0.1663839375
0.8407282081
-0.2618142430
0.2234651925
-0.3597333310
0.3723413730
-1.7764663814
-0.4081225592
-1.2109619280
0.2326153043
-0.3055990615
0.4906103113
0.8746710576
-0.0556660343
-0.0269946720
0.4033908811
0.3405019554
0.2214667135
-0.8297047837
0.3592795697
0.3744515510
-0.7234889148
0.5050644103
-0.4655217045
-1.1258787392
2.8490119583
-1.0087422813
1.1588003428
-1.0182387323
1.4716842204
1.7809487271
-0.1451679273
-0.0536434940
0.3528712633
-1.0140274227
-0.3658919509
1.1711078701
-0.8990694540
0.1340436252
0.9818356898
0.4700351910
0.0905275996
-0.9766308879
0.7938481889
-0.6073763491
0.5899390418
0.8130652839
-0.6900065748
1.9620797261
0.3541452084
0.4470658454
0.3901891168
0.2203196323
0.6005818971
1.0281941525
0.3871786055
-0.1142712612
-1.3608977663
-0.7231256274
-1.2163149071
0.5125789901
0.1371417872
-1.9565038578
0.4242536727
-0.3978412610
-0.6310770095
-0.4095964351
-0.7834823600
-0.7558334100
-0.9671351839
0.4375262245
1.7350575911
0.3724666427
1.8534729302
0.9626247097
-0.9846668395
1.1456826249
0.6675934939
1.9818738442
-0.4109365847
0.4350748616
0.1772757271
1.1821869390
0.0493041651
0.2039499255
-0.4041310747
-0.3700478776
-0.6261267578
1.0672362340
-0.5105325737
0.4539049665
-0.9318826765
1.2309162202
0.5269541416
-0.0768239197
-1.5421119103
1.5984136256
1.6002018614
-0.5664259750
0.2406597792
0.3242481050
-1.0278912159
0.5047821051
-1.0223656490
-2.2496477145
0.7049341203
0.6595536821
-0.7589550736
0.8096942443
-0.7201015149
2.5550061865
0.5477645844
1.0352803515
-1.5626792704
0.4237707339
-1.7405386703
-0.6428522381
-0.8325242037
-0.2226374391
0.9911836340
0.3810568425
0.6940165804
-2.1645470502
-0.1390579731
-0.5184690627
0.9183465152
0.2432344463
-0.3244595232
1.2420644912
0.2501075490
0.0910987450
0.1319623483
-0.2862016300
0.9270694415
-0.9871244973
-1.0704868678
-0.2818261843
1.1403392791
1.1520476148
-0.6154593285
-2.3784673752
-0.4412945689
-1.0946708873
-0.3589394574
0.5519482489
1.7280487457
0.7271848158
2.0683910306
1.3790371259
-0.4658586404
-1.7888373745
1.1699392239
-0.3559910698
-0.5564126426
1.1499057518
-0.0585559417
0.7433321970
0.6782094594
0.9456717879
0.4530166714
1.3190766346
1.2083747797
-2.0156496143
0.3972158676
0.3231136260
-2.1600196518
0.9782934438
0.2628477778
-0.6924615955
0.3863266090
-0.5745403422
-2.5688016934
0.4771942762
0.4302972124
0.8560075258
0.4385830476
0.8317612234
0.2094682870
1.6039220643
-0.0710493695
-0.8093634631
0.1076951230
-0.9381805495
-0.2680880676
0.0951924912
-0.1771864476
0.0896611479
-0.5449344586
-0.6364000793
0.1298331464
-1.7729133183
0.1740253998
-0.6966974787
0.3072237483
-0.3941902026
1.0540822529
-1.3155622605
1.1032370372
-1.2867717849
-0.6891144448
0.5237551696
0.5655157645
-0.2457124105
-0.8064444325
0.0065543125
-0.7681199288
-1.5078965920
-0.3439241639
-0.4596687445
-0.5538003146
-0.8822324808
1.2261766960
-0.1497742350
-0.5561576674
0.5484605430
-1.1498058533
0.4600258855
1.1687298191
-0.0079582020
0.9649541700
-0.0574359193
-2.0530524914
-2.2443206485
0.2234881464
0.4755327028
0.8342328691
0.2883278514
0.5062178203
-0.1326817454
1.0450284688
-0.8017437315
0.3885258261
-0.8260808062
-1.0764033153
1.6169918549
-0.2108554319
1.4191528017
-0.2482905998
-1.4093187373
-0.6748269380
1.2951032133
0.4601324766
-0.8796922586
0.1458291892
1.4120839793
0.5451222313
1.1122118876
-0.6714265575
-0.3909987145
-1.1859277146
-1.1189837278
0.3950238125
0.9158025552
-1.0778819059
0.1528057138
-0.9543634737
0.6059072396
0.4931242085
-0.3627156877
0.8448626464
-1.5272162231
0.2626354630
-0.3756816777
0.5108382769
1.7756269630
0.9489645152
0.6177358738
0.0589825280
-0.0836843406
-0.0848094843
1.7031719352
-0.6840127449
-0.7382401635
0.0973017063
0.1839315041
-0.6886221212
1.2243996099
-0.9866601802
-0.9496032746
1.2850286556
-0.8376401149
-1.1379420795
1.2537167080
-0.9120056710
1.5066745997
-0.4605331908
0.2915212305
0.0154813624
1.4906282206
-0.7128102124
0.2943120373
-0.2455840797
0.0453819684
-1.3260776206
1.3665284077
-0.7675170918
1.1948430795
1.3630127271
-0.6177571483
1.1140756358
-1.7186702887
0.4541073041
-0.0159003527
-0.6624891316
0.5888897802
0.5868678481
0.7095769682
0.9074858535
-0.1334304035
1.4082057527
-0.0840769594
0.0713141005
2.5477614081
-1.0820912637
0.2544658181
1.6104913437
-1.3352471093
0.4414238058
-0.4773819595
-0.4498259711
-0.6386696623
-0.0809928883
0.2294336320
0.0636011286
-1.9580086607
1.7503832034
0.4099191742
-0.6403004835
-2.1943775001
-1.5571537786
-0.1404810141
1.9889573873
-2.0902670869
-0.3041133479
-1.6993432598
-0.0962439326
0.7398176137
0.8496249587
-1.4973543882
