18 3 0.09
33 0 8 1 2 1 3 1 8 1 9 2 3 2 4 2 8 2 9 3 1 3 2 3 3 3 4 3 5 3 6 3 7 3 8 3 9 4 3 4 4 4 6 4 8 4 9 5 1 5 2 5 3 5 7 5 8 6 0 6 1 6 2 6 3 6 4
45 0 1 1 0 1 1 1 2 1 5 2 1 2 2 2 3 2 4 2 5 2 7 2 8 2 9 3 1 3 2 3 3 3 4 3 5 3 6 3 7 4 1 4 2 4 3 4 4 4 5 4 6 4 7 4 8 5 1 5 2 5 3 5 4 5 5 5 6 5 7 5 8 6 1 6 4 6 6 6 7 7 1 7 4 7 6 7 7 8 1
45 0 7 1 5 1 6 1 7 2 1 2 2 2 5 2 6 3 2 3 3 3 4 3 5 3 6 3 7 3 8 3 9 4 0 4 3 4 4 4 5 4 7 4 8 5 0 5 1 5 2 5 3 5 4 5 5 5 6 5 7 6 0 6 3 6 4 6 5 6 6 6 7 7 2 7 3 7 4 7 6 8 3 8 4 8 5 9 3 9 4
10 5
1 1
3 7
0 0 0 0 0 0 0 0 0 0 0 0 0 0 0 0 0 0
0 0 1 0 0 0 0 0 0 0 0 0 0 0 0 0 0 0
0 1 1 1 0 0 1 0 0 0 0 0 0 0 0 0 0 0
0 0 1 1 1 1 1 0 1 1 1 0 0 0 1 0 0 0
0 0 1 1 1 1 1 1 1 0 0 0 1 1 1 0 0 0
0 0 1 1 1 1 1 1 2 2 0 0 1 1 0 0 0 0
0 0 1 1 1 1 1 1 1 2 1 1 1 1 1 1 1 0
0 0 1 0 0 1 0 2 1 0 1 1 1 0 1 1 0 0
0 0 1 0 0 1 0 2 2 1 1 1 1 1 1 0 0 0
0 0 1 0 0 0 0 1 0 0 1 1 1 1 1 0 0 0
0 0 0 0 0 0 0 0 0 1 1 1 0 2 0 0 0 0
0 0 0 0 0 0 0 1 1 0 1 1 1 1 1 0 0 0
0 0 0 0 0 0 0 0 1 1 1 1 0 1 1 0 0 0
0 0 0 0 0 0 1 1 1 1 1 1 1 1 1 0 0 0
0 0 0 0 0 0 0 0 1 1 0 1 0 1 1 0 0 0
0 0 0 0 0 0 1 1 1 0 0 0 1 1 0 0 0 0
0 0 0 0 0 1 1 1 1 1 0 0 0 0 0 0 0 0
0 0 0 0 0 0 0 0 0 0 0 0 0 0 0 0 0 0
-0.5946821834
-0.1473712101
-1.9127906955
-1.5000551826
-2.0676506938
-0.4040946017
-0.8955849783
0.3314074524
-0.2471006086
-0.1480446750
0.0981116653
0.0609034488
-2.7980575541
0.1540210070
0.0215548914
-0.6541832536
0.4498089854
-1.0177126627
-2.0678073419
0.0374183605
0.7421594532
-2.5758238938
0.0112309453
-0.1623097262
0.0990332781
-0.7938266936
0.9333587109
2.3175255808
0.7569286163
-1.0348143522
-1.0628135169
2.0092523535
0.2165327155
0.4804376775
-0.6451255576
-0.8500037587
0.9219822812
-0.6498884778
0.7013575666
-0.5076147486
-1.8118878846
0.8822543254
1.6179141227
0.4538172458
0.2770782492
-0.3837723755
1.0516501392
-0.3276166332
1.1991251532
1.5728393694
0.1632655358
0.3492179939
-1.3868785402
-0.3070803784
0.3452892772
1.3886845279
0.6088347988
-0.6270038929
1.4569505909
0.2620467303
-1.6956955604
-1.0678323568
0.6649073280
0.6093671126
1.0491600441
-1.8558045728
0.1267424281
0.8658210259
0.0995255870
-0.4771538593
0.2119086708
1.0219318701
0.0146769291
0.5395022411
-0.1882452602
-0.4467997129
1.4805332073
-0.8663573988
1.3498499995
0.4902773603
-0.0923113470
-2.3590790708
-0.9210328067
0.6459659520
0.0084477482
-1.6078331667
0.0563994376
0.3007353581
-0.3814195084
0.8253791114
0.2380535319
1.8888713850
-0.0230521913
1.7448371477
-1.5895957989
-1.3513166961
0.9904818397
-0.7809070718
1.2977956662
0.8326802659
1.3433504565
0.5061169536
-1.6883669738
-0.4911152506
-0.4764915816
1.0417673210
1.6127358762
-1.4628645518
-0.1484127478
-1.4750921216
0.9281931172
1.7887438319
1.8263615946
-0.2948049732
-0.4222626145
-0.2846518100
-0.2643123355
-0.2625234449
0.2953375936
-0.2271308921
-0.5917010592
0.1665349391
-0.3834019748
-1.4996435748
0.4352555957
0.8558627284
0.3617906601
-0.8963827591
-1.3394836962
1.0962956480
1.3770651147
-0.0431030056
1.0945524480
-0.1674541653
0.5575947536
0.7835737117
-1.1291557142
-1.2987727925
0.7973192913
-0.9049049172
-1.1939233208
-0.7543481183
0.0350102014
-0.4804900156
-0.5959346794
0.7305006557
0.5362648579
0.1846283151
-0.3542882802
0.0691153559
-0.5101951614
-0.8213248810
0.3498581106
-0.1825532343
-0.9965089277
-0.6027011738
0.3081216564
-0.5067201662
-0.9874372160
-1.5962321873
0.9522985985
-0.9827713496
-0.3857138254
0.0617911921
-1.0181683572
0.0587530744
0.0468341199
-1.3728448678
-0.6055364910
0.3947429201
0.3419006180
-0.4112455568
-0.3967206636
0.0794894144
-0.1236617225
0.8183201374
0.1817045055
1.0977811636
-0.5186147842
0.6490700511
-1.7787045060
1.8151539870
-0.7434583519
0.1504636594
1.4493050324
-2.3535839399
-0.8486513278
0.8344148254
-1.0585943586
-0.0129444868
0.5338108639
-0.4585318928
0.0976770743
-0.1550394616
0.9011278788
0.3572533134
-0.6238245687
0.4834404517
1.0005940266
0.8190480326
-0.2279187960
-0.3853359014
2.8676664161
0.6108244716
-0.7727180656
-1.6024741939
1.5044008359
-0.6160246477
0.5408861769
-0.3873314004
0.3895577326
0.3362296764
-1.3705599019
1.8085752500
-0.0850359523
-1.0582577282
0.4207279938
1.5048393358
-1.8119176979
-0.2463541725
0.0792367839
0.0524959519
0.9873763252
0.6671250246
0.7905327321
-0.1007823465
-1.4281009687
-2.3105163414
-1.4994224604
0.3932185413
0.4907994781
0.6460084554
1.6532486090
1.4770427374
0.3434757403
-0.8898547823
2.6443967273
-0.2522013566
-0.8431661694
0.8882933004
2.6457185957
-0.4794024801
-0.4266050512
-0.8445327754
0.4113010677
0.3188780629
2.2471687291
-1.5612592079
-0.0719981026
-1.1027574764
0.4465192708
-0.3988131706
-2.4495234272
0.5954586227
-0.3252614626
-0.2212672618
-0.6384095346
-0.1104305904
-0.1492746265
-1.9719368322
0.3499086345
-0.9218741661
0.2885786142
0.6270677051
1.8380604872
0.0208628806
1.4640088230
0.4893859665
-1.5963230965
0.8353278735
-0.9377752023
0.0625675369
1.4752333275
0.5276619510
-0.5708251481
-1.1638310838
-1.3157565867
-1.7251842358
-0.8482832809
-0.8842060392
-1.2652745701
0.5567431242
2.1950787877
0.6949848390
-0.1128703706
-1.1456263880
1.8854720384
-1.5540399357
0.0117027097
-0.1032580835
-1.6697556527
-0.0025360016
1.5062897759
0.7957685875
-1.2061419688
0.6663916427
0.4699247270
1.3401515082
1.2118363127
-1.8347421458
-0.0984041475
2.1302158807
1.6331169036
-2.1096163325
-0.4159387210
0.4914995895
-0.4457615622
0.3028138345
0.7789141210
0.3704723233
-0.6619083563
-1.5553479225
0.1506450443
-1.3413847048
0.1515931546
-0.0657035064
-0.9750359219
-1.1021043008
0.4388595259
-0.9466438196
-0.6679365455
0.2770764984
-0.1334882947
0.1813979382
0.0666757788
0.7543381895
1.3212188077
2.7912837438
-0.7041569082
0.2831883772
-0.5016483198
0.4646656920
-0.9008933123
0.7297253736
-1.2830695775
0.5618279671
0.2626648440
-0.1308103333
0.9532662692
1.0787294237
0.4367514317
0.0153706031
-1.6316335907
0.1429516059
0.7990635855
0.3042068854
0.2344057645
-0.2889498965
-2.0123052993
-0.8778338673
1.8786759175
-0.6975175554
1.1086119510
-1.5261819016
-0.6623433239
-0.7217568229
-0.6908217931
-0.5542121545
0.4965003008
0.1772419126
0.1715929108
0.0627498736
-1.1079415142
-0.1682277391
-0.7861739378
-1.2439491610
0.7856943435
-0.5806372305
0.4108446811
0.4884691455
0.3068795873
1.9910373553
-0.0171017918
-0.7486453429
0.6597516918
1.6108250674
-0.0512884631
-0.2288004365
-0.4060015752
-0.2552709425
1.5731446546
-0.6375349499
1.2310029395
1.1581892157
-0.3490014401
0.4908134249
0.9185933028
-0.4118874809
-0.4436473721
2.0910980775
1.0039123606
-0.8969862418
1.9854646886
-0.3830174573
0.2241007103
2.6643419665
-1.3775584387
0.7620976625
-0.0684242340
0.8269077324
0.1523670830
0.9416853634
0.3380281105
2.0281690467
-1.1655175713
1.8742867023
0.7551172958
0.9800248024
-1.0716424617
-0.6407810067
-0.0587413596
-0.1589701722
1.0289502445
-0.2749570622
0.3999548288
0.9532109345
0.2802809474
0.5618485169
0.9330917027
0.5738292723
0.9307837539
-0.4135301265
1.9498740796
-0.7613252755
-0.1807753119
1.2406857377
-1.1366742073
1.1620126478
0.4016570565
-1.5869756330
-1.8171100941
-1.4956892992
0.4304423051
-1.4462838060
0.8970539272
-0.1210717094
-1.0930914391
0.7969653601
0.5698310986
-0.7247447634
-0.2836837523
1.5372242037
0.3680433775
0.4505732789
1.3024024785
-0.3273379566
0.4186804098
1.1547954513
-2.0910837005
-1.0032310233
-0.0466206834
0.5770549466
-0.0030763862
-0.2815901955
1.1331066633
-0.1456261592
0.4586308815
-0.9505469307
-0.7163016495
0.8591949420
-0.0624394871
-0.7860343058
-0.9912578985
0.5378674161
1.8461964647
2.0603306094
0.2498179345
-0.1785434366
1.1537250476
1.1871496644
1.0157820909
0.1635593377
1.0786215632
0.3256752282
0.2517306385
-0.2569761130
-1.0828093689
-1.0753310439
1.3248486227
-2.4131970208
2.0775291497
-0.5510634633
-1.6876655874
0.0714264051
0.4209071235
0.9875988311
0.7808021437
0.4905910879
-0.1130559369
0.2644987882
-0.8997268921
0.8609248165
-0.5022487492
-0.1331720775
-0.5085053191
0.7642263240
-0.2011268068
0.1772204916
1.3604180180
-0.1773269138
-0.9738211247
1.0386752773
0.5604458443
0.7869342244
0.6954881561
1.6383475803
0.9764827106
-1.7220318676
-0.7293330402
0.0865168571
-0.1971125228
-1.5176109161
0.6741328218
0.0892300332
0.0519025036
0.6873057594
-0.5148613291
-0.4813423416
2.3765140551
-0.6421962667
-1.7349136121
0.8505590815
-0.0375457228
0.4159079381
-0.3958477888
1.1900042699
-0.3478276767
0.9756660651
-1.2620977682
-0.6748529154
0.8952926630
0.3060744432
-0.6900178037
0.7008347499
-0.3199567206
-1.1589000354
-0.5779557010
1.5979455924
-0.0602618445
-0.7521696780
-0.4793195895
1.3560165915
-1.2264672406
1.3790033843
0.0215032774
-1.1156574321
-1.0512892252
0.9718368499
-0.4650846079
0.1030555863
-0.6581852826
0.5041988194
-2.0381733263
1.6885393877
0.0667068141
-0.1472096868
-0.9198985453
0.5434919343
0.0390240765
0.1533875572
-1.9881694542
-0.2353878376
0.2560588401
1.0049632204
-0.8765658739
-0.0593275831
0.7857058246
-1.5891968253
1.1751395180
-0.4634096725
0.6986416745
0.3481483095
0.3640101066
0.4721754936
-0.5966015540
-1.5184235426
1.3051171496
-1.2502696658
0.1069437956
1.0254559934
0.1721759569
-0.7453591881
0.1664703760
-0.0820772888
1.3009440709
0.8051701367
-1.5926534450
1.6193852160
-1.4400798935
0.3206279780
-1.4907420453
0.8616090453
1.1508744182
0.0654680720
-0.6391690570
0.6265407248
0.2091153985
-1.1796724542
-1.8724759075
-0.6584064101
-0.4413623948
-0.2725794140
0.1078625837
0.1238726946
0.2710928726
-0.3247330494
1.5529861174
0.8497122587
0.6787828132
1.2736432942
-1.0921500828
-0.4376494909
-0.0572056737
0.9951023560
-0.5763110691
0.5793023919
1.3157749603
-0.4643032886
-0.3010249153
1.0429164675
-0.2271052658
-0.7063775863
1.5606211074
0.1226419214
-0.1442007270
1.3522436274
-1.0269878989
-0.1391827745
0.6260045593
1.4247676468
0.8443445810
0.2538833987
1.3197960801
1.0708946074
0.0530551727
-0.7878481734
-0.1925803490
-0.4378308656
1.1124395459
-1.2589918626
0.6924522679
-0.1255792666
-0.4125534288
0.3463212331
0.7813342399
0.7128377536
0.8776465045
-0.7653505908
