13 5 0.16
9 0 0 1 0 1 1 1 2 2 1 2 2 3 1 4 1 5 1
7 0 1 1 0 1 1 2 0 2 1 2 2 3 1
7 0 2 1 0 1 1 1 2 2 1 2 2 3 1
8 0 1 1 0 1 1 1 2 1 3 2 0 2 2 3 0
8 0 3 1 2 1 3 2 1 2 2 2 3 3 0 3 1
1 0
1 5
2 1
9 8
5 2
0 0 0 0 0 0 0 0 0 0 0 0 0
1 0 0 0 0 0 1 0 0 0 0 0 0
1 1 1 1 0 1 1 0 0 0 0 0 0
0 2 2 1 0 1 1 1 0 0 0 0 0
0 1 1 1 0 0 1 0 0 0 0 0 0
0 1 1 0 0 1 0 0 0 0 0 0 0
0 1 0 0 1 1 0 0 0 0 0 0 0
0 0 0 1 1 1 0 0 0 0 0 0 0
0 0 1 1 0 0 0 0 0 0 0 0 0
0 0 0 0 0 0 0 0 0 1 0 0 0
0 0 0 0 0 0 0 0 1 1 1 1 0
0 0 0 0 0 0 0 0 1 0 1 0 0
0 0 0 0 0 0 0 0 1 0 0 0 0
0.4362442780
1.9064547165
1.0841345451
-0.9039443884
0.9187402934
-0.7064759743
-0.7741608822
-0.8706344239
-0.1652912546
2.3377134229
-0.6098660556
0.2696810864
0.0091344811
-0.0751215782
2.3921506127
1.7776629774
-0.8278614634
-0.1700768860
-2.4377892898
1.1533354610
-0.1166956279
0.7561928304
0.8465656728
-1.2807731296
-0.2389533289
-1.0242066772
0.4693000728
0.6829988091
-0.8555428833
-1.2786499225
0.6331059030
1.0292225262
-0.3433595909
-1.6066183774
-0.7816535166
0.6986024261
-0.9427976429
-0.3929782153
1.3785691271
1.0806761638
0.2800986340
-1.1230037412
-0.1515705541
-0.5574950539
-0.8408071659
-0.0532567869
0.0819653678
0.4055652362
-0.4877401343
-0.2584585216
0.4771559232
1.2477515294
-0.8360047685
0.8963928728
0.7434155485
-1.9799221194
0.2090714980
-0.1206353319
-0.8850634736
-0.1720182011
1.1343272515
1.1323749588
1.1673639709
-1.1323919203
2.4155837404
2.8537205349
0.4241695501
0.3582246307
0.6005337952
0.2591938148
0.6273830364
0.6567914806
1.8219874302
-0.3810416490
0.4114905488
-2.2949593499
-0.4757472962
-0.1169261116
-0.0553044960
0.3381970744
0.0237366338
-1.1275682107
1.6333934252
0.5288257235
0.8401732706
-0.7034013003
0.3320007347
-0.1592921470
1.8667542556
-0.1720210460
0.0284799541
0.6820672622
-0.5679597846
0.5244194659
-1.0322053900
2.9994418280
-0.7218707828
0.1827493881
-0.0569873647
-0.6290907430
0.3509581210
1.5678215608
1.3692941895
0.6770183886
-1.0109261796
0.6337531697
1.1471335401
-0.7190449938
1.9341050070
-1.1809983566
0.6022468167
-0.0899158514
-0.1795831762
0.4195239785
-0.4262791554
0.2134977860
0.8820104483
-0.8559386782
0.1670683359
-0.8536726542
0.8374115377
0.5651476071
-1.0663930282
0.5869819160
0.2703934075
0.1111317107
0.9135841123
1.1073124557
0.6865350120
-0.7635332245
1.6162222022
1.3155166077
-1.9981886168
-1.2180125815
1.7380784416
-1.0286967480
-1.6890468870
0.9376711720
-1.3484966180
1.1026589698
1.0216975158
-0.2996320773
0.0388035018
0.5421097515
1.3046005382
0.5178884207
-0.1474895767
1.4811863779
0.6817639281
-0.3572723105
-0.0074839604
0.4219985272
-1.0734468823
-0.3434164123
-0.9208777104
0.5545037945
-0.9285606645
-0.7717012091
-1.1345346924
0.0410270199
0.4965599560
-0.4886837536
1.0355233409
0.9113610239
-0.9010679746
0.6108770439
2.1278209709
-0.6341385254
0.4652294922
0.6326543253
0.9573507587
-0.5998756223
-1.1984382384
2.0611853627
-0.4325688839
0.5725925737
-2.0609894167
-0.6948155031
-0.3830725050
-0.3573021821
0.4342198264
0.7223491408
1.2142136331
-0.0631979131
-0.9467503520
0.6878622742
-1.5135391478
-0.5715517659
-2.0989782552
0.3519081998
-1.9075361825
1.9534666781
1.0714314231
1.2328358514
0.5458684908
0.8229733277
-0.1395987668
1.2919151066
0.5121568936
-0.9143105315
-0.5885757335
0.1094090244
-0.7276074254
0.7255680622
0.1680756769
-0.5676229590
-0.9520438582
0.3569886103
0.0678467059
0.0240509203
-1.1710171871
0.9419297622
1.2140960316
0.1752835627
0.9564444586
-0.9898516530
0.0323584587
-2.1650349535
0.2537751966
-2.3691922044
-0.2102303551
1.4106006038
1.2197446789
1.6552738226
1.8035651189
0.2135685160
-0.6506702583
-1.2643052882
-0.1410255639
-0.5393252782
0.1459002036
2.1947902669
0.6644261963
1.7450624962
-0.7950707054
-0.9560977119
-0.8303194922
-0.1450490402
0.7851340593
-0.4753476077
0.2659561768
0.2046422955
0.2097761243
0.6125057187
0.4483972736
1.0670792092
1.0033273448
-0.4389862595
-0.7294417588
-1.0510591220
-0.4251440620
0.6681413948
-0.9748639669
0.6677663175
-2.3744500000
-1.0599271617
1.1216820445
0.1145511964
-0.0318438491
0.7002782417
0.8765234802
-0.8853542357
0.6758281882
-0.8260798242
-0.0840851823
-1.1419095794
-0.7022577785
-0.0135240299
0.6911752341
-0.1967480724
-2.0090332952
0.8315818430
-0.0634792677
-0.8710871363
-1.6319471683
-0.5164354224
-2.5406446308
-1.6711222772
-0.3689876979
-0.7150820069
0.6497741985
0.7809431865
0.7836688797
-0.4047563810
1.5544836847
-1.5987292007
0.2800665322
-0.6516046359
1.5645395390
-1.1969611396
0.1969550653
0.1310426243
-0.5483116109
-0.5515570016
-1.1407678926
0.3109455819
-0.1149683780
-0.4576087246
-0.7778466502
-1.7552220247
0.1645009733
-0.1745660028
0.0462421428
-0.0233749754
-0.9886595277
-0.8505708253
-0.7830645427
1.7301185634
1.0242279397
0.4021671041
-1.1458336549
0.1458493271
0.2179200909
0.6461588663
-1.4808085837
0.6094279864
1.6079328411
0.5320938901
-0.0762765547
-1.0430689297
0.0691489733
-2.1294789628
-0.5259349486
-0.0975651697
0.1806493770
-1.9650743942
1.1106784956
1.8237034303
-1.0902368960
0.9702174950
0.7586489928
0.7847681158
0.0321908507
-1.2452455502
0.7879701333
0.1489818241
0.2327433377
-0.4621706106
