11 2 0.05
20 0 4 0 5 1 5 1 6 2 0 2 1 2 2 2 3 2 4 2 5 3 0 3 2 3 3 3 4 3 5 3 6 4 2 4 4 5 3 5 4
13 0 2 1 0 1 2 2 0 2 1 2 2 3 0 3 1 3 2 3 3 4 1 4 3 4 4
0 1
5 2
0 0 0 0 0 1 1 0 0 0 0
0 0 0 0 0 0 1 1 0 0 0
0 1 1 1 1 1 1 0 0 0 0
0 1 0 1 1 1 1 1 0 0 0
0 0 0 1 0 1 0 0 0 0 0
0 0 0 0 2 1 0 0 0 0 0
0 0 1 0 1 0 0 0 0 0 0
0 0 1 1 1 0 0 0 0 0 0
0 0 1 1 1 1 0 0 0 0 0
0 0 0 1 0 1 1 0 0 0 0
0 0 0 0 0 0 0 0 0 0 0
0.4440639161
0.8732968300
0.7072485589
1.5613268447
-0.3199494458
-0.5098740195
0.6502072532
-2.1964769220
0.2421927652
-0.3846396575
1.5300843198
1.0507021030
0.1599674472
0.4319465032
-0.8667156497
0.9434666151
-0.2587390111
-0.0104957644
0.4500635578
-0.5575628437
0.6237278639
-0.2314293631
-1.1106550749
1.4899462448
-0.3837133706
-0.5073131357
-0.6670082834
1.0770765342
-1.1527277710
-0.6195928751
0.6188988368
1.4766733504
-0.8580776222
-1.6941818038
-1.7997313324
0.5504397783
0.8063253470
-1.8262385315
0.2235039754
-0.4078418169
0.9331922958
-1.5569592687
-0.1084001500
-0.3901718455
0.2598318806
-0.7403384866
1.3484758321
-1.3606231487
-0.4541313437
0.1841308255
1.0518157285
0.5025128213
1.2999520810
-0.5001316029
0.2960723929
-1.1985187104
1.9628638210
-1.1855599858
-0.1703541357
-0.4162562118
0.0836969566
-0.6627962675
-0.7613369609
0.3950090244
1.4061001561
0.5396529000
1.0780956535
-1.9318554342
1.3049543527
-2.5289487824
2.4957057540
1.5115863735
0.2170076321
1.0890598730
-0.4330234159
-0.8917766963
0.3818284673
1.3156092051
-1.7418422278
0.7667223067
-0.9407591807
1.3827141099
0.1320884605
0.6097828969
1.1615360311
-0.4698036671
2.7928956727
-1.7654224481
2.2767678059
1.1629953399
-0.4572958238
0.4966436602
-0.9119727472
1.6892892807
0.6716699421
1.6930458189
-0.5898263008
-0.1623814345
-0.1185217666
1.4808650489
0.8091974919
0.1552266141
1.1543865507
0.9507216324
0.5519792953
0.0058260686
-0.5064149131
0.3249113720
-0.1706604564
-0.7765261099
-0.2280825296
1.0212000834
-0.5794380523
0.0336959847
-0.0661922040
0.2567876727
-0.2900035654
0.2351960111
1.8680965388
-0.2381154273
1.4235608290
-2.3219330633
0.0085634973
0.9520207575
1.0485739534
-2.1173441391
-0.0353129173
-1.0070416944
1.0990195491
-1.3674508471
0.6825980089
-0.0487480217
-0.9911981367
-0.5027438517
1.1909932562
-0.7426327280
-0.5962547600
-0.0457900374
0.6819288542
2.5116247585
1.8717300467
-0.8648740398
-0.3249118995
-0.8831463566
-0.1600366477
1.4450988195
-0.8143565186
-0.0069289615
0.0356465355
0.1014706704
-0.0387149022
1.4915950032
1.1210484246
0.4998492137
-1.5720033863
-0.4155695766
1.4169243128
-1.2128297045
1.8170373057
0.6806454840
0.9145973664
0.8559770921
-0.9401673303
-0.5872090291
-1.6448419081
0.2114047189
-0.6920353798
-0.6098105199
-0.3065057906
0.3227105822
0.7073345543
1.4397462585
1.4557662936
-0.1537681754
-0.7493444890
-0.0330318354
-1.5173970590
0.1731538998
-0.0999596074
1.0790713234
0.1292391961
1.3325974144
-1.3229730298
0.6661939660
-0.2455939215
-0.2584679772
-0.7040800193
0.5986392371
-0.9784852445
-0.1120017553
0.3925126589
1.4642315130
-0.0805674140
0.7067530234
1.9707306232
0.1629154950
-0.8211499889
0.9291848759
-1.4026441771
-0.1261191490
-0.2002151910
1.1493033219
-0.1045397100
0.7192461122
0.1971301708
-0.6522363625
-0.1306954570
0.3369054252
-0.0942663090
0.8067966772
1.2239041797
-0.7329527894
2.1257491813
0.1103630842
0.6533045514
-1.0110757272
0.1980389082
-0.5057029280
-0.5621968135
-0.3990024152
0.1892654027
1.0371440068
-1.7824067613
0.5293538859
-0.0412816913
1.8426098491
-1.4674408723
-0.3313334983
-1.2967702988
0.6781988562
0.5391516331
-0.9724058966
-0.1488453013
0.4764270577
0.4305544775
0.9453427566
0.0983516916
3.1263743902
-0.7313689532
-2.1118897202
0.6508035062
1.0224128300
