19 5 0.12
10 0 0 0 1 1 1 1 2 2 1 2 2 2 3 2 4 3 1 3 2
27 0 1 0 5 1 0 1 1 1 2 1 3 1 4 1 5 2 1 2 2 2 6 2 7 3 1 3 2 3 3 3 4 3 5 3 6 4 1 4 2 4 4 4 5 4 6 5 4 5 5 5 6 6 5
29 0 5 1 5 2 5 3 5 3 6 3 7 4 5 4 6 5 5 5 6 5 7 6 3 6 4 6 5 6 6 6 7 6 8 7 2 7 3 7 6 7 7 7 8 8 0 8 1 8 2 8 3 8 7 9 6 9 7
21 0 1 1 1 1 2 1 3 1 4 2 1 2 2 2 3 2 4 3 0 3 1 3 2 3 3 3 4 4 3 4 4 4 5 4 6 4 7 5 3 5 5
25 0 1 0 2 0 3 0 4 0 5 1 0 1 1 1 2 1 3 1 4 2 1 2 2 2 3 3 0 3 1 3 2 4 0 4 1 4 2 4 3 5 1 5 2 5 3 5 4 6 3
11 11
6 3
9 0
9 4
9 6
0 0 0 0 0 0 0 0 0 0 0 0 0 0 0 0 0 0 0
0 0 0 0 0 0 0 0 0 0 0 0 0 0 0 0 0 0 0
0 0 0 0 0 0 0 0 0 0 0 0 0 0 0 0 0 0 0
0 0 0 0 0 0 0 0 0 0 0 0 0 0 0 0 0 0 0
0 0 0 0 0 0 0 0 0 0 0 0 0 0 0 0 0 0 0
0 0 0 0 0 0 0 0 0 0 0 0 0 0 0 0 0 0 0
0 0 0 0 1 0 0 0 1 0 0 0 0 0 0 0 0 0 0
0 0 0 1 1 1 1 1 1 0 0 0 0 0 0 0 0 0 0
0 0 0 0 1 1 0 0 0 1 1 0 0 0 0 0 0 0 0
0 0 0 0 1 3 1 2 2 2 1 1 0 0 0 0 0 0 0
0 0 0 0 1 3 2 3 3 2 1 0 0 0 0 0 0 0 0
0 0 0 0 0 2 1 3 3 2 0 1 1 0 0 0 0 0 0
0 0 0 0 1 2 3 3 3 0 0 0 1 1 0 0 0 0 0
0 0 0 0 0 1 2 2 2 2 1 1 1 1 1 1 0 0 0
0 0 0 0 0 1 1 3 1 2 1 0 1 1 0 0 0 0 0
0 0 0 1 1 1 1 1 1 1 0 0 0 0 0 0 0 0 0
0 0 1 1 0 0 1 1 1 0 0 0 0 0 0 0 0 0 0
1 1 1 1 0 0 0 1 0 0 0 0 0 0 0 0 0 0 0
0 0 0 0 0 0 1 1 0 0 0 0 0 0 0 0 0 0 0
-2.7188467295
0.7755467250
-0.7533153148
1.0536267588
0.1228147047
-0.5102007923
-1.7458918580
-1.1797077493
-0.0842297340
-0.9013330770
-0.1518148503
2.1941698074
-0.7559866855
-0.6376866382
-0.1822220948
-2.2826110872
1.5623827742
-1.9135679239
0.3850496402
-1.0051628311
0.6846970751
-1.6354000271
-0.9646892394
-2.4127335279
-1.4526075557
-0.6956713930
1.6567375575
0.4746204289
1.1597152857
-0.5405886490
0.8621216649
0.1769512215
1.5578820025
2.5634087421
2.1259503779
0.4559564625
0.5854613569
-0.7969297277
0.1994813540
0.4480655239
-0.4552029399
0.7605292077
1.0688936854
1.0750094062
-0.3191930973
-0.8010642836
0.9670044719
-0.0341663046
-0.3572770884
0.0792464904
0.4638034314
3.2802854225
-0.3623971974
1.5474579117
2.4273745011
0.3085751358
-0.6432323005
0.2228925418
1.6365079666
0.4118608882
-2.0397907378
-1.2509932524
-0.6252708057
-1.1003521965
-0.5436673150
0.2666646422
0.7594447275
0.3178969347
0.3113092565
0.1884917269
-0.4656500827
0.8047172831
0.5111116904
1.3308660040
-0.9458993300
0.3947684231
1.6876910606
0.1548663687
0.5703757400
1.0318573369
-1.0897672467
-0.2901622341
-1.0382204210
1.4006634613
0.3794033024
-1.8664197500
-0.2729265431
-0.1698012443
-1.3680760811
-1.0604589333
-1.5392160445
-0.5957417543
0.0753765208
0.5385051628
0.2430240760
-2.8609886383
0.6460899748
-1.8880046779
0.7048597708
1.2632390058
0.9244988218
0.9226062034
-1.0478355177
0.5825155515
0.0537651850
-0.2425718882
-1.0752676286
-0.0984810449
0.8993253183
-0.8564039968
0.0724958536
-1.0395796144
0.7394031602
-0.7526515066
-0.0351018633
1.2445297095
-0.0403260238
-1.0198780043
-1.5146672162
-0.8154271086
0.0152737570
-1.0646194962
-0.3315525465
-0.4853262242
0.7490435345
-1.9719075189
-1.2703571487
-0.4230322287
1.1988719054
-0.3438914114
-0.8853548518
0.8623125783
-1.0630201369
0.2657656399
-0.3057611051
-0.7201356144
0.4779137815
-1.2748451383
0.6296419035
0.2133829722
-0.8100794240
-0.3501195510
0.6590739649
0.6890170410
-0.8723716343
0.6645048954
0.6872115391
1.0010764663
0.1329155518
-0.3437918652
1.1258230281
-2.0333874403
-0.5712574573
0.4715924775
-0.4249655972
-0.1941423083
2.7459289477
0.2956447991
-0.5578850742
0.8109708279
1.2003736410
-0.5786671183
-1.0840679141
0.2655850326
-0.1965461887
0.4386431571
-0.3518186313
-0.3468792270
-1.4806375470
-2.0282301717
0.7164826856
-0.2656397585
-0.0670002794
1.0476111531
-1.0061721846
-0.4455403235
-0.6173989967
-0.0298608064
-0.6207874628
0.8643140311
-0.1255802829
-0.4180162602
0.7019682984
1.3407680235
-1.1597746879
1.1414916636
0.4176575473
1.5029729544
2.2299365582
1.0821783283
-0.2929307926
0.6267363878
-2.4969962237
0.7133442309
-0.4500598888
-0.3675300284
-0.4984436612
-0.7464257545
0.8967337522
-0.6974397974
-0.2195713880
-0.0045619562
1.0664399490
1.0354465894
-0.9764355438
0.3279589759
-0.3995918144
0.5652358133
0.5947886660
0.0154892221
0.5275228865
-1.5402903463
1.0249036023
-0.9614355755
0.2856400253
0.3699294975
0.0179036113
0.1744571373
1.7281377459
-0.1646961214
0.6022970902
0.7404551541
-0.5799714358
1.2756130952
0.9361675223
1.0012194794
0.0716529132
-0.8516391459
-0.2096132675
-0.2093095999
0.5913197146
-0.1535627650
1.0161187134
0.3908368709
2.0817246671
-0.7359316896
-1.2001886226
1.2236493331
-1.9909789397
-1.2132277478
0.9759882337
-0.4750728914
-0.9168558987
-0.7151666583
0.2483851723
-0.8542632788
-0.2445182971
0.8053566541
2.1501972694
-0.2440592987
-0.5788719108
-1.8362504436
0.6024002222
-0.0500320669
0.6672586207
-0.4432857354
-0.0064378749
0.0673762748
0.8654518408
-2.3445528984
0.4104069959
-1.2092503844
1.2147128907
0.2452426397
-1.6021040086
1.5047358595
-1.6975854933
-0.8954409697
-1.2291381173
0.9843685062
0.4418218548
0.4305762850
-1.4585555041
-0.6932997020
-2.2511226306
0.0631059042
-0.2225275531
-0.8352559390
1.0467288462
1.0090983665
0.1594932839
0.1640557829
-0.5035621889
0.5989519292
0.0556196111
0.2966213410
-2.0421653327
1.0427317782
0.7083804621
1.1162321301
-1.2763063618
0.2969401606
-0.3772551630
1.6544614077
1.1739589264
-1.0819711341
-1.1240736855
-2.0312849265
-0.6092964930
0.8358755059
0.4922212639
-0.0277072728
0.7361882244
-1.7343005540
0.2338767105
1.1025300659
1.0446508565
0.2870731131
-0.0449874134
0.7728910360
0.9639205945
1.2811191114
0.0877729033
0.0133740213
-0.4257676550
0.5260654611
0.6595978764
0.4578343652
-1.5929759066
0.8910579177
2.2074264313
-0.0617548946
-0.5923233584
-0.1613587522
1.4583274239
-1.8252138269
-1.2360835817
0.6005827094
0.2245242483
1.7380789160
-0.4406469866
-0.2837474876
0.2665715254
-0.1601735505
1.9458889912
-1.6702310890
0.4724443146
1.1047813354
-1.1823596680
2.4188661279
-0.6808388339
-1.7088347812
0.9719547255
0.4044922300
1.4658379482
0.6744071564
0.9741686089
-0.0991626716
-0.4146743223
0.9510578696
-0.7793076861
1.7485891812
1.2949805368
0.5903934971
0.5115976995
-1.0942497955
-0.7306123280
-0.6056856172
1.1877759709
1.0942295126
1.1485340335
1.9494771126
-0.3162785762
0.6271683066
1.2864115349
-1.5589273215
0.3142198135
-1.0267202818
1.8096507331
0.5374050264
-0.5723674871
1.4803754456
-1.1349843266
-0.8553392020
0.3843471078
0.1602371733
1.3643437080
0.6943878788
0.8449029861
-0.5122115812
0.8892391119
1.4959029162
1.0749909893
0.4315150571
0.6166734556
-0.8868826709
-2.1154929140
0.9707972884
-0.8281510426
0.1469898774
0.5280174745
0.3563962961
0.2167610974
1.0655939756
-0.2384871118
-0.6176078962
1.4927837571
-2.5691928123
-0.1707899975
-0.4851219180
-0.4490672961
-0.6095461852
-1.5109806007
-1.8199629121
-1.0327362908
-0.2493669786
0.8860289901
0.0691811698
-0.2726591487
0.8080222696
0.1622639159
0.6287408006
0.8449706861
0.3316001703
-0.2599731259
0.0888202191
-0.5310890830
-1.0195951200
0.7892178827
1.1534456295
-0.0979137935
-1.2750105168
0.6258026821
-1.3830410698
0.8303125440
1.6162577525
-2.8428995125
0.8588358386
-0.5029652114
-1.4528830349
2.0411006899
0.2238549210
0.2014508682
-2.0524203888
0.7824440903
-0.1051313135
-1.6395647665
-0.1024351034
1.0002902016
-0.0034711223
-0.2794751341
0.1881705001
-0.1387638826
1.2580789933
-1.1098887446
0.0845929917
0.6877213309
-0.2005236223
0.3300825083
0.1717041059
-0.9991443426
0.9452356974
0.2966675046
0.2049888784
0.2502046823
-1.0258746586
-1.3149613551
-0.1763824419
-0.8287815724
1.2026026968
0.5104466435
-0.9690124878
-0.3557317293
1.7513770603
0.2566282932
0.8539281337
-0.6028185567
-0.0108086743
-0.1065885609
0.6915818220
1.0214239752
-1.7298705303
-1.2010673616
0.0307176217
1.2533273494
0.8881979090
1.8531485806
-0.6521247023
1.7514003911
-0.0167162507
0.1607440171
-0.5980634865
0.6053630455
0.9371182156
0.6803204015
-0.4236985183
0.2519558640
-0.0990401009
0.5968304692
-1.1640070870
2.2676413545
0.0474910758
-0.0961707831
0.7917887712
0.0249850021
0.8713167110
1.3762975642
-0.6723658575
0.3334957202
-0.6500858415
0.9172009822
1.2050359357
-0.4100630162
-0.7115199111
-0.3260041100
1.4152239484
-0.1535966895
-0.9989054065
0.9633922005
-0.8367499129
-0.5696593829
-2.1853052294
0.0007967643
-0.9536756723
-0.3950418335
-1.3162653292
-0.0256545149
0.9862875933
0.0651220339
0.0234260147
1.1554669097
-1.0384358285
0.2892589106
-0.4386486192
1.4754237425
-0.1121709336
-0.2382798919
0.0324286256
1.7459340005
1.1442450600
-1.7826741771
0.1851704468
1.1545028414
-0.7434940234
-0.2253358220
-0.7310168038
1.8190503833
0.2096394713
-0.9224661637
-0.0916598040
-0.2152860704
-0.1061221355
0.4173658356
-0.0819843864
-1.9739512235
-0.7256683030
0.1394852080
0.7721400957
0.1008485381
-0.5031851057
-1.7376434381
1.0704912145
-2.1552469301
1.2438889649
-0.0457202893
2.2181623113
-0.3525513185
-0.3996304613
-0.3033419539
-0.9843436128
0.9093893902
0.4927230429
-0.3381711823
-1.0534120490
-0.8157494861
0.6318636684
-0.9214438291
-1.7063123535
-0.8406769797
-0.4626661406
0.2573935032
-1.3252499072
-0.7401154776
2.2933906418
-0.3134276906
-0.3013455489
-0.2501168042
0.0142837339
0.0363564140
0.3554137013
-0.2671157494
-0.8423344262
0.3091459455
-0.7756226606
-0.3042402011
1.7880662897
0.0703864706
1.5672867603
0.2339802027
-1.2846791218
0.9169990465
-1.3653374817
-0.8223504154
-0.2233793376
0.6356420706
1.0039120451
0.2769423492
-1.0136699240
1.3773065752
1.4950848391
1.2908398684
-1.3923592209
1.0549442894
0.2737740190
0.4954048115
-0.2857200923
0.0097586686
-1.7807219638
-1.3526078186
0.4593547112
-0.1670638097
1.5041758891
-0.5534105303
-2.8205837734
0.0131212227
1.5344806806
0.4720205599
-1.1987061488
-1.1092487039
1.2495459042
-1.5202970777
-0.1255769869
-1.2571051702
0.2490552591
-0.1266911411
2.1670478922
-0.4360329302
1.6381375482
0.2261790942
0.7234458604
0.1010389592
1.0860705476
-1.2067398896
-0.2291237772
0.9495926890
-0.4189985848
-0.5223534495
-0.5143689120
-0.9329196452
0.3725132846
-0.9755935504
0.7424964472
0.5121351868
-0.1165290087
0.1577071158
1.5333745390
-0.9950066843
-1.2245202922
2.3821596265
0.8508462070
-0.3097629342
-0.5354969660
-0.5261704940
0.6525792015
0.5282745032
1.2692486629
3.0133789579
-1.1786127517
0.8167143959
-1.7458093511
0.3572617938
-1.0703755922
0.0000818835
-0.1740502651
-0.8025761072
0.4748487746
1.6613223041
-0.1381098178
-1.0525706151
0.9260565023
-0.4204045064
-1.0386238175
-0.5757881055
-1.0411521401
-1.6858220594
0.8566046043
-1.0489350384
1.8680880579
-0.8702548129
-0.5587805014
-1.8511498245
-1.2153520937
1.4356509699
0.3834434467
1.0558102516
0.9427552521
0.8154335311
1.0032198491
-0.5593131110
0.0263333407
-1.3983337689
1.1680781127
-0.4603060809
0.5939933603
-0.6892924050
-0.3480157432
0.4040934756
0.4449443681
-0.7937612770
0.2492877041
0.1473213329
-0.1608140689
-0.6615720886
0.5759171613
0.1656880665
0.6705941994
0.1755850212
-1.3568861672
0.3812334040
0.2020178597
-1.1102199840
-0.4500070011
1.6264061650
0.3886175270
2.0548124429
1.2384003668
-0.7090100916
1.1404259518
0.9284076815
0.8756347584
-0.8697867433
1.1769123217
