20 13 0.05
8 0 2 1 2 2 0 2 1 2 2 3 1 3 2 3 3
8 0 1 1 0 1 1 1 2 2 0 2 1 3 1 4 1
8 0 0 1 0 1 1 1 2 1 3 2 1 2 2 2 3
8 0 1 1 1 1 2 2 0 2 1 2 2 2 3 2 4
8 0 2 1 0 1 1 1 2 2 1 2 2 2 3 3 2
8 0 1 1 1 2 0 2 1 3 0 3 1 4 1 5 1
8 0 0 0 1 1 1 1 2 2 2 2 3 3 1 3 2
8 0 1 1 1 1 2 1 3 2 0 2 1 3 0 3 1
8 0 1 0 3 1 0 1 1 1 2 1 3 1 4 2 4
8 0 1 1 0 1 1 1 2 2 0 2 1 3 1 3 2
8 0 0 0 1 1 1 2 1 2 2 3 2 3 3 4 3
8 0 0 0 1 0 2 1 1 1 2 1 3 2 0 2 1
8 0 2 0 4 1 2 1 3 1 4 2 0 2 1 2 2
10 6
10 6
7 3
16 15
6 9
1 10
3 6
15 4
5 4
2 13
13 15
12 9
16 14
0 0 0 0 0 0 0 0 0 0 0 0 0 0 0 0 0 0 0 0
0 0 0 0 0 0 0 0 0 0 0 1 0 0 0 0 0 0 0 0
0 0 0 0 0 0 0 0 0 0 0 1 0 0 1 0 0 0 0 0
0 0 0 0 0 0 1 1 0 0 1 1 0 1 1 1 0 0 0 0
0 0 0 0 0 0 0 1 1 0 1 1 0 1 1 0 0 0 0 0
0 0 0 0 0 1 0 1 1 1 0 1 0 0 1 1 0 0 0 0
0 0 0 0 1 1 1 2 2 0 0 2 0 0 0 0 0 0 0 0
0 0 0 1 0 0 0 0 1 1 1 1 0 0 0 0 0 0 0 0
0 0 0 1 1 1 1 0 0 0 1 1 1 0 0 0 0 0 0 0
0 0 0 0 1 1 1 0 0 0 0 1 0 0 0 0 0 0 0 0
0 0 0 0 0 0 0 1 1 0 0 0 0 0 0 0 0 0 0 0
0 0 0 0 0 0 1 1 2 0 0 0 0 0 0 0 0 0 0 0
0 0 0 0 0 0 2 2 1 1 1 1 0 0 0 0 0 0 0 0
0 0 0 0 0 0 0 2 1 1 1 1 1 0 0 1 1 0 0 0
0 0 0 0 0 0 0 1 0 1 1 0 0 0 0 0 1 0 0 0
0 0 0 0 0 1 0 0 0 0 0 0 0 0 0 0 1 1 0 0
0 0 0 0 0 1 1 1 0 0 0 0 0 0 0 0 2 1 2 0
0 0 0 0 1 1 0 0 0 0 0 0 0 0 0 0 2 2 2 0
0 0 0 0 1 1 0 0 0 0 0 0 0 0 1 2 2 1 1 1
0 0 0 0 0 0 0 0 0 0 0 0 0 0 0 0 0 0 0 0
-0.6793955790
0.3392730915
-0.0740713583
0.0014204172
-0.0052838645
0.8480334775
2.4218630533
-0.3974576174
-1.7240662308
0.2662040595
1.4921222505
0.3553383129
-1.5475588989
0.9136016563
0.2877214062
-1.4747671758
0.2277234533
0.9477716631
-1.2110870205
-0.3237394746
-1.0013730034
-2.0153356829
-0.3704862496
-0.1523736163
0.5451097513
-0.0388755665
1.1834187464
-0.0007724737
-0.0468227532
0.0386731063
-0.3598045724
0.3538508344
0.0675003583
-1.9267954964
0.3054843390
-0.3345529075
1.3360812718
0.7076249267
-0.8851111392
-1.4106297535
-0.0535723035
-0.0252712700
1.0421797568
-0.6942538649
-0.5092266283
-0.0792498905
-0.1120586859
1.5581703144
-0.0963525927
2.1050780896
0.1371908621
-0.7284051560
-0.6145904355
-2.2864437351
1.3712281251
-1.3845665981
1.0437289465
0.3110758371
0.7654128081
0.2742922288
-0.3478725721
-0.2697303793
-0.6891838153
-0.4765273704
-1.1376423188
-1.1014218430
0.0845859224
0.8768991737
0.3587211637
-1.6910553432
0.0481663128
0.3925963445
0.0700124349
-0.6738113332
-0.0920739106
-1.3108430253
0.0772150816
-1.5638432750
1.9880680856
-0.2364414657
0.2521299314
-0.4516095915
-0.5454356869
0.9054752164
1.5901782369
-0.2536903248
-0.3287021729
-0.2391390354
-2.2165862384
-0.1042791930
1.5723979203
1.4748369097
-0.4300957016
-1.0233532856
-0.9848700902
-1.5589004537
0.0756439855
0.8688558129
0.7194292244
2.2742484760
-1.3225746014
1.2048991771
0.7944500273
0.7598001155
0.5155312087
-0.6972022501
-0.2300287407
1.9766580416
2.1584227754
0.0867297504
0.1121529275
-1.0565583590
-0.1401965300
-0.0568927395
-1.0241262790
0.7494916146
1.1475806644
-0.1916570901
-2.0252855601
0.9235502041
-0.7312326678
-0.7990442549
-0.9311857070
1.1432336317
-2.2209124289
0.4859915881
0.9746628581
0.3580692942
-0.7012412215
-0.6152561561
-2.2506297819
0.8392998060
-0.9269948400
1.1763084608
-1.7988363717
0.3350230522
1.5749145397
1.6495227850
-0.2107121999
0.7037792782
0.9970545230
0.0969752953
0.8812559052
-0.3280944491
-1.0323061922
1.7696210845
1.9301435173
0.4823236177
-0.6058745385
0.5108930194
-0.4867659753
1.4198179864
-0.2920108798
0.2028942284
-0.2516267824
-0.1224851066
0.8627710626
-1.1996477528
0.2634514292
-1.5659561062
0.3945061426
1.3571751581
0.3834468979
0.5677018422
-0.4379112749
-0.7168374312
-0.6933842864
1.1152569926
0.0031985291
0.3380585419
-0.7145226002
0.8730170625
0.3092754801
0.3601544243
-0.0232584394
0.0325851336
0.6901278172
-0.8276309313
-1.7918320688
-1.7259883637
-2.7918376040
0.8487667331
0.1910361501
0.3613631812
-0.0709092704
1.6206631418
-1.5288835568
-0.9553009135
1.9404856970
0.6014704786
-0.1531275939
2.6112352412
0.0612406924
0.0572707181
-0.7130875080
-0.2845098322
-0.7042159467
-0.0831700901
0.1717926988
0.4039405837
-1.4516402097
0.7161896653
-0.1981162492
-0.9849530586
0.9282232437
1.4001702366
-0.5388562471
0.2382979619
1.7997409610
-0.6960367066
-0.6949789656
0.0716752010
0.0460909097
0.8755583364
2.2160396664
0.3220197496
-1.5541353724
0.4271670007
-0.3319144012
2.2247289123
-0.1970860120
0.4766953562
1.4091633762
-1.5103105555
-1.9310446057
1.3614723027
-0.4788789133
2.2146705989
-0.0997010818
1.7342031142
-1.2492518768
0.3456463491
-0.6075492022
0.2875307925
-0.0883949225
2.3671863810
0.8627364335
0.0907961327
1.7043853931
0.6111169094
-1.8633014182
0.4850641092
-0.9282239278
0.1710936949
0.5177217673
-0.4167016085
0.3371550263
0.3162908656
1.7846185936
-1.5823908257
0.8981517736
0.2298480566
-0.3648761738
0.6976158940
2.1751491823
-0.7540344627
-0.7856279422
-1.1576561669
-0.6096085718
-1.3514688997
-1.6924724443
1.1956610797
1.3662135719
0.1275228211
0.8428339197
1.8785637369
1.7993148140
-0.0229999537
0.9884176285
-0.7519484910
0.0812060475
-0.1625555347
0.2613423177
-0.5586946277
0.6733870623
0.6929574163
-0.1818901512
1.4327496791
-1.7971647498
0.7742255763
-0.8411003081
-0.5385711596
-0.2285014290
-0.2856554039
-1.2417471434
0.8832079475
0.2333043551
2.2884673431
0.2181456472
-0.4819431361
-1.0934054835
1.7385138919
-0.7649883411
1.8683301630
1.4750512599
0.0354786454
-2.0608115718
2.0426637700
-0.0927689026
0.8257001550
1.0397024534
0.2985964210
0.6481465004
-2.1754982680
-0.2679512636
0.1216976493
-0.6769190904
1.3510735513
0.5446013301
-0.3561221951
-0.8927782804
-0.6300371548
0.3796318476
-0.1721469165
-0.4915335282
0.3014381156
1.3025632334
-0.9577814147
-0.2293491886
0.3592488332
-0.9423527660
-0.6722117615
0.5921121241
-1.1376052798
-0.7189708428
-0.3345727687
0.1025204693
0.1663130297
0.5245180126
0.2748210975
0.6410690896
-0.7360268206
-0.6102526239
-0.3029730644
-0.9622182430
0.3404519216
-0.1617782789
-0.4359471066
1.0196091020
1.4522621666
0.3310643633
-1.3945520545
0.5155456921
0.0234075783
-1.0376958358
-1.1907742350
-1.1011604255
-0.5537800599
-0.1248702777
-1.9135735522
2.1710515080
-0.0512079012
0.9177722297
-1.3776607267
-0.3149804882
-0.9410935933
-1.2992416636
-1.6483211426
0.6642348583
-0.7261706790
1.0910480309
1.1906385561
-0.1653438639
1.1535479548
-1.7807785161
-1.2883477975
2.3997930883
0.2857825455
-0.7250670574
0.3999097094
-0.7330538485
-1.6747158999
0.9480449522
-0.2637994652
-0.4473940920
1.1704072521
-1.6283833990
0.8032220942
1.1122654753
1.0709027056
-0.5253676726
-0.2316900157
-1.6808352421
-1.0300280363
0.4815495466
0.9329108517
-1.2742814905
0.4457669787
1.2982987513
0.5857689596
0.1720144984
-1.5499107165
0.7231246137
-1.1321944270
1.6791126234
-1.1588540458
-0.9280480824
-0.9950744673
-1.6594565092
-1.4521078160
-0.5935278510
1.6826787578
0.4574818131
-1.8872660799
0.1330515102
-0.4882806105
0.3051109783
-0.2267359461
-2.1039172898
0.3157667891
0.1880513786
0.0262699678
0.3374077500
-0.9216974399
-0.2857626205
-1.0424529201
1.3981557951
0.2771924396
0.4419235146
0.1917261292
1.0221291776
1.1009830982
0.7736945847
-0.3824379493
-1.1107269284
0.4531481121
0.5229143168
-0.5547071104
0.1341875895
2.0202316376
0.1468557515
-0.9551835978
0.7139050860
1.0866903678
0.0801235810
1.5601789026
-0.0620404431
0.4063281641
-0.5828529348
-1.0190040297
0.5800239137
-0.5094605397
0.1255089796
0.1317555328
0.1387929729
-2.4690258093
-1.6474903505
0.8424388817
1.0721349816
0.1495666957
-0.1286716834
-1.0483250620
-2.1885624230
-0.4894697788
0.5755821004
-0.5496759074
-0.2007679214
-0.4894164944
0.6286413595
0.3335880411
1.8340077816
-0.7695370973
2.1210282418
-1.1329010882
-1.1154281828
1.0660606695
2.2410180909
2.4241110367
-1.2802534959
0.6599957126
-0.8036413555
0.5457894179
-1.4767066763
-0.0266571063
1.1164121289
-1.2578954318
0.7611648314
0.2230178386
1.3456963350
0.1042834259
-1.9129743884
0.7004102511
0.1048808651
-0.3693431893
0.1503375887
0.6844603247
-1.1470564639
0.1337565969
0.4387324427
0.5996184495
-0.3931703259
-0.9003392188
0.3692673907
1.7630876490
2.0058885027
-0.6507172404
1.7276366736
-0.4860135906
0.3393220612
1.1699750244
0.8782157636
0.0207928038
-0.0978325655
0.1823161788
0.9073040788
-1.1496442851
-1.5863341852
1.5876574963
-0.5519656080
-0.4122129607
-0.3349069411
-0.4783969105
1.0066678530
-1.2345651353
0.2052361721
-0.9183289290
-0.7830306211
0.2290896827
-0.3282705135
1.0636825038
3.1810561372
0.6190044802
0.1630649316
-0.7892913690
-1.0213870159
1.7753236436
-0.2470177952
-0.5686389326
-1.1394312079
0.5451773168
-1.0383304472
0.7869578762
-0.9510086166
0.1294003891
-2.4796331235
-0.4481597616
-0.7672710077
0.4714397502
-0.1676109368
0.1902815044
0.2282112034
-0.1600567651
-0.4958392388
-1.3464695908
0.0353492472
0.8992084268
-0.2058866678
0.4737562216
0.8022174040
-0.9685282244
-0.3719677521
0.2008935018
0.5917566280
0.9982841031
0.3083934983
0.4592004226
-0.5719754384
0.0259079498
-0.9412521852
-0.6388896214
1.1861862281
-0.5105863493
-0.2026907028
-1.0613819841
2.4709372737
-0.1191163728
-0.1536071256
1.2588184100
0.3707604730
-0.3251688573
1.4533983236
0.8264805923
0.0783286952
-0.2870033359
-1.2810938484
-0.4885723256
1.5789092101
-0.6162967674
0.5601745996
-0.3848947082
0.3737746278
0.6600142353
1.4589987671
-1.3551255974
0.4752588874
-0.2006799499
-0.7833429622
-0.8904727646
-2.0132638284
-0.0616769007
-1.0685947405
-1.1408088974
-0.1636375704
1.0165923557
0.1898186910
-0.4103927886
0.8495172862
1.8214803809
-1.8197820565
0.8546286079
0.9862209700
-0.1592891776
1.0402862255
-0.3583504610
0.2745746286
1.0821206579
-0.4405745886
-1.9902709576
0.9463949407
-0.2110718479
-1.8724296916
0.5188427948
-1.0250041203
-0.3551895207
0.1839837586
-0.5928632219
-1.1939678543
-0.6312820662
-0.3593333562
-0.5302150564
0.3293419701
1.0998672241
0.9639943044
0.6945238465
1.3237287592
0.3421803388
-1.9841974874
-1.6246553054
1.1678713626
-0.1556605313
-0.7606731799
-1.5827702604
-1.8375293386
-0.2975588744
-0.6706330280
-0.3231738658
1.1446340938
0.5691440095
1.5004256653
-0.7695933523
0.2615812602
0.1623386805
0.3497106682
-3.2594137601
-0.8916239604
1.2004382566
-0.0506949752
1.5734651578
-0.2157771090
0.3688349839
0.9336505009
0.1436614104
1.1107155471
-0.9303340959
1.1720170601
0.6796299236
-0.9559675461
-0.1794047841
-0.1310446184
-0.8003879425
-0.5779724769
0.2163206267
-2.0681857682
1.7595974219
-0.9312819799
0.5284486849
-0.1978569561
0.1069197280
-1.0916833025
-0.3769280541
0.9265145098
-1.4348107590
1.2150425767
-0.1319200640
0.8454223545
0.1317145775
2.0953227197
1.0387361209
0.8099124054
-1.3684377914
-0.9332010600
-0.1061521888
-1.8924231642
-0.1978991313
0.4599459891
1.9906457904
0.1334150033
0.8283424381
0.3792451703
-0.0962123953
0.3815816026
-0.5776057078
0.9992127249
-1.4563041007
-1.5471305902
1.9844595423
-0.6599922409
-1.1396014661
0.4532267317
-0.0055212888
1.0281783058
2.2468021757
-0.0420213938
0.1787073203
0.3655333102
0.5613249007
0.2075780146
-2.3420650536
0.6211615601
0.2710556068
0.4042117965
1.6603799575
1.2464877609
0.0032892910
-0.2678141272
-1.6317092294
-0.5884353777
-0.1195243811
0.6638545707
2.6774978573
-0.4659584260
1.8678771234
1.1649410425
-0.3104632875
-0.0878083156
-0.0809847891
-0.5029726729
-0.9783411767
0.6508543770
-0.1903090739
-0.3615847599
1.1489483876
2.0588347563
0.3066235477
-0.2632750909
0.2388220533
0.9039216549
1.8731873603
0.9863994667
1.2178934264
0.9582337351
1.1085946428
-0.1910719922
-2.2426992136
0.7706430415
-0.5623101879
0.4420285921
0.0155023640
-1.0200950495
-0.1614519367
-0.5047662288
-0.8919971241
1.3478061472
0.3597711466
-0.1001890776
2.4804202669
1.2734346808
-0.6408623895
-2.0510043038
1.5237122610
0.8744274149
-0.4034078864
0.5171074224
-1.0941292553
-1.1110497422
0.6715274588
2.7299601764
-0.1183311432
-0.0171577409
-0.0279664617
-1.3383575426
0.0523163009
1.2365619632
-0.2326041234
-0.5796751896
-0.0722144089
-0.3535781310
0.7455197566
1.1479387242
0.8559230350
0.4970563732
1.9654612417
-1.4258189458
-0.8615391280
1.1166647353
-0.2994714736
-0.0339446178
1.6386379278
-0.2586580581
-1.0192143631
-0.0451112927
-0.0388488245
-0.2585231148
-0.2543134790
2.4042658182
0.6620714137
-0.0211591568
-0.5216374622
-0.4849388735
-1.0545249024
