15 9 0.06
11 0 1 1 0 1 1 2 0 2 1 2 2 3 0 3 1 3 2 4 1 4 2
12 0 2 0 4 1 0 1 1 1 2 1 3 1 4 2 1 2 2 2 4 3 1 4 1
13 0 0 0 2 0 3 0 4 1 0 1 1 1 2 1 3 1 4 1 5 1 6 1 7 2 4
13 0 0 1 0 1 1 1 2 1 3 1 4 2 3 2 4 3 3 3 4 3 5 3 6 4 3
7 0 1 1 0 1 1 2 1 3 1 3 2 4 2
14 0 2 0 3 0 4 1 1 1 2 1 3 2 1 2 2 2 3 2 4 2 5 3 0 3 1 3 2
11 0 0 0 1 1 0 1 1 1 2 2 1 2 2 2 3 3 0 3 1 4 1
11 0 2 1 2 1 3 2 2 2 3 3 0 3 1 3 2 3 3 4 0 5 0
13 0 0 0 1 1 1 1 2 2 1 2 2 3 2 3 3 4 1 4 2 4 3 5 1 6 1
2 6
2 8
1 7
0 4
1 10
1 9
3 9
5 4
1 3
0 0 0 0 1 0 0 0 0 0 0 0 0 0 0
0 0 0 1 2 1 1 2 1 1 1 3 1 1 0
0 0 0 0 1 1 0 3 2 1 4 3 3 1 1
0 0 0 0 1 1 1 2 2 3 4 4 2 1 1
0 0 0 0 0 1 2 2 1 3 3 3 2 0 0
0 0 0 0 1 1 3 1 1 1 1 1 2 0 0
0 0 0 0 1 0 1 2 1 2 1 0 0 0 0
0 0 0 0 1 0 1 1 0 0 1 0 0 0 0
0 0 0 0 1 1 1 1 0 0 0 0 0 0 0
0 0 0 0 1 0 0 0 0 0 0 0 0 0 0
0 0 0 0 1 0 0 0 0 0 0 0 0 0 0
0 0 0 0 0 0 0 0 0 0 0 0 0 0 0
0 0 0 0 0 0 0 0 0 0 0 0 0 0 0
0 0 0 0 0 0 0 0 0 0 0 0 0 0 0
0 0 0 0 0 0 0 0 0 0 0 0 0 0 0
-2.1005049325
0.6117878267
-0.4319229834
0.3831688999
-0.0412533881
-0.4080310222
0.2048309758
1.5039079460
0.6524594658
-0.3897635556
-0.5145668755
0.3120044592
-1.4349434608
1.3900147395
-1.3139485458
-2.0100864038
-1.8659147984
0.9347513705
-0.1439621225
0.2798084047
-0.4064444124
-0.7539335313
-0.4033435969
0.4573152658
-0.5614708397
-0.4355378958
0.9236623202
-1.3221765784
0.3553771702
0.3529146373
2.0428410547
1.6919152439
2.0944644233
0.6199900060
0.3820247628
-0.0259879152
0.2783281219
1.0049667651
2.6013866712
0.4056747332
-1.1850961030
-1.0384965720
0.5759363738
2.2181573686
-2.9105871158
-0.0251368045
0.5405764497
-0.3601742552
-0.2869521665
1.3254207509
0.1935236648
0.4483438272
0.5508575178
0.3418985652
1.3182827744
1.2019423654
-1.4701444678
0.7926170240
-0.8056099362
-0.5146796687
0.1780325269
-0.3295921710
-0.3711107455
0.6328098922
-0.6791229625
1.6316857367
-0.5856619351
0.0232139380
0.6510001304
0.5172281888
0.1681473637
-0.2132104193
-0.7898409189
1.2830597015
0.6385598361
0.3218906803
-0.3906110677
-0.1602955447
0.8456824021
-1.6046351765
0.3326731715
-0.1722869528
-0.3175297157
-0.4752427223
1.3328696519
-0.5063869453
-0.7395121911
-1.9005630369
-0.4488663523
0.7543323891
-2.0215438205
-1.3898496147
0.0030222420
0.4354927193
2.3965296629
-0.9370049278
0.6035359706
-1.1659643693
-0.9570772713
-0.6928028240
-0.2785236346
1.2864972766
0.8121159294
0.6454389510
-0.8971855523
0.2309949191
1.3880099927
0.9833505507
0.4527364132
-0.9613283795
0.7754475259
0.1318060182
-0.1787838733
-0.4328122553
-1.2807118086
0.4154695813
0.1557107481
-1.3653231876
0.9068196095
0.6160384734
0.4625135929
-1.3579998810
0.4383028464
-0.0721383759
-1.0147399932
0.0405770314
-0.5399895283
0.1788581800
0.4838236957
-2.5269785959
0.6158329684
-1.8350580890
-2.1912431610
-0.8741697392
-1.8736725910
0.5283885943
0.3788120763
-0.0786947365
-1.5797112886
-0.1557672483
-0.1733818074
0.9670800711
-1.8628622137
0.8459091048
-1.0814143446
-0.1121484322
1.0551358358
0.6021077681
-0.2715481418
2.8543114329
0.5763060096
-0.0789939694
1.5248479508
0.1359777881
0.9384203477
0.9533067626
-0.4955501148
-1.7648514372
0.2547436851
0.6625216089
0.9179333787
0.9746748184
-0.4161635311
0.3114826971
0.1482891615
0.1474130040
0.6865227750
0.4566498766
-0.2232461679
0.0317751684
1.9868736826
-0.9478328294
1.6450590321
0.6109097299
-0.2345356654
-1.2593848952
1.0875827099
-1.3724239655
-0.8068985554
0.4412041431
0.4898740557
0.3233671152
0.4252976547
-1.7381016120
1.0316181867
-0.1088817916
-0.3143978631
-1.5255839161
2.5626808165
-0.5950629299
-1.2701335910
0.6998516633
0.3334433827
-1.5978954011
-0.7376642526
-1.3842154558
1.1544655875
0.1702875831
-0.6916310495
1.3062582965
-1.0801715916
1.3127944006
1.4040186964
0.3601263635
0.9643263153
0.7213442289
1.2341926511
0.7174410447
-1.5571041610
-0.0694018609
-1.9156249733
0.6588254741
-0.5036057402
0.4886015647
0.0923682394
-0.0867352393
-0.5427879888
0.8065621463
1.4404852555
-1.1190883250
0.4818000983
0.1648296733
1.7170571613
-0.6560442380
-1.1577923720
-1.5525420940
1.1852164331
-2.1270339155
0.4003016768
0.0835748968
1.0764628138
-0.1046207114
0.0574161104
-0.7136209011
-0.8034569791
-0.0442154471
0.5177683502
1.2599166288
0.2365428921
-0.0881843590
1.3318916401
0.5910020528
-0.5247471157
-0.1555011744
0.0332728863
-0.1131728167
-1.0872765116
-0.3378539880
0.5652394905
1.5629838323
0.0605552621
-0.4831370718
-1.8761953947
1.5080410353
-1.1556914170
-0.5357972099
1.8162060255
1.9944261710
-0.9264002563
0.5982480951
0.4725113491
1.4018117766
1.2364609451
-0.5273100445
0.4414449454
-0.6520382918
0.5590763116
-1.0956062955
-0.4364025199
1.2422303017
0.1779698362
-1.6638265397
-0.7460554054
-1.5563194304
1.0039462103
0.0995499894
-0.4756802838
0.2078230405
0.5643900951
-1.2839593311
0.6248759288
-0.7230680674
1.7519851010
-0.7498533700
-0.0416386540
0.1947742654
-0.2034635892
-0.2839151126
-1.9818093575
-0.5676971707
0.0286790041
1.4039907528
-0.9525427597
0.4161062773
-1.9818260962
0.4914645996
-0.3133406482
-0.0842255017
0.3238579540
0.3991413134
-0.2822104238
1.0310453865
1.1872677395
-0.6413062033
1.2173605321
-0.6896654534
-0.0699489944
-0.5927565779
2.0243770428
1.2247028673
-0.0220955834
-0.8217228479
0.4771294690
-1.2046383261
0.0820109627
0.4272808377
-0.2386256263
-1.2295078735
0.7136333641
-0.0996858286
1.0117279154
0.3708646744
-0.6405469161
-0.8960591305
0.5558588281
-0.0249297207
-0.9536708529
-0.4490060611
-1.2837545173
0.3823228051
-0.8159401540
0.7325023494
-0.7756682734
0.6872206041
0.4114806875
0.1457088618
-1.6861700384
-0.5316215791
-2.4147935019
-0.2939557762
0.2885997780
1.0075615340
-0.1705253513
0.0003036707
1.8431816005
0.1933413457
1.5481432979
0.1195572018
0.6550650820
1.3742153584
1.7055881070
-0.6137841984
-1.1895352279
0.5767306308
-0.9859119481
-1.1905484716
-2.9119414937
0.7092099692
-0.9494552078
0.6015253899
-0.2932275608
0.0383415106
1.0745363422
-1.0641344198
-0.4220891413
0.0564931510
0.5078333623
0.7175062193
-0.7478029581
-0.0548223816
1.9968529476
-0.0401789983
0.7355070525
0.0114301421
-1.9917806970
-0.3275662117
-0.2567814037
1.5194317168
-0.4376887109
-1.0298286571
-0.2143873604
-0.9222444911
0.2438020113
0.0234627818
1.3294152842
0.3559100513
0.8984233893
-0.2040984199
0.7308857367
-0.2112249155
-0.8363253671
-1.5366681445
-0.8836336616
-0.9900720166
0.8541222493
-0.5149744339
2.2298814979
1.3566262727
-1.6769553844
0.7305020731
-0.4174681765
0.5851085632
-0.4394005117
2.6539755310
-0.1301730365
-0.2990680114
-0.4805231987
-0.0878942442
0.3932803505
0.0871413188
0.5485778319
-0.8507278315
-1.0031446085
0.7039517155
0.0896015951
2.2055267117
0.0737830633
-1.7169180126
-0.2410481183
-0.5687212515
-1.4961671884
0.5426561266
0.9077401000
1.4497792972
-0.7731611699
-1.5351415009
0.8993771754
-0.2434032545
-0.7392049372
1.4756668705
0.7272581596
0.5183946852
-0.1300939817
1.2198480961
-1.7368046341
0.1094854017
1.9499608413
0.0985218517
0.6086113599
0.4560370571
1.0474583169
-0.0108091442
-0.9534268792
0.0701148864
-2.5249273926
1.2649501492
1.5362364896
-1.3619495227
0.0516724191
0.8453301253
