20 6 0.13
24 0 3 0 4 1 1 1 2 1 3 1 4 2 3 2 4 3 0 3 1 3 3 3 4 4 1 4 2 4 3 4 4 5 0 5 1 5 2 5 3 5 4 6 1 6 2 7 2
24 0 5 1 5 2 0 2 1 2 2 2 3 2 5 3 2 3 3 3 4 3 5 3 6 3 7 4 1 4 2 4 3 4 4 4 5 5 2 5 3 5 4 5 5 6 3 6 4
24 0 2 1 2 2 1 2 2 3 1 3 2 4 0 4 1 4 2 4 3 5 1 5 2 5 3 6 1 6 4 7 0 7 1 7 2 7 3 7 4 8 1 8 2 8 4 9 2
24 0 1 1 1 1 2 1 3 2 0 2 1 2 2 2 3 2 4 3 1 3 2 3 3 3 4 4 2 4 3 5 1 5 2 5 3 6 2 6 3 6 4 7 1 7 2 7 3
24 0 1 1 1 1 2 1 3 2 1 2 2 2 3 2 4 3 0 3 1 3 2 3 4 4 0 4 1 4 2 5 0 5 1 5 2 5 3 5 4 6 2 6 3 6 4 7 4
24 0 3 0 4 1 3 1 4 2 2 2 3 3 3 3 4 4 1 4 3 5 1 5 2 5 3 6 0 6 1 6 3 7 1 7 2 7 3 7 4 8 3 9 3 9 4 10 4
3 0
1 10
6 4
8 1
2 2
3 11
0 0 0 0 0 0 0 0 0 0 0 0 0 0 0 0 0 0 0 0
0 0 0 0 0 0 0 0 0 0 0 0 0 0 0 1 0 0 0 0
0 0 0 1 0 0 0 0 0 0 0 0 0 0 0 1 0 0 0 0
0 0 0 2 2 1 0 0 0 0 1 1 1 1 1 2 0 0 0 0
0 1 1 2 2 1 1 0 0 0 0 0 1 1 2 2 1 1 0 0
0 0 1 2 2 0 1 0 0 0 0 1 1 2 2 1 0 0 0 0
1 1 1 2 2 0 1 0 0 0 0 0 1 1 2 2 0 0 0 0
0 1 2 2 2 1 2 0 0 0 0 0 1 1 2 0 0 0 0 0
1 1 2 1 2 2 2 0 0 0 0 0 1 1 1 0 0 0 0 0
0 1 2 1 1 1 2 0 0 0 0 1 1 0 1 0 0 0 0 0
0 1 2 1 2 2 1 1 0 0 0 0 1 1 1 1 0 0 0 0
0 0 1 1 1 2 1 1 0 0 0 0 0 0 1 0 0 0 0 0
0 0 0 1 1 1 0 0 1 0 0 0 0 0 1 1 0 0 0 0
0 0 1 1 2 1 1 1 1 0 0 0 0 0 0 1 0 0 0 0
0 0 0 1 1 2 1 0 1 0 0 0 0 0 0 0 0 0 0 0
0 0 1 1 1 0 1 0 0 0 0 0 0 0 0 0 0 0 0 0
0 0 0 0 0 0 0 0 0 0 0 0 0 0 0 0 0 0 0 0
0 0 0 0 0 0 0 0 0 0 0 0 0 0 0 0 0 0 0 0
0 0 0 0 0 0 0 0 0 0 0 0 0 0 0 0 0 0 0 0
0 0 0 0 0 0 0 0 0 0 0 0 0 0 0 0 0 0 0 0
-0.8792976771
-0.7435816533
-1.3204511084
-0.0089437047
-0.4983305467
-0.1112505303
0.1073093948
0.6272757116
-0.5359427617
0.1743403677
-0.7454059200
1.2332159800
-0.1412561952
0.7348936985
-0.5495595359
-0.9155213668
-0.1009112288
1.2046506321
-0.5718809766
2.1632538218
-0.0925324015
-1.4670452342
0.3054065044
0.5073875740
-1.2076658473
0.4413466799
1.8492868187
-1.0927836360
-1.0831738025
-1.5846892951
0.5099897885
0.3790512070
1.6317206885
-0.9400831008
-1.3838874741
-1.1311262321
-0.2648743301
0.3749766719
0.3275212876
0.5356851702
-0.3243359788
1.6561604713
0.8957682408
0.0243533409
-0.9003229068
-0.6862734556
0.6033632259
0.5035169031
0.7695206349
-0.4781266475
1.4315097541
0.1239876281
0.0173800629
-1.1096542608
-1.2318568982
0.6998685079
0.5163710610
0.2733231103
-0.6900700112
-0.5318825081
0.3063405491
0.1843968925
-0.5227764278
0.7164338607
0.8877068398
-1.7925876056
-0.6276966399
0.4892044367
0.8342786410
0.5738365011
0.4750286479
0.3474681830
0.8742806507
0.5988487776
-0.4719935393
0.3976346631
0.6613469969
-0.1847635443
-0.1448625567
0.0162960143
0.8269688121
-0.8874605678
-0.0113203713
0.0169608114
0.9822955324
-1.3492990362
0.5763830778
-0.7259658935
0.0761073930
-0.1932454785
-0.7078739281
-0.1054247720
-0.2231929809
1.0642711423
1.7835730791
-0.9138915588
-1.4123683538
-0.8136404467
-0.9645212432
-0.3361413862
-0.6311654449
-0.6672376689
-0.5069793642
0.9730287814
1.5018783879
-0.3542237709
0.1013804602
0.1410233419
-0.0398254114
-0.9888193308
0.3735803754
-0.3617048438
0.0626558541
1.3863535250
-0.9809203283
0.2202150264
0.0044987830
1.2533215692
0.1539774113
-1.1382149320
1.3457809245
0.3967837238
0.4693296941
-1.4094084353
0.5014457512
0.1571137930
1.0474935750
-0.1046031834
0.2272523339
1.4587542186
1.0456960572
-0.6090759992
0.6513405173
-0.7088482318
-0.7025021934
1.4869996907
0.5037350536
0.1255507840
-0.3514702725
0.2232547990
0.8636941516
-0.1683832077
0.5943671876
-0.9904631477
2.4754607619
0.2500335510
-2.2923064309
0.2145417638
-0.4006227445
-1.0583875093
-1.6405204098
-1.6607059098
0.1866304231
0.0404288643
-0.1874563404
1.4240599021
0.3141347413
0.0190055778
-0.7042098642
3.1336477494
0.2549471385
0.1925603525
0.3942647645
1.4376534653
1.7283847933
-0.2750446953
-1.9637435217
1.8988121753
-0.0410038910
0.8641568676
1.0832257235
-1.0624384968
0.6218393469
-0.5537260929
-2.0677481882
-0.1997243597
-0.7934462321
0.7611256880
0.5635022122
-0.8747925902
0.1069383195
-1.4580506446
1.9774727680
1.7625984742
0.0723695241
0.2885088196
1.1102412229
-0.8614073129
-0.2405463763
0.2028600705
-0.2832113098
-0.6700690236
-0.0102998747
0.4418144597
0.1364598242
0.9631953889
-0.7359740933
-1.1454216490
-0.5439186155
-0.3724375018
-1.3526461580
-1.1673565325
-0.1806888059
0.0558331576
0.5451834340
0.2710464016
0.1529214694
0.5697150545
-1.1644638059
-0.9980631618
1.2474002225
1.2541415414
-0.0921370317
-0.0621794681
-0.3418734907
0.0732991716
0.5343548654
0.1570965272
-0.6160877844
1.2350709042
-0.0981016284
-1.0661203979
0.0087015680
0.8256624969
1.3692552342
-1.6043378626
0.0744326798
-1.9144304836
1.2869140874
1.4115221298
-0.7570861091
0.8074761315
-0.7660216772
2.1780183691
0.1383575953
-0.8324401374
0.2085504301
0.2650862901
-0.1735617084
1.9450194295
0.2663979757
0.3007659906
-1.1042514330
0.2643693562
0.5191167129
1.2172460148
0.8007614994
-2.3414032533
-0.1631047614
-0.4330778293
-1.7521952305
1.2613578054
1.0151151543
2.5287790818
-1.0893263832
-1.0924322390
-1.2144281795
0.2718641371
-0.0218014420
-1.5975682378
-1.4882242816
-0.9152000119
-1.1048338142
-0.3969598315
-0.6791950801
-0.7866731526
-0.0272369877
0.5665008474
0.8264057292
-0.4925222194
-0.8645826750
0.9392870475
0.0514541751
0.3199814546
-0.4259146431
1.1666165597
-1.4123102024
-0.6275447520
-0.2437261878
-0.8846794957
0.1979266426
2.5851908064
-0.7670541935
0.0679792923
0.0852903328
-0.3824041582
1.4355162738
1.4231699112
-0.9410018179
-0.5429438658
0.6519718072
2.9287493219
0.1006109582
-1.3304549062
0.5787190633
0.6540238447
0.7579170663
2.4156538939
-0.4053381783
1.5588754821
0.7417270212
-1.4682379046
0.8352131230
0.2468940567
1.4032301228
0.4298402516
-1.0672581532
-1.3204318593
0.1924876496
1.3796179925
-2.2178976333
-0.1485631333
-0.4123832863
-2.2720630368
-0.7451221167
-0.6701089286
0.0938149482
0.4158354268
1.6486812405
-1.0840562303
1.0585065554
-1.3698537956
2.2859878565
-0.2097302043
-0.6079394546
-1.3313085144
1.2541508590
1.0943439839
1.2589292182
0.9829754209
-0.2715014864
0.6226329205
-1.2681435763
0.7137837095
-0.0481333314
0.1318049702
0.4726054672
-0.7741998758
0.0196549986
-0.6077264767
1.7634626074
0.8111394711
0.2890052443
-0.0714131049
-0.8974167581
3.8994008709
-1.9531875014
-0.6418745254
0.3165728304
-1.0214117101
-0.3893769789
-0.6865125256
-0.2087498550
-0.5493106057
1.6015207270
0.3474365625
-0.3285560217
0.2043050621
-0.8727418950
-0.2540112751
-0.5812504456
-1.1505579359
0.2604827366
0.2589812307
-1.2304673596
-1.4741000609
1.7966571509
0.6743880191
0.3433178613
-1.5149487584
1.9568296477
-1.8088924805
-0.0001827305
-1.8429700637
0.6073651232
0.6554849670
-1.1621100836
0.9919789231
0.3844669089
-2.0967719212
0.4282651281
-2.1298017370
-0.6147677614
1.5208727884
0.4275512249
-0.7836189583
0.3574360153
0.3072814241
0.1278084465
1.4100718178
-1.0546062204
-1.0503449601
-0.7776559782
0.0136622620
-0.4720324334
-0.1890340251
-0.4060064725
1.8712828433
-0.1170564236
1.3044763371
-0.7801875650
-0.1409851760
0.3268327805
-1.4488373106
0.3837935593
0.5112731213
0.1005201178
0.2650963716
-0.1465158183
1.5794665626
-0.5848357044
-0.0308950396
-2.6095049155
0.6048210567
-1.3265745792
-0.8232368914
1.6284085713
-0.4664015099
1.3012919608
0.8426206226
0.4429181335
1.0128829364
-0.3642716999
1.8596468367
1.0552360584
0.9403170065
-1.0287669310
0.2508745008
1.2228579457
2.2785705723
1.2982009951
-0.0854607903
0.8328965184
0.2848974332
-1.0111379615
-0.1926511541
1.8090284993
0.0169579842
1.3904682814
-1.7317152134
-0.1135014207
1.3860092677
0.1669430422
-1.1995831565
-2.2780851404
0.6395590950
1.2046549382
0.6980864231
-0.2435751421
0.1246421479
0.8030800120
-0.7146505109
-0.9021172316
1.0953008486
-0.1065258913
0.2647173462
-1.2552352031
0.6570160860
-0.4883582745
-1.2018317677
0.3097149420
0.7080416298
0.4348148179
-1.0401692542
0.2469273444
0.3120390478
-0.5325962351
-0.4376496232
-0.5792580274
0.2026044625
-0.5936439835
-1.0842113804
0.9580905099
-0.8514881348
-1.3978109907
0.0934115259
0.8117631337
0.1235972377
0.9588066971
-0.4624643908
-1.0280113268
0.3573020578
-1.1247722417
0.1143462422
0.4622288001
0.6623763535
0.5827611219
-0.0811305684
0.7652598323
0.7926208599
-0.5784099092
0.1090490573
-0.5760221150
0.9315122327
0.5000169636
-0.9113721597
0.1377937383
0.1057486322
-0.7828796503
-1.0897575625
0.3056302700
0.6604021407
-1.3710168297
1.0739765050
0.6152362760
-0.2194821776
2.1815575917
-0.5490017381
-1.8263664786
-0.4855080747
0.4686760258
-1.2554944443
-0.7348018462
0.6853005850
-0.7452020476
1.6930885048
0.0595052483
-0.8423708303
0.0776289004
0.6604422533
-0.4839217017
-0.0385269971
-1.1038270622
-0.4991562497
0.3915634660
-1.2377561095
0.8643870120
0.1991745394
0.3203246548
-0.0854082220
-1.0638163311
0.3388191997
0.1550926371
-1.4869534485
-0.2682874015
-2.4235210230
-0.1115093257
-0.0802669627
1.7052260889
1.8265353064
0.6289276320
-0.2534207227
0.3080287978
1.6861061355
-1.1333415147
-0.7970941151
0.6349058874
-0.8882297199
0.9334344840
-0.8619660393
0.5908387268
0.4170157959
-0.0569553153
1.4532585701
-0.6059655052
-1.8962015319
-0.9020587802
-0.5593580252
-0.1231486633
0.1945065521
0.3541109497
0.1904569846
-0.0561854598
1.0341405527
0.5649774453
0.8279594667
0.5567253003
-0.9489426703
0.3606859372
0.1496985758
-0.1014802035
0.4395942494
1.7744745933
-0.5839396653
-1.2697644518
-1.3984570218
-1.4862887801
0.1967413987
-1.7629739413
0.5102985291
0.3834675816
-0.8967713543
-1.2731090480
-1.6099954799
0.4814361813
1.4036725945
2.6366142566
1.1650882181
0.5221860926
-0.6575854443
0.4733015884
1.0293006197
-0.5956920058
-0.9228126302
0.3046828040
1.1676728334
-0.4027026644
1.5219377016
0.7788086225
0.8017123438
0.8208577579
0.1012118445
0.9550735023
-0.2643881876
-0.4370286655
-0.5306279930
1.0984528527
1.6000298488
-0.5478787546
1.1737572968
-1.8219587532
0.4848201486
-0.2357490677
0.4378541848
-1.2227336009
0.4487631699
1.8082995447
0.5021697580
-0.0944920176
0.8284377042
0.7010020377
0.9294949763
-1.0054138501
0.4694945587
0.2188692078
2.4820464131
0.2781459397
-1.0158910240
-1.0452692537
0.1072177283
-0.4154809214
-0.8536740829
-0.7688271546
2.2595910522
-0.0895838657
0.6951464917
1.4992650516
-0.7913954553
-2.0074262269
-1.4790636430
-0.1137770206
-1.5408664686
-0.3835251686
1.2086861509
0.8605225216
-1.5118106213
1.0500914007
0.8180874759
0.5788787406
1.1358571321
-1.2098108595
-0.6965964268
1.1412698137
0.9873856986
0.4563836880
0.9891566891
-0.1525496163
1.1835295726
0.9865733791
0.5474645092
0.2832402948
-0.3933805448
1.2001030531
-0.1599570295
0.5300113431
0.2152437572
-2.1398825236
1.8323781006
0.3572382569
-0.6760509852
-0.8597145488
-2.0976897886
1.6433403360
-1.0976493524
-1.6337369237
1.5912150245
-0.1566523420
-0.1850094785
-0.1434975006
-1.1178042887
0.5157561870
-1.1244912456
-1.9436640816
0.5472573486
-1.2988492544
1.3914839804
0.9227531382
-0.6420067242
0.6907602640
1.5458277317
0.5777403408
-0.2267799156
-1.5856495452
-1.6871868736
0.7654482494
1.1896270988
-0.3195321633
-1.8987151133
0.8761710464
-0.5158640019
0.0245358949
1.0044830418
-0.3551339658
-0.9415404693
-1.6016146511
-0.2228710675
0.0383537720
0.6611058390
0.9942327651
-0.0789346441
-0.4491184462
-0.7906418113
-0.0111520882
2.2067822157
-1.0251954019
1.7651457422
0.7946159362
0.0667747054
-0.1107558617
-0.6216003593
-0.0959905311
-0.0980832515
1.3367911352
-0.5162710857
-0.3486074354
-0.0728630450
-0.0653430099
-0.0542230480
0.0753929489
-0.0604694670
0.9373362829
0.2211467496
-1.9076348283
-0.5189482308
0.2193344766
1.4669593498
-0.6086668426
0.4153442445
0.6356112499
-0.0777310174
-0.2116291072
0.2858710352
0.2673699382
-1.6891129166
0.4921176846
1.1059013000
-0.4926976535
-1.5231872909
-1.0774834611
-1.3523918047
0.3689658583
0.6426116414
0.8015344097
-0.6141429467
0.2063323024
-0.0408226871
-0.1284043480
0.1183559629
1.5519534949
-1.7941470883
-1.1919330499
-0.7025377868
-0.3782539924
0.1423245541
0.9765531208
1.4856108389
0.7332122736
-0.0972242516
0.7776474655
0.3955002128
0.8517937746
-1.8308303672
1.0622759807
0.4389282766
0.1786370545
-1.5234817035
-0.7914172570
-1.2747262097
-0.0062481106
-0.2395634912
2.6757422489
0.3942720728
-1.2641407124
0.4697211973
-0.9916831976
2.2088916569
-1.1567544855
0.5203947431
-1.1896930870
-0.2638400951
-1.0734030773
-0.7974093522
0.5233592479
-0.7570245348
0.9830558981
-2.3232412941
0.6913230209
1.1709564361
-1.1531827367
1.4392083080
