15 11 0.13
8 0 1 0 2 1 1 1 2 1 3 2 0 2 1 2 3
7 0 1 1 1 1 2 1 3 2 0 2 1 3 1
8 0 1 0 2 0 3 1 0 1 1 1 3 2 3 3 3
9 0 1 0 3 1 0 1 1 1 2 1 3 1 4 2 0 2 3
7 0 0 1 0 1 1 2 1 2 2 3 1 3 2
7 0 0 1 0 1 1 2 0 2 1 2 2 3 0
9 0 1 0 4 1 0 1 1 1 2 1 3 1 4 1 5 1 6
7 0 0 0 1 0 2 0 3 1 0 1 2 1 3
8 0 1 0 2 0 3 1 0 1 1 1 2 2 0 2 2
9 0 2 1 1 1 2 2 0 2 1 2 2 2 3 3 0 3 2
8 0 3 1 0 1 1 1 2 1 3 2 1 2 2 3 2
4 7
2 0
2 2
4 10
3 11
1 12
13 6
2 1
8 6
10 1
10 6
0 0 0 0 0 0 0 0 0 0 0 0 0 0 0
0 0 0 0 0 0 0 0 0 0 0 0 1 0 0
0 2 1 2 2 1 0 0 0 0 0 0 1 1 0
0 2 2 3 1 1 0 0 0 0 0 1 1 1 1
1 1 0 0 0 1 0 0 1 1 0 2 2 1 0
0 1 0 0 0 1 0 0 1 1 2 1 2 2 1
0 0 0 0 0 0 0 1 1 0 2 0 1 2 0
0 0 0 0 0 0 0 0 0 0 0 0 0 0 0
0 0 0 0 0 0 0 1 1 1 0 0 0 0 0
0 0 0 0 0 0 1 1 1 0 0 0 0 0 0
0 0 0 1 0 0 1 0 1 1 0 0 0 0 0
0 0 1 1 0 0 1 1 1 1 0 0 0 0 0
0 1 1 1 1 0 0 1 1 0 0 0 0 0 0
0 1 0 1 0 0 0 1 1 0 1 0 0 0 0
0 0 0 0 0 0 1 1 1 1 1 1 1 0 0
-0.3149742514
-1.7866165199
-0.0836418249
-0.4568376745
1.7405948406
1.1824743369
-0.6532421411
-0.1455851764
-0.9672365715
-1.7539195745
1.2845759981
0.7261026574
-0.4723345555
2.1925199309
0.5138203442
1.3314688201
0.1719186151
1.1224820653
-0.3465860468
0.4435852605
-0.0715808964
0.0322709584
1.0832395114
0.7324115328
0.6459735427
-0.0784928835
1.1428921772
1.3148060377
0.9669391870
-0.4518806956
1.4298913367
1.2288125385
0.0960184373
0.8648147999
-0.4898339229
-0.0003078822
-0.1638004489
-0.7559658733
-0.2238901555
-0.2410259716
-0.3236907500
1.8600054043
0.1216497022
-0.5749677990
1.0385958158
-1.1238171911
-0.9182380327
0.7323340419
0.5943452243
0.5389412186
-0.9524420791
-0.0725409944
1.1049830212
0.0481825626
0.0563334338
1.7279275804
1.2642228747
0.7636248860
0.8397753001
-0.8624240824
-0.5363664091
0.6784012488
-0.4220062768
-0.4604007487
-0.1902277960
-0.7598058285
1.0585411289
-1.7112640841
-0.5257945878
-1.1421253648
-0.0955592236
-1.0828923976
-0.8627534638
-1.3763288521
0.5551717723
0.2632492569
-2.5618616948
1.1813388726
-0.7857726199
-0.2778755394
1.0299387760
0.5172302938
0.6178191143
0.1736235623
0.5009940502
-1.1626870858
-1.9795710486
0.7141648836
0.4252077226
-1.5216922968
-0.2673508059
1.6399543408
-0.3940807594
-0.6723685481
-1.0738223863
-0.2053711450
-0.3233858721
-1.2376612986
0.1988216799
-0.0150732786
-0.1701062542
-0.9908825641
-1.4413189801
-0.9286605336
-0.4452569119
-0.5034818626
-1.5101004311
-0.3563804191
0.8275365497
-0.0581243526
-1.3296823719
-1.0666887156
0.5748101458
2.9536212692
1.4483311149
-1.1381285241
0.1148029795
0.6217863113
-1.1594579976
1.9978513409
0.4766918558
-0.3048799200
1.0989370404
-1.1988592081
1.0048369354
0.9188281634
0.8461182510
-0.6361654023
0.9205695409
0.6854236031
-0.0101347475
-0.4652419511
1.1394404036
-0.3432710764
0.9126484742
0.4136154540
1.3801448497
0.8828667052
-1.1597263468
1.2261579284
0.2093911916
-0.6023520460
1.2099711090
0.0709568253
0.6080037243
-0.1470780604
0.2936865675
-0.2374262867
0.1210678661
0.0958419681
-0.1778388629
1.6910207124
-0.4324533549
0.8115857227
1.3205080589
-0.3299546471
-0.6887992528
-0.9605883029
-0.5084690168
-0.1037577693
0.0108193911
-1.0109269724
-0.3993041143
0.0228137500
2.6240163794
1.5248154679
2.0049951780
-0.9728628227
-0.3552073922
-0.7874910941
0.2950192644
-0.8959528409
-1.2063988506
2.6388178418
-0.0401451231
0.6644787529
-0.1071081744
-0.9240117806
2.3325305294
0.6083205167
-0.0549718558
-0.0524914605
0.0222280143
-0.1635961462
-0.1005624757
0.6758599500
0.2120568836
0.8479965205
0.3438260302
-0.4075930008
-1.2194937386
1.0666429595
-1.5533598633
0.0591898499
1.7092020410
0.7114254677
0.0251688580
0.3860625341
1.1474208493
-1.6289396539
-0.1530126015
-0.6008809245
-0.0075766697
0.6189182299
-0.9591595454
0.0106799405
0.3151894606
-0.0670205045
-0.6750243032
-2.4318189473
0.6270218290
0.0503690884
-0.4860987842
-0.3016456001
0.3519521022
-1.3448315697
0.0755312606
-0.5685118242
-1.7575278252
-0.4702483447
-1.9089316091
-0.1095727256
1.1735220263
-1.0710547033
-0.7698629825
0.5915367573
-0.9318733131
-0.0017330475
-1.0299170048
0.3719154174
0.0914687825
1.1433942742
0.7543412354
-1.5311401689
1.5556039762
-0.7980101858
1.7678120298
0.6681169875
0.8362844744
-0.2921120217
0.4871167225
-0.4270107650
-0.7814835922
2.1161323128
0.7766608667
-0.3060024825
-0.5914908778
0.9089850918
-0.2423695126
-0.6728544360
-0.6413313592
-0.1873182740
-1.8390643043
-1.1337521410
0.2597492586
-0.5806798383
0.4881714172
0.0619698022
-0.0685354379
-1.4430971376
-1.6690747445
0.7618428880
-1.5247533458
-2.1552904926
1.4417262101
0.5800654001
-1.2589485169
-0.6078398282
1.1759754374
0.1786005201
1.2174544060
0.3189990633
2.0709931886
1.0556772954
-0.9220099775
-0.0963130915
1.4310571373
-0.5812154930
-0.0081191334
-0.9897629789
-1.4010968889
1.0681435246
1.0902282658
-0.6200456709
-0.6262599198
0.1615913584
1.2482594266
2.1940302532
0.8641739905
-0.0220883865
-2.4845022271
-0.9886018793
-0.3056948244
0.1334866978
1.1101030111
-0.3699441579
-2.1467884275
-1.0141852885
0.3594869439
-0.4299190261
-0.0116652714
-1.1579209192
-0.8360649275
0.1053101918
-0.4362224515
-0.3346729298
-1.3582989753
0.7555313282
-2.0197233259
-0.8771846956
0.5277056914
-0.0530429444
0.4993644894
1.3526455293
0.0380808279
-0.7333498048
0.8089641384
0.7086833262
-1.3221734543
0.0632105963
0.3095150852
-0.7468763410
-1.7616433883
2.1419769895
0.7869763881
0.3218895956
0.0171045733
-0.5199331299
1.1746957837
-0.1610163174
-0.3779916440
1.0879342064
-1.2087415096
-1.5659648115
0.2373558863
-0.1741027959
0.1314171801
2.4296686717
-0.2157698562
0.4824935487
-0.7243316020
-0.3568699602
-0.1282689112
-1.6125490455
0.5522546646
0.9490204582
0.2533188230
-0.4361521736
-1.0804420258
-0.5570487489
1.1481948037
-0.1113092287
0.4684918687
-0.1946091402
0.7036983022
-0.2043368490
-1.1608069865
0.9676041577
-0.0074086755
-0.2874311733
2.0857763138
-0.3187869383
-0.5683117998
-1.2229000498
-1.0783880219
-1.8725963593
-0.8618560958
-0.0749363229
-0.1251009980
-0.4628977331
1.2630380559
1.1865957335
-1.0751684800
-0.2995850525
1.1881887578
-0.1151053565
-0.3387063253
-0.4322809601
0.3373054043
0.7660712072
0.5978547283
-1.2486931865
-0.7956348224
1.0989680151
-0.0824644188
-0.8349369162
1.6568113038
-0.9734916631
0.5797544429
0.8104252948
1.5329874181
0.2336519137
0.5184617717
1.2936084339
-0.4078319895
-0.5280808714
-0.2703143867
0.9512956468
0.1603673544
-2.3917199412
-0.0341121876
0.1281637242
-1.8255950057
0.1312144628
0.2790506047
1.9714772266
1.7064819394
-1.0910418053
-0.9986279045
0.9770627016
1.0875340802
-0.9029887505
-1.0520354625
1.1089872652
-0.8428039329
0.7490124899
-1.0229552431
-1.1072369622
0.5279529292
1.5931693152
-0.8414264820
0.5043015937
-0.5723238763
-0.0022868581
0.4832913770
-0.1804769481
-0.2039172003
0.5600180689
-2.2880370065
1.6006183018
-1.8052207707
-1.4410659423
1.0589432120
-0.9855606916
-0.6189342936
0.6769530329
0.6413064644
1.0830048846
-0.2178265231
1.2384192250
-0.1500498816
-0.6360420963
-1.5094201444
1.9513533965
0.3004793158
2.1224009800
-0.5220200070
-1.0190924140
0.5910200114
-1.5306006273
