14 9 0.02
9 0 3 1 0 1 2 1 3 2 0 2 1 2 2 3 2 3 3
7 0 0 1 0 1 1 2 0 2 1 3 1 4 1
9 0 0 0 1 0 2 1 0 1 1 1 2 2 0 2 1 2 2
8 0 1 1 1 2 0 2 1 3 1 3 2 4 1 4 2
8 0 0 0 1 0 2 0 3 1 2 2 2 2 3 3 2
9 0 2 1 2 1 3 2 1 2 2 2 3 3 0 3 1 3 2
7 0 1 1 0 1 1 1 2 2 1 2 2 2 3
9 0 1 1 0 1 1 1 2 1 3 1 4 2 1 2 2 3 1
9 0 0 0 1 1 1 1 2 1 3 1 4 2 2 2 3 3 2
3 2
9 0
7 3
7 7
0 2
6 0
7 4
1 8
7 1
0 0 1 1 1 1 0 0 0 0 0 0 0 0
0 0 0 0 1 0 0 0 0 1 0 0 0 0
0 0 0 0 1 1 0 0 1 1 1 1 1 0
0 0 0 0 1 1 0 0 0 1 1 0 0 0
0 0 1 0 1 1 0 0 0 1 0 0 0 0
0 0 1 1 1 0 0 0 0 0 0 0 0 0
0 0 1 0 1 1 0 0 0 0 0 0 0 0
0 1 2 2 1 2 0 0 1 0 0 0 0 0
0 1 2 3 3 3 1 0 1 0 0 0 0 0
2 1 1 2 2 2 1 2 1 0 0 0 0 0
1 1 0 1 0 0 0 0 1 1 0 0 0 0
1 1 0 0 0 0 0 0 1 1 0 0 0 0
0 1 0 0 0 0 0 0 0 0 0 0 0 0
0 1 0 0 0 0 0 0 0 0 0 0 0 0
1.2125872964
0.0769558266
0.1859244949
-1.1890451775
-1.0844284811
-0.6047591499
-2.2897113370
1.2645479747
0.3559117973
-0.3314911890
-0.6904743395
0.5288502040
-0.2539348212
0.3628879315
-1.3346099686
-0.2442142665
1.0062519461
-2.4392460525
0.6733445711
0.4827620106
-0.1045877816
-1.4792257819
0.2244447241
2.2509189705
-1.6622801043
0.2472237542
0.1112772252
-1.9183425039
-0.6827509681
-1.4653331796
1.2633423821
0.6921774070
-1.1896141531
-0.9546177419
0.6569281207
-0.0950601498
-0.0798162602
0.4383268825
1.1502759962
0.7820037758
-1.3071857181
0.1483554894
-0.5332309208
1.1008256458
0.4947829139
-0.4015306800
-0.8641633703
-1.0496001133
-0.4532309679
-0.1905017135
-0.6873375315
-0.2059226654
0.2978694937
-0.9144947057
-0.3639247381
-0.9459865087
-0.6690601633
2.4975625808
0.2606424008
1.1269280083
1.8234746181
-0.6996677103
0.4739117341
0.9016173425
-0.3306919380
-1.5275440692
0.0408311520
0.2775381475
0.1312376371
-0.3846811719
0.0502044449
1.0150646099
0.1533862052
1.0580153690
0.5255397310
-0.4028469501
0.6563960165
-1.1322711898
1.4076672148
0.0503369778
-0.4846187753
1.0645683742
-2.4754608933
-0.0796120165
-0.4038777736
1.6910196671
0.9016849705
-0.3667366590
0.9961054592
1.0028365290
0.7823113448
-2.2371249377
1.1833025920
-0.2562130846
-2.2402421848
-0.2953146835
0.3106690279
-1.1214263092
1.4443439983
0.0899803038
-1.4783375819
-1.6676498635
0.4662087300
-0.4444370657
-0.5199255000
0.7675980845
1.2179516752
-0.3374045585
-0.5330011334
0.0024406787
-0.6092046213
-1.7061060549
-0.4769414976
2.2770951771
0.3056160350
1.6500082029
0.9120884975
-0.5610947571
0.6048986993
-0.1652870313
-1.2199729639
1.6255547020
0.8929824907
0.7217213531
-0.9534348009
-1.5524302066
0.8982248797
-1.4826976322
2.2094506924
0.6235052583
1.1532313777
-0.0773908119
0.5911760769
-0.4222271661
0.2912518469
0.3136873712
-0.5383740814
-0.2109301284
-0.9578788062
0.2917662863
-1.3479752839
1.4295934338
-0.4985938347
-0.6987493493
1.1415534767
-0.2482164717
-0.9656226611
-0.3231420337
3.0877323707
0.3954786600
0.1953589741
-1.0032364440
-0.4645659569
0.4723941088
0.4387759157
-0.0573779819
1.7723186000
-1.1766994528
0.0105444232
0.7641410276
1.0145966751
0.8544432475
0.1467450431
1.1949772246
0.6964610324
1.5066936401
-0.0130945554
-0.1217156025
-0.2076151612
-0.7256738270
-0.0053936138
1.9138336953
1.4233965191
1.2501771459
-0.2177307301
-1.1822772558
1.1901343893
-0.5098115304
-0.0964398108
1.4264893926
-0.1765658147
-0.5716132886
0.3233273708
-0.1165848794
1.5765520981
1.2057967991
0.0962147984
0.3045148537
-0.2434522942
0.7255626725
1.6623274664
0.8016052458
-1.0451567597
0.6990392098
0.5008345587
1.1482825062
-0.2525463650
0.6793187887
-1.6941477971
-0.1365616456
0.1612192912
2.2426515415
-0.1009081208
0.9705710442
0.3446124421
-0.7504884621
-0.6416772813
-0.4382882145
-2.9453119186
-0.7780016461
-0.3709517763
-1.6995418832
1.6739380596
-0.3206055997
1.1586806821
-0.9423860526
-1.3221269120
1.8444788170
-0.2409155619
0.1438889689
-1.0552588355
0.2515805171
1.1897152757
1.2869500257
-1.0102080482
0.8818841036
0.3341554596
-1.0795077581
1.5756345837
0.7570252464
0.5768034522
-0.8465359932
0.3155032211
0.9191518371
-0.4610874246
-0.3686555986
0.4951027806
-0.3924957056
1.0043699973
0.0517630525
-1.7328153196
0.2324822885
0.1067646637
-0.5889353433
0.4781069783
-0.8141176376
0.7265560720
0.4243208354
0.5747694259
0.6413620586
-0.4225608135
0.1914800785
-0.1137564262
-0.2319639353
1.5588654212
0.6075717325
1.4236116766
-0.0578365436
-0.1585395745
-2.0217048240
-0.5210248879
-0.4337185982
0.1955940962
-0.6037101170
-0.5229975789
-0.4645119736
-0.5821677480
-1.3641884939
1.1350021689
0.8951130011
-0.1795725938
-0.2014155656
0.2863315405
-1.2458626323
-0.1809219920
-0.0334321508
0.3775579314
1.1894550811
-0.6237202101
0.3933936991
-0.8953583101
-0.8777877871
-1.3478278429
0.8920457223
0.1608803844
-0.3487451486
-0.3250945273
-0.4010200424
-0.3424551512
0.2014035351
-2.0909650809
0.0697016479
0.0768690989
-2.2370671408
-0.3695271514
-1.2906356660
1.5216068631
-2.0850913494
-0.0446622101
-0.3270440244
0.1188268198
0.0601467435
0.1524242734
-0.7762075222
-1.2354903358
0.8029621170
-1.0752213982
0.3702080877
-0.9475021205
-0.3824449261
0.4371022293
0.8178505694
-1.6383924644
-0.8070545975
0.1436177073
0.3576039110
-0.4114408339
0.4289394618
1.1145322693
-0.8077479772
-0.0605974974
-1.6349357256
-0.3067698624
-0.6354055790
-0.9204172443
-0.3558177373
1.8475861523
-0.3017677456
0.9967423056
-1.9893628438
-0.2219008251
-1.5101167477
0.2545784476
-1.5824065381
-0.7249314874
-0.3262590283
-0.6176022384
1.6247326015
-1.1021070734
1.6876673926
0.4629991219
0.6504787352
1.9915673378
0.7741005324
-1.1165443940
0.0589240453
-1.0283463990
-0.7791107930
1.7971158013
-0.2957508972
1.3575173837
-2.1992611283
-0.2367156773
2.4248111294
1.5080096207
2.3404282663
1.0238673122
-0.0786111566
-0.0466151405
0.2775249315
-1.3791645020
1.6869135474
0.1524052314
-0.5307701329
0.6968796455
-1.3845436943
1.7942828863
-0.1546501587
-0.5055879990
1.1965766859
0.9573971076
1.6685945072
-0.1494541668
-0.7186827736
2.0252809887
-1.4151265997
-0.6967194620
0.7829923358
-0.8630270737
-1.8578823511
-0.7472479370
0.1963410756
-0.0281174643
0.3065274946
-1.2886246696
0.7085149214
1.5794460634
0.6735516766
-0.1955607986
-0.0457245874
-0.2163148002
0.8653634871
