10 3 0.16
12 0 1 0 2 0 4 1 0 1 1 1 2 1 3 1 4 2 0 2 1 2 2 3 1
12 0 1 0 2 1 0 1 1 1 2 1 3 2 0 2 1 2 2 2 3 3 0 3 2
13 0 3 1 2 1 3 2 1 2 2 2 3 3 0 3 1 3 2 3 3 3 4 4 1 5 1
5 2
3 6
2 4
0 0 0 0 0 0 0 0 0 0
0 0 0 0 0 0 0 0 0 0
0 0 0 0 0 0 0 1 0 0
0 0 0 0 0 0 1 2 1 0
0 0 0 0 0 1 2 2 1 1
0 0 0 1 2 1 3 2 2 1
0 0 1 1 1 2 2 0 1 0
0 0 1 1 1 1 0 0 0 0
0 0 0 1 0 0 0 0 0 0
0 0 0 0 0 0 0 0 0 0
-1.1612788400
-0.1765306258
0.5557578212
-0.5818024935
-1.3294626413
1.1677713461
0.9968042711
0.1942963628
-0.1604384611
0.8163484377
2.2630386077
-0.8237099659
-0.0625994985
0.9578567332
-1.0452571799
0.7741544925
1.7130213809
0.1291167962
0.3731382064
-1.7518936555
-1.3599398802
0.3272207983
0.6801908498
0.2039623230
-0.6321547720
-1.6130753481
0.4102262260
1.1399966488
-1.3227678416
-0.0372223890
-0.5487543613
1.6948405233
2.4102568743
0.4057690203
-0.7610590734
-1.4560616560
-1.3286650825
3.0762720359
-0.4183021983
1.5458258314
-1.0595177853
-0.6044454708
0.1814144616
0.2546827093
2.0997824138
-0.0832083272
-0.5985008846
-0.6396693586
1.3213772239
0.5558152329
-0.1671123475
-0.9146486523
0.2430970470
-1.5898123560
-0.8299568046
-0.6685551434
0.0431253477
1.7449805878
-0.3521498982
-0.7331310479
0.1972263120
-1.6445587008
-0.3840512681
1.4561315959
0.6704945088
-0.4060963464
-0.4804283600
-0.6571464114
-0.1323779285
0.3050775023
1.5112972148
-1.2244330821
-1.1716971391
0.5757045019
-0.4532631764
0.2203640587
0.1918889039
-0.2934165629
0.6163010118
-1.4841081755
0.1463821360
-0.0285606580
-0.4230079997
-0.4966979959
0.1897845086
-1.0211619375
-0.4627741430
0.5010998359
-0.3192921608
-0.9274925256
-2.6884936086
-0.5806707680
-0.3658418361
0.2981675580
-0.2427387304
1.3245694953
0.7919634486
-1.5575552553
2.2096959122
0.6345184751
1.3376538536
0.6020786746
0.7012343462
0.0652874523
-1.6211823300
0.8351794130
0.9152404649
-1.2970174848
-1.0999752082
1.6104101057
0.6553964155
2.7026776304
0.9829142640
-1.9653173634
0.3012316077
-1.2154806366
-0.9785422272
-1.6218639484
0.1504653517
-0.0172736347
0.1681848212
1.6412896113
-0.0706473348
1.7202570897
-0.7271537021
0.3977548495
0.0595571607
1.0909749761
0.3091186678
1.3707878221
-1.4129910569
0.9538862822
-1.5814530634
-1.3666472226
-1.2977676896
-2.2006621073
-0.0303728683
-0.5838278282
-1.0606064556
0.9142030414
-0.7629659576
-0.2040925976
0.2025679440
0.1402528042
-1.6995503141
-1.0903164040
-0.4241856945
0.8654257242
-1.0064506614
-0.9277704303
-1.0496350906
1.2674758876
0.9436774757
-0.2871954950
0.4293937016
0.4400014118
1.1196370704
-1.0896565804
-0.2829903577
1.2511139746
0.0440418434
-1.2447916654
-0.5522557693
-1.0649159470
0.4791017813
0.1644151604
-2.3239072333
-0.5420419582
-1.1925918610
1.3580269040
0.0821943066
1.1800001490
-1.5318855923
0.3999251781
-0.5470546109
0.6068375797
-0.9922810174
-0.6658140876
0.2574573636
-1.4993438956
-0.8825618002
0.2775888443
-0.7462488265
-0.0478277732
1.6023392078
0.4187023925
0.4131861666
1.2616754154
0.6171264740
-0.2028514460
1.4723077088
-0.8120836362
-1.9551374697
0.5870336310
-2.6945849017
0.4179028916
0.5532777240
-0.4095142382
1.2236576790
2.0358511711
