18 6 0.09
13 0 1 1 0 1 1 1 2 2 0 2 1 2 2 2 3 2 4 3 2 3 3 3 4 4 4
18 0 1 0 2 1 1 1 2 1 3 1 4 2 1 2 2 2 3 2 4 2 5 3 0 3 1 3 2 3 3 3 5 4 1 5 1
12 0 3 1 1 1 2 1 3 2 0 2 1 2 2 2 3 3 2 3 3 3 4 4 3
17 0 3 0 4 1 1 1 2 1 3 2 3 2 4 3 0 3 1 3 2 3 3 4 1 4 3 4 4 5 1 5 2 6 1
10 0 1 1 1 1 2 2 1 3 0 3 1 3 2 4 0 4 1 4 2
20 0 0 0 1 0 2 0 3 1 0 1 1 1 2 1 3 2 1 2 2 2 3 2 4 2 5 3 3 3 4 3 5 3 6 4 4 5 4 6 4
6 2
9 0
9 6
2 7
8 13
10 5
0 0 0 0 0 0 0 0 0 0 0 0 0 0 0 0 0 0
0 0 0 0 0 0 0 0 0 0 0 0 0 0 0 0 0 0
0 0 0 0 0 0 0 0 0 0 1 1 0 0 0 0 0 0
0 0 0 0 0 0 0 0 1 1 1 0 0 0 0 0 0 0
0 0 0 0 0 0 0 0 0 0 1 1 0 0 0 0 0 0
0 0 0 0 0 0 0 1 1 1 1 0 0 0 0 0 0 0
0 0 0 1 0 0 0 0 1 0 1 1 0 0 0 0 0 0
0 0 1 1 1 0 0 0 1 1 0 0 0 0 0 0 0 0
0 0 1 1 1 1 1 0 1 0 0 0 0 0 1 0 0 0
0 1 1 0 1 1 1 0 0 1 0 0 0 0 1 1 0 0
0 1 1 1 1 1 2 2 2 1 0 0 0 0 1 0 0 0
0 1 1 1 1 2 2 2 2 1 0 0 0 1 1 1 0 0
1 1 1 1 0 1 1 1 2 2 2 0 0 1 1 1 0 0
0 1 0 0 0 0 0 0 1 2 1 1 0 0 0 0 0 0
0 1 0 0 0 0 0 0 0 1 0 0 0 0 0 0 0 0
0 0 0 0 0 0 0 0 0 1 0 0 0 0 0 0 0 0
0 0 0 0 0 0 0 0 0 1 0 0 0 0 0 0 0 0
0 0 0 0 0 0 0 0 0 0 0 0 0 0 0 0 0 0
-0.2960466356
-1.4092925587
-1.0414208131
-0.5739383764
1.3069463069
-1.6350281839
-0.8296946204
0.4813181389
-0.2482474766
1.7075815435
-0.4298034465
-1.1417129038
-0.2563047244
0.4694910383
0.4189877123
-1.4158797037
-0.4406609592
0.7544750574
1.0635954911
-1.4749866505
-0.7922838276
1.2350187509
-0.9229889965
0.6306695974
-1.2082456243
-0.5276470829
0.7468496656
-1.7402301552
0.6076617805
-2.3888087137
1.3205090349
-0.8363867010
-0.5763971761
1.3647698292
-0.7468594590
1.5073515888
-0.1927291219
0.6252075228
-1.0587169045
0.4867579263
-0.7025915499
-0.6855645835
-0.7250175919
0.4240661574
-1.2847992110
0.1687585882
2.4945107466
0.7251457003
0.1210805707
1.9863111269
-0.6955606308
3.0945238193
-0.1212162735
-0.9299418726
0.0836035017
0.2656724936
-0.1629107615
0.7681687393
-0.3281587017
-0.2347630530
-0.4044095645
0.2032697234
-1.9010375810
0.2581539546
0.3685998002
-0.2246288526
0.6046464933
0.2077559006
1.7703302769
0.2894671713
0.5719197609
1.6511375910
1.3100398613
-0.0246454045
-1.7703756222
1.1671149810
-0.6887989381
0.4224496822
-0.7368344985
0.7632685790
-0.0704103798
0.3293016650
-0.5748200468
0.5797098203
0.9848884427
2.5725537040
1.9357418301
-0.6614185719
0.8520035572
0.4791665165
0.7198650142
-0.4891409344
0.6188187997
0.2684189000
0.3098884864
0.4765368385
-1.8273463087
-0.2162232866
1.4360141950
-0.0745667036
-2.2231967443
-0.4212315970
-0.3717428004
-0.1612043956
-0.7454559956
0.4612397558
0.5455951579
1.5339932700
-0.7168681762
0.6935878611
-0.8189227862
0.2513004084
-0.4376739149
-0.1433382067
-0.7658391705
-2.0804478806
-0.8541307484
-1.0359081866
1.1166450675
1.5659998392
-0.9398667069
0.8446849131
0.5745850741
-0.5633265280
0.4494273781
0.7420707091
-0.3622765346
-0.0890436864
0.8512327816
-1.7030340494
0.0038925200
0.4513867313
0.1678640891
-0.2991336230
-0.1543867317
0.9079714736
-0.1590711761
0.1175502094
2.1370935400
0.6040905635
-1.1413837809
-0.1973914518
-0.3145336419
0.6929177636
0.7963798425
-0.2036665058
0.7087592504
1.4852572888
0.7011111187
-0.1575872899
1.5120098365
-1.2210226694
0.8860118047
-0.1646874936
-0.9171356949
1.0157700284
-1.2216518530
-0.9603833847
0.5781668581
-0.9799184485
-1.9799393702
1.1643735248
0.5587006881
1.0471138509
-0.3429790596
1.0184382906
-0.9705446309
0.9699789575
-0.5006839315
0.9539236676
0.8558716649
-0.2089722392
1.7113264115
1.4291141149
0.7592577110
1.4793678186
0.5293809812
-1.5807274394
1.1626247758
-0.8608821498
-1.3989708159
-1.5812760724
-0.1215052432
-0.4790620112
-0.4856865832
-0.3252693674
-1.5907813655
1.4619208432
-0.1078367272
0.0135138185
0.3559050154
-2.0572999760
0.0429020319
1.2293477680
1.5672569970
-0.0074375444
0.9077265276
-0.7360785333
1.0567612959
0.7054070891
-1.2235614730
-0.3087952313
-0.4465853417
-1.7090584176
-2.0893978573
0.6119366815
-1.4827315949
1.1370534739
-1.2643215165
0.3024773658
0.0179065091
-0.2568381795
-2.2840342697
1.1858676381
-1.9441371690
-0.3148413326
1.3309345305
-1.7342357852
0.2517315240
1.0070449988
-0.6835375042
0.6889390919
-1.5323347841
-0.2609553466
1.0130069985
-0.1405517748
-0.1227084519
-1.7790783173
0.8734759647
-0.2485816471
0.1199928442
-0.0237944048
1.1473001204
-2.1367540690
-0.5525872240
-0.1883286015
-0.5352875385
-1.1310348925
1.5956351505
-0.4349943020
0.3203225393
0.2050245337
1.4587525928
-1.8918734869
-0.4886089138
1.3611543921
0.6791360234
-1.4286880139
-1.2718704409
0.6233138053
-0.3922674359
-0.2194896195
-0.2740553785
1.3511928213
1.2621940694
0.4391158227
0.3201019485
-0.8444222502
1.7184560966
1.0596770276
-0.9275885038
0.3557291742
0.1742219076
0.6146182479
-0.3055304131
0.4302757494
0.5309781435
-0.2784049159
1.5594722282
-0.4528257673
0.8011060566
-1.1138094397
1.3792777547
-1.1213772828
-1.2627075117
0.3897767307
-0.4146173039
0.3751791263
1.4157074309
0.3413932013
1.7204503014
1.0244746623
1.9028041832
-0.0788085483
0.4053008952
0.3069491406
0.9501407027
0.4006827721
0.9701306938
-1.2637469519
-1.7768766688
1.1520230843
-0.6239810388
-1.3332918575
1.0291979100
0.3557638483
-1.2353282531
0.0202677879
0.2965954875
-0.4635294305
1.0871084356
0.1100915620
-0.1829225014
0.1627326323
-0.4785101510
0.1658139582
1.6108523022
-0.5035512646
-0.0497263379
-0.6944479745
0.9180378103
-0.2708658710
-0.8266470354
-1.7726629663
2.0214821423
-1.5281373325
0.2093682196
-1.8822594250
0.8451116778
-0.1608409263
1.3161299732
-1.0683618072
-0.4813648106
-1.9980636457
0.9201032157
0.2504403920
-1.0352668317
0.4089346779
0.6716974832
2.0011891912
1.8915489754
0.3945378648
-0.4939804387
1.2443683105
-0.5281595611
0.0010640005
-0.6372731819
-0.1910048090
0.0097948733
0.3523012580
1.3350962550
-0.8159848544
0.7573555842
-2.2877811785
-0.4252344472
-1.4023153145
-0.1407048956
0.6417117739
-0.4835748755
0.9558670497
-0.2606184953
0.6111276643
-0.1279023215
-1.3270753537
-0.7055332345
-1.7495875563
0.4194046696
-1.2561297594
-0.8423303860
0.9024327523
-0.0184619337
0.7081968546
-0.5314621215
-1.4260766633
-0.6430760346
-0.1707010256
0.7946048025
0.2863073236
0.2596676687
-0.0537113818
1.2181127574
-0.8997618324
-0.3946642233
1.1970404120
-0.6328951010
0.8755662831
-0.3395607723
0.2927778480
-1.2197178722
-0.2928509675
-0.2536886475
-0.4174960658
-0.3879828307
-0.6819564360
0.1732310471
-3.1113681087
-0.5318099882
-3.2728858293
-1.0100017357
-0.2513163096
-0.8945945719
0.8278217211
-0.9200948445
-1.2140120825
-0.9768086759
-0.0097017676
0.7719368333
0.2192308187
-0.6868131440
-0.6701791632
1.8724382109
-0.5039049675
1.6887705558
1.2462602847
-0.3026900698
-1.9068236654
-0.6653522540
-0.1675468612
1.2654682200
-0.3408206636
0.2909582611
-1.0781610140
-0.1270555594
0.7564675200
1.0206312740
0.5470532526
0.3769440556
1.6043879001
0.2890670040
-0.8746913265
-0.7186092398
-0.5302437919
-1.0922006220
0.7065023309
-1.3496682937
-0.6517846298
0.6879073870
1.3545489610
0.4378383859
-0.3042125341
0.3443596732
-2.2584656816
-0.5759081830
0.1169164054
-1.6382533226
-0.7554710670
-0.1499773359
-0.5949121959
0.3766259400
-0.0085332103
1.2379532053
1.0381043906
-1.0990778531
-2.0291332898
-0.2824732398
0.9662877011
-0.5450556080
0.7394023502
0.3015513689
0.6193837957
-0.7816256168
-0.0228944592
-0.5934006241
2.2034872533
0.3618342287
0.1302177090
-0.0121621032
-0.4665100988
0.5104960910
-0.6646485457
0.0901853293
0.6973905733
-0.6572334080
1.0851906954
0.1138799471
-3.0126594971
0.6349054894
1.1997881524
0.9795622780
0.1042189108
-1.1296067938
1.1775893521
-1.0343340510
0.2242078823
-0.4188687691
-0.9895064816
-0.4176786435
-0.6661408571
-0.6848817965
-0.4525272120
-0.1375358755
-1.1571224263
0.5792332694
-1.6748180419
-0.9394308724
-0.5011358357
-0.7346561316
-1.8026899874
0.1049239775
-0.2408198521
-0.9651300702
1.0355929370
-0.4209153139
0.7979229921
-0.6640127910
1.2193726540
-1.4808931942
-0.2790088527
-1.0636116314
-0.4791846328
-1.2013221696
-0.3964239362
1.1507469879
0.5982536053
0.9131411256
-1.4293192529
-0.5321230501
2.6667964959
2.2792747193
-1.2598770301
-1.2882642434
0.3788054032
1.0156412981
-0.7299390728
1.0675179550
-0.1706115178
0.3443495392
0.1445633716
0.2069935833
-0.3946722451
0.6358038313
1.0558220338
-1.9726389035
0.2436127563
1.8866111240
0.5814459933
0.7793535284
-2.0674311795
-2.2474646692
0.8046801849
0.5159609459
0.3288879708
-0.6278714731
-0.1585379244
-0.7540923297
-1.0809450457
0.6413237409
0.9750731763
-0.4019597939
1.0032002364
-0.2379381264
0.8524046279
0.8180230002
1.1207173215
0.7711186081
-0.0280123902
1.0130118361
-0.0979599503
-0.0596208182
-1.1849474849
0.1842580829
1.5259669607
-0.8273026733
1.0240199701
-0.2808310466
0.7483748756
-0.1705799518
0.3013315499
0.1604349605
0.6295177007
-0.4488901725
-0.0386659585
0.3929395060
0.5157086653
-1.3386146210
-1.0974157291
1.0742955748
-0.9290202218
-0.3407500528
-1.3482192259
0.9009722212
-0.1686301887
0.0274549136
-1.8120735863
1.8333571490
-0.7952506439
-0.0645058019
-2.1537709890
-0.6808432644
-0.1077202183
-0.4283469126
-1.9046482065
-0.4505440598
1.7735923739
-2.4057186639
-0.5810804674
0.6659931647
1.0403153192
-0.1502391584
-2.9384980031
-1.3941261241
-0.6100887806
0.0953136085
-1.7518378722
-0.0425587535
0.3356629177
-2.0377978609
0.0429571257
0.1232034850
0.8456605147
0.2753715989
-0.4671702550
1.0265751204
2.1484659258
-0.5795169247
0.5559564919
0.0332501448
0.9733828652
-0.9888979663
-0.2922880774
0.9759985851
-0.2072887396
0.5736526087
-0.1476722422
1.1114080971
0.3264728168
-0.5741480421
-1.2789250173
0.0859692259
-1.1482200709
-0.6523081739
-1.2579261626
0.0326194503
1.8548409068
0.2689728390
0.1403790658
-0.8357288842
0.2319785769
-0.9873161542
0.9310771391
0.6253488419
2.0909860870
0.4518033033
0.6749155027
0.1965209618
-0.0914097826
-0.3154736626
0.0443529890
-1.0972482605
0.5005617498
1.0497226721
-0.6526573111
2.3084764460
-1.8756249174
0.5917624535
1.1252362728
-0.5136509282
-1.0472604719
