17 5 0.10
4 0 0 0 1 1 1 2 1
15 0 0 0 2 0 3 1 0 1 1 1 2 1 3 2 1 2 2 2 3 2 4 2 5 3 2 3 3 3 4
15 0 2 0 3 0 4 1 3 1 4 1 5 1 6 1 7 2 0 2 1 2 2 2 3 2 4 3 3 4 3
8 0 1 1 1 2 1 2 2 3 0 3 1 4 1 5 1
9 0 1 0 3 1 0 1 1 1 2 1 3 1 4 2 3 2 4
11 12
5 7
11 8
3 0
10 6
0 0 0 0 0 0 0 0 0 0 0 0 0 0 0 0 0
0 0 0 0 0 0 0 0 0 0 0 0 0 0 0 0 0
0 0 0 0 0 0 0 0 0 0 0 0 0 0 0 0 0
0 1 0 0 0 0 0 0 0 0 0 0 0 0 0 0 0
0 1 0 0 0 0 0 0 0 0 0 0 0 0 0 0 0
0 1 1 0 0 0 0 1 0 1 1 0 0 0 0 0 0
1 1 0 0 0 0 0 1 1 1 1 0 0 0 0 0 0
0 1 0 0 0 0 0 0 1 1 1 1 1 0 0 0 0
0 1 0 0 0 0 0 0 0 1 1 1 0 0 0 0 0
0 0 0 0 0 0 0 0 0 0 0 0 0 0 0 0 0
0 0 0 0 0 0 0 1 0 1 0 0 0 0 0 0 0
0 0 0 0 0 0 1 1 1 1 2 1 2 1 0 0 0
0 0 0 0 0 0 0 0 0 1 1 1 1 2 1 1 0
0 0 0 0 0 0 0 0 1 1 1 1 1 1 0 0 0
0 0 0 0 0 0 0 0 0 0 0 1 0 0 0 0 0
0 0 0 0 0 0 0 0 0 0 0 1 0 0 0 0 0
0 0 0 0 0 0 0 0 0 0 0 0 0 0 0 0 0
-0.6275089042
0.3628482551
1.8292369522
0.4067354101
-0.4136648362
0.2448354630
-0.0461933329
-1.3689628555
-0.7397681866
-0.4748350851
0.3767062923
-0.2408646779
0.6195685135
1.5179671485
-0.7499543560
0.9664178487
-0.8789523590
-0.4929334529
0.4908760605
0.1302205312
-0.8596244702
0.6586234854
0.3412574576
0.0873844135
-1.1826986566
1.9036859707
-0.3094973069
-1.3253506687
1.1088954478
1.5044115550
0.1544416394
-0.4458068792
-1.0151366065
0.4449473574
-1.5570648543
2.3552902536
-0.7436381865
-0.4953592401
1.6218880829
0.2349583856
0.0937514937
-1.2644392634
1.3378793842
1.4309434180
-0.2018325558
0.5819630136
0.5346554849
0.9262615096
-2.0022064456
-0.5897829598
-2.5189576977
-0.1482564224
-1.4039789445
-0.7947666246
0.1673136622
1.0685936217
-0.1875200877
-0.8625277035
0.6413755105
-0.8614438227
0.6241141836
-1.5223712826
-0.2261750678
0.4230525495
-0.2580331869
1.1165881628
-0.9384904562
-0.7069577940
0.5669237966
-0.9999769582
1.6331906329
-1.4496619786
-2.5624546904
0.9653744312
-3.1343212263
0.0095549261
-0.3252413029
-0.5816844987
0.4740226321
-0.4868627139
-0.3241398345
-0.4163851708
-1.5805481938
1.0389225434
1.0561543736
0.0492435119
0.2498597453
-2.1023260114
0.6041761906
-1.0116528010
-0.4751167222
0.5331625056
0.4880607058
-1.1850995949
0.7757024291
-0.6150216209
1.3826576232
-0.3534551386
-0.4454423088
-2.3984770495
0.8749337126
-0.3203302328
2.8597250039
0.7363978529
1.6274603928
-1.4564485269
0.3786222433
-0.3166612147
-0.3252736897
-2.0861766164
-1.1825571623
-1.5466770876
-0.5631241440
2.2618206709
1.8119175510
1.1575805172
-0.4421982832
1.3031053631
0.7295706088
-0.2252297968
-1.9358971152
-0.5469322273
-0.1295107262
-0.2108229851
0.1578735389
0.2415864674
2.2773733025
0.3068215665
-0.3670445853
-0.0647820319
-0.3947541032
0.2376777891
-1.2455572982
1.1231236979
1.6545088956
1.8076198814
-0.4044562752
-1.5338312563
1.6751447917
0.2780722525
-1.0456923721
-0.6398211517
0.1080929104
-0.3485074239
-1.2784090076
0.8633537255
-0.0133704129
-0.3578241053
0.5844985427
-1.1922621361
1.2053657571
1.2471553409
-1.0280776924
0.4651018481
-0.2463228697
-1.5961478111
1.0010837395
-0.2605817810
-0.9055999421
1.5717890676
1.3201587591
-0.1665259092
0.8262674294
-0.1123161169
-0.0522666204
-0.2905084064
-0.2543780540
0.1297188967
-0.6508416973
-0.6398137633
-0.2129235176
-0.0837418086
-1.1255300111
-0.7225863918
0.8671043489
-0.3941048163
-0.9712587372
-0.9428832759
-0.5750950478
0.9944249721
0.6105082308
0.8968703047
-0.4772485840
0.2969385046
-0.0560022237
1.4234469808
1.5250553020
0.2860015182
-1.2640396158
0.1760303906
0.3457399428
0.6246641245
-0.1279117038
1.7164189469
-1.1309649241
-0.1187934967
-0.4426880500
-0.9872534394
0.8177729626
0.3654870379
-0.6651363841
-0.0271710122
-0.5922421072
-0.2045126142
-0.4021005631
-2.5648179577
0.5556843100
-2.9341113725
-1.7364506852
1.7500147873
1.6240619619
1.1603562290
0.3079982065
2.0480622783
0.4033744563
-0.7598908101
-0.1208006591
-0.1001480028
-0.4427594470
0.9713411757
-0.0494477454
1.3713112168
0.1424957162
0.8365870094
2.5050861397
-0.4460747520
-0.8095156982
-0.6712252864
0.1798459811
-0.4237111732
-1.4976285889
-0.1444362526
-0.0783935840
0.5896248826
0.8745906092
0.0292980116
0.4864938436
-0.0877738202
-0.8006787097
-0.9693192496
1.7459351538
0.4395224840
-2.3653980339
-1.1080542789
-0.5484194717
-0.5046016440
-1.3140186341
0.3169671433
-1.0367823240
1.4186787052
-1.3268419109
-0.3148597010
0.8986077926
0.3592388677
-1.8803543829
0.4292490645
0.7943043678
1.0316797780
-0.4274190734
-1.2997786405
-0.1562460701
-0.3525369790
-0.3809470149
-1.0104884796
0.6974080943
0.2564517847
-0.2445828142
-1.3040397957
-0.7181395326
-1.5978264446
-0.4460452700
0.1924996390
-1.3615761871
0.5967267291
-1.2516149833
-1.4134468471
-0.2541689834
-0.2821141407
-1.5037334853
-1.2815480661
0.1967626752
-2.2525159204
-1.8301404285
0.5879027597
0.4721644067
0.3326574151
-0.5465709791
-1.4202393659
1.3265461055
-0.4513436114
0.9845490947
-0.1374741525
-0.7243389819
1.0051935700
-0.3562104513
1.6161073511
1.2881301744
-1.2959562359
0.6503640314
-0.9708704112
-0.9908724325
0.4702450293
-1.0634185590
0.6728970811
-0.7579839801
-0.8274992439
-0.3573504052
0.5486900039
-2.0314054693
1.2288163353
0.1135250100
1.3136026034
-0.3018576620
1.2466065205
-0.6885638278
-0.4390069871
3.6886616031
-0.2351680333
2.2903245676
1.2197441760
-1.2550427891
-0.9588420247
0.0298655985
-0.8174861129
-1.8058122807
0.4801834740
-0.1633561139
-0.2644873549
-0.4287312215
-1.3010829042
1.9095321837
-0.1341684663
-0.1996526700
-0.9865462930
-2.5208705621
0.4387464405
0.1711493052
0.9435833513
-2.4079396003
1.1417668227
0.0044335741
-0.2062024966
0.4575186737
-0.9739763004
-0.5993400804
0.5774073868
0.0746968922
1.7952638627
-0.8617135820
-0.9590341709
0.2672598445
2.0380825178
-2.6246780678
-0.1748499660
-1.6922557847
-1.0068638297
-0.1042667221
-0.2628776808
0.5705010021
-1.2169656030
1.4612750941
-0.8791434040
0.0274952332
1.9020170333
-0.3796539848
-0.2055612839
0.4434534607
-1.4234850507
0.9558758026
-0.2505748386
0.3314990153
-1.9987288305
0.7764333278
-1.4185627211
-0.8661969669
0.4059125220
0.0131524720
0.2958678079
1.9756804359
-1.8576920326
-0.3114693099
-0.7423910206
0.9215081065
0.5605977402
-0.0856221654
0.6299707041
-1.4169128996
1.9156408656
-0.4168808563
0.6527856208
1.0774210091
0.3898406456
-0.1846021616
0.2991945510
0.2330553161
0.0009444278
0.2926016626
0.0010563472
0.8158765159
-1.5072061111
-0.4464384328
0.0375499349
2.6522549668
-0.1285163723
0.4233405985
2.2034221341
-0.3630782809
1.0428727578
0.9665457183
1.1941111238
-1.1737868571
1.2005712427
1.5864504592
0.4654464081
-0.7567982409
-1.5008489003
-0.7468143773
-1.8499418962
-0.7769292887
0.0107817351
-0.7053393773
0.3448753871
-1.4309801584
-0.3998625599
0.0971363048
-1.1196127873
-0.2665522595
0.1604301395
-0.6728909492
-1.8977049630
-0.8453142236
-1.2338829787
-0.7059202060
-0.4464032057
0.2188931861
-0.3257211050
-1.1290770362
0.5935612260
-0.7017029686
-0.0386758340
0.0396403121
-0.9773122090
-0.7082574351
-0.4186043584
0.3730298844
-0.0500067481
-0.5955722167
0.3405819209
-2.0043246787
1.8840713088
-0.2421068550
-0.5221781854
-0.0937732196
-0.2323247019
0.6298106770
0.6944734463
-0.6995410253
-1.0399292293
-0.9940716899
-0.1290678458
-0.5871595714
0.7763140538
-0.2200232314
0.7669560088
0.9076565714
0.3850830016
-0.1442515902
0.9930232990
0.9272496548
1.0826513550
0.5949769574
-0.4613537552
1.2885681788
-0.0450987092
0.2004965532
-0.2117889125
-0.1288408661
0.5592340677
-1.8675633884
-0.6487837852
-0.2264802829
-0.0052254456
0.4541819550
0.9062551045
0.8274730289
-1.8701633734
-1.0454492907
2.6238017101
-0.1730974215
-2.1843872742
-0.7504072060
0.0294979100
1.2682507562
0.4944295067
1.0614977948
-0.4330290240
0.2480544542
0.6006889978
-1.4291707009
0.0798158596
0.7881723742
-0.1210026521
1.7775431896
1.0390398188
0.6115937485
-0.2689165137
-1.2852460169
-0.4356147391
0.0921922584
-1.9176550424
1.3919384513
0.2638765391
1.9613638666
0.6515730926
-1.8094310677
2.5859006990
0.2190642764
0.2463792307
1.3265737374
0.7688213225
0.8428270411
1.0486798559
0.1841337391
-0.0108820600
-0.7153292074
0.7609147198
-1.6825401570
-0.2203819950
-0.2464738673
-0.1102222762
-1.6173496565
-1.1786341777
0.0110833621
0.3558270709
-0.8978873397
-0.3813052839
1.3692848575
-1.0043470731
0.0783057805
-0.8056366005
-0.2538284313
2.0726834949
-1.0281233174
-0.5500227043
-0.9091403190
0.3216364524
-0.8287798782
0.7861842620
0.6937874678
0.7176202836
0.3211596295
1.1543390831
0.2781998345
-0.2095851628
0.9573879403
-0.6693494181
1.4587662238
-0.2354120778
-0.6565159488
-1.3713958391
0.0190246229
0.5031866707
-0.4834300101
1.3351078718
0.3544804155
0.2550782696
-0.3135377519
-0.2251696897
0.3568645130
-0.4796124837
0.4139741816
0.6499766328
-1.3006626592
-2.2459226979
1.2315815434
-0.4826284226
-0.8498019041
-0.2479749531
