20 4 0.04
69 0 2 0 5 0 6 1 1 1 2 1 5 1 6 1 7 1 8 1 9 2 2 2 3 2 4 2 5 2 6 2 8 2 9 3 1 3 2 3 3 3 4 3 5 3 6 3 7 3 8 4 0 4 1 4 2 4 3 4 4 4 5 4 6 4 7 4 8 4 9 5 3 5 4 5 5 5 6 5 7 5 10 6 3 6 4 6 5 6 6 6 7 6 8 6 9 6 10 7 2 7 3 7 4 7 5 7 6 7 7 7 8 7 9 7 10 7 11 8 6 8 7 8 8 9 6 9 7 9 8 10 6 10 7 10 8 11 7
66 0 7 1 6 1 7 2 7 2 9 3 6 3 7 3 8 3 9 4 6 4 7 4 8 4 9 5 1 5 2 5 4 5 5 5 6 5 7 5 8 6 0 6 1 6 3 6 4 6 5 6 6 6 7 6 8 7 1 7 2 7 3 7 4 7 5 7 6 7 7 7 8 7 9 8 2 8 4 8 5 8 6 8 7 8 10 9 2 9 3 9 4 9 5 9 6 9 7 9 8 9 9 9 10 10 2 10 3 10 4 10 5 10 6 10 7 11 2 11 3 11 4 11 5 11 6 12 2 12 4 12 5
38 0 6 1 3 1 5 1 6 2 3 2 4 2 5 2 6 2 7 3 3 3 4 3 5 3 7 4 4 4 5 5 0 5 1 5 3 5 4 5 5 5 6 5 7 6 1 6 2 6 3 6 4 6 5 6 6 6 7 7 1 7 4 7 5 7 6 7 7 8 1 8 4 8 5 9 4
15 0 1 0 2 1 0 1 1 1 2 2 0 2 1 2 2 2 3 2 4 2 5 3 1 3 2 3 3 4 3
0 7
4 8
10 2
13 12
0 0 0 0 0 0 0 0 0 1 0 0 1 1 0 0 0 0 0 0
0 0 0 0 0 0 0 0 1 1 0 0 1 1 1 1 1 0 0 0
0 0 0 0 0 0 0 0 0 1 1 1 1 1 0 1 1 0 0 0
0 0 0 0 0 0 0 0 1 1 1 1 1 1 1 1 0 0 0 0
0 0 0 0 0 0 0 1 1 1 1 1 1 1 1 2 1 0 0 0
0 0 0 0 0 0 0 0 0 0 1 1 1 1 2 1 0 1 0 0
0 0 0 0 0 0 0 0 0 0 1 1 1 1 1 2 1 2 0 0
0 0 0 0 0 0 0 0 0 1 1 1 1 1 2 2 2 2 1 0
0 0 0 0 0 0 0 0 0 0 0 0 0 1 2 2 1 1 0 0
0 0 0 0 0 0 0 0 0 1 1 0 1 2 2 2 1 0 0 0
0 0 0 0 0 0 0 0 2 1 0 1 1 2 2 2 1 0 0 0
0 0 0 0 0 1 0 1 1 1 1 1 1 1 2 1 1 1 0 0
0 0 0 0 0 1 1 1 1 1 1 0 1 1 1 1 0 0 1 0
0 0 0 0 0 1 1 1 0 1 1 1 1 2 2 1 1 1 1 0
0 0 0 0 0 0 1 1 0 0 1 1 2 2 2 1 0 0 0 0
0 0 1 1 0 1 1 1 1 1 1 1 2 2 2 1 1 1 0 0
0 0 0 1 1 1 1 1 1 1 1 0 1 2 1 1 0 0 0 0
0 0 0 1 0 0 1 1 1 1 0 0 0 0 0 1 0 0 0 0
0 0 0 1 0 0 1 1 0 0 0 0 0 0 0 0 0 0 0 0
0 0 0 0 0 0 1 0 0 0 0 0 0 0 0 0 0 0 0 0
-0.8080496827
0.0454194464
0.1719847449
0.9544315188
-1.5367285539
0.7420779597
-0.4338495570
-0.1499848329
-1.6635263506
-0.4507280488
1.1810411945
-0.6091567601
-1.1893287531
0.7736379349
-0.2851866970
0.8084076540
0.3183574041
1.0110378634
0.8728054055
0.7885767844
1.3239632048
-0.3993786118
-0.7460843169
-1.3470432601
0.2308878000
0.4206239374
-1.0608199197
-0.3244407581
0.1418017221
1.4802953793
2.2552319875
1.0997614031
-0.1870947645
-1.0961031780
0.1764508837
2.0600667815
-0.1804606221
0.7054354815
2.9882867800
-0.4208472054
-0.0250351614
0.3543516197
-1.0138320919
0.0554647091
-1.0007094923
0.7579607198
-0.1771671173
-2.4186976761
-0.5433903645
0.5824874264
-0.5103575158
-1.1335541573
2.0728797349
-0.6898528208
-0.2980649089
1.2316089877
-0.4896773702
0.4785146370
-0.3483737591
1.7401301218
0.1672344947
-2.4360895060
-0.7542294761
-0.7234617572
0.1511997792
0.5726640279
0.8104241769
-0.6863452651
-0.1768789263
1.0236042147
-0.5443667285
0.5796985771
-1.1173014830
1.9059228743
0.1306332692
0.7607225917
1.4036822851
-0.4317044815
0.6709323604
2.0497035006
-0.4673735041
-1.4807771609
0.0734798097
0.5129587223
1.8069916930
1.1709782683
0.1027307697
0.4281319032
1.3527145147
0.3787197017
0.3218101781
-1.4308275186
1.1732021553
0.4253039107
-2.5303781203
0.8219793880
-1.3271894329
-0.4058629390
0.2290042799
-0.9558808500
-0.4243856370
-1.2416381809
1.8840318816
0.9180062664
0.1659469882
-1.6782386123
2.1514313913
0.3151880036
-1.1161426493
1.0532967925
-1.1541889873
1.4738147138
0.3437242059
0.5556133370
-1.1048698179
-0.6955873725
0.5688792176
0.5975394098
1.2908735458
-0.6226039544
-1.5384050605
0.1612638707
-1.0325812851
-0.9961965755
-0.8196281543
-0.6630929502
0.2645519686
-0.7275140400
-0.2725086268
-0.2791725251
0.2538724253
1.7632746308
-1.2071076800
-0.9231350202
-0.0643246659
0.6431912992
1.7619260408
-0.2198899849
1.0692091174
0.4742990028
0.1660001768
-1.8614210287
0.5831782169
-1.7348184192
1.2847443266
0.7469608921
1.8834022467
-0.1372185526
-1.2166148891
-0.1726924764
0.4892778192
0.3904149941
0.7082832824
-0.5182500226
-0.9321870428
1.0896361367
-0.3885908747
0.4596248713
0.0842675978
-0.0138940423
0.4639175876
-0.4692609797
0.0035063881
0.1062322880
0.6228697682
-1.0877894678
-0.2824842887
-0.4627605360
0.5066151316
0.1324975015
0.1974673121
0.4235429752
-0.4834712502
-0.9529313425
0.7912112482
0.0108334347
1.5484969567
-0.5620608912
-0.1613756318
0.9863369525
-1.4209578778
-0.0345343053
1.3854160153
0.4461139495
-1.4393038902
-1.7022049879
0.4960023059
1.1934940800
0.9629382941
0.4889594501
0.0608752517
-0.8717476764
-1.8031190702
-2.0982802356
-0.3539688673
-0.9628731496
-1.5645932619
-0.5466600869
2.2612274722
-0.2387264938
-1.3675361539
-0.8756977383
-1.4424117158
0.8821158698
-2.3721963021
-1.3643752342
1.2440394432
-2.0595825016
-0.6345023233
0.4466964060
-0.4032329033
0.4835921729
-0.2254786426
-0.2447918867
-0.8279379413
-0.4981189383
-0.4362662468
1.1170448529
0.7936884363
-1.2104721875
2.0619585167
-0.3542729839
2.5997214709
-0.0509354130
-2.1513438547
0.0894452420
0.2789598738
-1.1598169677
0.0813497090
-0.8205842291
0.0224732716
-0.5422477545
-1.0728307409
-0.3970788709
-0.5621704277
0.9619947275
1.4631532619
1.8282295576
0.5530764662
1.2362720467
0.1437666510
0.5492219325
-0.0251854329
-1.4385236647
-2.1944946466
-1.0439753825
0.4843439640
-1.3786085653
-0.7474775583
0.1479481554
-1.0569359570
0.3760883491
0.3666102716
-0.6368788816
-0.4813914203
1.0410364946
0.8346178060
0.0144204998
0.4706328023
-0.7553630988
-0.7529265048
-0.0335752440
0.9571065342
1.0955575854
-0.3822921067
-1.0390744326
0.7040218411
-0.0574116152
0.0824472859
1.2078321464
-0.0016691413
-0.9234174836
-0.7595447644
0.8617179879
-0.5530179369
0.6047129175
1.1734034269
0.5012186886
-1.0189121073
0.2596918624
0.0222895968
0.2296075403
-1.1156341318
-3.0595788007
1.0205206659
1.0648150440
1.3630864796
0.3325438076
0.8548834585
-0.2297756086
0.8958971428
-0.8901558943
-2.0179236807
1.9299996499
-0.2782462753
1.5005347136
-0.8091887275
-0.9843162504
-0.3655411222
-0.4938292277
1.5102893169
1.9102664771
-1.5381527140
-0.1943478430
1.1113576949
-1.2105152971
0.3248395889
-1.7623255117
-2.4206239069
-0.8181612453
0.5112435319
1.3363380064
0.1690082281
1.7649686506
1.2573557572
-1.3711806102
-0.6605942843
0.5646559593
0.5405466420
0.8035718195
-1.5030204053
-0.8068144493
-0.9549742973
1.7930166825
0.4077961275
-0.1282500549
0.8621819787
-0.0356615956
-0.2811727723
0.1386484996
2.0478999148
-0.5232348879
0.7816002133
-1.2615274096
1.4054996907
0.1292726660
-0.5033549777
0.7144139949
0.3104137061
1.5589820107
0.4471705659
-0.1878884487
1.2452020931
-0.4637550859
-3.1949650248
0.0603144964
0.2381856074
0.6194862295
1.0356766111
-0.7733371965
0.3147626119
0.9006963866
1.0456227597
-0.0321747313
0.6732782755
-0.4516078910
-0.3729044227
0.8028976677
0.9658483477
1.6466542343
0.3916710133
-0.2753236819
1.3587758712
0.6630319507
0.9937689896
-0.3886677839
1.3986271237
1.1929438948
0.1955762510
-0.6634851450
-0.2749770610
-0.3942359455
1.6126729089
0.8423058521
-1.0893638885
0.0683877485
0.1201808186
-1.1433844363
-1.9667681263
-0.3551629875
-0.5644249074
0.9565553210
-1.7248968278
-0.3803214741
0.1733808342
0.1911571759
0.5661729221
-0.7001815166
-1.2116922866
0.4780625877
-1.0523087361
0.9592799634
0.1699427423
-2.1803324534
0.9789489008
0.2364763963
0.1518640451
-0.0483396459
-0.3748734954
-0.9538866879
0.2333346568
-0.0788118023
-0.5963595390
-0.5668175028
0.6372376267
0.8386378157
-0.6551260215
-0.3961219248
1.8511107037
-1.7623599794
-1.0913490154
2.6222857286
-0.1564540628
0.7456263906
-0.6870189631
2.3549874288
0.3118446175
-0.1186233046
-0.5940774770
2.6092193700
-1.4385225735
-1.6386654712
-2.0445744343
1.2760759949
0.3943046575
-0.8109806349
2.4772128810
-0.2077966130
0.8966513593
1.2876475069
0.8227929295
0.4262726473
-1.9545423122
-0.5947787022
0.1828008620
0.3233371953
1.2498765735
-1.0518320334
0.5115841036
-0.0999109670
1.0766233680
1.3517406286
-0.3152226251
0.6385416739
1.7180512608
0.3298762623
0.1773914921
-0.8559651320
-0.2058647921
-0.2172694544
0.9163556776
0.0138347397
-1.0821840947
0.0733428704
-0.0383357036
-0.4834548308
0.0987838331
-0.5639470917
1.9384162646
-0.4111308367
0.1671068862
-1.6791464187
-0.6580721570
0.7576108868
-2.5997599159
-0.6160410251
-0.3838002278
0.4386689747
-1.2004517736
-0.1415168407
-0.2903200162
0.7547658588
-0.0612821681
1.2590627445
-0.4165160025
2.0781365807
-0.5379786346
-2.0062590704
0.4547823764
0.4432655318
-1.1810484795
0.6022940057
1.3664367111
-0.7638977576
0.1137298471
-1.3463463209
-0.9232672166
-0.4235016580
0.2070028756
-0.1450820502
0.4667385189
0.1344018772
1.7401158463
-0.8278814615
-0.3390403545
-0.2386744368
0.2658982429
-0.3165390670
0.1272341770
0.9321615466
0.1821163212
0.7811995995
1.2219620102
-1.3724652668
-0.1344458857
-0.1743726045
0.0550663516
-0.2662391854
-0.6188054388
0.8303340661
-1.1471347840
0.1191153513
0.7795830599
0.3028189537
-0.1279326091
-0.4867363671
-1.5952944192
0.7134883293
-1.6763539106
-0.5061187942
-2.1819393292
1.3787564840
-0.1063509244
0.0293212407
-1.5588677573
0.3978563565
-1.2889928161
0.1452116294
0.5219937014
0.1568059938
-1.2577215675
-1.6250113701
-1.5652502320
-0.8405239043
-0.7104936281
-0.0202640417
-0.3367727740
-0.2940592506
-0.4463086295
-1.0050645365
-1.9430109512
-0.3730387642
1.0050752358
-0.6591843281
-2.0732182192
0.9237948922
-0.0238027088
1.9950648069
1.3514250027
1.6429753199
-1.8231186394
-1.1490610504
-0.2675218870
-1.1012626128
-0.0802365962
-0.8458437892
0.4030127703
0.5283694741
-0.4885309010
-0.8894569437
-0.3859839610
0.7625011137
0.3172076507
-1.7449896641
-0.8207398784
1.8850414360
-1.0799862574
0.0071715570
0.2748010441
2.1069800595
-0.3255155003
0.8876339847
0.2001755463
1.0256169090
-0.1958286383
-0.5114834502
0.5844167825
0.5224884254
-0.2100904491
1.0524615052
1.4010781280
0.3850957127
0.8774158824
1.0821143947
1.4321288117
1.1309687340
1.1241695006
1.6906951155
-0.3903086461
1.0475459430
-0.7553840116
-0.5401088838
-1.2626808038
0.9864889964
-1.9915431251
-0.5128499547
0.8516890947
-1.5700810932
2.6313044724
-0.1500104457
0.2403367477
0.1152649530
1.0557996080
1.1302517895
-0.4298402633
-1.5009095462
-0.6762901104
0.3575078921
-0.5212442986
2.2297325013
-1.0835872721
0.5656211601
2.9378129680
0.7054506063
-2.0068336656
0.0343670220
1.4589102122
-0.3776686445
0.7364879923
-0.7566753489
-0.6561239592
1.8371113203
-1.4780424791
-1.1956315572
0.5241564990
0.1327500266
-0.1770970475
1.0083892743
0.5586237103
0.7662963246
0.4445274747
1.5215615900
0.3138942067
0.1813059008
-0.2256859026
-0.1085295199
-0.9641944050
-0.8174162639
0.4969612033
-1.0988010611
-1.4953073147
2.8004684446
-0.1469971791
0.5102171183
0.6926505614
0.5370938510
-1.1275360952
0.8869714103
-1.0081595626
-0.1776272745
0.5692942141
-0.9530526638
1.3120122006
-0.6577272719
-0.0690155283
-0.8711216780
-1.1288922299
-0.1923295039
-1.1200186455
1.3098319901
0.5635646206
0.7066365140
1.8251665312
-0.1654667679
-1.0620093423
-0.5990075066
1.5308987886
-0.9648292074
-0.6048212805
-1.0589539812
0.0784026925
-1.1163320351
0.6158697546
0.8124942704
-0.6885631452
2.3551258476
-1.5851619018
-0.9885101879
0.5905033214
0.5197610974
0.1444521805
0.6809574513
1.6094436223
-0.1680197680
0.6140175361
-0.3596238850
-0.5214979921
0.5957759153
0.5004151472
1.5000013324
0.1213324219
-0.3457153503
0.2989547180
0.0519791965
0.9137170352
1.5159213888
-1.8889160238
-0.7694232151
-0.1587114440
0.8231146489
-0.1134203110
1.0025658128
0.3907740584
0.9721932982
-1.2291882694
1.8189091427
-0.9726646530
0.0040524903
0.0822091541
-0.3278215983
0.2444239932
0.8292153811
-0.8168633027
-0.7779888344
-0.1622630272
-0.6003210924
0.3740301158
0.8564345900
0.6146276948
-0.7893619282
1.5916347715
-1.2024858415
-0.1396855674
-0.1085570895
-0.4003217235
-2.2080125657
-0.1162767800
1.7942487131
-0.0451385621
0.6403639331
-0.8541032988
1.1339498822
-0.0556666379
0.0453331817
0.7197631038
0.5208265608
1.0114507379
-0.1923070418
-1.3074376559
0.8451904647
-0.2044590997
1.2096519757
-0.4041841427
-0.8886143645
0.7359227020
-1.2978888966
0.5223467286
0.9665853130
0.0850135196
-0.3852142948
1.9530685504
-0.0253300977
-0.0549194403
-0.9581182992
-0.2660294731
0.3311205578
-0.1190164559
-1.1497868422
1.3523926689
0.6011569884
0.0606713737
1.1849618865
-0.5965080831
2.1548027131
-0.6065878970
-1.5666649336
-0.7328229165
0.3725408539
-0.5505447541
0.9347233567
-0.3635318789
0.5076873381
-0.4573817193
-0.9327505690
-0.5621085256
0.0868048279
-0.0443233778
-1.5105124408
1.2256474977
-1.8025669562
-0.9019328666
-0.6811663993
-0.1585661288
1.1328190628
0.5645303424
0.6050202532
-0.3081616002
0.2282800264
0.1087579970
-1.0031050848
1.4878161571
0.2459400672
-0.1139451434
1.3916818055
0.7146587871
-0.2280353545
-1.2621090291
0.0672947261
-0.5943740599
-0.3271894438
