20 20 0.20
5 0 0 1 0 1 1 2 0 3 0
7 0 0 0 1 1 1 1 2 1 3 2 1 2 2
8 0 0 0 1 1 0 1 1 1 2 1 3 2 2 3 2
7 0 2 0 3 1 0 1 1 1 2 1 3 1 4
7 0 2 1 2 2 2 2 3 3 0 3 1 3 2
9 0 3 1 1 1 2 1 3 1 4 2 0 2 1 2 2 3 2
7 0 1 1 0 1 1 1 2 2 1 2 2 3 2
6 0 0 0 1 1 0 1 1 1 2 2 0
8 0 1 1 1 1 2 2 0 2 1 2 2 3 1 3 2
5 0 2 1 0 1 1 1 2 1 3
5 0 0 1 0 1 1 2 0 3 0
8 0 0 1 0 2 0 3 0 3 1 3 2 4 0 4 1
8 0 3 1 2 1 3 2 0 2 1 2 2 3 1 3 2
9 0 2 1 0 1 1 1 2 1 3 1 4 2 0 2 2 2 3
9 0 0 0 1 1 0 1 1 2 1 2 2 2 3 3 1 3 2
9 0 2 0 3 0 4 1 0 1 1 1 2 1 3 2 1 3 1
6 0 1 1 0 1 1 2 1 3 0 3 1
9 0 1 1 0 1 1 1 2 2 0 2 2 3 0 3 1 3 2
9 0 0 1 0 1 1 2 0 2 1 3 0 3 1 4 1 5 1
6 0 2 0 3 1 0 1 1 1 2 1 3
15 9
10 11
6 14
8 5
5 12
16 2
11 6
1 11
12 17
12 10
0 12
4 1
2 15
16 14
8 14
4 6
14 8
2 14
6 13
17 4
0 0 0 0 0 0 0 0 0 0 0 0 1 0 0 0 0 0 0 0
0 0 0 0 0 0 0 0 0 0 0 1 2 1 0 0 0 0 0 0
0 0 0 0 0 0 0 0 0 0 0 1 2 1 0 1 0 0 1 0
0 0 0 0 0 0 0 0 0 0 0 1 1 0 1 1 1 1 1 0
0 1 0 0 0 0 0 0 1 1 1 0 0 0 1 1 2 1 0 0
0 1 0 0 0 0 1 1 1 1 0 0 0 0 2 1 2 1 0 0
0 1 0 0 0 0 0 1 0 0 0 0 0 1 2 1 0 0 0 0
0 1 1 1 0 0 0 1 0 0 0 0 0 1 3 2 1 1 0 0
0 1 1 0 0 0 0 1 1 0 0 0 1 2 3 1 1 0 0 0
0 0 0 0 0 1 1 1 1 1 0 0 0 1 2 1 1 0 0 0
0 0 0 0 0 0 0 0 0 0 0 1 1 0 1 1 1 1 0 0
0 0 0 0 0 0 0 1 0 0 0 0 1 1 2 1 1 0 0 0
0 0 0 0 0 0 1 1 1 0 0 0 2 1 0 0 0 0 1 0
0 0 0 0 0 0 0 1 1 0 1 1 1 1 0 0 0 0 1 1
0 0 0 0 0 0 0 0 1 1 0 0 0 0 0 0 0 1 1 1
0 0 0 0 0 0 0 0 1 2 0 0 0 0 0 0 0 0 1 1
0 0 0 0 0 1 0 0 0 2 1 0 0 0 0 0 1 0 0 0
0 0 0 1 1 1 2 1 1 2 0 0 0 0 1 1 1 1 1 0
0 0 1 1 2 1 1 1 0 1 0 0 0 0 1 0 1 1 0 0
0 0 0 0 1 0 0 0 0 0 0 0 0 0 0 0 0 0 0 0
0.6465477958
0.5080249695
-0.0537964980
-0.1019256984
1.5053117960
0.1530125828
-0.1761782109
-0.7319244206
-1.3706629082
-0.4088492904
0.3621093291
0.0852577939
0.3916871075
0.1175243936
-1.2200885235
-0.3949277376
0.3530493540
0.3043309746
0.3844488733
0.8231315187
0.4026080409
0.5580357959
-1.2830625722
1.4217195967
0.0897695979
0.2796041619
-0.2517995354
-0.9696956626
3.0777803489
-2.0410586566
-0.1128586445
-1.7207614526
-0.8879077662
-0.0656817060
0.3666960393
-0.1520192202
-0.5587950187
-0.4842815094
2.0455272514
-2.5677240826
1.5041181624
0.1021031748
1.5096571223
1.4699839907
1.0604851433
0.7514513116
-1.1294861202
-0.7539118283
-0.1069678405
-0.9072238373
-1.6795890613
0.7323741221
1.4813074363
0.3077443525
-0.5206689706
0.1952289120
-0.2352682123
-0.9811100735
0.1578811139
1.7600318990
-0.2642263786
0.5658395141
-0.0530176210
0.5041441187
-0.6309621207
1.1145440932
0.6535007418
-1.2862710042
0.9925891466
0.1862621918
-1.4858673921
1.1260423556
-0.3146750195
-0.8529553301
-0.1576476898
0.5565914185
0.9827438008
1.2770577073
1.4269032958
0.1794036143
0.2987713687
-0.5483244441
-1.0900894698
1.2857464967
0.1588498365
0.9527651483
0.0924912837
-0.1116468716
-1.9162304165
0.6404688050
3.1008462274
-0.5958529292
-0.3085960514
1.2969203187
1.5193693909
-0.3715435975
-1.1869132875
-0.5774096836
-1.6373893698
-0.9555379841
-0.7127715387
-1.3164842647
-0.0881203163
-0.2404494227
0.0503229218
0.3290063902
-0.4003636180
-0.6227228827
0.2206664470
1.9319679409
-1.2908753040
-1.2004300444
-0.6121087389
0.8937522861
1.0523250058
-1.2219062525
0.6303837846
-1.3574012282
-0.2526901373
-2.3588802744
1.9060802002
1.1292942489
0.8477475170
0.4141596311
-0.4318303782
0.6421145172
0.0401322100
-0.7523324838
0.7706512326
0.4948043981
0.1565176299
1.1485703501
0.5383619348
0.1614247501
0.1649702129
1.3191776452
-0.0861791245
0.9111879160
-1.3601071018
1.0768496600
-0.7792888574
1.0381067657
1.9986621320
0.4178975444
-0.5127676797
-0.6993878754
0.1720608090
-0.0051924274
-0.8030220305
-0.7668741687
-0.6659944627
-1.2581610547
-0.4019150034
0.5740741335
-0.1589614727
1.9171743230
0.4419748984
-0.1433988331
0.1012244518
1.4255904130
-0.0665880939
0.7416872063
0.4263316638
1.0449296938
2.1707549201
-0.0086982365
1.2205395338
-0.6847810232
-0.6437638582
0.3437295751
0.7179037710
-1.7352617453
-2.5000759962
1.8317276497
-0.2227639178
-1.8093207084
-0.7530353404
-0.5993672153
-1.1733075613
-0.9069245175
1.2429556391
0.8191652722
0.8312464387
0.0138630782
-1.0504317225
0.4118028912
-1.7686430845
-0.0036150242
1.3356966702
-0.7678479267
0.3833784859
1.2152346051
0.3367303121
0.8405436688
-1.5650478703
1.5218026387
1.3928802978
-1.2995341232
0.7750062778
0.5039391045
0.5700468399
-0.9981824043
0.7330548794
-0.2957210293
0.2765352545
0.1247058360
1.7437075116
0.4568471795
0.7171827044
0.5082148171
-0.0689860706
1.4667849082
-0.1391259931
-0.1650592814
-1.6447143087
1.3952385275
-1.3273945085
-0.6904836350
0.9288404411
0.7312516728
0.2518619133
0.2286906113
0.9528624662
-1.0830012036
-1.2855083266
1.0812912866
1.1443304857
0.8326374583
0.6138818762
-1.0716072620
0.8620468822
0.0451197148
-0.6382175676
-0.2485910444
-1.0439558811
0.5515969606
0.0316300263
1.8513837597
-1.2108586934
-1.3243656795
-0.0492388732
-0.4920569673
-0.3271132006
0.7304253631
2.0529080848
0.2447396042
-0.7858604292
2.5240206518
-0.0375722668
-0.6420475458
0.4529761877
2.0669575949
1.7609553482
0.5323715000
0.9203867324
0.6459306805
1.3544180281
-0.0436322608
-0.1476116958
-1.0968583318
0.0196563630
-0.1415841718
0.7172099010
1.2401636743
-1.5019246645
-0.2965805887
0.1490892128
-0.3339787665
0.2730864467
-0.6865785578
-0.6043979595
0.3414436085
-0.6175311654
-2.0010837426
0.6359041545
-0.7287461827
-0.9000702017
0.9062972150
-1.0263833431
-0.8489242093
0.9382666758
-0.2193167498
-0.4459146071
1.3591582466
0.2849189985
0.1375185583
0.4915726295
-0.4676451127
0.0355818295
0.6945096820
-0.1850691915
-1.7430421080
-0.8035272492
-0.2497043788
-0.1180406246
0.8259493165
-0.8957394256
-0.6537955093
1.1553272922
-0.0796860855
-0.5324607481
-0.5739621884
0.6315826216
-0.2155705343
-1.2386830354
0.1633957531
0.7150528633
-0.5730714402
-0.5579741435
-0.1397415986
-0.8253684892
0.7246336138
1.7285619267
-1.3122170415
0.7557684747
2.2570647449
0.5366448758
0.9600609755
-0.6091030398
1.5246654237
-1.6335408471
0.1622125290
1.7569197073
1.0089022366
0.7878990655
1.7578370786
-1.0606196231
-0.2319402793
-0.9946822721
-0.5647012236
-0.1695056679
0.7078345499
-2.5952269735
-1.0232614746
1.2815725348
-2.2022658674
0.6732054896
0.0232766061
0.5350693517
-2.6970606409
0.4673155946
1.2456164300
0.4381171161
1.3882182293
-0.5417100038
-1.3036551286
1.6157302792
-1.8692918458
-0.5849630784
-0.4766262964
-2.5909247477
0.8896694238
0.3623199301
1.6961428344
0.8189280100
0.4657630073
0.1116114465
2.0896246683
-0.4990015144
1.5674479094
0.3405747443
-1.7486609774
0.7321573462
-0.1549097906
1.4120304044
0.4080155252
0.9659454937
0.4763736700
0.5073035565
0.1843861823
2.2101912859
-0.1223239219
1.3769720789
-0.0772425623
-0.5067828101
0.2150399865
1.4260811128
-1.2293822900
0.7162729127
2.5506523088
-1.6749897991
-0.6372480698
0.3431173661
0.3978150726
0.7164475968
-1.7326893086
0.1782282398
-0.6897740924
1.7972506091
-1.3137030668
-0.9607663974
-0.2318171559
0.7903173580
-2.2230073151
1.0610935254
0.0813706640
1.3275844651
1.2950898080
0.8034072337
0.6306670856
0.1169783143
-1.6695203257
-0.2425952278
0.4019768287
0.2166060889
1.4960377927
-0.9466983438
0.8702153338
-0.3312797434
-0.1592308397
-1.0923654157
0.4410458250
0.4711797279
0.4237336702
0.1422270936
0.1486717603
-1.5678634771
0.4114290719
-0.7760167820
0.1310538097
-1.1426037648
-1.2884978461
0.6202636841
0.2629383416
-0.1161564562
0.3085887022
0.3717517093
0.9190549806
-0.4499619576
-0.0596607287
0.1647925920
0.3992899128
-0.5339133834
-0.3676745170
-1.5199713537
-0.1263974165
0.8530737807
-0.6983505678
1.0979484383
1.1782704989
-1.8487729586
1.3703314476
-0.2533828150
-0.1391129759
0.8990259130
-0.0965311082
-0.1085174739
-1.7053501865
-0.3466026442
-0.3269549870
-0.3799078648
1.2341388546
-0.0718293331
-0.5446963718
-1.4473156793
-0.7542345107
0.2674488003
0.9481621337
0.3239435206
0.0398097548
1.6171525900
-1.9962033260
-0.2374521721
0.3791659277
2.8774358596
2.5220528882
-0.8167436881
-0.1716596658
1.5486194513
-1.1875158477
1.4082457386
-1.7929495832
-0.0240458832
-2.1329749095
-2.2366439636
-0.0267477351
-1.3653798405
-1.4612247131
-0.7497284262
-2.3356611647
0.0561915760
0.9817299003
-0.2943743132
1.1098229423
-1.3567163412
-0.8792164952
-0.3180338578
0.7185491793
0.5086483170
-0.4392160210
0.2671791767
-1.0770411750
1.3502288502
1.2085157525
-0.8561071463
0.7144148772
0.5000627741
-0.2683592669
-1.1677092022
-0.0090597873
-1.4108046416
0.6580620330
-1.5710525455
0.1849223432
-0.5183748748
0.6431047447
-0.1690441600
-1.5548313525
1.1717344933
0.5363663442
-0.6902166514
-0.7496045262
2.1232160226
-0.0339882556
-0.3434970846
-0.3682883202
-0.2147915569
-1.1258871123
-0.8724783970
-0.3387953150
-0.6374444137
-0.4716962539
0.0334346343
0.0939039505
-0.5927304936
-0.3698627885
0.1592524402
-0.0705197830
-1.0753246296
-0.6719264475
-2.6919295598
-0.3516019498
0.6152885805
0.2620916161
-1.5287764513
-1.7711515855
1.8574557572
1.0458499021
-0.1889827402
-0.4751672970
0.2796029086
2.0061907568
1.3580005689
0.5591796884
-1.3135541773
0.1139726374
-0.6940289761
0.2411413268
-0.4785177710
1.0352419134
-0.4720422333
-1.9503528069
-1.6807760542
0.1287347350
0.1301455656
-0.4857700394
0.5966181695
0.5928556354
-0.7097595686
-0.4622032600
2.2161723084
1.9223855176
-1.7082533468
0.8101228672
-1.2521519896
-0.0050217900
0.9504827870
0.3916143055
1.3945779747
-0.3456046775
0.2913658740
1.9995093565
-1.1977977006
-1.0168661424
1.2031058304
-0.6405689736
1.1526606130
1.5206062556
-1.5377882057
0.3059750305
0.5445291588
0.7042361698
0.4694287658
-0.5121674500
0.2645223812
0.5827070529
1.1827122217
-0.0257987605
-2.1564761065
0.1324780271
-0.2164326617
0.0403121658
0.8699089498
-0.7010268776
-0.9554169484
0.2227050879
0.3352105776
0.3380318571
-0.4150707997
1.1028223990
0.0582884017
-0.5857143770
1.0045165015
2.4007532625
0.0577186289
-0.4182957483
-0.0974240196
1.4515734628
0.4287475045
0.3919564421
-1.3962695655
0.5035567869
-0.6851571828
-1.8496920219
-0.0762958876
0.1066260073
-0.5557186044
-2.0242129445
0.6442719135
-0.2429472873
0.5787324895
-0.7506769462
0.0186456674
-0.7974716383
-0.3992515550
-1.6212093590
1.9844643607
-0.8568074664
-0.2066946734
-0.0076795543
-0.5174677027
-1.7888064154
-0.2694951485
-0.0349843098
-0.3401270319
1.8437811021
-0.3535034518
-1.0360542436
0.3619307010
-1.0809871307
0.0058861484
0.2104841718
0.6737991138
0.8873619704
0.1231728959
1.6348659614
-0.4919264426
0.0529113113
-0.8216957583
0.3718651329
0.5782550854
0.3382389508
1.0613496116
-2.0162873727
1.6323065236
-1.0981088762
1.3417766950
1.4098609240
0.6296070849
0.6864290372
-0.2662759700
0.7321520176
-1.7356650665
0.2725693456
0.2151377424
-0.1002537481
-1.4260738608
1.3354752613
-0.7444905667
-0.5347860897
-2.1257381016
-1.4838630613
-0.1079962592
0.3044772109
-0.2725198471
0.6786970504
2.4504547787
-1.0052660432
-1.8970722052
-0.2730523234
0.2218140179
-1.9693502842
-0.3038439783
0.2580272244
-0.2090712237
-1.0483895475
-0.0643995959
0.9759279967
0.2108109010
0.4741780911
-1.4196200688
-0.4018502982
-1.1225554556
0.6245737526
-0.7002450382
1.0479372634
1.3621439110
-0.6350569209
-2.0858528174
0.2181125808
1.9193126885
-1.5123695705
0.3194187878
2.1245336855
1.3642911277
0.2924365277
0.1470855791
-1.0800785407
0.0222651797
0.0080414438
-0.2688335127
1.0917865583
1.5001575633
-0.9509652985
1.0433060591
-1.6762037022
-1.4741871909
0.5360636016
0.8749104527
0.5120057737
1.5044225962
0.1250495660
1.2102470987
0.3397105365
-1.5737834424
0.9806720703
-1.5013214450
-1.3875736732
0.0971801911
0.9720533504
-2.4677253022
-0.6899108723
-1.3496363309
0.3627819834
-0.4297945169
0.0040141217
1.3622218411
0.4588672769
-0.6122353206
1.5661872665
-0.8113532880
-0.2611149263
0.1446192652
0.2246740101
-2.1694615546
0.6362707166
-0.5921067822
0.2013587523
1.3493364457
1.4036563363
-0.0039455962
-0.6874662327
0.2856356639
-0.7429223853
0.3060254638
0.1327649802
1.5151875356
1.3304264745
-1.9334151939
-0.0744401505
-1.7632184483
0.6320420203
0.9595908770
-1.7956915694
0.1724822149
0.2811210085
1.8262357404
-1.8069615396
-0.7574712998
-0.2220600497
1.6674049292
-1.2559651905
-1.1923662866
-0.0235204739
0.6077627550
0.2739175083
-0.2628231920
-0.3196560022
1.5555711606
1.0467296287
-0.0305924006
-1.6251067216
-0.5389311504
-1.4993117720
-0.2532905561
1.3168196652
-0.4187476757
1.4264175308
-0.1060061421
-1.7065888866
0.0809793470
-0.6508517300
-0.6566990006
-0.8866581344
0.3595288506
-1.2439405974
-0.4295320712
-0.7139110745
2.6350930264
0.8214257210
