17 13 0.18
5 0 2 1 0 1 1 1 2 1 3
5 0 1 1 0 1 1 2 1 2 2
5 0 0 0 1 0 2 1 0 1 1
5 0 2 1 0 1 1 1 2 2 1
5 0 0 1 0 1 1 2 0 3 0
5 0 1 0 2 1 0 1 1 2 1
5 0 0 0 1 1 1 1 2 2 2
5 0 1 1 0 1 1 2 1 2 2
5 0 1 1 0 1 1 1 2 2 0
5 0 0 0 1 1 1 2 0 2 1
5 0 2 1 0 1 1 1 2 2 2
5 0 0 0 1 0 2 1 2 2 2
5 0 0 0 1 1 0 1 1 1 2
14 6
14 1
14 5
4 4
1 15
7 6
6 7
12 12
4 1
13 13
13 9
3 1
1 8
0 0 0 0 0 0 0 0 0 0 0 0 0 0 0 0 0
0 0 0 0 0 0 0 0 1 1 0 0 0 0 0 1 0
0 0 0 0 0 0 0 0 1 1 1 0 0 0 0 1 1
0 1 1 1 0 0 0 0 0 0 0 0 0 0 0 1 0
0 0 1 1 0 0 1 0 0 0 0 0 0 0 0 1 0
0 1 1 2 1 1 1 0 0 0 0 0 0 0 0 0 0
0 1 0 0 0 1 0 1 1 0 0 0 0 0 0 0 0
0 0 0 0 0 0 0 1 2 1 0 0 0 0 0 0 0
0 0 0 0 0 0 1 1 0 1 0 0 0 0 0 0 0
0 0 0 0 0 0 0 1 0 0 0 0 0 0 0 0 0
0 0 0 0 0 0 0 0 0 0 0 0 0 0 0 0 0
0 0 0 0 0 0 0 0 0 0 0 0 0 0 0 0 0
0 0 0 0 0 0 0 0 0 0 0 0 0 1 0 0 0
0 0 0 0 0 0 0 0 0 0 0 1 1 2 1 0 0
0 0 1 0 0 1 1 1 1 1 1 1 0 1 2 0 0
0 1 1 0 0 1 2 1 1 1 0 1 0 1 1 0 0
0 0 1 1 0 0 0 0 0 0 0 0 0 0 0 0 0
0.5650460935
-0.2288409796
-0.0242767765
0.0233474884
-2.0351061387
-0.9019228967
-1.1004705343
-1.1533724651
-0.6775045542
-0.6118631223
-0.9251836384
0.8453419987
-0.8142371326
0.4144084241
-1.5886561416
-0.8270621224
0.7606501943
1.6348499442
-2.0327642759
-0.2564498807
-0.6464237256
0.5535763038
0.3486743510
2.9360099095
-0.9268697668
-0.3214915490
-0.5570533763
0.2879606897
-0.2046899174
1.6614993592
0.4960746711
0.7419017579
0.2503603512
0.1451778034
0.9438789438
0.4328769292
1.6176685382
-1.3474082080
-2.1091305073
-0.5421344338
0.0306569165
1.6081729132
0.4709654412
-0.2070267074
-0.9963555359
-0.2528497915
-0.4847114303
0.9572404896
-1.9925638067
0.0014348076
-1.9902772740
0.4076068967
-0.1800134941
-0.4477557089
0.0245089715
0.1047223493
0.0332707004
-0.6402012586
1.5026123552
-0.4895354317
0.2448809856
-0.8007952354
-0.5640316772
1.1233011762
0.6003342444
-1.1325444895
-0.4209673585
-0.7234196047
-1.0843381465
-0.5612345448
0.0114627670
0.2004486799
1.4108818102
-0.7408079908
2.4111358623
-0.2354547531
-0.0872351153
-0.5574403839
-0.3465956996
1.1218320860
1.0807783555
-0.5551948571
0.0477907165
0.5546591688
0.2945368577
0.4125349181
-1.4612171221
-0.6661137822
1.8300991528
-1.2623335615
-1.3041442631
-1.5906333623
-1.4840664655
0.6501710381
0.6586051265
0.6611062501
0.1778353260
0.5747101744
-1.0525852594
-0.3411916565
0.2634441062
-0.6579307192
-0.3234310993
2.0294824770
-0.0017921462
0.8003780087
-2.6302727714
0.0301895007
-0.3593255548
-0.6548108834
0.9123258586
2.5916270680
-0.8138892870
0.1727022426
-0.7733543000
1.0683652332
1.8356905418
0.2140849119
0.9640588318
1.3750262367
-0.9029902406
-0.7446524175
-0.1348288249
0.0875688969
-0.8356649110
-0.1995555987
-1.5378614296
-1.4604187640
-1.5126572362
-0.6527325189
0.8361724859
0.7947812365
1.1369762649
0.3583702526
-0.3619333347
1.5449670677
0.0620766865
-0.4140638787
0.7130415621
-1.4152069469
0.4558071593
0.2058671768
-0.2781634346
1.7977905240
0.1186414302
-0.0120659956
0.7183909085
0.0019600558
-0.4568961014
0.8582673049
0.6732404005
0.6057289150
1.4769094213
0.4121696274
-0.6694186508
-1.6654545794
0.3389736699
-0.5901968922
0.8104804875
-0.0023769687
-0.1547681264
-1.1620787172
0.4539737001
0.7324433259
0.7839432066
-1.8240070885
-1.1087364169
1.0524349637
0.4666397517
-0.6174402894
0.7451457922
-0.1753951613
1.3081706529
0.8087265852
0.8911836964
0.9013142781
-2.0348141238
-0.5190097425
-0.5914611255
-0.3651783224
-0.4469592697
0.3268048738
1.4269129510
0.6479658467
0.8734307498
-1.0756761375
-1.2538967523
-1.4450528835
0.2454893865
-0.5448448899
-1.6727457722
-0.5613390754
1.7262647633
-0.6970363799
-0.9444607576
0.3122967947
0.6660665945
-1.9682477335
0.3032234739
-1.0871494671
-0.6521008475
0.8292522319
1.3537543902
0.0277415378
1.1013803736
1.7487224487
0.9715940059
0.6504933764
0.0904828562
1.5385477566
0.2023010839
0.6555959655
0.9764478954
0.7324425917
1.1014226668
0.1937846483
-0.7816389526
0.6330582254
0.4770991861
0.2888180691
-2.2289158893
0.9916650902
1.2735367171
-0.3068031020
0.6309287282
-0.0462523223
0.3236303526
0.5153508057
1.9288360473
-1.6171224074
0.6432903299
0.4652560406
-0.8339657804
-0.0782913689
0.7170566795
1.5172673781
0.1225254543
-0.1320196851
0.8569450645
-1.5880822026
0.7979314396
0.1338133895
0.3599846273
-1.3975694732
-0.5177549757
-1.9133407051
0.3710278627
1.7680817334
0.2238326129
1.0269939603
-0.6118180600
0.1802577422
0.0486622790
-1.6037061636
-0.5633139542
-1.6178364853
-0.4344097033
1.5689280479
-1.8158834386
-1.1110294254
-1.0119040026
0.1236921932
-0.3052851281
0.4720505020
-0.0603739009
-0.5199705261
-2.0275575914
1.1395778336
-0.9599446292
0.1598813975
2.5731392397
1.9048307536
-1.2056087419
1.3326380932
0.8693991702
1.6901320054
-1.3185990237
-0.6278764076
-2.6197680271
-1.1818202671
0.1035002345
0.4657932695
0.1406729451
-0.2628548543
-0.4138698953
-0.2774521984
1.4247933489
0.6362476089
-0.2630593626
-1.0334121093
-1.5197623477
-1.5077568256
1.4635110922
0.5053041346
-1.3186458562
0.1534879863
-0.3846081843
-1.1442601120
1.7594481522
0.0425298875
0.7424317992
1.3089331708
-0.6694522514
-0.5621168878
-0.1932821377
0.9005899552
-0.7811262093
-1.4006402203
0.3213650655
1.1635708781
1.3829052620
-0.7098050905
0.3873013995
1.3570535285
0.4804748220
-2.1655463092
1.1886860635
-1.0618008096
0.0120663903
-0.5316412181
-0.4606583349
-0.2485395193
0.1902752416
-0.4893774617
-0.7515270890
-1.5008349018
0.1889548489
0.6996810575
0.2207490607
0.7674490721
-0.0159305557
0.3317120026
0.3646140896
1.4428429238
0.1323076935
-1.1205512384
0.5897793974
0.6906309837
1.2208749922
0.7168820877
-0.5518838116
0.0269937845
-0.4454467163
-0.4918354771
0.3666507004
0.6123512465
1.0401510262
-0.1430531351
-1.4272970658
1.6485696770
0.4830254089
0.0911957702
0.0301344822
-1.8458135256
1.5383274788
-0.1960502112
-0.7501091282
-0.1916316140
0.4122010659
-0.9458668978
0.5281109101
-1.3690548122
0.5247195866
-0.9853159757
1.1297276092
-0.7824030257
-1.3117624156
-1.7646705187
-0.7276551824
0.7682546490
0.9544159641
-0.8819421040
0.1212019004
1.0500312912
0.2851543370
0.3096949553
1.8371496428
-0.2812663562
-0.1972901586
1.7668005881
-1.8847553185
0.1349007461
0.2080318036
-1.5371786318
-0.3019989957
-1.8629282347
-0.8133525695
-0.4643213038
-0.6571224042
0.0272103627
-0.9769950781
-0.5737393282
0.4264671744
-0.0424658531
0.5573710299
0.0982636307
0.1359481246
-0.1525449499
1.9119621240
-0.0613880151
-0.8633365247
-0.8573708957
-0.1903080407
-0.3002686675
-1.1145456576
0.2004096096
1.0400771977
0.4472952539
-0.8104347723
-0.7216467950
-0.1646464164
2.0053789225
0.6537004222
-0.7013014796
1.0309450279
0.1725800984
-0.9204954162
-0.3726545863
0.6189664856
1.5545549224
-1.6445597111
-0.5264658073
0.4681866066
-0.1719104555
0.2094256106
-0.7172351721
-0.1041185561
0.5756017904
-0.7826976228
-0.4744824099
0.5746067591
1.7500242097
0.8500783491
0.1862003951
-0.3505606366
-1.5873993247
0.5074698179
-0.9422361041
-0.7253642541
-0.4242853839
-1.2911140949
0.3218448687
0.9351074695
0.2228226734
-1.3034774374
-0.4878686082
0.4954810064
1.4639374084
-0.3571976844
-0.7030809360
-1.8339151201
-1.0407318698
0.9985847074
0.5632556940
0.1489106835
-1.1702026546
-0.0463909283
-0.7622834163
-0.7403090306
-0.2073165826
2.1519224478
-0.1912296157
-0.5193205779
1.2996350157
0.2296349710
-0.6977256185
1.5285224942
1.5367941098
-0.2317755544
0.4211511624
-1.5090672634
-0.9566800403
-1.1613773006
0.5401836875
0.4580033135
-0.9927289285
1.4551288370
-1.2279322116
-0.0410249533
-2.1877512249
0.9059241684
-1.4929378980
-0.8416226631
-0.0528387244
-0.7084486167
1.1927164018
-0.1470183118
0.8720382445
-0.0078089433
0.0507742323
1.3944046330
1.8711909667
1.4908540540
0.6631157802
2.0702541921
-2.7577043335
-0.4977662336
1.4151370544
-1.0926550494
0.2913251593
-1.3400349585
1.0135976957
-0.6641099399
-0.5283466137
1.3148505353
-0.3701441684
-2.3035308323
-0.6329223542
1.3410105653
1.4843503167
0.1888484511
0.0719305279
0.0947194371
-0.3642212183
0.7787509828
-0.2433825597
0.4036887145
0.4953630460
-1.6430236123
1.6952211456
-0.2248017717
-0.7513543579
0.5964226824
-0.7881166203
0.2565000324
0.4688946338
-1.7610489367
0.3744938900
0.3420024539
0.1922141096
1.9183504979
0.5435189640
-0.1383868963
1.7737432884
0.4571400003
0.1473383103
0.2946752304
-2.2722554436
-2.0330963162
-1.3529220398
0.4040124274
-1.1178744373
-0.2498777963
0.2644690144
-0.0066126381
-1.7004092470
-0.6056656018
-0.1157531059
1.2191005306
-0.1773618911
-1.4048835744
-1.7865238079
-0.3788270445
0.4482589215
-1.1508978737
0.8082089434
0.3812481997
0.0532558964
0.8070147446
-1.2979073848
0.6571201345
0.2405604633
0.6378166157
1.2689740000
0.5817297864
0.2652365019
-0.5946768651
-0.6610812699
-0.0462319188
0.5697796206
0.1949774348
-0.2776502634
0.2700700610
-0.6308690912
-0.1933437127
-1.0733485208
-0.0741148285
-0.7715261593
