14 2 0.12
14 0 0 0 1 0 2 0 3 0 4 1 0 1 1 1 2 1 4 2 1 2 2 3 1 3 2 3 3
35 0 2 1 1 1 2 1 3 2 2 2 6 3 2 3 3 3 4 3 6 3 7 4 0 4 1 4 2 4 3 4 4 4 6 5 2 5 3 5 4 5 5 5 6 6 1 6 2 6 3 6 4 6 5 6 6 7 1 7 2 7 5 7 6 8 1 8 2 8 3
4 3
5 1
0 0 0 0 0 0 0 0 0 0 0 0 0 0
0 0 0 0 0 0 0 0 0 0 0 0 0 0
0 0 0 0 0 0 0 0 0 0 0 0 0 0
0 0 0 0 0 0 0 0 0 0 0 0 0 0
0 0 0 1 1 1 1 1 0 0 0 0 0 0
0 0 0 2 1 1 0 1 0 0 0 0 0 0
0 0 1 1 2 1 0 0 0 0 0 0 0 0
0 0 0 1 1 1 1 1 0 0 0 0 0 0
0 0 0 1 1 1 0 1 1 0 0 0 0 0
0 1 1 1 1 1 0 1 0 0 0 0 0 0
0 0 0 1 1 1 1 1 0 0 0 0 0 0
0 0 1 1 1 1 1 1 0 0 0 0 0 0
0 0 1 1 0 0 1 1 0 0 0 0 0 0
0 0 1 1 1 0 0 0 0 0 0 0 0 0
-0.3297496843
0.3796411248
0.2268407769
0.4628952911
-0.0113995685
0.7782652539
-1.8430573366
-0.6365956722
-1.0898014744
0.0753900000
1.3633375290
0.5372191558
-0.1831332135
0.7656225845
0.3420324385
0.4631706700
-0.3033976605
-0.7213315303
0.8232653454
0.7373606529
0.3081639828
0.5792841451
-0.9247979038
-0.7852957423
1.7110265636
1.3967662284
0.3300914902
-0.5723741728
0.0355060909
-0.0793529068
-0.3177059876
0.4760172479
0.7762344323
1.0610842776
0.5672739423
0.1201949018
0.0688829408
-0.1238704898
0.7989600397
-0.5603906195
-0.4893188945
0.7399451030
1.0202401430
-0.0544154074
-0.9496292639
-0.5668548277
-0.7349811781
0.3263985956
-1.3546668160
0.2019809524
-1.6410742476
-0.1838302994
0.4750394471
-0.5414139513
1.2194938462
1.3070656448
0.2079265518
1.8578122801
-0.6702212127
0.6321204990
-1.6399257048
0.7518422871
-0.4359092064
-0.2404817185
1.1252060704
1.6579346622
-1.0886885703
-1.8739669096
-1.2094539199
0.8569913800
1.1683011992
1.0252922460
-1.0511413431
-1.8028125774
-0.4243347555
0.2797074248
0.5277820940
0.3968504968
-0.6196897882
-1.2465217544
0.6756475989
-0.8693110603
1.0334152180
-0.4545227383
1.7024905863
1.8112415812
1.0429599019
1.3772196864
-1.4648365166
-1.7436273532
0.4222162413
1.3003897992
0.4182093678
1.4877158484
-1.0828566500
-0.3360947213
-0.3923210823
2.0473538146
1.0086288522
-1.2045844809
0.4452277097
-2.0322461216
-0.0148262096
1.1792168249
-0.1486591079
0.0974353707
0.5164760975
1.7354086980
-0.3907330471
0.6919752870
-1.7008746506
-2.1741902449
-2.2812877506
-0.9579184649
0.7707204858
1.9077831675
-1.6150544313
-0.7635089766
0.4530475457
1.2380477090
-1.0536542016
-0.3347141217
0.4720526196
-0.7640341375
-0.7306856536
1.4391978955
1.2669561500
0.6643875797
1.0880551385
0.1819989053
-0.6907863954
-2.1214979384
-0.2241768156
1.0236130462
-0.1250041250
-0.5635676123
0.1391803760
0.5285675145
-1.2091462029
-1.2157724296
0.3250620313
-1.4762527937
0.6343540163
1.5944630674
0.7063351401
0.8221734455
0.6677743591
0.5611536456
-0.6087177109
-0.2449663894
-2.5797703719
0.3626801798
-1.1528646459
0.5551401870
0.2712808970
0.8401556055
-1.8579254038
-0.9153366214
-0.3758940468
-0.6126021159
0.5702689015
-0.2257709502
-0.0070450697
0.5808120023
0.3697713201
-0.5500374044
-0.0731710998
-0.1490172510
-0.8875799462
0.6915710167
0.8717938791
0.1998796413
-0.0482510332
-1.0624326138
2.0546544837
-0.0361916330
1.8696644177
-0.6283844010
1.2168828437
0.5924679465
-0.4631190961
-0.9915054938
1.6005353681
-0.7498329182
-0.3222372581
-0.9015377151
-0.0340934588
-0.9530325284
-0.9368511849
-0.3549380654
0.2495646733
0.6154464006
0.9375739410
0.7566395678
0.6242705922
0.2939009725
-1.1009900568
-2.3361610446
0.2351727839
0.1031798229
-0.7616996179
0.1742225284
-2.1755482424
-1.1434696320
0.4684628579
-1.9099868701
-0.5876775804
-1.0058270583
0.1219631548
0.1267973886
-0.1161644018
0.5405482961
-0.4979071395
0.4973073936
-0.7118302743
-1.3572305440
0.7763296169
-0.4469901037
-0.2035457877
-0.6985493511
-0.5415463264
-0.0200536967
-1.4451961437
-0.0090585331
-0.7478382345
0.8850850405
0.0004875699
-0.1498003897
-0.1435216732
1.1611388466
-0.6332949818
-0.7906441745
-0.4228311796
-0.6678077641
-0.9885223345
-0.4381626225
-0.0120757490
-0.4088580045
0.3510446709
-0.6946365158
0.8644799502
1.6584258750
-0.9997749250
1.0673358074
-0.0216261169
0.1366992183
1.0863023053
1.4364920075
0.4196673942
-0.9411270584
-0.3647005664
-0.1147476194
-1.2547119181
0.0442691263
-1.2384991237
0.9232624745
-0.5607518092
-1.1861388258
-1.4289834656
-0.2997575772
-2.0722496292
-0.2631312116
1.1374400540
0.6978182579
0.0223672435
-0.1952825716
0.2262439334
0.1948533605
0.1252559745
0.0125852570
2.0922924157
-1.3871372798
0.6458671463
0.5813595052
1.0503939811
1.1237207258
0.9190085382
0.5045439527
-1.8101548982
-0.2430333135
0.4017703842
-0.1915649747
0.5727932558
-0.4148215202
-0.4653421836
-0.0246247738
-0.6393633809
-1.1079966661
0.2482527581
-0.8595792632
1.5545579949
-1.3512647696
-0.7828601457
-0.3724337995
1.1672903313
0.9981256735
0.3066286253
-0.4671294463
1.1341470206
0.5604935888
-0.2053600480
0.9742939799
-1.1224181853
-0.6510380335
0.2528284085
-2.1470861995
0.2615300982
-1.5683316534
-0.0590880265
-2.3162729076
-1.3100109669
-0.0111156174
0.9339608037
0.0877821356
0.4604322324
2.2448050888
0.5094169182
0.1127641300
0.6730896445
0.4624344655
1.0085593693
-0.2729871750
-0.4018932005
0.6041966469
0.6008146024
0.4525370157
-0.4437695883
0.5651541512
0.4721822399
-0.1611983458
1.1290253125
-0.0483798150
0.4923414103
-0.1858152506
1.9591988705
2.5903972848
0.9627302937
1.2452349601
0.2262805830
-0.6781791293
0.0193413057
-0.1689309117
-0.1605538260
0.3600855447
-0.7727203426
1.5240054195
1.0121675336
-1.2237670964
-1.3684277062
1.0481265354
-0.1829061013
1.3922507000
-0.0895982937
-0.3356457997
0.6712021604
-0.5412395305
2.0727858354
-0.8613826708
0.2395283140
-1.0439280813
-0.2385631261
0.3893306661
0.6482061575
2.5409641014
0.2330019120
0.4070496920
-1.9749006202
-0.1589717789
-1.1729689317
0.2647053754
0.9199467794
0.9492871909
-0.6742049514
-1.2997206000
-1.7714900143
0.1374357760
2.3690979570
0.7798153555
0.4404615423
-0.5206606482
0.5898025327
0.1302776424
-1.1071789501
-1.9776238662
0.4065269797
0.5198879938
0.3981052505
-0.3804698030
-0.3728066566
-1.5378989818
-0.1942985445
0.0192658692
