19 3 0.08
23 0 2 0 3 0 4 1 2 1 4 1 5 2 0 2 1 2 2 2 3 2 4 3 1 3 2 3 3 3 4 3 5 4 2 4 4 5 1 5 2 5 3 5 4 6 2
43 0 0 0 1 0 3 1 1 1 2 1 3 1 5 1 6 2 1 2 3 2 4 2 5 2 6 2 7 2 8 2 9 3 1 3 2 3 3 3 5 3 7 3 8 4 1 4 2 4 3 4 4 4 5 4 6 4 7 4 8 4 9 4 10 4 11 5 1 5 3 5 4 5 5 5 6 5 7 5 8 5 9 6 3 6 5
39 0 1 0 2 0 4 0 5 1 1 1 2 1 4 1 5 2 1 2 2 2 3 2 4 2 5 3 1 3 2 3 3 3 4 3 5 3 6 4 1 4 2 4 3 4 4 4 5 4 6 5 0 5 1 5 2 5 3 5 4 6 0 6 1 6 3 6 4 6 5 7 1 7 2 7 3 8 2
8 7
3 5
1 7
0 0 0 0 0 0 0 0 0 0 0 0 0 0 0 0 0 0 0
0 0 0 0 0 0 0 0 1 1 0 1 1 0 0 0 0 0 0
0 0 0 0 0 0 0 0 1 1 0 1 1 0 0 0 0 0 0
0 0 0 0 0 1 1 0 2 1 1 1 1 0 0 0 0 0 0
0 0 0 0 0 0 1 1 2 1 2 2 1 1 0 0 0 0 0
0 0 0 0 0 0 1 0 2 2 2 2 2 2 1 0 0 0 0
0 0 0 0 0 0 1 2 2 1 2 1 1 1 0 0 0 0 0
0 0 0 0 0 0 1 2 2 1 2 2 2 1 1 1 1 0 0
0 0 0 0 0 0 1 0 2 3 3 2 1 1 1 0 0 0 0
0 0 0 0 0 0 0 0 1 2 1 1 1 0 0 0 0 0 0
0 0 0 0 0 0 0 1 1 1 1 1 0 0 0 0 0 0 0
0 0 0 0 0 0 0 0 1 1 1 1 1 0 0 0 0 0 0
0 0 0 0 0 0 0 0 0 1 0 1 0 0 0 0 0 0 0
0 0 0 0 0 0 0 0 1 1 1 1 0 0 0 0 0 0 0
0 0 0 0 0 0 0 0 0 1 0 0 0 0 0 0 0 0 0
0 0 0 0 0 0 0 0 0 0 0 0 0 0 0 0 0 0 0
0 0 0 0 0 0 0 0 0 0 0 0 0 0 0 0 0 0 0
0 0 0 0 0 0 0 0 0 0 0 0 0 0 0 0 0 0 0
0 0 0 0 0 0 0 0 0 0 0 0 0 0 0 0 0 0 0
0.6693017887
1.2998484961
-0.7057949908
-1.4514080878
0.5557165061
1.0631584963
-1.0895682302
1.5212770544
-0.8384759944
0.7384536713
0.5895302745
-0.2064148945
0.5157332029
-0.2644029432
-0.2248344407
-0.8095092666
-1.7996272826
-0.7903718952
0.4117094754
-0.0727917142
0.2756337040
-0.1311531184
-2.4582505568
2.0838563519
-1.1438602940
-0.4111746240
-0.8122841964
-0.4536439583
0.8033596818
-0.9074703677
0.3194686559
-0.0199526552
-0.6266394835
0.0198705755
1.2660747852
0.1365374794
0.3320005336
3.3277437678
-1.5507731357
0.0643353857
0.1673705775
0.6286011486
-1.0843685594
0.8308324235
-0.1148022513
1.6322382080
1.7731428815
-1.3387775144
0.1740964711
0.7516306615
-1.1880551189
-0.0773492382
-0.0530928820
-1.0282979007
2.0255981441
0.4432788799
1.5653373701
1.4119905287
0.3849723123
2.3076284230
-1.5368610208
-0.7434759217
-0.3999126438
0.2273776593
1.5074118776
-0.7195031420
0.6242504899
-1.2812911618
-0.1751831607
1.2318273182
0.3952527906
-0.1463969383
1.5395870454
0.4288258336
2.3982990770
1.9173405213
0.0239221094
-0.1725678642
1.2956317051
-0.8209006460
-1.4859733570
1.0003499505
-0.5785720856
1.3346343785
1.1516022129
-0.3329310639
-0.5008660227
0.6942085110
-1.4986575080
0.4968016200
1.4705592582
-0.0855667779
0.6020436951
0.7372229854
-1.0285577287
-0.1681256677
-1.2528876900
0.1789625474
2.1255556983
0.8136987313
0.3482381135
-0.9731914771
-1.0559157042
-0.7022934022
0.5541014307
0.4106492201
0.5211683075
-0.2814807969
-0.2887216341
0.0037567955
0.8929231596
1.8817306495
-0.8169629616
-1.8682261069
0.8011501847
-0.0905304758
-0.2486176442
-0.9306473241
1.3680848327
0.3269450469
-0.5327656477
-0.8409361089
-0.4134746562
-0.7657087524
0.2231889521
0.2348560045
1.5990319307
0.2318693146
-0.4375204049
-1.3612176807
-1.0953003355
-0.7382683058
-1.0235005777
-0.8955416284
0.1865165719
0.8914190687
-1.6644610325
-1.8326881665
1.6531637625
-0.0701489708
2.8618972486
-0.4116872372
-0.8875831659
-1.1096829510
-0.9189229231
-0.9500692247
-0.8636189925
-1.6387640252
1.6626443327
-0.3461017409
-1.6811889717
1.2220417178
-0.9673233350
-0.5889263609
0.4821389280
0.2907438877
-0.0358526294
-0.2250402503
-0.0615391107
-1.3921162144
-0.7675382624
-1.8411516582
-1.7425456867
0.3607644237
-0.2601261367
1.2658868522
0.7710852080
0.9105726015
-1.9121403055
0.1300302641
0.0033695259
-0.2806801439
-0.7812684282
-1.2086596245
-0.1232696078
0.2178950006
1.1710635368
0.1050954645
-0.6120557380
0.8157204305
-0.1554202318
1.4518690436
0.1606750779
-0.2182334080
-1.0647111615
0.6773069899
0.0872382222
0.1670459818
0.0004140059
-0.0525785824
-0.0594022951
-1.6131865883
-0.0828610329
1.0500112995
0.1326407901
0.8296745385
-1.1404082011
-0.9312527105
1.7080928876
0.3595822828
0.1475188750
0.5482059342
-0.6356551895
-0.0537407378
-0.2387365192
-0.7001896765
-0.5552787978
0.4442707170
-0.7132103951
1.4030570975
0.6092330524
0.1266701386
1.6823817524
0.7363368764
0.9306763741
1.4729413780
-1.1377384548
-0.8559167280
-1.2898230428
0.4046686890
-1.1590143862
-0.1936860286
0.9701459860
-0.1875355550
1.2073450239
-0.1867066286
0.0729731957
-0.4814715645
-0.4135719234
-1.6470096405
-0.4114923402
0.6412992138
0.1219888298
0.1213693061
0.8709911549
-1.1106856491
-1.0210082646
1.3632061749
0.6364767370
0.0899567128
-1.3596236357
0.2338545271
0.0947473033
-1.1458056520
1.1474607309
-0.4330551683
1.6639231511
-0.6210614486
-0.3170160534
0.5059721352
0.1245263953
0.2289386496
1.1448561977
1.8784765680
0.2902812126
0.0756355192
0.9317926350
1.9213425039
0.0620930573
-0.2745110630
-0.0411589053
-0.0855843423
-1.9639855449
-0.1661113107
1.0793802691
0.6952218346
0.2529436431
-1.2367882289
-1.5558876165
1.8758132728
-0.2142781672
-0.3766678234
0.3525020781
1.0474507326
0.8458245433
1.2104061995
-1.3114086383
0.2495872280
0.5183025070
0.2409745742
1.5965866641
1.2641591777
-0.0408937917
-0.0483392190
0.3907162312
1.1128924068
0.0542495107
-0.0398803430
-0.1253712992
0.1599628280
1.8298888165
0.5852669905
0.7558986431
-0.3044505089
0.7461525469
-0.2535332443
1.2412412285
0.4790924209
1.1978319258
0.4508886135
0.6425003016
-0.3782473452
-1.0235594382
2.1441154778
-1.0463876721
-0.7197881189
1.1147643425
0.7362058881
-0.0837987992
-2.0320988771
0.5205703932
-0.9177896030
-0.1118630100
-0.5285160677
-0.0880137235
0.5166292004
-0.4376913915
0.8856289812
-0.0712658445
0.5796739560
0.8521630852
0.1125692229
1.6271298245
1.1149078061
-1.3159979080
-0.0488255502
0.8872342835
-0.3879829451
1.1972110428
0.2110154118
0.2196030072
-0.6760225522
-0.8438984635
-0.0192096173
0.2699060166
0.2031113839
1.0918217602
0.7995167352
1.1315323975
-0.7310114312
0.8834524964
-0.4261566241
0.6973711353
0.4502509179
1.2272622527
-1.4385560353
2.2397991774
-1.1937464920
-0.1065189582
-0.0232593657
0.7985696741
-0.5568463567
-0.2986999158
-0.1080991412
-0.2925660664
1.5111613798
-0.9312039483
0.8757188333
-0.9799403819
0.7154070943
0.2844042722
0.0126659508
-0.3153835592
-1.8726597614
-0.2937349692
-0.2074428415
0.1374855811
-0.1776505832
1.1083115759
-0.7468633620
1.3506044421
-1.4371419017
-0.0911427006
-0.7775124335
-1.2002294840
-0.3982932824
1.0986307791
0.9194755734
-0.6669344413
-0.7508043610
-0.8415586505
-0.1265731914
-0.8456345963
1.6712235290
2.1438745060
0.1583263292
2.2452369774
-0.3516301579
0.5975174589
-0.1359377917
0.3678527841
-1.3120321304
-0.7939458199
-0.5096755676
-0.8532777068
1.4280387205
0.2399288409
1.0060082296
-2.0899334282
-1.7235863201
0.1254374398
-0.6194115793
1.1930870346
-1.1664646939
-1.0424393674
-0.2610040084
0.3537023767
0.1647466879
-0.2272104072
0.6771247755
1.0913246742
-0.4365651381
-0.2327300970
0.6187618843
-0.1401598720
0.6653578562
-0.7796430650
0.9589168720
1.3775239541
0.6985067504
0.3666328153
-1.7795366596
-0.1888383074
-0.3633677775
2.2520902915
0.2996089642
0.6015011439
0.1692911524
0.1164567987
1.1117579263
0.4209271472
-1.0775381191
-2.0709438338
-1.1336575381
-1.5457022819
2.0896768570
0.5161091283
1.9858146816
-0.4595096324
0.3070509097
0.4384449315
-0.7106781843
0.9783831655
-0.8215199394
-0.6580457415
1.6443956159
0.6967062798
0.4357005518
-0.1500378040
-1.1447328544
0.1929095268
0.9828981873
0.0053879202
0.2134204291
0.0263437287
-1.6972476760
-1.0150681523
-2.2410013322
2.5042766806
0.4936215991
-0.2261525975
1.2640444407
-0.9532578597
1.0728616932
-0.0658543872
-0.3103308471
-1.5094496985
-1.1579882247
-0.3248169417
0.3563155784
-0.9945650478
-2.2586896081
-0.9708383964
-1.6526048445
0.8871036733
0.0623481301
0.0588240090
-1.5167701126
-0.7415795137
-1.3022014351
1.6784079916
-0.9094323884
0.1911301362
0.5491960053
1.2100366989
-0.6500394891
-0.2063650183
-1.9611557537
-0.6736019029
0.6030683749
0.4147720914
0.6648968274
-0.4028314083
-1.0658530873
-1.8373717459
-0.0802080729
-0.6818904239
0.9484244845
0.3584379687
-1.3047326603
-1.1595921872
-0.3393512305
-0.5975913740
-1.7798725715
0.9695273067
-1.0008033920
-1.4691849172
0.1287849803
0.8757012909
-0.1417462871
1.3239892065
-0.7194424060
0.8727218943
1.1728640004
0.6353408276
0.3472594939
1.0800637011
0.4203381674
1.3516931197
-0.8801392414
0.5557011654
-0.2546634477
-0.0067060340
0.6658104064
0.0594006766
-0.1177900336
-1.2793009067
-0.1315616582
-0.2443207213
0.4026568017
0.1838014490
-0.6467781447
0.1020371273
-0.5274415984
-1.2355337634
-0.5401254397
0.4361331011
0.6744973023
1.7013216271
-0.2142980260
0.9593998468
-0.4045391629
-0.2831272126
-1.2617619843
-1.7780290558
-1.3916708662
-0.7653392604
-0.5279086488
1.3675650953
0.4905000357
0.2347928010
-0.2099212020
-0.5100351536
0.0538421572
0.7807927006
1.2571498416
0.6133489134
-0.9538313970
-0.0170852632
1.1661335155
-1.2358741948
-0.6072931937
-1.3418547734
0.7103045131
0.3092946798
0.9405114574
1.2008679156
1.0883177195
0.6520941747
0.9740116038
0.1305344167
1.0503084002
-0.4136653446
0.3841669004
2.3604578270
0.6370148771
-0.1666139461
-0.5670028122
-0.5857386976
0.0317758803
1.2263217180
-0.1222602452
0.1043033367
-0.9993629547
-0.4076062366
1.6065272161
-0.0526005603
-0.3890090386
1.1974361629
-0.0753247407
0.3990320517
-1.2577748805
-0.1763857179
1.4892550402
0.1517675364
1.2983051214
-0.7512369764
0.6294872492
-0.8178178990
0.8084709060
0.5772191509
-0.5690909362
-0.0668282626
-0.3837015571
-0.1000087733
-0.9158750762
-0.2212047173
-1.6298296240
-1.0373056816
-1.0232410928
-0.1447590141
-0.3315635011
-1.3210811242
1.1304159874
0.2131729830
-1.7641503957
0.9723136711
-0.7059457880
-0.2146280807
0.8054796242
-0.4861028570
-0.1874278505
0.7022968434
0.6899902412
-0.5527507638
-0.2813502944
-1.2093310785
0.9606306469
1.0901606620
-1.2421305384
1.1302189359
-1.8848918742
1.2560471164
-0.1129960300
-0.5214564998
1.0162502148
0.1591480408
0.1008747990
0.8398347015
0.4997646822
1.5018544987
0.3004201994
-0.6271821449
-1.2072041673
0.1448112455
0.2665202705
-0.5242177758
-0.9928853920
0.4140682086
0.4651240594
0.2718446100
1.0544228762
-0.2547479062
0.4901434667
0.3952397271
0.5021079956
-0.3089778941
1.6860832044
0.5513557559
-0.0908597146
2.5247758521
3.2380241993
0.8621991951
0.6516126202
-0.0870358944
-0.3411011410
-0.2183411533
-0.2587012116
-0.2220787663
-0.1357715929
-1.0144577675
-0.6203193891
-0.1804450071
0.5458151489
0.2677174044
-1.6225766478
-3.1253203799
0.2557198175
0.4191967767
0.5496869190
1.2265988076
-1.7512245002
1.1299258529
-1.6995649242
0.5010710151
-1.8468955877
-0.2878430399
0.3579582655
-0.1905912314
1.6769121228
2.5696201984
0.9080792306
0.9887308003
-0.2031723665
-0.1214408092
0.0219027189
0.3836474545
0.1975224554
1.8282455195
0.4463569619
0.7385121349
-0.9954708108
-0.0241513700
1.5616953370
0.1610661385
-0.2199375864
0.5885686220
0.6241483130
0.1895316014
1.7765166649
0.7808438532
-0.5443123274
-0.2195629856
-0.5386219494
-0.9201864042
1.6705697881
-0.9929973115
1.2721470930
-0.7674981702
1.8199600907
0.8220436300
1.6723391986
