15 3 0.03
41 0 5 0 6 0 7 1 3 1 4 1 5 1 7 1 8 2 1 2 2 2 3 3 3 3 4 4 3 4 4 4 6 5 1 5 2 5 3 5 6 6 0 6 1 6 2 6 3 6 4 6 5 6 6 6 7 6 8 7 2 7 4 7 5 7 6 8 2 8 3 8 4 8 6 9 3 9 4 9 5 9 6
23 0 4 1 3 1 4 1 5 1 6 2 2 2 3 2 5 2 8 3 1 3 2 3 4 3 5 3 6 3 7 3 8 4 0 4 1 4 2 4 3 4 4 4 6 5 3
43 0 2 1 1 1 2 2 1 2 2 2 4 3 2 3 3 3 4 4 0 4 2 4 3 4 4 4 5 4 6 4 7 5 0 5 1 5 2 5 3 5 4 5 5 5 7 6 1 6 2 6 5 6 6 6 7 7 4 7 5 7 6 7 7 7 8 8 5 8 7 8 8 9 5 9 7 9 8 10 7 11 7 11 8 11 9
5 4
9 4
3 0
0 0 0 0 0 0 0 0 0 0 0 0 0 0 0
0 0 0 0 0 0 0 0 0 0 0 0 0 0 0
0 0 0 0 0 0 0 0 0 0 0 0 0 0 0
0 0 1 0 0 0 0 0 0 0 0 0 0 0 0
0 1 1 0 0 0 0 0 0 0 0 0 0 0 0
0 1 1 0 1 0 0 0 0 1 1 1 0 0 0
0 0 1 1 1 0 0 1 1 1 0 1 1 0 0
1 0 1 1 1 2 2 2 0 0 0 0 0 0 0
1 1 1 1 1 1 0 2 1 0 0 0 0 0 0
0 1 1 0 0 1 1 2 2 0 1 0 0 0 0
0 0 0 0 1 2 2 3 2 1 2 0 0 0 0
0 0 0 0 1 2 2 3 2 2 1 1 2 0 0
0 0 0 0 0 2 2 1 3 2 2 1 1 0 0
0 0 0 0 1 1 2 3 2 0 2 0 0 0 0
0 0 0 0 0 0 0 3 2 2 1 0 0 0 0
0.0827763251
-1.0651509203
0.7142546443
-0.0198964514
0.7420898756
-0.6354348766
-0.0609143167
-2.4592983236
-1.5506570970
1.5802363650
0.9975372051
0.0484587416
0.9385638216
0.9621446962
1.0429708465
-0.3987152162
-0.6883516244
-0.5760972704
1.3043569174
0.0572078026
-0.0307999042
-0.7730806152
-0.7541263989
-1.9658467601
-0.2286022425
-0.1336907460
0.0057063976
-1.4619549517
-1.1691524626
-0.7014788901
-0.6195694379
1.5782723090
0.1391728534
-1.2172865010
-0.0426508782
0.2132547198
-0.4605550584
-0.3226624692
-1.6582656020
-0.7176003940
0.1833787064
0.2175491240
-0.5691017678
1.1485996737
-0.4509741588
0.6642615039
-0.1575015798
-0.6843945613
0.1682527983
2.2508283089
-0.6715135903
-1.7680622711
-0.9235649973
0.4745091441
-0.5341635116
-0.4560271048
-0.3958453433
-0.9585940841
-0.4330171472
0.1156789162
-0.0252253775
0.0969511411
-0.3394096926
0.8210016284
2.7051137114
-2.2655030400
0.3946278747
1.2415407793
-1.2636510115
-0.3454827515
-1.1854045993
1.2546463458
-0.8463701108
0.4615989206
1.2698059928
0.8032049254
0.0298211730
0.5610211934
-0.8545510786
-0.4610291577
-1.2350493808
-1.3246084833
1.5243068724
-0.6651396703
-1.8884022455
0.6517416529
0.1820562363
1.2956666862
0.0676277235
-0.0002078941
-0.5987719303
-1.0383668123
-0.4356768914
-1.0289677306
-0.1603972323
-0.1327307861
-1.5026178834
-2.4066838437
-1.0966058441
-2.2852668878
0.3759042302
0.0122385762
2.8208829107
-0.9399571349
-1.7208506685
-1.0183532121
-0.1383247798
-0.1466090563
0.4233122617
0.5729644836
-0.0959061241
0.1043726497
0.1878344147
-2.0111067041
-0.1522420354
-0.9922654742
-2.8789765358
1.7276145152
-0.8005388820
0.5108728620
2.8266180484
-0.4255948202
0.9238590781
-0.5985184100
-0.0902055780
0.7349045115
0.2618284070
0.2775980292
2.1396046120
0.6797525386
0.3352484250
-0.5567085276
1.2857919774
-0.7344005989
-0.9408466956
-0.6278510264
0.0225891860
0.9434683260
0.2694574207
0.3536630633
0.2257297070
0.9964862830
0.9278131308
1.4859010543
2.1274872196
-1.1797195471
1.3383559221
0.4141579497
1.0590264848
0.3281763402
-1.3965412203
-2.0607813665
-0.0907087207
0.7313974737
0.3982707701
0.1801418992
0.6417445710
1.4816445293
0.5254545664
-0.9828355227
0.9007450145
-1.5216275064
0.4147153836
-2.1547720582
-0.2803407163
0.4763080171
0.3296322071
-0.9991105784
1.9156965426
-0.2975646506
-0.8874317442
-0.2986929666
1.1452076128
-1.3406700460
-0.4239784758
-1.0945889285
-1.0055682518
1.4217166566
-0.0688757488
-0.9191677508
1.0746383507
0.7997572040
-2.5077411998
1.4881155765
-0.2096826901
-1.1457217299
1.0595204118
0.6046224505
0.1735361601
-1.9411130697
0.2113540876
0.1031896724
-0.4600030518
0.2226875480
-0.9673452788
1.3433913886
0.4237718260
-0.0978812324
-1.6550022114
0.6127794818
1.7992208888
0.9633372460
-0.3018578057
2.2363436089
-2.0876395995
1.7692257693
-0.8771760648
-0.3065017626
0.2323927883
-0.4429678540
-0.9909858127
1.4466355950
1.4786869901
-0.9753314644
0.6033566520
-0.4009818789
0.0035914253
-1.3188783400
1.6733359070
-0.0756460556
-1.7724754714
-0.7766431206
1.3132630499
-0.5345888489
0.7252505805
1.8140883057
0.7253198423
-0.3100638982
0.3846412710
0.7896837323
1.7693289611
-0.0688454326
0.8046692293
0.3648920246
1.6511026588
0.7218822969
1.2832774512
-0.2209488467
-0.0558005023
0.2594022203
0.3535212869
-1.2021124033
-0.2545312099
1.2808604008
-0.3219324910
0.1763782898
0.7937524466
0.3798751519
-0.6286499015
0.3556298796
-1.2672457609
1.7679396499
-1.3926560711
-1.4193530635
-0.1390520661
2.3146416261
-0.1915186075
-0.3250220040
-1.4164243721
-0.7750410953
0.2173522747
-0.4452890460
1.1350353802
-0.8797143161
-0.1773385208
-1.4452439004
-0.4037510721
0.9941576585
-0.8133257384
0.2031696911
-0.1682616204
0.4015269456
0.1629664054
-0.7243110207
0.4849802495
1.9271062363
-1.3924720195
-0.3667608365
-0.6844424260
-0.5210695142
0.7299845521
-0.0816617483
-0.7485119431
-0.6605623729
0.4819925215
1.7524574679
-0.2445484543
0.2675369842
-0.8311233468
-0.8488122251
-0.1803306996
1.0046827153
1.3717606472
0.1042260801
-0.1983631940
-1.0532805001
0.4864744235
0.5158750980
0.5472880369
1.9745046191
0.1623069033
-0.2910716322
1.6719329389
0.5332320484
-0.8002092852
1.4685597675
-0.2534273727
0.6322790163
-0.3430761087
-1.4463640017
-1.4096138113
-1.2314825703
-0.6537504398
-1.6067797827
-1.5024952480
-1.6960060691
1.8782562840
-0.4053245731
-0.1398961812
0.1582575166
-0.9943872933
-0.0463453597
2.1768857914
0.5334024945
0.1870196842
-0.4239749799
0.3606173087
0.5842472993
0.7018750210
-0.3234801393
-0.7094892217
0.3495268012
-2.3163928698
-0.7319779228
0.4164233897
0.4110749382
-1.2205883145
0.2493523252
0.8462680388
1.5576801655
0.7597260036
-0.6206643905
-1.6091417558
-0.6757102026
-0.1274378407
-1.5628605133
0.1522888581
1.1199679023
1.0377203418
-0.8270504966
-1.2595772708
1.1282001237
0.9704696351
1.0767301888
-1.2598737241
-0.3471506224
1.1284340365
-1.4069690033
1.2572260390
-0.1533852590
0.2368127810
-1.4321271653
0.5684711187
-1.3384433529
-2.9306030915
-0.3070763899
1.9470612143
-0.1101944243
-0.3611874453
-1.0490162998
2.0083824547
-0.4589604970
-1.0678181679
-0.1143636897
0.4391119545
0.6573798499
-1.5458334353
-1.4359956311
-0.1694583994
1.4539407725
-0.0875014424
0.8863928042
1.8821056179
2.2003298330
1.8294352050
-0.9779994159
-0.7597746507
1.7378150352
0.1823589751
-0.3587751829
-0.1502698320
1.9957735367
-1.4689516761
-1.9153809660
0.4022517379
1.0193642165
-0.1311814552
1.1339623750
0.4749892332
0.7609295147
1.3798390212
0.3446201083
-0.8325003637
0.4941525142
0.6586537485
-1.0667468598
0.3018583172
-0.1040846402
1.2083976640
0.6172242737
0.8036065076
-1.7219430567
0.6453636136
0.8215214223
-2.9918299646
-1.7291043598
-0.1381036309
-0.4577352434
0.7420515898
-0.3224046596
-0.4622090601
1.9184312051
0.3046188579
2.1615308318
-1.3709859272
-0.6066188748
-0.2221303115
1.4145022263
0.6319933112
0.4269581321
-1.0438153824
2.2375900212
1.0902226555
1.0712211960
-0.8569424331
-1.0363562866
1.8972754482
-0.2419504920
-0.5824975131
-0.0629878088
-0.4545263058
-0.2830744600
0.1921344670
0.0778549178
0.0689734799
0.4840465658
1.0558633201
0.0034267461
-0.1276798966
-0.3655928388
