13 2 0.09
32 0 4 1 3 1 4 1 5 1 6 2 2 2 3 2 4 2 5 2 6 3 0 3 1 3 4 3 5 3 6 4 0 4 1 4 2 4 3 4 4 4 5 4 6 4 7 4 8 5 1 5 2 5 3 5 4 5 6 6 1 6 2 6 3
32 0 0 0 1 0 2 1 0 1 1 1 2 2 1 2 2 2 3 2 4 2 5 2 7 2 8 3 1 3 2 3 3 3 4 3 5 3 6 3 7 3 8 4 2 4 3 4 4 4 5 5 2 5 3 5 4 5 5 5 6 6 3 6 4
5 1
3 3
0 0 0 0 0 0 0 0 0 0 0 0 0
0 0 0 0 0 0 0 0 0 0 0 0 0
0 0 0 0 0 0 0 0 0 0 0 0 0
0 0 0 1 1 1 0 0 0 0 0 0 0
0 0 0 1 1 1 0 0 0 0 0 0 0
0 0 0 0 1 2 1 1 1 0 1 1 0
0 0 0 0 2 2 2 2 1 1 1 1 0
0 0 0 1 1 2 2 2 1 0 0 0 0
0 1 1 0 0 2 2 2 1 1 0 0 0
0 1 1 1 1 1 2 2 1 1 0 0 0
0 0 1 1 1 1 0 1 0 0 0 0 0
0 0 1 1 1 0 0 0 0 0 0 0 0
0 0 0 0 0 0 0 0 0 0 0 0 0
0.2004333084
-2.0577664240
0.6991563960
-2.3618965240
0.1150270704
-1.1378505979
0.1510692156
0.9834155709
-0.8366134708
0.9904249683
1.7358964829
-0.0794741977
0.4813991810
-1.2149053838
0.3408884510
-0.4649746119
-0.1352211930
-1.1931292337
-1.1887700222
0.6626462598
-1.3281444270
1.0007170067
0.4027158749
1.2013090372
-0.5506749957
-1.3530134752
-0.4572871354
1.0828549371
-1.4346190722
-1.1118481529
-0.1931121005
0.1054161936
-1.4161264126
-0.5478591608
0.1698057771
0.0374392163
-0.6233155718
1.2641277709
-0.2535468861
0.4499065261
1.7711901981
0.8099080303
0.6944009741
-1.0644976667
1.3691895288
0.2465623869
1.0709632819
-0.9645033919
-1.2244415520
-1.2270386583
-1.4549394502
0.6729551092
-0.7831319320
-0.8745816571
0.1462834384
0.1086747519
0.3755228056
1.3861063678
0.7110714897
-0.6849611751
-0.2829862283
-0.0936346177
-2.1371748963
0.4421876572
1.5030061508
-0.6471195307
-0.7806182267
-0.1521886288
0.3531641064
-0.9169858685
0.3020209377
-2.1451769857
-0.2395175552
2.1297540350
0.2023933301
0.7624864560
-0.3901443989
-0.2820968448
0.1631347513
-0.0878075644
0.1698333209
-0.3708186375
1.3127554357
-1.4914969147
0.0137125650
0.2086286799
0.4735053964
-0.7717170409
-1.5245782240
-0.1882481075
-0.7728293745
-0.7016380104
-0.1562137941
0.0051124650
-0.4377946350
-1.8543172878
-0.3500221374
-0.0815937779
1.3644178687
0.7604814457
0.0989907208
-1.1390396407
-1.3489059314
-1.8678721633
0.0936294851
0.1149900466
-1.4055055398
-0.1680277705
-0.6029146489
-0.4118289670
-0.9876900987
0.2793791509
-0.0113188744
-0.2175014783
-0.3209933612
0.1262361884
-0.1890860923
-0.6213094244
-0.9718671734
0.8653836661
-0.7189888074
-1.5239150575
0.3218983796
-1.5834927860
0.3079364399
-1.5733058718
-0.2515093276
1.7154618937
0.4413511845
-0.1220820064
-0.8879638967
1.1317524150
1.7366270301
-0.2701284616
0.9672884727
0.5754352716
0.4811545476
-0.5670304505
-0.5234099657
0.6489466814
0.1066893557
-0.5914836848
-0.6135932725
-1.1884120796
-0.3104622634
0.7618426535
1.4636861722
-0.4108603760
0.8753673704
-1.0778509271
0.2579946903
0.7958336770
0.8278708326
-0.0634400078
0.3591092367
-1.6401898980
-0.6053636341
1.2588371634
0.8664603486
-1.1480362954
-0.9874319283
-0.3240706429
0.8763538212
1.4373199566
0.3601438274
-2.7279885175
-2.1507796782
-1.5990213259
-0.8056513488
0.1319129347
-0.5357997253
0.7081674039
-0.3525528565
-1.6376799531
1.1435191730
-0.2094235373
0.2749907462
1.0630784065
-0.6802089919
0.0338304047
0.2711710287
-0.6195146030
-0.9731794033
-0.4238869808
-2.0153028157
-3.3840636753
-1.5339140807
-1.5963224833
0.1429427990
0.4875803227
-2.0634396326
-0.7258866014
0.9253139917
0.6775529570
1.1521832751
-1.3210518941
-0.8610303553
0.5501466897
0.5124115925
-1.5311681462
0.6452645292
-1.1013198793
-0.9376698172
1.1504383931
-0.9043591705
0.4045597187
0.1906700214
-1.5766314242
-1.0130324950
0.9265521068
-0.6405292678
-0.1152074223
-1.1180068912
0.5913828274
-0.2497373779
-0.4056382936
1.5090870150
-0.3967102237
1.2690462684
0.5412735913
0.1331142313
-1.0449991321
-1.5923778232
-1.6182360732
-0.8443932469
-1.3810246898
1.1564977820
1.3204862114
-1.7118230690
-0.4856503580
-0.7594601833
0.8958410682
-0.0835956085
0.9328382642
-1.9340719540
-1.0509421220
-0.0635288509
-0.3043429772
0.0966590800
-1.3160703337
-0.0568630162
0.3477284879
-1.6927066705
0.1641557276
0.4395057755
-1.8563953002
0.7986904957
0.3494369338
0.7337894941
-0.4818018584
0.2641221281
-1.4500984963
1.5139853639
-0.1585779631
-0.4633508080
0.9465832222
-2.3902404493
-0.0493789729
0.2471952978
-0.2903347720
0.2696668978
-0.2107359177
-0.7171168990
-1.3999568600
0.2862019951
-0.0668197337
-0.5718932516
-1.6913350997
-0.0229318708
-1.5833809342
0.7401311324
0.5198832935
0.0550369075
0.5441000027
0.1478065907
-0.3875937853
-0.9090711959
-0.7131779261
-0.0688231147
1.1359553639
0.2149601228
-0.1566878532
-0.3567954788
0.0892451597
0.1283923835
-0.0573054895
-1.0961627709
1.4747151894
-0.6283446384
1.2237781858
0.7371120198
-0.2398617369
-0.6936000848
-0.8213693415
0.5714627831
-0.1883595674
0.2531995427
0.4087160732
0.2782152399
-0.6277856065
0.3078139624
0.2647401906
0.8690884473
1.9708283696
-0.1346163563
-1.1683001924
-0.0708280890
-0.2107907451
0.3437401478
1.4277962002
-1.9373024922
-1.1571027923
-0.5398492253
0.9553846546
-1.3024966817
1.5616627290
-0.0649741548
-0.4522484125
0.2477440071
0.2561463893
1.5370724112
0.5576653249
-1.8996098225
-0.6255553996
1.4257808778
-0.2334798986
0.4774033764
-0.6006288918
-0.6994954091
0.3142696109
0.4174029274
0.4673565489
-0.1447555585
-1.8090619610
1.3848250527
0.1851637817
0.4588925220
1.2322763735
