10 3 0.06
12 0 1 1 1 1 2 2 0 2 1 2 2 2 3 2 4 3 1 3 2 3 3 4 3
14 0 2 0 3 1 2 1 3 2 0 2 1 2 2 2 3 3 0 3 1 3 2 4 1 4 2 5 2
14 0 0 1 0 1 3 2 0 2 1 2 2 2 3 2 4 3 0 3 1 3 2 3 3 4 1 5 1
2 3
1 4
0 0
1 0 0 0 0 0 0 0 0 0
1 0 0 1 0 0 1 1 0 0
1 1 1 1 2 0 1 1 0 0
1 1 1 1 2 2 1 1 0 0
0 1 0 1 2 2 2 1 0 0
0 1 0 0 1 2 2 0 0 0
0 0 0 0 0 0 2 0 0 0
0 0 0 0 0 0 0 0 0 0
0 0 0 0 0 0 0 0 0 0
0 0 0 0 0 0 0 0 0 0
1.0264372431
2.3285159721
-0.7202911367
2.0164454625
-1.2012371020
-0.4592617440
0.5500402708
-0.6499403875
-2.2748958887
-0.5408588256
-0.1331501303
1.1458801058
-1.0957982833
0.9190701386
-0.0271128014
1.5441331998
-1.4115577331
1.6791317064
0.6614031373
0.5715585107
0.5234225787
0.9277845225
-0.8351384381
1.0517302948
1.6484611413
-0.8294659133
-1.2694298766
-1.0912015677
0.0313036816
-0.3411505379
0.1866939526
-0.5856551079
-0.0491748706
-1.6038483468
-0.1321683100
-0.6776956295
0.1504218422
-1.1995138130
-1.1973906489
-1.1648261902
0.5058493550
-1.0715352465
0.1190075283
-1.4280297371
-0.6714256898
-1.1408135616
0.8214822040
0.3046866771
1.2174991923
-1.7607692967
-0.6428873817
-0.5736180474
0.1865808740
1.6849712525
0.3481213872
0.3409746604
-0.5690556185
-0.2013217149
0.2677578573
0.5329320458
-0.3731016630
-1.2299075047
0.1136708739
0.8464656270
0.4188577626
-1.8108042971
0.8516424159
-0.1491946151
-0.7734714709
-2.0508687100
0.5059484521
-0.4405832475
4.0399864525
-0.2231488497
-0.3091792901
-1.8256687294
-0.0268767039
0.4885702647
-0.9295060250
1.2407030146
-0.9508373707
0.3426540072
-0.2323379223
0.7174074060
-0.5614055297
-0.5523118253
0.0826564560
-0.2210866051
1.0639518828
-0.4503692411
0.0561236374
-0.9519817204
-0.0396547875
-1.9416935044
0.7117546090
-1.9144434148
1.0699146311
0.2711891420
0.1679914292
-1.3283061441
1.2350061806
0.7376054788
-0.8416562182
-1.6766320333
-1.0888671400
0.5825687004
-0.7460098614
-0.9719440471
1.4397147597
-1.1059452822
-0.1210202315
-2.5088503227
-0.8539652750
0.0140418708
-0.9094190724
-0.3784191505
-0.1152926386
0.7759171799
-1.2298756523
0.1223705056
-0.2094070132
-0.4921620197
0.5022658028
-2.7554177565
1.2256914338
0.5528493577
2.6830049849
0.1482116257
-0.4280717880
-0.3240554657
-0.8771047019
0.8487319961
1.5670912066
-1.5127544342
-0.4804116175
1.0181868058
0.5427184402
0.9445501252
1.3044278161
-2.9408707449
0.8643635527
0.0424306982
-1.7800255757
-0.3845987978
2.5116877342
0.0698994614
-0.6960528587
0.5614179612
-1.0085963749
0.7509055932
0.1162723282
-1.4168919403
-0.2562961624
1.6461887854
-0.2366984646
0.5889708907
-0.8129735321
-1.1493036897
-0.7996529234
-0.3460988947
0.9377009286
-0.1012640361
-2.2562315240
-0.2556988350
-0.2848362748
-1.9103021653
-1.1045365892
-0.4592315138
0.0026468462
-1.1605187823
1.0155011611
1.0207824505
1.1144800726
-0.4644042435
-0.9775796760
1.3084006645
-0.1246219455
-1.4585378908
0.3537278223
-0.6965165196
0.2609428429
1.9984531953
-1.3740194747
0.5176356419
0.1130734147
-0.8244859699
-0.5980894406
0.4853654440
0.6653982434
-1.1260093761
2.2302667576
0.5682555803
1.5509207877
-1.9039800165
1.4278721847
-2.0266376087
-0.1698278961
0.2251296935
-0.0105317277
1.2162708666
