10 3 0.18
7 0 0 0 1 1 0 1 1 2 1 2 2 3 1
6 0 0 0 1 0 2 1 0 1 1 2 1
10 0 2 1 2 1 3 2 2 3 0 3 1 3 2 3 3 3 4 4 1
0 3
5 4
0 4
0 0 0 1 1 0 1 0 0 0
0 0 0 1 1 0 1 1 0 0
0 0 0 0 1 1 1 0 0 0
0 0 0 0 2 1 1 1 1 0
0 0 0 0 0 1 0 0 0 0
0 0 0 0 1 1 1 0 0 0
0 0 0 0 1 1 0 0 0 0
0 0 0 0 0 1 0 0 0 0
0 0 0 0 0 0 0 0 0 0
0 0 0 0 0 0 0 0 0 0
2.2167134014
-0.2550203209
-1.4253162715
0.1922479049
-0.6136676359
2.8564753603
0.1844651591
0.9514968147
0.7075542550
-1.1541407910
0.5937756540
-2.3920827820
0.2658691861
1.9135712506
0.7479360731
1.0437468822
-0.2450328842
-1.4168586349
0.2534419708
-0.7820683890
-1.0533123421
-1.5290264379
0.3895725366
-1.3599149344
0.3915367133
1.5941627177
2.0235295887
0.9489222889
-0.4423324561
-0.2099271906
0.7910507430
0.4881216871
0.0751397955
0.0119737085
0.3859546979
0.4926826891
0.0308029928
0.9391718352
0.1474757764
-1.1275450014
-1.1887340178
-1.4218809453
0.8003451462
1.1292170078
-1.1859539586
0.7831653644
0.3998670301
-0.4534595343
-0.0432307392
0.5416966580
1.4401135234
0.2036725450
1.3781465363
0.9285228380
0.8320693509
0.0065240102
0.8647722134
-1.2778782207
-0.7198163093
0.4565820619
-1.3558785031
0.6181463656
0.3668819906
-0.2509511134
0.0813882144
-0.2585819339
1.2270330571
1.5959267125
0.2808412935
0.6058805653
-0.0077723200
-0.0408853327
-0.8543224607
-0.3771314613
-0.2438410353
-0.0109157633
2.7482376379
-0.6126110162
1.6006359683
1.1471832378
-0.6139436418
0.2187449759
-1.2424732445
-1.6700779075
0.5970863505
1.1307976011
0.6342464290
-0.6153494173
-0.6284744058
1.2585410129
0.6777047642
0.8739195997
0.9291847822
0.9337049370
-1.0092550670
0.2301941376
0.1890710884
-0.0497559539
-1.5843220869
0.8197860294
-1.0265198108
0.2512664024
-0.9826275432
0.4086279923
-0.0444715890
1.6697246250
1.4416737085
0.1392387933
0.9052531436
-0.7615682925
-0.4286324198
-0.2669193045
0.5142970909
1.2435921260
-0.2318825717
0.4875441001
1.0627422835
-0.0545459083
-1.1797602149
1.1626628532
-0.9453161218
-0.0734289387
-0.6753797141
-1.0866963318
1.7775325605
-0.1482514781
0.7504482653
0.5847698290
0.6304659748
-1.4836273249
0.4696933109
-0.9179496032
-1.6980643671
-0.4235104066
-1.5396766617
0.0136580876
-0.7321244380
-1.6925443119
0.6557921354
-0.8205403742
-0.8568892072
-1.0313517041
-1.5780297121
-1.0860960099
-0.9600765540
1.8274542479
1.7048683620
2.2953713094
0.7189246321
1.2830453671
-0.9782635426
-0.1724165224
-0.2925732461
1.3571782326
1.8077483402
-0.1181900177
-1.4922779028
-0.2836511969
0.8563839472
-0.5063050934
1.5122723659
1.0477004978
1.3099829784
0.1292627531
1.9241952138
-2.2461903196
0.5778267535
1.0120655822
0.4968645630
0.7131974267
0.9740794262
0.5263091187
-0.0267016525
0.1000502548
-0.5949724723
0.1470049937
0.5012397397
0.2744953506
0.8489290894
-0.0413158158
-0.4970098747
-1.3005294117
-2.5016986612
-0.1338408943
0.6628021457
0.5121478438
-0.9751893866
-0.2367122392
0.4973875965
0.9907714114
0.9710209445
-1.0535981921
-0.3143936985
0.8479035014
1.1227513229
-0.8127377654
-1.3306713173
-1.1884719039
-1.1675354395
-0.4647580468
