18 12 0.20
8 0 1 1 0 1 1 1 2 2 0 2 1 2 2 3 1
8 0 1 0 2 0 3 0 4 0 5 1 0 1 1 1 3
8 0 2 0 3 1 0 1 1 1 2 1 3 1 4 2 2
8 0 3 1 0 1 1 1 2 1 3 2 2 2 3 2 4
8 0 1 0 2 0 3 1 1 2 0 2 1 2 2 3 1
8 0 1 1 1 2 1 3 1 3 2 3 3 4 0 4 1
8 0 0 0 1 0 2 0 3 0 4 1 1 1 2 1 3
8 0 3 1 2 1 3 2 0 2 1 2 2 2 3 3 0
8 0 2 1 0 1 1 1 2 2 1 2 2 2 3 3 2
8 0 0 0 1 1 1 1 2 1 3 2 0 2 1 2 2
8 0 2 0 3 1 2 1 3 1 4 2 0 2 1 2 2
8 0 2 1 0 1 1 1 2 2 2 3 1 3 2 4 1
1 5
6 7
13 8
9 13
13 14
10 2
1 9
8 13
5 8
10 12
6 7
7 0
0 0 0 0 0 0 0 0 0 0 0 0 0 0 0 0 0 0
0 0 0 0 0 0 1 0 0 1 1 1 1 1 0 0 0 0
0 0 0 0 0 1 1 1 0 0 1 1 1 0 0 0 0 0
0 0 0 0 0 1 1 1 0 0 0 0 0 0 0 0 0 0
0 0 0 0 0 0 1 0 0 0 0 0 0 0 0 0 0 0
0 0 0 0 0 0 0 0 0 0 1 0 0 0 0 0 0 0
0 0 0 0 0 0 0 0 2 3 3 1 1 0 0 0 0 0
0 0 1 0 0 0 0 1 1 2 3 2 0 0 0 0 0 0
1 1 1 0 0 0 0 1 1 1 1 0 0 0 0 0 1 0
0 0 1 0 0 0 0 0 0 0 0 0 0 0 0 1 2 0
0 1 1 1 0 0 0 0 0 0 0 0 1 3 2 2 2 0
0 1 0 1 0 0 0 0 0 0 0 0 0 2 1 2 1 1
0 0 0 1 0 0 0 0 0 0 0 0 1 1 1 0 0 0
0 0 0 1 1 1 0 0 0 0 1 1 0 0 0 1 1 1
0 0 1 1 0 0 0 0 1 1 1 1 1 0 0 1 0 0
0 0 0 0 0 0 0 0 0 0 1 0 0 0 1 1 1 0
0 0 0 0 0 0 0 0 0 0 0 0 0 0 0 1 0 0
0 0 0 0 0 0 0 0 0 0 0 0 0 0 0 0 0 0
1.2218892054
0.5985731830
0.7417265535
-1.6886243570
0.3680423410
-1.1801432393
-0.6170771781
-1.7905307627
-1.6208779213
-0.2790321514
0.2823614594
-0.9659486898
-2.8145044383
0.3087214567
0.1367943961
-0.4767557689
1.6746394116
1.4773373255
-0.5688940797
0.7233018669
-0.3127911442
0.7691385531
-1.1719852023
0.0581922523
-1.3370848809
1.1783442902
-0.5473229236
-0.0250977998
-0.9385276945
0.9920764998
0.6701645423
-0.0216789907
0.5485814670
-1.5806703040
0.8872700294
-0.3657446058
0.0132393687
-1.6015721092
0.5029827934
-1.3978189898
-1.1912991734
0.2270909903
-0.2155406043
0.1421761165
-0.1505632334
-1.2235801809
1.4151870933
0.6635261710
-1.0927284231
-0.4585685859
-1.4049478675
-1.6502752130
-0.4619361015
0.4325117842
0.4775557721
-1.2442095551
1.6575695808
-0.5574310002
-0.2849566729
0.1284476841
-0.2263984652
0.0817519195
-0.6566566597
-1.5762652583
-0.3766162837
1.0597496422
1.6639015650
-2.5334605979
0.6527337098
-0.7703167411
1.1307925590
-0.9018585799
-0.7863710472
1.6956715085
1.1999450657
-0.3603790039
-0.4117853535
0.2301199924
-0.8106086167
0.0209238007
-0.7117077744
1.2054413031
0.1526352605
-0.5672874223
0.1659231068
0.0564740709
0.9533134104
-0.7267653666
-0.3181241986
-2.5102532021
0.6917290874
-1.1682009333
0.7922472512
-0.3629292681
0.3132466194
-0.6360906088
0.3160542538
-1.2343431696
-0.6828805164
0.2754800604
-0.3447440568
-0.8981834370
-1.2692271232
0.8013877786
-0.3493448619
0.1666127245
-1.4636049239
1.6391222754
-0.0280577538
-0.3685686675
-0.1127645418
-1.6785459904
1.5569094548
0.5151544772
-0.2171373023
-0.2993423102
-0.9315496960
-0.7096911831
1.2284952741
0.1996141323
0.3307641639
0.4965808918
-0.6858782687
-0.9053869594
-0.5737505761
-0.3191670879
1.2586159921
0.3201936483
0.8520644844
-0.0207705774
0.6626731954
0.5903523912
-0.7507399809
0.5867937581
-0.8333907192
-1.9142154338
-1.3703378795
-0.4703366625
1.1396952326
0.7526590949
-0.4697155110
-0.1349984110
0.0859734673
-0.1362828088
0.7032801702
0.5828101811
0.7278207359
2.0530728697
-1.4009305471
-0.6349162988
-1.4673661691
-0.4014698899
0.8132462571
0.8185292908
2.0073473955
0.4613276225
1.2558668157
-0.6071954297
1.2732563486
-1.6422743911
1.5621131972
-1.7318238820
-1.4980375775
0.2055090180
-0.1530559341
-0.7260255811
0.7886390787
-1.6898216098
2.5351196576
-0.3410907352
0.7721698682
-0.9473537255
0.3522421022
-0.1286218613
-2.2910571463
-0.6056941476
-0.3444973447
0.2906779222
-0.3441120445
-0.4001883263
-0.9193854398
-1.3846640362
0.9947821847
2.4698364123
-1.4509648720
-0.2719227445
0.0899371111
-0.4748083402
-0.1351995877
0.7935702994
1.7164037794
0.6503037582
0.2617012291
2.5799744293
-0.3760135666
-0.0048429830
-1.2481823028
-0.4225393025
-1.6510338859
0.7013401372
-2.1722583739
-0.5255838267
-1.1991966991
-0.0742569625
0.9172103560
0.6551383568
0.0029945389
-0.4039031173
1.5364574106
0.0086295469
1.6205525377
0.6177071655
-1.5947729583
-0.0211747890
-1.3279972866
-0.7387226407
1.8508924933
0.4940879018
0.6012317004
1.5795158009
0.0795933184
-0.8920984574
0.2328165121
-0.1515368275
0.9231671271
1.3308399924
-2.4295331197
0.4555295036
1.1725836614
-0.0284462013
-1.0846245877
-1.2658019878
-0.0531036278
-0.2264611287
0.8343680667
0.2133953833
0.2861014038
-0.8799926898
-0.1154093310
0.6787465033
-1.0448411232
0.7781070317
-0.1332022256
0.8343228817
-1.5147875513
-0.3830280845
0.5293706112
0.7965865559
-0.2215376394
-1.9363372951
1.0493467518
1.4097249710
0.8985460767
1.0689183881
0.3422011928
0.0675291202
-0.5729575920
0.8426177603
-0.2892987239
1.6137771899
0.6440741681
-1.8965588568
1.4984443370
1.4498482889
-0.5048492752
0.7299999782
0.8018274744
0.6039864594
-1.2561264132
0.2515229903
-0.4430363174
-0.2727705943
-0.2006849972
-0.2939596283
0.4749370217
2.2667415066
0.5775952134
1.3368642927
-0.7577224484
-1.8697674827
0.9758557191
0.3474994004
1.1102874676
1.5304989385
-0.2001633761
0.1186368848
1.1939339491
-0.3936050179
-1.8221594649
0.3562549119
-0.1701342506
-0.7491687416
-1.5071509496
1.2572983982
-0.8724168005
-0.1634123047
0.6114972461
0.8351781511
0.2632189869
-0.0273759262
-1.4230039153
-0.6279783403
-0.1891655353
-0.5049058823
0.9384628884
-1.1533717096
-2.5555136047
-0.7152603858
-0.4480146601
0.5255543328
-0.4423168125
-0.1132369338
-0.6911239292
-0.9298667893
-1.1496377798
-0.7894562958
-0.8395590329
-0.3759805057
0.6342955206
-0.3324508733
-0.0664824110
-0.6156533725
0.0376399047
-0.2231954995
-1.1075272505
-1.0850863272
0.1435906533
0.4842525337
-0.2795789448
-0.7053550816
0.6524695404
0.5334873257
2.2779851230
-0.6074981727
1.8711494178
1.6560013617
0.8670417193
-2.3232363155
0.1688404533
-0.8872174907
0.4036447852
-0.9965351053
2.1104161665
1.0824013727
-0.8782782839
1.1748977675
0.1322936529
0.2562397457
1.0113145994
-0.2342834399
-0.9493182466
0.8607392078
0.8386421549
-0.0994137288
0.2315009903
1.2044313582
-0.6273221736
0.6191279829
-1.2360501503
1.7602911753
-0.2273806047
1.1768821947
-0.0789338860
-0.4324058433
2.0235822412
0.9267098885
-1.1507505760
-0.7861315456
-0.4876561516
0.6642728008
-0.9336657300
0.4493648002
-0.8280737005
-0.8189836239
-0.0087003843
-1.1132697009
-1.6764618302
-0.7122747659
0.1223574587
-0.1196521782
1.3426764531
0.0995553747
0.7994786119
2.5387715230
1.2791714189
-1.9635433525
1.9166306858
-2.2137821379
-0.0434869874
-1.2312776177
-0.4962545731
1.2820882959
1.3892546765
-0.6098245536
-1.0012201836
-0.3386516435
0.6967012911
1.0144583348
-0.5684115018
-0.7115159912
-0.5256808015
0.9166429349
-0.5733067441
1.1450376459
-0.4911517655
-0.2605144599
0.2526449884
0.9802928052
-2.1159948161
-0.7453624295
-1.4985498390
0.8265284822
-1.4179689084
0.5939857568
-0.1813071530
1.1808372989
0.6066164195
-0.2149296638
-0.1992315327
0.8135258317
-0.4182278835
1.4716521952
-0.6089721354
0.2123189106
0.1883581161
-0.6693872507
0.7286881015
0.0916294980
0.2723158092
-1.9624223045
0.1269669903
-0.5456540646
-0.6956437150
0.5069885522
-0.5793004474
0.3406385689
-0.8699589734
0.2211352062
-1.5013517754
0.2693178242
0.2988569496
0.4272000419
-1.7123833171
-1.3132111452
-1.1284152685
-0.2633603010
-1.0791222901
2.0336698607
-1.6912121413
1.5877847991
-1.0240723999
-0.6132901442
0.6055026931
0.1734688870
0.8663032405
-0.1054076945
-0.9129452229
-0.3011506533
-0.9982647355
1.4356773330
-0.2012776734
-0.9761498383
-0.8448084979
0.2305268851
0.4677711179
2.6096213413
1.1960630375
-1.5389034439
0.6131988895
-2.4212278218
1.1903833690
0.5402058563
0.9158105119
0.2086673683
0.4729553388
-0.9729533006
0.0859849056
-0.6462561931
-0.4900469838
1.6744589906
0.2303944849
-1.6709932862
0.5145407305
-1.2831652353
1.2650815250
0.9383764817
0.8170539261
-0.9231076403
-0.5745589830
-1.0941215711
-0.4987719541
-1.3494897647
0.7098682750
1.8894541342
0.6835882984
-0.2897395560
-1.7633630103
2.4418249535
0.4127125599
-1.8327852030
-1.5232145827
1.5408870886
-0.1582087014
-1.3658165719
-0.2357366658
-1.6127963632
1.5275510959
-0.0238567745
-2.1697192823
-0.2016415564
-1.0674299181
0.9465191510
-0.7668064792
-0.4977517451
-0.2376252245
0.1685921503
1.4384436462
0.0163451985
-1.2984282859
0.9979055101
1.2561696241
0.5980304788
-0.4468775008
0.4935173126
-0.9397782544
-1.2422694004
-1.5509821651
-0.2240044192
0.0685078924
-0.1084739496
0.9215160719
1.1964331177
0.2511779429
-0.0690504925
0.9373936976
1.7937903398
-1.7211939164
0.8869823215
1.7486491429
0.3020763166
-0.5603370543
2.1847275909
-0.1197564775
-0.3622725086
-0.3614050692
0.4879059427
0.7327111464
0.2305905986
-0.5539493736
1.3839012733
-1.3983012951
1.3849843397
2.0117033196
-1.7476601754
-0.5540570831
0.0383851230
0.2460920482
-0.9564624873
-0.2955127172
-0.4646198377
-0.0677398211
1.0995227486
-0.7686891479
-0.9773520044
0.4214613019
0.3965662017
-0.2837461220
1.4980370469
-0.1901311655
-0.2001228439
0.4342510216
-1.1028970216
-0.4028928226
-0.2790021128
0.2337168482
-1.5748689872
1.6056328915
1.8734314884
1.6780179772
1.0165637784
0.3581750409
-1.3099533793
1.2328134954
2.3976978329
1.0293491575
-0.9497841148
-1.4130438148
1.3371758743
1.3657557967
1.2236003911
-0.8853634603
-1.6939970076
-1.1188769834
0.8360368083
-2.5011558960
1.0405927742
-0.7523789243
0.8868421248
-0.3466277578
1.2118242356
1.7655903387
1.5007579267
-1.2517639847
-0.1546623675
-0.7078290954
-0.0626392012
-0.3125731464
-1.2495306802
0.3420738395
-0.5561401275
-0.2454452321
-2.7662711670
-0.3324333025
0.2415007012
0.9652711925
-0.1693248171
-0.5174191075
-0.8228847306
0.2396846715
-1.7747001583
-1.4641851704
-0.2255139121
0.5975246872
1.6793234049
-0.3595938138
-0.0549000137
-0.8107708277
-0.0556299150
1.2778530552
0.6880880071
-0.0078759877
2.2890825235
-1.1311675968
-0.4802309436
-0.9210151152
-1.3354155884
0.7913113164
-0.0490779696
1.0302128373
0.6512128492
0.8915184195
-0.6557584595
-0.0927310532
0.7770628030
-1.7600417328
-1.0213215067
0.5924691993
-1.3774962102
