20 20 0.10
4 0 1 1 0 1 1 1 2
4 0 0 0 1 0 2 0 3
4 0 0 0 1 0 2 1 0
4 0 1 1 1 2 0 2 1
4 0 0 0 1 0 2 1 0
4 0 1 1 0 1 1 2 0
4 0 1 0 2 1 0 1 1
4 0 1 1 1 2 0 2 1
4 0 1 1 0 1 1 1 2
4 0 0 0 1 1 0 1 1
4 0 0 0 1 1 0 1 1
4 0 0 1 0 2 0 3 0
4 0 0 1 0 2 0 3 0
4 0 0 0 1 1 0 1 1
4 0 1 1 1 2 0 2 1
4 0 0 0 1 0 2 1 1
4 0 0 0 1 0 2 1 2
4 0 0 0 1 0 2 1 0
4 0 2 1 0 1 1 1 2
4 0 0 0 1 0 2 1 0
0 17
2 13
18 0
8 7
0 4
7 10
11 8
8 12
15 6
6 14
17 16
4 18
0 12
13 11
5 12
17 5
7 12
1 11
1 11
5 8
0 0 0 0 1 1 1 0 0 0 0 0 1 0 0 0 0 0 1 0
0 0 0 0 1 0 0 0 0 0 0 1 2 2 0 0 0 1 1 1
0 0 0 0 0 0 0 0 0 0 0 2 2 2 1 1 1 0 0 0
0 0 0 0 0 0 0 0 0 0 0 0 1 0 0 0 0 0 0 0
0 0 0 0 0 0 0 0 0 0 0 0 0 0 0 0 0 0 1 0
0 0 0 0 0 0 0 0 1 1 1 0 0 1 0 0 0 0 1 0
0 0 0 0 0 0 0 0 1 0 0 0 0 1 1 1 0 0 1 0
0 0 0 0 0 0 0 0 0 0 0 1 2 2 2 1 0 0 1 0
0 0 0 0 0 0 0 0 1 0 1 1 0 1 1 0 0 0 0 0
0 0 0 0 0 0 0 0 1 0 1 0 0 1 0 0 0 0 0 0
0 0 0 0 0 0 0 1 1 0 0 0 1 1 0 0 0 0 0 0
0 0 0 0 0 0 0 0 0 1 1 0 0 0 0 0 0 0 0 0
0 0 0 0 0 0 0 0 1 1 0 0 0 0 0 0 0 0 0 0
0 0 0 0 0 0 0 0 0 0 0 1 1 0 0 0 0 0 0 0
0 0 0 0 0 0 0 0 0 0 0 1 1 0 0 0 0 0 0 0
0 0 0 0 0 0 0 1 0 0 0 0 0 0 0 0 0 0 0 0
0 0 0 0 0 0 1 1 1 0 0 0 0 0 0 0 0 0 0 0
0 0 0 0 0 1 1 1 0 0 0 0 0 0 0 0 1 1 0 0
1 1 1 0 0 0 1 0 0 0 0 0 0 0 0 0 1 1 0 0
1 0 0 0 0 0 0 0 0 0 0 0 0 0 0 0 0 0 0 0
-0.8043609575
0.1785503023
0.7367375179
0.9176904540
-2.0335535424
-0.1703166546
0.4457055798
-0.3628644141
0.4323709195
-0.5651637089
1.7260437164
-0.4299858082
0.3777223544
0.6316373884
-0.7294005547
0.4449450523
1.0901419791
0.0618728233
0.0627119204
-0.9282728927
-2.5919540721
-0.5858468864
1.5593434501
-1.7616703075
0.0447254631
-0.5116840176
0.4363141947
0.5888422690
-2.0594501397
-0.7128264335
-0.0602808667
0.9291042707
-0.5751000500
0.8512970576
-0.2309728125
0.7190879628
0.7399421602
0.2457751664
-0.6558813675
-0.2278337095
0.9906344036
0.0410049539
0.1820913162
0.6601082766
-0.5083454780
-0.9089537644
-1.2382583327
-0.2909174205
1.2613412737
-1.5331616376
-0.3665319738
0.0308796610
1.1467661533
-0.8027239299
2.5164130969
0.2444542228
1.5833499952
0.7590844114
0.4139029065
0.4544516394
-1.2080775851
1.3660733746
-0.1245794096
-0.1393825692
-0.1724929536
0.1634373122
-1.4583008678
-2.7894122268
-1.5729435987
0.3099200464
-1.9568372553
0.4154825421
1.1705444954
-0.6640720534
-1.8205368105
1.4974143880
-0.6432887083
0.2245110263
1.7229508492
0.1204630952
0.5953296436
-0.5518036625
-0.6922158072
1.5650788237
1.7624218396
-1.5941981664
-0.7839871318
-0.2916272769
1.5677668976
0.6770083562
-1.2831076661
-0.6321893272
-0.5963375595
1.8117774187
-1.3733725077
1.2273011616
-0.0347587519
-0.4141106024
0.8022117904
0.9478032622
-0.3163614998
-0.4783833321
0.2200965162
-1.3347971266
0.5091219408
0.6553801422
0.4477764454
-0.4673587510
2.3754424820
2.2762102956
0.4596226453
0.2164565723
-0.4218660884
-1.4228900611
-0.3563474563
-1.3563258059
0.0780435996
-0.2513691736
-1.3691562453
1.0673145006
-0.7733858187
-0.3784401975
0.1240822143
0.3212025916
-1.7428637465
-0.0869244463
0.5862634118
0.6471661328
-1.0249992255
-0.3492119249
-0.2468866451
0.8199366427
0.4202833985
-0.2097435313
0.5142782877
1.4708849214
-0.1275667537
0.3155551638
0.1952626162
0.9645730673
-0.2145535306
-0.6572146797
0.5783744528
1.1068355890
-1.3586368513
0.1826357837
-0.8873074097
0.5406266736
1.2596604454
-0.1416013872
1.0399783512
-1.3650450320
0.5771788718
0.4234909775
0.0624698482
0.7901493535
0.6597384698
-0.6950467003
0.0047582560
-0.0370184919
-0.7542410494
0.2112285006
0.2614930283
-0.2515357253
-0.7557540136
0.8752842922
1.6564446884
1.2510517843
-0.7782921125
-1.1510235616
-0.6503152990
2.7043442936
-0.0615885524
-0.4202926794
0.9767989385
0.4602641122
1.1356479496
1.2087648661
-1.3563306313
0.3827023704
-0.4719907413
0.8924599123
-0.7923041916
0.2627006857
0.4826881177
0.0462744005
0.8710001243
-0.2658113736
0.8684180835
0.0188489691
-0.6730596913
2.8662233103
-0.1948651152
1.5833940087
-0.5864747440
-1.4644766779
2.0942059048
0.2519145620
-1.1445051432
3.0814960166
-0.5391608796
-0.0205759247
-0.0873463041
-0.0461167574
-0.0356166688
1.3830270457
-1.0235690699
-0.8783908029
0.2390219797
-1.2847303218
-1.4556747892
-0.4299893871
-0.6918352986
-0.0165919017
0.5044241952
1.3353197336
0.3453575001
-0.0316975838
0.7453998863
0.6885531401
1.5291319147
1.4908868236
1.2599952455
-0.7913456605
-0.0809619627
1.6286573173
-0.9312142279
0.9703706369
-0.1325973438
0.5200357662
0.0436951623
-1.2544846968
-0.1294093759
1.1771824103
-0.4160583529
-1.0526927179
0.9187381221
-0.6287162971
0.1131066372
0.3658970326
0.6835167438
0.2302252943
-0.6217919105
-0.7595791426
0.1155798153
-0.0984379628
-0.3885054344
0.1547243900
-0.0796698380
-0.3291080344
1.6928718106
2.3822103224
1.6420725761
-1.9645355907
0.8406153107
-0.0779376796
1.6593095800
0.8451262143
1.6049045751
0.3936583149
-0.2912671838
0.3009857242
-1.5303962419
0.1808755172
1.0123377602
-1.0720921892
0.3101382824
0.1323733931
-1.5030132906
1.3388694594
-1.6715848786
1.6862413500
-1.3989850868
0.4758022070
-0.4353752254
-0.2969750636
-0.3036639091
-0.9898508250
-0.1599084953
0.6637761269
-0.8185323510
-1.5288761695
0.2750763903
0.7774264361
0.0942942679
1.5007389795
-0.5956482551
1.4038680591
1.0144923306
-0.6585631801
0.2656012482
-0.1980068217
-0.4461699723
0.4387587997
0.6563594871
0.5550876538
1.0421452551
0.7999997524
-0.6818832499
0.2771675280
1.0887914328
-0.3397971143
0.8109243511
-0.4118078501
-1.4350985771
0.5182655031
-0.9462804529
-0.0032476525
-0.7155223330
0.5221258542
-0.6772358061
2.1518312601
1.3954570881
-0.7418765633
0.8038797329
-0.9746856140
1.2108777513
0.6333744691
-1.6417540306
1.2194376961
1.0907181679
0.0846361423
-0.5400615085
-1.0251805470
1.6807297867
0.5211590772
-2.0740784127
0.6425531388
0.0003339952
0.6137810220
1.4923494173
-0.0000730562
-0.0127680465
0.7655249845
-0.4440428086
-0.3121441589
1.1441850034
1.0733836364
0.1423194268
-0.8247142865
1.1349379657
-0.9224016506
0.1562197852
0.1923630271
0.8679083104
0.0777742321
-1.2011267793
-1.7364287341
-1.0614139951
0.3519324931
-0.2361791098
-0.8987629512
0.0549438439
2.3164681857
-0.8971328472
-0.9720603542
-0.4967952869
-0.5716769554
-0.2378205975
-2.0585470871
-0.7256638579
-2.1622161919
-0.9063993163
-0.4020938292
-0.4540443209
0.0847763661
-0.2274409551
0.7645522822
0.4896579370
-1.4071100193
0.1557625760
-0.3368420439
0.7957564622
-0.2229038024
-0.7966937645
-1.4972001158
0.0697336331
-0.5004469171
-1.7426816176
-1.8756023442
-0.0858649963
1.1311837391
-0.1856348650
0.2125191243
0.2502708348
1.5072717078
-0.1124028688
-0.1713112963
-2.3985014403
-1.1689409139
-0.7015335634
0.2342918664
0.3620219801
2.0675756540
0.1343263811
1.7093940015
-2.7022873015
0.1351342771
-1.0157647072
-0.0482841427
0.8086135169
-2.0031949538
0.5232244350
-0.4760430265
0.2267167503
1.0724979431
-0.9156564789
-0.3515429931
0.9189369645
-0.9823793738
0.4286846605
-0.9361869837
-2.2243000067
0.3900649764
-1.8309292977
-0.5382402472
0.8526687627
1.1994399642
0.6510592530
-1.0617177380
-0.2407695080
-1.2209635046
-0.0831952456
-0.0892001063
-0.0030819101
2.1520344730
0.5072386325
1.0262942578
0.4441235484
0.2618268563
2.1908304416
-0.6888750076
-0.3855354855
0.0294653942
-0.3049170943
-0.2187157197
1.2899819440
-0.4763466627
-0.7907223948
-1.3249803317
-0.6398191219
-0.4647797435
1.0463646050
1.1944927050
-1.4121928218
-1.7690460103
0.3427317941
-0.0128329176
-0.1343849481
1.0491761273
0.4067172843
0.3608650160
-0.9072293500
1.3353528627
-0.7771533716
0.5502096200
-0.0454203490
1.2163797920
-0.9720461734
1.8107712793
-0.0891038958
0.2885270373
-0.3609787839
-0.2933020458
0.2303914961
-1.0890651467
0.4669775014
-0.5353978475
1.2417989367
0.3525963208
0.5970878776
0.9137365060
0.1776990491
-0.5783574808
-2.0253334325
0.1715121659
0.3343548314
-0.1356502486
-0.3327757984
1.1017262118
-1.4736483659
0.7496388071
0.1895243281
-0.7518266999
-0.1965608843
1.6525934169
-1.5895611256
3.0816991739
-0.1584068810
0.5250136307
-1.9069221554
0.0274662991
-0.2881741247
1.1048395383
-0.9038800920
-0.0896834794
-0.6913766743
-0.5267070782
-0.1132648273
2.5921748594
1.7541964605
-1.1614046714
-3.2556012365
-1.0601900707
-0.8023177421
-0.2372413786
0.1380970672
0.0033403051
-0.4705342696
0.5012990926
-0.1080804351
0.9623268600
-1.7568867063
-0.2886514779
0.7364873013
-0.4360798597
0.2373364592
1.8314383790
0.1361468255
-0.7884773680
0.9561463930
-0.6680607580
-0.3111082772
-0.0138451243
-0.9323172988
0.4236549661
0.1927745303
-0.1431915639
-1.0918644789
0.1331166356
-0.7713745238
0.3772271687
-1.7260860711
0.6665869937
-0.4338915781
0.9023737078
0.7826181031
-0.2036346371
0.9121155356
0.6409041943
0.0723407658
-0.8999927887
-1.5830714753
-1.0389900495
0.1801130852
-1.1533891684
0.6283774535
1.0484100639
1.1950789514
0.3563200322
2.3315764037
0.9847260855
1.6227321155
0.4769259973
-1.3060875418
-0.3559159702
0.2217852056
0.4721307756
-0.7477044166
0.4149880070
1.5051291354
-0.8579616719
-0.9920405725
-2.0817183905
-0.8231325133
-0.4096755227
-0.3649679931
-0.1352463010
0.8674067351
-1.9225629237
0.5758007944
0.9799070560
1.0530247095
0.2808270796
0.0273833890
1.1255594845
-1.2424221086
-2.9113095706
1.2854317075
-0.7973022251
-0.1359931736
0.3754198022
1.1516893369
-2.0615313763
0.5668171719
1.2682601990
-0.7828685518
-1.3030583572
-0.5834263064
-1.6824683673
-1.2019953416
2.0986592427
0.2794271717
0.9805281487
-0.5967135400
1.7581765383
-0.6042002054
-0.8152156497
-0.1122530931
0.8741459955
2.0910386249
0.3281060489
-0.5251580713
0.5067618972
-2.0842163001
-1.0438707673
0.7726912289
-0.3010413809
0.0272354364
0.1495959520
-1.0753608808
0.2266630686
0.5880267498
0.7440998446
-0.7533222403
-0.9580650970
-0.1127003992
0.3965157165
-0.6901225221
0.2060317992
-0.7961517109
-0.5502837155
0.2512897342
-0.2075467032
-0.9537687287
-0.5049497411
0.7991744272
-0.0039534233
1.8194755279
2.7847666906
0.3600118232
1.4610834355
1.4519336532
0.8555833413
-0.2930676700
-0.1468748516
1.0823950078
0.5997241416
0.9676223767
-0.9582875400
0.3636237854
0.3079087957
0.8164516729
-0.6566891549
-0.3048851004
-1.1258816166
-0.9664490443
-3.1233710999
-0.1936114635
-0.5676124996
0.8940131236
-1.2678872981
0.9942648156
-0.8384748226
-0.0574800212
2.0862658950
0.1129729963
0.1371459104
0.1489440837
0.7195943303
0.9064515734
0.1398372505
0.1342615819
-0.8049416381
-2.1659442172
-0.1960514109
-0.9876498840
0.4950583406
0.1544280160
0.0370728207
1.1763126164
1.9048982612
0.8951945600
0.0089576055
-0.7108042306
-0.9610482675
-1.6187572938
-0.8679639981
-0.5565790456
-0.0138909641
0.3300679195
0.9330870110
-1.0787527792
1.8347825895
-0.6535252368
0.8617612176
0.5723514738
1.2254656106
0.3425681490
0.2351569209
1.2175394550
-1.4786086248
2.1160028815
-0.6782632068
-0.1969988016
-0.8102945217
1.1754973802
3.2507716002
0.7443539794
-0.7225598543
0.0374673577
-0.4003997187
-0.1371510452
-0.2770464087
0.8353723611
-0.6053295119
0.0766863608
-0.1578851411
0.7334752220
-0.0149332316
-0.8825892294
-0.1393370119
1.3049268210
0.6072690426
-0.6348746350
2.3211826439
0.9281510306
-1.0412333981
1.6724193350
0.6415182009
-0.2587003189
-0.1390428703
1.0123952890
-1.1923298762
0.6915766109
-0.9167630761
0.8744901226
0.6183897888
-0.3119706873
-1.7050638197
-0.4126902981
-0.5769981250
0.5473485961
-1.4815932237
0.4326370041
0.4735979753
-0.3958635542
-1.1992029717
-1.2675958130
-0.3551460590
0.1830779017
0.6026513183
-0.3091060906
-0.0657901395
-0.2760743987
0.9402823811
0.8806152616
0.0646327274
-1.2986252197
-1.0652028026
-0.1941396796
-0.6110837159
1.1304990597
-1.4592932862
-0.5501421282
0.6874753280
0.5528636599
-1.2596492601
1.1046295124
0.3506427083
0.2452862493
0.7029999797
-1.0817778054
0.1317337584
-0.5490570076
0.4369655809
0.4871688666
2.4578936150
-0.8922985753
-1.3668916039
0.2762932797
1.2258147532
-0.8568986721
-1.2905750037
-1.1033876723
0.7619594345
-0.0335659285
-0.1950042972
-0.4967518927
0.6439059855
3.5153798122
-0.4186858670
-0.8827962042
-1.4953884328
-0.3287794924
-1.0200778922
0.0300017023
0.9432127989
1.2300007855
-0.5005757571
0.5946096806
1.0447844926
0.1290845127
0.5321825683
-1.9795867810
-0.1326765087
1.0719033870
0.6770740057
-1.0644784368
-0.1636679449
