13 7 0.08
10 0 2 0 3 1 0 1 1 1 2 2 1 2 2 2 3 3 2 4 2
10 0 0 0 3 1 0 1 1 1 2 1 3 2 1 2 2 3 2 3 3
11 0 0 0 1 1 0 1 1 1 2 1 3 1 4 2 0 2 1 2 2 3 0
7 0 0 1 0 2 0 2 1 2 2 3 0 3 2
5 0 0 1 0 1 1 1 2 1 3
11 0 1 0 2 1 2 1 3 2 1 2 2 2 3 2 4 3 0 3 1 3 2
8 0 0 0 1 0 2 0 3 0 4 1 2 1 3 2 2
7 9
9 2
6 5
2 2
11 8
9 1
3 4
0 0 0 0 0 0 0 0 0 0 0 0 0
0 0 0 0 0 0 0 0 0 0 0 0 0
0 0 1 0 0 0 0 0 0 0 0 0 0
0 0 1 0 1 1 1 1 1 0 0 0 0
0 0 1 1 1 0 1 1 0 0 0 0 0
0 0 1 0 1 0 1 0 0 0 0 0 0
0 0 0 0 0 1 1 0 0 0 0 0 0
0 0 0 0 0 1 1 1 1 1 0 1 1
0 0 0 0 0 1 1 1 0 1 1 1 0
0 0 2 1 0 2 0 0 0 0 1 1 1
0 0 1 2 2 1 0 0 0 0 0 1 0
0 0 1 2 2 1 0 0 1 0 0 1 0
0 1 1 1 1 1 0 0 1 1 1 1 0
0.4153146715
1.7635840479
0.4000940035
-0.5923854091
1.0230812180
-1.6461365143
1.2309231999
0.1581521563
0.8585045445
-0.5014609830
-0.1395724211
-1.9692697242
-1.3861243904
0.3646012246
0.1568241144
-1.4665566327
-2.4885605259
0.0381441317
-1.4399688306
-0.6104135475
1.3894330070
1.0878430807
0.3589881024
0.8361957946
-1.1139516125
1.0733621059
0.0085019606
-0.4007212735
-1.3832857078
0.0053503660
0.7772697377
-1.6957015750
-0.6991868733
1.2458562633
-1.4892800839
0.0988664186
-2.3849011748
-1.9912647864
-1.2899084363
1.5586345348
1.1607222438
0.8027996053
0.4460503480
-0.9009813085
0.1476661540
1.6374448093
-0.2845213696
-0.9759803869
-0.0743202630
-0.8726712185
0.3565829412
-0.1037824630
0.0892050975
0.3756381554
0.0083739941
1.5300458986
-1.1301284426
0.4325752134
0.4765296033
0.3101508707
-0.8309612027
0.3838365166
0.0260829008
0.9780933121
-0.4979291029
-1.3246346709
-0.7675023835
0.8328929005
0.7968659530
0.3308234407
0.4405359124
0.4063118209
-0.1722487579
0.3347773512
0.8819343356
0.5647434149
-3.5669788452
-0.2615585521
-0.3627040638
0.2217112704
0.3557701477
-0.1497089699
-0.3026269061
-0.1986265940
0.1636808053
0.6792595475
2.1690746973
0.7741381107
-0.7755123074
0.1008650904
-1.2535781429
0.4569103449
2.1968645964
-0.9828730456
1.6336631548
-0.3372447002
-1.2548113797
-0.2966161248
0.3754073588
-2.5593094042
-0.9615827233
0.0464351866
0.9603672894
0.6697064937
-0.2717062032
0.8141133127
-0.5147473575
0.9861733791
-0.6792598268
0.4063958082
-0.3300679951
0.3597178088
-0.5215835528
-0.4743031944
-1.2452693700
-0.7154066323
-1.6116874044
-0.3441862199
0.2386827945
-0.3303001423
-1.2515652067
-0.9069168754
-0.9654125133
-2.6192181672
-0.6749048869
0.2491563252
1.4758770557
0.1147852435
1.4044578387
-1.9704900884
0.0081090923
-1.1001303660
0.8182862488
-1.4067503920
0.1190864770
0.3114972910
0.1372254209
0.4810692004
-0.2919516562
-1.3835211191
-1.4338888357
-0.0556676910
-0.9208385931
-0.4484500608
0.6523889247
-0.5953389101
-0.4752122249
-0.7464123062
-0.4409252620
0.2860647594
-0.8322980478
1.3340495614
0.3452381189
-2.2139053825
-1.7498632148
-0.5551434825
0.1626720337
-0.2569468649
-1.7742037446
-0.0616979739
0.7203526336
0.4026967315
-0.2260424255
0.5600049447
1.0411896390
-0.4608523230
-0.4552256926
-0.4185168193
0.0716355160
-1.5301912200
0.6681291333
-0.7751570810
-1.1924393792
0.9299980034
-1.3721960419
-1.6800326716
-0.4464654713
0.1284488478
0.9706963736
-2.5201707756
-1.0935218770
-0.8599359775
0.9056813492
0.9341664083
0.1153752267
0.1563506443
0.3331904045
-0.0238563834
-1.0613901494
1.2966596672
-0.7130869082
-0.3426889459
0.3058545645
1.4827325068
-0.6585653169
-0.1340639409
0.7976059801
0.6016234056
0.5345497229
1.0742036826
-0.3256250702
-0.2092668078
-0.2795543098
2.2415793327
0.4283522091
-0.1607268819
0.6984818598
-0.0638880445
-0.9060075414
1.1049575884
0.7839972676
0.7367431747
-0.7193366403
-0.4467184760
0.8972402677
-1.1940287409
-3.0407587238
-0.3532693357
-0.5609345609
0.7930018761
-1.1292886380
-0.5573283560
0.0600642059
0.9158473228
-0.0820633148
-1.6331411057
-1.3512764650
0.8109448676
0.3240650289
0.2279256770
1.6309534724
-0.0519081065
-0.4248221830
-0.6675654990
-0.8106036132
0.5770492699
-0.2784692031
2.3626630227
-0.5395234137
-0.2615072908
-1.4382932370
0.4911106690
-0.5554671207
-0.6829526310
-0.4917983332
-0.5310785680
-0.4829197813
-0.4901305488
-0.9769023264
0.4357580031
0.7445776631
-1.3545149412
0.7112425870
0.0346351054
0.0858391232
-0.6540465285
0.9755237997
-0.2079814472
0.3115774349
-0.4256835736
0.5362629267
-0.7122146703
-0.1256950617
-2.0570755910
0.2542489656
-0.3752932912
-0.9767429505
1.1172806099
-1.2703339512
2.4734253331
-0.6008888777
1.0294980091
0.8509338414
1.6180797023
0.3294323952
-0.8889828659
0.0256356169
0.8822815540
0.1274019914
1.1727356098
-0.2548395365
0.6423967127
2.7937030447
-1.8416992257
3.1679580437
1.1777622158
-0.1561229493
0.9133233234
-0.9331080616
-1.5854830607
-0.2125059346
-0.6650894479
1.6293287050
2.2262162997
0.3272278242
-2.2831500519
0.1705178040
1.5593087544
0.2311103814
0.1276619111
0.0078280404
-0.5095155922
0.9919692164
0.5223271439
0.6416583034
0.0406654861
1.2374266702
-1.4804381395
1.1690228495
0.3987738481
0.0469125054
0.1618790508
-0.7534495662
-0.6448842545
-1.2280888453
0.5490903319
-0.5000804693
-0.7853839209
1.0269602313
-0.7130864486
-0.1703765275
0.8453297513
2.2118081754
0.4486774349
-0.5762661749
0.2390956043
1.2144215755
-0.0299149012
0.8347653365
0.3637376983
1.3430778568
-0.5155722094
-0.8450200279
-0.6283387160
-1.5137410421
0.7367964092
0.3906306647
-0.7323300183
