18 12 0.16
9 0 0 0 1 0 2 0 3 0 4 1 0 1 1 1 2 2 2
10 0 1 0 2 1 0 1 1 1 2 2 2 3 2 3 3 3 4 3 5
11 0 2 1 1 1 2 2 0 2 1 3 0 3 1 3 2 3 3 4 1 4 2
8 0 0 0 1 0 2 0 3 1 1 1 2 2 1 2 2
8 0 1 1 1 2 0 2 1 3 1 3 2 4 1 5 1
8 0 1 0 2 1 2 2 0 2 1 2 2 2 3 3 2
9 0 1 1 0 1 1 2 1 2 2 3 1 3 2 4 0 4 1
10 0 1 1 1 1 3 2 0 2 1 2 2 2 3 2 4 3 0 3 3
11 0 1 1 1 2 1 2 2 2 3 2 4 3 0 3 1 4 0 4 1 4 2
8 0 0 0 1 0 2 1 1 2 0 2 1 2 2 3 1
7 0 0 0 2 1 0 1 1 1 2 2 0 2 2
8 0 0 0 1 0 2 0 3 1 0 1 2 1 3 1 4
1 8
9 6
11 7
8 10
11 14
5 11
6 12
6 8
5 6
12 0
10 15
4 5
0 0 0 0 0 0 0 0 0 0 0 0 0 0 0 0 0 0
0 0 0 0 0 0 0 0 1 1 1 1 1 0 0 0 0 0
0 0 0 0 0 0 0 0 1 1 1 0 0 0 0 0 0 0
0 0 0 0 0 0 0 0 0 0 1 0 0 0 0 0 0 0
0 0 0 0 0 1 1 1 1 0 0 0 0 0 0 0 0 0
0 0 0 0 0 1 0 2 1 1 0 0 1 1 0 0 0 0
0 0 0 0 0 0 0 1 0 1 0 0 0 2 0 0 0 0
0 0 0 0 0 0 0 1 1 2 1 2 2 2 1 0 0 0
0 0 0 0 0 0 1 1 1 1 2 2 2 3 1 0 0 0
0 0 0 0 0 0 1 2 3 0 0 2 1 1 1 0 0 0
0 0 0 0 0 0 1 1 1 0 0 1 2 1 0 1 0 1
0 0 0 0 0 0 0 0 1 1 0 0 0 0 0 2 1 1
1 1 1 0 0 0 0 0 2 2 1 1 0 0 0 2 0 1
0 1 0 0 0 0 0 1 1 0 0 0 0 0 1 1 0 0
1 1 1 0 0 0 0 1 1 1 1 0 0 0 0 1 1 0
0 1 0 0 0 0 0 0 1 1 0 0 0 0 0 1 0 0
0 0 0 0 0 0 0 0 0 0 0 0 0 0 0 1 0 0
0 0 0 0 0 0 0 0 0 0 0 0 0 0 0 0 0 0
-2.1521245348
-0.2249886959
0.0705106239
0.6216934298
-0.4292474133
0.2849079946
0.2964852207
2.2386078553
1.2594278583
0.8401015794
-1.6218500774
-1.7921719554
0.8195144648
0.3872597105
1.5967899432
-1.4230618733
-0.8813162446
0.0769392642
1.3960421370
-0.6315051760
0.4189231808
-0.3325047046
-0.7186591208
-0.2277035804
-1.3358604353
-1.4754540627
-0.1892585059
-1.1950283219
-0.4354369788
2.6779092507
0.5552135987
1.3516461424
-1.2171582557
-0.4933578601
-0.4994661446
1.3399054063
-0.1071800139
0.7121210475
0.2090959858
0.0498682548
0.1982287200
-0.3659409549
0.5255755052
1.0367984506
-2.0223189776
0.3402011338
1.1277839633
0.7264091177
-0.5444315019
-2.4792725651
0.2062657843
-0.3400515136
-0.0767157826
0.3437486155
0.9720195502
2.0068721317
1.6500784350
-0.8812703121
-0.1571091997
-0.7233753874
-1.1086565631
-0.1203455611
0.8753651668
-2.1597907959
1.4820193830
0.0296916931
0.5934699651
-0.3636926003
0.7633440638
-1.0525583486
-0.8834100637
1.6986275305
2.4516611614
0.7448851753
0.7673151612
-1.8701410095
0.2033047357
-1.0434287399
-0.0603056261
-0.0629610757
0.1821194237
1.3548485279
-0.3445522149
1.3503763688
0.6345539400
-0.2693849971
0.1299550734
-0.2854181578
-0.4940858524
0.8171589304
0.5860254464
-1.2827185789
-0.2149996188
-0.1758815208
1.0024500716
-0.2163297487
0.8748214474
-1.3739545051
-0.8079482129
0.5984304323
-0.1724462424
1.0914939504
0.4719009279
0.1074466682
2.4441866220
-1.4888147469
-0.7099973724
-0.2838001353
0.3137387043
1.0015341763
-3.3065367566
-1.1805045544
0.0931007454
-1.6193101695
1.6068161211
-2.5846617745
0.0264997207
0.9011454423
-1.1457146138
1.1128934584
-1.6168570750
-2.2015844727
-1.4811796992
1.2401873314
-2.1849227028
0.4689290521
0.4005779380
-0.8586760614
0.4864878442
0.4215127991
1.1656180566
-0.1618027143
-0.2475697148
-1.0869622232
-0.2971374870
0.0718960807
0.5608106552
1.6149442979
-1.6490396156
0.3228979566
-0.3482114948
0.1910299912
1.2201555742
0.2320066304
0.2746990530
0.1250124090
1.0470050945
-1.5417193097
0.7141916490
-0.1767381929
0.3614120440
0.2313237039
0.9808060300
0.6499867333
0.0819480056
-0.1258749646
-0.5398182286
-0.5063537455
3.4292460925
0.5663872659
-0.9951727994
-0.1220604052
-0.5096895694
1.2207020751
-0.9395120087
-0.2989142135
-1.3044201096
-2.3053399662
-0.1886807336
1.2999122555
-1.6112962780
-0.3151865849
-1.0537555716
-1.3733285866
2.0834604571
-0.7886077185
1.2054674005
-1.2107174449
1.0928522948
1.7990416856
-0.6173166848
0.3712218164
-0.0218723619
-2.1363957748
1.6932432223
-0.2132352205
0.1348095351
1.2130521919
0.4901455292
-0.0210759008
-0.1352293578
-0.5308900674
-0.4632014532
-0.0525156321
-0.1071161646
-0.0597925077
0.3272958271
0.2660902465
-1.6820648321
-0.7532687684
0.0490169949
0.2875216734
0.1673555837
-1.1903205403
-0.2043020983
-0.3762786860
2.0030588528
1.1317915953
2.0498918257
-0.2767561836
-0.3333728638
0.0460108422
-1.8254801551
0.6869890385
0.0436201430
0.1306388739
0.3050658738
2.0497797796
-0.4056509179
-0.2426108557
-0.5112319539
-2.3285219865
0.8010870787
1.4035872960
0.3308137259
1.2533078588
-0.1163718209
-0.5680146173
-0.5959048225
0.8280654459
0.0525323008
0.1060147015
0.0131429439
-2.1043814219
1.3025799680
-1.5943751590
0.7500263493
1.2205307390
0.6686081674
0.5511361994
0.5191436075
-0.2568999068
-1.4691457455
0.0819563547
1.1369682394
-0.7318547583
0.8850762064
-0.2681876345
0.4456115815
0.8223949029
0.3067789776
-0.2798455631
-0.3562589389
-0.8597006092
-0.7475239596
-1.3705936300
-1.0854462717
0.0387310715
-2.1242199344
-0.1520169509
0.1283742585
-1.2753293045
0.1319271830
0.8766204378
-0.6462119780
-0.1904968182
-1.1167198351
0.4544114648
-0.9129986247
0.7926676093
0.8247694375
1.0888869261
0.0116845324
-1.5703370595
-0.0280848857
0.5870329147
-2.0420293125
-1.2249894966
0.3480684873
-1.3042177603
0.5682389954
-0.3911913119
0.2549493918
-0.9952590478
-1.1875265940
-0.0365044183
0.6205586413
-0.4269031323
1.0046068327
0.4610042094
-0.1679194744
0.7159864109
-0.6934757298
-0.7165782706
0.6952077580
-1.8817775017
-1.5086226240
-1.8589151715
-1.2408909657
-0.9630099300
-0.5502900670
1.0561802502
0.0226042173
-1.9581406306
0.9807656378
-1.5916643745
1.2658743569
-0.4508996858
-0.3074960138
0.4040179203
-0.3491543083
-0.2504746484
-0.1238773845
-0.5998089459
0.5216588105
1.2711686031
0.9445552400
-0.5512844673
-0.2528812855
0.9927026410
-0.0299683172
-0.1559309354
-0.3385852794
0.4072539911
-0.1570976776
-0.2964625179
0.8802215822
0.9063797403
-0.4546905323
0.0221002941
-0.5953040622
0.7484650999
0.3359500539
-0.1391691134
-0.1483084162
-0.5036541582
0.8989333505
-0.4434889302
-1.9424428157
0.7131072565
-0.7218628985
0.5641233697
0.2013308540
-1.4927390281
1.3260944146
-1.4517550862
-0.6060709412
-0.3778746505
-1.2104001576
-0.6129548294
0.9813461637
0.3228127284
0.5105096577
1.0650725257
0.0892988001
1.2349836452
-0.0167904858
-0.2272508301
1.6497504299
1.5982332259
0.5688482306
-0.9554954366
1.5290603675
-0.8000997564
-0.6943492829
-1.0288733762
-0.9832074799
0.8850870893
0.4526543122
-0.2390107120
-1.1984307196
-0.5745216830
-0.9072131665
-1.3072826089
0.0557419487
-0.4546649085
-2.3001986861
0.1700114486
1.3623812315
0.7871220025
-1.4385855309
-0.0738111474
0.7110778124
0.1510025353
-0.6488983266
1.0565062464
0.4829721502
0.5877409401
1.1114850379
0.0809104082
-0.1175283824
-0.4759995882
-0.9577773010
0.7818393675
0.8068353268
-0.1196100923
1.6280632433
0.8874888346
0.8756181088
-0.8053753578
0.9153668690
-0.5985860372
1.5066709432
0.0693096259
3.3164821129
-0.3213249555
-0.6959428984
-0.4286463164
0.2544079921
-0.5067239735
-0.1869481081
0.1780405242
0.1813534566
-1.1152267365
1.3378040905
1.2150710495
-0.8313151547
1.1042527770
0.3291744168
0.4311062405
0.2346529532
-0.8787219843
1.0109179748
0.7710119055
-0.0903803753
0.2986564416
0.2901352278
1.2237115523
0.4167119216
-0.4111069634
1.1373024416
-0.1612052583
-1.9058636742
0.7723694288
1.4246548847
-0.8841306725
0.0413323223
-0.7328461018
1.7175421440
-1.9692225757
1.5113790444
1.5285379747
-1.3534947029
-1.6953626511
-1.7166984528
-0.5030033739
0.1876906772
-0.5520928303
-0.6536986489
-0.4836195310
-0.8291198353
0.8896367192
0.1167951889
-1.4292214627
0.1500549385
-1.2807622316
0.5333736875
-1.1080004734
-0.0496701389
-1.6382881891
-1.2914459883
-0.1549012269
-0.4009235630
0.5764465750
0.3196035141
-0.3880685183
0.6403225588
-0.4047757439
-0.0380190627
2.6484443723
-1.5482082461
0.0670258844
0.2860187842
-0.7274311362
1.1423996776
-0.1560000844
0.3110839451
-0.3974850646
1.1051175228
1.6248018821
-0.3317289543
-1.2333037377
-0.6881234208
-1.2727250479
0.5037223311
1.4928297202
0.5944260050
-0.8154187998
-0.6495876847
0.4913138415
-0.5482108976
-0.0280051189
-0.5557078334
-0.0196522026
1.6516696220
-1.2478124767
1.2543901955
-0.5300281943
-0.5341758233
0.9947298244
0.5164182532
-0.0793780218
-1.1525240165
0.5982698252
-0.2291556916
1.5792540022
-0.6188751543
2.6442594148
-0.8321784061
1.0477901272
0.7042194914
0.2464966283
-0.2148029767
1.6236034198
-0.3542025513
0.4719762016
-1.0789572862
-0.0448705839
0.0697705817
0.1514120417
-1.1586548791
1.3717477629
-1.5543673342
0.2540310682
-0.1540287951
1.0735121245
1.4084208214
0.3294231007
0.3209145294
-1.4981501811
0.6698345896
1.6034752613
-2.3691187730
-0.1959890561
-0.9243379356
1.0620313065
-1.9725832819
0.8513516761
-0.2144196231
-1.5823532258
-0.2018560628
1.8108541304
0.8746734603
-0.5018682078
-0.6140770651
-0.0682856915
-0.0188164570
-0.0901370429
-0.5951589085
1.7468199057
0.7514472360
0.4944796831
0.0348484782
-1.1448507231
0.4879009108
1.2080643328
-1.1000312143
1.1441178422
0.4582523606
-0.2820565082
-2.4515793066
-1.4697682014
1.0721260038
0.6390873597
2.2528091022
-0.2763693614
-0.1797783480
0.4115951323
1.7032668111
-0.4382335050
0.9795088461
-1.9303015451
-0.7482615803
0.3933091932
0.6997926696
-0.5546510126
0.1375465227
-0.2933587545
-1.1916824695
-0.1529967241
2.0667128107
0.0055013256
-0.6926632217
2.2034823070
0.0052286055
-0.2398102861
0.6511938225
-0.8321515291
0.4639989547
-0.0291652886
0.2917266156
1.2775223045
-0.7169518718
-0.4234804879
-1.7387557061
-0.2591315816
1.0506201288
-0.2096468118
-0.2282304711
0.6380833409
0.2203311277
0.9586494336
-0.7768777166
-1.6158396075
-0.6959705282
1.2395906456
-0.2536996258
-0.8403615345
1.2734156207
0.3177690440
-0.1534541566
-1.0383128709
0.5835781912
0.4934720445
-2.0177057521
1.3175438458
1.4126754281
0.6065425542
-1.0549160885
0.5959366970
-1.7377533971
0.4257322209
-0.6643898791
0.9273246387
0.4988038561
0.2588998003
1.1672073991
0.2723244899
0.6626322765
0.3772845231
0.2966070050
-0.3870227925
1.1509808213
0.0306870677
0.8936953481
0.4186904737
0.1733138648
1.8338652225
-1.7854789869
-0.4639627667
0.0818802321
2.1919257476
-0.0149166696
0.3578240596
-0.2165167537
-0.5209772425
-0.7553507091
-0.1104692635
