10 3 0.05
6 0 1 1 1 2 1 2 2 3 0 3 1
13 0 2 1 2 1 3 2 2 2 3 3 2 3 3 4 0 4 1 4 2 4 3 5 2 5 3
16 0 2 1 2 2 0 2 1 2 2 2 3 2 4 2 5 3 2 3 3 3 4 3 5 3 6 4 3 4 5 4 6
6 1
2 2
0 2
0 0 0 0 1 0 0 0 0 0
0 0 0 0 1 0 0 0 0 0
0 0 1 1 2 1 1 1 0 0
0 0 0 0 2 2 1 1 1 0
0 0 0 0 1 2 0 1 1 0
0 0 0 0 1 1 0 0 0 0
0 0 2 1 1 1 0 0 0 0
0 0 1 0 1 1 0 0 0 0
0 0 1 1 0 0 0 0 0 0
0 1 1 0 0 0 0 0 0 0
0.7811449392
1.9488658320
-0.5434957348
-1.0719415074
0.3031495360
1.3357948244
1.9025725314
-1.4527860156
-0.4899893849
1.0633526843
1.3340648176
1.3783556202
-0.1374545409
1.3634663748
-1.1673823357
-1.8979647928
-1.2516970307
0.5643283075
-0.0588199210
1.2440427381
0.3643655772
0.0086647538
0.6724520340
0.9389830543
0.8288176568
1.7366625436
0.5418502408
0.3872709070
0.0441976030
0.9800733348
-0.0838201601
1.1068987206
2.6707279516
-1.6304473674
-0.0790299661
-0.8444607669
-1.2733488147
-0.7871673130
0.6567071695
-0.3885251789
-1.1271011451
1.0911487423
2.0704292954
-0.9367475166
-0.2317128579
-0.7086443432
-0.1101275689
-0.2001845578
-0.8444317583
-1.4140288745
-1.0001459202
0.0163006370
0.2888607812
0.7586131974
-1.9801564800
0.5998660099
0.7075899208
1.1280647823
-0.0458358987
-0.1955790842
0.3257038730
-0.7403560909
1.0101124543
-1.7639342538
0.1373240607
-0.6552381689
-1.0074322730
1.1242061898
1.2633777039
1.4418103801
2.1470600105
0.7802763635
-0.6895718820
-0.6570749266
1.0274565355
2.8517176318
-1.0016828303
0.8768505369
1.2949654359
0.1544525979
0.5539176047
1.7484643974
-0.0243895127
0.2742426617
-1.1342084500
0.0686814109
-2.9094436783
-2.2112875290
0.3705723309
-0.6431684383
0.4821616011
-1.7365832454
1.7310347531
2.0488436902
-0.1165960649
0.9286768314
-0.6361680224
0.4414769566
1.5027756136
1.2397925475
0.3593783554
0.5452334531
-0.1458352790
-0.4077393181
1.7207451468
1.7846304976
-0.6641222087
-0.2403492332
-1.1742831478
-0.6946894108
0.4280011030
0.7133542678
0.4664402379
-0.0889940404
0.3311900100
1.4420791004
0.0568798924
-1.1809876776
1.0383030863
-1.4098942332
0.9957377086
0.3432452175
-1.2262122110
-0.0022450234
-0.1656560519
1.3748065488
-1.0272592218
-0.8632013248
-0.5242712101
-0.1698940306
0.2487495061
-1.8511685702
1.8981833546
0.6414292931
-0.0785700050
-1.1673870473
0.5706303985
0.4329668082
0.2745013609
-2.2706615717
0.3732657593
-0.7582285092
0.5792326517
-0.9468766543
0.8112538784
-0.0777254483
0.6322911748
-0.3956082635
0.3049838754
-0.3630153692
1.0672140625
0.6254935692
-0.3242532916
0.0045197903
1.5486813617
-0.8955654360
-1.2777141383
-0.0585402476
2.1343754552
-0.3153590447
-0.1608022205
0.5452820046
-0.3238832407
-1.4671803903
0.8884660229
0.2369263611
-0.2884635824
0.1340286300
-0.2870170884
-0.0105706148
1.8293246959
0.3342260312
-0.4974717463
1.0872596821
-1.2843392656
-0.1939393617
-0.3738142776
-0.8298045953
1.0061793902
1.0466021694
-0.1284085537
0.3701511228
-0.6305338015
-0.2204076351
-0.8075975856
0.0924837789
-0.1332926795
-0.1635058213
0.1262490223
1.5884211391
-0.4569411468
0.6200649785
0.2446059547
0.5005195412
1.0760844761
1.5784263990
-0.6390771894
-0.6378611188
0.2019441177
-0.1466448056
