17 14 0.04
7 0 0 0 1 1 0 1 1 1 2 2 0 3 0
8 0 1 0 2 0 3 1 0 1 1 1 2 2 0 3 0
6 0 0 1 0 1 1 2 0 2 1 3 1
9 0 1 1 1 1 2 2 0 2 1 3 0 3 1 4 0 4 1
7 0 0 1 0 1 1 1 2 1 3 2 0 2 1
9 0 2 1 1 1 2 1 3 2 0 2 1 2 2 2 3 3 0
9 0 0 0 1 1 1 2 1 2 2 2 3 3 1 3 2 4 1
6 0 0 0 1 0 2 1 0 2 0 2 1
4 0 0 0 1 1 1 2 1
5 0 0 0 1 0 2 1 1 2 1
5 0 3 1 0 1 1 1 2 1 3
10 0 0 0 4 1 0 1 1 1 2 1 3 1 4 2 0 2 4 3 4
7 0 1 1 0 1 1 2 0 2 1 3 1 4 1
10 0 1 0 2 1 1 2 0 2 1 3 1 3 2 4 2 4 3 5 2
5 12
2 13
13 8
9 5
9 4
12 8
2 13
14 6
14 14
12 8
3 0
0 2
8 3
9 7
0 0 1 0 0 0 1 0 0 0 0 0 0 0 0 0 0
0 0 1 1 1 1 1 0 0 0 0 0 0 0 0 0 0
0 0 1 0 0 0 1 0 0 0 0 0 0 1 2 1 1
0 0 0 1 0 0 1 0 0 0 0 0 0 1 2 1 0
1 1 1 1 0 0 0 0 0 0 0 0 0 1 1 1 1
0 0 0 0 0 0 0 0 0 0 0 0 1 2 1 1 0
0 0 0 0 0 0 0 0 0 0 0 0 1 1 2 0 0
0 0 0 0 0 0 0 0 0 0 0 0 1 0 0 0 0
0 0 0 0 1 0 0 0 0 0 0 0 1 0 0 0 0
0 0 0 1 2 0 1 0 1 1 0 0 0 0 0 0 0
0 0 0 1 2 1 2 2 1 0 0 0 0 0 0 0 0
0 0 0 0 2 2 1 1 1 0 0 0 0 0 0 0 0
0 0 0 0 1 1 1 0 2 2 2 0 0 0 0 0 0
0 0 0 0 0 1 1 0 1 3 2 1 0 0 0 0 0
0 0 0 0 0 0 1 1 3 4 1 1 0 0 1 1 0
0 0 0 0 0 0 1 0 2 1 0 0 0 0 0 1 0
0 0 0 0 0 0 1 1 0 1 0 0 0 0 0 1 0
-0.5150512011
-1.0654679934
2.3317873935
-0.4338745878
0.7140789376
-0.6471969881
-0.2528875045
0.4948167420
0.2583050380
-2.2849472433
-1.3620905775
-0.4055918188
-0.3328195052
2.0372144968
0.1632752166
0.2892713301
-0.4890505301
0.8398179642
-1.0716513715
1.3854883221
0.3609185062
0.5560682649
0.3563450603
-1.6951053547
1.3856890719
-2.0644522939
-0.0889099937
-0.8630533940
0.0251350592
1.8928454304
0.0777040036
0.1832341981
-0.8496491590
-0.9232520823
1.0969060288
0.3319319361
0.7114021716
0.3389300476
-0.7107546852
0.6428636132
2.4442436005
1.2495009992
0.8766185796
0.3112830550
1.6053284189
0.3369498864
0.9708175277
1.2162156706
0.5024088030
1.4108634321
0.7296482184
-1.2834714217
-1.7054381593
-0.9053266481
-0.4307989453
0.8354362665
-0.0951996386
1.0927308073
-1.6888837736
-0.2207944750
-0.0711437135
-0.1866033798
2.3306162491
0.4520736410
-0.2903680086
0.9724328235
-0.1525892308
-1.2782517202
-0.1060937249
-0.7151495526
-0.8327941577
0.4072400409
0.4969021046
-0.9668680177
2.2660272939
0.9182289999
1.1902961133
2.1948843007
-0.7766202891
1.3558256575
-0.5569459099
0.1691501788
-0.6827025204
-0.5305076081
-1.4323218848
-0.5606276576
0.5203123159
0.3714493179
-0.3091654674
0.0882022851
0.8757469291
-1.8292286742
-1.9245829554
0.4774277265
-0.9505239031
2.0087383729
0.1161152335
-1.0084160216
0.1225236866
0.2034308596
1.7171629763
0.2334674890
1.9089895116
1.4416774406
-0.6485835602
-0.0294429310
-2.0890679110
1.3293588016
1.6741667177
-0.5153445226
0.3384083320
0.4265890824
-0.9500656198
0.1525236092
-1.0569158327
0.4029818512
0.8899475508
-0.3623289135
0.7410771756
-1.8359572803
0.7741376881
1.0445426799
-0.5738899901
2.1805750057
1.7336066161
-1.3185973447
-0.3076917382
1.6356015197
0.9671505072
0.9999058197
1.0749302012
-1.4685822272
1.4267221910
0.2490732528
-0.1085700355
0.4741036655
0.1549012768
0.9546777274
-1.6743717950
-1.6158995271
0.1154508038
0.9464155642
-2.0185733430
0.1819662111
-0.0576009184
-1.0892596992
-1.7779835871
0.4638540379
0.2112618896
0.3800970522
-0.7958685702
-2.1228706219
-0.2983611628
1.2643865141
-0.2979702562
-0.0266054034
1.4346099006
-0.5165080161
-0.0117609614
0.0127309837
0.9079461997
0.0135190537
-1.9284218436
-1.8049443281
-0.1443014632
-0.5297682080
-0.0103498226
-1.2621044519
-0.8968966860
0.3570393458
-1.3391041887
-0.6617762781
0.8321145911
-0.1592454454
0.1860606917
-0.8063629168
-0.6834288021
-0.6108078358
0.9367625916
-0.8443237732
1.5841098465
1.0298782923
-1.8272558918
-2.2568861053
-0.5479307760
-1.0670687013
1.2585145407
1.1194620564
0.2303139622
0.6126443347
-1.0881924475
-0.9178657904
0.1862252023
0.6247330163
0.6693375475
-0.7441497151
-1.3531195153
0.1268251627
-0.8699814433
0.4850505989
0.0709204594
-0.9600637624
-0.4473933648
-0.6333172583
0.3129415077
-1.4346020076
1.6927686833
-0.7202527285
-1.5498252999
0.6967421411
1.0172200097
1.7299414436
0.3529448524
1.3965742263
0.4277264077
0.1859599567
-0.8658854022
1.6938083299
-1.8854802472
-0.6157647924
0.0116166785
0.8830521406
-1.0904761463
0.3380280040
-0.8306543920
-0.2498606388
1.4987419812
-1.1382781301
-0.7900990443
-0.5974254203
0.7972583600
0.4704263516
1.6823546022
0.8880974356
-1.3562943374
-2.0101597946
0.8223234969
0.7341922064
2.2783331743
-1.5605350771
1.4087964569
-0.6525616556
0.3198849638
0.7755112858
-0.1126468256
-0.2412568512
-0.5578702951
-0.9446723201
0.6807611898
1.6735917860
-0.0612631106
0.4995217956
-1.4777321538
-0.5645333173
-0.3229434777
0.5680530020
-0.1141158622
-1.0198582327
1.6958389991
0.4499550589
0.0376861063
0.0450037022
-0.1224953460
-2.2844538384
1.5923667894
0.0275495513
0.8581602375
1.3933980487
0.1161779684
-1.0711079388
2.0342100255
-1.0674666554
0.8831552675
-0.3912982440
0.6848405732
-0.3068402270
0.1527836900
-1.1641933318
1.9157295124
0.6209524819
1.2865687497
0.7646058481
0.2456066257
0.1115695029
-0.6601177559
0.2977479782
-2.6454339450
-1.9718205028
0.6322167506
0.7036275194
-1.5452022545
0.9440806507
0.4127674571
-0.1057417414
-2.3189854930
0.6260662308
1.5062562736
-1.4435071913
1.2828756872
1.5936938556
-0.2376523623
-0.2770381062
0.1874034738
-0.3466263618
0.8087495554
-0.1611710067
1.4793930720
-0.1261710588
-0.4831067051
-1.3227864583
-1.3983579445
0.2212089764
0.0990224480
-0.1986287691
0.1365450669
-0.7132619317
0.3869045131
-1.2175477924
-0.2104375224
0.7704561506
-0.8095997899
0.7957474489
-1.2161680876
-0.8444813266
0.1003196381
-0.2833849911
0.9835103737
0.9671934233
0.3271877751
0.7230562879
-0.0213354341
-0.5977538219
-0.4388686672
0.9660761400
-1.2524538957
-0.2209994782
-0.1184339821
0.4192984102
-1.2668152151
-0.7913620504
-0.0743106447
-0.4576341413
0.6347109237
0.7242569831
1.3417080072
1.6759036779
1.6124701390
-0.1601756506
0.3988250370
-0.3722222794
0.6212464196
-1.4991973154
-0.7143874531
0.7938918845
1.9263381863
-0.4367947734
-0.2927406478
-0.7356762496
-1.1847544603
0.0752607625
-1.1244838147
-0.8902901505
-1.3650443933
-0.6401539979
-0.3695247338
0.4477953423
-0.2878873140
-0.1333434709
0.5779081573
-0.9869446955
-0.6002808314
-0.2919871032
0.1406560531
0.4695515712
-1.3575414292
-0.3183185566
-0.2732734180
-0.5937756948
0.7069640065
-1.8745531961
0.6592740108
-0.8043647231
1.0960596918
-0.1577469239
-1.2035020323
-0.1257627610
-1.4448684993
-0.4500626709
-0.8175614543
0.7805973515
-2.2491366683
0.9868338112
0.3653703247
0.8082775832
-0.2990827889
-0.4726899944
1.2538831147
-0.5027225094
-0.6139884604
1.4654719859
-2.8302122950
0.6241635125
-0.6278982046
-2.2361056853
-0.3484846710
0.6610927117
-0.1108692143
-2.2982266648
0.2051344629
0.2185434162
0.0725220079
0.5228445278
-0.4650053673
-0.4134291566
0.1516159670
0.0636756242
0.4052005461
0.4358767745
-0.2445992190
1.8324024588
0.9277875269
0.7166780719
0.6596706674
0.6125295597
-0.1297617961
-0.4573683978
0.4991263143
-0.5766787937
0.6955908099
-0.4814958355
1.8353063106
1.1283424254
-1.0080918992
1.3011754331
0.0141997653
0.7148748479
0.3029014967
-0.1213614420
0.8002927064
-1.3147595857
-0.4414893794
-0.6060874235
0.4016241435
-0.9263714755
-1.4914237712
0.1495370595
0.1658982323
0.9071597601
0.1763588158
-0.7053285766
0.0279205610
0.3498339890
-0.5817790980
-0.2121189144
0.8708183748
0.8169265459
-0.3512734209
1.3348975776
0.3555912622
1.1876916842
-1.0178060301
0.9749545596
0.3837155608
0.9950757572
-0.8637147750
1.1767913352
-0.6138981767
0.2032201558
-0.7594247249
1.3740119366
0.2947587539
0.2400183554
-1.8234043375
-2.8218103822
-1.3200375455
-0.0451950491
-0.0949833507
-1.5198040942
0.6182432967
0.5013389268
-0.5767705003
0.7711810243
0.2267636172
0.8985907638
-0.5639538855
0.7760050443
0.2526148557
-0.1615769084
-0.1027045330
-0.2729291453
-0.2947182342
0.8667667381
0.9377837320
-0.0280045115
1.4559376838
0.7632042064
-2.3921454002
0.3830070133
0.8414946944
-0.6374281164
1.3719391146
1.0263994829
0.3322352137
-0.0884324112
-1.5712491803
-1.0201338264
0.7913005523
0.3346585422
1.5645277107
0.8629206178
-1.5909892965
1.2173484112
-1.0076020027
0.1257862443
1.7747507288
-1.1835988758
-0.1704643140
-0.8092011667
-2.0251231365
-0.2509150447
-0.3546092870
-0.6114316457
0.0123341845
1.4816062176
-0.2789328316
1.6555203460
-0.5495503631
0.1879821277
-2.7703018857
-1.9224430836
-0.7183252400
-0.1343048324
0.1572951522
0.3545051358
0.4731677980
0.2907598351
2.4239216449
1.7896650620
0.0210844447
0.3330484652
-0.3688283386
-0.3686387296
0.9037265685
0.9375620529
0.3392149966
0.2648881098
1.1922676579
-0.5634185407
1.1821608535
-1.5813255562
-0.9424914313
0.4157129237
-0.4291923661
-0.7684989727
-1.0959402836
-0.7646569334
0.5806806322
-0.4469204857
0.4392382835
0.1850390117
2.3779744974
1.6488649240
-0.2147640044
-1.1282292287
0.0712883452
1.5235887957
-0.7791759026
-0.6683049015
2.0668595237
1.2234824133
-0.7142835163
0.0718905292
-1.0760591619
-0.7085875702
-0.5849123997
-0.6886443919
1.6557029321
-0.7968345621
