14 5 0.14
13 0 1 1 1 1 2 1 3 1 4 2 2 2 4 3 0 3 1 3 2 3 3 4 2 5 2
8 0 1 0 2 1 0 1 1 2 1 2 2 3 1 3 2
12 0 0 0 1 0 2 0 3 1 1 1 2 1 3 2 1 2 3 2 4 2 5 2 6
13 0 0 0 1 1 1 1 3 2 1 2 2 2 3 2 4 3 2 3 3 4 3 4 4 5 3
13 0 1 0 2 0 4 1 0 1 1 1 2 1 3 1 4 1 5 2 0 2 1 2 3 2 4
8 0
5 3
10 0
8 1
1 3
0 0 0 0 0 0 0 0 0 0 0 0 0 0
0 0 0 0 1 1 0 1 0 0 0 0 0 0
0 0 0 1 1 1 1 1 1 0 0 0 0 0
0 0 0 1 1 0 1 1 0 0 0 0 0 0
0 0 0 0 0 0 0 0 0 0 0 0 0 0
0 0 0 0 1 1 0 0 0 0 0 0 0 0
0 0 0 1 1 0 0 0 0 0 0 0 0 0
0 0 0 0 1 1 0 0 0 0 0 0 0 0
0 2 1 0 1 1 0 0 0 0 0 0 0 0
0 1 2 1 2 0 0 0 0 0 0 0 0 0
1 1 3 2 2 1 0 0 0 0 0 0 0 0
1 2 2 3 1 0 0 0 0 0 0 0 0 0
0 1 1 1 2 2 1 0 0 0 0 0 0 0
0 0 1 0 1 0 0 0 0 0 0 0 0 0
1.3071198875
-0.7837566575
-0.6041450550
-0.5677068943
-0.1332256828
-1.3454616270
-1.0083346106
1.1828519014
2.6549903887
1.2926436713
0.1150887847
-0.9394259493
0.0731410189
0.0989298820
-0.2722752242
-1.9654265874
2.3170518304
0.3784098756
1.1339557008
-0.7343440296
-0.3723823238
-1.8074476878
-2.3976382998
-0.4006725259
-1.3094131365
-1.1128872862
-0.8141436521
0.9059783314
-1.2376649484
1.1141957070
-0.0251910786
1.8676998047
-0.4053166465
2.1722757980
1.0274454521
-2.5827365864
2.1866220834
-0.7687666506
-2.5704137050
1.8449012473
-1.0037914746
0.6142624383
-0.1875636005
0.2009692256
1.5831573199
-0.1061855753
0.3923026503
-1.1001519925
-0.2121372008
-1.2834002437
1.0910079199
-1.2069710730
-0.1631856445
1.6795985188
-2.3610106523
1.4239305282
-0.4807642839
-1.3706540939
-0.4885321001
0.6412136166
1.3885512550
-0.5866072572
-0.6060616333
-0.1658014195
0.0581126904
0.6117030836
1.9377902360
-0.8016128371
-0.6023601735
-0.0692283365
-1.5989295922
0.7485265167
-1.0082726308
-0.5027036779
-0.4121788028
-0.0397330227
0.9329859030
-1.3770195845
0.8584226425
0.6602564731
1.0871720789
0.2044449086
-0.2283831659
1.5964129796
-1.3454830562
-0.0723788665
-0.5001015878
-0.1113178045
-1.4466185218
0.8976666520
0.3173382261
-0.1740736867
-0.0016456298
-0.9399725841
-0.6053895300
2.7423251001
-1.2075365838
-1.5198867517
0.7445511540
0.5583565107
0.1330467821
0.1796336958
-0.9355801236
1.0153604244
-1.4885887666
0.1968258310
1.0788194545
1.0596096216
-0.2419479501
2.2063102071
0.8193743724
-0.7011073374
1.7462866977
-0.6516470469
0.3574701388
1.5857354154
0.6605427621
-0.0128062608
-1.9035812475
0.6666843001
-0.5076659650
0.2858566433
0.1502776021
-2.0274795955
0.1369982047
-0.6848861999
0.0048525275
-0.7163170072
-2.4490569412
-0.4629265807
1.1600481813
0.1009258551
-0.4705135440
0.3374736143
0.7193914415
-0.6427053894
-0.5441705310
1.1087248078
0.3563779792
-0.1776612561
0.9728608464
0.1127129912
-0.4477267129
-1.1423300509
0.3801936778
1.5983590869
0.1856351015
-0.3651789721
-0.3826151435
-0.1320292709
0.6918646335
-0.1517583454
-1.0501692280
-0.7667088980
0.4971232612
-0.2463294846
-0.9554963358
-2.3821962224
1.3121600855
0.1098140625
-0.9955767378
0.8201949008
2.8038576669
-0.4592945906
1.0209084529
0.4951041118
0.2744180844
-1.2665111784
-0.9937058004
0.1081114526
-0.6181349350
0.8516059165
1.1576592361
-0.6387211285
0.3375872204
0.6451457216
-0.9983778283
0.9754228431
1.6357197206
0.1086429495
-0.0764068775
-1.0267822920
-0.1090478987
1.4988223550
-0.3883597069
-1.8934326896
-1.3574870953
0.7778989727
-1.3831999044
-1.7859330263
0.7273355404
0.1008862664
1.4129497464
-0.1209516044
1.1871784034
1.1582260216
0.4829024490
-1.4096889673
0.2403604558
-0.5458185739
-0.7696796095
1.0028097591
-1.3181319264
0.4114858700
0.8173121619
1.2995913334
-0.2401934558
1.4719601867
1.1758195638
-0.5103419724
-1.4976599663
1.4223774668
-0.2019904782
0.9671387691
0.3541484148
1.3855043644
-0.5064396189
-0.1891255905
-0.0785502426
-0.7490691272
2.0407348226
0.1619868931
-0.7446323582
-0.4362943030
0.3684464884
0.0133931247
1.1354463849
-1.5731287712
-0.8835775441
-0.6860514058
-0.0728588947
-0.5761858404
-1.3060776154
1.7395442853
-0.3047200695
-1.6244260022
1.2140082012
-0.9145873735
-1.2694391873
0.3745472605
-1.0136916293
0.5269099716
-0.2421847325
-0.0468639752
-0.3444708228
0.4523077438
-0.1958593662
0.6997084631
-1.1752033531
-0.3345915612
0.0725328753
0.5660564589
-0.3464381831
-0.0648019530
-2.4304136138
0.8839085530
0.0425517240
-2.6750701630
-0.2686340286
0.2624537896
-0.6183818713
1.2181518988
-0.1389289283
-0.4940241151
-1.0213210979
0.4642282430
-1.1512844370
-0.4381597587
0.7840265185
0.9576853863
-0.1042271944
0.3015093187
-1.9753593302
-1.2457151112
-0.3936732069
-0.4544748447
0.0146610032
-0.8455410308
1.4368361614
-1.2397070737
0.0583384298
1.4839337753
0.7422207570
0.1563360741
0.5217002248
-0.3137666982
-0.9258282852
-0.2914635402
0.2460257014
1.8508527408
1.5872431189
0.1580996251
1.0659072399
-0.9028541144
0.5893710828
0.3696599396
1.8113851039
0.0200155606
1.0708574130
-0.3701123509
-0.2990635357
2.2023117091
0.5044080909
-0.0373108508
-0.4563500753
-1.1028338916
-0.8820636024
-0.0896450412
-2.1430227816
-1.6510434728
-0.5168674604
-1.4628471376
0.0498083136
-1.1267796121
0.2937617358
-0.8436238372
-0.8322656582
1.5499344037
0.7600946376
-0.1593855391
-1.1900033284
3.0877887608
-0.0829247020
0.6600979244
-2.5533895287
0.0721267251
-2.4240613478
-0.4784488198
-0.2316247371
1.1881392890
-0.6493949877
2.0379441158
-0.9872148157
0.6087344899
0.7937045786
-0.3773253071
1.3022409510
0.4681065066
0.3484625321
-1.3841602484
-1.1591008006
0.9368356476
0.3459159607
1.2667552762
-0.6651329704
0.6395302944
-1.5844988643
0.0583514899
-0.8742385433
1.7893688197
-0.2978620990
-2.0849966626
-2.0679731466
1.1047050423
1.9505704048
1.2776251068
0.8982349920
1.3579890337
-0.8429400101
-0.7058326707
0.5907913327
2.5602083758
0.2301987377
-1.5148099920
0.3688140047
-1.3561538849
0.1735133586
-0.7885355218
-0.4383574317
-0.5196011896
-0.6364947812
-0.7420857647
0.2589061397
-2.0863079887
0.5750848890
-1.0432509690
2.7694097616
1.0654690461
-1.4755445276
0.5612534288
0.3406194607
-1.5646896238
-0.1336045285
-0.2440541553
0.0529904013
-0.0290810346
0.2768833113
0.3761047746
0.3359104674
-1.0030928806
0.6030979738
-2.3644744656
