10 5 0.19
7 0 2 1 0 1 1 1 2 1 3 2 2 2 3
10 0 2 1 2 1 3 1 4 2 1 2 2 2 3 3 0 3 1 3 2
10 0 0 0 1 0 2 0 3 0 4 1 1 1 2 1 3 2 3 3 3
12 0 0 1 0 2 0 3 0 4 0 4 1 5 0 5 1 5 2 6 0 6 2 7 0
12 0 0 0 1 1 0 1 1 2 1 2 2 3 0 3 1 3 2 3 3 4 1 4 2
2 1
5 5
2 4
1 7
2 0
0 0 0 0 0 0 0 0 0 0
0 0 0 0 0 0 0 1 0 0
1 1 0 1 1 1 1 2 1 0
1 2 1 1 1 1 1 2 0 0
0 1 1 1 1 0 0 2 0 0
1 1 1 1 0 0 0 3 1 0
0 1 1 0 0 0 0 2 2 2
0 0 0 0 0 0 1 2 1 1
0 0 0 0 0 1 1 2 0 0
0 0 0 0 0 0 0 0 0 0
-0.5607159067
0.9473745324
-0.4698711471
0.8493238012
1.8768092063
0.1646827653
0.4830218124
-0.0781563786
-0.4269180777
0.5758824949
-0.1958706407
-0.4971456637
-2.0176859013
-0.3680074448
0.2407524456
1.4935850412
0.8580505973
-0.9268362299
0.4686382890
-0.7310016154
-2.6250872851
0.5981637339
0.6177148314
-0.1475011460
0.4336654611
-0.0773117767
0.2749557577
0.7060707405
0.2856342336
-0.5202550718
-0.3963683190
0.4695038128
0.1395147389
1.1970948481
-0.2329885640
0.5037751792
-0.1840247532
-1.6508442924
-1.3125316253
-1.2854908154
-0.3187370620
-1.3877167155
1.0816726564
0.2784777517
0.1700944979
-0.7494956657
0.6178947684
1.9578065912
-0.8747117115
-1.6257513501
0.9857511443
2.6201252200
-1.2359389137
1.2571491491
-0.2874448343
0.9687083520
0.0138787888
0.6582780952
0.1907079388
-2.3017310895
1.2039428809
0.5664598425
0.7177386327
-0.5595828263
-0.4466490424
0.2497288964
-1.6260798250
0.5346352594
-0.5536878451
0.2791937012
-0.7368758389
1.9761295720
0.2246501155
0.5078789702
-0.2014039098
-1.6078330067
-1.3148209368
1.1196248606
-0.8121399977
0.3811443549
-1.8971436944
-0.6467955837
1.4170712883
0.4047381908
-0.4855615805
0.4325949950
-0.7482560322
0.8218947624
0.6410006608
-0.2565142000
-1.4286392930
0.6938966262
-0.7712201513
-1.5946332791
1.3097920072
0.4085525048
-0.9679312417
1.3247712437
0.6102927191
0.5067103373
-0.8911777968
-0.5329529244
0.6735313422
-1.7516163160
-0.8219999155
-0.3446165254
0.1913142977
0.1630288429
-1.8465476974
-0.7176266331
0.6354721095
-0.6850791590
0.6628520127
1.0987774408
-0.3396870539
-0.3515100201
-0.0396360552
1.4739468680
0.7395193650
-0.0656234459
0.9155831201
-2.2541046064
-0.2691025382
-0.4379855922
-0.5022169914
-0.3816482430
-0.3888836330
-1.0864140596
1.8889041837
0.1828044083
-0.0157908052
-0.9669062594
-0.1442050501
-0.9281467984
0.0940634162
-1.1569427217
1.3073951398
1.3074828422
-0.3908394792
0.2298201079
1.3265148372
0.3405224512
0.7275340816
-0.0264696045
0.8270138227
1.3176171387
-1.0619098328
0.4339885794
-0.3225336079
-1.9520887005
-0.0584545025
0.5473440776
0.7113174724
1.5002163056
-1.3516816536
-1.3637517711
2.7931429251
0.6080337631
0.3720417292
-0.0087262617
0.3132996626
0.1061884574
0.0149204872
1.0304946304
-1.0915976074
-1.5247868385
-0.3439767356
0.2624728476
1.3385851900
-0.4060541131
0.2828478683
0.7922883593
0.2564776722
0.5590035432
0.3493539910
-0.0095340100
-0.7375340948
-0.8137422630
0.5860371554
0.1211370789
0.4190629788
0.4986671038
1.1166250956
0.0320954445
0.2797617411
0.3782370303
0.3594275028
1.1640053113
0.5465711512
1.3539072083
0.5074523664
1.6462786728
-3.1775280922
2.7819739262
-0.9461856269
-0.8140655331
-1.2651104416
-1.0703541778
-0.3072579111
0.2953726653
