13 3 0.08
17 0 1 0 2 0 4 0 5 1 0 1 1 1 2 1 3 1 4 2 1 2 2 2 3 2 4 3 1 3 3 3 4 3 5
7 0 0 0 1 0 2 1 2 2 2 3 2 4 2
16 0 2 0 4 1 0 1 1 1 2 1 4 2 2 2 3 2 4 3 2 3 3 3 4 4 3 5 3 6 3 6 4
1 0
8 3
3 7
0 0 0 0 0 0 0 0 0 0 0 0 0
0 1 1 0 1 1 0 0 0 0 0 0 0
1 1 1 1 1 0 0 0 0 0 0 0 0
0 1 1 1 1 0 0 0 0 1 0 1 0
0 1 0 1 1 1 0 1 1 1 0 1 0
0 0 0 0 0 0 0 0 0 1 1 1 0
0 0 0 0 0 0 0 0 0 1 1 1 0
0 0 0 0 0 0 0 0 0 0 1 0 0
0 0 0 1 1 1 0 0 0 0 1 0 0
0 0 0 0 0 1 0 0 0 0 1 1 0
0 0 0 0 0 1 0 0 0 0 0 0 0
0 0 0 0 0 1 0 0 0 0 0 0 0
0 0 0 0 0 1 0 0 0 0 0 0 0
-0.1455485410
1.7772510395
1.1296898419
0.6393178750
-1.1432162784
0.6621508337
-0.3637714279
1.0621583845
1.2554394039
0.9765740696
-0.4178551564
-0.5093978593
-1.5175461488
-0.3428359138
-0.1288449736
1.2702140307
-0.4331286141
2.0950446384
0.4681341242
-1.0523903537
-0.0709421526
-0.8656067306
-1.0390783959
1.1283395396
1.1115473745
-1.1721748542
-1.7642051007
1.0902242191
-1.9073903916
-1.3536923811
0.9985074903
-0.3387969706
0.3254125208
0.0585661389
0.4242418466
-0.2846376358
-1.3324531731
1.1094039951
-0.1825001275
-1.4720899084
-0.0957215198
-0.8410053531
-0.7674006973
1.9770922375
0.2607915979
-0.2740992246
1.0470264802
-0.8615213441
1.3052055513
-1.9555806525
-1.7194116941
0.5251220754
-0.0486944469
-1.4301353283
1.3650629352
1.0011372574
0.6776167482
-0.3738601501
0.1852346832
-0.9817402016
0.1397015535
-1.2369581712
-1.5137585327
0.2364873893
-0.1710584328
-1.3976552296
-0.1836714202
1.8951573765
-0.5082205609
-1.3002169890
1.6736952250
-0.3375773903
0.4799546378
2.2748548087
-1.3803470605
0.5921463339
0.4665115961
-0.7106197637
-1.1468760404
0.6622366626
-2.2852224055
-1.9047913378
0.7867003946
0.3784132326
-0.0518236665
0.5379767705
0.7725543571
0.3538423703
-0.8021469071
-1.2097620269
0.6278313424
0.6693261328
1.2824917804
-0.4084333864
-1.2418819263
-0.9678665212
1.7474746655
0.7487653105
1.1257388864
0.2219994744
-1.8942160743
0.7634439757
-1.3497769151
0.1649376280
1.3443294085
-1.6044972096
-0.7603393710
0.3264559460
-0.8439525346
-0.5781115445
0.5438648079
0.6570347577
0.7189583234
-0.5521962295
0.2390539832
-1.0163098800
-1.7255428561
-1.7149912974
0.9738400979
0.2107974916
0.5174558484
2.1180979201
-0.1389398306
-0.2473578275
0.8375973715
-0.6250702181
-1.0695288144
1.2577194882
-0.2042962272
0.8243425419
-0.2900510969
0.3498641525
1.5263895611
-0.4240917401
-1.0601008198
0.3004596065
0.2848588107
-1.6517547770
-0.6609317835
0.0487315394
-0.7183282509
1.5231561654
0.3658316563
0.0253227159
0.1556934340
-1.1632288187
-1.6755999467
-0.2693412805
0.2390890043
-0.0142420280
-0.0532037100
0.9480219829
-0.5881430613
1.2739290547
0.7655833133
0.5873909887
1.2116750073
-1.2235510371
0.5451315692
1.4978445869
0.3607339862
-0.9705305839
-0.2330477181
0.7075141904
-0.7181330815
-1.0598506746
0.9517224258
-0.0127876280
-0.1747743345
1.5487539385
-0.4997538267
-1.0240284759
0.4651174869
0.6084079687
-0.1003016302
-0.2831345243
0.0664321689
0.8298598398
1.9471686347
0.8471400563
0.2644050366
-0.9827016194
-0.1645346958
0.1124032256
-0.6085842865
-0.1968371067
1.6573584704
0.0201934397
-2.1022140594
0.4472968638
0.2936002924
-0.2301183808
-1.5408618783
0.0830780340
-1.7241391486
0.2965916141
-0.2032342490
0.4583619696
0.4826798344
-1.2024529373
-0.0721160902
-1.5433588782
1.1050805286
-0.1934742871
0.7727312349
-0.8408017003
0.5714108844
0.4315962786
0.6647671127
-0.7810484323
-0.3827967196
-0.2966588381
0.4621975083
1.2393729090
0.6316781166
0.7047289070
1.2187269916
-0.5510349457
-1.0298289064
1.2997792087
-0.8678074780
0.9006375664
0.4969657531
-0.3610332077
1.1061231507
1.5640923122
-0.8357319795
-0.5927040068
-0.5433519881
2.0159885246
-1.5225865206
-0.0981871012
-0.3413000492
0.6994001351
1.2334426116
-0.3854211084
0.2529498026
0.3647792279
1.9597881474
-0.5765262539
-1.3415101930
-1.7321506266
-0.4383078083
0.9854024698
-0.7715500414
1.8699634176
1.3690083450
-0.3474375425
-1.4087714948
1.5619853599
-1.4736713609
0.2799945881
-1.1993932049
0.5094874576
0.3826344715
-1.0449443465
1.6170107801
0.5992498819
1.0490297506
-1.9230949697
0.1103382545
-0.6567110510
0.3181544421
-0.5224114963
1.2125938133
-1.0903592296
1.0552505881
0.1812287769
-0.4700831354
-0.1149161613
0.0875005390
1.2580313584
-0.9502671102
1.6713404282
-1.0558679990
-0.0324515559
0.1363926571
-0.9708018684
-0.4668920549
-0.1276553245
0.6606097948
-0.0544159093
-0.0245218028
-0.6867144337
-1.5072010822
0.2303172712
0.7426478813
-0.7727285164
-0.7206982536
-1.9175252207
0.2968124656
-1.5037206914
-0.2477321343
-0.0729418816
1.9478680096
-0.6439490361
0.8298119597
0.3162379277
1.1989166934
2.7426090445
-0.4088912861
1.0477935874
1.3664581876
-0.9044151237
0.1810188028
-0.1898327031
0.3754539139
1.3659073787
1.0715720741
0.0154583559
0.0601364190
0.2942004674
-0.0671182502
-0.1489499424
0.6050475375
0.0646179940
-0.0833398224
-0.7938894084
1.6657317871
-0.6718643255
-1.5983211667
-0.7997890676
-1.1126539563
0.4814973008
-0.5366115287
-0.4524046378
1.3139053502
0.3814758372
-0.9451372967
0.4339223645
-1.9405766446
1.2230739906
-0.3011638458
-0.3570476664
1.4133268749
-0.2803184418
-0.8622496221
-0.5825341275
