14 5 0.02
29 0 3 0 4 1 3 2 3 3 3 4 2 4 3 4 4 5 0 5 1 5 2 5 3 5 4 6 2 6 3 6 4 6 5 7 1 7 2 7 3 7 4 7 5 7 6 7 7 8 2 8 3 8 5 9 2 10 2
31 0 3 1 0 1 1 1 2 1 3 1 6 2 0 2 1 2 2 2 3 2 4 2 5 2 6 3 1 3 3 3 4 3 5 3 6 3 7 4 3 4 4 4 5 4 7 4 8 5 3 5 4 5 8 6 3 7 3 7 4 7 5
29 0 0 0 3 0 4 0 5 1 0 1 1 1 2 1 3 2 0 2 1 2 2 2 3 2 4 3 0 3 1 3 2 3 3 3 4 4 1 4 2 4 3 5 0 5 1 5 2 5 3 5 4 6 1 6 3 6 4
28 0 3 0 4 0 5 0 6 0 7 1 1 1 2 1 3 1 4 1 5 1 7 2 1 2 2 2 3 2 4 2 5 2 6 2 7 3 0 3 1 3 2 3 3 3 5 3 6 3 7 4 0 4 5 4 6
29 0 2 0 3 0 4 1 2 1 3 1 4 2 1 2 2 2 3 2 4 3 2 3 3 3 4 4 0 4 1 4 2 4 3 4 4 4 5 5 2 5 4 6 1 6 2 6 4 6 5 7 2 7 5 8 1 8 2
0 3
0 0
2 4
4 4
2 3
0 0 0 1 0 0 1 1 0 0 0 0 0 0
1 1 1 1 0 0 2 0 0 0 0 0 0 0
1 1 1 1 2 2 3 2 1 1 0 0 0 0
0 1 0 1 2 3 4 3 0 0 0 0 0 0
0 0 0 1 3 4 3 5 3 1 1 1 0 0
0 0 0 2 3 4 4 4 3 1 0 1 0 0
0 0 0 2 1 4 4 4 3 1 1 1 0 0
0 0 0 1 4 5 3 4 2 2 2 1 0 0
0 0 0 0 2 3 1 2 3 1 1 0 0 0
0 0 0 0 0 2 0 0 1 0 0 0 0 0
0 0 0 0 1 2 0 0 0 0 0 0 0 0
0 0 0 0 0 0 0 0 0 0 0 0 0 0
0 0 0 0 0 0 0 0 0 0 0 0 0 0
0 0 0 0 0 0 0 0 0 0 0 0 0 0
0.0003100329
-3.1195674483
0.7085264720
1.0204299200
-1.0603284332
-0.1064198677
-0.4814705187
0.5564778433
-0.6039517913
-0.1674262711
-0.9155018694
0.4790568673
0.3034704382
-0.9016797037
0.8803059794
-1.9235098338
-0.2219882799
-1.9235203275
0.0987224360
0.7911881063
-0.7627694414
0.2784940329
0.8846317471
0.1784888522
0.0822254735
-0.3734167884
-0.0314900905
0.3934128847
1.3141887128
-0.6653746816
0.0980878111
-0.1392229282
-2.6155799877
-1.6495618979
1.6878456739
1.0571017151
2.8757228072
-0.1578176313
-0.0784478590
-0.8194479684
-0.8520810396
-0.2239515835
-0.0727036188
-1.3199462012
-0.1965461729
-0.4517983697
0.4539333405
-1.4598804846
-0.3176184915
0.4925325810
0.4072532321
-1.7284771952
0.1229451388
1.1462921423
-1.5747945090
1.1678781306
-0.0480015601
0.4134222623
-0.5709946685
-0.6815815016
1.0599771046
-0.7053972680
-1.0698854941
0.3863642398
-0.6198819600
-1.3891301491
-1.4668314133
-0.0025528372
-1.0582400311
-0.5121097988
-0.3435357013
-0.6528678723
-0.7491206026
-0.8377895924
0.1121177707
-1.4538019894
0.9513611781
-2.1798376321
-0.2961987644
-0.1592486753
-1.1063252360
-0.2129784228
-1.1770458578
-0.8348318245
0.0791133119
1.4400538615
-0.6049325141
0.6129887188
-0.2638763585
-0.0893626665
1.5872639554
0.5400924497
-0.2915498229
3.2128575595
-0.4032519242
0.1688591817
-0.9641176003
-0.5828652076
0.1729573384
-0.4468959552
0.1195064807
-0.3475535399
0.6783057412
0.1797221924
0.7983755480
-0.6782033445
-0.9804225660
-0.7103821070
0.4376214322
-1.4557598510
-2.6143711307
0.9033997807
-0.6985546204
-0.2190127458
1.4525651716
-1.1143640148
0.8464643599
-0.1830312233
-0.2641482279
1.7244679356
0.1423636917
-0.3846603218
-0.9589050179
-1.1183420225
0.4044546969
0.5445295219
-0.3165657712
0.0868911869
-2.0064904539
0.7684947156
-0.8784587339
-0.3446238057
0.7320245588
-0.3611019487
2.7796562639
0.2072622227
-0.1986045826
-0.8548692144
-0.2433794104
0.8459363539
0.1229370796
-1.3282967942
1.3541038641
-0.0206177801
0.2740354327
-0.1625242287
0.8536987224
-0.8821679481
-0.9920365434
0.0290585371
-1.5194680381
1.5603744394
0.0911739945
0.8434912785
-0.0575107260
0.7884593466
1.0774257209
1.0540646972
-0.3648534184
1.4472775622
0.5215965124
0.9096583892
-0.1173666151
1.2141154215
-0.1276740526
0.8893275678
-0.4022745950
-0.6277273756
0.2381242104
-0.2466597047
-0.3514829792
0.7394946743
0.1584099633
-0.0645680107
1.6115435467
-0.4372845779
-1.0449121447
2.0078549373
0.7002003972
-0.8832643756
1.6313060120
-0.5354754129
0.6543279135
0.6877402453
-0.4723685516
1.2986737657
-0.2010327397
0.4164723812
-0.6784297120
0.0675923969
0.0359968300
-0.3731539698
0.6407709225
-0.8290055318
0.6343867682
2.0658366406
-0.6291128895
0.0167413570
1.4747650336
-0.3787120527
-2.0590005908
-0.4469665372
-0.8819773376
0.4380059350
1.3308717231
2.0810353920
0.3723330447
-0.3091199165
-0.8175694558
-2.2081028099
0.8154781253
0.0070937363
-0.3144138489
-0.1538208807
-0.2397978999
2.0996134871
-2.6339534896
0.3471233345
-0.0685093671
0.3700811718
-0.1539944446
-0.9155299221
1.8811690926
1.6039060754
-1.1494666033
0.4387205269
-1.6283733590
-2.3102953441
0.3092669006
0.9232355565
-1.1677569382
-1.6564142525
1.7219785119
-0.5616052146
-1.5877768703
-1.8463497100
0.7634939394
-0.5943630051
-0.3167033584
-0.8255489142
0.3250048400
3.3112356601
-0.9293041588
-0.4952256609
0.4417425597
2.1541612604
-0.2936739979
2.4198085422
-0.2447784036
-0.8581081067
1.3594595594
1.2540132979
-0.6177073224
0.1002323750
0.4427653555
1.7998506667
0.6826693653
-0.1621532067
-2.3122666213
-0.1381511836
-0.6046485323
-0.5688226355
0.2335137817
0.2362861988
-0.6726902275
-0.0750934162
0.5041520157
0.3013493983
-1.0708753167
1.1632175749
-0.3640744754
0.3157952783
0.4228220894
0.6147323189
-1.9201999271
0.4131431676
0.1660710368
-0.1027716523
0.3305349778
-1.8681154519
0.2411365902
-0.4161488323
-0.3882340553
0.3669406272
1.6793471101
0.4391086535
-1.2004674581
0.9432893504
1.1397962563
1.0975524078
2.1790725075
-0.9756559145
1.4629240221
-0.0753104685
-0.1290739439
0.5354278607
-0.3930316483
0.2890545418
2.0912324518
0.0427347151
-0.2391507537
1.4185288620
0.1490849593
-0.0448932834
0.9302138756
-0.2788729328
-0.9127970678
0.2140303278
-0.0667306848
0.2923855398
-0.7342274155
-0.6815638588
1.0037612605
1.7285220420
1.3109008852
-0.5271542939
-0.5819912256
0.8159589488
0.1441703387
1.2381975992
-1.1723011758
-0.6335611976
0.2543402474
-0.5378527582
-0.3107057694
-0.0933185374
0.7453489508
-0.7310051688
-0.3808206539
2.1151250965
1.9672020259
0.5316584328
0.2347848315
0.4296115896
0.6690773022
-2.9689680219
0.6912137732
0.2829376241
0.1945502350
0.7624810489
-1.1524728520
1.4752381828
0.5570135512
-0.5211882113
-0.0082473490
0.0063628728
-1.3907041234
-0.3057854073
-0.8420524002
-0.3618821969
1.1165142686
-0.3315129613
-0.2143949467
-1.8156572710
-0.3159062726
1.7562827258
1.1320035405
0.4128415766
0.5766124257
1.3118914292
1.7294441962
1.0969986495
0.9161942163
-0.9825580965
-0.5472626018
0.5615127054
-0.8706693228
0.0431773194
-1.9485921624
0.5452803890
2.7900395558
-0.5137949617
-0.5362858427
0.5030501830
2.1995351372
-1.0844415094
0.3563837906
0.8602175143
0.7890194237
-0.9032214438
-0.7783924910
-1.1765248277
0.0677057012
0.0609568350
-0.9195154884
-0.4108269383
-0.2539820751
-1.9655316381
0.0453923787
-0.2101151516
-0.8626985966
-0.2613734513
