15 2 0.05
33 0 4 1 4 1 5 1 6 1 7 1 8 2 5 2 6 3 1 3 2 3 3 3 4 3 5 3 6 4 1 4 2 4 3 4 4 4 6 4 7 5 0 5 1 5 2 5 3 5 4 5 5 5 6 5 7 6 3 6 4 7 3 7 4 8 4
32 0 7 0 8 1 6 1 7 1 8 2 2 2 6 2 7 2 8 2 9 3 0 3 1 3 2 3 3 3 4 3 5 3 6 3 7 3 8 3 9 4 0 4 1 4 2 4 3 4 4 4 6 4 7 4 8 4 9 5 6 5 7 5 9
5 0
7 2
0 0 0 0 0 0 0 0 0 0 0 0 0 0 0
0 0 0 0 0 0 0 0 0 0 0 0 0 0 0
0 0 0 0 0 0 0 0 0 0 0 0 0 0 0
0 0 0 0 0 0 0 0 0 0 0 0 0 0 0
0 0 0 0 0 0 0 0 0 0 0 0 0 0 0
0 0 0 0 1 0 0 0 0 0 0 0 0 0 0
0 0 0 0 1 1 1 1 1 0 0 0 0 0 0
0 0 0 0 0 1 1 0 0 1 1 0 0 0 0
0 1 1 1 1 1 1 0 1 1 1 0 0 0 0
0 1 1 1 2 0 1 1 1 1 1 1 0 0 0
1 1 2 2 2 2 2 2 1 1 1 1 0 0 0
0 0 1 2 2 1 1 0 1 1 1 1 0 0 0
0 0 0 1 1 0 0 0 1 1 0 1 0 0 0
0 0 0 0 1 0 0 0 0 0 0 0 0 0 0
0 0 0 0 0 0 0 0 0 0 0 0 0 0 0
1.3267017662
-0.5575499518
-1.1733614064
-0.3708612781
0.2882183225
-0.4213991653
-0.1774813003
0.9063115128
0.1595252754
0.8941896771
-0.7047158654
0.4330739217
0.6830423453
-0.4000387854
-0.2441239808
-0.2324056283
-0.5156886989
1.1867147410
0.7458217996
0.5807429811
-0.2088826951
-0.0748066495
-0.5244557146
-0.6465121692
-0.0250817750
-0.1508825455
-0.1064844797
0.8171057084
-0.1598783327
0.4733011681
0.3611613974
1.1862249833
-1.2762428816
-0.2448318322
-0.1441351286
0.4495395647
1.2860886466
-0.7881362387
-1.4230460168
0.5873834554
-0.0821407104
-1.1375191919
0.9339412860
-0.0503315831
0.5065616562
-1.4623728606
-1.3702509640
-0.2341874153
1.1499058354
-1.2585555297
-0.7470302735
-1.7357106715
-0.9819227758
-1.7938336609
-0.6082519475
0.6535172135
1.5284931106
-0.4175414565
0.1929010214
-0.2913942009
0.1321070277
-0.0999454585
1.1803516743
0.1643507664
-0.6609621292
-0.4395709741
0.2144938347
1.4328014205
0.6551635917
-1.4170363329
-0.8788236557
-1.8165221651
-0.2045609295
-0.2709449841
-1.1256086488
1.2139845932
0.4727316319
-0.0625847354
0.6861015922
1.5056951322
2.2483118124
-1.2069003667
0.0185105895
0.8131010782
0.7739664569
-0.2200633866
0.4829347969
-0.8249030141
0.4451164921
-1.4544382781
1.3956079114
0.2142739429
1.0514933535
0.0503025198
-0.3217100737
-0.3337010657
0.6565604429
-0.3493348701
-1.8755531879
1.5495491406
-0.0398099554
0.1799647283
-0.3554442554
-0.9271851255
1.1012191530
0.8790759638
0.1518352249
-0.5083345218
-0.3809011095
0.2946488788
-1.3446783744
-0.0141557321
0.9452263195
0.1125424045
-0.4493859819
-1.4625566184
-1.8552498956
-0.4099741264
0.5269364086
-0.9644328796
-0.5421291856
0.6202470101
2.2994492240
1.4865671123
0.1779553584
0.2209154579
-0.1855691928
-0.7616560330
0.7763433287
-0.8330775236
-1.0663265148
2.4247181616
-1.5430408582
-1.0379870157
0.5978214241
0.2253499324
0.4999454235
1.1298367599
-1.4722055445
-0.4186517149
-1.0834563002
-0.4629501313
2.1545820145
0.6322673867
0.8335480006
0.0305919650
1.3598928897
2.0201136503
1.2224274419
0.2041118199
0.3997035216
-0.3101082905
-0.0880696022
0.5018514467
0.3215695292
0.2441348731
-1.8746188651
0.7073469934
-2.0953485787
-1.1813936087
-3.1372841840
-0.2511621588
-0.6850628188
-1.1203246878
-0.5469042214
0.6812330978
-0.8325378666
-0.7841190585
0.4650106433
-0.6160297431
0.1046561677
-0.2267922367
-0.5246915594
0.6989873854
-1.6153436188
-0.0865164860
-0.9747764577
0.6530503267
-0.6615607677
0.3151610457
1.6514316527
-0.9072160806
-0.0866080547
0.9324299144
-0.5369691346
-1.0816108458
-1.2272597164
0.0128241742
0.4192144589
-0.8682679226
0.1392988022
1.1689570424
1.5979168892
-1.7182182304
1.0637869481
-0.7675180312
0.2103067753
-0.6705545649
-0.7049568905
1.6162407186
0.1165594649
0.3802927151
1.6239678977
2.4063315832
0.4475534444
-1.4639911438
0.0846147292
-0.6361741898
-1.3760262047
1.4497473299
2.6044263344
1.1054049576
0.5362937539
-0.0534672985
-1.1100652952
-1.6440229699
0.3953348285
-0.9876490847
-1.9177440427
0.7407909592
0.1649521507
0.1259280538
-0.9426459085
1.5966866807
-0.0161471958
-0.4527670686
0.2403338977
-0.6940350935
0.6910937814
-0.5210576324
-0.1347636888
2.0766465827
-0.5147663151
-0.0208216672
-0.1781900965
-0.7256911270
-0.5206789400
-1.3105874218
0.7921368462
-0.1803968966
-0.8276116400
-0.8078455253
1.0508725151
0.2474521135
0.0785053335
0.5398288028
1.7187555812
-1.2450652370
0.7710372944
-0.0897673472
1.9392972191
0.6135352598
0.4775404311
-1.2548942082
0.5584905111
-1.9886439933
-0.8172541097
-0.4922817405
-0.9247089098
0.3491571894
-0.8105105610
1.4131877937
-0.3880750624
1.0141593193
0.7191506167
-0.5423654650
0.1694271765
0.9538377030
-0.9691654411
0.3737274987
-0.0287015700
-0.6157231450
-0.1639646668
-0.3317894053
0.3347989155
0.7561350454
0.4385877208
-0.7887617573
-1.7324913808
-0.9569004977
0.5540265895
-0.7384016264
0.2753645069
1.7576350676
0.0890830379
1.5747365918
-0.2107599019
0.5129996608
-0.4254270858
1.6911186533
0.0080286230
-2.7292416812
-1.0345714915
1.5963463223
0.7713152487
-0.1787343985
-1.1393481583
-0.2155487925
-1.8240065302
-1.3439485543
-1.5659923261
1.2323790370
1.4004938298
-0.0178146499
-1.0366348435
-0.2519594195
0.2857335828
1.6090882854
0.4300560723
-0.5612143153
-0.8893550686
-0.6389303750
0.4128031135
-0.0601733844
-1.2451939444
-0.2549796500
1.0225472711
0.2510350942
-0.2389826360
-0.3770317218
1.3019820878
0.0682435028
-1.4039966591
0.2466685944
1.1464473118
-0.0957001477
-0.1379243986
2.2333930197
1.3686706358
0.9460366799
-0.7811034572
-1.1011443489
1.6987156043
-1.8230996782
0.0711262897
-1.1254991407
0.6665926026
-0.2565554910
0.4456768913
1.0752593441
1.2320004054
1.8152449248
0.2386281374
-0.2691363455
-0.4659252047
-1.0495331751
-0.8612676779
-1.1148682209
1.1808197356
0.6234115863
1.6493184574
0.7634540529
-1.3710590789
-0.6894849201
-1.3059614209
-0.3124594473
1.7218948738
-0.1506669014
-1.1166130467
0.2340523289
0.7923169914
1.1520611538
-0.2072506598
-0.9298637404
-0.9699255912
0.9132283688
0.0428445328
2.1322802539
-0.9609933270
-0.1824326312
0.5238481953
0.6465741521
-0.6269486108
0.7113756676
0.1788692238
-0.4215536124
-1.3562567955
-1.5700038334
1.1383300979
0.0779581477
-0.7785436481
0.3615875046
0.4140378283
1.4091619477
-0.5784966385
-0.2780013244
-0.0984693654
0.0561473612
-0.6278503193
0.7160619178
-0.6733166364
-1.5318931375
-1.4154663875
1.4367129040
-0.3712030041
-0.4365724941
2.6272164652
0.3894260224
-0.6127714265
0.6284185027
0.8388906714
0.6198576316
0.5417703740
0.2986176003
1.6464036843
-1.2877027543
1.6089078789
0.9925526914
0.8821353111
0.1960791807
0.2094563804
-0.8507197578
0.4990102139
0.1078510794
0.8607851735
0.6531036734
-0.6818869916
-0.1335660756
1.1779470629
-0.6790194453
-0.1390677796
-1.2950097326
-2.7301676896
0.9331131551
0.2144657828
0.4806513972
1.8193625547
0.8817656390
2.1465555118
0.3645425463
0.9513915889
0.5404311523
-0.1816952522
-0.0449021572
1.0389010628
-0.3973226652
-0.6035560489
1.2332093525
1.0856050431
0.0036678487
-0.0490686918
-0.2196550533
-0.1303059448
-1.0305664725
-0.2866785341
0.9301671802
-0.4308416938
0.4231690004
-0.3849497368
-0.8095032171
