14 4 0.15
20 0 4 1 0 1 2 1 4 2 0 2 1 2 2 2 4 3 0 3 1 3 2 3 3 3 4 3 5 3 6 4 0 4 1 4 2 4 4 4 5
21 0 3 0 4 1 3 1 4 2 3 2 4 3 1 3 2 3 3 3 4 3 5 3 6 4 0 4 1 4 2 4 3 4 4 4 5 5 1 5 2 5 3
20 0 1 0 2 1 0 1 2 1 3 1 4 2 0 2 1 2 2 2 3 2 4 3 0 3 2 3 3 4 3 5 2 5 3 5 4 6 3 7 3
21 0 1 1 1 1 3 1 5 2 0 2 1 2 2 2 3 2 4 2 5 2 6 2 7 3 0 3 1 3 2 3 3 3 4 4 3 4 4 5 3 6 3
3 2
0 0
5 5
2 6
0 0 0 1 1 0 0 0 0 0 0 0 0 0
0 0 0 1 1 0 0 0 0 0 0 0 0 0
0 0 0 1 1 0 0 1 0 0 0 0 0 0
0 1 1 1 1 1 2 1 0 1 0 1 0 0
1 1 2 1 2 1 2 1 1 1 1 1 1 1
0 1 2 2 1 0 3 2 1 1 1 0 0 0
0 0 1 1 1 2 1 2 2 2 1 0 0 0
0 0 1 1 1 1 2 2 1 2 0 0 0 0
0 0 0 0 0 1 0 1 1 1 0 0 0 0
0 0 0 0 0 0 0 0 1 0 0 0 0 0
0 0 0 0 0 0 0 1 1 1 0 0 0 0
0 0 0 0 0 0 0 0 1 0 0 0 0 0
0 0 0 0 0 0 0 0 1 0 0 0 0 0
0 0 0 0 0 0 0 0 0 0 0 0 0 0
0.4899607775
0.4675304444
2.2089447525
-0.4581362260
1.3293309960
1.2286380814
1.4774264687
0.0300926637
1.4781930540
-0.0554171057
-0.3184007657
0.7577734194
1.0567381606
-0.2542279514
-0.9177296466
0.5737058979
1.7166016447
-0.1931340095
1.1923373954
-0.1572243934
1.2345347165
2.3213504299
0.2205463539
-0.2855789876
-0.0271565953
0.7295534798
1.5422966209
-2.0385784962
0.8575424210
-0.4431424553
2.1068882019
0.9334810197
-0.5389493678
0.3894226000
2.2631656379
-1.0159531851
1.5185261932
-0.2251551770
-0.9239818561
-0.9069810896
0.6229577358
-0.4327443655
-0.8556765537
0.2759931893
0.3782534168
0.3574514642
-1.6972742807
1.1055988376
0.0353154140
-2.0517738491
-0.4786179755
0.7301282519
-0.2085072918
0.4961305799
0.5346947191
-1.1504087640
1.0594946568
0.7016043880
0.8312427813
0.4166221234
-0.3520863463
-0.8247549902
-0.4781643197
-2.2641364275
0.9754666315
1.4831157599
0.8480994588
-0.9846480830
0.7180531538
-0.6322976816
-0.1067944292
0.7741359343
-0.1343173638
0.4580207245
-0.2353956426
0.0648318385
0.7203204402
-0.4788471948
1.5597436138
1.1486689194
1.0652954754
0.1838138274
1.2980552784
-0.5608619639
0.5499017140
1.6880337783
-0.6606886142
1.4673473234
1.6951998130
-0.9688691531
1.1668479311
-2.7445440640
-0.0957975185
1.2045424354
-1.3564827483
0.3291050515
-0.4099420364
0.9953095132
-0.8504400727
1.5727836038
1.7989709031
-0.0494528788
-0.9739582539
-1.2776769136
1.1620314401
-1.9176500895
-1.1398899323
1.5433536191
-0.5525148412
-2.4686822552
-0.1835647681
1.2820772506
-0.5049222401
-1.0733245043
0.1285342312
-1.9300613915
-0.1316440467
-1.4628567092
1.1942601254
0.0315680541
-0.9740643989
-0.2145241804
1.4841216238
-0.6702276484
-0.1485976643
1.4426060677
0.3919110027
-0.3499815458
-1.1540646144
1.0718015473
-0.2383647618
0.2781757209
1.1467909299
0.2014608543
0.4984956202
0.0772932107
1.3047054042
1.0465461286
-0.5358456983
-0.2411597423
1.2045462337
-1.5750811994
-0.6462055932
-0.1730268691
0.3519896980
0.8300965661
0.0766452761
-0.2732208742
-0.1771836810
-1.1985652399
-0.8463825302
0.3781451169
0.6513484274
1.0054087436
1.9613876767
0.0394477221
0.6442435591
1.6320852133
0.5608504857
-0.1181492262
-1.0378070703
-1.7296685939
-0.9835048795
0.6931628062
-1.1041427274
-0.5444634133
0.4384541216
0.6556406705
-0.5670106258
0.5032621284
-1.6974944436
-1.0782687749
1.4039481337
-1.7140001094
0.6064694736
-0.9344775841
-0.2631834028
0.1263253066
0.1439829136
1.4516783503
1.0152457891
-0.6572903115
-0.6385082648
-1.0470228681
-0.7766221613
-2.9523730925
1.6674332967
0.2751534682
-0.0535671094
0.2048966638
0.2415960844
1.1195876455
1.9288285198
1.2296255383
-1.0099708126
-0.2215046625
-0.7038216679
1.1908482145
-0.3092688980
-0.0506142953
0.6185601350
-0.9243070302
-0.0359268220
1.1110365616
-0.6679665159
0.0208305085
-2.6500273731
2.1215740864
0.6187205041
0.3569006481
-0.4569901991
0.0804019782
0.2505311358
-2.2389024930
-1.5205518807
0.4522764568
0.0964610767
1.3148925241
-0.5409047622
0.2520489409
0.0145657086
0.2883224820
1.3331701452
-1.4186224119
-1.0119260194
1.5283383263
0.4725853989
1.0734662126
-0.6154927666
-0.8290151221
1.5844992006
-0.0245547525
0.4708193716
0.0649801664
-0.5383422649
0.8977811068
-0.6562297652
-0.2617125593
-1.2948556012
0.5455568015
-0.3046110571
0.0410916223
1.1228096733
-0.6627615816
1.0517108821
0.4734061099
0.6034631194
1.4240649070
1.3101469062
-1.2425487113
-0.4497355506
0.6347069487
-0.7258816887
-0.1084538682
-2.1995563830
0.6908272341
1.4502118116
-1.0143320297
0.3391808224
0.9481041621
1.4796774484
-0.2652198709
0.3865623958
0.1039383669
-2.0931131718
-0.4265372078
-0.6187944933
-0.2849393115
0.4880919097
1.4811224852
1.1134911712
0.0422932312
-1.0721970672
0.3134748246
0.2957576547
-0.8574261900
0.7391698112
-0.9344226780
-0.9008628560
0.5443386087
1.1607886203
1.0716710726
1.1601503254
0.6766779486
-0.3158161257
-1.1451463546
-0.2715095298
0.0842686584
-0.0114243622
-0.6781528399
-0.0946564558
0.6134745798
-1.2548317486
-0.9991386816
0.6743203874
0.8525000732
0.0795914405
-0.2360511375
0.4487461213
-0.3690925504
0.2884378386
0.6579170488
-1.2089820052
0.6866452780
-1.4556394777
0.3448586857
-0.1630062774
-0.1091220742
0.0654208603
-0.6772826003
1.8450376566
0.0845173624
1.0464667792
1.4446929155
-1.6279122104
1.2789695780
1.0993866985
-1.5400030150
-0.2568244497
-0.2767296937
-0.9962432919
-0.7727640622
-0.1227200948
0.0692547737
-0.1918288203
0.9182122152
0.6821791326
-1.5184447075
-0.8402860353
-0.7891172189
0.3314693370
0.0788609308
0.6714936231
-0.4008357564
-0.2657895505
0.8639209675
1.6040036048
-0.9382532796
-0.6122916420
-0.1545630333
-0.1984174590
-0.6562119498
1.1579323066
1.2858170271
0.0241735677
1.6934202993
0.7538824839
-0.5961164444
0.5235102038
-0.3130592382
-0.3042591328
-0.3688682160
-1.2678248965
-1.0092515445
0.3425147476
-0.0952127683
-0.9884939124
0.9630529500
0.1358176476
2.0505659854
-0.8551835531
-0.6897328319
0.2501333218
0.1485308927
-0.8981430658
0.8294564340
-0.8233903375
0.6925645177
0.5349215288
0.4189712405
1.2608244304
1.8814760817
0.9440172183
-0.7180672167
-0.0485637019
-0.4216613073
-0.4980315021
0.3972394120
-1.8787435273
0.3303153903
-0.2760764786
0.7169367937
0.0499791614
0.3928230134
0.6297292082
-0.8167643457
-0.7980685405
-1.8157633725
-0.7599183490
1.6212940067
-1.6180627678
-0.8922411490
