16 5 0.11
10 0 1 1 1 1 2 2 0 2 1 2 2 3 0 3 1 3 2 4 2
13 0 4 1 3 1 4 2 3 2 4 3 1 3 2 3 3 3 4 3 5 4 0 4 1 4 3
9 0 1 0 2 1 2 2 0 2 1 2 2 2 3 3 2 4 2
11 0 0 0 1 1 1 1 2 1 3 2 2 3 1 3 2 4 2 5 2 5 3
13 0 1 1 1 2 0 2 1 2 2 3 1 3 2 3 3 3 4 4 0 4 1 4 2 5 1
10 7
4 6
5 2
5 7
0 6
0 0 0 0 0 0 0 1 0 0 0 0 0 0 0 0
0 0 0 0 0 0 0 1 0 0 0 0 0 0 0 0
0 0 0 0 0 0 1 1 1 0 0 0 0 0 0 0
0 0 0 0 0 0 0 1 1 1 1 0 0 0 0 0
0 0 0 0 0 0 1 1 1 0 1 0 0 0 0 0
0 0 0 1 1 0 0 2 1 1 1 0 0 0 0 0
0 0 0 0 1 0 0 0 1 2 2 0 0 0 0 0
0 0 1 1 1 1 0 1 1 2 1 1 0 0 0 0
0 0 0 0 1 0 1 1 1 2 0 0 0 0 0 0
0 0 0 0 1 0 0 0 0 1 0 0 0 0 0 0
0 0 0 0 0 0 0 0 1 1 1 0 0 0 0 0
0 0 0 0 0 0 0 0 1 1 0 0 0 0 0 0
0 0 0 0 0 0 0 1 1 1 0 0 0 0 0 0
0 0 0 0 0 0 0 1 1 1 0 0 0 0 0 0
0 0 0 0 0 0 0 0 0 1 0 0 0 0 0 0
0 0 0 0 0 0 0 0 0 0 0 0 0 0 0 0
0.3067209576
-0.0821662203
1.3494747402
-0.1295373365
0.8735552206
-0.8990668523
-0.9124393910
-0.5433550375
-2.8572721969
-0.0630955768
0.9970228059
2.1996943418
0.2199706396
-0.9718166952
0.7271391429
0.1235815530
-0.6506894337
0.0368997285
-0.0398994029
-1.2597885525
-0.3088114243
0.4190762925
-1.1596352219
-0.3415074512
0.2411580239
1.7182159568
0.0895787707
0.4266527508
0.7040733414
0.6686998112
-1.3724323916
-0.9543945761
0.8722279459
-0.5956280622
1.0940330917
0.5988907600
-1.5271580562
0.3912866859
-2.1382980450
0.2489493428
0.9863596397
-1.4587162862
0.1747990938
1.9092937231
0.7449186540
0.7342646125
-0.2233033103
-0.9216989137
1.1227435107
0.3907760894
0.7168458460
-0.6252246682
0.4175545536
1.2080412086
-0.0384258385
1.2221286057
0.7200145751
-1.0699117268
-1.4707620253
-0.7571617343
-0.0939150088
3.1422001312
-1.2276857581
-0.2362504358
0.6732004249
-0.0576034851
-2.2535954155
1.7316398154
1.1946670124
1.3140821141
0.7947984269
0.3823546490
1.9844102144
0.9864715310
-0.6884616512
-1.1344491914
-0.8687074860
-0.7741594217
1.2619544318
-0.5105918650
-0.7994515165
0.0006544385
-0.1483549944
-0.3783601338
0.8561486127
0.7280730040
-1.0529235711
0.1102059480
-0.8141833801
0.3707885084
-0.1112819090
1.1730231419
0.0293784779
-0.7383932330
0.6603155710
-0.0321177393
0.3891489084
-1.7930366285
-0.7823487298
-1.1475243115
-0.1926542369
-0.5579457612
-0.3292684741
-0.0171428985
-2.2957222758
1.2020748800
-0.6249739827
-0.4683593127
0.2165436735
-0.2338881109
0.2498067566
-0.7766362354
-0.6607259144
0.2068808907
-0.7450503944
1.0509558286
-1.4038975409
0.8803270101
1.1167859125
0.0515600196
-0.1169352511
1.0081316539
0.2285204457
0.8630357802
1.6142365457
0.2655247336
-0.0280903878
-0.2159228032
-1.0192093105
-0.8817981551
-1.1504620188
-1.7965781671
1.3589728236
-0.5115642423
0.9296830666
-1.2091829729
-0.0171241074
0.5261916176
1.0039882880
-0.4066397587
-0.6824026943
1.3658927352
0.4898989891
0.5352617716
-1.0073346580
0.0598948766
-0.0346735330
0.3903940752
-1.1160031015
0.9988044575
-0.7033533716
-0.1716479139
0.7169410396
-1.8521235795
-2.1999414115
-1.6673509064
1.4418627348
-1.1718612706
-1.5187382180
0.5239494754
-1.0285863648
-0.6483063235
1.1653966719
0.0789357447
2.4115808020
0.4434257016
1.8110193189
-1.5380167788
-1.7332176757
0.9431340265
0.6932840286
-0.3231832509
0.3279317059
0.7873021977
-1.3127186256
0.7001188758
0.5821743439
-0.8089630013
-0.0304099239
1.1717265043
-0.2745301129
0.4755387235
-0.4639637572
0.8483937752
1.3520241654
0.1041567181
-0.1076641735
0.0198345116
-0.7762965720
2.0798568831
-0.6887942353
2.2320247159
0.9970709493
-0.5076060196
0.2452610302
0.9884474648
1.7257755328
-0.8756506905
-0.7930659049
-0.7909553066
0.3726930283
1.0691942093
0.3267015988
-0.0311191125
-0.8642913555
-0.0561061501
0.3665593029
-3.2074971241
0.0088802667
-0.6877820231
0.0611542355
1.0249048422
-1.0838208719
-0.6857834030
-0.6568407501
0.3771102160
-0.8351045008
-1.6791584216
0.7105009212
0.0662105794
-0.1077987820
-1.0512614160
-1.5996554639
-0.5016495073
0.1400292987
1.0200126988
0.6803224381
2.4972513371
-0.4271326604
0.1642111154
-0.9486466188
0.2562399560
-1.0030758917
0.5181135721
-0.0631770426
-1.3895012154
0.3274735780
0.6221711843
1.3112739895
-1.1975373829
-0.3882080046
1.5867835614
-0.2886671902
0.8562689420
-1.1493727650
1.1255725575
-1.0224770694
-0.7203445131
0.0338975847
0.5038749518
1.1324212739
-0.4013379321
0.3571266141
-0.5363153737
0.0960609616
-1.6473450712
-0.0628644001
-0.8809250053
-0.9987841845
0.1682891952
-0.6534431403
-1.7003930873
-0.3934680529
-0.3550918389
0.4558185246
-1.3193104439
-0.4122033156
0.8124329795
0.6166263211
0.1005175133
0.4977434128
-0.4599863803
1.0517303968
2.2564091040
2.6313268649
1.1128145491
1.0210193047
-0.6862191974
0.2019159418
-1.6201110604
-0.2379867063
-1.7916657752
-0.8090320051
0.1049045344
-1.5199836435
0.7605703892
-0.7355369588
-1.5728551554
1.2955125242
-1.7326529262
1.2894082446
-0.3895539938
1.4061464922
1.1993620959
0.7973175932
-0.7840708839
-1.0300968175
1.4495001803
-1.5128599945
0.8502812980
-1.3629481970
0.5052274337
0.4374749724
-0.2348450991
0.1976744554
1.4765197827
-0.3717432585
-0.8529537432
-0.3968908280
1.0588220467
2.2489183980
-1.3610718854
-0.3966327723
0.4145498112
-0.4607439299
0.5899254417
0.2920642947
-1.2819218351
0.5707970020
-1.6906665989
-1.0348257095
-0.4446904707
-0.9084680747
-1.6352963100
-0.5108407316
1.4097610850
-0.5815418931
0.4631804635
-0.0811699682
-1.1821661960
1.1987270784
-0.0164268594
-0.0657812610
0.6423256173
-0.2582045389
0.3842138860
0.6536904761
0.6998820161
2.8922085502
-1.0453445405
-0.0970988116
0.3656019358
-0.2627733707
-0.8922029802
0.6760657244
0.1974204137
-0.4657089026
-0.3505579411
0.9096175319
0.4094096571
-0.5221938636
0.4523360219
-1.9197626086
0.6406583409
-1.3525819119
-0.7105125151
-0.2152231333
0.4450836983
0.1433808687
-0.8915907472
-1.1510219253
0.7304018874
0.5147498101
-1.5486113929
0.0960551725
-0.4277052031
1.0872056468
-0.6882223498
-0.4568107583
1.0506173693
-1.0708067454
0.4185714677
1.4365230101
0.8955665290
-1.2015635541
0.7333248267
-0.6714768016
-1.9842893328
-0.9786275243
1.2669584823
-0.9948000691
1.0925936030
1.4227122430
-0.1435649986
0.7333876114
0.3378539740
0.0615885260
1.8193031993
-0.4314027231
-0.2936558136
2.0694825554
-1.2320006089
-0.4519241586
-0.7747569450
-0.8980804327
0.1064245679
0.2347547117
-0.8137755339
-0.1695512729
0.1590828072
0.8278925388
0.8165809140
1.0729716030
-1.0038719196
1.3521604706
-1.5018849982
1.0636907771
-2.5695473385
0.3392857039
-0.5544665054
-1.4646615218
0.1108985774
0.9366872798
-0.3279102745
0.4598499220
-0.6183321505
-0.0807549990
-2.1987903647
0.3777159477
0.2869768357
0.1126011506
-0.8518855448
1.1632978299
0.4638252432
-0.5468393021
-1.5562336386
1.1356282861
1.6229803672
0.5896400847
1.1267227671
1.2045214415
1.0456987451
0.1592270411
-1.2182592948
1.1502911942
0.3635224183
-0.2425559527
-1.4439019861
0.2445723459
-0.4335814041
0.7196698395
-0.0629556535
-0.1575202821
-1.0599188159
0.5436210614
1.0245174730
1.8369832466
0.5754503121
-1.9042769557
1.4203099791
-0.3477618335
0.8985606604
-0.4655563572
-0.4252822315
-0.8695868316
-0.4488427678
-1.6281168239
-0.8901932004
0.2929751471
-0.4074836369
-0.1115729081
0.2839633545
-0.2227789448
0.5363390728
0.1394951839
-0.4669880708
0.2751173784
-0.4984128590
-0.9432135464
0.1175887387
1.6540025827
-0.5092212867
-0.2326865127
-0.6974318657
-1.0033988482
-0.6409825292
-0.1153537646
0.9057005774
0.4156849603
-1.0485317554
1.0211338931
-0.0059016705
-0.1361608713
-0.1900070791
2.6005444129
-2.1240585144
-0.8876236969
1.7547399363
-0.0073936580
-1.6855074067
0.2568381168
-0.0381505963
-1.5357521032
-1.0439700946
0.1345359592
0.7323031008
0.5284852282
-0.4408309701
-0.6451217585
1.6313102514
0.3751691776
-1.2812117433
-1.2746571951
-0.2089484030
-2.3164756339
0.7926981866
2.4098484179
0.5613948729
-1.5080663726
0.6593564639
0.1177950453
-0.9754888014
