15 2 0.02
35 0 2 0 6 1 1 1 2 1 3 1 4 1 5 1 6 2 0 2 1 2 2 2 3 2 4 2 5 2 6 2 7 3 0 3 1 3 3 3 4 3 5 3 6 3 7 3 8 3 9 4 1 4 2 4 3 4 4 4 5 4 6 4 7 5 3 5 4 6 3
35 0 0 0 1 1 0 1 1 2 1 2 2 3 0 3 1 3 2 4 1 4 2 4 3 4 4 5 1 5 2 5 3 5 4 6 1 6 2 6 4 6 5 7 0 7 1 7 2 7 3 7 4 7 5 8 1 8 2 8 3 8 4 9 1 9 3 9 4 10 4
2 5
3 8
0 0 0 0 0 0 0 0 0 0 0 0 0 0 0
0 0 0 0 0 0 0 0 0 0 0 0 0 0 0
0 0 0 0 0 0 0 1 0 0 0 1 0 0 0
0 0 0 0 0 0 1 1 2 2 1 1 0 0 0
0 0 0 0 0 1 1 1 2 2 1 1 1 0 0
0 0 0 0 0 1 1 0 1 2 2 1 1 1 1
0 0 0 0 0 0 1 1 2 2 2 1 1 0 0
0 0 0 0 0 0 0 0 1 2 1 1 1 0 0
0 0 0 0 0 0 0 0 1 1 1 1 1 0 0
0 0 0 0 0 0 0 0 0 1 1 0 1 1 0
0 0 0 0 0 0 0 0 1 1 1 1 1 1 0
0 0 0 0 0 0 0 0 0 1 1 1 1 0 0
0 0 0 0 0 0 0 0 0 1 0 1 1 0 0
0 0 0 0 0 0 0 0 0 0 0 0 1 0 0
0 0 0 0 0 0 0 0 0 0 0 0 0 0 0
2.2508580676
-0.3641737290
-0.9034006474
-0.2500812766
-0.5111899636
-0.2763281780
0.7058886080
-0.2643903712
0.0472791349
-0.7416447173
-0.3399825870
-0.2861547829
-0.3582388468
0.2460355495
-0.9750081009
-1.5044378785
0.7941199722
-1.1719623227
-0.4127507942
-1.1725897084
0.7427317335
0.0674066049
-0.3512048585
0.0454174116
0.6930466228
-0.2305380859
0.6480829363
-2.5099721552
-2.0222356105
-0.0171133359
-0.0734301092
0.5738155857
0.0138844806
0.7775780030
-1.1272527702
0.3700832124
-0.8516990297
1.6946083656
1.2619104369
-0.5223550014
0.9348459188
-1.2232225605
-0.9551011942
-2.3426985627
0.0941395352
0.6743147638
1.0843167169
0.6104151839
-0.2268055814
-1.9700434574
1.0899133471
1.2870107850
-1.1441787706
-0.5384772610
0.4552829607
-0.7808186189
1.2825696947
0.6744704819
0.3297823883
-0.4396327777
2.2196624461
-0.1018881155
-0.4468221678
-1.2187885585
-1.5480160753
-2.2438401792
-0.1682942268
1.2791789958
0.5508071867
0.7952668249
1.0442096878
-0.2998884551
-1.0058509905
-1.3320947822
-0.6134944648
-0.4412305159
-1.3574400780
-0.0183781026
-0.2759615082
2.1252708676
0.0709566220
-0.2306569231
-2.0678957640
-1.4838638242
-1.2569436948
1.5885690221
-1.1651217877
-0.3859148659
-0.3531961741
-1.3439563378
0.2533265062
-1.5732473205
-1.2367022594
-1.5050162383
-1.9689899629
-0.3646864667
-0.6145535795
-0.5731662937
0.0474974516
-1.4476684596
-0.0286669073
-1.0322654780
-1.0804394439
0.8009901499
-0.7839601918
0.8842171120
0.0555792413
0.4239246801
0.7224832379
-0.8265714631
-0.0790784728
-1.4145972599
-1.4584967557
-0.9538973140
1.2106464043
-0.5292747289
-0.0802672786
0.3713318429
-0.5776388963
0.7967451664
0.6573985366
0.6250437318
-0.2128818114
0.0689822349
-0.7277035374
1.7062576834
0.4804966169
-2.5399483456
0.7152177910
-0.1626985007
0.0029699112
-0.9534649111
0.4691845999
0.7517641138
-0.2761231920
-0.0606810377
0.7621846304
0.7017543365
-0.9148326663
0.8972479152
-0.3344026627
0.5149189966
-0.4442317576
0.0299175252
-0.4783872174
0.0034377195
-0.1987071504
1.2795636971
0.8932450022
-0.3559009835
1.1604278715
-1.1623003640
0.5096437936
0.1739719997
0.3903091922
-0.2104770916
0.5006323577
1.0860972301
-1.6006743703
-1.8210438852
1.2453326256
-0.2624395381
-0.7509273459
-0.1069083706
0.9211365596
2.2042189529
-1.0617065820
0.7112335368
1.3440903012
0.7036903495
1.3639092162
-0.3571538176
-1.1269341730
2.7766055100
-0.0165900109
2.0339173315
-0.0258819473
0.5294806928
-0.6431408320
-0.5801377357
0.6068301919
-0.6775199528
-0.0850613356
0.7594097776
-0.0409575887
-0.6623407090
0.5741513135
-0.7471718711
-0.3735809800
0.0240199733
-1.6746047407
0.7948193333
-0.4754796359
-1.9201687229
0.6555356590
-0.7075371752
1.6239522182
-0.4812105450
0.3525776314
-0.7076070404
0.0822386064
0.5135532858
-0.6201522765
0.2669590721
0.7005523853
1.6082911006
-0.2163739014
-1.3266445484
1.6273278743
0.9890618546
-1.0056550615
0.7797185829
0.4486781559
-1.9872614413
-1.5516348260
0.1026930074
-0.2073589172
0.5138947347
0.3194223655
-0.9724896495
-0.0325490953
1.6736474378
-0.5489520580
0.7963310441
1.7882485626
-1.5562204720
-0.9299202659
0.9424266766
-0.2943502326
-1.5904168842
0.9476734188
0.2890162076
0.8611193384
1.1350451556
-0.2872418801
0.5255037009
0.1180511918
0.0486597261
3.2173966059
0.6576471514
-2.1508795698
-0.7305556325
-1.6104405493
0.0154434274
-0.2934603437
-0.9515880644
1.1178179591
-0.4513271232
0.5459029208
-0.2433286965
-2.2005140923
-0.3998022527
-0.4497616540
-0.7451419305
0.1982824542
-0.0096158975
-1.2239828512
-0.9864359850
-0.5586372909
1.1734763794
-0.4009165971
-0.3726581904
0.3384492961
0.3404743345
-0.7442594698
-1.8839600650
0.3973823249
1.3382825990
-1.3269598967
-0.9246424060
-0.4615611113
0.8519885669
-0.5973355964
-0.8526999984
2.0762968715
0.3646726289
0.9188824697
-0.9865080733
1.5416106203
-0.6004805502
-0.7224460217
-0.9551131674
-1.2305196714
1.0731577605
-1.4621699246
0.8880447451
-0.5240354407
1.0479001867
-0.6554516359
-1.4894640138
0.1241047849
-0.4630664449
-0.5082474151
0.4559780650
-0.8496050251
-0.8303898250
0.1216614338
-0.3644637750
-0.9979230510
-0.7391269388
1.2732046365
0.8840908100
-1.8749787505
-0.8274100322
0.9112731730
-0.4145942652
1.1923807186
0.5132987858
-0.9697667047
1.4927243652
0.8168546887
1.1177315900
-0.8721509577
-1.2888614782
1.6922302679
1.2832790608
-0.3832232147
1.8745732531
-0.3920927298
1.7810294102
-1.4337167068
0.8955914910
1.5557749414
-0.3338745980
-0.3832742503
0.1659217649
0.6122186848
0.3533446850
0.8891435263
-1.5717478558
-0.8297753868
-0.5336149693
2.9129142368
1.6468481589
-0.2487823699
1.5039182631
0.6261901197
-1.0674882123
0.9873688930
-0.8721621799
-1.4201834034
0.8341494488
-0.0570223059
-1.3624537559
-0.0340731897
0.2718962820
-0.8044276245
1.6457087041
-0.7196554837
0.1244678974
-0.3239678073
-0.0218722846
0.2094732116
0.4255673211
0.1223389809
-0.2638029673
0.0810444848
1.7437123923
1.3893771044
0.1756626317
-0.8909371293
-0.6292542348
-1.3815641052
0.3643965011
0.9058942129
-0.7902202244
0.1385184128
0.7484364772
0.7518360572
-0.1983018611
0.0879126350
-0.3166890404
2.6621278217
-1.6629698390
-1.2667677108
-0.4458136896
0.4460711953
1.2648164391
-0.5716307587
-1.4327942068
0.5962646581
1.4922897196
1.1165533531
-1.1149648056
0.9844643280
-0.7988879267
0.4006611447
0.0144486709
-0.0929826585
0.4656583947
-1.0557133600
0.4154050981
-0.1493992172
0.9594128551
-0.9754592447
-1.3739487164
0.0797050292
-0.5266758429
0.1256630825
0.1242284646
-0.1047232963
0.3740200576
-0.1355127719
-0.3733433178
-1.8800461214
-1.1501764386
1.6115171565
-0.5444153083
0.2991947054
0.5252553538
0.6364658616
0.0869706965
0.1603088850
-0.8731645452
-0.0144482341
0.0625866884
0.3058594819
0.0909622543
-0.1576388376
0.9721149719
-1.4176391739
-0.1513238140
0.5743201888
-0.6713814687
-0.3941458334
-0.5619421722
-0.0706559521
0.4801290315
-0.2243314009
-1.5492660123
0.6430209726
0.5681454001
0.7360798640
-1.2306560851
0.5676008437
-0.0971343438
0.0356442919
0.5123526751
0.1559061045
1.2138203507
0.0948554252
0.0282594085
2.1662695686
-0.7899776729
1.7385041334
1.1467460271
-2.2486293670
1.2477035376
-1.6096245337
0.7753069497
