12 5 0.19
5 0 1 1 1 2 0 2 1 2 2
7 0 0 0 1 0 2 0 3 1 0 1 1 2 1
7 0 1 0 2 1 0 1 1 1 2 2 0 2 2
7 0 3 1 3 2 0 2 1 2 2 2 3 3 0
7 0 1 1 0 1 1 1 2 2 2 2 3 3 2
2 0
0 6
5 5
8 1
2 2
0 0 0 0 0 0 1 1 1 1 0 0
0 0 0 0 0 0 1 1 0 0 0 0
0 1 0 1 0 0 0 1 0 0 0 0
0 1 1 1 1 0 0 0 0 0 0 0
1 1 1 0 1 1 0 0 0 0 0 0
0 0 0 0 1 0 1 1 0 0 0 0
0 0 0 0 0 1 1 1 0 0 0 0
0 0 0 0 0 1 0 1 0 0 0 0
0 0 0 0 1 0 0 0 0 0 0 0
0 0 0 0 1 0 0 0 0 0 0 0
0 1 1 1 1 0 0 0 0 0 0 0
0 1 0 0 0 0 0 0 0 0 0 0
1.0353798463
-1.6877450607
-1.0481715351
-0.7171981565
1.7328455176
-0.9339927276
1.1760729476
-0.4726262580
0.0547976145
-1.3544423717
0.0630681085
-0.3655732465
0.2790678341
-1.8686245526
-0.8435538484
0.8352785108
-0.8530299270
0.1099420149
-0.8969755761
1.0689252823
-0.9794562648
1.6397409584
0.1155458946
-0.0270751657
-0.5991840332
-0.4695138081
-0.4208303623
0.7265917340
0.9908486052
-0.0455269121
0.7757225950
-1.3018914815
1.0557797838
1.0986004981
-1.0534273725
-0.0276346978
-1.1889870756
0.8771363382
-1.1480447073
-0.0457259049
0.0958033403
-1.2830059308
0.8151500728
0.3443869625
-0.5175241428
1.5345919321
-0.2182801498
-0.6916956620
1.2629293190
0.1562635374
1.9421340991
-1.6089152052
0.0203459428
-1.0277103425
0.3449345904
1.2744816473
0.1952470064
-2.4455739767
-0.1702579247
-0.7332737837
-0.4965935207
-0.6996565058
0.9001059114
-0.6034147005
-0.9894962313
-0.3836003654
1.3069247181
0.6264730707
-1.5331126924
-0.5368480173
-1.3128368849
-0.7602653818
-1.1294349807
-0.9403856226
0.5017572289
-0.0320647048
0.9561197476
-1.0133146566
0.3726002094
-0.3599477319
-0.0072072807
-0.8003915305
1.2773239108
-0.9218477267
1.7463213103
0.8493244599
0.2944033156
-1.8046362280
-0.5248521515
1.1958646351
0.7183524658
-0.5345500170
-0.1260989534
-0.0257727493
0.3574482827
0.3926439514
1.0091590526
-0.5797744808
-0.0954217375
-1.1836799124
-0.4075649600
-0.6689218537
0.7738985007
-0.0478373066
-1.1116592184
0.0954349066
2.3890622137
-0.0762179228
-0.4662692167
0.1245414138
-1.1192341276
-0.0429085534
0.8534183939
0.6431925709
0.3945653711
1.5155309188
0.0150066227
1.1504929797
-0.7006752823
-1.4422914003
0.0841801356
0.7851568793
0.4574523878
-0.7281527042
-0.8785039812
-0.0359598457
-1.3847303895
-0.2020409036
-1.1816714677
0.4033502363
-1.3789854379
0.1929822508
0.6400638843
-0.4667751801
0.0688687282
-0.4218360255
1.9404156364
-2.1476277591
-1.0349547601
1.3059001074
0.7070472793
0.4952925328
-0.2597643226
0.3457069376
-0.4507979958
1.2916810203
3.0962873806
-0.5690190699
2.3106124899
0.0291014756
-1.7856356038
1.4300077191
-0.5481862004
-0.8178509602
1.1325524388
0.0297983253
1.2790104866
-0.7073585116
-0.1295720842
-0.1641635370
-0.4244214258
1.2681265084
1.6747718533
-2.3828274504
-1.2900800350
-0.2456127025
-0.4392389467
1.1034741395
-0.3606972782
-0.9438466551
0.7861025642
0.0103768875
0.0270056149
0.4218626626
-0.9925493682
-0.0551358392
-1.2653081585
0.1100521096
0.7752284803
-0.1815131936
0.2624526056
0.0782544795
1.5514958113
1.5099121433
-0.6275245806
-0.3058014602
-0.3041994931
-0.7997644941
-0.2386978727
0.7184354858
0.5396126999
-0.0697128461
0.0592347378
-0.2907781045
-0.2461597242
2.5760707147
-0.3678843923
0.8391023674
-0.6205839503
-0.1074279096
0.5604572550
-1.1114323691
1.0162356689
-1.7051847194
-1.1279289131
0.6562582192
0.5526250878
-0.3041635874
0.7190800227
2.0405086032
-0.4640976619
0.0362374606
0.4582162242
-0.1528983577
0.5308992719
-1.1644757198
-0.0439172930
-0.0517022637
0.7902711983
0.1590807110
0.6120381850
0.9298532155
-0.0875045697
0.3051043894
0.2200177789
-2.9795497299
-1.0699417345
1.0744630924
-1.9459935158
0.6252841157
-0.0665146777
0.2942659902
1.1224920854
0.6750924012
0.6024164688
0.6256491276
0.7788979006
-1.2827438807
-0.2068733156
-1.6124558340
0.3462894351
-1.4637292162
-1.5624637263
0.4789075401
-1.1021687968
-0.8130788085
1.5468819730
0.9295425402
-0.0350474152
0.6941344738
-0.2938921257
0.0080753611
0.8442982936
2.5746686652
0.3793123256
0.9483996183
-1.1130092245
0.5904663307
-0.2366537103
-1.2655553568
0.6638222785
-0.0288682766
-0.1940988967
1.6402957048
-1.8094678373
-1.5905985429
0.2924613048
-0.5396420439
1.9049356988
-1.5471857375
0.2220063567
-0.4980354239
0.6840290111
2.8263754639
-1.2542878712
0.0586336216
-0.0724112754
-0.5616991417
0.3434719542
0.1537376789
-1.1308438139
0.9143127448
1.0525536562
2.0077299951
0.8944177067
-2.0124463247
-1.2464804572
-2.2324301494
