18 12 0.09
7 0 1 1 1 1 2 2 1 2 2 3 0 3 1
7 0 1 1 1 2 1 2 2 3 0 3 1 4 1
7 0 3 1 2 1 3 1 4 2 0 2 1 2 2
7 0 1 0 2 1 1 1 2 2 0 2 1 3 0
7 0 1 1 1 1 3 2 0 2 1 2 2 2 3
7 0 1 1 1 2 0 2 1 3 1 3 2 4 1
7 0 2 1 0 1 1 1 2 1 3 2 2 3 2
7 0 0 0 1 0 2 1 1 1 2 2 2 2 3
7 0 2 1 0 1 1 1 2 2 0 2 2 2 3
7 0 1 1 1 1 2 2 0 2 1 2 2 3 1
7 0 1 1 1 2 1 2 2 3 0 3 1 4 1
7 0 2 1 2 2 2 2 3 3 0 3 1 3 2
2 0
5 4
7 8
0 9
8 6
8 3
6 14
9 7
8 5
7 10
5 6
12 14
0 0 0 0 0 0 0 0 0 0 1 1 0 0 0 0 0 0
0 0 0 0 0 0 0 0 0 0 1 1 0 0 0 0 0 0
0 1 0 0 0 0 0 0 0 1 1 0 0 0 0 0 0 0
0 1 1 0 0 0 0 0 0 1 0 0 0 0 0 0 0 0
0 1 1 0 0 0 0 0 0 0 0 0 0 0 0 0 0 0
1 1 0 0 0 1 0 1 0 0 0 0 0 0 0 0 0 0
0 0 0 0 0 1 0 1 0 0 0 0 0 0 0 0 1 0
0 0 0 0 0 1 1 1 1 0 0 2 0 0 1 1 1 1
0 0 0 0 2 1 1 3 0 0 1 2 2 0 0 0 1 0
0 0 0 0 1 2 1 4 2 3 2 1 1 0 0 0 1 0
0 0 0 1 1 1 1 2 3 2 0 1 0 0 0 0 0 0
0 0 0 0 1 1 0 0 0 1 1 0 0 0 0 0 0 0
0 0 0 0 1 0 0 0 0 0 0 0 0 0 0 0 1 0
0 0 0 0 0 0 0 0 0 0 0 0 0 0 0 0 1 0
0 0 0 0 0 0 0 0 0 0 0 0 0 0 0 0 1 1
0 0 0 0 0 0 0 0 0 0 0 0 0 0 1 1 1 0
0 0 0 0 0 0 0 0 0 0 0 0 0 0 0 0 0 0
0 0 0 0 0 0 0 0 0 0 0 0 0 0 0 0 0 0
-3.0366850678
-1.0958033798
-1.5496359187
0.4267474313
-0.2946935308
-1.3637319915
0.6000239592
-1.2878248369
0.5307474917
0.0431911216
-0.7178312547
1.1119304861
0.1555857240
0.1653124767
-0.4912899765
-2.2943195968
0.4106021118
-0.5744016671
0.7716492271
0.2359026084
0.4247646190
0.1502033334
1.3120560983
-1.0920293035
-0.1348136220
0.2997984419
1.0466451003
-0.2248619126
-1.3784074350
1.0871920106
1.7418511113
-1.3989604961
0.3746060316
1.9684504256
-1.3885627747
-0.7190962290
0.3648694835
0.7950791366
-0.8910124544
0.8782436453
-0.0847012015
-0.1105414357
0.0164913632
0.3761074786
0.4225067036
-0.9157815807
0.9416601325
-0.3889659341
2.3057884886
0.5302819750
-0.2942258546
-0.1295930993
0.4956636341
0.9544100588
-0.0960087873
-1.0127647006
-2.6456279203
0.2397241508
0.5034686298
0.0462167657
1.2572289021
-0.0429913627
-0.0365882998
-0.3248853759
-0.2036734446
0.4033221231
-0.9069936050
0.0096486957
2.6668949948
-1.4715423900
1.8867618047
1.3307708977
-0.9307776277
-0.8854516190
0.1131247881
1.1636946144
0.4984579966
1.6030659580
0.5783200425
-0.2721530804
0.1238437095
-0.0681224206
-0.0857656510
-0.6993607219
1.0818532318
-0.8628139041
-1.2077250774
1.2423763334
-0.6467230736
0.1687784676
-1.5896226255
1.6445276378
-0.0601982780
0.2934608601
-0.7061948827
-1.7660991549
-0.2871797571
-0.2498046956
-0.4523310271
-0.5962691850
1.2402240933
-0.3596983450
0.2959201801
0.2269650002
-0.3345872766
0.3502708817
0.4759372200
-0.4684529109
-1.2181748527
-0.4412807897
2.9403045720
0.3897579946
0.3919860704
0.5777099498
-0.2094032844
-0.4507242891
-0.1956531669
-1.3705776326
0.3403745326
1.7172659689
-0.8952511369
-1.0913088752
-0.3842229939
-0.2311766117
-0.3014099064
-0.3763046229
-0.6052425413
0.5974234396
0.0985009183
0.6425285250
-0.4632699910
1.9194361093
1.9151014358
-0.7935770484
0.3552138667
-0.0089470671
1.4267994582
-1.8214927111
0.0184327683
1.4347594258
1.2560994550
1.4851721235
1.5014902056
-0.9568703822
1.1132492585
0.2586505931
-0.2484975860
-0.5770714971
-0.7011321138
1.5936583551
-0.4516078936
-1.6497093264
-1.2123600269
0.5464372159
-0.5561939644
0.9174817517
-0.1566363450
-0.8974588432
1.2449260762
-0.6475893165
0.4560518262
0.8636476257
2.2397428569
-1.4664115356
1.8785936379
0.7891688355
-0.0094093056
-0.4047242880
-0.5831832657
-0.2158744988
0.1761275108
0.1039904401
-1.4985137681
0.3158026337
-0.4987364405
2.0096615472
0.4665241796
0.4488980218
1.4873148825
-1.2396417625
-2.3394762724
0.7157232364
1.5094090736
0.4784786019
1.6634720133
0.5924616113
0.7906849334
-1.7378858300
0.4614453449
0.4001710339
-1.2560085265
0.1420340941
1.3639239765
-1.3367093905
1.7537861143
-0.5398823246
0.4174599386
0.6038694182
2.7148536670
1.2218642791
-1.5943966766
1.1480858669
1.0906400029
0.5108332086
0.3323201370
-0.9972774120
0.0698667987
-0.7674255051
-1.3272235278
-1.0766697292
-0.7449114824
-1.0293358944
-0.9096588385
0.0314402192
1.7200383818
-0.9541970433
0.7489604493
-0.5877515604
-0.5928798794
-0.3295827324
1.7561717385
-1.2065329139
0.2466867583
-0.0595226702
-1.1127915250
0.0259534083
0.2597865513
1.3990060004
-0.5333377035
0.4447563789
0.8442019706
1.2520761983
1.3257493837
-1.1415402793
0.0277232636
0.0229610388
-0.3334734982
0.0707785971
1.4572269878
0.9889204936
-1.4197921700
-0.1669539364
-0.0194088042
-0.4952217538
1.6930673990
1.2790899309
0.2386875969
0.7291673477
-0.5031797358
0.8677840685
0.2435407100
1.6026462433
0.0681520905
0.4566475865
0.7287291078
-0.0748822634
-0.4599225508
-0.0572627490
-1.2145218749
-0.4097208803
0.9519875191
0.5376559424
0.7624785529
0.8840043690
0.3277724849
-0.6426358345
0.6883331871
0.0164026166
-1.3695679431
0.9138663224
-0.9851467362
-1.8651048702
1.5006538342
1.7606133160
-0.9422917233
-1.4513503789
0.1052148706
-0.8727453662
0.2931320466
-2.7453189788
0.9657811409
1.5694787011
-0.8427391944
-0.3839810184
0.6329230314
-0.0051251210
1.4916750097
0.1440869504
0.4541054275
0.1376960318
-1.3027261186
0.2309878464
0.0672037558
-2.0004933108
0.5589539237
1.2964226290
-1.0630631888
-0.0878648213
-0.0183325566
-0.4518595538
-0.0655403487
-1.9672603503
-0.8654109915
-0.2945623738
0.2268108380
1.0912057374
-0.5277256311
-2.3949464544
-1.6315139943
-1.8556918919
0.0391339251
1.5042335174
0.4335143945
0.8654234770
-0.3371348097
0.1771734607
0.3914274784
0.4233989881
-0.8041149518
-1.0367164067
0.3367493896
1.6156036319
0.9249554968
-0.3230284811
0.2764618503
-2.2180769139
0.5659199240
0.1620829810
-0.6809611479
0.3054942843
-0.4246791640
-0.4894659131
0.7065474007
0.7750112733
-0.8107096815
0.6975829097
1.3359313717
0.6691179857
0.4115165591
0.2745013824
-0.2879194623
2.1685792234
-1.0034022551
0.0787688554
-0.3072727810
0.1493857108
0.2915726045
0.9032594700
-0.3619710611
-0.1527954049
-1.0677783939
2.0919818598
-0.7112645628
2.1721227350
-0.1330513441
1.0933913890
0.7869865669
-0.6380495049
-0.3850909631
0.8511540788
0.5934327250
-0.1617832190
-0.2921161866
0.3448157943
-0.4338338874
0.5395309626
0.1737854795
1.1408392762
-0.3121725389
0.4232423809
0.0945094596
-0.1032427688
1.3537387814
-0.2318536675
0.3408933450
-1.5347263574
0.0405041066
-1.2010221689
0.8939371816
-0.7543280718
-0.1544719270
-0.3749440689
0.8572114431
-0.2023273793
-0.3584145815
-0.0303599771
1.0343256269
0.1553649468
0.1891499556
0.8682324506
-0.7271869609
-0.0716775896
-0.5645247087
-0.7714241743
-1.4755763229
-0.9177842378
2.2653536827
-0.0567394250
-0.8170781856
-1.6317231354
0.1770727039
-2.8759119633
0.0946887475
0.2969397092
1.6018648335
-1.2002714221
1.2329874473
0.2821362356
2.0396649067
0.6419428307
-1.3163911242
-0.1685060827
-0.2019994309
-0.0554803738
-0.4318395935
-1.3135002267
-1.2620638973
0.3275443558
-0.3117054996
-0.3844549393
-0.8624932632
0.3741030048
0.7023698091
0.5045484566
-0.7507531396
0.0448768953
1.3118666216
0.7418239041
-1.1164139419
1.6377169983
-0.2200978817
-0.8801596570
0.8652504438
-0.2387371235
0.4244047605
-1.7263301709
-0.4411973636
0.2902753942
1.4713669754
-0.7481493283
0.2508994027
-0.3456920982
0.0031951501
-1.3462887759
0.6577398075
-0.6787529669
-0.9633161410
-0.6234332191
1.7366789129
0.1685465339
0.9633089656
-0.2109047606
0.8489183785
-0.3247166219
0.6456423107
-0.8012623516
1.2971697568
-0.0488088409
0.1357104685
1.1180210635
0.8478177975
-1.2121436663
1.0469769618
0.1606100985
-0.7687926348
-0.9091261548
-1.3008367803
-0.5730854070
1.3056891577
-1.4226210645
1.3458006197
-0.6538616008
-0.2268908201
2.2695017025
0.2202202847
-0.3631579833
-0.8966765499
-1.2444980505
1.0113003806
2.2045929293
0.4932093335
0.0640162122
0.2726385386
0.9172462244
1.8287937452
2.5808536468
0.1892946609
1.7725612558
1.1004037560
0.4567416259
2.1728892025
0.4345292115
-0.6851328306
-0.7760550092
-0.9462676504
0.8917319779
0.0401056495
-1.3633318457
0.7868604435
0.8115723542
0.2441353217
1.0078583237
-0.3537762948
0.0327762494
-0.0822215082
0.5316455242
-0.5647646852
0.4720015173
-0.4848597681
0.1489928417
0.1755043593
0.1334431313
1.4052754971
-0.1563618607
0.5863978874
1.3675248734
0.0294801254
-1.0167757878
1.3479805410
-0.2964362706
0.4889673261
0.4991869796
-0.4056162319
0.2053455123
-1.2052508561
0.2960822684
0.1487100790
-1.1007186630
2.2917751050
-0.0977181153
-0.7813772343
-1.7037509644
-0.5029209217
-0.7119336755
-0.3418941309
-0.6073712339
2.3058480781
-0.9005170073
-0.9777572927
1.0726545646
0.3675795840
-1.3379608103
0.0116435755
-0.5389829899
-0.5863299670
1.4712719521
-0.6087552368
-0.1088219559
0.4452763581
0.2809280900
0.0165174315
0.0776849684
-0.8927736527
-0.0654282965
-0.1180152668
0.8907542142
-1.2294792577
-0.0803045387
0.5382753857
0.6785250290
0.9057847807
0.1159142137
-0.5910442955
-0.6572972587
-1.6501444421
-0.9679315495
0.6811152064
1.1215080659
-0.5143368627
0.8999599534
0.3514475752
-0.2857142248
-1.7176498513
-0.8325050535
-0.1431526311
-0.7024079144
1.8763902305
1.7751283817
0.8185149024
0.8709806556
-1.4384522947
-0.6992422191
0.3109886215
0.3611143210
0.3988457472
0.0112482137
0.7144648897
-0.5057393595
0.5570269892
0.2488166172
0.0116106937
1.6509542990
1.4331751841
-0.2812327698
0.4408428794
0.6863588054
-0.6192170358
1.6710730864
0.3316755249
0.7133807931
0.1578891146
0.9961910548
0.1079369495
-1.2807478570
-0.2415797708
-0.0708521623
1.7517506510
0.2559175304
-0.8774680764
-0.2967368603
0.5911515084
2.0934998768
-0.5654234651
1.3772504815
-0.2175851656
-0.5939130609
-0.6152472696
2.5274960037
0.2385753902
-0.8712507379
-0.2675742263
1.1133392214
0.8780677993
1.1515742136
1.2787111219
-0.1675026915
0.7527257201
0.3163085517
2.3091841256
-0.4848154428
-0.1868024806
-1.8810958278
-0.6798395252
0.5025445461
2.0958341277
0.0888345068
-1.2485498149
0.8744264084
-0.2918707977
0.5378963538
2.2512388960
0.4248036237
1.6195347372
0.4763914191
-0.5863517397
0.5173128167
-1.5764474636
-0.1901766059
