17 5 0.11
19 0 2 0 3 1 3 1 4 1 5 2 2 2 3 2 4 3 0 3 1 3 2 3 3 3 4 3 5 4 2 4 3 4 4 5 1 5 2
46 0 3 1 3 1 4 2 4 2 5 3 1 3 2 3 3 3 4 3 5 3 6 4 0 4 2 4 3 4 4 4 5 4 6 4 7 5 0 5 1 5 2 5 3 5 4 5 5 5 6 5 7 6 2 6 3 6 4 6 5 6 6 6 7 6 8 7 2 7 3 7 4 7 5 7 6 8 2 8 3 8 4 8 5 9 3 9 5 9 6 10 3
47 0 4 0 5 1 1 1 2 1 3 1 4 1 5 2 2 2 3 2 4 2 5 2 7 2 8 3 0 3 1 3 2 3 3 3 4 3 5 3 6 3 7 3 8 3 9 4 2 4 3 4 4 4 5 4 6 4 7 4 8 4 9 5 0 5 1 5 2 5 3 5 4 5 5 5 7 5 8 6 2 6 3 6 4 7 4 8 4 9 3 9 4 9 5
45 0 7 1 2 1 3 1 5 1 7 2 1 2 2 2 3 2 4 2 5 2 6 2 7 2 8 3 2 3 4 3 5 3 6 3 7 4 2 4 3 4 4 4 5 4 6 4 7 4 8 5 0 5 1 5 2 5 3 5 4 5 5 5 6 5 7 5 8 6 2 6 3 6 6 6 7 7 0 7 1 7 2 7 3 7 7 8 2 8 7
33 0 1 0 2 0 5 1 2 1 3 1 4 1 5 2 0 2 1 2 2 2 3 2 4 3 1 3 2 3 3 3 4 3 5 4 0 4 1 4 2 4 3 4 4 4 5 4 6 5 1 5 2 5 3 5 4 5 5 5 6 6 2 6 3 7 2
11 1
3 5
5 1
1 2
3 6
0 0 0 0 0 0 0 0 0 0 0 0 0 0 0 0 0
0 0 0 0 0 0 0 0 0 1 0 0 0 0 0 0 0
0 0 0 0 1 1 0 1 0 1 0 0 0 0 0 0 0
0 0 0 1 1 1 1 2 3 1 1 1 0 0 0 0 0
0 0 0 0 1 0 1 1 3 3 1 1 0 0 0 0 0
0 0 0 0 1 2 3 2 2 3 3 0 0 0 0 0 0
0 0 2 2 2 2 3 3 3 3 3 2 0 0 0 0 0
0 0 0 1 2 3 2 2 4 4 2 2 2 0 0 0 0
0 1 2 2 2 3 2 3 3 4 3 2 2 0 0 0 0
0 0 0 1 2 1 1 2 3 4 2 1 1 1 0 0 0
0 1 1 1 1 1 1 1 3 2 1 1 0 0 0 0 0
0 0 0 2 2 1 0 1 1 1 1 0 0 0 0 0 0
0 0 0 0 1 2 1 0 1 0 1 1 0 0 0 0 0
0 0 0 1 1 2 0 0 1 0 0 0 0 0 0 0 0
0 1 1 1 2 2 2 0 0 0 0 0 0 0 0 0 0
0 0 0 1 1 1 0 0 0 0 0 0 0 0 0 0 0
0 0 1 1 0 0 0 0 0 0 0 0 0 0 0 0 0
0.4589700014
-1.4283808791
0.7302669685
-0.0894554548
0.6962889155
0.3971006462
-1.2211834232
2.1590092490
-0.1337257668
-0.8431073449
-0.1984843253
-1.4140944396
1.3496149311
-0.0444410587
-1.9230099588
1.3606872991
1.3547132579
-0.3222445800
0.1697516806
-0.0425654765
0.5969205921
-0.8809277711
0.5773562092
0.0644414513
-0.6959548916
-0.4652832512
-0.0510605063
0.7853914279
2.1909719833
-0.0071670448
1.7207622868
0.0043883643
-2.0053158742
-0.4090507466
0.8429753869
-0.5694662033
1.1891762158
-0.3864459514
0.8618310324
-0.7940815747
0.0959583332
0.4235630086
0.2223487784
0.3399339162
-0.1041243263
0.5776744812
0.0652500943
0.2648740594
0.5326993030
-1.9266699514
-1.9668969232
1.1458606817
-1.2172786340
-0.7268023607
0.4217546524
-0.4139584320
-2.3601914951
-0.8617881868
-0.4909359255
-0.0805196867
0.5090492732
-0.1884266738
0.3513216336
0.6740983077
-0.0270385848
-0.2727036301
-0.1539457546
-0.9935455793
-1.5150538977
-1.4073267427
-0.2912784328
0.6590711008
0.6981023817
0.0193572151
2.7163204628
0.0819651673
0.7443793293
2.1363102551
0.4830739424
3.0277001752
0.2373426360
-2.0898941796
1.1140720950
0.2945660497
-0.1497506950
-1.7910244154
1.3326785475
0.0474894176
0.1217902334
-0.9330122872
0.3143824380
0.8622406786
1.1331417567
-1.0488258159
0.0961923193
-0.4369289678
-0.8652172566
0.3146322740
-0.9955572049
-0.9510324813
1.3308303125
0.3861714547
-0.9950312852
0.2931442715
1.0801407849
-0.9374845118
0.5826807161
0.9056350465
0.6146890446
0.0824765648
-0.9503934096
-0.9280805897
0.6315631375
2.1072861576
0.5868120793
-1.3412547400
1.5103443914
0.1455039243
-0.0487769939
-0.6347996896
-1.8526171219
-0.0749273553
1.6980944198
0.0532663245
-1.1362017555
-0.0184336630
-1.6003860604
-0.8533821417
2.2942490271
1.0108215892
-1.4003745889
0.1595281736
0.8033503467
-0.2496879995
-0.4598147371
0.9743525931
0.9834724817
2.2717306860
-0.0772654411
-0.2269666419
0.1492768572
1.5514711560
0.4350868189
0.2730803439
0.2393679534
-2.2269603173
0.9421037510
0.0411803836
0.4057960710
0.8875791599
2.5704832939
-2.2230349925
0.0738623825
-0.3059750051
0.2900251408
-1.2404175054
-1.4970644207
1.1956489392
1.7189878497
0.7293450853
0.5638018900
1.2761491894
-0.9105481201
-0.3444891534
-0.2829683155
2.2405261951
-0.5932783187
-0.3382300433
0.0059711820
-1.4846105565
0.9163560203
0.8194989772
-0.4597209365
0.0776479624
0.1668366593
-1.4220534859
-0.0933508596
0.0230138692
0.3924556922
1.7756699349
1.5674077082
-1.2148558439
-0.2675861625
-0.1045776975
1.2582067159
1.3049194545
-0.1118210626
-0.8548629403
0.3292688611
0.4411469318
0.8347943113
-1.3094780086
0.8179695851
-1.6176239660
-2.0228596433
-0.0374275503
0.4097687796
0.3515723791
-1.6184876479
0.0946043649
-0.6710140459
1.4721049722
0.1088767643
0.2611715867
1.8002434387
-0.2017602483
-0.0443916038
0.8614702153
-1.4099065569
-0.1600038954
-0.2556722854
2.1898434945
0.6913345247
-1.6663238744
0.8715173366
-0.3562881238
-0.7236008713
-0.3903923059
-0.2295597338
-0.2319383501
-0.8175290463
-0.0021500112
1.2895841565
-0.6804626450
-0.3300897886
-0.0606658160
-0.8006330614
-0.4603376592
-1.2683577729
0.4529262671
-0.3270155585
-0.1870473049
1.1385295210
-0.3055765062
-0.9468611910
-1.2659583600
-0.3926003037
-1.1038138547
0.0499710874
-0.9998227202
2.4768092382
0.5086154090
1.6486280116
-1.4341339093
-1.1927962114
0.9101934469
-1.0626768681
-0.6273383809
-0.2144483310
-1.4515392571
0.8732032360
-0.0428155314
-0.8419099410
-0.0480425018
0.0714175538
-0.1040499848
-0.1093759930
0.2670507900
0.8565523575
0.8915985504
-1.1097399685
0.0650555455
0.2014428157
0.4224197830
-1.2529342410
-0.7363289156
0.0032837191
-1.1148792031
1.6791979833
-1.9030395455
1.6084834817
-1.6315897402
2.6100495427
0.6321381261
-0.4652816416
-0.0996173175
-0.2485136387
-0.8109162987
-1.5437735373
1.0545629343
1.2847466372
-0.8362334805
-0.5465990456
-0.7732522048
-0.0361338407
0.8092817004
0.2282811056
0.3011529155
1.5096521798
1.2028452987
0.4536025263
-0.1085276723
0.7510868364
-0.2177856429
0.1513205402
0.7753484974
-2.2201737697
-1.1271387805
0.2122601000
1.2237631024
0.4818159808
-0.9625620534
-1.3017940020
1.3068480819
1.9381111463
0.7140798182
1.9178256364
-0.9639557542
-0.9629852868
-1.7680974496
0.0929002615
-0.6612231179
0.8129076908
2.0257287850
-1.5970875836
-0.1100514339
-1.1513994746
-0.6720835106
-0.2916557551
-0.2654370546
-0.0604171671
-0.7092077023
1.9181058051
0.5651778623
1.0069938398
0.4391368689
0.5797589819
0.3889100851
0.4703542002
-1.6798088221
-0.1367320106
-0.0213974651
-0.6564251349
0.5842053934
-2.8934655197
1.7731388586
-0.0402393604
-1.2328630112
1.9992628211
-0.2245828072
-1.9938604976
-2.5139349146
1.1090192019
0.0971467076
1.1256243151
0.1604345906
0.2742321907
1.2139470529
0.3201708450
-2.0964032886
1.4958599215
-0.3139656807
-1.0052574001
1.1496958050
-0.0647261332
-0.5574762632
1.0721980390
-0.8986451806
0.6382574816
0.8441938830
1.0210802282
-0.0900709227
0.2335906226
-1.4098121793
-0.4665050984
-1.0976381939
-0.1802396120
-2.0454356150
1.0018417076
0.6187043377
-1.5218616094
-0.3495829835
-0.0619475487
0.3775541979
-1.1214617078
0.3922184774
-0.2891544121
0.7457823073
-0.1780547809
0.4703103380
-1.0336520532
-0.2662834843
0.5410444690
0.4505794558
1.2489232926
-0.9771913498
1.6663425061
-1.7466177946
0.3284442595
2.0203366322
0.9928926714
-0.2706862778
-1.0104156076
-1.7599079019
0.6060948651
0.7177973743
-2.3219163120
1.1576196504
-0.3608466253
-0.2701337066
1.2373405068
-1.6145189404
-0.3842433537
0.6462037869
0.5877066065
-1.0931281280
-0.3676471231
-0.2488235450
1.1158989244
1.3523718103
-2.3584576728
0.7844825496
-0.4959028927
-1.1853489753
-2.6608310893
-0.2769939700
-0.2832653042
-0.9573849383
0.8396493957
-0.6502566544
0.5635209808
-0.4700812007
1.0047507490
0.2534159837
0.7607217795
-1.5652059267
0.9440486124
-1.0854254332
0.1866556335
-0.0947882928
0.4107264912
0.3974894714
0.1257827000
0.3838003614
-1.7844713376
-0.0922482167
0.4110956973
-0.1954448066
-0.5485486229
0.3407306497
-0.7544160517
-1.0981212503
-0.0799720722
0.7628656456
0.2778459302
0.2130258455
-0.0453151305
-0.3938155115
-1.0014777723
1.8217338326
-1.1162093486
1.5005513625
0.1765428771
0.4156289183
0.1406703990
-1.5797632056
-0.0307024649
-0.3014389804
0.2507656460
-1.8425489542
-0.2967420058
-0.3361915840
-0.3923470208
-0.2073877571
-0.8324382879
-1.2075718134
0.0350903771
0.0817503835
-0.0109400211
-0.2664168969
0.0013499050
-0.7954259068
-0.0528147217
-1.2971790859
1.0237993661
-2.1193652048
-1.1544745777
-0.3152288443
0.2876330547
-1.6499023139
0.2850351180
-0.6436717255
0.9517821206
-0.8933278152
-1.8289477180
-0.5270975869
-0.3668854106
-0.8104907783
0.9312565395
-0.7662425558
1.0569816773
-1.7747845431
0.1945561392
-1.4180983192
0.6222603002
0.5880482441
0.7629215745
-2.5050530840
0.0530516877
-1.5932690699
-0.5068327430
1.5915030782
0.8645303886
-1.1003098766
-1.4508962543
-1.2807890944
-0.5650640181
0.7163353945
1.0812305532
0.2587614568
0.0452898951
0.7927460590
-0.3237957525
-0.1926193691
-1.2448006891
1.0368505449
0.9102591033
-0.3759607592
-1.9293596841
2.0364319452
-0.0262470027
1.0595484162
-0.7691440096
2.3055219054
1.2509015741
-1.1452700845
-0.6664694890
-1.9550378554
0.4965565596
1.2574292223
-0.7853042043
-1.8612551784
-1.2975236881
-0.6541355887
0.7431573673
0.9557227070
-0.6800328170
-0.3950815273
1.0662674124
-0.4883794677
-1.0716957601
-0.1201776569
-1.1836209019
1.6217353096
-0.5632075598
-0.1584291426
0.1824590845
-1.3979550813
1.0078722215
0.4849319608
0.2323662105
-0.4107092113
0.8658441824
0.1489099372
0.4940073461
-0.1607664184
-0.5590310925
-3.0378938051
0.7409184104
-0.9048672550
-0.7149098404
-0.2624589677
1.2319603104
1.2866329238
-1.0200767640
0.7809687659
0.3253157896
-2.2924402934
0.9604389339
1.2492459199
0.1654194518
-1.6257872333
-0.8115263820
0.1081150733
1.0008371796
0.5147955545
-0.5732922147
-0.2032959806
