16 6 0.08
17 0 1 1 1 2 0 2 1 2 2 3 1 3 2 4 1 4 2 4 3 5 2 5 3 5 5 6 3 6 4 6 5 7 4
15 0 2 1 1 1 2 2 2 2 3 3 1 3 2 3 3 3 4 4 0 4 1 4 3 4 4 5 1 5 3
13 0 1 0 4 1 0 1 1 1 2 1 3 1 4 2 1 2 2 2 4 3 2 4 2 4 3
16 0 2 1 0 1 1 1 2 1 3 1 4 2 2 2 3 2 4 2 5 3 1 3 2 3 3 3 4 4 3 4 4
13 0 3 1 1 1 2 1 3 2 0 2 2 3 0 3 1 3 2 4 2 4 3 5 2 6 2
17 0 2 0 3 1 1 1 2 1 3 1 4 2 1 2 2 3 0 3 1 3 2 3 3 4 1 4 2 4 3 4 4 5 2
6 1
1 4
0 9
3 5
1 10
0 1
0 0 0 1 1 0 0 0 0 0 1 0 0 1 0 0
0 0 1 1 1 1 1 0 0 1 1 1 1 2 0 0
0 0 1 1 0 1 1 0 0 0 1 2 1 2 0 0
0 1 1 1 1 0 1 2 0 0 1 1 1 0 0 0
0 0 1 1 1 3 2 2 2 1 1 2 2 0 0 0
0 0 0 1 1 1 0 2 2 1 1 0 1 1 0 0
0 0 1 0 0 1 1 2 1 1 0 0 1 0 0 0
0 0 1 0 0 0 0 0 1 1 0 0 1 0 0 0
0 1 1 1 0 0 0 0 0 0 0 0 0 0 0 0
0 0 1 1 0 0 0 0 0 0 0 0 0 0 0 0
0 0 1 1 1 0 0 0 0 0 0 0 0 0 0 0
0 0 0 1 1 0 1 0 0 0 0 0 0 0 0 0
0 0 0 0 1 1 1 0 0 0 0 0 0 0 0 0
0 0 0 0 0 1 0 0 0 0 0 0 0 0 0 0
0 0 0 0 0 0 0 0 0 0 0 0 0 0 0 0
0 0 0 0 0 0 0 0 0 0 0 0 0 0 0 0
-1.6460030949
0.0169074458
-0.9113968808
0.2701076609
2.2766020727
0.6276797539
0.8075076082
-0.1546474717
-0.6168377163
-0.3181545942
0.8641655725
-0.6392602439
-0.0475095087
0.1497390386
0.1135333915
-0.4639897923
-0.0033714098
0.2488548127
0.0387438768
0.3969954730
-0.9809206408
-0.5801359023
-0.5020879531
-2.5535325461
-0.0680706499
-0.4072034408
-0.0026729263
-0.4085100473
1.2556713561
1.2944880387
0.6138278469
0.5427346715
-0.9172213492
0.0048304713
-1.0636648025
0.7455184768
-1.4225144869
-0.4579021958
-0.6716118247
0.9042141530
-0.3462210249
0.5138489311
1.8112150205
-0.1944642873
-0.2485485180
1.1465992319
2.0259995426
0.6827791059
0.9814010782
-2.2158379702
0.0693550584
-0.2859963747
0.6133054825
-0.6709723430
-1.8756441103
-1.2116663055
-0.0394734511
0.6380467746
0.0686218582
1.6328115756
1.2050949180
-0.0041995753
-1.0159780177
0.8600898589
-2.1659723508
-0.3175032351
0.2458744839
0.1562376053
0.6550247911
-0.1286461293
-1.2511630908
3.0708364583
0.4758812678
-0.1031483848
-1.4810618225
0.3400924931
-2.0869043244
0.1107656389
-0.4284231152
-0.5239141119
0.4687050204
0.5286661649
0.9864091225
-0.5925635706
0.2988564649
0.2252374794
1.5630630426
-0.6898921785
0.0144350734
0.3704781089
1.4614996791
-1.2213982653
-0.0313684161
0.0523078194
-1.4063531329
-0.2641518367
-1.4510171118
0.2207474873
-0.6258726587
0.4168924938
0.4267984928
-0.6713760871
-0.4919343802
0.9839578037
0.9768691487
0.8372180728
0.0014760264
-1.3732718059
0.5289681302
0.7805534020
0.3820667419
0.1523287503
0.5066095782
-1.1068406140
1.5906855973
0.4327343249
0.4506745363
1.1258322356
0.9084713134
0.8452851731
-1.2233714343
0.9412091392
-1.1368342198
1.9144655976
-1.6037273868
-1.4730304466
-0.2371478341
0.4073148533
0.4367343944
1.4481964672
2.6851763764
0.2693181920
-1.9721493914
0.8716281631
-1.0220394182
0.1181535001
0.6644655757
1.0704785427
-2.8678445134
-0.5068294652
-0.7984364978
1.2134847398
-1.1133368062
0.2744329582
0.1000142691
-0.4848413323
-0.9492975668
-0.2723586575
-1.7112158522
-0.0844922503
0.7414706681
-0.9736465366
-0.3207435522
-0.2831802851
-0.6428115275
1.1123908713
0.4724445097
2.5293950603
0.0419099363
-0.0491064981
-0.2150928331
0.6135288480
-2.2025103848
0.6170207397
0.4996218841
-0.2929637608
-0.0903953611
-0.2185378564
-0.2604869108
0.8533702743
-2.6962045994
0.3949071365
-0.4296385698
-1.5514421163
-0.9620601120
0.3526752421
0.4228986952
0.9833349149
0.8742465472
-0.1845578295
1.0921959126
-1.7643389875
-0.3915016965
-0.9263335550
0.9300328276
-0.0057592543
-1.6694319708
-0.4705805832
-0.5853778698
0.6335677599
-0.0976080570
-0.7857034122
0.3176698293
1.0217765248
-1.5677070019
-2.2012973722
1.1415433711
-0.2917003231
0.9467373634
0.1909659600
-0.9323759924
-1.1494683337
-0.0831677620
-1.7184358289
0.4663255552
0.3317003153
0.3691364024
1.4629467476
-1.3834195137
0.6329055807
0.5152336491
0.2162740155
0.1168982077
0.8306472887
0.0902558182
-0.9208046256
0.4641311546
-0.5380482962
-1.1101465387
-1.4729405528
0.8570447650
1.4099619042
0.8767271494
-0.0560022026
0.1393319178
1.7034631520
0.3320034084
-0.8699960507
-0.3530304229
-0.3066097883
-0.2824862473
0.4493383486
-0.9248599032
1.5417022772
0.4030283924
0.5286182136
-1.1662818654
-0.7750258219
0.8775500694
1.5742496093
-0.1331836180
-1.6622560812
0.2368071197
-1.2201859870
-0.7445820941
0.6064748832
-0.0972625292
0.0976452828
-0.1589552911
0.5155347291
1.3264054527
0.6470194997
0.3309501090
0.5274157589
-0.0108854966
1.9068920674
-1.1704069200
0.0748649785
-1.3444506277
-1.4464773711
-1.4132607168
-0.1553240167
-0.7608499253
-0.9159628851
0.9788735466
0.1181470030
-2.4108248978
0.3277988868
2.6640929067
1.5360180072
0.4433697396
0.7973523680
-0.2020762194
0.7893120881
-0.7636662382
1.2587506225
0.3077883558
0.2556441404
-1.7654065431
-1.0814892378
-2.7818174798
0.8897217567
-0.0163460741
1.3727734663
0.4540624057
-1.2314584104
1.2205871146
0.5093505922
-1.2746765060
-1.0206389926
-1.7273234581
0.1571655220
1.0940131840
0.8686858277
-0.5254207044
1.0602689385
-2.2198424018
0.5858242248
-0.1009179136
0.1516515235
0.4852195300
-0.7645335380
0.7123965979
-0.0414324955
0.9776369170
0.9377919542
-0.4803499582
-0.3524391295
1.4789195852
1.6691636997
1.0890219065
-1.9055675071
2.1925498496
0.0797055698
-0.2380222483
0.3538417966
0.8084028444
1.0036571569
0.2310929249
0.0914522137
2.1620649801
0.1115768275
-1.1722578566
0.2098658714
0.6665705808
1.1856280610
0.8757374513
0.0636421336
-0.3095268487
-0.0388155252
-0.1529487288
-0.1014756602
0.4086969022
-1.2717787560
0.2451352440
-2.0730707693
0.2981781723
0.1720609727
1.2212705878
1.3564740599
-1.6379132102
-0.0171198529
0.6609457297
0.9505629967
0.2108905740
-0.1105669742
-0.8027481963
-0.7615138977
-0.5400309626
0.3746614021
-0.0160478468
-0.8825704054
-0.7528817788
-0.1589115725
1.0084970910
0.0383916297
-1.1043177334
-1.2005519086
-1.5771080748
-0.4862168759
-0.6119145882
-0.1243607373
-0.7545938972
1.4903250570
-1.1330050390
-2.3299732792
0.3723202497
0.8618998109
1.4593259152
2.1438619654
-0.4690967435
-0.3160141610
0.7041361637
-1.4115826095
0.3241594140
0.2727759487
-0.4926748045
0.4775961698
1.2326677947
0.2205075752
1.4670567202
0.7018808151
-0.3854575281
0.9041922772
1.4542271969
1.1758379782
0.4585526399
-1.1568531904
-0.9748030038
-1.5656053440
0.0605038353
0.0409932318
0.6628226878
-2.3495447126
0.3056146684
0.2935415341
-0.0523838344
0.6139625557
-1.5777109115
-0.0928066060
-0.7889135923
-0.5178816258
0.5154561009
-1.0552841516
1.0804932745
1.0267403924
-1.2515973159
1.3656825123
-1.6104839404
3.0140129736
-0.1567153941
0.3278623778
-0.4623619767
-0.7994556475
1.2739721073
-1.9894124007
2.2888931575
-2.1228071381
-0.1051572479
-0.8320672188
-1.6180494277
-0.2976106603
1.7659589969
-0.9626736310
-2.3441505991
-0.9488204537
0.0139338958
0.0108875213
2.7566979182
0.0320478007
-0.6768832782
0.0462972837
1.3834896277
0.3514204553
1.5008544382
2.5139491964
1.9670049860
-0.1965002094
-0.8776412641
-0.7073221393
-0.6318109680
1.5059464126
-0.5537184105
0.3585595695
-0.2956118422
-0.7067847349
1.9762150482
-0.5388064906
-0.9341194323
0.9069850911
0.4093219966
1.1195070470
1.0007835154
-0.8445921867
-0.6736311227
-0.2743882834
1.0112254883
-0.0303000266
-2.8320188909
0.3861608717
-0.5039173638
0.1875706185
-2.0393047525
0.9383400543
-2.3638025999
-1.0463079772
-0.1605503018
-0.3860830970
-0.8674215109
1.0360783447
0.1248562815
0.0340767250
-1.4080085301
0.4029437758
-0.3348333115
1.3806828044
-1.7592237010
-2.1224808121
0.4308483060
-1.0987355106
-0.5994538628
1.5980398128
-0.5747399772
-0.5285055811
-1.3906557456
1.2139332187
-0.7971559998
-0.0355223407
0.3045649039
-0.0204300691
-2.7668755333
0.1329972914
1.3237976837
0.2069198634
-0.1276732474
-0.5657668252
-0.2919093194
-0.5949899560
0.7224612946
-0.1268379511
-0.3232460032
-1.7200543571
-0.7836678384
0.1542758634
-1.7048524347
1.6203749293
0.1568938755
1.3391230048
1.1401622472
0.5782143274
0.1538231180
-1.2388196604
