14 7 0.07
15 0 1 1 1 1 3 1 5 2 0 2 1 2 2 2 3 2 4 2 5 3 1 3 4 4 4 4 5 5 5
18 0 4 0 5 1 2 1 3 1 4 1 5 2 0 2 1 2 2 3 1 3 2 3 3 4 2 5 2 5 3 6 3 6 4 7 4
8 0 0 0 1 0 2 1 0 1 1 1 2 2 1 2 2
11 0 1 1 1 1 2 2 1 2 2 2 3 2 4 3 0 3 1 3 2 3 4
12 0 0 0 1 0 2 0 3 1 0 1 1 1 2 1 4 2 2 2 3 2 4 3 2
12 0 0 0 1 1 0 1 1 1 2 2 0 2 1 2 2 2 3 2 4 3 0 3 3
18 0 3 1 3 1 4 2 2 2 3 3 0 3 1 3 2 3 3 3 4 4 0 4 1 4 2 4 3 4 4 5 2 6 2 7 2
4 5
2 8
3 2
6 9
9 8
4 6
1 8
0 0 0 0 0 0 0 0 0 0 0 0 0 0
0 0 0 0 0 0 0 0 0 0 0 1 0 0
0 0 0 0 0 0 0 0 0 0 0 1 2 1
0 0 1 1 1 0 0 0 0 0 2 2 1 1
0 0 1 1 1 0 2 1 2 2 2 1 1 0
0 0 0 1 1 0 2 1 3 2 3 2 1 0
0 0 0 0 0 1 2 2 2 2 5 0 0 0
0 0 0 0 0 0 2 0 0 2 3 2 0 0
0 0 0 0 0 0 0 0 0 1 3 2 2 1
0 0 0 0 0 0 0 0 1 2 3 2 1 1
0 0 0 0 0 0 0 0 1 1 1 0 1 0
0 0 0 0 0 0 0 0 0 0 1 1 1 0
0 0 0 0 0 0 0 0 0 0 1 0 0 0
0 0 0 0 0 0 0 0 0 0 0 0 0 0
0.8918833498
-2.0516654409
-1.0333186606
-0.0739579316
-0.6711357463
-0.8194052140
1.7759289081
-1.4044236306
1.1537422439
2.0318840957
0.5329320097
0.2214934438
-0.6023104515
0.1590890305
-0.9120823229
-0.0797342546
0.2769786649
-1.1918386043
1.8002479953
1.3536366714
-0.5685569777
0.4319933575
0.2536596988
1.0630168233
0.7879690130
0.8010732923
-0.1654256403
-0.0891019194
1.2645623943
-1.5152446940
-0.7303145873
-0.3206217132
0.1347073557
-1.2707038034
-0.8322381449
1.8734953238
-0.7302502360
-0.8574390178
1.7458642919
2.1922799628
-0.4805223785
0.5744588669
1.8101099479
1.0397153127
0.2347886922
0.8535180845
0.1345993494
0.3276197123
-1.1964083645
1.7136547244
0.6188241649
1.8080592316
0.3618380561
-1.6597044352
-0.7955453307
0.0017390050
-0.7815395336
0.8835829163
1.5422354228
1.3229405228
-1.0189203231
-0.6778569909
0.9176327206
-0.9777232907
2.0631367537
-0.4718122650
-0.2782979917
-0.8445522722
0.2990490502
-1.4619439209
-1.9759836513
-0.7426854200
-1.9064276952
-0.4433171888
0.4649059115
-1.3435846769
0.7303114773
-1.2448390300
-0.3978878698
0.4120010092
2.4712273508
0.0079211202
1.2275341087
0.7799037074
-1.0330703253
1.5256162672
-0.5287149531
1.0579074944
-0.7915056792
2.5169464050
-2.0664358109
-0.2594880002
-1.3683222328
1.0209238222
-0.1756726977
-0.2195497729
0.0946185394
0.7936717374
1.0507527661
-0.9440805539
1.4517406718
0.7592163596
0.4687112887
0.0543319702
0.3494058392
-0.5673411775
-0.5816653809
2.0699140101
-0.3931901216
1.2607061388
1.2972596523
-0.4549003331
-0.6800160804
-0.4051369417
-0.2533176427
0.3604234697
0.9234920487
0.4746134397
0.0850123163
1.7514571023
-0.1355520666
-0.4920575835
-0.8258951460
0.3585844389
0.1225674318
-0.9384209726
-0.3854935777
2.9060870490
-1.2036266048
-0.1044400784
0.4634415387
-0.6625838508
1.0355690450
-1.5506994503
-0.3077100982
-0.3503809963
0.0177659105
1.1641894429
0.0416116815
0.7699009872
0.1763117105
0.2174414707
0.9766263353
2.1409048715
0.9216351984
0.7940116167
0.5996416965
0.2418983354
0.2385205621
0.2050270472
1.6943968953
0.9379991219
-0.6671417226
-1.0615352474
-1.6096772396
0.6105800799
-1.0806420901
-1.2284155797
0.6016886880
-0.1828804790
-1.2736134076
0.0511463242
1.1094458119
0.6325835788
-0.0988839670
-1.9357363481
-0.9015437404
-0.6202779620
-1.1915027612
-0.4992215649
-0.7327642630
-0.2071358322
-0.8022117123
0.9837761950
0.8171343319
-0.5491713174
-1.2898949974
-0.6004497847
-0.3074754944
-0.3446816652
1.5734038025
-2.1881760388
-0.3271542372
-1.2242041830
0.8744578295
0.8128333531
-0.9140129211
0.0808254890
-0.3468043635
-0.7580881572
0.1293453096
0.7209916715
1.5718406897
-0.1375832277
0.4485332989
-0.0181854480
0.5179361413
-0.9244597193
0.5381198391
0.8398911193
1.9627191303
-0.1626456003
-0.9964163167
-2.0649435414
1.6384775089
0.5045328263
0.2138174280
0.6210425678
-0.1971566118
0.2246451318
-0.1239434494
-0.4150025643
-2.0177587918
0.0742685231
-0.5865038899
-0.4833643891
0.2491552017
-0.6213795944
0.7343806847
-0.5015942413
-0.2901326700
1.9524327550
0.5599416084
-0.9878879068
-0.8571211917
-0.0857472936
0.8575298462
0.6708739259
0.3906989951
0.6210241604
0.7895410097
1.4800852347
-0.7753650605
-1.2040588444
-2.4371890933
1.4178784364
0.2030282257
-0.8948410093
0.0311157819
-1.6639635608
-2.6616102110
-0.8042447189
-0.4470594670
-1.1372963146
-0.1550375836
1.1168368957
-0.4080344946
0.9094015194
0.0559084276
0.7973029401
-0.2829868805
-0.1527825693
-1.4572615212
-0.2263344589
0.5227447383
0.6326648177
-0.8094052213
0.0775830270
-0.8800616786
-0.0471620742
0.5650680665
-0.1751015600
0.9042803916
1.1983555157
-0.6152473532
-1.3709916706
1.2433318838
-0.1879789750
0.2569495455
-0.3623274349
-0.3563912612
-0.6316433142
-0.2352365376
0.1553262382
-0.1693193818
1.1127041713
0.8149159237
-0.7503339268
1.2047798935
1.0594399696
-0.9677853883
-0.6156478770
0.7454135356
0.0576921553
0.7337252536
1.4449258232
-0.5492126540
0.1402549035
-0.0709048507
-0.6981055971
-0.4692240810
1.4975025267
0.4570182499
-0.0614625475
-0.1156538687
2.1238771699
-1.0005194374
-2.7856621471
-1.0579620846
0.4203913930
-0.1303036093
1.2151501243
-1.6445255214
-1.8851717381
0.7222866877
-0.4235516111
-0.4014061605
-1.2827461344
0.5144495376
0.0635430997
0.3094783843
0.0407134011
0.0159466106
-0.3810539369
-0.8400455926
1.1897396386
-1.3947357606
-0.1567062661
1.9732342910
-0.6854173269
1.9897895992
1.3138995158
0.5010801628
1.3706476093
1.7833533073
-1.6606762470
-3.2815347363
0.6726408786
0.0900458711
0.3174144174
-1.4911624344
1.4155383535
0.2305161615
0.5634214213
1.1132093244
1.1601939563
0.4505940459
0.2198125432
1.1418847187
1.8462656619
1.3433757453
0.9728322685
-2.3020880567
0.9605277776
-1.6034639297
0.7915883090
0.1779812379
0.3277883906
0.7463681981
-0.3296303677
0.1437272712
0.6791320395
0.4720547264
-0.6028001980
0.2949391541
-1.6550612417
-0.9182516536
-0.2812038584
-0.3535281541
-0.2491225516
1.6688286740
-1.6450712832
0.8673342562
-1.2883640804
0.8738775020
-2.1116712998
-0.4672083241
-0.3985856044
-0.1431623898
-1.6323589856
-0.2025144024
-0.1105806431
-0.0014041552
-1.0545040993
-0.3241869601
0.4681423988
-1.2194441355
-1.7220796940
1.3894948795
0.3223990747
-1.4006567047
1.0091005776
0.5338579614
0.0767756001
-1.6963924904
-0.2676809988
0.6535436437
-0.0652463420
-0.4121775259
0.5039902277
0.2667975447
-1.2632574280
