20 2 0.02
70 0 2 1 2 1 3 1 4 1 5 2 2 2 3 2 4 2 5 2 6 3 0 3 1 3 2 3 3 3 4 3 5 3 6 3 7 4 0 4 4 4 5 4 6 4 7 5 4 5 5 5 6 5 7 6 2 6 3 6 4 6 6 6 7 6 8 6 9 7 2 7 3 7 4 7 5 7 6 7 7 7 8 7 9 8 2 8 3 8 4 8 5 8 7 8 8 8 9 9 1 9 2 9 3 9 4 9 5 9 6 10 3 10 5 10 6 10 7 10 8 11 3 11 4 11 7 11 8 12 3 12 4 12 5 12 6 13 2 13 3
70 0 2 0 3 0 4 1 2 1 3 1 4 1 7 2 1 2 2 2 3 2 4 2 5 2 6 2 7 3 4 3 5 3 6 3 7 3 8 4 2 4 3 4 4 4 5 4 6 4 7 4 8 5 1 5 2 5 3 5 4 5 5 5 6 5 7 5 9 6 0 6 1 6 2 6 3 6 4 6 5 6 6 6 7 6 8 6 9 6 10 7 1 7 2 7 3 7 4 7 6 7 7 7 8 7 9 7 10 8 2 8 3 8 4 8 5 8 6 9 1 9 2 9 4 9 5 9 6 10 2 10 3 10 4 10 5 10 6 11 3
5 6
5 8
0 0 0 0 0 0 0 0 0 0 0 0 0 0 0 0 0 0 0 0
0 0 0 0 0 0 0 0 0 0 0 0 0 0 0 0 0 0 0 0
0 0 0 0 0 0 0 0 0 0 0 0 0 0 0 0 0 0 0 0
0 0 0 0 0 0 0 0 0 0 0 0 0 0 0 0 0 0 0 0
0 0 0 0 0 0 0 0 0 0 0 0 0 0 0 0 0 0 0 0
0 0 0 0 0 0 0 0 1 0 1 1 1 0 0 0 0 0 0 0
0 0 0 0 0 0 0 0 1 1 2 2 1 0 0 1 0 0 0 0
0 0 0 0 0 0 0 0 1 2 2 2 2 1 1 1 0 0 0 0
0 0 0 0 0 0 1 1 1 1 1 1 2 2 1 1 1 0 0 0
0 0 0 0 0 0 1 0 0 0 2 2 2 2 1 1 1 0 0 0
0 0 0 0 0 0 0 0 0 1 2 2 2 2 1 1 0 1 0 0
0 0 0 0 0 0 0 0 2 2 2 1 2 2 2 2 1 1 1 0
0 0 0 0 0 0 0 0 1 2 2 2 2 1 2 2 1 1 1 0
0 0 0 0 0 0 0 0 1 1 2 2 1 2 2 1 0 0 0 0
0 0 0 0 0 0 0 1 1 2 2 1 2 1 1 0 0 0 0 0
0 0 0 0 0 0 0 0 0 1 1 2 2 2 2 0 0 0 0 0
0 0 0 0 0 0 0 0 0 1 1 1 0 1 1 0 0 0 0 0
0 0 0 0 0 0 0 0 0 1 1 1 1 0 0 0 0 0 0 0
0 0 0 0 0 0 0 0 1 1 0 0 0 0 0 0 0 0 0 0
0 0 0 0 0 0 0 0 0 0 0 0 0 0 0 0 0 0 0 0
-1.4697920071
0.1715202271
0.9706360672
0.0660867876
0.3501762731
0.3086406922
0.0245059475
-2.0282707618
-0.3418043474
2.5824394245
-0.3467753991
2.4783304004
1.1296231914
0.6887617943
-1.8242974248
0.0569972945
1.8169174732
-0.0217282307
2.3434426219
0.0947683830
0.3163761691
0.5733252587
1.3496031239
1.2528302965
0.8841609685
0.5999142313
-1.1900271293
-1.8801393526
0.2167197787
-0.1511944602
0.0852654170
2.0044655262
0.0677126448
-1.1514082186
0.2098932912
1.6427545497
-1.8280826860
0.4268272413
0.6465336823
0.7423529220
-0.2475089616
0.6673756005
0.5317081270
-0.2312150853
-0.1404192529
0.4141115895
0.6981928190
0.6217967340
-0.3490019644
-0.9869622436
-1.2475118805
0.8395910503
-2.2869819664
0.4296033642
0.0644862526
-0.4502148623
-0.1347518967
0.8334380768
1.1311182865
-0.0357997881
0.5813874921
-0.1629341515
0.3318301138
-1.7488436835
0.5325200997
-1.8471704111
-0.7285982985
-1.3704591116
0.1405026265
0.0035964747
0.0447760517
-0.6543239526
-0.6201035285
0.2693519710
-2.9012785331
-0.4735282781
-0.6415574696
1.2324021372
2.1247418215
2.1488385869
0.3643458484
2.2101900170
-0.9301888465
0.9247372352
1.1894094535
0.6782526955
0.8023026305
-1.5180744671
-0.1503114368
-0.8773703215
-0.2847550843
-0.9842950738
-0.3891250914
-0.6018514022
-0.5762796184
0.5628994601
-0.6772258595
0.4394859144
0.6543846633
0.9099629493
0.3253782339
0.2905158547
-0.8594154445
-1.1606461757
-1.0692076512
-0.8824125698
-0.5261413723
-0.6421177419
0.4650514179
-1.0856960137
0.6697941437
0.4340176777
-0.8149095834
0.7725685255
0.5379808562
0.2822177543
-0.3125782992
0.4735222541
0.8998739049
0.2286100707
-0.8594035488
1.5308069129
0.3730406807
-1.5988540307
0.8896812455
-0.1365686138
-0.2309683227
-1.9563033043
0.8012595063
-1.1558255396
-1.1232297408
0.6388119704
-2.5712251000
-1.4181169070
0.6097889284
-0.2752550633
-0.8299862428
-1.2846791049
-0.4294563175
1.0059224648
-0.5745424527
0.5931487322
0.4332597888
0.3461152168
1.7341522195
0.6746757263
-0.0456421807
-1.0347252779
-1.0433181387
-0.8732981468
2.0458338706
-0.3419465251
-0.1491920072
1.0167804214
0.8284706094
-0.0817419922
0.5861825728
-2.2336847386
0.0724186025
0.8667270725
0.1058129013
0.7253253014
1.0988973394
-0.5464811501
-0.6819876317
-0.0250490198
1.1308746934
1.2832975579
0.0984714596
0.2552314496
-1.0026257406
1.0700706783
0.8808254019
0.2575925095
-2.3386355419
0.7760792488
-0.4841372778
1.4360011320
-0.1763259527
0.0462372253
-0.5118104857
0.8043915034
0.4154015620
-0.5464926856
-1.9516002785
2.9285721890
-1.5663507226
0.5253639041
-0.5409009720
-1.4146305337
1.5930467266
0.2058608690
0.1860424533
0.3513022449
-0.7932987942
-1.5738378078
-0.2426874971
1.4846664745
-0.2351477527
1.7625614803
-0.5574587068
-0.0280304464
-0.5139116388
0.8773264221
1.4890313291
1.0738475597
0.0202854197
0.1926258507
0.2993095052
1.1128172699
0.9282626453
-0.8046522657
-0.3791775599
2.0732867511
-0.3390288279
-0.7966579599
-0.3877187829
-1.2372300750
0.2205388206
1.2226559215
0.1953925128
0.0342891400
-1.2014072141
0.9544640433
-0.0991233431
-0.6582809545
-0.8867510077
-0.5391687804
0.7386692378
0.6834981508
-0.9508842407
-0.2567542139
-2.5452337909
-1.3530265578
0.1051593467
-0.1065395369
-0.2658930396
-0.4878148950
0.2615116529
-0.8453293400
0.1605472339
-0.7136910520
-2.6734280468
-0.4716285696
0.4287104571
1.5590261732
-0.3490023740
0.3448272528
-0.0269894400
-1.3697011211
-1.0778035631
0.2268799050
-0.6597152150
1.2299301270
1.1606735796
-0.9480573527
0.3186981198
-0.0029707420
0.1633221242
-1.0333056851
-0.4491688543
-0.4283395704
0.8516978460
0.3275703884
-1.2987152977
0.1980974159
0.4799441664
1.2252678885
-0.4056991927
0.9351003231
-0.2071341316
2.8890129729
-1.3409136952
-0.4970402165
0.8392821871
-1.7310891410
0.1594851701
0.8275761921
-0.9297281374
1.5705703594
0.8537705581
0.3981069646
0.1267340943
0.9989798615
-0.7220352926
0.3797987058
0.9620758967
2.2285104931
0.1373887210
-1.1029569171
0.4068958757
0.9178052737
1.1409180296
-0.5591166780
-1.4542148874
2.0606934939
-0.1955130488
-2.4326882064
-0.4429035458
-1.4230310919
0.0988497571
-2.8328088778
0.4543054373
-1.6524939324
-0.6026053718
0.8673168681
-0.6443164647
-1.3897575340
0.4629293956
1.5453950282
-0.0675078559
-1.6799540527
0.4059685429
-0.6202856304
0.3864296969
0.2465315194
0.3734424579
1.0917880984
-0.8986986205
-0.6728987746
-2.3818496270
1.0789635177
0.5464400482
0.8289589154
0.3969787185
-1.4302058140
-0.0175317527
0.3039978231
-0.4681150006
-1.2800728809
-0.2581789733
1.2679722714
1.7568137834
1.9117162866
-2.3867839839
0.0879392909
0.2035364906
0.5300847952
-0.3483257154
1.1989981897
0.4370011757
2.2057820213
1.4463930950
1.0641655591
-0.3204973847
1.5597204390
-0.5838761820
-0.3631522709
0.4765708198
-0.2619670561
0.0717071148
0.0714896675
1.7826965324
-0.5005321987
0.1130613497
0.3496375865
0.1258380684
0.6561254974
-1.7861120669
-0.8000726017
-2.0990403212
-0.3865953402
0.8758834136
0.8368691531
-0.8112778408
-0.4965987353
0.6999444109
-1.1650777734
-0.8590523118
-0.6430738610
1.2963611648
-0.1913501787
0.3995211093
-0.4761544128
1.0662538864
-1.6645215759
-0.5821786776
-0.5846011893
-0.6721796205
0.7639775636
-1.5746575263
-0.5760541821
0.7227007455
0.2017556513
1.3774737681
-0.9023746684
1.4787522403
-1.1290504696
0.4405251478
0.2377654794
-0.3672921510
0.6260880714
-1.3212383626
-0.7510137927
2.0672330840
-0.7550640366
-0.0876018983
-1.1047951237
-0.7401101119
-0.1470515032
0.6168801498
-1.6915871640
-1.1337306883
0.9657883384
-0.5187321245
-0.3353773921
0.3842486157
-1.0840315859
-0.2113648055
0.8260935170
-0.9143326099
-2.1479532105
-1.2731472280
-0.6353162599
-0.9344188766
0.2715622186
-0.8769010520
-2.0004294081
1.7379927399
0.1520334550
-0.0715827397
0.0551791257
0.1678428305
-0.1500082185
0.0078838761
-0.5789754755
0.2564108120
1.3196350616
-0.9607808044
-0.1159148736
1.1347440596
0.7561516212
-1.7334921579
-1.7778052198
-0.6804447299
0.5060166844
0.5677988595
-1.4959600973
1.5640783488
0.6340863866
-0.8648525804
0.2412343807
0.9338541825
-0.4528812680
-1.1635333612
-1.1464088089
0.4790972795
1.0643049429
0.6444713124
0.7785600960
-0.0853453793
0.0383376974
1.6300961920
-0.0709719701
0.5650042135
0.3377855208
0.0328699700
0.1902354062
0.1185470407
-2.6029674281
0.4129048081
-1.3421245616
-1.7805901450
-0.1176878291
0.4025653882
-1.9701082085
0.0328857998
1.0975683748
-0.9061860643
0.9545328221
-1.2833819482
0.1205296739
0.5844119521
0.0869745039
0.0538261536
-1.4675976140
-0.8592376005
1.0045398790
-2.3376657992
-0.7860300872
-2.3201932680
0.1197383124
0.6799670039
-2.3335153958
-0.3033069037
0.3103336176
-0.1675289368
0.5334160501
2.2444839808
-0.1257311409
0.2856470799
-0.0774248179
-1.1723601055
0.4911106161
0.9509097989
0.7831504660
1.5154815495
0.1069666379
-2.0329124499
2.3218429989
-1.3526112571
0.6001347262
-0.0374644645
-0.9199578672
-2.0585414308
-0.0801851806
2.0112790623
-2.2457602874
0.3058065148
-1.1305911324
2.6276899750
-0.9141662040
-2.4762684842
-0.2496353898
1.6217175995
-0.3004858646
1.4388361640
1.0317214470
-0.0298057480
0.0856622096
-0.8211596284
0.9187674548
-0.3006418581
-0.6484140935
0.6573220601
0.2125871322
-0.8262785001
-1.2151571937
-0.4511827333
-0.7229252554
-0.0146353184
-0.6532755466
-0.0070410359
0.4326358767
0.7732933073
0.6449320033
-0.5987970552
-1.6346216039
0.1652597686
0.3807228356
-1.5655606806
0.3602376772
-0.6638416915
0.9200121829
-0.2489344579
0.0310781174
0.3990982691
-1.4214918719
-0.8006487022
1.4691026727
-0.5091234277
-1.1690645062
-0.0167852154
-0.2819737735
-1.4409282163
3.1145416549
-0.5590156958
-1.8230164236
-0.1934508695
-1.4910591427
-0.1063653743
1.1517052598
-0.4100369710
0.0777098718
-0.1523157907
0.0996400112
0.5815093032
0.0544572531
0.1805238275
0.7383810654
0.2854719433
-1.2287838480
-0.5828756922
2.1829265207
-1.4228757077
0.8552204948
0.3409034964
-0.7615051185
0.0512405521
-0.7226663723
1.9758460860
0.4436063657
-0.4685695454
-0.2761878781
0.6550341184
-0.1470623429
-0.2444663171
0.2201699409
-0.6216720812
-1.6774287470
-1.5040237847
-1.7878499620
0.5045526771
0.2659759892
0.5535897633
-1.2226998529
-0.2962308069
0.4030956565
-1.0139507675
0.6926957454
0.1900106875
-0.1922107558
-0.7551364460
1.2440042319
0.0539067148
-1.1344212325
-0.9710693626
-1.9247961687
0.1572617319
-0.8825838365
1.1678193129
-0.5735538325
0.4259709300
-0.2665373660
-0.9883042473
-1.1590654537
0.4950468993
0.5794027282
0.5309965696
-0.3150225722
0.6741584635
0.4713673346
-0.9072657546
1.4762377875
0.7871624206
0.0826854712
-0.5990197791
-0.4533694989
-1.4003235165
0.8997587189
-0.5304540868
0.5094218123
1.0994376284
0.5103365460
1.2861741336
0.2457300587
0.9977812141
-0.3154140865
0.2520789754
-0.6916718446
-1.4688834500
-0.5428264214
-0.7536057189
-0.1837023387
-0.1505187626
-0.0332779172
-0.4582254689
-0.2274430775
-1.0051164520
-0.1708651511
0.2188721941
2.8266271761
0.7807006386
-0.8868174675
-1.1744580349
-0.5218455482
-0.2458121727
0.6190172616
1.8393223004
0.8154075664
0.7824552657
0.8786056144
0.2244298286
-0.5779856466
0.0993959787
0.7107097262
0.0132168976
0.1407317618
0.1669589255
1.8395886210
-0.6346131785
-1.3792170506
0.0542862490
-0.0769852289
-1.0906721661
0.4213614870
-0.4370605360
0.8691336192
0.7394509169
1.5982725251
-0.9091368601
-1.7999221056
-0.3324333666
-1.5560261782
-1.9869663435
0.5974681413
0.4429115719
-1.0931633330
-0.1125472801
-0.8683899144
-0.8936752934
-0.1202558130
0.0642171018
0.0429103160
-1.0140859900
-0.6819078078
-0.1851488374
0.5616021125
3.3650132207
-0.6777790011
1.0132890013
-1.3071860849
-0.0947618975
-1.6896975840
0.0447400378
0.5444288755
0.0123857016
-0.1312490384
1.2013206240
-0.2664114164
-0.5717852785
2.4511458476
-2.4844548542
-0.5797969585
1.6123477764
-0.1253661237
-0.8941127635
-1.3978952861
-0.2587656912
-0.6388159829
-1.5506225821
0.4183951757
-0.0047138116
-0.0290248566
0.8425672928
-1.2025101231
-1.6809035672
1.6912712912
0.3510547330
-1.4935560689
0.0106338324
0.2790336054
-1.0051463392
0.5031427615
0.0177846414
-1.6726935554
-0.1607720936
0.1200773515
0.4885005141
-0.9152413720
0.0581862159
-0.3215509659
0.3696626105
0.5793494533
0.2004843412
0.6919279140
-0.5761675538
-0.4928090281
-0.8140913653
-0.3154087681
-0.7325856074
0.9457385165
0.4551130498
0.3095945700
-0.1298477515
1.8928446901
0.5630827320
-1.2322074530
-2.1464162880
-0.1690769704
-1.0817259864
-0.1946253043
-0.3333358199
1.6910370692
0.8596642466
-1.1156426282
-0.5202624160
0.1135105364
3.1497422473
1.3434991585
-1.3333369576
-1.1748343778
0.0941347832
-0.2069611817
-1.6744882208
0.4208504581
-1.1963078170
-0.8697408739
-1.5484102328
-1.3550473032
-0.4010259447
-0.8593120868
-0.1437305840
-0.1242853994
1.6379531239
1.0297057415
0.5214481033
0.5653719472
-1.3182024043
-1.7670762975
1.0017531084
-0.2596244987
0.2452586145
-0.2203191867
-1.3638726211
0.0852806777
0.7878727300
-0.1066475396
0.0697237115
0.4633982411
