14 9 0.03
7 0 1 0 2 0 3 1 0 1 1 1 2 2 1
7 0 1 1 1 2 1 2 2 3 0 3 1 3 2
7 0 0 0 1 0 2 1 1 1 2 1 3 2 1
7 0 2 0 3 0 4 1 0 1 1 1 2 1 3
7 0 2 1 2 1 3 1 4 2 0 2 1 2 2
7 0 0 0 1 1 1 1 2 2 1 2 2 3 1
7 0 0 0 1 1 1 1 2 1 3 2 1 2 2
7 0 0 0 2 1 0 1 1 1 2 1 3 2 3
7 0 0 1 0 2 0 2 1 3 1 4 0 4 1
4 2
7 11
10 8
9 8
8 7
10 0
0 0
4 9
7 1
1 1 0 0 0 0 0 0 0 0 0 0 0 0
0 1 1 1 0 0 0 0 0 0 0 0 0 0
0 1 1 0 0 0 0 0 0 0 0 0 0 0
0 0 0 0 0 0 0 0 0 0 0 0 0 0
0 0 0 1 1 1 0 0 0 1 0 1 0 0
0 0 1 1 1 0 0 0 0 1 1 1 1 0
0 0 0 1 0 0 0 0 0 0 0 0 1 0
0 1 0 0 0 0 0 0 0 0 0 0 1 0
0 1 0 0 0 0 0 0 0 1 0 0 1 0
0 1 1 0 0 0 0 0 0 1 2 2 2 1
1 1 1 0 0 0 0 1 3 3 2 2 1 1
0 2 2 0 0 0 0 0 0 1 1 1 0 0
0 1 1 0 0 0 0 0 0 1 0 0 0 0
0 1 0 0 0 0 0 0 0 0 0 0 0 0
0.4972125693
-0.0646606741
-0.8260744929
1.5565577990
1.2473176634
0.0098377030
-0.2043133195
-0.4049155287
-0.3533084641
0.7379613601
0.5901787030
-2.9568874337
-2.0487121232
-1.3497155604
-0.2189724101
1.3208630999
-0.6279001763
-2.5679437584
0.1151317508
-1.1479033483
0.8667753590
1.2500410625
0.5579270722
-0.1456975289
0.2068410315
-0.8289030458
-0.2391511307
0.1086516340
-0.0878054546
-0.8440559531
-2.2510074696
0.7994197812
1.3612219869
-0.3728623716
0.5520471873
-0.0432979415
-1.0799409553
0.4947337776
0.4607058849
-1.6439774859
-0.7216609616
-1.4219863281
-0.3567811596
0.2166682046
-0.8071094408
-1.1507998948
-1.3646039728
1.3860188135
0.8423747291
-1.1946190857
-1.1373539831
0.2199905642
0.5799779404
-0.7007475143
-0.1612513083
-0.4821151339
-1.1310523891
0.4858814349
0.2197592996
0.6553119046
2.0463969809
0.1284099681
0.4718992068
-0.4579988840
-0.8365658532
0.3526357641
0.2799496609
-0.4528144068
0.2988413337
-0.8499460314
-1.1191238351
-1.4877122485
0.0875914598
-0.7410285379
-1.6234075819
-0.8714299859
1.3737812854
0.8264499365
0.9012986486
0.6472362005
-0.7250615202
0.1553017941
0.6809748595
0.2819686823
-0.8493971219
-0.3571658559
-0.5812878265
-0.7793001206
-0.8422815467
0.4556924885
0.2557245273
0.4460941495
-2.0372214678
-0.9152097216
0.2104196621
0.0249082195
0.3010183520
1.4533397607
0.7666709668
-1.6115129152
-0.1989578400
-0.0177923265
0.1546836865
0.3923331672
1.6944182247
-0.5114648243
-0.4134940651
1.3964142931
-0.3525071825
-0.8826973439
0.5145483741
0.9232410872
1.3044926272
0.2241638755
1.7210687169
0.6113895661
-0.0114449126
-0.6062003372
-0.7722970090
0.0024586647
-1.0411510718
-1.2271156461
0.4864118501
-1.1918696623
0.2222193526
-0.2185858503
-1.0213722395
0.7498618540
1.4831364799
-0.5233082314
-2.2441314201
-0.3482254602
0.8968529142
0.9242240448
1.5543613480
1.7008177075
0.6606748437
-2.3184282012
-0.4030889729
0.1056469760
0.0653575189
-0.3533330762
1.3014279256
-0.3545668972
-1.0407208445
-2.2703797004
-0.2539959411
0.0503962717
-1.4648606387
-0.8715786721
-1.2325651045
-0.2716118880
-0.1455973328
-0.8151796078
0.5045777235
-0.3467368616
-0.5120087994
-0.2218188806
-1.6777798619
-0.4244360841
-1.0123779966
-0.0163233708
-0.9131728447
-1.0407780680
-0.9603217824
-1.3259901931
1.4660807018
-0.1423937826
-0.4097999925
-0.6584198904
0.4167755873
-0.4202444725
-1.4422764189
-0.5454735662
-1.7052433987
0.5783404623
1.5481269739
0.3547285720
1.6581648349
-1.5535202032
-0.0894407976
-0.2604779390
-0.4419605817
-0.5493606709
1.7723758325
1.2369990050
-2.5723828115
-1.3674643008
-0.4022626604
-2.1710144530
-0.9497299438
-0.4348574311
0.7589495696
-0.5386450061
0.4410182025
-0.5690178904
0.8858305690
-0.0579838130
0.0383527910
1.0567499066
-0.4979783819
-0.0665702815
-0.4267421396
0.2419772637
1.3398746232
1.3281782425
-1.4684322302
-1.6021786229
2.1047175323
-0.2466970821
1.4434489143
-0.0207584811
0.9870391456
1.2309899000
-0.9286786486
-1.2804239631
-0.0218885125
-1.1763516572
0.4580311214
-0.5197497537
0.2702899940
0.1836633831
0.1282751536
-1.8064299118
-1.0207359126
0.1349927929
-0.6210522189
-0.5081848436
-1.4489705287
-0.7668017474
-0.5335185836
-1.3345196808
-0.7667056275
-1.0485861067
-2.2994856191
-2.8677065183
2.1779050002
0.4598261785
1.3470559949
-1.7139948071
2.6997441157
-1.9216170878
1.0523187083
-1.4493154250
-0.1379851216
-0.2458120132
0.5645331583
-1.2279809301
-0.1129253026
-0.3600167732
1.1944312311
-0.7134809475
2.4997696213
1.5479956244
-2.4847248583
0.9705223007
0.7264849104
-0.8731121824
0.0873938787
-1.2606213769
-0.2232578267
-0.6583984153
-1.1407074307
-0.2995042130
-0.7577145864
-0.6817732195
0.7620062528
0.4388025790
-1.2969353909
-0.3104772777
-0.8187756321
1.0573856263
-0.7046487432
-0.9631412443
-0.7547687702
1.1830291402
1.5308931576
-0.3520678666
1.4717525161
1.0881026228
0.0654815592
-0.0473521291
-0.4155099555
1.7136370931
0.4512799467
-0.7762742183
0.7746459636
0.2922102121
1.1622459100
-0.2424882205
0.5027090259
0.0190505700
-0.3034268746
-1.3273331933
-1.4073440321
-0.3507868326
-0.1472636059
-0.7345552972
-0.1131812641
-0.4546362835
0.2770635289
-0.3727559097
2.9274334246
1.1054594515
1.4181837615
-0.3995306943
-0.7063856439
1.3410556064
-1.0141952730
1.2285095165
0.2747518532
0.3975111384
-0.1856945690
0.2533698763
-0.6834995169
0.1355062297
-0.5842486653
-1.9431317562
2.0601517531
-1.5419785339
0.4195861940
-0.0741598186
0.4320670327
1.5972406211
0.7912960839
-0.9408395227
0.6295095367
-0.0936541364
-1.1066343220
0.6904589752
0.5810898031
-0.0589741858
1.8137882235
-0.5676642390
1.1439169877
-0.9103184709
-0.9217600145
0.5681389582
0.5199413779
0.7124567310
0.3106814147
-0.0951140056
-0.0142672018
-0.2196523828
1.4761967285
0.3791835186
0.7076532608
-0.2847768278
-0.2906003536
0.7083765781
0.4812501982
-0.1272088914
-0.2286256894
-0.7840944145
-0.7207224563
0.0732029731
1.4147262384
-0.7197543088
-0.5763630700
0.2480047720
1.1522356859
0.1283888225
-0.9064782276
1.1553841348
-0.3158333417
1.6441124029
-0.8777317428
-0.4710825896
1.0876782087
-0.5815141628
0.0877353280
-0.2090445234
0.8403465673
1.6467090831
1.2534311544
-0.4576876129
-0.5590384511
-0.1680569942
-0.1603633101
-0.1936308075
-1.2298329581
-1.1437223660
-2.2547384218
0.8852620667
0.6274503455
-0.4059495594
0.3800385917
-0.3343385508
-0.4985879271
0.0205412707
0.3130776370
-1.3680461647
