13 2 0.10
5 0 1 1 1 2 0 2 1 3 0
33 0 5 0 6 0 7 1 2 1 3 1 4 1 6 1 7 1 8 2 2 2 3 2 4 2 5 2 6 2 7 2 8 2 9 2 10 3 2 3 4 3 5 3 7 3 9 4 0 4 1 4 2 4 3 4 4 5 3 6 2 6 3 7 1 7 2
1 7
0 0
0 0 0 0 0 1 1 1 0 0 0 0 0
0 0 1 1 1 0 1 1 2 0 0 0 0
0 0 1 1 1 1 1 1 2 1 1 0 0
0 0 1 0 1 1 0 2 1 1 0 0 0
1 1 1 1 1 0 0 1 0 0 0 0 0
0 0 0 1 0 0 0 0 0 0 0 0 0
0 0 1 1 0 0 0 0 0 0 0 0 0
0 1 1 0 0 0 0 0 0 0 0 0 0
0 0 0 0 0 0 0 0 0 0 0 0 0
0 0 0 0 0 0 0 0 0 0 0 0 0
0 0 0 0 0 0 0 0 0 0 0 0 0
0 0 0 0 0 0 0 0 0 0 0 0 0
0 0 0 0 0 0 0 0 0 0 0 0 0
0.1890553735
0.7896333788
-1.0104660368
-0.2100569279
-1.1519548208
2.0316556279
0.0851290215
1.1596395300
-0.9463115855
-1.1812327979
0.6865931542
0.8322714133
2.2295375786
2.2704726862
-1.7470839872
1.2969893657
1.9857459128
-0.6998478888
0.5396269346
-0.0079731160
-0.1291714209
0.3388363128
-1.6501288607
-0.3925551866
-1.2101390988
-1.6849351261
-0.2387277711
1.7062191553
0.5441044348
-0.8017251623
-0.5796243893
0.7614380254
-0.7298008934
0.6674283174
-0.7627422427
-0.5705066238
-0.3721797629
-0.0629361975
-0.0403566444
-0.3297783245
-0.8731975710
1.4305210040
-1.7598457528
1.9889770022
0.7188761574
0.6168148339
0.3117777438
1.3733935408
-2.6607101063
-0.5676473015
-0.8594585500
0.9338543527
-1.1203984738
0.4926476757
0.2679964265
-0.1308421451
0.3807935937
0.0304277002
0.1233783381
0.2307907059
-0.3171675128
-0.1172095975
-0.5093360128
0.3654741381
-1.2030115681
0.3897286268
0.0967058571
-1.5427250145
1.2389133481
-2.3611553981
-0.5117903836
0.3906143877
-0.5962487847
-1.0570273161
0.1016640325
-1.6307267026
1.0662522798
-0.9249566783
-0.0059881758
-0.1600132804
-0.1061886566
1.4892941472
0.1990738204
-0.9127143477
-0.8097710071
0.7347747305
0.7481703105
-1.4888056548
0.7199558807
0.8525002759
0.1660813277
-0.3886137406
-0.1992413220
0.5691042829
1.5574482622
-0.4729362623
0.0820293988
1.3242946869
-0.5479434955
-0.0331286386
0.9699730439
-0.1014679981
1.2511238513
1.5062759656
0.9044811796
-0.0797535178
-1.0670989585
-0.3744759692
-0.1875992178
0.3704218285
-1.6749868031
-2.9839784828
0.2575328686
-0.8194335044
-0.7571560510
0.9197419617
1.3204342417
-0.4826596093
0.2527937913
0.0291754224
-0.4766812239
0.8056851496
1.5947829488
-0.4858771236
-0.2816927444
0.3781216550
-0.5061969358
1.4074125865
-1.3409683203
-1.5644376216
-1.2577909829
-1.1104698586
-0.6749616888
-0.0106583409
-0.5365918784
0.4458832078
0.7677433941
-1.2452050737
0.0207336183
-0.1894441158
1.3886418194
0.1222807138
1.9824163588
1.5705899523
-0.1288435914
0.2603007976
1.1672576826
1.0169724871
0.6901967590
0.6721709413
0.0980532195
0.0591165789
-1.2023029849
-0.6185843137
-0.2870308300
0.4949012105
0.4541646452
0.4459830799
-0.6175456887
0.7320366963
0.6537312951
-0.4369398017
-1.7610506703
0.4900106106
0.9929858429
0.4483403029
0.1342212678
0.7638835163
-0.1163913018
-0.4590629593
3.1156540781
0.3677022304
0.1600253122
0.1686894221
-0.2358186707
0.8389608794
1.3927359236
0.6848861596
-2.5055164460
0.8007106145
1.4594579439
0.7896067013
-0.2177459770
-0.3125655679
-0.6135040691
0.4222083719
0.6931004239
1.4358159780
-0.4884411543
0.0738404824
-0.6051619128
-0.2763586681
1.1817868522
-0.2794736185
1.9696009861
1.2921452208
0.6780842500
-0.9475962355
0.5525542473
-0.4675803609
-0.2386502728
-0.1381419967
0.0054590365
-0.3300235705
-0.9064150848
0.4070580210
-0.7223212380
0.2717383418
-0.2110779525
-1.2001917315
0.8387204618
-0.2428354787
2.9922139522
1.2320838399
-0.3560989961
1.3635605502
-0.8349066062
1.3653242006
0.9332625514
0.7095447809
0.4051851565
-1.7787196707
-2.3075896718
0.4865345681
0.0776889477
-1.5294433913
0.2897582228
-0.3166195375
1.7652296291
0.3814278846
0.6293086871
2.2159778388
1.5745644968
1.0694908582
-0.9374175076
-0.9166388943
-1.5870680104
-1.5196258940
0.1588112005
-0.4906901708
0.5595540009
0.7370533000
0.8616964412
0.8510106846
-0.7440174540
0.1110456904
0.9852247963
1.3640314200
0.0566714529
-0.8577852128
-0.7508348414
-0.0391984675
0.2867616942
0.0470881560
1.4043722827
-2.2302383581
-0.6249536171
-0.2793770146
-0.3681921648
-1.0387187422
-0.0335072772
-0.3999301051
-0.4514525196
0.1079217603
0.5088494577
-0.4326261065
1.1742897182
-0.4784651612
0.6896842573
0.7764384351
1.9052572910
-0.4617038663
-0.6144925025
-1.1716079899
0.3103372725
-0.4980789421
-1.5485162408
0.7237711842
-1.0431993385
-0.4354519365
1.0365080988
-0.0625251209
0.1290025810
-0.9444128885
1.9707162926
1.2285080969
-0.1219551066
0.6014189543
0.6470672710
-0.5897582237
1.9530959205
0.9323024101
0.3217086020
1.4944341412
0.2121804704
-0.9347242678
0.8906711862
-2.1077408725
-0.8066680120
-0.2085692629
0.3156593330
-0.3401478655
-0.1773759291
1.2442911077
-0.3712712323
0.0670790653
2.4342247646
-0.5362350035
1.6906046431
0.1764283605
0.1502113655
1.6251692570
1.8096558676
-1.8030981945
1.1669614828
-0.9594779929
-0.0926983053
0.4178434392
0.3218147248
0.1920652880
0.9885922176
-0.3184152028
-3.0569179861
-0.9243389838
-0.5249951392
0.8514160298
-1.4266841471
-1.7126377978
-0.7349569792
-0.0385748826
-0.7586830432
-0.0387863381
-0.5453899659
-0.3620295273
0.9725924276
-0.7063520456
-0.1191241877
-0.3658002462
