14 8 0.19
7 0 1 1 1 1 2 2 0 2 1 3 1 3 2
7 0 1 0 2 1 1 1 2 2 0 2 1 3 0
7 0 3 1 0 1 1 1 2 1 3 1 4 1 5
7 0 2 1 0 1 1 1 2 1 3 2 1 3 1
7 0 0 0 1 0 2 0 3 0 4 1 3 1 4
7 0 2 1 0 1 1 1 2 2 2 3 2 3 3
7 0 0 0 1 1 0 1 1 1 2 2 1 3 1
7 0 1 1 0 1 1 1 2 1 3 2 0 2 1
6 6
2 5
8 6
8 9
4 3
2 4
10 7
4 3
0 0 0 0 0 0 0 0 0 0 0 0 0 0
0 0 0 0 0 0 0 0 0 0 0 0 0 0
0 0 0 0 0 0 2 1 0 0 0 0 0 0
0 0 0 0 1 1 2 1 0 0 0 0 0 0
0 0 0 1 2 2 3 1 0 0 0 0 0 0
0 0 0 1 1 2 3 2 0 0 0 0 0 0
0 0 0 1 1 0 0 1 0 0 0 0 0 0
0 0 0 0 0 0 0 1 1 0 0 0 0 0
0 0 0 0 0 0 1 1 0 1 0 1 0 0
0 0 0 0 0 0 1 2 2 2 2 2 1 0
0 0 0 0 0 0 0 1 1 0 1 0 0 0
0 0 0 0 0 0 0 1 1 1 1 0 0 0
0 0 0 0 0 0 0 0 1 0 0 0 0 0
0 0 0 0 0 0 0 0 1 0 0 0 0 0
-0.5578774243
1.0011615799
-0.5677946800
-0.0427060818
-1.4981467162
-0.0407636503
-0.3478484611
-0.2613640966
-0.1964741240
0.4414668120
0.8940360199
-0.3119274870
-0.1331134562
0.4837822830
-0.4147469869
-1.6278555394
-1.4505071089
0.2735615290
1.1424187047
0.0927294611
0.8990764861
-2.3170015486
-2.1698404804
-1.3226485864
-1.2560173272
0.7033589358
2.2044192122
0.4707637882
0.9725665781
-0.5706545633
0.0086044716
-0.6652245256
-1.3227311301
-0.8296664968
-0.6839633305
-0.2754924230
2.0243716084
-0.0720982939
-1.1136999956
-0.0849990491
-2.0721521284
0.1617796969
1.1245462765
1.1545927636
0.1976830703
0.2135002106
-0.8804445668
0.0647176881
-0.1800487974
0.2310031543
0.4765608327
-0.4098979061
-0.4482523303
-0.0109886053
-2.2076795960
-1.1413003214
-1.7397841838
1.4083890051
-0.3035308268
1.1728873178
-0.7351084907
-0.6983590641
0.2516352622
0.1376419461
0.6704453930
0.4427023134
-0.5791714811
0.5750512887
1.3059903633
-0.5952785671
0.1142144069
0.0514144439
-1.1865041017
-2.4996334042
0.4502935641
0.8130277433
0.3171381348
-0.2049065475
0.0252666301
1.0173176731
0.7262259453
-0.1882678555
0.7253022771
-0.6226899374
0.4417625696
-0.5737051886
0.0899530724
0.9339735764
0.1670628698
1.6764751668
0.0252375442
0.5444689383
0.4972066105
0.5599967597
1.4522195355
-0.1800754013
1.7788165918
1.1168886187
-0.1398686018
-1.4253395499
-2.3782193771
-0.5843943631
-0.0012885870
-0.4700038576
-0.5837633402
-1.0978051223
0.5207450969
0.5464193800
-0.5925156020
-0.2304661242
2.1120749906
0.2554890953
1.1480153120
-1.5418482729
1.1855271243
-1.1530616375
-0.5284687695
0.4571753733
-0.8694272607
1.0462459914
-1.6701758768
0.5276494623
1.0481094836
-0.1011654532
0.4601609604
0.3579842180
-0.1157168090
-1.2391165395
-0.8784560016
0.0150730573
0.2391122382
0.0852036379
0.1897563643
-0.4512140447
-0.1162823338
0.8926777776
-0.3227182913
-0.3590664614
-0.3509702649
-0.7985756737
0.1828504357
0.7665294130
-0.8144420102
-0.2166990092
-1.1403504075
-0.1128090519
0.3682553373
-0.8305761232
-0.2906203163
-0.3410934861
-0.6670727728
0.1779762356
-0.5639928168
-0.7286640062
1.5008157368
-0.0575450042
2.8197899978
-0.9960296899
-0.7700062831
-1.0638145411
-1.1193338889
0.6297140429
0.5688469288
-1.1410081746
-0.5397463099
-0.2204912705
-1.0071455015
-0.4773342351
-0.9273738922
0.9226729718
0.6451768994
-0.0037732449
0.3771331706
0.2471751774
-0.9941444941
-0.7229363305
1.0068302552
-1.3865311927
0.4621035055
0.7115531522
-1.5279593201
-0.4340156731
0.0641196826
1.0922400366
0.9397243185
0.7711479400
0.6153682605
-1.2902378240
0.7753080449
1.3363849219
0.6899179364
0.0326412544
-0.7138021855
1.3640819913
-0.1664485699
1.5195456452
-0.1741945596
0.6063113010
-1.0325820536
0.1946132911
-0.3102007516
0.5636121319
-0.3203605465
1.0163090969
0.9653882522
0.0097045696
0.1111206449
1.9124003864
0.8509545011
0.6875520894
-0.6920429372
-0.7938090047
0.9243391163
1.1404303450
0.6047990912
-1.5141449933
-0.0709961532
0.8132188730
1.1561478684
-0.7807639172
1.0622756647
0.1939674399
0.7848847884
-2.1872109993
0.7078665416
0.7289107260
0.6750007653
0.2229820703
-0.4409391502
-1.9555051404
-0.4928884309
1.0213250979
0.9943369851
-0.3850971322
-1.1317846944
-0.6038587694
-0.6990823489
2.3946209910
0.5240484301
-0.1214619173
0.7735337360
-1.5613420489
-0.2761056335
-0.1968325212
0.0898991257
-2.7573320328
-1.3187191654
0.3390385826
0.1928561407
-1.3666095500
0.1640005450
-0.3486281932
0.2820228716
0.6002780941
2.4494027031
0.6266065236
0.5942548658
1.6262330033
-1.7672580383
0.0710103522
0.8574480574
0.0391924331
0.0375427206
-0.7304612460
-0.1978087542
-2.3455729338
1.3762208061
0.6630732945
1.2255625830
0.2114306872
-0.2219582680
-1.5330720608
-0.7493260115
0.0099388434
-0.6484401186
0.3226746920
1.1003463371
1.9305277851
0.9649005878
-0.2904707236
0.6522254990
-2.2524086885
-1.8709610950
0.2119963516
1.3186978915
-0.0780377016
-0.9609737276
0.1957560365
1.2224395227
0.8572316496
-0.0918319458
-0.9654339121
1.6736333179
0.6213236395
0.7794167427
-0.3502148026
0.4181447009
-0.8986580918
-2.8090559047
-0.8511875236
-1.0525660662
1.6878964400
2.0211121522
1.2492590633
0.4491118587
-0.7744239579
-2.0572528069
0.3329028444
0.7409364587
-0.2007621405
-2.2960528922
-0.8139112696
1.4620142897
0.9098011596
-0.0034782952
2.0197359887
-0.5663655761
1.1669478375
1.7507387912
0.2529819959
0.6994275702
1.6724483894
0.5609943495
-0.6334297794
0.7280234246
0.9548600242
-0.0393637838
-0.1235314862
-0.4441196703
2.3927442604
0.6634582816
0.1313638721
-0.2249790229
0.7095492220
0.7289254788
0.9649931340
-2.0387913165
-0.2368134538
0.1741872063
-2.3302631878
-0.1429491693
-0.7583106738
-1.5975140474
0.7612641579
-0.9586718017
1.4244868473
1.5357066732
-0.5871111879
0.4950302717
0.8908628506
-0.2436260350
-2.0194880835
0.1192248089
-1.0670906344
0.8958951351
0.9252299107
-0.6914286046
0.4528483699
-0.4912747009
0.6240185453
0.5313974236
0.0946102443
-0.3072104159
1.6948991267
1.9174713819
-0.5659300713
-0.0408372748
1.4512858489
-1.8003747173
0.3784369711
-1.3561105348
-0.0889002021
1.7468859372
-1.2208523778
0.0574836998
-0.4684846834
-1.4927029586
0.7617653911
1.1158911425
-0.6854738114
0.9882970514
-0.8457458276
-0.6499136492
-0.1553739318
0.5602962413
0.4049201818
-0.4449583976
0.6334747421
-0.3187793163
1.0365152074
1.0172298738
0.0333882210
