14 8 0.13
7 0 0 0 1 1 0 1 1 1 2 1 3 2 3
7 0 3 1 0 1 1 1 2 1 3 1 4 2 2
9 0 0 1 0 1 1 2 0 2 1 2 2 2 3 3 2 4 2
10 0 2 1 1 1 2 1 3 2 0 2 1 2 2 2 3 2 4 3 2
8 0 2 1 1 1 2 2 0 2 1 2 2 2 3 3 2
5 0 0 0 1 1 0 2 0 3 0
7 0 1 0 2 1 0 1 1 1 2 2 1 2 2
9 0 0 0 1 0 2 1 1 1 2 1 3 1 4 1 5 2 3
6 4
2 7
2 0
4 0
5 5
9 8
2 10
4 1
0 0 0 0 0 0 0 0 0 0 0 0 0 0
0 0 0 0 0 0 0 0 0 0 0 0 0 0
1 0 0 0 0 0 0 0 0 0 1 1 1 0
1 1 0 0 0 0 0 1 1 1 2 2 1 0
1 2 3 2 0 0 0 0 0 1 0 1 1 0
0 1 3 2 1 1 1 1 0 0 0 0 0 0
1 1 2 1 3 1 1 1 0 0 0 0 0 0
0 0 1 0 1 2 2 2 1 0 0 0 0 0
0 0 0 0 0 0 0 2 0 0 0 0 0 0
0 0 0 0 0 0 0 0 1 1 0 0 0 0
0 0 0 0 0 0 0 0 1 0 0 0 0 0
0 0 0 0 0 0 0 0 1 0 0 0 0 0
0 0 0 0 0 0 0 0 1 0 0 0 0 0
0 0 0 0 0 0 0 0 0 0 0 0 0 0
-1.0002647431
1.1580825103
-2.4132001530
0.4472048020
0.3750966374
-0.7263174178
0.4735165812
-1.2615762074
0.3239603730
0.6617846597
0.3138248875
-0.8316625988
0.2271658753
-0.9260811914
-0.0684292028
-0.1715211539
-0.7532369664
-2.6130570846
-1.3885776242
0.7848261444
-2.0768843910
-0.4294847102
0.5637570367
1.0598785351
0.2538699558
0.1510756946
-0.3701660834
-0.4883765493
0.1011048900
0.0725757335
-0.3158533469
0.5883567172
-1.2890051460
0.3862298216
-1.1824158003
0.7537284854
-1.4159867938
-0.8948941802
-0.6050498706
0.1878836179
1.2865064797
-1.6051242751
0.9181795584
-0.3445244789
1.5340350331
0.1871245016
0.3730002689
0.7694656961
-0.3485889900
2.2390614913
2.0943180584
-0.9074401152
0.8107147239
0.5692529498
-0.9409361133
0.0935801474
0.1994349539
0.6838582150
1.3522542142
0.0895321523
1.5911270553
0.5122369336
-0.0821751532
0.1880837458
-0.9459541262
-0.2229146730
-0.3587762446
0.7172254043
1.0225375380
0.5084614643
0.7613252494
-0.9680433189
-0.0532961029
-0.7965353659
-1.0215900862
0.6883793009
1.6764339682
0.4929356538
0.6290021352
0.1626693066
-0.3611495542
0.2106699595
2.5483853408
0.1784150033
0.5381684990
1.2052758130
0.3711765685
0.0979949127
-0.4130702652
-0.5927093468
-0.9474288002
1.4098125484
-0.3670668006
-1.0885579106
-0.6964263580
1.0014670834
0.4813109345
0.1236650645
-0.5575560675
-0.3174218699
-2.5517888402
-0.5882935099
0.1883665247
0.8217207023
-1.4959865755
0.8939513478
2.8944861217
-0.6140766502
1.3726525951
-0.5940748635
0.1009044600
-0.2477298961
-0.3697349972
0.4804589418
-1.7405842769
-0.0683155530
0.3137090613
0.2532087977
-0.2518484299
1.2500214214
-0.7406788640
0.7080989293
-2.2131787134
-0.3243210688
-1.5808859740
-0.0811126877
-0.3862729425
-1.1215496884
0.0873946710
-0.2406842923
-0.9545142118
-2.0162552798
-1.6890658560
-0.0488790897
-1.5099605119
0.3996422966
-1.4477135789
-0.4225380387
-0.8593636281
-0.7177989828
1.6063467113
2.0256187527
-0.1193586919
0.4406278985
2.0747063991
1.0043264921
1.1919479837
-2.4945316843
0.5424696287
0.7530130000
-0.3022537076
0.8797011442
-0.8648134291
1.8474799047
0.6983803391
-3.3549623666
-0.2295508320
1.9685311876
-0.7262862271
-0.5248319960
-0.1433833849
0.5923090250
-0.5821163049
-0.0444850398
-0.1317886502
0.2578793907
-1.6148323720
-0.0927762194
0.1155450591
0.0242768209
0.5548071829
-0.0567316591
1.3971591492
-1.7480635143
0.7118779102
0.8453764308
0.0286284549
-0.5952698917
-0.5975431137
-0.1463187485
0.8774910536
-0.8699502664
-1.5715351803
0.2105385267
-0.0996690973
0.7798888107
1.2151937601
2.0641915624
-0.1642499734
-0.3117998699
-1.7591119176
-3.0167573316
1.2507414001
0.2716531610
0.9635064486
-0.2281121095
-0.0953363163
-0.4078064202
-0.8125888439
-0.3351742941
-0.8213537286
0.1953389047
-0.0002403400
-0.6468868635
0.8986472871
0.0466517522
-1.4149299785
-0.5875535432
-1.2851822619
-0.1597984037
0.4823389289
-0.7920566947
-0.0828149273
-0.6952869698
1.6269936769
1.1426276136
0.3684238772
0.7572809747
0.2739875486
-0.0886858328
-2.4786079693
-1.1357702748
1.6284763151
-0.7459159973
-0.6006995582
-0.5514149482
1.1128561822
-0.9056810546
0.2554083223
0.1855165024
-0.1575036868
-0.1512185823
2.6178407637
1.5518751326
-0.8257002144
0.3912085891
-0.2508437501
1.6234882184
0.4862946187
0.0613206907
-0.8470778213
-0.1066748519
-0.4238052475
-2.1760495300
-0.2668808574
-0.1117170767
0.2531077305
-0.6509037017
-0.4772322416
-3.0465811168
-0.1268451169
-1.8381837795
-0.1900394441
0.0124602464
0.4948595650
0.5351315515
-0.8525134214
-0.1556328377
0.2411126068
-1.1419915420
1.2429753829
0.6654230090
0.3863074189
-1.7552988694
1.8870048835
-0.1333390142
-0.3014681204
-0.9915832739
1.4283346925
-0.6785568773
-0.9643807509
-0.0026878178
1.0327748908
2.2183524202
-0.4462948206
-0.2916177420
0.5937989594
0.1754764289
0.6745085462
0.0978662161
1.6147879489
-0.4315043976
0.3583135865
0.9354716991
-1.3731396825
-0.1868345672
-0.5982498216
-1.1662667416
-0.9134001075
-1.0229291166
-0.6700024603
2.2588178522
2.1582828940
0.6882580913
0.5543455442
0.0199875227
1.2405876433
-0.2027719606
0.3139905951
-0.6851268643
-1.5282040157
0.7660945433
-1.3691947284
0.6218949355
-1.5606595644
1.1713762792
0.1800321312
1.1925061035
1.0180731127
-0.9457164585
-0.5370420963
-1.0676448891
0.8146514830
0.9923700762
1.5866100798
0.1227769647
1.2616946586
-0.2727562189
-0.6121972878
0.7422617138
-0.1192687694
1.1966409098
0.7128068519
-1.6689002554
-0.0567406167
-2.2660352708
-0.8514266864
1.3627220385
-0.9095741269
0.5695215506
-0.3351419740
1.3387925241
1.2346719743
0.1789564952
-0.9471818880
-1.2958493420
0.5061704871
0.8787414284
0.4792159194
1.0320561903
0.1823296115
-0.2567610622
1.3186530236
0.4167477033
0.5930590465
1.6259195784
-0.7883054304
-2.2754094345
-0.4653213473
-0.3397398605
1.7276382112
0.9767596708
1.0057602139
-2.1875158342
-0.2713266735
0.7526842907
-0.0344776598
-0.3679539981
0.5259320522
1.4665463603
0.3480130469
0.9045333174
-0.4518567543
0.0440481851
0.8707401451
0.4126701761
-0.9477330616
-1.0884545675
1.3797379617
-0.0930075580
-0.6953096332
-0.9020464742
0.5816743067
-1.0635888952
-0.3160459799
-1.6690522787
-1.4709250198
-0.6268905845
-0.9055754879
0.4088521122
-0.5248845553
-0.7629410213
-0.5402608548
-0.4919822570
-0.8290865241
0.8035455355
1.1466477952
1.1747692253
1.7228192815
-0.9398867772
-1.8268757472
-0.8876269908
