18 2 0.04
68 0 1 0 2 0 3 0 6 0 8 1 0 1 1 1 2 1 3 1 4 1 6 1 7 1 8 2 1 2 2 2 3 2 4 2 5 2 6 2 7 3 1 3 2 3 3 3 4 3 5 3 6 3 7 3 8 3 9 3 10 3 11 4 2 4 3 4 4 4 6 4 7 4 8 4 9 4 10 4 11 4 12 5 3 5 5 5 6 5 7 5 8 5 9 5 10 6 4 6 5 6 6 6 7 6 8 6 9 6 10 7 5 7 6 7 7 7 8 7 9 7 10 7 11 8 4 8 5 8 6 8 8 9 5 10 5
73 0 3 0 4 0 5 0 7 1 4 1 6 1 7 1 8 1 9 1 12 2 1 2 3 2 4 2 5 2 6 2 7 2 8 2 9 2 10 2 11 2 12 3 1 3 2 3 3 3 4 3 5 3 6 3 9 3 10 4 0 4 1 4 2 4 3 4 4 4 5 4 6 5 0 5 1 5 2 5 3 5 4 5 5 5 6 6 2 6 3 6 4 6 5 6 6 6 7 7 1 7 2 7 3 7 4 7 5 7 6 7 7 7 8 8 1 8 2 8 3 8 4 8 5 8 6 9 2 9 3 9 5 10 1 10 2 10 3 10 4 11 1 11 3 11 4
6 4
1 5
0 0 0 0 0 0 0 0 0 0 0 0 0 0 0 0 0 0
0 0 0 0 0 0 0 0 1 1 1 0 1 0 0 0 0 0
0 0 0 0 0 0 0 0 0 1 0 1 1 1 1 0 0 1
0 0 0 0 0 0 1 0 1 1 1 1 1 1 1 1 1 1
0 0 0 0 0 0 1 1 1 1 1 1 0 0 1 1 0 0
0 0 0 0 0 1 1 1 1 1 1 1 0 0 0 0 0 0
0 0 0 0 0 2 2 2 1 1 2 1 1 0 0 0 0 0
0 0 0 0 1 1 1 2 2 1 2 2 2 0 0 0 0 0
0 0 0 0 0 1 2 2 2 2 2 2 1 1 0 0 0 0
0 0 0 0 0 1 2 2 2 2 2 2 1 1 1 1 0 0
0 0 0 0 0 0 1 2 2 0 2 1 1 1 1 1 1 0
0 0 0 0 0 0 1 2 1 2 1 1 1 1 1 0 0 0
0 0 0 0 0 0 1 0 2 2 1 1 1 1 1 0 0 0
0 0 0 0 0 0 0 0 0 1 1 1 1 1 1 1 0 0
0 0 0 0 0 0 0 0 1 1 1 0 1 0 0 0 0 0
0 0 0 0 0 0 0 0 0 1 0 0 0 0 0 0 0 0
0 0 0 0 0 0 0 0 0 1 0 0 0 0 0 0 0 0
0 0 0 0 0 0 0 0 0 0 0 0 0 0 0 0 0 0
0.7076661798
-0.0041846271
-0.2055930975
-0.6514068747
0.4550281996
0.6601001676
-0.4148729645
0.6902301970
-1.3684165991
0.4377455214
-1.0324020139
-0.7830583376
0.0596821010
-0.5756209676
-0.5409612077
0.7323799897
-1.3763985550
0.7185131961
-0.0195761126
1.3774336380
-1.0102639537
-1.5201785296
1.3334279273
-0.1836411365
2.8010976185
0.0983672342
-0.5765826068
0.3275141840
1.6313390988
0.0895150987
-1.8148120026
-1.6788229493
-1.4644184269
0.9258100289
-1.9703166078
1.4555904291
0.9492751057
1.3776630906
-0.2500430905
-0.6312794851
0.4248705276
0.5161256070
-0.2556740224
0.1253800348
0.7125313244
-2.0259108952
-0.1333794994
-0.9476090778
-0.6118953875
1.4744543414
1.5635943390
0.6262310243
-1.0340087207
1.3472552805
-0.3634473908
0.1660826734
-1.3675749988
-0.5732225775
-1.0600295956
0.1709036850
0.6414902494
-1.1894698152
0.2509657385
-1.1036892403
-0.5969258243
-1.5564256522
0.6510855705
0.1640501056
-0.0618475686
1.1782773696
0.2936106453
-0.5767796499
2.8104729829
0.0911591082
0.7889933030
-0.9476308955
-0.5880881811
-1.2342603706
-0.6899697167
0.9541077757
-1.3686247146
0.0086208982
0.0294001687
0.3612963347
-1.5211974290
-0.1194125814
-1.1868717518
0.4291799313
1.6323297672
0.3603039361
0.8788872356
-0.2033431968
-0.4097534705
-0.0861014347
1.3420292910
0.9662021664
-0.7513644789
-0.6200882925
0.5066401068
-1.5452613264
0.8764881952
0.1423372056
-0.9381689938
-1.6421356674
-0.6636058782
-0.6429432978
-0.7503942897
-1.2452787776
-0.4793976436
-1.3477780492
1.3981397881
1.6031805616
1.1567326882
0.2922400861
0.5473994113
-1.6996261166
0.1014551655
0.1879847063
-0.7705105315
-1.5703000726
1.1763452239
0.5666930257
-0.0324087867
1.6024705402
-0.3067425079
-1.4359941023
-1.8482184963
-0.1174917788
0.0804116811
0.8693220955
0.0444736712
-0.2817083883
-0.0345429129
-1.6564761813
-0.0975538952
-0.9862321638
2.1127999317
-2.2721068945
0.4783739634
0.4609718664
-0.1641624976
0.7999094631
0.0487720681
-0.2363575077
0.1872626060
-0.6056761018
0.2508491095
2.0181032920
1.5120269520
-1.2842418353
-0.2928869667
-0.3364554808
-2.2140753047
0.7408969332
0.0863005987
-0.8698863928
0.2348538595
0.3101473423
-0.5722348744
-0.4999670708
-0.4889840116
0.5619870120
1.5056542437
0.9807629017
-0.1174480386
-0.9616600861
-1.4549383634
0.9459578492
-0.6257133475
-1.6066833822
0.4087877143
-0.1151096494
-0.1764187342
0.9674959544
0.4229345914
2.5002179117
-0.3369832714
0.1521282452
-2.7059712009
0.4802975946
-0.3022518926
0.2084614804
0.6010270605
-0.0145595488
-0.6091033459
-0.6716999022
-1.3009829136
0.9584744783
-1.8436818042
0.5651257256
0.3987162117
1.5668452044
-0.3396329468
0.1914714088
0.9307624646
0.4498787184
0.2564518497
-0.6687451763
-0.8355066530
0.1825662100
0.2808571985
0.5371271075
2.0539591599
1.2248486269
0.4455118766
-0.1632394921
2.0883661355
-1.2043204649
-0.0255517472
-2.2277326005
1.0523068706
-0.7345955769
-2.2462640406
-1.2320134765
-0.3999413531
-0.1294498156
-0.4982862714
0.3239635853
-0.8796383916
-0.6849354769
-1.3532455990
0.6559979197
-0.7768211297
1.6424025699
-0.5031714900
1.7083433568
0.7814577782
1.0298839554
-0.6016974630
0.9791976958
0.4474689932
1.6980019760
-1.2536628765
-0.4655860770
0.0694971509
-0.2293504267
0.5284613737
-0.0340415418
-0.2583123864
-1.9606414989
-0.7207938407
0.4711393587
0.0520804279
1.0895711181
1.3525949762
-0.4654897497
2.6584819800
-0.3699889108
-0.7490200577
0.6313914070
0.9714224223
-0.5070450053
-1.5692885935
-0.9225613320
-1.4813237014
-0.5846292525
-0.9256088316
-0.3430397486
0.1391344749
-0.2813466058
1.4598826335
0.6888509115
1.7142588105
-0.3293393300
2.0639634569
-0.7012108877
-0.8758814846
0.9195075679
0.3079492325
0.3413105911
1.0388458104
-0.4009604139
-0.6795109541
0.0800875980
-1.4648611090
0.0125635053
1.6024203757
-0.3655160951
-0.8685998816
0.5078288918
0.5771455023
1.1681303414
0.0185873477
0.8756931947
-1.6480484733
0.0629385662
-0.2567193603
1.5825134476
-1.9705210968
0.4714272135
0.9899879850
0.6316781120
0.1451156304
-1.2499966590
0.3624525832
-0.6572568774
1.6722258355
-1.1298140218
-1.3916550354
1.0340273012
-0.2475586618
-0.1223699858
0.9133635299
0.7437866318
-0.1041547767
0.1318281750
-0.5683595441
-1.9871149566
1.3389306871
1.9394851482
0.8550854558
-0.4595688296
-0.0432007211
0.8772023131
-0.6270215234
-0.1952024456
-0.5335618534
-1.0288913995
0.9642264701
1.2716322304
0.3261151342
0.3462590684
0.3520522506
0.5036097030
0.0702864214
-2.5875516960
-0.9561106729
0.1577424317
0.8710019648
1.8886344560
0.4434139922
0.5512736688
-1.6653179666
0.4703654245
-0.9086808601
1.4397691513
0.0670022440
-2.2521881150
0.8803097467
-0.9475594328
-0.4337070791
0.7220903025
-0.3022540281
1.0587063601
-0.2684167892
-0.7631759424
-0.5071088979
0.5303688992
1.5875962891
-0.0177300411
-1.0196214085
0.3504155876
2.6989635183
-2.2698275778
-0.6569249840
0.4114773399
-1.0067225535
-1.4282039062
0.0532157893
0.0697684177
0.1112883602
2.2019597389
1.5388746903
-1.3698636563
0.9722752129
-0.9070214812
-1.8952249911
0.2692264757
-0.4228952707
0.2789388909
0.4587328764
-0.3841727014
-1.2223542583
0.5246984854
0.2718583587
1.3147668132
0.2759358874
0.3666497179
-1.0306726944
-0.1839117394
0.6128966920
1.2136045363
-1.6448049980
0.5670531975
-0.0100679432
-0.8710699905
-2.3185133625
1.0188406433
-0.5647441258
-1.2822225330
1.1547321099
0.6494116425
1.8761858345
-0.5259138020
-1.5730625993
-0.8492220631
1.1534504250
0.7110417558
0.2776421553
0.4384614933
0.5728257893
1.3158230786
1.7939898305
1.2806580193
-0.3679641360
0.5712643629
-0.6452711735
-1.3819212931
1.2222525499
0.9080387639
2.3623130973
-0.9101227190
-0.8048676403
0.4160546009
0.5965097390
0.3563864887
-1.7310249261
1.3068955997
-0.5036770814
-1.0010026171
-0.8326190942
-1.0084655492
1.1517098258
-1.1863939341
0.2587420913
0.0998242887
1.3839588693
-0.1961506742
1.5027649215
0.0340396500
-0.5091788313
-1.7354719707
-0.2606153135
0.4538682611
-0.5418151006
-1.4906568001
1.5595023842
1.0677932241
2.2358102997
0.7212727851
0.1445671061
1.6014028937
-1.8382718170
1.5612106979
-0.1945692122
-0.5391499033
-0.3940471654
3.0086067066
-0.9740539693
-1.2831958562
-0.3024625092
1.2256323325
-0.8911725088
-0.9094241230
-0.2822499607
0.8044872247
-0.9138562429
-1.8628537561
0.5649162725
0.4746758369
-1.1153464677
1.4876578413
0.2663565338
-1.8328727969
0.8755110043
0.5989870400
-0.6236636446
1.2142400946
-0.5781519831
-0.1316333463
-0.9807821911
-0.6071078619
-2.3469908737
1.7530488382
-2.2706293610
-0.5052283353
-1.0279226904
0.3039859538
0.6233449225
0.6609505987
-0.4295237791
-1.5487244176
1.0799967472
-0.1126185733
-0.3541760551
0.0263347876
-0.1848910535
-0.7358938875
0.2694632986
0.0335753070
0.1465723575
0.4490782717
2.0140405973
-2.5064176919
-0.1889627351
-1.6791423124
-1.4206579599
-1.1424109704
0.2347892148
-0.1826252266
-1.6286647114
0.1461227894
0.1289080078
-0.2313970437
0.1299762864
-0.8337105319
0.2672124499
1.1202196881
1.1748219062
0.2764725543
0.4663921595
1.2157864121
-0.2482091461
0.1938784388
1.9931993500
-0.4628474784
-1.2671641345
-1.3083127322
-1.4003406737
2.4931397966
3.1526561131
-0.6452109103
0.3215014424
-0.2715373638
-0.4809638802
0.3149727409
-1.0730174140
-0.1150541119
-0.6062758577
0.3940482817
0.1989897737
-1.3689429516
1.7872815098
0.1866574007
-0.5239949604
0.5139794194
-0.6150510198
-1.3622555898
-0.9869355244
-0.5601454937
-0.0663329891
0.4734634043
1.8413856873
0.6696830257
-0.5094999989
-1.1895455758
-0.3935380594
-0.5416290193
-0.7671898664
-0.1643546831
1.0452824989
0.8139445032
-0.7174907110
1.6279804740
1.9357415103
-1.5673326468
0.1691946242
0.0667022901
0.9750332662
-1.3976430825
-0.0850485732
0.2077824109
-2.9386910623
0.4488516134
-0.2258807737
-0.0106804771
0.7700916613
-1.5322079163
1.2680656270
-0.6211329647
-0.4381501235
1.2261821172
-2.5348066670
-1.2692831158
1.0964351920
0.4269756353
1.9203001208
0.0773372495
-0.4184331353
-0.3335853217
-0.1997465638
-0.8097334880
-0.8946772663
-0.4527244455
-1.8633803056
-0.2029792146
0.3448485402
-0.6039057501
0.5289205775
-0.7098596846
-1.4439069064
-0.5198112759
-0.3615918445
0.0071929292
0.8953367534
1.2808942872
1.2357549909
-1.1383911599
0.5765524329
1.5499987159
-0.5695712591
-0.7909727874
-0.9670545164
-0.2663200927
-0.3369303023
-0.6729714553
-0.7749651773
-0.2398826937
-1.7576746056
-1.2574975991
-0.3370389967
1.7108262499
0.3080579107
-0.4297641117
-0.2383423826
0.9247990179
-1.4176911958
0.7804325621
1.8715125951
1.4015413824
1.6865458509
0.6067242835
0.4534397106
-1.0234785568
0.1872924940
-0.4031813290
-1.3327814524
0.4489040418
-0.7916858163
0.2566799674
1.6564568288
0.3134049035
0.9490988806
-0.0982404235
-1.0139007683
-0.0592837359
1.2805375830
-1.0621569802
0.1984746059
-0.2167732231
-0.0921890350
0.6118663091
0.9571997011
0.4093785716
0.6525309742
0.5601329344
-0.1694672655
0.8013731955
