14 6 0.19
12 0 2 0 3 1 1 1 2 1 3 2 2 2 3 3 0 3 1 3 2 3 3 4 0
7 0 3 1 0 1 1 1 2 1 3 1 4 2 3
5 0 0 1 0 2 0 2 1 3 0
6 0 0 0 1 1 1 1 2 2 1 3 1
10 0 3 0 4 1 0 1 1 1 2 1 3 1 4 2 0 2 3 2 4
7 0 1 1 1 1 2 2 0 2 1 2 2 3 1
4 7
9 9
8 0
4 10
7 2
6 10
0 0 0 0 0 0 0 0 0 0 0 0 0 0
0 0 0 0 0 0 0 0 0 0 0 0 0 0
0 0 0 0 0 0 0 0 0 0 0 0 0 0
0 0 0 0 0 0 0 0 0 0 0 0 0 0
0 0 0 0 0 0 0 0 0 1 2 1 0 0
0 0 0 0 0 0 0 0 1 1 1 1 1 0
0 0 0 0 0 0 0 0 0 1 1 2 0 0
0 0 0 0 0 1 1 1 1 1 1 2 1 0
1 0 1 1 1 1 1 1 0 0 1 1 1 0
1 0 1 0 0 1 1 0 0 0 0 1 1 0
1 1 0 0 0 0 0 0 0 1 1 1 1 1
1 0 0 0 0 0 0 0 0 0 0 0 1 0
0 0 0 0 0 0 0 0 0 0 0 0 0 0
0 0 0 0 0 0 0 0 0 0 0 0 0 0
-0.7582338853
0.2307709368
0.9145456095
-0.6835721464
0.1904690683
-0.8050036658
-0.9176118479
0.4370117327
-1.2552119554
0.5874705889
-1.3275636025
-1.4352930154
0.2906289741
1.7661944239
0.7620331291
0.4296010435
-0.9944216985
-0.1235961979
-0.0427768075
0.2154935688
0.5205045899
1.0248518523
-2.7141444569
1.4502140926
-0.0491397189
-1.5175205918
-1.5347769762
-1.0686508680
-0.8682959665
1.5503427609
-0.4824271079
0.9567321246
0.5030587144
0.5474065648
-0.1273345682
0.4237156575
-0.0149481854
-2.1384186158
-0.9417615816
-0.5431871136
0.8173780946
1.9523989375
0.1910260598
0.2830371112
-0.7515079887
-0.0984420409
-0.6963800559
1.6134663014
-0.5094559139
-0.7597918321
1.0711218337
0.5702983039
0.8514315416
-0.0676128741
0.1387842124
-0.9272489886
0.2537541014
-0.3779619245
-0.5492386300
0.2976813878
0.0290595862
-1.0623630261
0.7794463949
-0.8991997336
-0.8620621737
0.1464339944
-0.5283696156
0.4591529657
-1.5946580953
-0.6910797455
0.6374349212
-0.1027397033
-0.3709560612
0.0097026022
-0.1160983731
0.1525812201
-1.7413141923
-0.5395191024
1.1544434178
0.4241389354
-0.7434075145
-0.4750582766
-2.8076398577
-0.4048754051
0.4742275884
-0.3781950095
0.4582809543
1.4113959081
-0.7949245172
-1.0349189729
-0.9328248867
1.8507957983
0.1021832043
1.4701047969
-1.4632231120
1.0369608074
-1.3193261818
-1.1138654854
0.3988124266
1.0787204081
-1.8165943722
0.7552508574
2.1940062889
-1.2517378518
-0.1619677106
-1.5446288552
1.2796820900
-2.2390622100
0.7534991713
-1.1533415900
-4.2303894534
-0.5048230423
-0.3106417878
1.9370654844
-1.2187999895
-0.8263219060
-0.9607553023
0.6625003560
-0.6727796421
-0.1299052855
-0.5997403763
1.0659932724
-1.1262399622
-0.9038052852
-0.0298046418
0.7055393550
1.6361506595
-1.3577786034
1.7410575526
-0.5598260346
-0.1424763541
0.2438353863
-1.7125970605
-0.7560784819
-1.7315400833
0.3534361632
1.0597724395
0.8741485886
-1.0186778324
0.1401398857
-0.5924817035
0.4943628108
-0.4033829043
-0.2519475351
1.8762974769
1.6747567309
-0.9819612432
0.3802214097
0.4913671521
-1.0282052322
0.5341326862
-0.8506936985
2.1408895230
0.8379891091
-0.5609551464
0.0974607338
-0.0697065782
-0.6960945793
1.2257944093
-1.2567063015
0.5174130847
0.9001813102
-1.6395533772
0.0038871150
1.0847068999
-0.0041298532
0.1277797313
-2.6234194981
0.4651378957
0.9876454939
-0.5120971224
0.4333793437
-0.1579238294
-0.8976291533
0.9185578820
1.0794933234
0.8514427866
1.8579536610
-0.4372735080
1.8076018158
-0.5278432722
0.0868103356
-1.0796122327
1.9315441157
-0.3295836799
-0.7955415951
0.4997198836
-1.4864968171
0.3396397653
-0.4734737430
1.4471809276
-0.4366421061
1.4056325945
0.2185530502
-0.0745190920
-0.8067118856
1.7317236190
0.1967450050
1.4375425321
-0.9401570298
-1.5034748988
-1.1817692425
0.0214535313
1.4192135990
-0.9079122327
0.4400519254
-0.4550472103
0.4961016915
0.7504432796
0.4898978938
-0.4722227235
-0.3871828578
0.4152834567
1.1336990416
-0.8122258827
0.5857939501
-2.0457293006
0.4856475055
-0.1278508919
-0.8147674646
-0.4592767655
0.0663078001
-0.0237520537
1.0632038821
-1.2872577708
-0.1966518106
-0.0389582035
-0.3465580376
-0.0956674704
0.3778359307
1.0556182253
0.5842591217
0.3292231759
-0.6327798663
1.3067072208
1.3657162215
0.6136626176
-0.9731263773
0.5449406531
-0.6225509795
0.8969184639
0.6265786839
-0.4764393274
-1.2011902138
1.2079627868
-0.3177345225
-0.9180742769
-0.6492714943
-1.8877534354
0.1049851332
-0.8858408882
-0.7440008736
0.3589557903
1.6859342975
0.6466076576
1.4234173520
-2.5537659391
-1.4306445233
0.9629955205
0.6054087254
-1.0530629021
-1.3117962741
-1.7543956194
0.6190611660
0.6207528763
1.4516867595
0.7806398259
-0.4621252132
0.9154971433
-0.8135947145
-0.2533412983
0.2394440845
0.8122676899
-0.7203418329
-0.4689065662
1.1837554755
-2.3375832630
-1.6848775202
-1.2474708920
0.7250721867
-0.3918598697
1.7446506128
-0.8232501724
-0.5749635212
2.2246060149
-0.4803266591
-0.5608270145
-0.6274538929
1.0020479530
-0.3787314953
-0.1562990997
0.5012215262
0.7380911165
-0.9061007647
-0.1841114024
0.1116156977
1.1627543884
-0.7480932491
0.5543297994
1.5938000235
-0.5191156992
1.3806127376
-1.2221849272
-0.1410723083
0.8350330191
2.3357136452
-0.0342135034
0.4254734725
-0.5461745840
1.4222324684
-2.3825008746
-0.6161015880
-0.1604908138
0.1165263575
0.0322324103
1.3698392809
-0.3482382763
-1.4079367956
0.6519604631
1.8947058190
-0.2013418044
0.4899642547
0.8019285569
0.2251744917
2.0341026266
-0.4554002835
0.4347228545
0.0315791181
0.7654873684
-0.4275509541
-0.3477779901
0.3088059629
0.4635063813
0.4094277844
0.2999699316
-0.2398700743
0.4946920532
0.6915864516
-1.2472350794
-1.3413264666
-0.6439374632
0.7602749185
0.2690814497
-0.9802162367
-0.7871645729
-1.4156438635
2.5172305483
-0.3506052469
-0.5786914242
-0.5631257716
0.4551337577
1.1442394834
1.1552183285
0.3808747202
-0.8770001859
0.2254778372
0.4648453450
1.4211362643
0.9861912954
0.0840018556
-0.7510327681
0.2140560720
0.4600475955
-0.1336808182
0.8540477495
-0.8220237735
1.7623631317
-0.8087934744
-0.2626652628
-0.2925151984
-1.2814130844
-0.5315682759
-1.8910845011
0.2497836503
-0.5227155615
-0.2303350170
0.9324102683
-0.9675351346
-0.4040394443
-0.8026311186
0.2677422244
0.6227697234
0.7655805562
-0.7804629243
-1.0590429339
0.9120265613
-0.6566272627
-0.4234489066
-1.7378184286
-1.4813672819
0.2512505800
1.0183078303
