10 2 0.11
32 0 6 1 4 1 6 2 2 2 4 2 5 2 6 2 7 3 0 3 1 3 2 3 3 3 4 3 5 3 6 3 7 4 2 4 4 4 5 4 6 4 7 5 1 5 2 5 4 5 5 5 6 5 7 6 1 6 2 6 5 6 6 7 6
30 0 5 1 2 1 3 1 4 1 5 1 6 2 0 2 2 2 3 2 4 3 0 3 1 3 2 3 3 3 4 4 0 4 2 4 3 4 4 4 5 5 0 5 1 5 2 5 4 6 0 6 1 6 2 7 2 8 1 8 2
2 2
1 3
0 0 0 0 0 0 0 0 0 0
0 0 0 0 0 0 0 0 1 0
0 0 0 0 0 1 1 1 2 1
0 0 0 1 0 1 2 1 1 0
0 0 0 1 2 1 2 2 1 1
0 0 1 2 1 2 2 2 2 1
0 0 0 1 2 1 1 2 1 1
0 0 0 2 2 1 1 1 1 1
0 0 0 1 1 1 0 1 1 0
0 0 0 0 1 1 0 0 1 0
-0.4168269156
0.4724080666
1.4289239153
-0.4097082899
-0.9485339408
2.8686069096
-0.1275527562
0.5945183268
0.7306689282
-0.2342987594
-1.4290273919
0.3064116388
-1.1865619739
0.2401066690
-1.6722739784
0.0831183197
-0.6777705620
-0.5744684000
0.9783931599
-1.8099010431
0.0380754752
1.0686917691
-0.7883068617
-0.4780466033
-0.0332389093
0.5681232937
0.5199961814
-0.7315797141
-0.2492564017
0.9161070571
0.9223095180
0.7957594403
-1.0797426366
-1.5115519211
1.1464634220
0.7365727411
-1.4041062575
0.9947819127
-0.0032472606
0.0073739243
0.2751503451
-0.0349390413
-0.2353598407
0.9786494168
-1.3278741433
-0.6184369709
-0.9731632685
1.3293061433
-1.4552953922
0.3530141359
2.0041449690
0.3887187202
0.5447585653
-0.3801353599
0.5375475301
-0.6515625789
-0.4863547761
0.6526365918
1.1549197795
-0.4005628363
1.2356374644
0.2891614910
1.2264853459
-0.6870669744
0.1944288591
0.6234243521
-0.3744851004
-0.2999804358
-1.4397363066
0.6867058609
2.4532684267
-0.8313597478
0.1362306059
-0.4226844569
-0.2742950460
0.2456001111
-0.1154979889
-0.8935074195
-0.2298767888
-1.5505835844
0.2535550400
0.0848767304
0.2256987883
0.5393723724
-0.3063451202
0.0993055750
0.8524505274
0.1985891572
1.1625964359
-1.4868874279
-0.5263066631
0.3445813358
2.3669075564
0.2675361200
-1.0934646132
-0.3973642810
1.1252829874
0.4399406686
0.4911889738
0.1678066887
0.1947595741
-1.0875940236
-1.5234237084
1.9267575913
0.0474479089
0.2220406559
-1.4606202855
-0.4642607281
0.0326620909
-2.1450103848
0.1512497735
0.1112229300
0.4933280668
-2.7015065622
-0.3674824628
-1.4717321422
1.1035960328
-1.5392924027
-1.7160648691
-1.0969023661
1.5061822791
-1.2173148050
1.5264583387
0.0916196837
1.3494919009
0.2152023574
-0.8298255404
-0.3614830960
-1.3332069594
-0.8805802672
1.4278022669
0.6590484513
-1.0256723650
-0.7504553139
-0.0869393736
0.4312345345
-0.2174814537
-0.6605195801
-1.3603995582
0.0862680027
-2.3048716693
-0.4964223489
-0.4061156724
-1.3858674469
-0.1049375637
-0.3147293385
-0.1312673743
-0.7037658771
1.0585601482
-0.1362453636
1.0176870047
-1.5584775501
-0.7027106437
-0.0779146599
1.3576446305
-1.5487625791
-1.2524058413
1.0787176263
1.5366409396
0.3934327004
0.6070439442
1.5620059188
0.2333396868
-0.7453381390
-2.3276119134
0.7773877436
-0.7599602797
0.0805229168
0.8739974650
-0.4116052855
-0.4517400635
1.8148687704
1.3552375402
-0.1680779290
0.2820769380
0.4586915596
2.1646095248
0.7146822731
0.6312219945
1.9619798023
0.0638386735
-1.1949242554
0.0875497259
-1.9238031876
-0.0569719235
-0.4688067332
0.2449170642
-1.5561731186
-1.5661625424
1.9561961709
1.4213754431
-0.4708534213
-0.7351638778
-0.0088710162
-0.8818495507
-0.9355626902
-0.2946026024
-0.1831921027
-2.0528232812
-2.0585461274
