15 8 0.15
14 0 2 0 3 1 1 1 2 1 3 1 4 2 2 2 3 3 0 3 1 3 2 3 3 4 2 4 3
11 0 2 1 0 1 1 1 2 2 1 2 2 2 3 3 0 3 1 3 3 3 4
13 0 4 1 0 1 1 1 2 1 3 1 4 2 1 2 2 2 3 2 4 2 5 3 2 4 2
10 0 0 0 1 0 2 1 1 1 2 2 1 2 2 3 1 4 1 5 1
15 0 1 0 2 0 4 1 0 1 1 1 2 1 3 1 4 1 5 1 6 1 7 2 2 2 3 2 4 3 2
16 0 4 1 4 1 6 2 0 2 1 2 2 2 3 2 4 2 5 2 6 2 7 3 1 3 2 3 3 3 6 4 2
6 0 0 0 1 1 0 1 1 1 2 1 3
16 0 2 0 3 1 2 1 3 2 0 2 1 2 2 2 3 3 0 3 1 3 2 3 3 3 4 4 3 5 3 5 4
4 2
1 8
7 2
5 3
10 5
3 5
2 2
8 10
0 0 0 0 0 0 0 0 0 0 0 0 0 0 0
0 0 0 0 0 0 0 0 0 0 1 0 0 0 0
0 0 1 1 0 0 0 0 1 1 1 0 0 0 0
0 0 1 1 1 1 0 0 0 2 1 1 0 0 0
0 0 0 0 1 1 0 0 1 2 0 2 1 0 0
0 0 0 2 2 3 2 1 1 1 1 1 1 0 0
0 0 0 0 2 2 1 1 1 0 0 1 0 0 0
0 0 1 1 2 2 1 1 0 0 0 0 0 0 0
0 0 1 1 3 2 1 0 0 0 0 0 1 1 0
0 0 0 1 2 1 1 1 0 0 0 0 1 1 0
0 0 0 0 2 0 1 1 0 1 1 1 1 1 0
0 0 0 0 1 1 1 1 1 1 2 2 2 1 1
0 0 0 0 0 0 0 1 1 1 0 0 0 1 0
0 0 0 0 0 0 0 1 0 0 0 0 0 1 1
0 0 0 0 0 0 0 0 0 0 0 0 0 0 0
-1.1947174906
-1.0167231871
1.8077490773
-2.3719645119
1.1851129530
-0.9242084212
0.5441203771
-0.1750503395
1.7144437926
1.0197506606
-0.1530412998
0.1993312462
-1.8511762415
-0.2275956433
-0.0906076515
-0.2076101622
-0.3636853711
0.5112769677
0.5281801179
0.4144461872
0.6824171491
0.5279601819
-1.1152513045
-1.2642558989
-0.0021853400
-0.3550661096
2.7220990946
-1.7963531024
0.8288493281
2.4234041744
0.0345675282
-0.9136641654
0.2978008522
-1.5214326885
-1.5959397522
0.5408377039
0.3766971960
1.6089881297
-0.6365422410
0.5695481503
0.3476950170
-0.8300102522
0.1751923775
0.7808835174
-0.2116549465
-1.3974109077
0.9708308902
0.7210768540
0.3524285053
-0.4881478804
-1.8714704328
-1.3632052411
-0.2532789623
-0.2939921476
-1.0315051787
-1.0070523752
-0.7827291303
-0.2343725085
-1.6653867486
0.8240437330
-0.0101188190
-0.7051886905
-0.0871482179
0.3037376607
0.6800371723
-0.3063336603
-0.3762492001
1.5632042808
1.2356885203
0.9419126687
-0.2710751444
0.9158313972
0.4056904901
-0.3947464922
-0.0969074869
0.9667852233
-0.5774811406
0.2816984953
-1.5661158993
0.5707072210
0.0001883003
-0.5084573986
-1.0423195741
0.5128092716
0.8597786758
0.1972251095
-0.0884841717
1.0152199051
0.8594557070
1.2010929889
-0.4116446714
0.2084772033
-0.3319151699
-0.7110135460
0.1689221730
-0.1870261948
-1.3964822151
1.7380786401
1.5793122318
0.2091813828
0.9145783370
1.0085720824
-0.1561371923
-0.9692288803
1.6522064605
0.5487619499
0.0535225227
-0.3528470416
-0.8746765909
-0.3946487983
1.8278294169
0.9059067825
2.2322975761
1.2166164308
-1.1019472791
-0.4693566588
0.8889288267
-0.2350513061
-0.3676410708
-0.4742264050
0.6917779816
1.0603594495
-1.1945097900
0.0004529543
-0.2237321849
-0.4226493552
-0.8828970887
-1.0299150497
0.3835824595
-0.4981861677
0.8209502683
1.3138893784
-0.1055259839
-0.3240918856
-1.0166992810
-0.5527364704
0.5318630546
-0.3482365289
1.3353896399
0.8820763676
-0.3010862457
1.3018008020
0.8927797873
0.7633325016
-2.4543718804
-0.1260307673
-0.9248728623
-1.6615857440
0.2736172066
-0.1361211152
-0.8712399849
0.4303256132
-0.7393248688
-2.0336278353
0.3192206778
0.8834035061
-0.0876173389
0.2935173413
1.4302488598
-0.2736313398
-0.7674727072
1.5695010487
0.1159314439
-0.3559533697
0.0021247220
-0.3759096706
0.8705270516
0.2099821554
0.4073084004
-0.1285000959
-0.4698245815
0.4627828222
-1.1514844184
-1.1055374923
-1.4756199317
1.7996484345
0.3994591531
-0.0682401659
-0.7732476236
-1.2923779666
1.0030228534
-0.4997323094
-1.2801667923
0.7115825083
0.5867378499
0.8601221385
-0.5813517749
1.2657102157
0.6034751924
-1.5144606090
0.4877824860
-1.6190622050
-1.9669796225
-0.8565196534
0.1118475268
1.2870618150
0.0538207788
-0.4171179381
-1.1969064507
-1.2636121324
0.8389735785
-1.0303743256
1.5680289080
-1.1608095060
-0.2177630856
-1.1896148196
1.1165997717
1.5071976244
1.6054362726
0.8002895957
-0.1127182614
1.2130883959
-0.7353734938
0.6065994004
-0.1641891659
-1.7933395175
-0.7653851175
1.3576493404
0.8852122575
-0.4070056466
0.8841588795
1.0080317049
0.7652681190
0.2405548414
-0.2954370239
0.9527892009
-0.9897328791
-0.1479389548
0.1040384006
0.3912286001
-0.0961132949
-0.3058494157
0.4354281803
0.2071513446
-0.3548147428
-2.1032291740
-0.8383274219
0.6183909112
-1.8029603878
1.5804063310
-0.4030581342
-0.2524238075
-0.9191547759
0.0165553144
-2.1950940395
1.0957966765
1.6417236712
-1.9043968305
0.7231408430
-0.2697305995
0.0774928703
-0.7252298540
0.3751001901
0.0857563108
0.1527640460
0.1825191359
0.6273014525
0.6806386300
-0.8293381121
0.4274795786
1.2063819725
0.3713999832
0.5874539160
-0.1109118974
2.5447948684
-1.2045944442
0.7138962105
-1.1250759532
-1.0618276520
-0.1644393234
1.2926012259
-0.9304280968
0.5650972074
-1.5136748054
2.1935399646
-0.0851531210
-0.5923190186
0.9487797967
0.5272239228
-0.4662253941
-1.6978761800
-1.3262680045
0.0811896068
1.5614794059
-2.1135580986
0.2805538907
-2.4473159786
-0.0404780590
0.6508386994
-0.8535370809
-1.5330968683
0.6832177671
-1.7899916719
0.5888185098
0.2767705114
1.5498920598
0.0252884633
-0.5812689267
0.0581382001
-1.2968759338
2.8471544734
-0.2211258569
0.7488655739
-0.0105417302
0.5075566841
-1.0232556326
0.5741247826
0.6325504298
0.4874918691
0.7288090562
0.2503415893
0.2272514488
0.2095399861
-2.6742356166
-1.0999813632
1.6815137765
0.5540400733
-0.6584944528
0.3140178822
0.0763681491
1.0553713319
-1.2299256296
0.8244238721
-1.1994752047
-1.5312389296
1.3379357411
0.3042471145
0.0668854950
1.5754391772
-0.9698234897
-0.6799206653
-0.1317581931
-0.6091183418
1.4343988302
-0.5634306544
-2.2021603996
-0.1139309901
-1.2864581479
-0.0132527854
-0.9955228777
1.4230796694
0.0922737757
0.1078145724
0.6063557385
-1.7253866224
-0.1652968555
1.2367838725
-0.6716962908
1.0538213321
-0.5513903873
1.9238341543
1.1026627277
-0.8684879378
0.0887289885
-0.4580053007
-0.6495506853
-0.7958739418
-0.6765832908
-1.0797571412
-1.1108058460
-0.6014628394
1.1583625288
-0.1107274795
1.1336226116
-0.7284246383
-0.5555114398
-0.7299585791
-0.5256874044
0.4768335142
0.0521642965
-0.1265325210
-0.0236800321
-0.0257521603
-0.4080567941
-2.1508804860
0.6745288394
0.6579870284
-0.5693686895
-0.4117941872
0.1587416619
-0.0620675921
-0.5114329435
-0.1470301856
1.2915111917
-1.3843693999
-2.0151511963
0.4030399448
1.7139473974
0.2186811431
-0.6733751245
1.1468964319
0.7431242090
1.6232014959
-0.9232320395
0.8893885455
-0.4466126839
0.1435537775
-1.5979304155
0.8036000406
-1.5783029861
-1.0684391216
0.2538931961
-0.1507760240
0.3190835216
0.6196906130
0.9761758024
0.4063674218
-1.2077174576
-0.7634645472
0.0796992103
-0.6544020593
-0.8573302060
-0.9968788958
-0.4328028743
1.8584187605
-1.0586107709
-1.0186320539
0.6407588836
0.4877300623
-0.9340986768
1.6402914214
0.8436476300
-0.8624331936
-1.6463799378
-0.8488666856
-0.2469779618
-1.2930606613
-1.2215032880
0.4021772633
-1.6138703860
-0.7594458409
-1.4097820481
0.9072975183
-0.1712190317
-0.8482990766
0.0908084346
-0.0171367437
-0.2761727669
0.6167552324
-1.8422275626
1.8402312539
-1.3165302969
-0.1055278506
0.6782232372
-1.0399850279
0.0574487478
1.6234354409
-0.7424083703
-0.0808145961
-1.7727545692
