12 6 0.19
11 0 2 0 3 0 4 0 5 1 0 1 1 1 2 1 3 1 4 1 5 2 4
10 0 0 1 0 1 1 2 1 3 0 3 1 4 0 4 1 4 2 4 3
9 0 1 1 1 2 1 3 1 3 3 4 0 4 1 4 2 4 3
9 0 2 0 3 1 0 1 1 1 2 2 0 2 1 2 2 3 1
11 0 1 1 0 1 1 1 2 2 0 2 1 2 2 3 0 3 1 3 2 4 2
9 0 0 1 0 1 2 2 0 2 1 2 2 2 3 2 4 3 3
2 1
0 7
4 7
0 2
6 4
1 0
0 0 0 0 1 1 0 1 0 0 0 0
1 0 1 1 1 0 0 1 1 0 0 0
1 0 2 2 2 1 1 0 1 0 0 0
1 2 2 3 2 1 1 1 1 0 0 0
0 0 0 1 0 1 0 1 2 1 1 0
0 0 0 0 0 0 0 0 1 0 0 0
0 0 0 0 0 1 0 0 1 0 0 0
0 0 0 0 1 1 1 0 1 0 1 0
0 0 0 0 1 1 1 1 1 1 1 0
0 0 0 0 1 1 1 0 0 0 0 0
0 0 0 0 0 0 1 0 0 0 0 0
0 0 0 0 0 0 0 0 0 0 0 0
1.6674456322
-0.5311894590
-1.3280708494
-0.6447267654
0.9333608973
1.4437501950
1.6060637116
-0.9869301809
1.0764412501
-0.9681726301
1.0601563636
0.7927913549
-0.3608921466
-0.7458367888
-0.6689455761
-0.6460657677
-1.3947442716
-0.5706574104
-0.3602318263
1.8346875656
0.4475864550
-1.5172681389
1.0580745633
-0.1876563697
1.1222552524
0.1386904747
0.4461551678
0.2794103529
-0.0463847991
0.6152925734
-0.1124718420
0.7564398504
-1.0610858773
-0.2796483287
0.0805626485
-0.3222280002
1.1469599984
-0.0820329937
1.2714842846
0.7048551422
0.9523836943
0.6851204638
1.6976433560
-1.1231361831
1.3310656772
-0.9471248752
0.5722030234
-0.6787924432
-0.9094641684
-0.3560508564
0.0130002912
-1.8387734629
-0.4318079010
-0.8361868022
0.5884062804
-0.0316377509
-0.1868484525
0.4837799704
1.0259051003
0.8284423558
-0.0042875690
-0.2718829562
0.8352029999
-1.4794146028
-0.2973880865
-0.1732414699
-0.2463448759
-0.3122864740
0.4262483643
-0.2697435463
0.0574715338
1.3142338025
2.5237358589
1.0442080362
0.6224903119
0.1493722481
-0.6451849242
0.6285255633
-0.9769180718
-0.9807969506
2.4756703740
0.8226827589
-1.1960307736
0.0272243423
-0.6443417186
0.5869647007
2.3022446658
-1.3631368980
-1.9362706994
0.3587320886
1.1637734507
1.0944082237
-1.5166263774
0.2720579786
2.5237586467
-0.3256480899
0.5106583854
-0.7208356934
-0.4058290014
1.6325724488
0.4071332130
-0.9642950357
0.3927783498
0.0924891736
0.2417936907
-1.0500717841
-1.5019763149
-0.4013321863
0.1356270787
1.1574330973
0.2735024279
1.3011399894
0.0314412430
-0.7858411646
-0.9207313829
-0.4190603923
-0.2342314680
0.0320208571
1.8790600971
1.9068455538
-0.7877968743
-1.5351716018
-0.5716890510
-0.1153610196
-2.0563366758
-0.3421848001
-0.1076000948
0.3637103143
-0.9160952249
0.0498278678
-1.4185184290
0.6262563767
0.2924452510
1.9245814167
0.9473745162
0.0494154372
-0.2315310547
-0.8206153326
-0.1289323679
-0.8484177530
-1.4040929746
-1.3224963466
-1.2210565136
0.6720783635
-0.2282259003
-0.7315314508
-2.4302416119
-1.4665313035
0.3337803589
1.5862821243
-1.1591814924
1.8902960293
-1.2357984475
-0.1156416555
-1.3088721688
-0.5738562182
-0.3585542198
0.9454519726
0.0024494392
0.6947381997
0.4258020782
0.1968734561
-0.9121056687
-0.9044880893
-0.3754792444
-0.8797539763
-1.4949949632
-1.8450836079
-0.4466152986
1.0296098263
-0.6873620970
-0.6443770946
1.9184009813
1.2161072435
0.5674930044
-1.6145909030
0.4908887259
1.4201659335
-1.7142567598
-0.7887371422
-1.9028018093
0.2770575605
0.4926769890
-0.4161058740
-0.3583508190
-0.0096552981
-0.2224130870
0.0825825590
1.0324642670
0.6442137585
-0.0914781336
-0.1425497430
0.7411023941
0.2503260244
-1.0181554660
1.7003030186
-0.9315639540
0.1114200915
0.7926898143
0.3818687179
1.1897679633
-0.1008822747
0.5949819011
0.1975358073
0.7959080028
0.9012580642
0.4813706471
-0.6324369489
-0.7583901376
-0.2181043525
0.6994812054
0.5294709298
1.2471859860
-0.1102700553
-2.5458097114
-0.9886146887
0.7837849290
0.6740233277
-0.7760206171
0.7205693232
0.1420829181
0.8624546660
-0.4451833241
-0.7431839778
-0.6838276425
-0.0328770804
0.2585588441
0.6678307689
-0.6242437887
0.0317313145
-0.6569348371
0.1403521316
-1.2858029839
-1.0845125740
-0.0005044644
-0.3439867342
0.4263473200
-0.6390957883
1.1379833669
2.1671064414
-1.3540158424
-0.0791291521
0.1401329421
-1.8124763793
1.0493832827
-1.6420809520
0.6682598847
0.4485962076
-1.0281649383
0.6681299513
1.2000546205
0.2156442180
0.3828605542
0.3135245077
-0.0070187253
-0.6469495290
-0.5818650903
-0.2400157214
1.0689186276
-0.0797366305
0.1835345033
0.7262680994
2.1019414472
0.2085101435
0.3387022153
-0.8376332463
0.3497858601
0.2010388440
-2.1836899637
0.1146071223
0.7932656842
-0.3752277450
-1.9882902609
-0.7587811120
-0.5090168738
-0.4497610605
0.2364871911
0.4625111517
-0.4762969544
1.3348732006
-0.4205472490
-0.6247794355
-1.1884202584
-1.3561303160
-0.3341922825
0.0158199542
-0.7831856847
-1.3033526158
