14 9 0.20
10 0 1 0 2 0 3 1 0 1 1 1 2 1 3 1 4 1 5 1 6
10 0 1 0 2 0 3 1 1 1 2 1 3 2 0 2 1 3 0 3 1
10 0 1 0 2 1 0 1 1 1 2 1 3 2 2 2 3 3 1 3 2
10 0 3 0 4 1 0 1 1 1 2 1 3 2 0 2 1 2 2 3 0
10 0 3 1 2 1 3 2 0 2 1 2 2 3 0 3 1 4 1 4 2
10 0 2 1 2 1 3 2 1 2 2 2 3 3 0 3 1 3 2 3 3
10 0 1 0 3 1 0 1 1 1 2 1 3 2 1 2 2 3 0 3 1
10 0 1 1 0 1 1 2 0 2 1 2 2 2 3 3 2 4 1 4 2
10 0 0 0 1 0 2 1 2 1 3 1 4 1 5 2 2 2 3 2 4
7 6
7 1
10 2
8 9
7 0
9 3
8 7
5 6
9 1
0 0 0 0 0 0 0 0 0 0 0 0 0 0
0 0 0 0 0 0 0 0 0 0 0 0 0 0
0 0 0 0 0 0 0 0 0 0 0 0 0 0
0 0 0 0 0 0 0 0 0 0 0 0 0 0
0 0 0 0 0 0 0 0 0 0 0 0 0 0
0 0 0 0 0 0 0 1 0 0 0 0 0 0
0 0 0 0 0 0 1 1 0 0 0 0 0 0
0 0 1 2 1 0 1 2 2 2 0 0 0 0
0 0 2 2 1 0 1 1 3 1 2 1 2 1
1 3 3 1 0 1 0 2 2 2 2 1 1 0
1 2 1 2 2 2 2 0 1 2 1 1 0 0
0 1 2 2 3 3 1 1 1 1 0 0 0 0
0 0 0 1 2 2 1 0 0 0 0 0 0 0
0 0 0 1 1 0 0 0 0 0 0 0 0 0
0.9398789936
1.1078237516
-0.1763327666
-2.1086799966
-1.0421747618
0.5003450245
1.2828626612
2.5408273625
0.3365151914
-0.2301779674
1.0323354593
0.2890088848
-0.3830016314
0.3814482772
1.0840848635
0.8687926903
1.7138350881
-1.9416614759
1.0069071572
-0.7688630859
1.0126566924
-0.0664507135
-1.8487862145
-0.0069912267
-0.6436811870
-2.4977627415
1.7560234753
1.7165075939
-0.8742335120
-0.4868110549
0.6921848386
0.4403820872
0.4146452719
0.0472403251
0.3354250159
1.3743535787
-0.4092621415
-1.1902361857
-0.4859756457
-1.3741514690
-1.7558081365
0.9613996746
2.2967398104
-0.4125538508
-0.2864325210
0.5170129107
0.5113023571
2.3144445049
-0.6820998185
0.0774186727
-0.2888619131
0.4548906322
0.8080012931
-0.7578361607
-0.8438352723
-1.3822530176
-0.1186116855
-0.3546871182
1.3021471881
-1.1078860660
-0.2664568098
-0.5401670386
-1.0730367642
-0.3902978401
1.2833069372
0.8400390711
-0.5390482750
0.6486002912
-0.0636995745
1.4970550340
1.0273115024
-0.6937508725
-1.2148629728
0.2297718364
1.0684559586
0.2074243668
2.3015322597
-0.8200386506
1.3629951362
-0.5012406678
-0.0150607903
0.5795718455
-2.8026878630
-2.5585585659
-0.9609974114
0.1025644627
1.2347249771
-0.7179147575
-0.3578386657
0.5969427761
0.3042156517
0.3440759255
-0.0855511710
-2.5020307803
2.2618579853
-0.2645600337
-1.1250115787
-1.2322501442
1.7809873834
-0.0187491460
-2.0117395385
0.8473421891
-0.8303102067
0.5140325477
0.1647187780
-0.8172863459
1.3755062915
-1.0333829186
-0.1227646452
0.9858479470
-0.0284734602
0.2820292908
-0.8505308637
0.2246260154
0.6577523218
-0.6109037798
0.3765719578
-0.0896702636
-0.2321613336
-0.8964048514
0.8879715730
-2.5292487703
0.8406065344
0.5888354975
0.1080712204
-1.6527625584
-1.5226287113
2.0372549780
0.1513562085
1.2341887648
-0.6329792088
-0.6423062006
-0.1379627012
-1.1898122177
0.9896280548
-0.6505560283
0.5128159897
0.6853857259
0.2333986281
-0.8387650344
-0.2823032808
-1.0620106870
-0.1197597995
0.8392648453
0.3677158314
1.8895873066
-0.3045350724
-0.4912343718
1.7496480069
1.3222012138
-0.7549718079
-0.1330330590
-0.4217752697
0.2266648169
-1.0763266882
-2.0343029377
-2.2689401191
-0.2141418087
-1.0549596968
0.3782010205
1.6893179663
-1.5068881087
0.4153922294
0.0433321395
-0.4822858486
0.2871785177
-1.3793893910
1.2887722470
-1.1670892183
-0.9094726013
-0.8537523972
1.7018261871
-0.9100617633
-0.6994996147
0.7444723845
-1.6024702929
-1.9769001244
-0.4226591377
0.0636363561
0.7904378358
0.1529476913
-0.0507598025
-0.3466602498
0.9876454679
1.0190259768
0.2679417615
-0.3208491596
-0.3391435082
1.1754139906
1.6770390478
0.8462439134
-0.9147296912
-2.1895241127
0.4993708463
1.5864945746
-0.8201511604
-0.7756996619
-0.7821806571
-0.2503846586
1.8147481041
0.6132803980
0.2539740488
0.2551668381
0.0500700120
-1.9822453495
1.0049113930
1.2890107646
-1.6669800783
-2.1971049661
0.9858932708
1.0053498782
-1.1547484686
0.5344053759
-0.7399123942
0.7855011217
-0.5180158667
-0.3173597716
-0.3115771028
1.1285985242
-0.4623069422
-0.3465230640
0.7812119454
-1.5847364456
0.5457390985
-0.3369813528
0.6718279176
-0.1257035172
0.9814828531
-0.1009606750
-0.7013314432
-0.7876274195
-0.4001965436
0.8662099925
-0.4654635223
-0.9812568216
1.7800920491
0.1201198444
0.5216997745
-0.3530986399
1.8653932670
1.3597276334
-0.3804709959
0.8206463063
-0.4364438124
-0.5658358823
0.4070151962
-0.8812689770
0.5709303021
0.7641116627
0.5783943259
0.5907748727
0.2794150350
1.5712737354
0.1418526564
0.3215366905
0.1729727966
0.0143870967
-1.5168131603
-0.4440679557
-0.6913246549
0.6969686800
-0.2013269915
-0.1761055037
-0.7413278108
-1.3836336876
0.3198642818
0.4372633528
0.6788178978
-2.5584435082
-0.7868169507
-0.2015011137
-0.4666623261
-0.5016592605
-0.0455408718
0.5559706725
1.2235139037
0.6437221373
0.6187235523
1.8357978739
-1.1682836571
-1.6722668954
0.9621680383
1.2639584513
-1.8766160031
0.6656346991
-1.8711029687
0.0839851758
-1.1503293454
0.6374312938
0.6463191075
-0.7695984392
-0.4961473762
-1.2017834293
-0.4179390446
-0.3158459480
0.0696731224
-1.0671502092
0.0058396934
1.5705713666
0.9873782367
0.8625589399
-0.0344415970
0.6234074536
-0.1667652355
-0.7563608263
1.0727914067
-1.6324142732
0.8155085538
-0.5840185675
-0.3926156532
2.0552508462
-1.2126160450
-0.0184837721
-0.9804891200
2.0938616664
0.1536654825
0.7150866534
0.4558334232
-0.3272549515
1.0301354017
1.8539485222
-1.7775326454
0.1606434314
-0.4133122504
0.2323306085
-0.8080994978
-0.0655926989
0.4113288949
-1.2654765424
0.4277735864
2.0430965490
-0.0797600541
0.1166955572
2.6766804701
0.3907853453
1.2943297397
-0.6195279339
-0.5220382665
-0.8779620980
0.4707697651
-0.3120006777
-0.6645273933
-1.4970715815
-1.0884110976
0.0212369659
0.0425992842
3.1781130265
-0.5137460511
0.0995676199
-0.2700500024
-1.6427657182
1.3759947702
-0.2106396447
1.3215203160
-0.6919190043
-0.8063115438
-0.0061345666
0.0101323724
-0.2149354953
-1.0230715720
-0.8916002798
-1.0033075277
-1.8305201405
-0.0061606481
0.2004576392
-0.9956063749
-1.2718106731
2.3434560910
-0.1400555733
0.8356253482
0.5500624943
1.5153217181
0.2381315836
0.1900764052
0.7981066281
0.1190927900
0.4825543516
0.6906562369
0.2187810717
-0.9769517024
0.3593979185
-0.6529935787
-0.0604246593
0.1789817689
-1.4269445061
0.0378742804
0.1189496167
-1.3389017950
-0.5215874254
0.7353178364
-1.0584308059
-0.5516705028
