19 14 0.06
10 0 1 0 2 0 3 1 1 1 2 1 3 2 0 2 1 2 2 2 3
9 0 0 0 2 1 0 1 1 1 2 1 3 2 1 2 2 3 1
11 0 0 0 1 1 0 1 1 1 2 1 3 1 4 2 1 2 2 2 3 3 1
10 0 2 1 1 1 2 2 1 2 2 3 0 3 1 3 2 4 0 4 2
10 0 1 1 0 1 1 1 2 1 3 2 1 2 2 3 1 3 2 4 1
10 0 0 0 1 0 2 1 0 1 2 1 3 1 4 2 0 2 3 2 4
9 0 1 1 1 1 2 2 0 2 1 3 0 3 1 4 0 5 0
10 0 2 1 2 1 3 2 0 2 1 2 2 2 3 3 1 3 2 3 3
11 0 0 0 1 0 2 1 0 1 1 1 2 1 3 2 2 2 3 3 2 4 2
9 0 2 1 0 1 1 1 2 2 0 2 1 2 2 3 1 3 2
10 0 3 1 0 1 1 1 2 1 3 1 4 2 3 3 3 3 4 3 5
11 0 3 1 2 1 3 2 2 2 3 2 4 3 0 3 1 3 2 3 3 3 4
9 0 2 1 2 2 0 2 1 2 2 3 2 3 3 4 2 5 2
10 0 0 0 1 1 1 2 0 2 1 3 0 3 1 3 2 3 3 4 0
14 9
1 12
15 1
8 6
13 8
8 6
2 7
1 5
13 4
0 9
7 4
7 3
3 5
11 11
0 0 0 0 0 0 0 0 0 0 0 1 0 0 0 0 0 0 0
0 0 0 0 0 0 0 1 0 1 1 1 1 0 1 0 0 0 0
0 0 0 0 0 0 0 1 2 1 1 1 1 1 1 1 0 0 0
0 0 0 0 0 1 1 2 2 1 1 1 0 1 1 0 0 0 0
0 0 0 0 0 0 1 3 2 0 0 0 0 1 0 0 0 0 0
0 0 0 0 0 1 1 2 1 0 0 0 0 0 0 0 0 0 0
0 0 0 0 0 0 0 2 1 0 0 0 0 0 0 0 0 0 0
0 0 0 0 0 0 1 3 0 0 0 0 0 0 0 0 0 0 0
0 0 0 0 1 2 3 3 3 0 0 0 0 0 0 0 0 0 0
0 0 0 0 0 1 2 3 2 1 1 0 0 0 0 0 0 0 0
0 0 0 1 1 1 2 3 2 2 1 0 0 0 0 0 0 0 0
0 0 0 0 0 0 1 1 1 0 0 1 1 0 0 0 0 0 0
0 0 0 0 0 0 1 0 1 0 0 0 1 0 0 0 0 0 0
0 0 0 0 1 1 1 0 0 1 0 1 1 0 0 0 0 0 0
0 0 0 0 1 1 1 1 1 1 2 3 2 1 1 0 0 0 0
0 1 1 0 0 0 1 1 0 1 2 2 1 0 0 0 0 0 0
0 1 1 1 1 1 1 0 0 2 2 1 1 0 0 0 0 0 0
0 0 1 1 1 0 1 0 0 1 0 0 0 0 0 0 0 0 0
0 0 1 0 0 0 0 0 0 0 0 0 0 0 0 0 0 0 0
-0.6715089510
0.8053848024
-0.3364071409
0.8081407699
0.6096399111
-0.6607522453
0.9723917905
-1.0868103013
-1.3182124826
0.7348644469
-0.3349701595
0.5239413706
0.6043051479
-0.5390191809
-1.3272726364
0.2172689306
-0.1046590252
1.6581627115
0.9295369650
2.0703654006
-2.0233017695
-0.2467449351
-1.9549686209
-0.6868339076
-0.4995915265
-0.4203703443
-1.2724854400
-0.3857436267
1.4083239822
1.2580350029
-0.0758568462
-0.3756820564
-0.1388899165
2.0317422781
-0.6587980785
0.0604839862
-0.8768270920
-0.2177746612
-0.0442641970
-2.5845365343
-1.8075952671
1.5892697322
-0.4342509039
0.5372629684
-1.1258846880
1.6810198265
1.2577394498
-0.1939741512
-0.9909098296
0.9734274332
1.4624569979
0.4607119288
-0.0546295226
0.6886493244
0.3321302345
-0.0882077188
-0.2527507242
-0.1080186456
1.8369522056
0.5712208799
0.7985081640
0.7462644916
-0.3237244487
1.5697186438
0.2221456109
-0.7914939466
-1.4816379948
-0.4165569358
-0.9392790669
0.0607034908
2.8641471461
-0.0711024252
-0.3571866798
-2.3235969293
1.7443752388
-1.4835604952
-2.1740852094
0.5147367763
1.8727405920
-0.2309339808
-0.4631032614
-0.0419932354
-2.1240442815
-0.1794986996
-1.0993725748
-0.4695459070
-0.5397805857
0.0387957750
-0.1543576861
0.6028478023
1.2642336249
0.3993454278
-0.6670261293
-1.6602383417
1.6995095821
-0.5928663776
0.2504682610
1.5230126593
1.2234637723
0.7971683481
-2.2330097244
0.1659288078
0.8620282686
-1.6929057744
-0.3251928457
0.4124091254
0.9192789554
-0.2142050185
-0.3223842633
-1.4126218409
-0.8620416906
0.9576887975
0.5141260327
0.0610762152
-0.4779162193
-1.8796607435
-0.2498132780
0.1631758745
-0.0106750135
0.1731383186
0.0537571922
-0.5686738460
0.2307658466
0.9361912349
0.3676162034
-0.7420655550
-0.6266144934
0.0659030072
-0.0643128303
-0.8087012372
0.3355978188
-0.8485469880
-0.6368577992
0.2361525973
-1.5438675185
0.7675312026
0.8309882471
0.4164599944
0.0581564325
-0.2183240044
0.7091176669
1.4583590404
-0.0402374379
-0.9581893452
1.6121323595
-0.1030278348
1.9979695019
0.6983767675
-1.4000841234
1.1695326386
-1.5661861518
0.4035128521
-0.9814028733
-0.6693479194
1.4574068433
-0.8504392237
0.1983955975
-0.1686627559
-1.8283205258
0.5918224922
1.0611028139
0.7167866358
0.1205825417
-0.4106258971
0.6171353135
0.0091016466
-0.7310960128
1.7660791142
0.8304301312
-0.4876979018
-0.7086909096
-1.1119437677
-1.6038975984
-0.4216628680
0.8838237682
-1.5589986383
0.5999866127
0.8998312087
-1.3976763592
1.1690839775
0.2284044393
1.2965116355
-0.6088745191
0.6261536609
-1.9244057011
0.1098268190
0.0784576759
-0.6589377632
0.6088248896
1.2798313365
-0.0497331078
0.9382059717
-0.4923539752
-1.1223665955
0.1554937124
0.8770880004
1.1053684138
0.5419658509
-1.1406565108
0.9674445105
-0.4591255938
1.0797808554
2.0077569686
-0.1582822710
0.6392154287
-0.9812586896
-1.4597643713
1.6946611047
-0.1821420122
1.1603097175
-1.1824509007
-0.2174255879
-2.0074057030
1.6075573187
1.3911473626
0.6843727131
0.0403944700
-0.1540389008
-1.7809398714
-1.1709330555
-0.9243426672
0.4237267062
0.1487664114
0.4462773039
0.2652907096
-1.1320455321
-0.7305982054
0.5099368449
0.3346596181
0.1840319613
2.0249095268
0.4775544225
0.3104858187
0.6257409577
-0.7063276831
-0.4289781638
-0.0871102623
-1.2195127448
-0.1014526945
2.1566887857
1.1226493573
-0.0534472804
0.7763109131
2.6125344126
-0.6310855417
0.0422096288
-1.1692712502
-0.0005160590
-2.5603754139
-0.8695111294
1.5227160112
0.3032709325
0.3746208452
0.3270492367
-0.3734224901
-0.3690464690
-0.0042753030
1.9600380148
1.5432961387
-0.8915711332
-0.0684483066
-1.3214898346
1.4027040391
0.5034646945
0.5328602674
-0.2025968445
1.5746324120
0.4668797635
1.1610168291
-0.5746167984
0.5831297089
1.6634401173
1.8668854230
-2.2134392335
0.0148680712
-1.0618965832
1.3608690319
0.7440846473
0.6947478826
1.3458607876
-0.3739144122
1.1229026255
1.5612213452
0.7742310523
0.3477652145
-0.9593366403
0.5547962235
1.6287367083
0.8044813947
0.0501674487
1.4293595969
1.0456093377
1.5704241087
-0.0658227848
1.6663621504
0.2336502808
0.7382658996
0.0565144372
1.0644995759
-1.3105875106
0.9403217217
0.6500806013
-0.5903329698
-1.7681336302
-0.4603918797
0.3217792588
-1.2354205137
-1.7047392802
-0.2544416963
-0.9063883597
-0.5803609402
-0.1376199916
1.0807136459
-2.3647222071
-0.3447609728
-0.0954678967
-0.0339906823
0.1269186376
1.0197488258
1.1374115014
-2.3980095619
-0.5542664069
-0.8540396286
-0.0404321091
0.8078384728
-1.1584453690
2.1037032211
1.3913938527
0.6135100653
1.1007078072
-0.7568929175
0.9001593936
-1.2252794903
-0.9826408055
1.1590670422
-0.2878151746
1.8324248699
0.3553731267
-0.0445178168
0.1589170372
-0.5157496214
-2.2073052766
-0.1361714218
-1.6564135188
0.1613410846
-0.2526824921
1.0758900059
0.0199059104
-0.2000792119
-0.3944158546
0.8955866576
-0.1469797334
0.4069744108
-1.4398312297
0.7084049877
0.9836689784
0.5137621426
-1.3852895710
0.9273771554
-0.1445887755
1.3375530757
-0.5927835387
-0.2630809717
0.2598345581
1.4788461442
0.8266653326
-0.0319058800
0.8681369761
-2.2056033469
-0.2749168081
1.7527331451
1.0921661528
0.5252937009
1.0242008215
-0.4752686506
1.1176710048
0.6729737264
-1.5260686021
1.7580886610
0.5245566578
-1.8681704777
-1.0328579844
0.4859869656
-0.6431092254
1.4516272961
-0.5041943907
-0.5261054762
-0.5182416848
-0.1901059811
-0.3737209136
-0.3299291108
0.1666632700
-1.5158016699
1.9727423531
0.0996499913
0.2344507157
-0.0440690976
-0.3618354483
-0.9715011439
-2.3422521086
0.5571924923
-0.1719012905
-1.2607971850
-1.2924751303
0.7391391014
-2.1872832553
-0.4672065600
-1.6972055612
0.5376597436
-0.2809078950
0.7808114143
0.2556480914
2.1979383787
-0.8925278490
-0.1383532308
1.2631300140
1.0586402405
-0.0954518095
-0.8105976573
-0.9140663497
0.7058554681
0.3172292933
-0.0523446653
-0.6748555775
1.0552802865
-0.5348125620
-0.9387015381
0.9087587193
0.8308380149
-1.2727324246
-1.3426223334
-0.4161785265
-0.3358456315
0.9440611344
0.6892557179
-1.2638537218
0.9567767694
1.5305313951
-1.6657293413
-0.5348671570
-1.9112215882
-2.1761953672
0.0436218319
1.2923500511
0.0632958844
-0.1345205265
2.2448676311
0.9536658718
-1.0314807327
-1.1537019964
0.6278724048
-1.1699876029
-1.5155667889
2.1642385256
-1.9652211723
-0.3300602100
0.1882475904
1.9718744983
0.2986157391
-0.2835028473
0.2016978299
-0.3559050385
0.8407179014
-0.0180503650
-1.6633221733
-1.4014211986
-0.3773333864
2.2345853232
0.5711568708
-0.4135137822
-0.4586736204
0.5843111956
0.8968985504
-0.8092168753
0.7642315742
1.0078444736
-0.0955891292
0.9558779707
0.1640921256
0.4359280912
-0.0640822472
0.4135391430
-1.6834588228
0.7494327900
1.5477595524
0.4890056325
0.3241171008
0.1139884127
0.0793136746
-0.4632497745
-0.8137505360
0.4305601799
0.3644478975
-0.6044393133
-2.6727217862
0.6645895641
1.0431480194
0.9538673813
-0.2430690595
2.6439279535
-0.5965875872
-0.0770481793
-0.0344157086
-0.8085330432
0.3258374260
1.9189538026
-0.1230637867
0.3505822642
-0.2725532772
1.2304521033
0.2416222320
-0.4551749757
-0.0064053940
-0.3457435975
-1.3793499296
0.3003772748
2.0247185222
-0.3317007843
1.0285522890
0.8382339543
0.0044506723
-0.5873722723
-1.1440717500
0.2272558796
2.1794394233
-0.4535654986
0.1212957517
-0.5499278914
0.9360386424
1.1596589571
1.4552285865
1.4266743095
0.1167993575
0.3576252956
-0.5072902418
0.0664917379
-0.2093942835
-0.4333628643
-1.3221507975
-0.6485421062
0.9778113629
0.0463973198
0.3056308337
0.4263554911
0.7940930047
1.1036057495
-1.1479600727
-1.1538413742
0.0190744070
-1.4515875672
0.7710492235
0.4053100057
-0.5626829401
-1.2577289853
0.1122657990
-1.6809769453
-1.1689756476
0.4526986261
-1.4784528456
-0.2051217912
-0.3811557547
-0.2315975489
-1.2315164314
0.8229436115
-0.5407199010
-0.6946890911
-0.5847974513
-0.8310816341
0.6614455548
0.2234118108
0.4054252661
-0.0450567581
0.8104157449
-0.1131394893
0.8947383506
-0.2066231925
-0.6556874797
0.5096539228
-1.3408176049
0.7207283165
-1.8671573298
-0.2667299753
0.0007495357
-0.7775536924
-0.0066797918
0.9858001913
0.2138490599
-0.6758878456
-1.0075980545
-0.3410644962
0.4734470909
0.1053864419
-0.3520553655
0.3193368572
0.2536512875
-0.0453889980
0.9902953287
0.4105555913
-0.1074817560
0.1419271916
-0.4809745233
-2.1146076562
-0.1923818495
1.0285400813
-1.3201501429
-1.2246287139
-1.1064198985
1.0505216443
-0.8379313793
1.2435019605
-1.9943480001
0.5156546257
1.8740241725
-1.3098379504
-1.0142274644
0.1162104629
0.6986221993
0.3055209977
1.5361342350
-0.4825597749
-0.3854627576
-0.7299402967
-1.2831122540
0.0418069257
1.3392296952
1.1038031079
-1.1848922420
0.9715433261
-1.1737852708
-0.8567422821
-1.8534747680
-0.2498584841
-0.0879823493
-0.3288155849
1.7210491020
0.2997187857
1.5912585812
-0.6347114485
-0.5659118314
-0.1592639164
1.2716957132
0.0555634395
0.2354490549
0.4601203839
0.0224168863
-0.4482869558
-0.7926879550
-1.4807553590
0.1343547007
1.4279822665
0.1140254528
-0.3720800194
-0.9366981279
-0.3614061345
-0.2038534398
-0.1025972610
-0.5980317992
-0.7492409802
0.9567479016
1.1455181122
1.1691882746
1.7101533101
1.7612764451
1.0415554192
-0.7861905670
1.1944761847
1.1685607027
1.5085315054
0.2153669809
1.4852515362
1.9270108652
0.7112350928
-0.4938204059
-0.5643065482
0.7011026478
-0.1431541635
-1.5593330166
0.8255604085
0.1581577796
1.1656853808
-0.0394231416
0.2548790460
-0.2754522311
-0.7270669277
-0.0250428133
-0.2807067243
-0.5334423377
1.9208154196
-0.3992214784
-0.3385761355
0.4627696662
0.2659806309
-1.6742683978
-0.3809819527
-1.0367099143
-1.5573181949
1.9485291597
0.9976205461
0.4197804224
1.5037840174
-1.8951532952
0.5007592546
0.6748615111
0.4304293172
-0.3115251468
0.3779578316
-0.0737062616
0.0266693205
-0.6023257460
-0.0591142666
-0.4785476340
-0.4642869649
-1.9406407374
-0.4331607469
-1.5972712821
-1.7240842192
0.5284885125
-0.0811033383
-0.1837475573
0.2032418329
1.0970363083
0.3559141632
