14 6 0.01
9 0 1 0 3 1 0 1 1 1 2 1 3 2 0 2 2 3 2
11 0 2 0 3 1 2 1 3 2 0 2 1 2 2 2 3 3 1 3 2 3 3
10 0 1 1 0 1 1 2 1 3 0 3 1 3 2 4 0 4 2 5 2
14 0 0 1 0 1 1 2 0 2 1 2 2 3 0 3 1 3 2 4 0 4 1 4 2 5 0 6 0
13 0 3 1 2 1 3 2 2 2 3 3 2 3 3 4 0 4 1 4 2 4 3 4 4 5 1
13 0 1 1 0 1 1 1 2 1 3 2 0 2 1 2 2 2 3 3 1 3 3 4 1 4 2
1 4
8 1
0 0
7 6
8 1
9 9
0 1 0 0 0 0 0 0 0 0 0 0 0 0
1 1 0 0 0 1 0 1 0 0 0 0 0 0
0 1 0 0 1 1 1 1 0 0 0 0 0 0
1 1 1 0 1 0 1 0 0 0 0 0 0 0
1 0 1 0 0 0 1 0 0 0 0 0 0 0
0 0 1 0 0 0 0 0 0 0 0 0 0 0
0 0 0 0 0 0 0 0 0 0 0 0 0 0
0 0 0 0 0 0 1 0 0 0 0 0 0 0
0 0 0 1 2 0 1 1 0 0 0 0 0 0
0 0 0 2 2 0 1 1 1 0 1 0 0 0
0 1 1 2 2 0 1 1 1 1 1 1 1 0
0 0 1 2 2 0 1 1 1 1 1 1 1 0
0 1 1 1 1 1 1 0 0 0 1 0 1 0
0 0 1 0 0 0 1 0 0 0 1 1 0 0
-0.6688846163
-0.0835721021
-0.4348683043
0.6574909574
-0.5056556092
-0.0421399748
1.4502655389
-0.1958184506
0.3068544122
1.0795766096
1.7521878513
-0.1041043520
-0.9945286675
-1.4327970680
-0.4193712277
-0.3243046119
-0.0029105722
0.1987082564
-1.2939954904
0.9721774472
0.1192452631
-2.3223289696
0.7171561226
0.4739709360
0.0136849595
-0.5377456004
0.1039900949
-1.1822234546
-1.1812841229
-0.8193312469
-0.1881398060
-0.0474393637
1.5704909014
-0.1908773849
0.7554686905
0.9345632305
-1.1021167656
-0.2363678916
0.4278801794
1.4198958204
-1.7330441444
0.0804621024
-0.4891516352
1.2996910385
0.2821102047
0.2493678685
-0.0941545374
0.5877908708
1.6317003239
-0.0630311842
0.9909833388
0.5970052775
0.3510468529
0.7222620813
0.1558142836
1.5819473987
1.2861626591
0.2893761473
0.4847445214
1.7837767677
-0.7537775409
0.2286925864
-0.5348486375
1.0105763499
-0.2982824534
-0.5596276966
-0.4181598174
-1.1473869750
-0.0095824833
1.6464975194
-0.8784648001
-0.0850310674
0.9906156846
0.4611395994
0.4397286221
0.4248998060
-0.8324903574
0.3886733790
1.3559970972
-1.5629646416
1.5696371888
0.9988559624
-2.4164565034
-0.7784905323
-0.2506645719
-1.0210470984
-0.0823851174
-0.2273073701
0.1329391430
1.1901860712
-1.7180460045
0.0365132444
-0.8047205514
-1.7063209440
-0.3044424606
-0.1637451828
0.2140845828
-2.0931758359
0.0104870613
1.0435703361
-0.3196992140
-0.3499505863
-0.6432198444
1.5219470702
3.0654516181
-0.1067450687
0.5132592014
-0.9405147309
1.2284171653
0.4388439852
-0.1937293592
0.8763924811
0.8873677307
0.7699983090
-0.4799378303
0.0665595462
-0.2005104195
0.5988910857
-0.0107709744
1.3106428313
-0.6626667148
0.7350546908
-0.9097494812
-0.4889898898
-1.9745075367
0.2117701367
1.8012262716
0.0270692772
-2.1354124361
0.3640887667
-1.5284401414
0.3795606562
1.4576596535
2.1285620765
-0.3390192250
-0.1539240154
-2.3051948242
0.2846285490
-0.5081334569
-0.5422255508
1.1996825874
-0.8026215344
0.5699682466
0.0610691881
-0.0474348118
-0.0009218460
1.0223380838
-1.1716346452
2.4336064657
0.3481033821
0.3764293828
-0.3290902515
0.5048685215
0.1574999849
0.6719189897
2.0508433272
-0.5734286158
-0.3424409023
-1.2748819469
0.7358390377
0.3825458941
0.5044346689
0.5272039246
-1.8805154552
0.4164371619
0.3785534432
0.3022476537
0.0330785510
1.5686231091
0.4867451788
-1.6975168394
-0.3790732373
1.4485982131
-0.0810061957
-1.2887431183
1.1840602226
0.6216865356
0.4234334825
-1.5288000414
-0.2245043476
-1.2218929743
-0.4951380907
-0.7794213687
-0.4054232521
-0.6944035923
0.5660503557
-0.6490851998
0.5587439318
0.1508342077
1.3785423507
1.1485518535
-0.6916488444
-1.8402540899
0.5333017410
0.2884464546
0.3014284378
0.5785905399
-0.4832629477
-0.0438255105
2.2878581419
-0.4563265506
-0.8938683223
0.8545784892
0.3229737340
0.0834445835
0.3224950767
0.3498640853
0.1195899657
0.1274509930
0.4945940824
0.1699278391
1.0954518431
1.1680455106
-0.0541404151
-1.2291049193
0.8345351687
-0.1404945090
-2.0818234403
-0.5035351051
-0.7529586719
0.5522723733
-0.7217119132
-1.0786599323
-1.7750266064
-0.4247387468
0.6135040007
-2.1781176954
0.2457125101
-1.0177686615
0.1244129784
0.0094489737
0.3169654023
0.7524696513
-0.6894736070
-0.5038955140
1.5239970830
-1.2703908143
-0.4939474247
-2.8342145155
0.9590255302
-0.5783220069
-0.7979780475
1.0946366030
-0.6034796581
1.3458402765
-0.7215079291
1.6621797776
0.1333147489
-0.2781074372
-0.6859873675
0.3225245357
-1.5703664470
-0.3999643113
0.5751491100
-0.9503187689
2.8521204530
0.8203007726
-1.3615235496
-0.6345103879
0.8180245578
1.7192905181
0.0090146608
-0.9896887303
0.3032854846
-0.4421651715
-0.0475770396
1.3036839703
0.2030162632
0.1673617205
-0.3181542882
-0.5169367921
-0.7186271456
-0.9225294842
-1.1311976825
-0.8914250340
0.4250897908
-1.5964912678
-0.3635334000
-0.2118794383
0.0086730972
0.7216623438
0.6483282593
-1.5539561077
0.0536285237
-0.6883061316
-0.9169461414
1.4792075315
0.2598074023
1.3491958152
1.3753664727
1.0275762920
0.8847301587
-0.7725300573
-0.9150234351
0.7951401730
-0.2084960433
-1.8346486366
0.9560840349
-0.1355633819
-0.4386061181
-0.2519046262
0.7791426102
0.8577291240
-2.2725693736
1.0417425663
-0.9100506550
0.2766179884
-0.9689712332
-0.2305027555
0.4072514536
0.6835922168
1.1302051724
0.5033626003
-0.2513416668
-0.8196807905
0.9260227620
-1.5973483195
-1.0944190302
1.0939089078
-0.1442001769
0.2276722405
-0.1190450202
2.3647943732
0.9973227651
-0.1543935916
0.5318080761
0.1878157154
0.4318196838
-0.5340616499
-0.5919402600
0.3884922739
0.2053344410
-0.1665788737
-1.8688041840
-0.7813165756
-2.1767559501
0.0729107938
-0.5823398694
1.6844858922
0.5716110870
-0.6711568662
-2.3021851176
0.4252200799
0.0035781134
-1.2942829774
0.0674712992
0.0503825973
-0.0614270956
-1.3090648907
-1.1075817779
-1.2581257389
-0.3401273359
0.7495930886
-1.4942913589
-1.5922130878
0.7109003331
0.2086121936
-0.1723053151
0.9794651647
-0.3771053789
0.6396453234
-0.5202542262
-0.3942841031
0.5305797958
1.5336859475
-1.1127335927
-0.3473791958
0.7526821426
0.1112158866
-1.8203654598
1.3887959562
0.1029709209
0.0180229770
-0.9390074506
0.5280194671
-0.7826165930
0.4580173489
-0.4837895639
0.7331183627
-1.9841723731
0.6696380056
-1.4062684077
1.0769107269
-0.1186684631
-1.3660005380
1.1337492516
-1.2160199648
-1.9926921199
-0.7501625067
0.2833112443
-0.5780314520
-0.2608376398
