12 6 0.15
14 0 2 0 4 1 0 1 1 1 2 1 3 1 4 2 4 2 5 2 6 3 5 3 6 4 4 4 5
20 0 1 1 0 1 1 1 2 1 3 2 0 2 2 2 3 3 1 3 2 3 3 4 1 4 2 4 3 4 4 4 5 5 1 5 2 5 3 6 3
6 0 1 1 0 1 1 2 0 2 1 3 1
15 0 3 1 0 1 2 1 3 2 0 2 1 2 2 3 2 3 3 3 4 4 3 5 2 5 3 6 3 6 4
10 0 0 0 2 0 4 1 0 1 1 1 2 1 3 1 4 2 3 3 3
4 0 2 1 0 1 1 1 2
2 0
1 5
8 5
0 2
2 3
7 5
0 0 0 0 0 1 0 0 0 0 0 0
0 0 1 0 1 1 1 0 0 0 0 0
0 0 2 2 2 2 1 2 1 0 0 0
1 1 1 2 3 3 2 2 1 0 0 0
0 0 0 0 1 2 3 1 1 0 0 0
0 0 0 0 1 2 3 1 1 1 1 0
0 0 0 0 1 2 2 1 1 0 0 0
0 0 0 0 0 0 0 1 1 0 0 0
0 0 0 0 0 1 2 1 0 0 0 0
0 0 0 0 0 1 1 0 0 0 0 0
0 0 0 0 0 1 1 0 0 0 0 0
0 0 0 0 0 0 1 0 0 0 0 0
-2.4552955357
0.8917804411
-0.4815916198
-0.1894268222
-0.1692749120
1.1447663644
0.5953949173
0.5146529030
-0.1071873468
0.1580422484
-0.5210138169
-0.6495840634
1.4480413071
-1.3944006961
0.4386082323
0.1249495267
0.7932016960
0.5032830706
0.4035872513
0.6413811810
0.7707677772
2.1767498933
0.7395393889
-0.0564089596
0.7970179932
0.9093017957
1.4764125703
0.1626175442
1.0791553117
-0.4873052965
0.8504885632
-0.8138273473
-1.5085287266
-1.1445159497
-0.2146933986
0.1893889835
-1.9998207627
-1.0841508358
-0.1820788223
-1.5947496378
-1.5309537414
-0.8812195611
-1.0180531081
-0.8080686320
0.9229232158
-0.1650521364
-2.1105467665
0.5990925757
0.2233950205
0.9707934562
-0.0281432991
-0.7553551590
-0.4857240550
-1.4011641673
1.2996435062
0.4834387833
-0.4021084830
0.6332576091
0.3046445282
0.9225983892
-1.6310692914
-0.7149025469
-1.2058230485
-0.6499916395
0.6804749446
-0.4958689425
-0.4202460031
-0.2447383434
0.6100285518
0.2688346970
-0.6822790384
0.1368292997
-0.6750023297
0.8392027471
-0.8989200816
-0.6069566492
1.3288855495
0.2517475742
-0.5652752623
-0.6845480063
-1.2926869139
0.6724998396
0.4911348059
0.4053220489
-1.6786408421
0.7431200787
0.1882453535
1.0084516954
1.1169890438
-0.8290332917
-0.7836819583
0.6808157288
1.0157230287
0.3969475135
1.5220750188
-1.5792345746
-0.4349968879
-1.0940364227
-1.3794010581
-0.3858184829
-1.5396488885
-1.1627499031
2.2366613364
-0.7353572445
0.0632830785
2.0278324264
0.0906243071
-0.2229224066
0.7212681735
-0.3531943692
0.3288139074
-0.6477591291
2.8208979593
-1.6031659119
0.6484304833
-0.1171765191
0.0461243972
-0.3134297454
0.7444171765
2.5925709631
1.5518390080
-0.6589753887
1.5662704490
0.5546276539
0.7069109089
-0.6369256624
-2.1854998852
-0.5160307931
-0.1499815764
-0.5001139090
-0.2739345606
-0.4991241197
1.5736820098
0.6709592296
-2.2296686457
-0.9478032161
-2.3312824912
1.2868288778
0.3480737962
-1.2154748723
-1.6154452100
-0.7433206611
-0.8184682276
-1.5570522380
0.1199278235
-0.3526072414
-0.7264320666
-0.4055193626
-1.1315622510
-0.4635020566
1.1303184847
0.6496556014
-0.3815347418
-0.3305358349
-0.5517655860
1.1717002374
-0.3139690846
0.4866766398
-0.7469979144
-0.7132667920
-0.4944306941
-0.1570455985
0.7352365039
0.5620363926
-0.1586078372
0.6408047385
0.1497886681
0.8362556110
1.9191906945
0.5234440636
-0.2904742660
-1.1347450071
0.4192194256
1.0587922251
1.9178732270
-0.7430446011
-1.0755391393
1.2788270389
-0.2098563334
-1.6613845396
0.5136113829
-1.7046294031
-0.3284849946
-0.1668363272
1.4550617039
-1.2109536101
1.5915836899
-1.0894846127
-0.4257336268
0.6492426456
-1.0962526629
-0.5343304517
-0.3819817567
-0.0230801288
-0.8276400587
1.4627647338
0.1169840372
0.5338238801
-1.1242143580
-0.6541229826
0.8202774999
1.0802979555
-0.5295406880
-1.8233811989
0.1348253736
-0.6210226979
-0.4249833019
0.2513882667
0.6970833563
-0.8862933389
0.5198903648
1.1944271082
0.5814862474
-0.1295317231
1.1035188170
1.0535633598
-0.2612049419
1.2889823896
-1.0875178779
0.6863342928
0.0244094296
1.2770911707
-1.0430589882
0.1851974234
-1.4898346405
0.6893582707
0.2591662189
0.1240470077
2.4918327618
-0.1043955015
-1.7690250933
-0.3837083302
0.1861135067
0.5405066720
1.2255167574
-1.2243266776
-0.0859311877
-0.9718352619
-0.1588501789
-0.6296559599
0.6260861319
0.6874320400
0.3528855707
1.1213132112
-0.7760605788
1.4334544174
0.3851248066
0.4508088561
1.1042742072
0.0866608171
-0.4136999878
-1.6096692075
-0.0154310197
0.3076930992
0.5165389244
0.4496040916
-0.3283510237
-0.0574072251
-0.5332480566
0.2784588216
-1.4665426977
0.2091172789
0.6129731822
-0.0177267642
-0.7649596045
0.5932943120
0.6237110902
0.8278849089
0.3311381588
1.1702944027
-0.3619436386
-1.4030641116
-0.6384837176
-1.8897152428
-0.8784912010
-0.8944069917
2.2042287498
-2.1700818609
0.1664151922
1.1625854884
1.0151605766
-0.2893322191
0.4972806544
-0.9851325871
-0.9827411229
0.1997893063
0.6738946787
-0.8970752166
