13 4 0.07
8 0 2 1 1 1 2 2 0 2 1 3 1 3 2 4 2
23 0 6 1 5 1 6 1 7 1 8 2 1 2 5 2 6 2 8 3 0 3 1 3 2 3 4 3 5 4 2 4 3 4 4 4 5 4 6 5 2 5 4 5 5 6 4
17 0 3 1 3 1 4 2 2 2 3 2 4 2 5 3 0 3 1 3 2 3 3 3 4 4 1 4 3 4 4 5 2 5 3
15 0 3 1 0 1 1 1 2 1 3 1 4 1 5 2 1 2 2 2 5 3 1 3 2 3 3 3 5 4 1
4 3
0 0
6 2
0 4
0 0 0 0 0 0 1 1 0 0 0 0 0
0 0 0 0 1 2 2 2 2 1 0 0 0
0 1 0 0 0 2 2 0 1 1 0 0 0
1 1 1 0 1 2 1 1 0 1 0 0 0
0 0 1 1 1 3 1 0 0 0 0 0 0
0 0 1 0 2 2 0 0 0 0 0 0 0
0 0 0 1 2 1 0 0 0 0 0 0 0
0 0 0 0 1 2 1 0 0 0 0 0 0
0 0 0 0 1 2 1 1 0 0 0 0 0
0 0 1 1 1 1 1 0 0 0 0 0 0
0 0 0 1 0 1 1 0 0 0 0 0 0
0 0 0 0 1 1 0 0 0 0 0 0 0
0 0 0 0 0 0 0 0 0 0 0 0 0
-0.4317223298
0.0716807499
-0.6932084080
1.0376193625
0.4139763726
-0.0691217176
1.2229446433
0.0310601528
-0.3083643308
-1.9202669444
-0.3236778661
1.3350047853
-0.9255018819
-0.7351459222
-1.1489078741
-1.4909195547
-0.2587873581
1.7101040989
-0.9067748058
-0.2484826735
0.4538728585
-1.0468382569
-0.3089678402
0.2615583770
0.0127949144
0.6711502893
0.2886714878
0.9609011244
0.2654760595
-0.1846819863
-0.4966033735
-2.1921648720
1.7218608425
-1.1393304195
0.0027113583
0.5453057521
2.9136863175
-1.5328253770
-0.5271571496
0.7211219064
-0.1054796845
-0.7720415118
0.8752330572
0.9371542363
-0.5623649972
-1.7981765941
-1.6402466438
-0.0753315047
2.5102299410
0.5523618115
-1.1582622745
0.2600441903
0.8326432518
0.1726189109
1.0869708737
1.4571492206
0.0148604150
0.1411087415
-0.1527577701
2.0128468739
1.0736195282
-0.9392902665
-0.2271743580
1.3649485390
-0.7774329539
0.5460250188
0.7380382765
-1.2231235432
0.7994067543
-0.5373603531
0.8090069212
-0.1071986435
0.2416879518
1.6765923853
-1.8683085989
0.5123004501
1.1835906522
-1.0388634195
0.9412252225
-2.1076263966
-0.5144452792
-0.1844839797
0.8998368297
-0.3975125445
-0.3556584085
0.4975561310
0.5600170270
0.3308915060
1.2594881799
0.6054769181
1.0066122353
0.3599187232
0.9333717746
1.6795497138
0.8614293270
0.4352106514
1.9826984522
0.4884847220
-1.0995600956
0.2844143959
1.0113294994
1.3384447610
-0.1580056290
0.1565714952
2.0071567265
1.6945131897
2.4903207426
0.3198477443
-1.2377314336
-0.3086932840
1.0857217470
1.8720392969
-0.1127994970
0.7662324719
-0.5742142483
1.2062167349
-1.4924002885
0.7959426551
-1.1764024770
2.2340692137
-0.1735721986
-1.2420953166
0.9897690352
0.5807293687
0.8803047724
0.9033292624
-0.6009774620
-0.1356087620
-1.7447228508
0.6492850270
0.0195871297
-0.9320831471
-0.8747602008
0.0411168264
0.5428916207
-0.0505135197
1.5074387030
0.3357229046
-0.1733343749
0.6912887675
0.6563329552
0.1726427376
0.3977906869
-1.1689413013
-0.0302622656
0.7107992974
-0.7499698429
-0.4631246459
1.4646725179
0.6616237523
-2.3175574545
-0.1056440319
0.4708700855
1.0505522165
2.5024818876
-0.6483618616
-0.0901007295
0.0660185490
-0.4980337565
-0.9070178434
-1.8298337873
-0.1222371577
0.5908596585
-1.1832523460
0.7302509123
-0.3827507873
-0.0307830671
0.8053708965
-1.7498177371
-0.1757084050
-0.2116856139
0.5566555839
0.0539126408
0.8979143368
-1.0117064257
1.3826152692
0.8586081891
0.2941663586
1.0151771898
-0.4118573263
-0.1518671534
-1.1800166714
-0.2060020362
1.0759347324
0.8873688932
-1.4946626571
-0.8792158308
0.1288105188
0.2562636918
0.7031470720
-1.8295037864
-1.4535852100
0.8644096686
-0.0465653251
-1.0324384230
-1.6348223560
-1.7869883961
-1.4527025859
-1.1382091346
0.8410127794
-0.9834166186
-0.4299224497
1.0513262218
0.4694269767
0.1266943265
0.6618031118
2.3056545565
-0.1010800089
0.4712369317
-0.4088434113
0.4430725607
0.7692673729
2.1040279456
0.0497836036
-1.1614951875
0.4455337015
-0.2971833673
0.5996181984
-2.2441268547
0.8824311112
0.1118771083
-1.1472431321
-1.2371456325
1.2723900166
0.6313832223
0.1839347087
-0.5380468803
1.0255463782
-0.1254140286
0.3915262037
-1.2825110043
0.7186512701
1.5879303022
1.5587676870
-0.6845018688
1.2089442967
-0.6345375122
-0.1975085092
-1.7415114022
-1.2664025795
1.2894066183
0.0960254853
-1.3033308104
0.2791479849
2.1781808371
0.5084592019
-0.2707079527
0.4857582173
0.6897636037
-1.2964276208
-0.0170790946
2.0856002798
-0.5206524102
-0.4377945871
0.5423042956
-2.7221697722
-0.5915634267
-0.9170933785
-0.6260588371
-0.2200072968
-0.2606670662
0.2007990017
0.8480188793
-0.9694563032
1.9064220905
-1.3946756812
0.5256797075
-0.0535296175
-1.1222641254
0.0954396849
-0.2409320596
-0.2276553542
-1.8305877980
-0.2236509414
-0.9460830530
0.9447323780
0.0054863359
2.1328243007
0.2009834046
-0.1942342268
0.7429102798
1.6962632711
-0.6172412772
-1.2051134372
-0.5107660046
0.3256463619
-0.5619245929
-0.7305610708
-0.4731921625
-1.6454367057
0.9958347792
0.0961126458
-1.2232584725
-0.2784661706
0.2321830402
-1.1671406408
-0.1659432827
-0.7703031636
0.5349775093
2.2925645742
-0.4227668217
-0.2023042241
1.0628486174
-0.4130893448
-2.3684256146
-0.2486960724
-0.9096424323
0.6970082619
-0.5560403845
0.4897570793
1.0699264159
-0.4425046643
1.5664657044
1.3073392317
-1.6022823778
1.8293195418
-0.6843769037
0.1368356543
0.4590520952
-2.2228760698
-0.4545443687
0.5965647953
0.8241907692
-0.1776496427
0.8909330629
0.1098293494
1.6749419577
-1.1719520863
-0.4997921697
-0.2970193289
0.8746771598
0.1582084745
-0.7186405280
0.7617018856
0.4615989654
0.4975698128
-1.1660107805
0.1892762975
