17 2 0.08
85 0 8 1 7 1 8 1 9 2 2 2 3 2 7 2 8 2 9 3 1 3 2 3 3 3 4 3 7 4 0 4 1 4 2 4 3 4 4 4 5 4 6 4 7 5 2 5 3 5 4 5 5 5 6 5 7 5 8 6 4 6 5 6 6 6 7 6 8 6 9 7 3 7 4 7 5 7 6 7 7 7 8 7 9 7 10 8 3 8 4 8 5 8 6 8 7 8 8 8 9 8 10 9 3 9 4 9 6 9 7 9 8 9 10 10 2 10 3 10 4 10 5 10 6 10 7 10 8 10 9 10 10 11 2 11 3 11 4 11 6 11 7 11 8 11 9 11 10 11 11 12 3 12 5 12 6 12 8 12 9 12 10 12 11 13 6 13 8 14 8
68 0 4 1 2 1 3 1 4 2 1 2 3 2 4 3 0 3 1 3 2 3 3 3 4 3 5 4 1 4 2 4 4 4 5 4 6 4 7 4 9 4 11 5 2 5 3 5 4 5 5 5 6 5 7 5 8 5 9 5 10 5 11 6 2 6 3 6 4 6 5 6 6 6 8 6 9 6 10 7 3 7 4 7 5 7 6 7 7 7 8 7 9 7 10 8 5 8 7 8 8 8 9 8 10 9 6 9 7 9 8 9 9 9 10 9 11 9 12 9 13 10 7 10 9 10 10 10 11 10 12 10 13 11 10 11 11
1 5
2 0
0 0 0 0 0 0 0 0 0 0 0 0 0 0 0 0 0
0 0 0 0 0 0 0 0 0 0 0 0 0 1 0 0 0
0 0 0 0 1 0 0 0 0 0 0 0 1 1 1 0 0
0 0 1 1 1 0 0 1 1 0 0 0 1 1 1 0 0
0 1 0 1 1 0 1 1 1 1 0 0 1 0 0 0 0
1 1 1 1 1 2 1 1 1 1 1 1 1 0 0 0 0
0 1 1 0 1 1 1 2 1 2 1 2 1 1 0 0 0
0 0 1 1 1 1 1 1 1 2 2 2 1 1 1 0 0
0 0 1 1 1 1 1 0 2 2 2 1 1 1 1 1 0
0 0 0 1 1 1 1 1 2 2 2 1 1 1 1 1 0
0 0 0 0 0 1 0 1 2 2 1 1 1 1 0 1 0
0 0 0 0 0 0 1 2 2 2 2 2 2 2 1 1 0
0 0 0 0 0 0 0 2 1 2 1 2 2 2 1 1 1
0 0 0 0 0 0 0 0 1 0 2 2 0 1 1 1 1
0 0 0 0 0 0 0 0 0 0 0 1 0 1 0 0 0
0 0 0 0 0 0 0 0 0 0 0 0 0 1 0 0 0
0 0 0 0 0 0 0 0 0 0 0 0 0 0 0 0 0
-1.8324353180
-0.3320323916
0.3229961893
0.4606578532
-0.5894388553
-0.8619848906
0.2675290221
0.5484129730
-0.2546329829
-0.8441468006
3.2202857890
2.7016748142
-0.7856671070
-1.3140422725
-0.6914563241
0.4797221701
0.0474615106
-0.8218205521
0.7815721206
0.1740371857
-0.8201149868
0.8733876213
1.5281075091
2.2076183707
-0.5688403794
-0.1362842306
-0.0723380082
1.1145977072
-1.6814289901
0.3835036009
0.2083544668
0.7818380336
0.0141673414
0.4612476990
0.8550083649
0.7300334084
0.6797913920
-0.3676256485
1.3254492473
1.8543061490
-2.4315936044
-1.1901016922
-1.2392555208
1.8665717250
-0.1342706291
0.3392201735
-0.2315414211
0.5122618575
-0.8185702690
-1.1415410434
-1.1453615921
0.7910676843
-1.2604967179
0.3560713702
0.9332080208
0.0367388677
1.3391606306
0.7955810660
2.1022200166
2.0116313355
0.0697055213
-0.0556568333
0.4213035750
1.0111537435
-1.0215919770
-0.1584573407
-1.2318905118
1.1517342507
1.6871296024
0.1472289881
-1.6626249591
1.5366727313
0.8894926710
-0.8920749037
-0.0757343325
0.6424018484
0.0704558979
0.5387227917
1.7742881487
-0.3744960997
-0.6176246958
0.0120115708
-0.2240400025
0.5096548177
0.5148849420
1.4261191788
0.3538415514
0.4787418757
0.1577028266
-0.8835594469
-0.7966550474
-0.8245530371
0.1244641177
-1.0567338469
-0.5878984410
0.5699571410
2.0322750747
0.8194801279
-2.0782591963
1.1465165115
-0.7638977398
0.3981703573
0.2916816736
0.0485819567
-1.1508636291
-0.6974502594
-0.9241769410
-0.3113217375
1.3651037254
-0.5531241925
-0.8782750752
-1.1251909861
-1.0179596990
1.2235694517
-0.3766243595
0.6703523100
-1.4412241378
0.0681017456
1.0730023111
0.4530750641
0.6416482769
-1.9278583931
0.2948037551
0.3759940965
-0.0875349823
2.2667554730
-0.9124192551
-0.6690332618
0.2871628643
0.4732052300
-0.2463080162
1.2112665231
-0.3251304145
-0.6732930934
-0.1072334843
-1.0592716781
0.5204888115
0.8763170321
-0.2851593916
-0.0904429231
-0.7417729594
-0.0993620161
0.3889258414
1.4036782388
-1.4435908156
-0.3291557030
0.6810203927
1.9011172469
2.5759169296
1.0576461992
-1.0901480563
1.8290121678
3.0025995707
-0.4389388317
1.6664296527
0.0885244149
-0.1809298240
-0.3326820017
-0.0540290921
-0.0150538873
-0.4412996187
1.0457828904
0.5625317021
0.4798833146
2.2393003745
-0.5231628627
-0.3394055066
0.3351605204
-0.7002684435
-0.4504487732
0.0492208231
1.7485588066
0.3935505224
-0.2664103226
0.2232146116
-0.6096744834
-0.1574056522
-0.9046264665
-1.6332565212
-0.7551771833
-0.6279221635
-0.2364995381
0.2354041465
-0.5911604068
-0.7737765562
0.0902776337
0.3723644853
-2.0117810797
-0.9644856774
-0.4739503841
-0.1260181694
0.5636495386
-1.8062353871
0.0551525271
1.3094795120
-0.1684185525
0.6502727409
-0.6138753149
-2.1333373912
1.0841797920
-0.2996637035
-1.7002483285
-0.3203555038
0.4679650982
-0.3671899620
0.4624969478
0.0692979471
-0.0152905760
-1.4952531685
-0.4137753090
-1.5523062380
-0.4789957947
-0.1975471315
0.6103728426
1.2651320559
3.2605977989
-1.3474491337
1.7793586500
1.8474880526
-1.0297294153
0.1050247840
-1.4600424882
-0.1487326809
-0.2945021528
-0.1983459688
0.7395295150
1.0157321922
0.6492475071
0.5996933028
-1.6124631518
-0.2659073408
0.4546414746
0.2285295900
-1.3535735297
0.1588175142
-0.6056728201
-0.1728625689
-0.6007519555
0.2233042486
-0.5119107727
0.1624598603
-1.4736181808
3.1772243613
0.5217999593
1.3982730882
-0.3074374310
-0.5163573920
-0.1022883961
-0.3273905850
-1.6741868560
0.4070552796
0.2976835315
-0.4355008033
1.5921076400
0.1752731408
0.2225794678
-0.3535339256
0.1098109672
-0.9290090079
0.0510410027
0.1803603537
-1.2712341043
0.4579993200
-1.1060572438
-0.2833406532
0.2223436773
-0.3043829740
-0.1524604972
-1.5463758543
-1.9832724320
-0.9261283032
-0.5294158253
0.5117604115
-1.4881669961
0.8925764515
-2.0128505980
-1.0933281054
0.5218395970
0.9628580259
1.0744775077
-0.9648249413
-1.6837675199
1.0581743604
-0.5068029177
-1.0822690775
0.7411195856
-0.0344902355
-0.3601254946
0.2895422206
0.1736659303
-0.8379241002
0.0583244469
-0.5994300907
1.4834020926
0.2421140366
0.8943755650
-0.9955271065
-0.3687335448
-0.1119174328
-0.8349270203
1.4544959326
-0.0381640799
-0.4363675085
0.5883221726
2.1266462993
0.2540761061
-0.2706538533
0.1028401728
0.0814255786
0.6743087456
-0.3526038912
0.9351997972
2.1927529709
-0.9005008720
-0.2837657068
0.4235047059
-0.8594230506
-0.2299805031
-0.1735480811
0.4405309492
0.7908193769
-0.5480325976
0.1883141549
-0.9088003247
-0.3024937739
1.4112995097
0.3384563272
-0.5163380400
0.2216692488
0.0961757700
-0.2471896182
0.5403151767
0.7601838212
1.0357532115
1.7247670462
-0.0754941210
-1.3900428922
-0.6141329948
0.6420586098
-0.1536683756
-0.4552767829
-0.8991732587
-3.1390594033
-0.5386584057
0.4441257229
-0.5086788225
-0.0107116434
1.4063220225
-1.1779183883
-0.1325745083
-0.4721883177
-1.2945959893
-0.2017273018
0.1715028440
-1.5128347717
-1.5030355205
0.7486930664
0.3619943915
-0.8932227001
0.2770536749
1.3467596741
2.3479959337
-1.8303097966
0.6204320599
0.8179742578
0.3690272667
-0.6471742540
1.7532696138
-0.2318691149
1.0572901021
-0.8092928626
-0.4275711170
-2.1286180742
-1.3239368660
-0.3167148862
0.8295938155
-1.0341647646
-0.9149402456
0.3719832776
-0.2148852008
1.8175975896
1.2073650946
-0.6140281810
-0.2503295076
0.8007582043
0.4150148189
0.5168133159
-2.1642790980
0.2788386635
0.2340078227
0.7194950889
0.8356745181
0.7969189010
-0.9275314429
-2.0905901104
0.2250793970
1.4576353774
0.9504325746
1.6511955168
-0.6063308628
-0.7883781371
1.1834306452
1.3491110628
-0.3903566803
-1.5975933214
-1.4948978924
-0.1754115733
-0.6383005962
1.4088539641
0.1935721915
0.4831567498
0.7083344925
-0.0900128300
1.2744547543
-0.6096719488
0.5982095515
0.3153116752
-1.6639636469
-0.9387665887
0.0905733281
0.1152767161
0.8025129213
2.5073664907
1.4700589988
0.7325368552
-0.9037475210
0.1732470949
-0.1072992756
-0.4946506104
-0.6625211805
0.1289532503
-0.8543185620
1.4392771062
1.2602476829
0.0189068363
-1.7267643809
-1.1208178445
1.4133291174
-0.8059367462
-0.8942802111
0.6005061406
-0.6695623846
-0.4289544558
-2.1137086137
-1.3564848208
-0.0117930356
0.2472644963
-0.2057413702
-0.6271957847
0.6925240433
-2.0072109072
-0.4402429230
0.8345862072
-0.0869557897
-2.1063396323
-0.7503059448
-0.6380657075
2.1957154858
1.9548209863
-1.3774177426
-0.4522267290
0.2915166114
-0.9827338361
0.7795963178
-0.5888462338
0.2354077354
1.1214417743
-0.8350505137
-0.8046896509
1.6435468122
1.1938555373
2.7037041227
-0.8428028621
1.1531022266
0.4198050609
-1.2767538420
0.8092376096
-1.4145660709
1.3283154548
1.0239872258
1.8931706106
1.7798366539
-0.6655342137
0.0187382852
-1.5273478409
1.7539985940
0.8326821635
-1.8872264051
0.4733828502
0.1711383858
-3.4635369183
0.6213717623
-0.0361443984
-0.0708222619
-1.3251887151
0.7802022929
0.8450124799
-0.5676131877
-0.9202432532
-0.5656485187
-1.6387011385
-0.4089939463
-0.8265233373
-1.4499030899
0.5261617380
0.3717634327
-1.0562770355
0.2948525038
-0.6026514923
0.6610361144
0.0251713569
-0.2966942624
-0.3231447223
-1.7171581494
0.6299435200
0.7673847150
-1.0697215379
-0.0490391093
-0.8262030950
-0.1562193921
1.6920231710
-0.4285212041
0.8168847358
-1.0496580318
0.4335429693
-0.4763288471
-0.1702066133
-0.6575753656
-0.0824785887
0.6013476021
-2.3162680957
-0.3354010769
-1.1361516946
-0.0086054894
-1.5380697231
0.0695082121
-1.7411348238
1.0873723843
-2.4270556789
1.3683013330
-0.0434804946
-0.2531195726
0.3712592016
1.3408631910
1.2148668706
0.9908188297
0.8963258321
-0.3669872088
0.4839471567
-0.2808436036
-0.4449820651
-0.7611881811
0.3765337959
0.2120307969
-1.6787742764
-0.7498814260
-0.6625229222
0.0456786777
-0.0054481512
-0.8029946793
-0.2023414542
-1.4745551291
-0.4771196819
1.9168825029
-0.3276670328
1.1403820076
-0.9302760309
-0.8962195291
1.5182716626
0.1458787340
0.6756326633
1.2969924044
1.7867116101
0.6559310276
-1.3709013061
-0.5976349878
0.7572925423
0.0506165464
