18 2 0.03
78 0 5 0 8 1 2 1 3 1 5 1 6 1 7 1 8 1 9 1 11 2 3 2 4 2 5 2 7 2 8 2 9 2 10 2 11 3 1 3 2 3 3 3 4 3 5 3 6 3 7 3 8 3 9 3 10 3 11 3 12 4 2 4 3 4 4 4 5 4 6 4 7 4 8 4 9 4 10 5 2 5 3 5 4 5 5 5 6 5 8 5 9 6 1 6 2 6 3 6 4 6 5 6 6 6 8 6 9 6 10 7 1 7 2 7 3 7 5 7 6 8 0 8 1 8 2 8 4 8 5 8 6 8 7 8 9 8 10 9 6 9 7 9 8 9 9 9 10 10 7 11 7 11 8 12 7
72 0 3 1 1 1 2 1 3 1 4 1 6 2 0 2 1 2 2 2 3 2 4 2 6 2 7 3 0 3 1 3 2 3 3 3 5 3 6 3 7 3 8 4 1 4 2 4 4 4 5 4 6 5 2 5 3 5 4 5 5 5 6 6 1 6 2 6 3 6 4 6 5 6 6 6 7 6 9 7 1 7 2 7 3 7 4 7 5 7 6 7 7 7 8 7 9 8 1 8 3 8 4 8 5 8 6 8 7 8 8 9 1 9 2 9 3 9 4 9 5 9 6 10 1 10 3 10 4 10 5 11 1 11 3 11 4 12 3 12 4 12 5 13 4
4 4
2 3
0 0 0 0 0 0 0 0 0 0 0 0 0 0 0 0 0 0
0 0 0 0 0 0 0 0 0 0 0 0 0 0 0 0 0 0
0 0 0 0 0 0 1 0 0 0 0 0 0 0 0 0 0 0
0 0 0 0 1 1 1 1 0 1 0 0 0 0 0 0 0 0
0 0 0 1 1 1 1 1 0 2 1 0 1 0 0 0 0 0
0 0 0 1 1 1 2 1 1 2 2 2 1 1 0 1 0 0
0 0 0 0 1 1 0 2 2 2 0 1 1 1 1 1 0 0
0 0 0 0 0 2 2 2 2 2 1 1 1 1 1 1 1 0
0 0 0 0 1 1 2 2 2 2 2 1 2 1 1 0 0 0
0 0 0 0 1 1 2 2 2 2 2 1 2 1 0 0 0 0
0 0 0 0 1 1 2 2 2 2 2 1 1 1 1 0 0 0
0 0 0 0 1 2 2 2 1 2 1 0 0 0 0 0 0 0
0 0 0 0 2 1 2 1 2 1 1 1 0 1 1 0 0 0
0 0 0 0 1 0 1 1 0 0 1 1 1 1 1 0 0 0
0 0 0 0 0 0 1 1 1 0 0 1 0 0 0 0 0 0
0 0 0 0 0 0 0 1 0 0 0 1 1 0 0 0 0 0
0 0 0 0 0 0 0 0 0 0 0 1 0 0 0 0 0 0
0 0 0 0 0 0 0 0 0 0 0 0 0 0 0 0 0 0
1.0572482154
0.7620628743
-2.3070040723
0.6903942256
1.2665681483
-2.2826697304
-0.6224724943
-0.1903746862
1.2049287102
-0.2076880008
0.8488468378
0.2338610120
-0.4590742055
-0.7438871838
-0.9987702175
1.2553943428
0.6061614649
-0.4639967822
-1.9468932278
0.5608012871
0.9443890992
-1.4635347802
0.8889279368
1.1573073129
-0.5815678183
-0.3421449163
1.4567620462
-0.4739101305
-1.8870718604
-0.1908902650
-0.0094615818
0.1749471216
1.6209404103
-0.9449288877
-0.1939396869
0.0177242168
0.7673985699
-1.4445635189
-1.0346178982
1.0116586412
0.2852049081
-0.0992493596
1.1839674275
-1.1528391036
1.9431981192
-0.3091629563
-0.5717398590
-0.5589527329
0.0965533084
0.9911979413
-1.0677014543
0.6225487287
0.2511701360
-1.2423036121
-1.1895015772
0.6767802992
-0.4881040433
1.4531385300
-2.5423397583
-1.3576359147
-0.2116655863
-2.0441458512
-1.2686022385
-0.8650860509
-0.7732010825
-0.6282251064
1.2171964983
-0.7434281646
-0.5156821310
0.8034985905
0.0853750914
0.7440013974
0.5106565721
0.6276306694
1.0375836300
-0.6898968689
1.7343968109
1.0217596643
-0.1642136270
1.0663258462
-0.6953718133
-0.8083167607
-1.5116275373
-0.4242338937
1.6583419839
0.7409307617
-0.5752689629
-1.2255742346
-0.2262962756
-0.2616178230
0.8174032012
-0.3689791855
0.4432838574
-0.9749543945
-0.2951193022
-0.9259260390
2.0996699798
-0.2324892094
-1.1727443147
-0.5810479543
-1.6002882752
-0.3490601240
-0.1371993651
0.1720944828
-0.4948932183
0.2382930014
-0.0385746344
0.6936108643
0.6636317840
0.4769693608
-0.4300692647
-0.5137721006
0.1280113045
0.1184164673
0.4137363141
-0.4276697187
-0.0710625077
0.9663393459
1.2135638184
-0.0548552437
0.0019377883
0.4926248279
-0.6356277891
-0.3328769142
-0.7642263212
1.0749450166
1.1655566735
0.3057863521
-0.7755633620
-0.1410044852
-0.0570992150
0.8381197214
-0.2165268177
-0.7117001216
1.7617936819
-0.7722931871
1.4472293820
-0.4795123951
0.6888054509
0.0861997462
1.3854841048
-0.3614394891
-1.6527127301
1.7435253905
2.1491780906
0.0750997026
-0.9591333403
0.8374351476
-0.4076737333
-0.6052045282
-1.1191726997
1.0152531427
1.6276952129
1.1795913208
1.0160631860
-0.3406333687
0.4039099164
-0.1406624135
-1.1645639254
-1.8679857076
0.9096272359
-1.3584182544
-2.2925815174
0.3750010961
-1.5394559926
0.9666116300
-0.5528322007
2.4946798808
-1.6770638405
1.1266410630
0.7583189722
-0.7934824638
1.4535068519
0.7311730877
0.8440046563
-0.3910213766
0.8390051492
-1.1757984317
1.0132332054
-2.0572925031
-0.1623767421
-0.6680468578
-1.6013626805
-1.0781101992
1.3180740920
0.3355647534
2.0951331089
-0.5832375554
0.2148291626
2.0571898472
1.5733000721
0.4011439448
0.5077516561
-0.0684824660
-1.2691616833
0.2561151689
-0.0187783859
2.2305825980
0.2110923689
-1.6403462241
-0.2730710560
0.6470880789
-0.4461115545
0.2389123792
-1.9373459655
0.2365775496
0.8805791890
1.1712561500
-1.6816270956
1.5369609510
-1.8369832900
-0.6074402817
-0.4839676348
-1.5493526341
1.8204402571
-0.9852657893
1.8806231217
-1.3348393012
0.3624991724
1.2201061396
0.0539392528
-0.2013498135
-1.4754138565
0.0929226004
0.8386001307
1.9074116552
1.7795410663
0.6424486180
0.0043604786
0.4587495733
0.3661471680
-0.4733076822
-0.2565704621
-0.1770248475
0.1266114601
-1.4700612018
2.0198507315
-1.4633266939
-0.9833925671
-0.4023642338
-0.2805805071
-0.6737199743
-1.0918150338
-0.0001256396
-0.5207994708
-0.0366019702
-0.3509738726
-0.3203337535
0.0787186194
1.8051542596
-0.2319301366
-0.3418579178
0.2842394756
0.3972291605
-1.1326034704
1.0251064314
-0.5333093974
-0.3461371780
0.7439200961
-0.8174197527
-1.1864310247
-0.9142778571
0.1180095454
0.1003107400
0.1620100737
0.3914662409
-1.1019172630
0.1442970919
-1.1867721083
-0.6932705574
0.1010663192
-0.2315831721
-0.7877498126
-0.5044781044
0.5527366569
0.2018551209
1.4221816152
3.5847137733
-0.1570555341
0.8419771849
0.8075632848
0.6246560005
-1.2713607645
0.7161913498
-1.2707959230
0.8287017053
-0.9351681908
1.1418689515
0.4050850462
-0.4972290898
0.5231167770
0.4129256726
0.8059076903
-0.1083719701
-0.0677331512
-0.6831998110
-1.3672891699
-0.2544124730
0.5784177290
1.3777061429
-1.4272189506
-0.5044723762
1.1752552400
-0.6602144196
0.6517496685
1.5670825137
0.4890807985
0.7303586182
-0.2176022231
-0.2792762537
-0.9580226200
-1.4234560381
-0.8010835637
-2.3773976346
0.7229308082
0.6240317148
0.5944800779
2.6666031616
1.9187073210
0.0545535037
-0.5738183143
-0.5189582345
-0.6186951963
-0.2715892711
-1.3107760692
-0.1517036382
-1.1827230211
-0.7303874105
0.5102446057
-0.5112530992
-0.8420368435
-2.1708834267
1.2000452799
0.4747122645
0.2604466080
1.0335617990
0.8033079398
1.9718619928
1.3137511178
-0.4302501934
-0.5722311724
-1.3205851037
0.2807727314
-0.7510674250
0.6787453470
-0.4297107605
-0.4814858794
0.7998695059
1.2158489184
0.1427883081
1.3730447429
-0.8832923723
-0.6245063340
0.0262697738
1.7560444084
-0.5347848326
-1.2611108252
0.0459015741
-2.0244102027
2.6225945227
1.1634130774
0.3575046271
0.3320858780
-0.4794874857
0.5270960268
0.2947370708
-0.3297780544
-0.9103212422
-0.1914320486
0.8925115758
-1.3638989447
0.3402156567
-1.4185296116
-0.1466065455
0.1195538173
0.2034300150
0.4955302028
1.1765635694
-0.7774797593
2.0146752192
-0.9718344571
-1.5450441623
0.2357802335
0.5375159077
0.2639258302
-0.5726984660
-0.4005972315
-0.4030702520
2.2018270902
0.4457825022
-1.7552324558
1.1454286860
-0.2353924979
1.3582061340
-1.3149746339
0.6314732613
0.2717048921
0.0007832545
1.4951110209
2.0449526193
-1.0802492918
0.2558944698
-0.9061464373
-1.8185096622
0.1211293023
1.6078953825
-0.2176537940
0.1101065298
0.4578091040
-0.4452281185
-0.1758404836
-0.3572096893
0.0400262841
-0.4542081197
-0.9604877616
-0.5138798905
0.1585437453
1.3626548895
-0.6385272018
0.1004516655
0.3117690335
1.0932297593
-0.2817488151
0.9045579118
-0.6840742130
-0.1383559669
0.5626142826
-0.4339506845
-0.1284538624
-0.9275759201
1.4458639641
0.5436148893
0.2506027099
-0.3582847334
-0.4284707528
1.1640939573
0.8791632276
-1.0461776828
-0.0774979053
-1.2038820339
-1.0477218425
0.4144152811
1.0055189798
-0.5487645621
0.7260847841
0.6686826213
-0.5561714059
0.6449981501
-0.6361296758
-1.4758513510
-0.6298656694
-1.0005829376
0.4560766879
-0.6502630594
-0.3913285996
-0.2314855320
0.8186519521
0.6195569342
3.5842584567
-0.9499686911
1.2990802531
-0.6170261500
-0.3877200255
-1.1799158796
0.1391201720
0.5260424886
1.4377750866
-1.5000581312
1.8278002774
-1.5112025711
0.6327871018
2.1493264484
-0.6036029360
-0.8111061843
-2.4845822893
0.7561331985
-1.5625747583
0.3017473221
1.0263657552
0.1751625864
1.3091674038
1.2531224069
-1.2782350934
-0.6722830365
1.2717957935
-0.8254703541
0.4367318272
-0.7174868968
0.0340417268
0.8210236435
2.3522531741
-0.7267992962
0.7088368032
0.2964438124
-1.3705716966
1.7760461193
0.3574112136
-0.5891515393
-0.8326443049
0.0688282638
1.4562932895
-0.3765737947
1.3086283938
0.2807565001
0.8447156118
0.4645213558
0.0547070850
-1.0482801095
0.6077901844
0.4050217054
1.2876218629
-1.7223040465
-0.4913471124
-0.6661070661
-0.1950482641
-0.6739096767
0.5950488224
0.0635844877
0.0396193957
0.2690469727
-0.1313937756
0.9002627115
-0.2169318552
0.0143658139
2.0846858486
-0.0553640758
0.5323155621
-0.0528053355
0.3756108316
-2.0598734160
-0.6456277882
-0.9949975496
1.1609851085
-0.2412206362
-1.4895266129
-0.2168653637
-1.0729582564
1.2778888582
-0.2790835402
0.6683434275
-2.1235915096
1.5297141396
-0.5181127605
0.2211415169
0.4175650061
0.0402673535
1.1552810105
1.6289559518
0.4030602240
0.2644851627
0.2131689607
1.9064660595
-0.3516211735
-0.4690005602
0.4059858106
0.8675684632
-0.2396779153
0.0996736329
-0.7437080502
-1.2670782844
-0.1240067194
-1.2851746536
0.1293432619
0.5159319261
-0.2854386585
-0.1993978722
0.3817667130
1.9766015343
0.0157009725
1.8349018283
-0.8005875554
0.4697715654
0.0933154557
-1.1557863939
-0.0714712250
0.3442152700
-0.0033435377
-0.7923716876
-0.4703405531
-0.4936603597
0.2558029588
-1.9400413822
-1.4776089939
1.8131298243
0.0767099337
-0.4995459622
0.9826556935
-1.5397313206
-0.3304819979
1.0382313570
0.1305278041
2.6321517986
0.1157552739
-0.1180496915
-0.8773435569
-0.3380409899
2.2462242192
0.4984186972
-0.8440861626
-0.1017370288
-0.8147257240
0.5947222925
1.5333275666
0.5215673917
-0.3369342943
-1.1349175635
-0.1934925689
-0.5163340271
0.6737026872
1.6250802819
-0.5093900684
0.8343372052
-2.5330613778
0.6394665721
0.2582638076
-0.2771520590
1.8674931437
0.4897571415
0.5693657831
0.7622510369
-0.3370531785
1.6857214090
0.7080654573
-1.5826973252
-0.9181997036
-1.0578908675
1.1406017349
0.5772842384
-1.7660035562
-1.8448893923
-1.5727171199
-1.3840684481
0.5796390685
-0.1904388400
-1.0243721217
-0.9764162288
0.1907285478
-0.9410857362
-0.2045137852
-0.0188015077
-0.3082049499
2.2948494219
-1.4024476185
0.6376806051
2.3829189650
-0.8125891887
-1.7945622925
0.0877861511
