15 9 0.20
10 0 2 1 0 1 1 1 2 1 3 2 0 2 2 3 2 3 3 3 4
8 0 1 0 2 1 0 1 1 1 2 1 3 2 3 3 3
11 0 0 0 1 1 1 1 2 2 1 2 2 3 1 4 0 4 1 5 0 5 1
14 0 0 0 2 1 0 1 1 1 2 2 1 2 2 2 3 3 0 3 1 4 1 5 1 5 2 6 2
12 0 4 1 4 2 1 2 2 2 3 2 4 2 5 3 0 3 1 3 2 3 3 3 5
10 0 1 1 0 1 1 2 0 2 1 2 2 3 0 3 1 3 2 3 3
8 0 0 0 1 0 3 1 0 1 1 1 2 1 3 2 3
8 0 0 0 4 1 0 1 1 1 2 1 3 1 4 2 4
6 0 2 1 1 1 2 2 0 2 1 3 1
0 4
11 2
2 9
8 1
0 1
2 5
12 10
2 4
10 3
0 0 0 0 0 1 1 0 0 0 0 0 0 0 0
0 0 0 0 1 2 1 1 0 0 0 0 0 0 0
0 0 1 1 3 1 3 0 1 1 1 0 0 0 0
0 1 1 1 2 2 4 2 2 0 1 1 0 0 0
0 0 0 0 0 1 1 1 1 0 1 1 0 0 0
0 0 0 0 0 1 1 1 1 0 1 0 0 0 0
0 0 0 0 0 0 0 0 0 1 1 0 0 0 0
0 0 0 0 0 0 0 0 0 1 1 0 0 0 0
0 1 0 1 0 0 0 0 0 0 0 0 0 0 0
0 1 1 1 0 0 0 0 0 0 0 0 0 0 0
0 0 1 1 1 1 0 0 0 0 0 0 0 0 0
0 1 1 1 2 1 0 0 0 0 0 0 0 0 0
0 0 2 2 2 1 0 0 0 0 1 1 0 1 0
0 0 1 1 1 1 0 0 0 0 1 1 1 1 0
0 0 0 1 0 1 0 0 0 0 0 0 0 1 0
0.7550245481
0.7130198908
-0.5363353814
0.1203423945
-0.3608614161
0.6056800171
-0.0437776234
-2.1406446390
0.9226042279
-0.0687272327
0.9743740700
0.2540904179
0.3850348616
0.4870543646
0.6165182851
-1.0093969180
-0.7255199706
-0.1763766410
1.1649790479
0.6220427599
0.1540431961
0.3851185732
1.1508735451
1.8508653940
-1.3465848091
1.0390798085
-1.4553270299
0.0461898139
-0.2207356504
-0.3895251027
-1.7950290563
-0.5482198881
-1.3142743898
-1.1846688915
0.3248825485
-0.6805370138
0.2026149096
-0.9153657067
0.1815959591
0.2682608429
-0.6534890110
1.9758609045
-0.6264446651
-0.3189599693
1.0519793613
-1.4640989087
0.3730962183
-0.1309533135
0.2998286753
-1.9089569820
1.0911631747
0.3411093454
0.0368883213
0.8451225854
-0.5159850498
0.1517031001
-0.6935988625
-1.4326716267
-0.0020422469
-0.8335738767
-0.0057670775
-0.1932210340
-0.6516472362
1.0868436525
-0.9116856262
0.1581462662
0.7592683523
-0.4115171023
0.6819950412
-0.2197524687
0.3251321092
-0.5528167847
-1.2964297633
1.4512150307
-0.4558458875
-1.1079440156
-0.3625870425
0.8011049309
-1.2119103574
-1.5875058179
1.0005496157
-0.1179682507
0.0616640859
-0.4844751846
0.9532958067
-0.9200184111
-2.1831846619
-0.9057633746
0.6466259043
0.8465845828
-0.4236742675
-0.1706686020
0.5162551768
-0.6455177848
0.1935545526
0.0661135010
0.5503471737
0.1051821174
-0.1790379338
-0.1825986935
-0.0433795045
0.0494653214
-0.3723045686
-0.9101974649
-1.3788603213
0.3860021945
-1.1033144645
0.2627858922
0.1343058915
-0.6440399977
-0.5656384425
0.5004788706
1.9437837469
2.4219920065
-0.1903314446
2.0688159668
0.4996729185
-0.3264717589
0.0059836241
0.8878324421
0.5480562243
1.5367298263
-0.7678212977
-0.0093648393
-0.8681150650
0.0181346042
0.0846556788
-0.5201907726
-0.0709164929
-0.6186438234
-0.5503746320
-1.6765743145
-0.4521523198
1.1719347971
-0.8401098791
-0.7025874892
0.9612235041
2.0996545713
-0.1721610406
-0.6619321161
-0.6861316294
-0.4033500944
0.2351108750
0.2596431340
1.9626854893
-0.5843241722
-0.4151090938
-0.7306584861
-1.6977551144
1.5611677176
-0.0420202582
0.3289634275
-0.3005439961
1.2884479628
0.4373290367
0.8533427509
1.0936627582
1.3384808180
0.6360005192
-0.8945822326
1.2625002164
-1.4052761906
-0.4747536339
1.1805563873
-1.1015767844
0.5972260041
-1.0627853171
0.2744419892
0.1992846236
0.3852160082
-1.5311917251
0.6309562788
-0.3369569090
0.9989445394
-1.2004514704
0.5616529819
1.4049412412
-0.9818551785
0.6755570855
-1.1313319322
-0.5449511111
-0.6172564910
4.5107177346
0.2712394343
-0.8936252930
-0.2187889046
1.2206139139
-0.1173340031
0.2382418406
0.1658001172
0.3446428611
-0.0681906654
0.6422358898
0.3319040993
-0.4806786840
-0.4300306814
1.1504353326
1.4430767194
1.7676536788
-0.0010675621
-0.5956051974
1.8310991886
-0.2429340759
0.2436339674
0.6796862799
-1.0179389219
2.2851768368
1.3110389642
0.3036703465
-0.4046778275
0.1216540000
1.4749068006
-0.7281831275
-1.6674706208
0.3247456152
0.6566489591
0.1076093248
0.9525206458
1.6148749773
0.4572649291
-0.7481864463
2.2575564538
-0.5543151500
-1.4444939217
1.3286116501
1.3634953122
1.7161192561
-0.5467509292
-0.7395905707
0.4319977184
-1.6704121004
-0.4624879973
0.6480481923
1.9769380102
-1.5722347104
-2.6339038413
-0.2190523714
-0.8192335389
-0.4973614972
0.4633722529
0.2503825973
0.2447898262
0.0603623895
-0.7574277458
0.9701458787
1.6730151921
-1.5293134454
1.3924322725
0.1638392156
-1.0517949536
0.5507903500
1.7670844392
-0.8086765484
-1.0009110444
0.5695435145
-0.5632517630
-0.9312463143
1.7017894301
-0.0965565653
-0.2548119892
1.0492432589
-0.6363478326
-0.3494097431
1.2599152152
1.0992763536
1.4500732232
-0.9140519457
-1.6477538770
-0.0936970702
-1.3545246583
1.3019465205
-0.0101818730
-0.1099616451
-0.9031811304
-0.0890620465
1.6620207298
-0.5300093942
1.0566788681
-0.7602356108
0.2161854713
-0.3524831846
0.4200240836
-0.0924301429
0.4817778409
-1.5740812645
2.3954553927
-0.7441746785
1.4513919728
0.1762155912
-0.8304647727
-0.4943547842
-0.0467087490
-3.2433536107
0.9355140398
0.9761696628
-2.1537814891
1.3607174856
-1.0066328685
0.0438966655
2.3373586651
0.4103390017
0.9930115999
-0.0910224859
0.1700098734
-0.4916409367
-0.3574958174
-0.4541937404
-0.6758742537
-0.3009869404
0.4709286100
-0.8802578507
1.1105534975
-0.5318514837
0.6079495170
0.4184881081
-1.4359171815
1.7977345190
-0.4617833146
-0.9820881245
0.0053877453
0.2238252329
0.1329657007
0.2187671479
-0.7751140382
0.2623473625
2.0374451256
-0.5797228740
-0.0974231267
0.0056892762
-0.1838577620
-0.9468079770
-1.0718895255
-0.0923075561
0.2902874779
-1.0905742004
0.1416804835
1.0325097865
-0.4536724052
-0.1191754841
1.3647570327
-2.2774347659
0.8778199639
0.9337667494
0.7871547100
0.0284104818
1.3994658807
0.0480466844
-0.2168876403
0.2085387858
0.7630196832
-0.7445567195
-1.7155984009
-0.5951260481
0.5054771265
-0.5137838850
1.8698043270
1.2344181001
0.5209477304
1.0051748403
-0.3197581545
2.0755570568
0.8166054891
-0.4778872148
-0.9785832535
-0.6846008042
-0.0179395418
-0.6186526233
0.1997372918
-0.3532001653
-1.9353552585
0.5580201278
-0.8669685241
-0.9511368916
-1.2124644174
-0.6946939139
-0.3927895006
0.5812794981
-1.1517637645
0.9393217778
0.3819500698
0.5763444597
1.3819940467
-1.5875751922
1.0796355032
0.0033775420
-0.5706687590
1.0103481991
-2.2069286293
0.6237923006
-0.3447369242
-0.2338998406
-0.2430121608
-0.0852238947
-0.6890875860
-0.4940578455
-0.2767853604
0.5744262611
0.0662434813
-0.8488497832
0.7577808204
1.1885239699
0.1018951066
-0.0931094336
-0.2902271186
0.8456489001
0.0614361079
-0.3105625679
1.1052526697
1.5350888181
-1.7715189701
0.0449826618
0.5433995627
-0.7471087211
0.3267954308
1.2810424017
-0.4775661302
0.6054166140
-0.4947670564
-0.1054156953
-0.8641771430
-1.0684725756
1.0717366619
-0.6101988778
-2.0545563194
-0.2785604836
0.0516168748
1.8464608847
0.2352146305
0.7176407109
0.5312098029
0.8966291153
-1.6865021831
-0.3656084212
-0.1109393762
0.3946113079
0.9960802332
0.1203432420
-0.7539868411
-0.8684801030
1.2108934636
-0.0663741028
-0.0965508896
0.7070201581
0.2545053717
0.4936034108
1.1143961337
-0.2239904761
1.8954137073
-0.8479496568
0.5098037692
