17 8 0.01
7 0 2 1 1 1 2 1 3 2 0 2 1 3 0
8 0 0 0 1 0 2 0 3 1 1 1 3 1 4 2 3
8 0 1 1 0 1 1 1 2 2 0 2 1 3 1 4 1
11 0 2 0 3 0 4 1 0 1 1 1 2 2 0 2 1 2 2 2 3 3 3
7 0 0 0 2 1 0 1 1 1 2 1 3 1 4
11 0 0 0 3 1 0 1 1 1 2 1 3 1 4 2 2 2 3 3 3 4 3
9 0 1 1 1 1 2 2 0 2 1 3 1 4 0 4 1 4 2
7 0 0 1 0 1 2 2 0 2 1 2 2 3 0
13 12
10 9
11 11
12 11
10 4
10 5
7 5
1 3
0 0 0 0 0 0 0 0 0 0 0 0 0 0 0 0 0
0 0 0 1 0 0 0 0 0 0 0 0 0 0 0 0 0
0 0 0 1 0 1 0 0 0 0 0 0 0 0 0 0 0
0 0 0 1 1 1 0 0 0 0 0 0 0 0 0 0 0
0 0 0 1 0 0 0 0 0 0 0 0 0 0 0 0 0
0 0 0 0 0 0 0 0 0 0 0 0 0 0 0 0 0
0 0 0 0 0 0 0 0 0 0 0 0 0 0 0 0 0
0 0 0 0 0 0 1 0 0 0 0 0 0 0 0 0 0
0 0 0 0 0 0 1 1 0 0 0 0 0 0 0 0 0
0 0 0 0 0 1 1 0 0 0 0 0 0 0 0 0 0
0 0 0 0 1 1 2 0 1 1 1 1 1 0 0 0 0
0 0 0 0 1 3 3 3 2 1 1 0 2 1 0 0 0
0 0 0 0 0 0 0 1 1 0 0 1 2 2 1 1 0
0 0 0 0 0 0 0 0 1 0 0 2 2 1 1 0 0
0 0 0 0 0 0 0 0 1 0 0 1 2 2 2 1 0
0 0 0 0 0 0 0 0 0 0 0 0 2 1 1 0 0
0 0 0 0 0 0 0 0 0 0 0 0 1 0 0 0 0
-0.0619793369
-0.6718871087
0.0484867337
-0.4775776867
-0.9055492126
0.2363408466
0.7630713971
0.1451933060
-0.6670114283
1.2927353279
0.8312866684
1.5143165502
-0.1264612476
-0.6292560331
-0.3811913392
0.8650227312
1.1364505553
-1.8660744389
0.1744091126
1.0037605169
0.4872047370
-0.2220088156
-1.5633849117
-1.4105539971
0.6711714371
1.1290538244
-0.9171140172
0.7957657395
0.4759462766
1.2165038186
-2.0845844906
0.7407676542
-1.1571323108
-1.0080022728
-1.0497620569
1.5581523771
1.1860123977
0.1994823947
1.6385118249
1.5169700618
-0.5661394595
0.3419481857
1.3487809871
-0.3559353501
0.1747147413
0.6928308309
-0.1852045105
-1.1200725982
1.1173538279
-0.9402585771
-0.5360457091
0.4283362418
1.1344919362
-1.9987197110
0.4188323127
-0.8816683368
-2.0206192053
-0.6029404705
-1.4996720180
0.4104719211
0.8886268071
-0.9737244436
0.8647389072
0.7927050798
0.6946147809
0.1181178233
0.8789988858
-1.2623647492
0.2165397739
-0.7433352401
0.8828883139
0.7243784528
0.2456766508
0.6091791273
-1.4482693707
0.8852322107
0.9631041081
-0.0519694001
1.2053416341
-1.4212836880
-0.4913923414
0.3021244596
1.5297803904
0.8533128264
0.4375209944
-1.0716287489
-1.0716765088
0.1232199661
-1.8060139860
0.3197831025
-0.1015951584
-1.5223808046
0.9536874311
0.7450378531
1.3067014019
0.0635361469
1.0714032581
0.1711647266
1.0729813027
0.0330695895
-0.2615551641
-0.3691211335
0.5580338575
0.8776331087
0.8420873602
0.5938166550
-0.0853291276
0.2101289214
-0.2763151570
-1.0903115892
-0.2071241400
-1.0638694506
0.0120845804
1.2204625537
0.6629129391
-0.8874916620
0.9517382020
-0.2958907749
0.3056609292
1.5579626683
-0.7746872245
-1.2999664609
-0.2859247458
0.3044861788
0.0225949523
0.8291435506
-0.1324419195
0.3964781807
1.0778958055
-0.7810483537
3.1614098640
1.1372485210
0.7638834258
1.1889656251
-0.9852829342
2.0937953025
0.5196842665
-0.2892930825
0.3603539975
1.1285059294
-1.3707333994
-0.3285766139
1.0515770004
0.7277201088
0.8363514565
0.1368685611
-1.6983236315
-0.1956541476
0.0939803556
0.0880647214
0.3780536350
-0.2356837159
-1.0030918606
1.5214117537
0.4014997215
0.2718151093
0.0360926732
-1.1169041881
0.6176163338
-2.1708977498
-0.6393895066
0.1997877111
-0.4053388290
-0.2553308550
-1.1527097380
2.0847967345
0.0250554595
-1.7379835352
0.9949283522
-0.2142857012
0.0351156160
-0.6321814776
-0.8813198047
0.5253163887
1.4476401697
-0.0703943369
0.6341860455
-0.4066356053
0.4006714087
-0.5850929145
1.8940458003
0.3229658381
-0.6199883893
0.2667690334
1.1407650156
0.3567747723
0.7558929838
-0.4118675228
-0.3575023535
-1.3836801801
-0.6079827643
1.2192857503
0.7661118992
0.3529970769
-0.0322634766
0.3779507493
1.1603453254
0.2867877017
-2.1405707573
0.6396817774
-0.9755921033
1.4842352657
1.0138018378
-0.7289971462
-1.3521556001
-1.7216513417
0.7157519834
1.6915093076
0.6030358414
-0.6791677442
0.2758042570
0.1619773451
-1.0721607571
-0.9939502639
0.7856638630
-0.0809557165
-0.4225184552
-1.1756083573
0.7148038111
0.3316417781
0.6370495402
-0.6154804190
1.5089473029
-0.6248111424
-0.1051954752
-0.9504350665
-0.0823116922
-0.5746460541
1.6001970607
-0.3583701963
-1.1140401170
0.1583048924
0.3042636001
-0.5409584467
0.0028964312
0.0250828133
0.5542418094
1.4001618738
-0.1475501023
-0.8189674566
-1.6988331381
0.1113223408
0.0116640496
-2.4794140673
-1.4935533770
-0.1954093164
3.3068611352
-0.0587232926
1.1258333156
-0.7431754421
-1.0515504881
0.0678675481
-0.1734889477
-0.3188386169
1.4417512772
-0.9331062306
1.3041027980
1.1990913814
-0.2066726709
0.5980193251
0.8454105430
-0.6117175972
0.1791796327
0.8882195781
-0.2210059622
1.3973939785
1.0903155064
-0.5148876514
0.8508002840
-0.1407277518
-0.2975605018
0.4640477149
1.5185981382
0.3135018653
0.9456625045
-0.1547491980
1.1438579856
1.2323848110
-0.6016822536
-0.0565805066
1.7542059590
-1.9091378218
-0.9916544046
-0.5520831430
0.6129707753
-0.2344735483
0.7663571290
0.2622616536
0.2117598608
0.1443520466
0.7453968678
-1.5802284824
-1.6408650892
0.3126064027
-1.7059813720
-0.8838177495
1.4941999423
0.4143802253
0.5905910924
1.5264366617
0.3505083734
0.1849987188
-1.7347858408
0.2286827248
-2.5990019601
0.1906175661
0.5606803764
0.4377270259
0.7976245022
0.5990874731
-1.6335514403
0.0762630849
0.8954542220
2.0220698633
0.2892415569
0.8932948153
1.1459592768
-2.1469822438
-0.4839303981
-0.4253596802
-0.8707124736
-1.1924574341
-0.6961395598
1.1145980806
-0.0346086770
-0.5597543838
0.4908011574
-0.2996023598
0.6898997835
-1.2446538128
-1.6149859597
-1.1830984084
1.2864508451
-1.5469309587
0.7430549636
1.0579503428
-0.5293944894
-0.7626490768
1.5204365827
0.5117147837
3.0459085120
-0.7509156151
-1.5423772541
-0.5023294693
0.6362318142
-1.2302324861
0.8474147987
-0.5705223850
0.6202634094
-0.1892233732
-0.5357504055
-0.2489749198
-0.2723022010
0.0265088288
1.3110756081
-1.7485461751
0.2050440335
-0.2727445389
-0.1528266752
-0.8602882956
1.0793518956
-0.2934271509
0.7152378081
-0.5732916074
1.1854418160
0.1467760524
-0.7485917250
1.0179698402
0.3246830016
0.4885951998
-0.7651668276
-0.1556543285
-0.1455367243
-1.1685103002
0.6593867897
-2.2554350405
-0.7741261789
-0.5699147804
2.1398170579
-0.2170564746
-0.3039921424
0.3569078296
0.8385819048
1.2849615968
1.1423415982
0.9488249481
1.4216029094
-0.4909897592
0.8053481930
1.0513720482
1.0012034804
1.9618335809
-1.8941519588
-2.0902015559
-0.5315068699
-1.2295715011
0.0507835074
1.2940337457
-0.4826259113
0.4373183221
-0.1246628580
-0.6091113764
-0.5517947370
0.5732624719
0.3798496929
0.0829854306
0.6633804879
-0.9827190656
-0.8070276962
1.8768066623
0.7457295080
-0.5712621093
-0.1800780134
1.5217504980
2.5261851420
0.2233753262
0.1087375054
1.3606125290
0.3620088795
0.0063970732
-0.5062918751
-1.5774471007
-1.4336557055
0.6149493853
-0.1351733058
0.9654334685
-1.2122042547
2.7120185633
0.0485530758
-1.9699964794
-0.1617334158
1.1630295772
1.8696718529
1.3075907378
-0.0343830246
-0.4217087490
-1.7418144087
0.5870581707
0.9082115657
0.5981894317
-1.4108541103
2.0270005857
-1.5626108478
0.0182152844
0.2111171686
-0.8481994280
-0.8869756601
0.7147110287
0.1198957285
-0.5701331604
-0.6182747653
0.3643424456
-0.2385002005
-0.0190992281
0.2187570553
1.0898503529
-0.7325801598
0.7439373879
0.6166548695
0.4962875324
-0.8425065080
0.4168325384
0.0642103859
-0.1834671305
0.6527247646
-2.0296591375
0.0475044807
0.3569164516
0.0759314455
0.0280459944
0.1251172994
0.0972727045
0.3463713236
-0.2448089591
-2.1739778725
0.8206102948
-0.1835170376
-0.2446447504
0.6908884308
-0.3388022223
0.9776381161
0.3799440944
0.2412965875
1.9724231969
0.6105726032
-1.6378893262
-2.0178136798
1.0575137262
1.3014342271
1.5828008460
-0.5691817224
-0.8490745394
-0.5616719596
0.8847875957
-1.3293815869
-0.1319804169
1.9569540839
0.6722251494
0.0293960615
0.1845728852
-1.0221543292
-0.2526982842
0.1177081946
-0.5923663380
0.6040507991
-0.1118336009
0.7389424442
-1.8076603087
-0.1939073692
1.6550871560
-0.9471608329
-1.5346253897
-0.6357127161
-0.6453695215
-0.7309435745
0.3564121692
1.1224126219
-0.9746376833
0.6424435548
0.5544665030
-0.5000609557
0.6477805550
0.6044028829
-0.3585999305
-1.3876123964
0.3861204906
1.5224593699
0.5763715058
0.6428939130
-0.0304906377
-0.0071551834
1.7098181391
-1.5429259065
0.5433098489
-0.2446514255
-0.7742326125
1.2012972598
-0.1286308637
0.2920460311
-1.5043689976
-0.6868905314
0.2511557252
1.5408093553
-0.7267438472
-0.4622185732
-1.1168480053
-1.3004483577
0.7519412651
-0.1553217760
-1.5008210316
-1.0378524171
0.7835605928
-1.4244948916
0.3122362053
0.3947735075
-2.2337163477
-0.2674562895
-2.2972413313
1.6819098755
0.8530914708
0.2698333694
-1.4825630628
0.1850300523
0.7055790568
-0.6116624265
0.8242710453
1.8872692388
-0.9932664842
-0.9474537955
1.4341585898
-0.4073113430
-0.4550018265
-0.0724101135
-0.1952020233
-0.5804484014
0.8781380089
-0.0464449629
-0.2515049177
