18 15 0.02
9 0 2 1 2 1 3 2 0 2 1 2 2 3 1 3 2 4 1
6 0 1 1 1 2 0 2 1 3 1 3 2
8 0 1 1 0 1 1 1 2 2 1 3 0 3 1 3 2
5 0 0 0 2 1 0 1 1 1 2
9 0 1 1 0 1 1 2 0 2 1 2 2 2 3 3 0 3 1
6 0 1 1 1 2 0 2 1 3 0 3 1
8 0 1 1 1 1 2 2 0 2 1 2 2 3 0 3 1
12 0 1 0 2 1 1 1 3 2 0 2 1 2 2 2 3 2 4 3 1 3 2 4 2
7 0 2 1 0 1 1 1 2 2 0 2 1 3 1
5 0 0 0 1 1 1 2 1 2 2
8 0 1 1 1 1 2 1 3 2 0 2 1 2 2 3 2
5 0 1 1 1 2 1 3 0 3 1
10 0 1 0 2 0 3 0 4 0 5 1 0 1 1 1 4 2 4 2 5
10 0 2 1 2 2 1 2 2 2 3 3 0 3 1 4 0 4 1 4 2
7 0 2 1 0 1 2 2 0 2 1 2 2 2 3
12 0
2 4
1 14
0 12
12 14
3 8
12 11
9 9
4 6
7 15
4 8
3 3
8 12
3 13
4 2
0 0 0 0 0 0 0 0 0 0 0 0 1 0 1 0 0 0
0 0 0 0 0 0 0 0 0 0 0 0 1 1 1 1 0 0
0 0 0 0 0 1 0 0 0 0 0 0 0 0 1 1 1 0
0 0 0 0 1 1 0 0 0 1 0 0 0 0 0 2 0 0
0 0 0 0 3 1 0 0 1 2 0 0 0 0 1 2 1 0
0 0 1 0 2 1 2 1 2 2 1 1 0 0 1 1 1 0
0 0 1 2 2 1 1 1 2 2 1 0 0 1 1 0 0 0
0 0 0 0 0 0 0 1 0 0 1 0 0 1 1 2 1 0
0 0 0 0 0 0 0 0 0 0 0 0 0 1 1 1 2 1
0 0 0 0 0 0 0 0 0 0 1 1 1 1 0 0 2 1
0 0 0 0 0 0 0 0 0 0 1 0 1 0 0 0 1 1
0 0 0 0 0 0 0 0 0 1 1 1 1 1 0 0 0 0
0 0 1 0 0 0 0 0 0 0 1 1 1 0 0 1 0 0
0 0 1 1 0 0 0 0 0 0 0 1 1 1 1 1 0 0
1 1 1 0 0 0 0 0 0 0 0 1 1 1 1 1 1 1
0 1 1 0 0 0 0 0 0 0 0 1 1 0 1 1 0 0
0 1 0 0 0 0 0 0 0 0 0 0 0 0 0 0 0 0
0 0 0 0 0 0 0 0 0 0 0 0 0 0 0 0 0 0
-1.3537568733
-1.0262488771
0.5780252349
-0.7448266416
0.3670963558
0.1353145172
1.2326102036
0.4725811138
-2.2240931834
0.7270612998
0.7386515569
-1.1378915974
1.2972420207
0.5765426971
-1.2945899458
-0.4026028399
-1.3790545095
1.6153656947
0.3422262170
-0.0827974898
-0.1080115610
1.5799691866
-1.1789563027
-0.1196195387
-0.6527506562
0.1335046875
-0.8353682894
-1.5764468179
1.1752072702
-0.1254135574
0.5639822003
-1.9189259773
0.7017593051
1.3576498147
-0.6551312328
1.2618398717
0.2550524651
0.6719172924
1.4344443100
-1.1656970297
0.7136016463
-0.6391742595
-1.2492874290
-0.3722311240
0.2144171041
-0.5062545714
-0.0533034199
0.6756198901
-0.2078193428
-0.6097035521
1.3260699579
1.2371776203
-0.8203633367
-1.2032664552
0.0672325345
-0.2573542372
0.7821501713
-0.3444451319
-1.0871683268
0.3365393953
1.4491745508
2.1384313578
-0.3354471771
-0.0902449256
-1.0946956094
1.0082894476
-1.3016317714
-0.2086150427
-0.5625733370
-0.5032931766
0.7701412592
-0.8012013530
-0.1233880177
-1.3408530054
-1.0298886161
-0.0261287065
-0.1464771718
-1.3651679902
-0.6733838007
1.0006193686
0.2245607973
-0.7907127718
-0.9424119965
0.8633248245
0.2510709322
1.2212924173
-0.7200572894
-0.4854384010
-0.5201421452
1.2479325750
1.9711754120
1.3644143685
-0.8597061263
0.2689662570
0.7147062434
0.0679968664
0.1473663939
-0.6101899165
-0.4268508087
0.6017420068
-0.0660115620
0.1126819657
-0.2449929865
-0.8817946665
-0.0651472477
-0.0858429543
-0.0214392186
0.3644316930
-0.7023693656
-0.3834461749
-0.4996824421
-0.7508218511
0.0858333207
1.5461220436
0.5796528300
0.7191972105
-0.5339449955
-0.6850834922
-2.1276669009
1.5260190984
2.6425994118
1.2914956328
2.2516228568
0.1123305420
-0.3316415699
0.7381781703
-1.0983870933
0.6596772583
-0.4609773720
2.6425523061
-0.7839365006
-0.0661333310
0.6264110929
0.1609230984
-0.3276949510
-1.1235921343
-0.7880383559
0.0566354982
0.0854796106
1.0635310246
0.6401708945
0.6650932870
-0.0641163127
-0.6666627353
0.3269006004
0.1174891460
-0.5467255739
-0.6289885756
-0.8492226762
0.0749714679
-1.4420426945
0.9142869723
-0.8588734109
0.1496290689
1.4049307712
-0.7482650901
0.2842251068
1.1954021109
-0.2802610524
-0.7541491171
-2.0387983881
2.1074362795
1.4256002522
-0.4899598662
-0.7695498395
-1.7227574529
-0.4376533322
-0.2967187603
-2.1911174232
1.5366680544
0.7067462804
-1.0015495962
0.1114963170
-0.2084287264
0.6015569338
0.5328265789
-1.0944460397
0.7232460585
1.7194568971
-1.1311526015
0.4581101969
-0.4729870075
-0.3530448658
0.0383835054
0.4088798664
0.4131716787
0.4343547518
0.2873073398
1.1610310796
0.0799665862
0.6670537897
-0.8397662137
1.5300822157
-2.2267038964
0.1245799774
0.4225092420
-0.9581541492
-2.6901258007
-0.5199161561
-0.7799616011
-0.6889611418
1.8980926474
-1.3982158316
0.3713959049
2.0909546217
-1.3482838341
-0.2527869046
0.0804917458
0.3911077873
-0.8396486625
-0.0671498517
0.7007038223
0.8819615332
0.5607868211
-0.4063537470
-0.5671360856
-2.1489265339
1.8020371990
0.5489030399
0.9062736892
0.7169819556
-1.5477543421
0.8299348082
0.6912537444
-2.0147483278
0.6085187714
-0.3538652046
-2.1257145218
0.9030133157
-0.9782980379
-0.1862716845
-0.5188279819
-0.0178485304
-3.4759138004
0.3147237986
0.6035412030
0.2889613807
0.0674288989
0.6791562960
-0.4166646088
-0.9655140238
-1.3770237112
0.5302525297
-0.1093398396
-0.9803080315
-1.0771124651
-2.0920237437
0.4728653204
1.2829258854
-2.3316747622
0.1269111451
-0.9070261449
1.2942087113
1.4669094418
-0.1278312072
0.6742389203
0.4647808568
-1.5625504306
-1.8321439773
1.5719613589
-1.7161746492
0.0981154509
-1.5487452902
0.4616866937
-1.7903611462
1.1269284981
-0.4627756799
-0.1029888397
0.2233834529
0.9414328626
-0.4410655920
0.0659882034
0.5200381968
-0.0296994170
0.3183858252
-0.3455297781
-1.7535511090
-0.8326929341
-0.2603556629
-0.3087222069
-0.2010248631
-0.0166946704
1.7098694355
0.3730040134
-0.8684468219
-1.6585572870
0.8658729151
0.3742330823
0.9601638688
-0.9369768426
-0.3194856630
2.2605101818
-1.9977774983
-0.1008579048
0.4317546578
0.7793461060
0.3664062003
0.8861878816
-0.1259482175
0.8148166698
-0.6874201862
-0.5877458781
0.8169756107
0.1715317630
1.0555835573
0.8630859031
1.0899103130
0.9307521086
-0.0320451275
0.2166796712
0.6326473715
-1.2941316551
1.2836404585
1.0670388201
0.1473963163
1.8735116803
-0.5706926060
-0.7579230702
-0.2454017182
-0.6877408444
-1.1631026922
-1.3504800818
0.4314033788
0.4676261474
-0.3783370017
0.1707512297
1.3387255347
-0.0086215639
-1.0238898125
-1.0546689540
2.0877372166
-0.5564620109
1.6280481727
-1.0819573515
-0.8526070011
-0.1605698166
0.4968133320
0.3220955247
0.1375985518
-0.4777421501
-2.0347329354
0.5571996906
-0.1811780616
1.4490355293
-0.1029218445
-0.3465454447
-1.0364669298
0.3633077472
-0.0216991809
-0.4246114993
0.3288960329
0.2345109024
-0.2289486503
0.4381914002
-1.5842434671
1.5884615932
-1.0909172943
-0.5789587178
0.2222893675
0.0322063520
-2.2754052129
-0.0314944842
0.6365003605
-0.1782246031
-0.1947195598
1.0487716024
1.2838357869
0.2743947291
-0.4251110053
-0.1852305220
1.8101769497
-0.9025489474
1.6674222701
-0.8995980472
-0.0446350190
-0.1770123705
-0.3992528070
0.0635501222
-1.5544092591
-1.4056823179
-0.7115032002
0.1272551851
2.1039961486
0.3057658680
0.0136721295
-0.4151146573
-0.7586471538
0.3035581975
1.6541034974
0.0898825400
0.9546194048
0.7704971933
-1.1788135845
-0.5481884215
-0.9438129754
0.6588761271
0.8561577306
-0.4471837934
2.0816260841
0.9296404439
0.3537856582
-1.8183488203
-1.5770228225
1.3301740008
-0.6678420678
0.4352016807
-1.3664303020
-0.6984117199
0.5282335100
-0.7096182716
-0.5799152778
1.4170575617
1.1954461506
0.4279840156
-0.0270660851
1.2958706420
-1.3905890081
-1.3498182300
-0.0189606074
1.3161633921
-1.2899608395
-0.3450717825
-0.0430125082
1.8728367577
-1.5110307695
-0.1652912172
-0.6048861514
0.9721346721
-1.4843540599
-2.8793655970
-1.6190433955
-0.1931439170
2.2613032426
0.5162230861
-0.2914362895
-1.4111769354
0.2276177623
-0.6987659487
1.2846564682
-1.5096269826
0.6113351587
0.2146732475
-0.8228743010
0.5399384196
0.3478407632
1.1842023529
-1.5013396886
-0.7564457023
-0.1013591894
-0.6584864684
0.4909291846
0.2843657560
0.3261575746
1.4210195231
0.0889773499
-0.1248205732
1.5684698841
-1.8266029506
-1.0195575204
-0.1039220463
-0.5089134320
0.5269941894
0.1470342352
0.7772577873
-0.6356286081
0.1180476705
0.0187699694
-0.9272100718
1.2902807134
-0.0507258988
0.6003026159
-0.2160378835
-0.2481167882
0.8082383526
-0.4843803682
-1.3026740527
-0.1816022628
-0.3315560119
-1.4484959533
0.3822790086
-0.2376316813
-1.0160794268
2.1132636244
-0.4279636852
1.0508473245
-0.0999655368
-0.5157114229
-1.3313742535
-0.3096643999
-1.0143643006
-0.1860771038
0.8395101212
0.1783659780
-0.8381605739
-0.9877439859
-0.5130943411
0.9121633024
0.2765859083
0.9318212299
-0.7454448279
-0.2525356037
1.2444960184
-1.2023081790
0.5789007507
0.1092040518
1.3414075042
1.3465820036
1.0628946111
0.1794623554
0.7700850427
1.0967712655
-0.1637210482
-0.5025987616
-0.7312015120
-0.2667608346
-0.2426687212
0.7637194144
-0.6523128508
-1.8906949244
-0.0006582623
-0.1276018407
0.1682358086
-0.9247466198
-1.0551637629
1.6765618276
0.0240810690
-0.0883998245
1.8928978294
0.6564121578
-0.9035243475
0.3779057763
-1.3022673129
1.2026770957
-0.4051601935
-0.7674406052
1.8197137344
1.8340647608
-1.4841034733
-1.1279646778
0.2958367784
0.3505270048
-0.7416283114
0.9650004878
1.5913283926
0.0515152303
-1.1738439235
-0.5608513500
-2.1246907101
-1.1221838876
0.2466604373
0.7923865807
-0.0208637900
-0.5866467347
-1.1750476972
-0.4793778741
-0.6390052618
0.4036471698
1.2707520236
0.8984406715
1.4031517369
0.9289406507
-2.2728473876
-0.3911854963
-1.5139657059
-0.8578334094
0.7855920094
-0.2891021223
-0.1541379301
1.5487673160
0.4331456235
-0.2349054765
0.4553802285
-0.4009546973
1.1085212422
-0.0427406882
1.0875252652
1.2707210137
-0.4031518315
1.7940410805
-1.0885454046
1.0032690821
1.4756243583
0.3654246971
0.6604479474
0.0035860964
-0.2478888033
0.1502147646
1.5840850333
0.2069954106
0.8715336029
0.3561680480
-1.2063808103
0.6134774639
0.5806276251
0.5168533970
-0.9675075489
0.2426767402
1.3264804689
-0.1514178645
1.1502096695
0.2231219514
-0.0187724091
1.1896346930
0.3264438832
0.0092226193
-1.1106520575
0.4607479278
-1.2738294666
0.4494416680
0.6910397356
-1.5648476827
-0.7254255778
-0.0017280909
-0.1714110118
0.1283347177
0.5473151117
1.0666595584
1.0556751061
2.0892439906
-2.6747612111
-1.1046888684
-0.1214172676
0.5488038638
0.7426994145
-1.1243827370
-0.5397589682
-2.0743682025
0.6363477147
-0.0579810289
-0.0630136653
1.3797872470
1.0009167409
0.6310004967
0.5314469340
0.0693025152
-2.1928425896
-2.5452138752
-0.7000329675
-0.3319275641
0.2119260939
-1.2525026322
-0.9153179210
0.9563883792
-0.0502401842
-0.7062994912
-0.5591565890
-0.9000270034
0.3295840288
