16 10 0.07
11 0 1 1 1 2 0 2 1 3 1 4 0 4 1 5 1 5 2 6 0 6 1
11 0 0 0 1 0 2 1 0 1 1 2 1 2 2 3 1 3 2 4 2 4 3
9 0 2 1 2 1 3 1 4 2 0 2 1 2 2 3 1 3 2
11 0 1 1 0 1 1 1 2 1 4 2 0 2 2 2 3 2 4 3 2 4 2
9 0 1 0 2 0 3 1 1 2 0 2 1 2 2 3 2 3 3
10 0 2 1 0 1 1 1 2 1 3 1 4 2 1 2 2 2 3 3 2
11 0 2 1 0 1 1 1 2 2 2 2 3 3 2 3 3 3 4 4 2 4 3
11 0 1 0 2 0 3 1 0 1 1 1 2 2 1 2 2 3 0 3 1 4 1
11 0 0 0 1 0 2 1 0 1 1 1 2 1 3 2 0 2 1 3 1 3 2
9 0 1 1 0 1 1 1 2 2 1 2 2 3 1 3 2 4 2
4 1
1 7
11 2
8 7
5 3
3 2
6 8
5 2
7 1
5 12
0 0 0 0 0 0 0 0 0 0 0 0 0 0 0 0
0 0 0 0 0 0 0 1 1 1 0 0 0 0 0 0
0 0 0 0 0 0 0 1 1 0 0 0 0 0 0 0
0 0 0 0 1 0 0 0 1 1 0 0 0 0 0 0
0 0 2 1 1 1 1 0 1 1 0 0 0 0 0 0
0 0 1 2 3 3 1 0 0 1 1 0 0 1 0 0
0 1 2 1 3 0 0 0 0 0 1 0 1 1 1 0
0 1 2 3 2 1 0 0 1 1 1 0 0 1 1 0
0 2 3 2 1 1 1 0 1 0 1 1 0 1 1 0
0 1 2 2 0 0 0 1 1 1 1 2 1 0 1 0
0 1 2 1 0 0 0 1 0 1 2 2 0 0 0 0
0 0 0 0 1 0 0 0 0 1 0 0 0 0 0 0
0 0 0 0 1 1 1 0 0 1 0 0 0 0 0 0
0 0 1 1 1 0 0 0 0 0 0 0 0 0 0 0
0 0 0 1 1 0 0 0 0 0 0 0 0 0 0 0
0 0 0 0 0 0 0 0 0 0 0 0 0 0 0 0
0.1520647168
1.7247846588
-0.5098799122
2.2108459377
1.0792812807
0.0982541998
1.5618402077
-0.6306776231
0.2918087375
-0.0577671523
0.0416386069
-1.5365370595
-0.6363850688
0.4352861281
0.6599951800
-0.2492133439
-1.1803353995
-1.2896073950
-0.9804830629
-2.4288885277
-0.0364982071
-1.5241184508
0.9066533478
0.5870242893
0.0846209244
-0.1838284980
0.4184506018
-0.1990532856
0.8913072964
0.8767013587
-0.3159088913
1.8877532796
1.9569062607
0.3367540979
0.1616861102
1.5194835214
-2.3646122641
2.3685150296
0.0904164416
1.1521861076
0.9259991136
-0.5459934185
-0.6128580559
-0.4783330875
-0.5642636832
-0.1263181578
1.8534178609
-0.7786929411
-0.0983553517
0.1596599355
1.0579750783
-1.0824175262
0.4479853736
0.3805954355
1.6110556266
0.1337193557
1.1191418148
0.4056431244
-0.3024852111
-0.1989068837
1.8944747018
0.7326146342
0.3135634760
1.5537760202
1.9723211771
0.5779482257
1.1368790580
-0.5300012930
0.8271698031
-0.5030920733
1.2098924225
-0.4928075746
-0.1560985374
-0.8559630954
0.0776001493
-1.7450509393
0.9257574367
0.1976730117
-1.7004268600
0.4688579628
-1.8081908852
0.0815365729
0.3881265339
-1.1613522633
-0.0486386734
-0.8980291040
0.1843057435
-1.1211880781
-0.9155381040
0.9941716577
0.5020284605
-0.8090416968
2.1715155249
1.5540420379
-1.0090836573
1.1279821830
-1.2919616483
0.5919159706
-0.6404275437
-0.0727242366
-0.8366193313
0.7080953023
-0.9962415069
0.5538244532
-2.4805318980
-1.9070308765
0.2367784786
0.2884080486
-1.2252869506
1.2811236230
-0.2919763252
-0.0145316329
-1.0428146936
0.0120356088
-1.2637031607
1.7906646223
-0.8104658405
-0.2243133800
1.6495058844
1.7838998936
0.3429012827
0.2062940075
-0.2432120842
-1.6161697712
0.2573077913
0.0563605458
-0.2177772213
-0.1240507147
1.2975359169
-0.8945447166
-0.8755785055
0.0226739774
0.2381689178
0.0236636908
0.2761983877
0.1857165649
1.6406781474
0.4979835378
0.0885484132
0.9814002268
0.3616148390
0.1866009666
1.3194628786
0.4130742715
-0.7160036709
-0.2750280915
-2.6579479767
-0.0818431464
1.1423539814
-1.5665864041
1.1875567312
-1.4395731700
1.4229930388
1.2125047488
0.9233920354
-0.5278339129
0.4548378705
0.4401100825
0.8286436477
1.4542590199
-0.9796415253
-0.3193543841
1.0075041808
1.8673010580
0.9909469318
-0.3005046873
0.6652793921
0.8793211560
0.9053314416
-0.1729589287
-1.2730067228
-0.0718444133
-1.1150232330
0.3773309901
0.8658573493
-0.7172938441
0.0086813626
-1.0092720114
0.7666851192
0.9957785391
-0.2910716357
-0.2225054620
1.1297613361
1.1518841005
0.8578032382
0.1445144437
0.7827174323
0.1109544635
1.4125534363
-0.5067059441
0.3630337256
0.8767326479
0.2390325343
1.0736557134
1.1437141236
-1.5092797511
0.3262387258
1.4039370197
-0.1746444589
-1.1951722654
0.8323783109
-1.8705303736
0.0016754875
1.1917811676
-1.4485875996
-0.0956498785
1.1906397739
0.4802103155
2.3236718800
0.5251077251
-0.8689464088
0.5914183280
-1.2945745657
-1.1823604144
-0.0004982499
-0.4152817023
0.9664085223
-0.1360120960
-1.1111804317
-0.3774060677
0.5238514100
0.0076175649
-0.1962367505
-1.5378097054
0.5216591219
-0.7574131196
0.5697424898
-0.0106225857
-1.5674918431
-0.4219399170
0.4516119523
-0.8081406588
0.4481035729
0.2008093647
-0.6642039430
0.2689739124
1.1433462723
-1.0330257020
-0.1673570127
-0.5862772023
0.4039861092
-0.3111455973
0.2572753876
0.3261780150
0.0676879065
0.5648888945
0.4587876197
-0.0423270082
-0.2518152747
-1.0795957120
0.4288696746
1.4597423346
-0.0826701852
1.4067260822
1.5321381825
-0.5423877669
1.0766721605
-0.9390808028
-0.0317173947
-0.1296799155
0.9065020820
-0.8539175923
2.4001659041
1.6018352098
0.9677830479
-1.1356177247
1.2937508756
-0.9469714910
-0.1244607149
0.5717239014
0.1213284414
-0.3424775723
-1.2003747699
0.2710376449
-0.3486787079
0.1986427295
-1.7848876527
-1.3409285888
0.6494868926
0.2544174131
0.8632685986
1.6363093903
0.5839888940
0.5631432361
-0.7965395966
0.2624514797
-1.1548793136
0.9695051757
0.5900463394
-0.8850880483
0.6133770856
0.5363237780
-1.8559231347
1.3992404103
0.6033049912
-0.8707975995
0.9194596064
-0.2953736847
-1.3561989654
-0.9242590574
-0.4377168674
0.4801936484
-1.1556151242
-0.0897689081
0.2444916650
2.7481684582
1.1059362596
-0.0411587808
-0.5379629502
1.2319052839
-1.2286147407
1.8671727474
-0.6993644433
1.2687826456
0.2207624686
-1.0167258566
0.3191828693
-0.0475378512
-0.3100284076
1.7397278954
1.7698632437
0.2483861588
-0.4007438173
0.3791549981
-0.9617771451
1.4427466081
-1.7913117893
1.1805640755
0.2651015258
-0.4944139522
-1.5345596039
-0.5254987085
0.3020780459
-0.2036486896
1.6669259947
0.3837689748
0.1778733035
0.4782798623
1.5674531175
-1.6033187172
-2.4633310614
0.5832359411
-1.0186175369
-0.9965779010
0.2639833411
0.1724622942
0.7404010088
0.2258689341
0.3063936549
-1.1402695546
0.1239112608
-0.1355603328
0.2640644199
0.5680892728
1.2178999137
0.1170824977
0.5049746685
-0.8678028377
-0.6561382812
0.3072926631
-0.9042468626
1.4976549398
-1.4433580521
0.1840405264
1.2290197707
-0.5968138766
0.4539846142
-0.5064877484
1.5465286362
-1.1666108901
-1.5943203413
-1.2660998645
0.0323867064
-0.4742221041
0.1788567435
0.9604272381
1.5806343803
-1.0029663887
1.7619433364
-1.3292965732
-0.0112926845
-0.2989897649
-0.1741636808
-1.5001022183
-0.2711911342
-1.2041751748
-1.2671343491
-1.2133907775
-0.8185885027
-0.3198918389
-0.2525938283
1.0053845007
-1.5891011421
0.0321657399
0.4399687172
0.1375039571
0.5613382702
-0.7256230178
-0.0501128949
0.7867158697
-0.9173598332
-0.6853197140
0.8519057097
0.7289515868
1.0733632684
-0.3779030964
-0.1024972129
-0.1725077389
0.3153596319
-1.7450109032
-0.0161295881
0.7379315550
-0.3719113150
1.1599495712
-0.8343666971
0.2493193891
0.7472119471
-0.4006038916
-0.2662094175
1.1446776577
1.0485860382
-0.9498639569
0.6685076129
-0.5317885350
1.3022513633
-1.4174662817
0.6030989100
0.1467210588
1.5386173015
-0.7787833704
-0.9853291538
0.1116091225
0.2631685498
0.1385878057
0.0360157611
0.6510440824
1.8106427330
0.0475089882
-1.8589832378
-1.0433133041
1.1327363654
-0.4485561709
-1.4118828156
-0.5904873031
0.8046780397
0.0726363719
-0.1743532472
0.4164989512
-1.2443679204
0.2302684028
0.5730059079
-0.9397080174
-1.4934699653
-0.3465831719
1.1054578097
-0.0482919878
-0.1557339841
0.8561958377
0.5142352196
-0.3808310927
1.6541418829
-0.8926466816
0.0006829731
1.8985561382
1.0538103991
-0.1412028766
0.4504580899
-0.7196522850
-0.5605441928
-0.7986207464
0.6670759358
-1.8829163622
-0.1356559148
-0.3132235893
-0.2142684570
-0.4820480446
0.8611359577
-0.7330308543
0.8972292710
-0.8853704872
-1.8573116127
0.7683148232
-0.8981856445
-0.6476188765
-1.4916335329
0.3756242018
0.0840979702
-0.2827717687
-0.5023321240
0.0813469616
0.2865472702
-1.6651351969
0.9361267421
-0.2319045989
-1.0859459154
0.2410173812
-1.3819039952
0.1252854147
0.5595789768
-0.0357060270
-0.0227901434
0.6690287853
-0.4587397227
-0.1714357227
0.7103746269
-0.4474551940
-0.1674575547
-0.4044186593
-0.6133034142
0.5706881063
1.5514715003
-0.6234849431
