20 13 0.17
15 0 2 1 1 1 2 1 3 1 4 2 0 2 1 2 2 2 3 3 0 3 1 3 2 3 3 4 2 4 3
19 0 0 0 1 0 2 1 0 1 2 2 1 2 2 2 3 2 6 3 2 3 3 3 4 3 5 3 6 4 1 4 2 4 3 4 4 5 2
20 0 4 1 3 1 4 1 5 2 4 3 0 3 1 3 2 3 3 3 4 3 5 4 4 4 5 5 3 5 4 5 5 5 6 6 3 6 6 7 3
9 0 1 0 2 1 0 1 1 1 2 2 0 2 1 2 2 3 2
18 0 0 0 1 0 2 0 5 0 6 1 0 1 1 1 2 1 3 1 4 1 5 1 6 1 7 2 3 2 4 2 5 2 6 3 3
11 0 3 1 2 1 3 2 0 2 1 2 2 2 3 3 1 3 2 4 0 4 1
10 0 2 1 0 1 1 1 2 1 3 2 2 2 3 3 3 4 2 4 3
13 0 3 0 4 0 5 1 0 1 1 1 2 1 3 1 4 1 5 2 2 2 4 2 5 3 2
13 0 2 0 3 0 4 1 1 1 2 2 0 2 1 2 2 2 3 3 0 3 3 4 3 4 4
15 0 2 1 1 1 2 1 3 2 1 2 2 2 3 3 1 3 2 4 1 4 2 4 3 5 1 6 0 6 1
11 0 1 1 1 1 2 1 3 2 0 2 1 2 2 2 3 3 0 3 2 4 2
13 0 1 0 4 1 1 1 2 1 3 1 4 2 0 2 1 2 2 2 3 2 4 2 5 3 4
11 0 4 1 4 1 5 2 0 2 1 2 2 2 3 2 4 3 2 3 4 3 5
3 11
11 3
7 11
16 10
13 10
3 9
4 5
2 4
8 12
7 10
4 11
2 2
4 5
0 0 0 0 0 0 0 0 0 0 0 0 0 0 0 0 0 0 0 0
0 0 0 0 0 0 0 0 0 0 0 0 0 0 0 0 0 0 0 0
0 0 0 1 0 0 1 1 1 1 0 0 0 0 0 0 0 0 0 0
0 0 0 1 2 2 2 1 1 1 0 0 1 1 0 0 0 0 0 0
0 0 1 1 1 1 2 2 1 2 0 1 3 1 1 1 0 0 0 0
0 0 0 0 0 1 3 1 1 2 2 2 3 2 2 0 0 0 0 0
0 0 0 0 0 1 1 2 2 1 1 3 2 2 2 0 0 0 0 0
0 0 0 0 0 0 0 1 1 2 2 1 1 2 1 1 0 0 0 0
0 0 0 0 0 0 0 1 1 0 0 1 1 2 2 2 2 0 0 0
0 0 0 0 0 0 0 0 0 0 0 1 1 2 1 1 0 0 0 0
0 0 0 0 0 0 0 0 0 0 0 2 3 2 2 2 1 0 0 0
0 0 0 1 1 1 0 0 0 0 0 1 2 1 0 2 1 0 0 0
0 0 0 1 0 1 0 0 0 0 0 1 0 0 1 2 2 1 0 0
0 0 0 0 1 1 1 0 0 1 2 2 1 0 1 1 1 1 0 0
0 0 0 0 0 1 1 1 1 1 1 1 1 1 2 1 1 1 0 0
0 0 0 0 1 1 1 1 0 0 0 0 0 1 1 1 1 0 0 0
0 0 0 0 0 1 0 0 0 0 0 1 1 1 0 0 0 0 0 0
0 0 0 0 0 0 0 0 0 0 1 1 1 0 0 0 0 0 0 0
0 0 0 0 0 0 0 0 0 0 1 1 1 0 0 0 0 0 0 0
0 0 0 0 0 0 0 0 0 0 0 0 1 0 0 0 0 0 0 0
0.2246520250
-0.4202391055
1.3569709335
0.8030277397
-0.2026394834
-0.2503800116
-1.2663589023
1.3764900562
1.0790144602
0.0434489197
0.0616757067
-0.3221720457
1.5573183730
0.7722974957
-0.7414626747
-0.4672731123
0.9189305198
-1.2264084478
-0.9359106030
-0.9912394904
0.5501646341
-0.1844052276
0.8933848380
0.2605618804
-0.0467833777
0.3870869575
0.9162126160
-0.2734571789
-0.5147611411
-0.0847877450
-0.7009778522
-0.1221646517
-1.1299386498
0.0970266400
1.0252482022
-0.7568436959
-0.1405313891
-0.3949689418
0.8760417999
0.6249565144
0.4944297792
0.8510232951
-0.9362478091
-0.3171810782
-0.6854240260
-0.5133485370
1.6546813826
-1.1038624896
0.5618921788
-0.9925448634
0.0860499943
0.8662076989
0.9312899642
0.2234143907
-1.7453814133
-1.6013528191
-2.1582337716
-0.0286151784
0.6376269608
-1.3715098093
-1.2457844690
-1.5523214066
2.2222995093
1.9960054475
-1.0091299329
0.7997914973
-0.9252388012
-0.9118872502
1.1525610172
0.5791457870
-0.1753574706
-2.2014047074
-0.7304749772
0.1231231167
-0.7878019057
-1.0716731045
-0.5072989966
0.3732260029
-1.2192749805
0.0704187757
0.0538987786
1.3257198880
0.2265371868
1.2079684801
-0.8345006793
-0.3039363063
-0.4958384740
0.7954936846
1.5659662247
2.3954266416
0.1908551745
-1.1694372317
-0.1707856652
-0.3538681483
-0.5847183964
0.7997991173
0.8824552047
-0.2237713255
0.7441998657
0.2545520260
-0.2527097650
1.4010081330
-0.2767321689
0.6434849986
-0.4836005835
0.8451931202
-0.3774366123
0.1257652679
-0.7620403061
-1.6515590943
-0.5070382123
0.1808300410
0.7123970604
0.7692469708
-0.5452736610
1.8674679450
-0.7547232158
-1.0457386901
0.5743636245
1.0449011984
0.4384823920
-1.4597156460
-0.5978132316
0.2195348922
0.1653433385
0.2893142507
-1.3883040946
-1.2489597715
1.0271005654
-1.6405714059
-0.7401545011
-0.9146389692
-0.2644819963
-0.1971438314
0.1802008479
-1.0942275861
1.4469074318
-1.6087122778
-1.2217422178
0.9816109415
-1.5404714405
0.8090065827
-0.0900034943
0.6733611352
0.0744689522
-0.9953728523
-0.4750372807
0.2206220553
-1.0554599862
-0.5896202908
-0.3441054462
-0.3931881788
1.1037158193
-0.2870890166
0.6693466833
1.6687962594
-0.1615231068
-0.3914727185
0.0873176648
2.7582916339
0.8517938178
-0.3307086456
0.0790058979
-0.4816121168
2.1183835469
0.5120693484
0.3130878007
1.4693556690
-0.5242541857
2.2714182585
0.7018439960
0.2577995500
0.6715288832
-0.6975814878
0.8932566797
0.6537172363
1.7974687151
0.0668821116
0.0306435288
0.2929651181
0.1512059015
1.3045050820
1.7851954080
-1.3612743466
-1.0711561316
-2.0756633122
-0.3237933914
0.3422153988
-0.0136077209
-0.0583110837
0.5304637211
-0.0893850828
-0.1851592789
0.2390753079
-0.8879334892
0.2429613212
0.3370171237
0.3139163947
-1.4299520061
-2.3115565045
0.1278430488
-0.2468428940
0.6682138293
0.9269270275
1.2031462120
-1.6387621023
-0.3992630418
-0.9075275129
-1.0927240043
-0.2910395596
-1.0806300119
0.0522379772
-0.0153621216
0.4706128185
-0.4619897239
0.6838632033
0.5996258419
0.2814047041
0.2293852302
0.2557874321
1.4079364299
-0.0747025871
1.2435924189
0.2609841665
-0.5002244072
1.4169660073
-0.2635195813
-0.7199749752
-0.2621372251
0.0440019187
-0.4448269737
0.4646429395
1.6236768004
1.1935156664
-0.7382429716
1.1202172251
0.9331542911
-1.4955784376
-0.9096611236
-0.1629439811
1.0963336148
0.5061464048
-0.4562848386
0.3197947823
0.1659352090
-1.4164938725
-1.4117602868
-1.2426754794
-1.2948445859
-0.1858608791
-0.3916882559
0.3949114047
1.0464114094
-1.5456796848
-0.6808717007
0.5552735856
-0.2336922019
0.8271773424
-0.7625414653
0.3674258407
-0.8232021776
-0.5138687236
-0.4619211451
0.1246060919
0.6045700293
1.9935197956
-2.2029976863
0.7106222462
-0.7137111319
-1.0027537917
-1.1598922255
0.2922707263
0.7038983439
-0.3895451243
-1.8309933517
-0.3937368782
-0.7911688976
0.6329839837
1.3058078505
0.5588863874
0.3658480888
-0.3855320554
0.7366090833
1.7106525195
-0.7105634002
-0.3946754084
0.0620481977
-1.4913084532
0.9479753856
0.3662090777
1.4858003417
-0.1288748092
-1.7403422011
0.4758429117
-0.2185034972
-0.1045166280
-0.2107724009
1.1987318500
-0.9227974801
1.1328617453
0.4437059756
-1.1328114527
0.8503928311
-1.6663959306
0.1509183934
-0.1437962870
0.5644512234
-0.2954402015
0.0320049422
0.0038902530
-1.1009010750
0.7733874420
-0.3353698183
-0.0345374841
0.2605909675
-0.2023251939
0.4219869569
-1.0053924950
0.8573070219
-0.7352285654
0.9050841532
-0.3421210839
1.0208288450
1.8209884601
0.1239439446
1.7211082901
-0.4962519420
-0.1521488294
-0.6522522970
-0.3614196047
1.7228674179
-1.1763410261
-0.6531273619
0.4458458685
-1.2362440059
-1.9654083197
0.7711060462
0.8180281484
-0.4046998943
-0.4708284987
-0.0484422407
0.0605439433
-1.0325486552
-1.5335676073
-0.5044691840
0.0470377183
-0.1653450861
0.3848524347
-0.7384107280
-1.0003469494
-0.1433550512
-0.7162155858
1.5121647719
-0.3295676241
-0.0021424169
1.0213437496
-0.3408773688
0.8664171944
-1.1084497417
-0.8580979458
-0.1415204497
0.2303602853
-0.0759192554
0.5625648094
0.5212784651
-0.8099488825
1.1832008776
-0.9040972175
-0.0376575546
-1.0474084608
0.5592562664
-0.2050004690
1.7188766537
0.2006343022
1.0113477005
0.2459411028
1.0958868124
-0.5792931420
-0.7930962830
-1.5855291676
0.6091098568
0.1569444532
-0.9920337567
-0.2009673191
0.2836757878
1.8513654843
-0.9839708843
0.0311763803
-0.9143114859
0.2661347891
1.0911462361
-0.0329085905
-2.3264543054
1.2259497632
0.5885346849
0.1553398543
-0.4791177072
1.1404887767
0.3597705497
-0.5416054679
0.4262747949
-0.4632792603
-0.1041483207
0.1825850618
0.3154652922
-1.1558665263
1.5034781061
-1.2390298639
1.8685765469
0.7975225954
-0.7195638286
0.1384985374
-0.8623913768
0.0963287688
1.3423095736
0.3133813831
0.3310611827
1.6273141310
-0.4230942406
0.4176208543
-0.5075567277
0.4365875917
1.0797725516
-0.2102610368
-1.1817696914
1.6226136254
2.5664563242
0.4007670040
1.3266473812
-1.7794622875
1.5732893490
0.0444263688
-1.6126691463
-1.0370753135
-1.2163557253
0.1822601798
0.8623861747
-0.6645896891
0.0638166504
1.1537166937
0.2274339072
1.2521919546
0.0183829433
-1.8136205761
-0.7346085735
-0.2238844603
-1.7741209642
0.2595426446
-1.0035822516
-1.1749224752
-2.3382552020
0.2076455470
-0.3572517102
-0.2831417723
-0.3519005322
-0.9334537645
0.6185889077
0.0594335668
0.6706537267
0.2722387093
-0.2555658193
0.1004439997
-1.6058281512
1.5176601266
0.8465063480
-0.3880665971
1.8844790256
-0.0633315313
-0.7124768486
-0.8674973018
1.1274772186
0.4990881818
-0.2924387455
0.1310720767
-2.1259228456
-0.0283155992
-1.9527196348
-1.1589440976
0.5819449324
-0.0299724385
0.1615321949
0.9808075508
1.6932285697
1.2246600729
-1.6341781727
0.0439090044
-1.3659782326
0.8212874821
-0.8825947621
0.1149753668
0.6614930499
-0.2627452907
-0.3722696178
1.7192570729
-0.3962974651
0.4326377633
-0.3375646087
-0.3844676979
0.6006291119
-0.6441901270
-0.2069787369
0.1368353602
-0.7822404886
-0.3924201305
-0.0024946872
-0.6751111513
1.2839017693
0.6895445987
1.3067962842
-0.1050009669
1.1900597656
-2.2464455091
-0.7056666413
1.4777347713
-1.1266588496
-0.7278009250
0.5453990767
-0.6864186538
-0.9725782608
-0.0011122814
0.3294432542
1.2696874017
0.6222216831
1.5573655914
-0.4026874347
-1.0461087904
-0.5265062513
-1.3926503993
0.2183909226
0.5654646574
-1.4944106366
1.4957715269
0.4757467374
1.6956646835
1.1392738087
-1.2096669214
-0.4441943006
-0.3141748583
-1.1062104492
-1.5547520680
-0.5150627889
-0.6518496029
0.6515919849
-1.0419221453
0.1776582401
-0.2491104116
-0.1087448644
1.4280871951
0.0557221460
0.9262300891
2.2297594785
2.6834992275
-0.7855553965
-0.4067795032
1.0308132386
0.2992282074
-1.7349796155
-1.8866069534
0.6497175606
-1.1263820623
-0.7090224755
1.5508296405
1.2877410907
-1.4820391717
1.0606411630
-1.2232641601
-0.3923787688
-0.6271256062
-1.5588557187
-0.6179322424
-1.2680814670
0.8312866183
1.6478042158
-0.3735287824
1.0983164004
0.0399055852
0.1096767621
-0.5058584052
0.5473702101
1.1996341612
0.2414426955
-0.2675285814
-0.3538171277
-1.0383006451
1.6330887143
-0.5636100781
-1.3315864924
-0.7693894398
0.4939945911
-2.5740753394
1.7462288934
1.2662556048
0.7546488430
0.7112052244
-0.6512899801
1.2252395773
1.6843526735
-0.7692067960
-0.5586186123
-0.2872497532
-0.2934571213
1.3790182961
1.0776659064
-0.6546850440
0.0347321309
1.1754928093
-1.4898511561
0.9392691498
0.9467104185
0.0947456881
-0.8374787646
-0.7087983882
-0.3967232511
0.5144300985
-0.4946051223
1.8932291758
1.9878896107
-1.5166961354
-0.7970545162
-0.7212981982
0.4804989532
0.1885979772
-1.0775884437
0.3717504340
-0.2609914246
-0.0394294423
-1.0677450726
1.7788081886
1.9182916200
1.3406442951
0.9039280645
-0.4793192798
-0.8368818536
-1.2173009892
-0.5180115158
1.3115004964
1.9051932212
0.7271396166
-0.1437431355
0.4322527121
-0.8650501607
2.2386295090
0.4617223997
-1.6431266569
1.5165541131
-1.2350860165
-0.0873397184
-0.9072524928
0.6455208996
-0.5954846172
-0.1684683893
0.6272983224
0.2430631559
-1.8992783423
0.3183673644
-0.0093470903
0.3821608304
-0.2308431406
-0.7953426741
-0.6355460355
-0.0827817112
0.1527200506
1.0469146212
-0.2833319832
-0.4106037536
-0.9127124458
1.7852601429
0.7833724866
0.1899584915
0.0170833727
0.9458344707
-0.2429453334
0.6603983421
0.9483870602
-1.0494488154
-0.9562452199
-0.3456291621
-1.0299809019
0.7145928445
-0.0642740072
-0.2752613868
-1.0263104847
-0.3909309887
1.4043588794
-0.0625539012
0.1052291078
-0.6320216387
-2.0017109706
-0.7391076516
1.0641629301
0.6296627115
0.0409740062
0.6848594288
-0.5132748164
-0.1772800091
-1.6055343447
1.4800565068
-0.6124267554
0.2534503891
0.6260177060
-0.6368425022
0.5980166303
-0.5019147475
-0.7530461107
-0.1869604324
0.1544469955
-0.2484971820
-0.3190733517
0.4414170541
0.0593511452
-1.4106419242
-0.4211721340
0.2409823908
-0.5906434754
0.3677542503
1.6273987844
0.3618427999
0.8131565882
0.6462893928
1.3477500857
1.7548037635
0.0341011697
-1.1350356337
0.7527937242
0.7309745682
-0.7151745455
0.5127615557
-1.9894196671
-0.2902514996
0.9943854213
-1.3907882951
0.9914909421
0.4650668992
-0.8901859366
2.4984027037
-0.4839173624
-1.9924357118
0.6601667490
-0.4974437729
1.4986628243
0.1817291801
-0.0056637884
-0.5057235786
-0.0883622158
-0.3323771066
-1.2976203949
-0.0366585706
1.3939095679
0.4713628017
1.1690140125
-1.1521827577
-0.5364951724
0.7864205224
-0.3666185973
1.8917231847
0.6390035830
0.3336882386
-1.4479308626
0.5075116768
0.0777279277
1.0602029494
1.1157585982
0.7407557446
-0.4862456575
-0.0290526301
1.1186030695
-0.3862154500
0.2822756106
-0.5135430768
1.3816097384
-0.5457015545
0.9761673439
0.2142662161
-1.9293727316
-1.3922283130
2.1014785765
0.6896735520
1.2365840015
-1.3372289613
-1.4836805987
-0.9824029192
1.0822177260
-1.4627133352
-1.4727894288
-0.0497157154
0.9134130868
-0.4281041339
1.1462249403
-0.2232133701
-0.3300354607
-1.2130848104
-0.5437426979
-0.1413344511
-1.7972069314
-0.4648303179
-1.2085381064
0.5526295472
-0.8805638099
0.5599959289
0.4857349776
