19 5 0.13
32 0 4 1 4 1 5 1 6 2 3 2 4 2 5 2 6 3 3 3 5 3 6 4 4 4 5 4 6 4 7 4 8 4 9 5 2 5 4 5 5 5 6 5 7 6 0 6 1 6 2 6 3 6 4 6 5 6 6 7 4 7 5 8 5
37 0 5 0 6 1 4 1 5 2 5 3 1 3 2 3 3 3 5 3 6 4 1 4 2 4 3 4 4 4 5 4 6 4 7 5 1 5 2 5 3 5 4 5 5 5 6 6 0 6 1 6 3 6 4 6 5 7 0 7 1 7 2 7 3 7 4 7 5 8 2 8 3 8 4
29 0 1 1 1 2 0 2 1 2 2 2 3 2 4 2 5 3 1 3 2 3 3 3 4 3 5 4 1 4 2 4 3 4 4 4 5 5 0 5 1 5 2 5 4 5 5 6 0 6 1 6 2 6 3 7 0 7 2
34 0 2 1 2 1 4 1 7 1 8 1 9 2 0 2 1 2 2 2 4 2 5 2 8 2 9 3 0 3 2 3 3 3 4 3 6 3 7 3 8 3 9 4 3 4 4 4 5 4 6 4 7 5 2 5 3 5 5 5 6 5 7 6 3 6 4 6 6
29 0 2 1 2 1 3 2 1 2 2 2 3 2 4 3 3 3 5 3 7 4 1 4 3 4 4 4 5 4 6 4 7 5 0 5 1 5 2 5 3 5 4 6 2 6 3 6 4 6 5 7 2 7 3 7 5 8 2
3 9
2 6
11 12
4 2
7 3
0 0 0 0 0 0 0 0 0 0 0 0 0 0 0 0 0 0 0
0 0 0 0 0 0 0 0 0 0 0 0 0 0 0 0 0 0 0
0 0 0 0 0 0 0 0 0 0 0 1 1 0 0 0 0 0 0
0 0 0 0 0 0 0 0 0 0 1 1 0 1 0 0 0 0 0
0 0 0 0 1 0 0 0 0 0 0 1 0 1 1 1 0 0 0
0 0 0 0 1 0 1 1 1 2 1 2 2 1 1 1 0 0 0
0 0 1 1 1 0 1 2 1 1 2 2 2 1 1 1 0 0 0
0 0 1 0 1 2 1 1 2 2 2 2 1 1 1 1 1 1 1
0 0 0 0 0 2 3 2 1 2 1 2 0 1 1 1 1 0 0
0 0 0 0 2 2 2 3 2 3 2 2 1 1 1 1 0 0 0
0 0 0 0 0 1 2 0 3 1 2 0 0 1 1 0 0 0 0
0 0 0 0 1 0 1 1 1 1 1 0 0 1 1 0 0 0 0
0 0 0 1 1 1 1 1 0 0 0 0 0 1 0 0 0 0 0
0 0 0 0 0 1 1 1 1 0 0 0 1 1 1 1 1 1 0
0 0 0 0 0 1 1 0 1 0 0 0 0 1 1 1 1 1 0
0 0 0 0 0 1 0 0 0 0 0 0 0 1 1 1 1 1 0
0 0 0 0 0 0 0 0 0 0 0 0 1 1 1 0 1 1 0
0 0 0 0 0 0 0 0 0 0 0 0 1 1 1 1 0 0 0
0 0 0 0 0 0 0 0 0 0 0 0 1 0 1 0 0 0 0
0.1173840167
0.0095043515
0.9137347868
1.6440785542
2.4188232853
-1.1920658559
-0.1659555511
-1.6462792485
0.2985449040
1.6397487635
-0.8649489988
0.3621960849
0.2517110118
-3.0893698287
-1.5537733396
-1.1782987448
-0.8269067478
-1.1741183513
-0.8571507959
1.3416894033
1.0193514449
0.9381628674
0.3345501071
0.8647333719
-1.1615622542
-0.6049090179
-1.5577272615
-0.2362118212
-0.3294165172
-1.6909091833
-0.7891557267
0.6143898877
0.6242438210
1.0452230890
-1.1290350571
0.6868449159
0.4887206518
0.6620490949
0.1923083592
1.2184844237
-0.2166003476
-0.7903587500
0.0905499645
0.6254455772
-1.1005806335
0.7767476838
1.1289517347
-1.2069460731
-1.2935454194
-0.0570372195
2.2189121633
0.7529264919
0.9250389266
-1.2283794015
-1.1799249739
-0.1003565397
-0.4096467477
0.7809339058
-0.4028278300
-2.2346080917
1.1232761108
-1.2487896359
-1.8096074853
-0.1303927022
-0.4992398174
-0.9378930433
-2.3149831213
1.4567479390
-1.2006174914
-0.6345748603
-0.2532435754
-2.4280616273
-1.5177006308
-0.8299800267
-1.2932680397
1.0893462868
-2.4225024297
0.6830806138
-0.1547965573
-0.0380632351
1.7018365608
-1.0165751244
-0.5861102695
0.4355391198
-1.1725108863
1.6024518925
0.1750815666
-0.8936714326
0.2773291698
-1.0305221013
0.5748607013
1.6051755606
-2.2021920196
0.5856415275
-0.2017017071
-2.4303510246
-0.1013187263
0.8287733758
0.2036837057
0.0201419061
1.4180752118
-0.0804516780
-1.2839090664
-0.1793625902
0.2753725110
-0.6635223790
-0.2086792381
-0.5382852304
1.4332310085
0.7265555092
-0.1903874036
-1.0803750086
-0.5256781718
1.2537531263
-0.3329502846
-0.6153702888
-0.1780885764
1.4132049374
0.4448121923
0.1025190881
1.2417630366
-0.9135281442
-1.3219014591
1.9470571846
0.0470149499
0.3398008551
0.3912097570
-0.3275086820
1.7162898407
-0.1684179217
0.2227633039
-1.2240899502
-1.8343946640
-0.7497863815
-0.6310576626
-1.4045930945
-0.1224181996
1.7756552907
-1.3806590697
-0.0500937395
-0.8212964650
-0.2011313634
0.1586509919
0.4987265257
-0.4140539713
-0.4551491258
1.9960805719
0.9715213004
1.0711673454
0.4203723352
-1.4079525230
1.2061159172
-0.9692207021
1.1468724523
-0.1810605083
1.9173243015
-1.7750077474
-0.3741625037
0.0321631604
-0.1876904236
1.3098585992
-2.8761134768
0.0386453236
0.0215444770
-1.3230804456
1.0454427210
0.1119666877
-1.0091954680
-0.3033839753
0.3497383225
-1.8189168187
-0.8855881719
-2.9809662468
0.2849190113
1.6467797462
1.2074711453
0.9534559288
-0.5402214669
-0.0291422707
0.6255494949
-1.3232886861
0.9255427371
1.2615377825
-0.2013985909
-0.7857301330
-1.2286940743
-2.5451464524
-0.3161545622
0.4848984215
-0.3036448590
1.2653539765
1.0356510624
-0.0623637785
-1.0440742469
0.2570939872
-0.7243876024
-0.3150664617
-0.8059587615
-0.8049310768
0.3042728915
-1.4276594860
-0.2365134094
1.5162092937
0.5895310989
-1.0465334762
-0.3249224661
0.9146801239
-0.8119519625
-1.2058401454
0.0662675929
-1.4580976128
-0.9708706733
0.0853733907
-1.8158286226
-0.4908039088
0.1227412175
-0.7733720540
0.6715939917
0.0222095987
0.9624048904
-1.2627543972
-1.0279919554
-0.5972487131
1.9067872863
-0.7993883771
-0.2054450498
0.0767960931
-0.9489582319
-1.4381187957
0.3484354189
0.1850682275
0.7317678619
1.5639762747
0.4801369103
-0.4949535187
-0.8055279755
0.0041494336
-0.9554936854
-2.0068291276
0.9933461414
-1.9244137300
1.5796580882
-0.7102967438
-0.9741847859
0.2083413199
-0.1858553316
2.2295640184
-1.8848501450
-0.1426896288
1.7152568086
0.3610185214
-1.7702911673
-0.3611171818
-0.3229948415
0.3132610632
-1.1528527072
-0.1754404815
-1.7421118585
-0.6150096143
1.7849747787
0.4227486315
-0.3075422768
0.7715102673
1.2510805764
1.7488660743
-0.2391771463
0.4977727785
-0.7919630695
0.8660651479
1.1599517268
-0.1077211002
-0.5861139439
0.8439972371
-1.0418904661
0.8667767262
0.7573165822
0.0412244038
-1.1561972690
1.4110412904
-0.1451652846
0.1683007448
-2.7028727802
-1.3710621446
-0.8553889343
-0.8332856224
-0.6057464889
-0.3483702924
2.7426830674
-0.5585027890
0.3771695240
0.9722945322
-0.0878870802
0.0119222993
0.4735031057
-0.8719887066
0.1791347351
-1.2040177808
-1.1380261720
0.6594708640
-0.6604940087
-0.4136737374
-1.4935109418
0.7307263032
1.8809639222
1.4518075640
1.3136544000
0.8006239497
-0.1954682914
-0.3594573913
1.1255972288
0.9714171490
-0.3093139870
0.7151679906
-0.3171907939
2.6255538729
0.7185277713
-1.1252715231
-1.4648509480
0.7360586244
1.0909637861
-0.2023697247
-0.6422117317
-0.7807684400
-1.5298025809
0.8129525002
-1.0605166010
-0.4053394065
-0.4003849603
0.3061836130
-1.7742134580
-1.4107941347
0.3417818485
-0.7973534906
0.7378259248
2.1781377644
-1.5069524667
0.5160131944
1.0148738047
-1.2408560539
0.4898017737
-0.0042538314
-0.6251987032
-1.9221432097
-0.6960752743
-0.3567635639
0.2585281086
-2.0928941373
0.4689827088
0.7098862425
-0.8932547531
1.5799275047
2.6687148394
-0.0854331956
-0.2876932082
-0.8201978226
-0.4538992759
-1.2889142612
0.7203458204
0.0213259597
-0.1838732239
0.0302108729
1.8344642620
1.1767915060
1.5161547549
-2.0231830404
-0.1465055444
-0.6468959929
0.0928578685
-0.3875890542
1.4368450236
0.9188364443
-0.0389975372
-1.3057685049
1.0649219320
-0.2162367346
-0.0843236865
0.8169365369
-0.1517572200
0.0735470855
-0.2911150805
-0.1781444245
0.6512453030
-0.3979224529
1.3250024223
1.0935809087
0.2845542744
-0.1732358517
-0.0620072598
2.0541543195
0.7827573856
-0.4795323021
-1.1500070882
-1.7570109825
0.5665646779
1.5628329439
0.1926467069
-1.4062400908
-0.1060018494
-0.5654242889
-0.4225809452
-1.3078536332
-1.4342314824
-0.3143737041
0.0089395595
-0.6393385098
-1.1733987133
-0.3412109298
0.4513179157
0.0573189170
1.4826974292
-0.7404032211
1.4322458143
-0.1925093189
-0.5450514754
0.1131444564
1.2400974323
-0.6619118965
0.7689083797
0.4581648645
0.5235442182
1.5482114268
-0.3213922300
0.8044364173
0.4079844711
-0.3175349326
1.7605845783
1.7896601187
0.5460839162
-0.0507084203
2.0197258405
-0.9661413404
0.7091876005
-1.7623048056
-1.2352051604
-1.3514404760
0.9858937589
1.4555384569
-0.3222967203
-0.1633392524
-0.6147926993
0.5439487571
0.5293266937
0.2198988512
-1.7647827821
0.9336081476
1.5920446762
0.1430519765
1.0867177618
0.2703215217
-1.1701293824
0.7943004732
1.7342451222
1.2765701798
-0.1743737487
-0.7119198112
1.0808886579
0.1527913804
-0.4716850737
0.8923831998
-2.0561718655
-0.2588773801
2.1977653229
-0.2535177264
1.6668557861
-1.1173411602
-0.0065697258
-0.3629369364
-1.6979442333
-2.5646931675
-0.4241354237
-0.2240306931
-0.4047080661
-0.1369586746
0.8232567041
0.2479247217
-0.3286632267
1.0026881463
1.2816937058
1.1153570269
0.1641340947
0.5234056688
1.4138151964
0.0970422722
0.8154944787
0.9680828445
1.5789833908
-0.6917558580
0.9579270758
0.3704926394
-0.1441692359
1.0740121487
-0.5766927783
1.9097171512
1.2324421599
0.6021184965
0.0142018904
0.6649234153
-0.7316984671
-0.5634968671
-2.6858355447
-0.7218457665
0.0041778341
-0.3155804019
-1.5675754434
1.6198941607
0.5453533309
0.0303285377
0.1019265177
-1.4807777973
-0.0660812899
-1.5918058482
0.2188847093
0.5495194996
-0.6215198305
0.3109532329
0.2927167280
-0.9789291755
-0.2325935504
2.3316607042
1.6696513975
0.0793206905
1.2411979306
0.1865266344
-0.2348129880
-1.3045372284
-1.0492928479
1.3206411698
-0.1348530180
0.4676921399
2.8106571824
-0.3112885862
0.3186387246
-0.6401662371
-0.5339794777
1.7001426137
-0.9797294796
-0.9092404969
-1.3678688126
-1.6288453833
0.7864735542
1.2073903339
0.6206519518
2.2579791833
1.3940708118
0.7718281697
-0.2824878012
0.2763759702
-0.5392703258
0.9066727096
0.1708387936
-0.8516389425
-0.2853169128
0.4370280584
-1.0939546928
0.4083994063
-0.8258674857
-1.2045827219
1.3020776810
0.1525304429
-0.5525539977
-0.5252560592
-1.1299770198
-0.1649016275
-0.3203748109
-0.5752898365
-1.2008083852
0.4567414317
-0.6536908527
-0.2976075384
-1.9455445302
1.9205029319
-1.0773052524
1.0134903349
1.1225992517
1.9121762346
-0.6372941999
0.5469756634
-1.1574121962
-1.7693576999
-0.5042620391
0.7477935305
0.2839690282
-0.9521740284
-0.1271270460
0.2987087324
0.9683725918
0.7925971019
-0.3887816599
-0.7262181637
1.3338188047
1.8156396848
0.3190562336
0.5385069866
-0.0657570819
1.3192215539
0.0967138989
-0.1237293782
0.3612608486
-0.6705836734
1.3292745180
-0.0282228873
-0.1884841235
-0.3359307898
-0.2899958923
-0.0135608651
-0.5225160279
-0.4735096808
0.7734863918
1.1284671958
-0.9274243890
0.0059883352
0.6025527521
-0.2395653536
0.6770136286
-1.1696855680
-2.2143488074
0.4487748685
-0.8632671017
-1.4472281124
-0.0252064607
0.4611064598
0.2490204857
-0.2628637129
0.2635381432
0.4099220734
1.9647600630
-1.4651124255
0.7010933152
-0.1165297264
0.5852458766
0.6459506005
-0.7884476954
1.7470590401
-0.1485935899
-1.4055643313
-0.0388284580
1.6857176233
-0.4425171860
-0.3401360096
0.5315654428
-0.6007725936
-1.2761583293
-1.0747176132
3.0574888795
-1.6108571363
-2.6759842130
0.5286631595
-0.6991440122
-1.2923596529
2.5614897409
0.3833256708
-0.4144730569
1.3692037673
0.5420812753
1.2447162015
0.4929243874
-0.2234893316
-0.2751667316
1.5372892594
-1.0370838541
0.8207377250
-1.4036271132
-0.5078713122
-0.1747666030
-1.5262792600
1.5182051444
-0.8441528405
-1.3593548523
-0.6299058791
0.8575464739
-0.7603549599
0.3134482442
0.9684959377
-0.5299742417
-1.1206805007
0.1447216004
0.8209236762
1.2656889505
0.2456565572
0.9462052338
-0.0361666746
0.9870223154
-0.0112192885
-1.2684648845
-0.9917273602
-1.5523040621
0.0854158407
-0.2355440883
0.1984997538
0.9394668857
-1.0546574080
-1.0984570087
-0.7114290188
0.3316285257
0.1640845047
-0.4339695968
1.2724107766
-0.0024811638
0.0590202101
0.4612108151
-1.0759428088
1.0346500648
0.1204252824
-0.3970506917
0.9315334749
1.0355377431
0.8123316829
0.1599777022
0.0598971870
0.3764192786
0.5944507741
0.5281171210
-0.8309768891
1.3001189793
-0.7570187642
-0.0917610640
0.9992167946
0.6350094696
-0.2376917393
0.1645221380
-0.8069761561
1.5612020072
