16 12 0.18
6 0 1 1 1 1 2 2 0 2 1 2 2
6 0 0 0 1 1 0 1 1 1 2 2 0
6 0 0 0 1 0 2 0 3 1 1 1 3
6 0 0 0 1 0 2 0 3 1 1 1 3
6 0 0 0 1 1 0 1 1 2 0 2 1
6 0 0 1 0 1 1 2 0 2 1 3 0
6 0 1 0 2 1 0 1 1 1 2 2 2
6 0 0 0 1 1 0 1 1 2 0 2 1
6 0 2 1 2 2 0 2 1 2 2 3 0
6 0 1 0 2 1 1 2 0 2 1 3 1
6 0 0 1 0 1 1 2 0 2 1 3 1
6 0 1 1 1 2 0 2 1 2 2 3 1
8 7
6 2
7 11
11 2
1 11
4 6
10 4
9 5
2 13
0 3
7 14
0 1
0 0 1 0 1 1 0 0 0 0 0 0 0 0 0 0
0 0 1 0 1 0 0 0 0 0 0 1 1 0 0 0
0 1 1 2 1 0 0 0 0 0 0 1 1 0 0 1
0 0 1 0 1 0 0 0 0 0 0 1 1 0 0 1
0 0 0 0 0 0 1 0 0 0 0 0 0 1 1 1
0 0 0 0 0 0 1 1 0 0 0 0 0 1 0 0
0 0 1 1 0 0 1 1 0 0 0 0 0 0 0 0
0 0 1 1 1 0 1 0 0 0 0 1 1 1 2 0
0 0 1 0 0 0 0 0 1 0 0 0 1 0 2 1
0 0 0 0 0 1 1 0 1 1 0 0 0 0 1 1
0 0 0 0 0 2 2 1 1 1 0 0 0 0 0 1
0 0 1 1 2 3 2 0 0 0 0 0 0 0 0 0
0 0 0 1 0 1 1 0 0 0 0 0 0 0 0 0
0 0 0 0 0 0 0 0 0 0 0 0 0 0 0 0
0 0 0 0 0 0 0 0 0 0 0 0 0 0 0 0
0 0 0 0 0 0 0 0 0 0 0 0 0 0 0 0
2.1435442356
-0.5123523130
-0.2616473263
0.2577557925
-0.4461699582
-1.2663741017
1.4966612454
-0.3328539013
2.7080510394
-0.0993592412
0.2204489174
-0.8973838764
-0.3380112857
-1.6189824356
-0.0032788133
0.6207599677
-0.2526878358
-1.6178110728
-0.7738853612
-0.1351034974
1.6629584958
0.3203714888
-0.8499289076
-0.2812536008
0.7117220517
0.9107719608
1.4380541884
-0.9094919164
1.7219653623
-0.9303318361
1.3758662318
-0.3067086478
0.4286750463
-2.5245280826
-2.9314163261
0.0575877337
-1.4309771223
-0.9228196923
0.7683020762
-1.2935481522
-0.6617427818
0.3276227317
0.4558550615
1.5108072447
2.6106229605
1.4121617421
0.5610942091
0.1239969462
0.2036728641
-0.3402292201
-0.9811050454
0.8588637775
-0.7016297813
-0.7420210990
0.2009830555
-1.1012925049
1.1145524401
1.2827315389
-1.2464812992
-0.0484684353
-0.2716218207
-0.2198478457
1.1029978301
1.0825914973
-0.4363926157
-0.0058660164
0.9884442753
-0.1201348519
-0.2495588663
0.3113588271
3.2490385611
0.4592364162
-0.5587237309
2.3697158010
-0.5099741007
1.2430380750
-0.1052070955
0.0834461267
2.2100841421
-0.9292487158
0.6508393026
0.7115042020
-1.1655902238
-0.4590812363
-1.3035367082
-0.9840999256
-0.6029340789
0.5836922878
0.0951969085
1.4866880915
0.0407074168
1.1567498819
1.3972438319
-0.3206812733
-0.3200557456
2.5616454277
-1.1070372309
0.4938772361
-0.9031105160
-0.1874355959
-1.2381288153
0.2591269403
-0.9445318410
0.0138668524
0.4790728082
-0.4059810095
-0.2280261326
0.6395296639
-0.7611296765
0.2978340427
-0.8319874387
0.3578532119
0.4887827678
-0.2132887905
1.3604651733
0.8202477846
0.3050963379
-0.3007546438
0.4103048330
-1.2579950754
-2.1030499042
-1.4788093768
-0.0324318243
1.9329271151
1.0514149957
-1.1857398136
0.6916368992
-0.5644867305
1.0178028057
0.6337173336
-1.0340051974
0.8588435163
-0.8906285989
-1.9040586496
-0.5541129448
-0.2024177841
0.4603512555
-0.0513386302
-0.7035872258
-1.9973247323
-1.0969806306
1.1277441699
1.7096571931
0.9397867595
1.9420840554
0.5064567348
-0.0884121273
-0.0664621869
-0.1212628655
2.0225174285
0.3086982035
-0.7000712819
-1.1537803466
1.2281134462
1.7237581836
0.9313573374
-1.0879134014
1.1015097280
0.4852686968
0.5670416709
-1.2299967460
-0.4509325042
0.5535378000
-0.6590746400
0.8110293948
-0.2304848764
-1.9705578227
-0.2181767013
-1.2224347222
0.4792356715
1.0544918009
-0.2108306714
-0.0037190337
0.3257135851
-1.0215848253
0.0999033477
0.4955542210
1.3105408892
0.2833648465
0.2115540991
-0.7250263183
0.7923183265
0.7933936086
-2.1134419129
-0.1420873339
-0.0093087619
2.1015147179
-0.4335096423
-2.1097909411
0.1746106265
1.5257973617
0.4991705746
0.0780857207
-1.3723076642
0.7561893008
0.0731668812
0.6146871827
0.1975545475
-0.2787879476
2.2453387237
1.5171102556
-0.6879943459
-0.6496016739
0.1891523917
0.0841012593
0.3959662742
-1.3510364185
1.0760740802
0.2840802719
-0.8558400782
-0.0380782723
0.2536901844
-0.9490161214
0.8079778557
2.5370121160
-0.7123384979
-0.5608502794
-0.0623562096
-0.9735033386
-1.6925525425
-0.8774149905
1.0755907942
-1.9858101381
0.1915681958
1.0682553736
-0.9247065573
1.8698000619
-0.1852768751
0.2657333170
0.7812304336
-0.3811549831
-1.0328124989
-1.0673134182
-1.1062470604
0.7190885630
0.2110889069
1.3350796759
-0.9532838449
-1.7896633504
0.6817026360
-0.8209753320
0.6121200770
0.3446561203
1.3355920972
-0.4928936826
0.3013452276
-0.6651437735
-0.3458805779
1.2146155997
-1.3963178284
0.6793546469
0.6127180939
0.7507852441
-1.7331268803
-0.0224370812
0.2426871178
1.1548545634
-0.6346352313
0.8105301870
1.2652954904
-1.2988481783
1.2194172047
-0.6624963075
0.3657084054
-1.9827780450
-1.6685600554
0.3549267178
-0.9931489836
0.9571431800
0.9483445502
-1.0419008559
-0.8395281222
1.6624211009
-0.5635352395
-0.2689699166
-1.9461770848
-1.3670064083
0.5460623634
-0.2994690511
0.0984963827
-0.5687247449
-1.9624769428
-1.2049529272
-0.8025115216
-0.4565866385
-0.2958791125
0.2667966101
-0.7365483496
0.4030234792
-1.7504373694
0.0770668752
-0.8580102664
-0.6347758806
1.4490242491
0.4729845359
0.5276903108
-0.1511770479
0.1004479649
-0.4283092743
-1.0216054126
0.1421667169
-1.0579372329
0.8426759856
-0.0136105727
0.4936592040
-1.2855549148
-1.0778781241
-0.3173180519
1.6235258001
1.0053414939
-0.1045093332
1.5693992968
0.2318608092
-1.5559792420
0.3631161707
0.2641600481
0.2746889101
-0.3613016989
-0.2119544525
-0.9750430335
0.1689032326
0.9661042385
-0.4416054333
0.8223904099
-0.2909008862
-0.3844076596
0.2855141335
-0.0279078759
0.5439757779
0.6810481600
0.5523623724
0.1947615230
1.9050784942
-1.4063444216
0.7779206811
-0.4799676823
1.7595725002
0.5247140332
0.7499259991
-1.0533593987
-1.0282317334
0.0422308556
0.0131869827
0.8694465768
-0.7315685643
-1.2560594690
0.0031272744
-0.2814245144
1.0999333067
-0.1661990009
-1.4637373539
-0.9775644410
1.5306075510
0.6082612281
0.3936485971
0.6987719846
-1.0448145196
-0.4104291738
1.2291701744
-0.0908029107
1.5389438427
0.2719504234
-2.4480361735
1.2743305850
-0.2969826875
0.8438832316
2.3573450706
-0.9621700053
-1.5335282941
0.5184699520
-1.5243063392
-1.2092625567
2.1558162129
-0.6996527371
0.3908616701
-0.2096525441
0.3585804089
-0.2728359131
0.0702022081
-0.0836378482
0.9142673732
0.0548400007
0.6260554521
0.1721199205
0.5186610193
0.9210621484
-1.4882183915
1.0581184992
-0.1806750862
1.3962218147
-0.1599505354
-0.9745523029
-0.5633140195
0.2851734886
0.9203297790
1.3385567593
-0.9016043559
0.5718216564
1.3204910833
0.8037705496
-1.5873899785
0.9356449139
-0.5653771994
-1.2013303873
0.4892304072
-0.5780767648
1.5324463114
-1.2698138175
-1.2101270469
0.3397463994
-0.7550511527
-0.0794313434
0.3595051415
0.1306728004
-0.5099240450
1.4211462045
-0.9566249534
1.0936619584
-0.9315466207
0.0649398598
0.4143122355
-0.1118507713
-0.9223126176
-0.0371468219
0.0229509540
0.2589265458
2.0927764215
0.2509242037
0.6011674259
-1.4467290625
0.3816042503
1.4286127233
0.4687865008
-0.3531061933
-0.6457645140
-1.3561157124
0.3951539980
-0.4755143735
-0.1215624589
-0.5767902144
0.0873539901
-0.8100618062
0.3536377124
-0.0819168972
0.3629800850
-0.1200495280
2.1444625221
-1.1672427903
2.4783665153
-0.7068460492
1.4138176876
2.4855495942
-0.5630209864
0.4514627193
1.0023488842
0.3565350449
-0.4186756218
0.2744607283
1.1979538760
0.4042644224
0.7189473843
-0.1402309073
0.0038217343
0.2120617177
-0.2857987245
-0.1236666762
1.9354370648
-0.4224793476
1.2329494568
0.9183082703
-0.3945884973
-0.8503064006
-2.5797982194
0.2663790733
-2.8953226181
0.4036817540
-1.7918994092
-0.2269949938
-0.7487735425
-0.3343661475
-0.0402381453
0.9999298595
-0.0296326814
0.1642560390
-0.2548869504
-1.3761777195
-0.2731940033
-0.3469190001
-0.3239084226
1.3667267942
1.4692117503
0.4482119032
0.2845780222
0.1066999872
-1.2040550314
-0.6321360310
-1.3201352631
0.5181376563
0.7629725522
0.4841358279
-0.3573854182
1.6836517783
-0.4497441730
1.1551346944
-0.9755335940
1.5525229764
-0.5339997237
0.5064106066
-1.0972709233
-0.3096955591
1.0169667968
-1.2996201617
