15 11 0.06
9 0 2 0 3 1 0 1 2 1 3 2 0 2 1 2 2 3 2
6 0 1 1 0 1 1 1 2 2 0 2 1
7 0 2 0 3 1 0 1 1 1 2 2 1 2 2
11 0 1 1 1 2 0 2 1 2 2 2 3 3 0 3 1 3 2 4 1 4 2
11 0 0 0 2 1 0 1 1 1 2 2 1 2 2 2 3 2 4 3 1 3 2
8 0 3 1 0 1 1 1 2 1 3 1 4 2 1 3 1
9 0 2 0 3 1 0 1 1 1 2 1 3 1 4 2 4 2 5
10 0 1 0 2 1 0 1 1 1 2 2 0 2 1 2 2 2 3 3 1
13 0 1 1 0 1 1 1 2 2 0 2 1 2 2 2 3 2 4 3 1 3 2 3 3 3 4
6 0 0 1 0 1 1 1 2 1 3 2 2
15 0 3 0 4 1 3 1 4 2 0 2 1 2 2 2 3 3 2 3 3 4 1 4 2 5 1 5 2 6 2
1 11
0 10
2 11
4 9
0 6
5 5
6 4
1 4
8 8
5 2
4 8
0 0 0 0 0 0 1 0 1 0 0 1 0 0 0
0 0 0 0 0 1 2 1 1 0 1 1 1 1 1
0 0 0 0 1 1 1 1 1 1 2 2 0 2 2
0 0 0 0 1 1 1 2 1 0 0 2 2 2 0
0 0 0 0 0 1 0 0 0 0 1 1 2 2 0
0 0 1 0 0 0 0 0 1 0 1 1 1 0 0
0 0 1 1 1 2 2 2 2 3 2 2 1 0 0
0 0 0 0 2 1 2 1 1 1 2 2 0 0 0
0 0 0 0 0 0 1 0 1 3 2 1 0 0 0
0 0 0 0 0 0 0 0 1 2 2 0 0 0 0
0 0 0 0 0 0 0 0 1 1 2 1 1 0 0
0 0 0 0 0 0 0 0 0 1 1 1 1 0 0
0 0 0 0 0 0 0 0 0 0 0 0 0 0 0
0 0 0 0 0 0 0 0 0 0 0 0 0 0 0
0 0 0 0 0 0 0 0 0 0 0 0 0 0 0
1.4779666595
0.2892733937
0.1246195673
-0.4180635106
-0.3206482662
1.6077136254
-0.1050092065
-0.9753666344
-1.3589376732
-1.0602739342
1.8966048757
-1.1325675391
-0.6903947987
2.4028952170
-1.5178309415
-0.2593994640
1.3415257980
-0.7634702780
-0.8229298603
-0.4463924523
-0.7793104078
0.3794024545
1.4777788387
-0.6611467993
-0.0214243391
-2.1299094108
0.4685501847
1.8078206415
0.5944138486
-0.7084475768
0.0436687596
1.4630866493
0.1939497532
0.1033987810
2.4054328258
-0.8602412178
0.2757061090
0.9000396706
-0.3411146331
1.2804836125
-0.1322974916
-0.5904595093
0.2323307812
-1.2483938713
3.2579599132
0.1254820258
-0.2890359448
0.5642766979
-1.5923798699
-1.6341148281
0.2626715946
1.0946961272
0.0495817810
1.3798039363
0.5309812198
-0.3310072127
-0.5890440362
1.7579098678
-1.0195742620
0.1497974413
0.7575350282
-0.4855584313
0.6448833095
1.9278044177
-1.0566464732
1.5892171355
2.0009331477
1.0399060762
0.0883452948
-0.0345783265
-0.1481216936
1.9230440561
1.9262817196
-0.3622669738
-0.7553768794
-1.7242267354
-0.9677857359
-0.2142862590
-1.0402007877
0.4962560607
1.5506211885
-2.1729902386
-1.6592352301
1.0791935985
0.6035143493
0.0751967922
-0.7407901695
0.0631012014
0.1339476451
0.9658208338
1.4176486595
1.3830863381
-0.0624278421
0.0238257557
-0.0171256134
0.1586130129
-0.7995754916
-0.6892223934
-0.5037087322
0.4731652858
1.0822999160
0.4713976982
0.4815125775
0.3240942308
2.4639692453
1.2693136992
-1.9643725468
-0.2735651779
-1.0453257370
0.6881063125
-0.0996233342
0.3033255296
-1.9912899461
0.7515269353
-0.2804431666
-0.1927004003
0.2389859338
-0.6782202853
0.7754547694
-1.7500180831
-0.7583453627
2.0899868562
-0.3273419556
-0.2352916338
1.3515836126
-1.4666061948
-0.2489536625
-0.0324638653
-0.3750961617
2.6571897949
0.0039096314
-0.4649589110
-0.7042137485
-0.1901389845
0.9580176326
-0.4112719081
-0.6577759115
-1.4638312092
-0.4554368062
-0.5738930685
-0.4127587897
0.4089431707
-1.1268506170
-0.6545327551
2.1826971341
-0.3218057751
-0.5871585812
1.6122788994
-0.5847885038
-0.2147328888
-2.9350515930
-0.2302599711
2.2481568917
-0.1038302182
0.0563922798
0.2284211465
0.2039638584
-1.0356850691
-1.0676330252
0.7024109976
0.9247812612
-0.9308557268
-1.8257902360
1.6528308048
-0.7599267182
-1.0521138840
-0.5528335960
0.0383990057
-0.3797690315
1.1820623719
0.3761916493
0.6296417725
0.1908844969
0.6597859831
1.0586585316
0.0366696276
0.5078361192
0.8245282236
-0.8013645581
0.5737545656
-0.0784821769
0.8686357258
-0.1355530514
-1.1359939163
-0.6746913636
0.4779365043
0.4350368543
0.3595830434
-0.1779496581
0.5237533979
1.0118725764
-0.1796232549
0.0504515764
1.5497143672
-0.1813361905
-0.8861454159
-0.5416352160
-0.3438643069
0.1322238324
0.7374134596
1.8536712999
0.4588806943
-0.0743265335
0.4890000030
-0.5205824609
-0.5633337902
1.9886351795
0.2686877279
0.8048163110
2.8746718795
-0.8248021483
0.2079776174
-0.6376429816
1.7526218834
2.0361848827
-1.2518159405
-1.5261254086
-1.1608967969
-1.1288297645
-0.0229643958
-1.3708522401
0.5998207729
-0.6701652607
0.3025906062
0.3036910062
1.3999449733
-0.1274375042
0.1400000159
0.1470681818
-1.3117133089
-0.7247362703
-1.1565190232
0.5874606241
0.4189032430
0.9012500914
1.1076054803
0.9643897848
1.3393418994
-0.1158983817
-0.0401609078
-0.5217664991
-2.2633032160
-0.0028022771
-2.3659326869
0.6032224371
0.1212151467
0.7576039871
0.8750752140
0.7554006442
0.4528447605
-0.5926345316
0.9698601496
0.6639715126
-0.6346391656
1.2896145278
1.7348600201
-1.6282954380
-1.5854983091
0.1355507551
1.5762583423
-0.1364335577
-0.2664433871
-0.2707988689
0.2625396967
-0.0737295873
0.8992570753
-1.0903709163
0.9934741449
0.4971055553
-1.5634448008
0.0021030280
-0.5256416479
1.1870967322
-1.3986097897
0.8716452241
0.4361687959
1.4771626228
1.0412749487
0.8623171946
-0.2729668520
0.7707407235
0.7160346350
1.1703832519
3.7575792563
-0.0532097087
0.0096483147
-0.1784147248
0.8364903669
0.8194629661
-1.2656547962
0.5846582880
-1.6977332839
-0.9273942779
0.2530459310
0.4806761265
0.9805360361
0.0575541586
0.5294872323
0.7670297000
-0.5463017764
-0.3933242533
0.4756869185
-0.7515977586
0.6399151117
-0.5103094363
1.6374745955
-0.0208159897
-1.8345804034
2.0327619255
1.7007987101
-0.5549037536
0.2342267433
-0.7319823704
-0.1934499657
0.3689927873
0.4041108183
0.0814005853
-0.1281165838
1.5859462629
-1.5273727752
0.9622744078
-0.3772337917
-0.6062675752
0.4707509941
-0.5339417090
-0.3402897970
-1.4040610214
-0.1938154861
1.2362070234
0.1767666986
0.3100530257
-0.0075679090
-1.3430403490
0.2102039016
-1.2216965846
0.0840540337
-1.1843735300
1.9454804367
0.3787667379
0.5487254837
0.3608972322
-1.6683314385
0.0997932371
-0.6385668631
-1.3656558574
-0.8032518451
1.4273935148
-0.4665935870
-2.1179978995
0.3333665362
0.4400813610
1.7505104639
0.5496235356
0.9171058632
-0.7566646802
-1.0746243459
-1.2776196260
0.1487885304
1.3435593675
0.1298640703
-0.8290249026
-1.0604034670
1.2570302952
1.5063217750
1.0194700879
0.0226362210
0.1439204041
-0.2485036483
-1.1681353445
-0.3011434706
-0.5605052476
0.5169180434
-0.0100387377
0.6947049362
1.1274851527
-0.3493110189
-0.3737628462
-1.1920587749
0.2591207450
0.6379533100
1.6037556326
-2.3340286079
0.1607023141
-0.4649070534
-0.7492967717
-1.7332221196
-1.0858081672
-1.1162365587
0.2643603392
0.6658663173
-0.6107010819
-1.2525736561
0.0289018659
-1.0940167329
-0.2062881287
-0.5841753443
0.5102659411
-1.2027572072
-0.4308377068
0.0841033746
0.2193067603
-1.5776105049
0.8638703484
-0.8299089630
0.3657812093
0.3530817306
-0.4668276067
0.5886985323
-1.2544113837
-0.3344944356
-0.1880312193
-1.1901051177
-0.4067917104
0.2778663082
-0.5362234311
-0.4538057089
-1.1479089970
-0.7950377916
0.2687487690
0.5449218682
0.1983849572
0.3715984085
0.3841719570
-0.7231141144
-0.0198682582
-0.7309138278
0.7342740844
1.2521140320
-0.6833457681
-0.3543358333
1.1942768955
-0.5920857979
-0.1142003525
-0.4148898339
-1.2669094373
1.1596099929
-0.5169142765
-0.3294270821
-0.0861134882
-1.6671395810
0.9139287924
1.0379466711
-2.1168895558
-0.1515837462
-0.7341417715
-0.8240464240
-0.3498171946
-2.1828879145
-0.6020460938
-2.5384303860
