19 6 0.07
16 0 3 0 4 0 5 0 6 0 7 1 2 1 4 2 0 2 1 2 2 2 3 2 4 3 1 3 4 4 0 4 1
15 0 1 1 1 2 0 2 1 2 2 2 3 2 4 3 1 3 3 3 4 3 5 3 6 4 4 4 5 4 6
7 0 0 0 1 1 0 1 1 1 2 1 3 2 3
17 0 1 0 2 0 3 1 1 1 2 1 3 2 0 2 1 2 2 2 3 2 4 3 0 3 1 3 2 3 4 3 5 4 5
20 0 1 0 3 0 5 1 0 1 1 1 2 1 3 1 4 1 5 2 1 2 3 2 4 2 5 3 0 3 1 3 2 3 3 3 4 4 3 5 3
19 0 1 1 1 2 1 2 2 3 0 3 1 3 2 3 3 4 2 4 3 4 4 5 1 5 2 5 3 5 4 5 5 6 2 6 3 7 2
12 8
9 10
4 10
0 10
8 9
9 1
0 0 0 0 0 0 0 0 0 0 0 1 1 1 0 0 0 0 0
0 0 0 0 0 0 0 0 0 0 0 1 1 1 0 0 0 0 0
0 0 0 0 0 0 0 0 0 0 1 1 1 1 1 0 0 0 0
0 0 0 0 0 0 0 0 0 0 1 1 1 0 1 1 0 0 0
0 0 0 0 0 0 0 0 0 0 1 1 0 0 0 1 0 0 0
0 0 0 0 0 0 0 0 0 0 1 1 1 1 0 0 0 0 0
0 0 0 0 0 0 0 0 0 0 0 0 0 1 0 0 0 0 0
0 0 0 0 0 0 0 0 0 0 0 0 0 0 0 0 0 0 0
0 0 0 0 0 0 0 0 0 0 1 0 1 0 1 0 0 0 0
0 0 1 0 0 0 0 0 0 1 1 2 1 1 1 0 0 0 0
0 0 1 0 0 0 0 0 0 0 1 1 1 1 1 0 0 0 0
0 0 1 1 0 0 0 0 0 1 2 2 2 2 1 0 0 0 0
0 1 1 1 1 0 0 0 0 0 0 2 2 2 2 2 1 0 0
0 0 0 1 1 1 0 0 0 0 1 0 2 0 1 1 1 0 0
0 0 1 1 1 1 1 0 1 1 1 1 1 0 0 0 0 0 0
0 0 0 1 1 0 0 0 0 1 0 0 1 0 0 0 0 0 0
0 0 0 1 0 0 0 0 1 1 0 0 0 0 0 0 0 0 0
0 0 0 0 0 0 0 0 0 0 0 0 0 0 0 0 0 0 0
0 0 0 0 0 0 0 0 0 0 0 0 0 0 0 0 0 0 0
-0.7235771844
0.0537471808
0.2035580255
-1.6340219080
-0.1926368479
-0.8151868053
0.0998578418
-0.3649637938
0.1829917578
-0.0954314326
-1.1682934830
1.3142974802
-0.0908002510
1.2903643093
-0.8098988484
-1.2128193007
1.5319730440
0.1695779712
1.0204762511
1.1126572386
0.9262307957
0.1014033267
1.7907986996
0.4611115490
-0.0723104836
-0.7433487378
-0.2183231111
0.1858025188
0.8205367673
1.1761911669
1.3171401600
-1.5528387020
1.0715020621
0.7969213007
0.1671451273
-1.5576849027
-0.1194747114
-0.1951078240
-0.5128500374
-1.2929404616
1.9219493936
-0.6700129426
-0.3040897233
0.9697897443
-1.2559700538
-0.8988647211
-2.7543089874
-0.4150796468
-0.0233159027
0.0973304851
-1.5583571506
-0.2405432439
0.1693177215
0.6437999791
-1.0801021522
-0.3207299148
1.7461703706
-0.2320920739
0.0830550072
0.2422317009
-1.7974834584
-1.2866663744
1.5398478283
-0.7947430024
0.9536311400
0.4794020810
-0.5646428753
0.0237145714
-0.2514282973
-0.8405643493
0.7087582216
-0.5857313227
1.4576628125
-0.0770976313
-0.4756075052
-0.5912827236
-1.3271326832
0.6624323806
-0.6477170956
0.2653926948
-1.7312409696
-0.9948347647
-0.3736861842
1.5486855226
-1.5389542504
-0.6392487772
-0.0043961987
1.1598671455
-0.8513174033
0.6041668023
0.4621324831
-0.2447067374
-0.3625964386
0.9285251347
-0.6580343768
-0.7613086067
-0.4569186033
-0.0539589597
0.8481025126
-0.9884498869
-0.6048032499
0.5148685477
-0.4416600903
-1.1205316384
-0.5403923654
0.4712167065
0.9364500810
-1.5330796523
1.1960117154
-0.2629732702
0.7892684421
2.5296794097
-0.7085291446
0.2630855027
0.6993039910
-0.0472772822
1.4767916533
0.9791272128
-0.2242132904
0.5053894699
0.3452677014
0.3581634900
-0.7287627161
2.0680467892
0.7464080381
0.8115534675
0.1799157927
-0.1195463830
0.8887018237
0.2624607165
-0.8505140046
-0.5407422370
-0.5513361213
0.9160526304
-0.1136597497
0.3753867250
-0.0780767758
0.1013722326
1.0720445029
1.4519798232
-1.1007485170
0.3969882397
1.8201295579
0.3621764460
0.1234726074
0.1065143308
1.3348644469
0.8078176160
-1.6014857564
0.4353419053
0.5632490946
0.4585008798
-1.7841601201
-0.4301912258
0.8353084436
-0.6160020554
-1.4260005250
-0.1607384547
0.4949806799
0.2847612367
-0.7776542949
0.5226677007
1.9461510985
-0.8369576977
0.3378860419
-1.2197517757
-0.0644861660
-0.6440175008
1.3526037578
-0.5019135071
0.1960754775
2.0435109245
0.5510850475
-0.9923453165
-1.4752231722
0.1881048935
1.2099891890
1.6550492563
0.5900199641
0.6011462273
2.1549213196
-0.7671881164
0.3485001156
0.6793916602
0.6676577348
-0.7058338704
-0.0699671738
0.9500895168
0.4146373851
-0.5857038271
0.1029253236
0.5803664372
0.2545778767
0.2539759234
1.0733493152
0.5808427190
0.6079225265
-0.0029942509
0.2336338433
-0.3703397294
-0.3304244959
-0.8640122924
-0.9221998062
-1.3467583368
-0.1168543153
1.9373913958
0.3005095040
0.0670856376
0.2149864130
0.4169059987
-1.6310679571
1.4727492485
1.3424706681
-0.0336356885
-1.1958019269
0.0715933210
-1.8435656433
-0.0783237954
0.4011758091
-0.3693516426
-1.7353254835
1.3038922928
1.3387439971
-1.0720796918
1.4027542057
-0.0009908840
-1.0726812691
0.1583593645
0.0909783821
0.0639260417
0.5974328182
0.2894292758
-1.2472334489
-0.1499657785
0.1093750701
0.9845258306
0.8592268849
-1.1454170156
-0.5587617518
-0.3204665222
1.3144006157
-0.6553066736
0.4484023243
-0.3977716991
0.4398860919
-0.2264993363
0.1809411553
-2.6843460454
0.1431420096
-0.3019631243
-0.4362125220
1.6563094416
2.0380305866
-0.1337571998
0.5419332424
-0.4891089139
0.3932428451
1.9766411691
-0.4850945499
0.4422726949
0.2817653119
-0.5348909341
-0.1033764675
-0.5972527365
1.1111812166
-0.4398365326
-1.3623401783
0.0043224681
-0.6907837442
0.7397145829
0.2817304143
-0.5787100574
1.0900910743
0.0292325716
0.0128425292
0.8768940620
-0.8751930797
-0.0379887743
-1.9339190233
-0.3656654620
-0.0587667799
-1.2365829282
-0.5161370962
0.0284746481
1.1669129099
2.5420711303
0.0669659649
-0.1796731455
-0.5338797270
0.6683823184
1.8416053547
-0.4573302602
0.0636190060
-0.1175966982
2.5905959603
1.1062827922
0.5627191932
-0.0977106526
0.3100987663
0.5646908745
-0.1102544983
-1.6137384587
1.0532490489
-0.9021599044
0.5662839770
-1.7668000098
0.5282320226
-1.7911622609
-1.1607887847
-1.3273377197
0.6395615588
-0.7345741746
-0.8661011307
-0.1602262378
-0.6405964568
-0.6929522600
-0.1425531616
1.4518573990
-0.1249630156
-1.3253835449
1.8648249521
-1.6284025166
-0.2426077387
0.5845964806
0.6485772821
-1.0716630717
-0.7557382809
-1.7679446484
-0.5317198192
0.6451825489
-2.1124534056
-1.0610465763
0.5745245416
0.9835123632
0.6160392692
-0.0859947496
-0.3047453903
-1.5562598669
1.0013912422
-0.9479991608
0.6489383500
0.4557122661
0.7669316186
-0.0235437714
1.4688668628
-0.7799252661
-0.5270753920
0.8699935405
0.4951586396
-0.2360271129
0.3271937483
-0.0705580079
-0.7968052020
-0.4073722087
-0.6994202689
0.3059555298
-0.7078430711
1.2140252073
-0.6753105255
0.0331698913
0.0998842107
-0.8397168560
-0.6737297103
0.5542087358
-0.5426670288
0.4547213548
0.3255761019
0.3236077075
1.8501166441
0.6621679455
0.3009858352
-0.0886028509
0.4653996879
-0.2075504768
1.4615539509
0.7121108694
-0.1544779564
0.0495063470
1.4981248965
-1.3634759031
0.2314750195
-0.2777627392
-0.0682349821
0.0029874254
-1.4292086130
0.2525157549
1.4184021408
-0.5540931409
0.6890694885
-0.0222366572
0.6749555114
-1.5375765893
-0.1384406194
1.7914147369
-0.5237938298
-0.7807831757
-0.1882621318
0.6850890551
1.1269442630
-0.3251486709
-0.8647884877
0.7994574145
-2.3120517104
-1.2559805502
0.0020571742
0.4396112001
1.4032527360
-0.6582547792
0.3167424982
-2.0579795805
-0.7232881908
-0.0149864566
-0.7187602840
-0.8006796062
-0.9074433659
0.8748524511
1.2281455703
-1.2023669371
-0.6969920330
-1.1281992156
0.2324659691
-1.7030513312
0.2190938345
1.2007003236
0.3085500773
0.6838193405
1.0085219156
-0.6567383906
1.1827458204
-0.2005525849
0.3397854933
-0.0519083417
0.0851724837
0.8345780669
-1.2145487461
-2.1289570439
0.1202056015
1.2459076298
1.6032842975
-1.2126322053
0.6906857541
0.2749401854
-1.1182367282
0.0934835391
-0.2031775841
0.2453741206
-1.1338016805
-0.1533714529
-0.0776152914
0.4662754389
-1.3231599742
0.5019465941
1.7501243437
-0.1091945186
-0.7656080984
-2.0555334219
-1.5906681664
-0.1624224346
-1.2069975910
-0.1409543134
-0.9817122922
0.6785363131
-0.8809959054
0.6212535680
-1.7353520773
-1.5503133650
-2.0192320050
0.0264933693
0.1767032939
2.0856342133
-0.3008421027
0.1761199584
0.4887435924
1.0598506994
-0.2460418110
-1.4398247402
0.5415546731
-1.0170771844
0.2465689886
1.2120124632
0.0750005834
0.2442492254
-0.0280042923
0.6575715536
-0.5151273409
0.1323189477
1.5012980817
0.8583082342
1.6353109071
0.3489394018
-1.8198105321
0.9230590751
-0.6005814782
-0.5947211792
0.9114062761
1.6872750930
1.1118842620
0.2811884433
0.4153340699
-0.0775720859
0.2766561537
-0.6580853544
0.0788161874
-0.1825888698
-1.4760155541
0.1314934763
-0.0438693519
0.2379806679
2.1645623985
-0.0677042907
0.3818352854
0.1169199985
-0.3777323864
0.5951662792
-0.9182895946
-0.1131687949
-0.1299957153
-0.2695885596
1.4687792648
0.6008749056
0.7270183238
0.3769254903
0.0794012763
-1.2894159358
1.2535469430
-1.0434253102
1.0358932990
-0.5362504406
0.9374184006
-0.1769404063
0.2606871223
1.1685312743
-0.9987860111
0.5171979595
-0.2032012437
1.3985047712
0.0423411904
0.3961288112
0.9618406728
-0.6454512785
-2.0326922104
-0.9806290926
0.6733379892
-0.3385326845
-0.1674517090
-0.6443001487
0.1711547264
-0.3127817458
-0.2996903269
0.5766044179
-0.9680615477
-0.0543733176
-0.0850030622
0.2765803700
0.1731203051
1.0751678080
1.0129176098
0.4914800018
-1.0981387463
-0.6222775181
1.7777109933
1.0932699029
0.0568048848
0.1792211610
0.6138628884
-1.0289338926
-0.8489964313
-1.2537157122
2.1723739419
-0.4305632364
0.4292797112
-1.5467012758
-0.6785231581
0.6317562205
-0.1184771616
-0.2199296800
0.1460125547
2.6792880802
-0.3960729923
-0.1422371437
0.7923153251
-1.3536689803
-0.6664744398
-0.6399054685
-0.2141876593
0.1090583683
0.8250828658
-0.4097165226
-2.4995133524
0.0357563465
-0.4970312148
-0.3077269438
-2.6508784721
0.7486912801
0.1335095664
-1.3137978282
-1.6200108614
-0.1768325716
-0.2100884802
-0.6634397901
-0.1843032663
-2.6288745134
-1.7084756720
-0.5737847002
-1.1793527643
-0.3002670793
2.0748737088
0.1389083182
0.4940708075
0.0189617013
-0.8949141884
1.1622460779
0.5003902338
0.4048091888
-0.1266187559
0.8802201155
-0.2317531672
0.9244290895
0.9177707115
0.5338284118
0.8277443324
1.3691041818
-1.1478221367
0.6605276595
-0.1762402757
0.6521589285
-0.3918468974
-1.1508923490
-0.1668051824
0.4148102114
0.0207029250
0.9185704710
1.5281489200
-0.4528425591
0.2631993327
-2.0660987250
0.6947294259
-0.6654741966
-0.3797490140
0.5099230140
-0.2757648146
0.3316970216
1.1027854504
0.1313473142
1.1913837283
-0.4372870190
1.0581260392
0.5756701786
1.3123368921
0.7559185245
-0.6773657900
0.1779507781
-1.3841839265
0.5798270711
-0.3851491372
0.0750626464
-0.3292322919
0.6438185625
-1.4682790172
0.5071947645
-0.4339097223
-0.0186574168
2.1506440175
0.1760283973
0.4756716052
0.1289259097
-0.4474416112
-0.9729109213
-0.2961381455
1.0323982195
1.2892793941
-0.6541895271
0.5324308179
-0.0205685370
0.4562854266
-1.3161988001
1.2755067251
-0.3901761678
0.0916921988
1.1932281728
-0.8747278761
2.1687997453
-0.2785286607
-1.6234150627
0.0275107039
1.2830475693
0.0410478869
-1.2605705077
0.5099099309
0.6566700669
1.1335274565
0.2722917987
0.8696457912
-0.0909954976
-1.8579860360
1.9741685496
1.6648459249
-1.1793017780
-0.7535530459
-0.8173896073
-0.5109965635
1.5977051281
-1.1158267076
-1.1777686659
-0.7209076522
1.0100969846
-1.0096630819
2.5600484705
-1.4424269281
0.0267658953
0.0608104478
0.4095921524
-1.2220279047
0.1666784783
-0.1521695544
0.5471203462
0.3775192211
1.1014462869
1.5360604024
1.0745222065
-1.1829072778
-0.5999390093
