11 3 0.20
13 0 3 1 3 1 4 2 2 2 3 3 1 3 2 3 3 4 0 4 1 4 2 5 0 5 1
14 0 2 0 4 1 0 1 1 1 2 1 3 1 4 1 5 2 1 2 2 2 3 2 4 3 2 3 3
17 0 1 1 1 2 1 3 0 3 1 4 1 4 2 4 3 4 4 5 1 5 2 5 3 5 4 6 1 6 2 6 3 6 4
5 0
0 2
0 5
0 0 0 0 1 0 2 0 0 0 0
0 0 1 1 1 1 2 1 0 0 0
0 0 0 1 1 1 2 0 0 0 0
0 0 0 0 1 2 1 0 0 0 0
0 0 0 0 0 0 1 1 1 1 0
0 0 0 1 0 0 1 1 1 1 0
0 0 0 1 1 0 1 1 1 1 0
0 0 1 1 0 0 0 0 0 0 0
0 1 1 1 0 0 0 0 0 0 0
1 1 1 0 0 0 0 0 0 0 0
1 1 0 0 0 0 0 0 0 0 0
0.3244636099
1.1316419483
-1.3742974251
-0.6583472047
-0.9760204822
-0.9528671434
0.9619494041
-0.4527029335
0.0159008771
0.7683544961
0.2815232281
-0.1584291113
-0.6765669765
-1.5254860164
-0.8956433104
0.7971686608
-0.0815790494
1.0509082851
1.5725751771
1.7925194622
-0.6302652393
-0.6765454778
0.3260536380
0.0075695028
-0.8186835962
0.8055348637
1.2532962773
0.6701755526
0.6176028600
1.1964544633
1.3731384931
-1.4662269727
-0.7715704229
-0.2663307436
-0.5567173356
-1.9401942248
0.4030956217
-0.0785604688
1.4317540663
0.1547977761
0.8134190151
-0.3304124954
1.1657549769
-2.1542247913
0.1076766496
0.0546342268
1.7167904490
0.6920835974
1.2648614392
-1.0323605285
-0.2423044316
-2.2872149499
-1.2559726348
-0.4777423905
-1.0286202760
-0.5504994234
-0.8266857949
-0.9189456727
-0.9155294973
0.4950331798
-0.2589570319
0.2285227419
-2.4668077845
0.1161288788
0.9853514399
-0.0102917927
-1.5692949926
-0.3756790156
1.0113730050
1.6770207209
0.1622389804
-0.9791465410
0.1615671238
-1.0340169145
-0.4876138839
0.3048994571
1.2218313199
-0.6301960845
1.7803320049
-1.5073870901
0.5765517709
2.5329912960
1.3520710190
0.6818069507
-0.8398340228
0.8373068442
1.2062413013
0.4707625746
1.2752752411
0.1389192820
-0.9131621931
-0.9684890305
1.9371764306
-1.2144637891
-1.5659106675
-0.4484935548
-0.5679615731
-1.1212587279
-1.5596218169
-0.2647768042
-1.7863182058
-0.0624484694
-1.5982114304
-0.6204909870
0.8522002608
1.2814950120
-0.0447490725
1.2422271611
0.6793985281
-0.8271574834
-0.6440679545
-0.8836461722
-1.3296628119
0.8608911576
-0.9394609998
-0.1383201746
-0.0231150839
-1.0302189456
-2.2424627861
0.2294610984
0.5664718636
0.2752313850
0.9243981711
-1.2489827655
-0.6711348908
1.6279506828
1.2212259093
-1.1518534972
0.9895483599
-0.3366611877
0.5143710022
-0.9197447164
0.9555186021
-1.9645136979
0.1925104951
-1.0336872934
-1.3997059285
-1.4523028285
-0.3275929638
2.9491419449
-0.5328656303
-0.7240769433
0.9145451395
-0.9290495908
0.3455112143
0.0326450406
-0.1274816826
-0.8589654133
0.4560848819
0.7824069255
-0.9777432520
-0.8552862277
-1.3199329917
-1.5952261577
-0.2408468175
0.2877435190
-0.8730338817
-0.5610982314
0.6946637703
-0.3557722138
0.9773722834
2.3920860279
0.4198150384
-0.4620897744
1.0572019637
1.2838944067
0.5625385744
1.1079547020
-0.4165162157
1.3427811178
-0.7400731981
0.0912299510
0.2508773597
0.1924853944
0.2254422069
-0.4797853086
0.8026182437
-0.9516201539
2.2229916275
-0.3480265556
1.4701044056
1.7244192009
0.9428136311
-0.2636442653
-0.2226475936
0.2611306506
-0.9929677057
-0.1262236943
1.1205540543
2.5584874941
0.2090719237
-0.3636867398
2.5682987623
0.5050435710
-1.0701984125
0.5380947352
0.3514301717
0.8592485800
-0.2312260592
1.4223794920
-1.6988203965
-1.3978924354
-0.6633396878
0.3996731500
1.0035486843
0.1984073106
0.5506343469
-1.4198572187
2.7795495325
-0.9511159534
-0.8221054003
0.1355523515
0.4686355909
1.1705561974
1.5441097250
-0.1177443369
-0.0104763265
0.6520162131
0.9180143179
-1.0276530676
1.6841991446
1.1584789219
0.5120877904
-1.4537561451
1.4577348898
0.4646389285
-0.5134064654
0.3837141852
-1.2327950031
0.6116950647
0.2705542899
-2.0227107663
0.4294756862
-0.8988838229
-1.1096271466
-0.5140562652
0.0020748257
0.1849905227
0.7458708429
0.2862346708
0.7799191566
0.7477722755
