12 3 0.19
18 0 0 0 1 0 2 0 5 1 2 1 3 1 4 1 5 1 6 2 3 2 4 2 5 3 2 3 3 3 4 4 3 4 4 5 3
18 0 0 0 1 0 2 1 0 1 1 1 2 1 3 2 0 2 1 2 2 2 3 2 4 2 5 3 0 3 1 3 2 3 5 4 5
18 0 4 0 5 0 6 1 4 1 5 1 6 2 0 2 1 2 2 2 3 2 4 3 1 3 2 3 4 3 5 4 1 4 5 5 5
2 2
3 1
1 4
0 0 0 0 0 0 0 0 0 0 0 0
0 0 0 0 0 0 0 0 1 1 1 0
0 0 1 1 1 0 0 1 1 1 1 0
0 1 1 1 2 2 2 2 2 0 0 0
0 1 1 1 1 2 2 1 1 1 0 0
0 1 1 1 2 3 2 0 0 1 0 0
0 1 1 1 0 1 2 0 0 1 0 0
0 0 0 0 0 1 1 0 0 0 0 0
0 0 0 0 0 0 0 0 0 0 0 0
0 0 0 0 0 0 0 0 0 0 0 0
0 0 0 0 0 0 0 0 0 0 0 0
0 0 0 0 0 0 0 0 0 0 0 0
-0.9497552495
0.6963170528
-0.2140886004
-0.6829771622
0.3171224755
1.6293344262
-0.7063752819
-0.5199275118
-0.1938193436
0.3995312058
0.0637874846
1.1173095653
0.8138127324
-0.6250949863
-1.8840734462
1.7693480781
0.1651022404
-1.4595113799
1.0677880050
-1.1811360276
1.4530636382
0.4305721800
-1.6783131314
-1.1687302697
-0.8085406346
-0.6959827200
-0.9037261988
0.3892511703
0.8920102198
-1.3359748173
0.7220976944
1.4417830039
0.1179313451
-1.4543744567
-0.8663657907
0.6574884891
0.3262569915
0.3959361373
1.5025101669
-0.5801799863
0.2461784878
-0.8721714920
0.2681909222
-0.2669381376
-0.5373300387
0.6437984462
0.9663400575
-1.7146597271
0.7324131990
1.3423234020
-1.1182789790
0.5569302685
0.6061430240
0.3281978951
-2.7347486881
-0.2537270183
-0.0458511673
0.0471126218
-0.7827221280
2.0388209359
2.4838979382
-1.8565709966
-2.1640344232
-0.1793285828
-1.6120274955
0.4434459012
0.4119260422
-0.2120127285
-0.7817803140
-0.3602452511
0.4901505803
-0.9724603781
-0.4123238525
-0.9634055871
-0.5832085678
-0.2166481114
-0.5361384056
0.1101359457
-0.1569391106
-1.1229054450
1.3884635473
0.2220384579
-1.3334544819
0.0763170190
1.0663705420
0.7770644252
2.4740068534
-1.4270187990
0.3352935293
-0.8782453874
0.6662569089
-1.2225056769
-0.8753440793
1.2499953742
-0.8991085868
1.4692333019
-0.4059858513
0.5802002917
-0.7022267972
0.0291845712
1.2668888439
0.6278697061
0.0232639546
0.5486094474
1.1535222720
0.1654311835
-0.2700784490
-0.8606542836
-1.4355206431
-0.5853025114
-0.5271968638
-0.2441796072
1.0923069296
0.2369491615
0.8226282496
0.1551366071
-0.4126463198
0.2426507153
-0.8156760912
-0.7310124204
-1.2813950091
-1.5415012063
0.0766615398
-0.2721761904
-0.5252950744
-1.5150969084
-0.5810498862
-0.2372884406
1.0583173159
-0.1327845407
-0.8366491373
0.8205267397
-0.4846885185
0.0832914635
-0.6989802047
1.3187989005
1.1285622061
-1.6739659050
0.4841854882
-0.9741388160
-0.3595659580
-1.0634904043
0.5520340902
0.9594070148
-0.2319895175
-1.8759605521
0.7669704859
0.9537303926
2.2076464269
-0.1627308515
-0.8046547256
-2.0235484254
-0.4029113566
-0.2119627603
-0.5639660296
0.0361875039
-1.2254377976
-0.2352079065
-0.1509639720
-0.1677977346
0.0379229950
0.5607504995
0.9836628990
-2.1645401406
-0.8346894536
-0.2118521160
2.1042097241
-0.1518143845
0.6035506960
1.0292580433
-0.0759521421
0.6738397019
-0.6215031076
-2.3133217594
0.1269960741
1.7981227060
1.0820562127
0.3904603588
0.4164618500
1.2960304499
1.1449610884
-2.0935631433
1.5210811536
0.2864537264
0.1284266420
0.5946644465
-0.6943371653
0.4302262500
-0.8870900529
-0.2123397629
1.4515805826
-1.1202350406
0.9642522694
-0.3908336539
-0.2640200570
1.3463710669
2.1101079114
1.4012982097
-0.8198269194
0.1799695547
0.8493048997
0.3910253184
1.0858517594
2.4475619505
0.0117241278
-0.0998942654
0.3006577924
2.9747173108
-0.1516554036
-0.7250732593
0.4707729443
1.4640694671
-0.8251164087
1.3582123396
0.0574589557
-0.9014419975
-1.4061904044
1.6377884193
-0.5169071385
-0.4375537202
-0.0905848807
-1.7250638087
-1.1816149290
0.9181352347
-1.9206530697
0.9926842439
1.8588087796
0.5586430578
-1.0804520401
0.9217483426
-0.3290919594
0.5107740284
-1.1876430079
0.8278600566
0.2616602383
1.0427680713
-1.0003113057
-0.0072549168
0.0239646293
-1.8560067225
-0.5699103123
-0.8729623094
1.7436634723
-0.5905017658
0.6943291596
-0.3835293490
-0.6385078310
-0.3771395681
0.4488715490
0.4388599346
1.5563605829
0.7640088816
-0.5296108981
0.1290461643
-0.0035616153
1.9635963013
-1.8186629834
0.1305327666
-0.7362812035
0.3141756361
2.5486239515
-0.1851467007
-0.1787226172
1.2856602874
0.6259080487
-0.0233333636
-0.8772869381
1.3030212570
0.0288763768
0.3330241998
-1.4041854425
-1.2730892121
1.0810271747
0.8158009382
0.1852779368
0.7980004033
1.1544713427
-0.2074522218
-1.1136263792
-0.3735113763
1.5335129814
0.0667643628
-0.2378996182
0.5011495489
0.8906566740
-1.1946940215
-0.9646547721
-0.7449913991
