16 3 0.12
35 0 1 0 2 1 1 1 2 1 3 1 4 2 2 2 3 2 4 2 5 3 3 3 4 3 5 4 0 4 3 4 4 5 0 5 2 5 3 5 4 6 0 6 1 6 2 6 3 6 4 7 1 7 2 7 4 8 0 8 1 8 2 9 1 9 2 9 3 9 4
38 0 2 1 2 1 4 1 5 2 1 2 2 2 3 2 4 2 6 3 0 3 1 3 2 3 3 3 4 3 5 3 6 4 1 4 2 4 3 4 4 4 5 5 0 5 1 5 2 5 3 5 4 5 5 5 6 6 0 6 1 6 2 6 3 6 4 6 5 7 1 7 2 7 3 7 4
12 0 1 1 1 1 2 1 3 2 1 2 2 2 3 3 0 3 1 3 2 3 3 4 1
5 0
0 8
3 0
0 0 0 0 0 0 0 0 0 0 1 0 0 0 0 0
0 0 0 0 0 0 0 0 0 0 1 0 1 1 0 0
0 0 0 0 0 0 0 0 0 1 1 1 1 0 1 0
0 1 0 0 0 0 0 0 1 1 1 1 1 1 1 0
0 1 1 1 0 0 0 0 0 1 1 1 1 1 0 0
0 2 2 1 0 0 0 0 1 1 1 1 1 1 1 0
1 2 2 2 1 0 0 0 1 1 1 1 1 1 0 0
0 1 1 1 1 1 0 0 0 1 1 1 1 0 0 0
0 0 0 1 1 1 0 0 0 0 0 0 0 0 0 0
1 0 0 1 1 0 0 0 0 0 0 0 0 0 0 0
1 0 1 1 1 0 0 0 0 0 0 0 0 0 0 0
1 1 1 1 1 0 0 0 0 0 0 0 0 0 0 0
0 1 1 0 1 0 0 0 0 0 0 0 0 0 0 0
1 1 1 0 0 0 0 0 0 0 0 0 0 0 0 0
0 1 1 1 1 0 0 0 0 0 0 0 0 0 0 0
0 0 0 0 0 0 0 0 0 0 0 0 0 0 0 0
-0.1598822995
1.5814214670
-1.4642995413
0.0419664073
-0.5051000857
-0.6775287789
1.0619748663
-0.0734921309
-0.8559217356
0.4253305388
-0.6513902569
-0.7203255355
1.1215996860
0.9699953425
-2.0237963347
0.3853547578
0.6901082104
-0.3950298410
0.2156217402
0.0819102254
0.3335301400
0.5339072928
1.1412340894
0.6513396545
-1.5254232584
0.5247292277
0.0852958376
-0.5995564383
-0.6078550954
0.1538866741
0.8287599943
0.8808207413
-0.7688461508
-2.3394143563
-0.5723517229
-1.4952714947
2.6576092401
1.3975100461
-0.0233555406
0.3047342964
-0.2548730213
-0.4869435513
-1.0406491751
-1.2375871806
1.3143362928
0.9182051533
0.0017992391
-1.7239558720
-0.5881655481
-0.5595752136
0.6304234720
0.1508885894
1.0702362751
-1.0794904609
-0.4551135464
0.6377386788
-1.0931898533
0.8576599953
-0.4335667327
-1.6855599021
0.5346438394
-0.4786524169
0.8833517432
0.7043683500
1.5542980474
-0.4954323569
0.3650980987
-0.4654861821
1.4580627472
0.5682965980
0.8114229581
0.2079443278
-0.8053071617
0.7305221211
0.3790185908
1.4206470871
0.7204839035
0.6158831453
-1.8313390257
1.3494649864
-0.9924903635
-0.1276142855
-0.3575364873
-0.2620279914
-2.0806154837
0.6219080154
-0.5810308305
-1.9592131928
-0.2360974887
0.9767306414
0.1110841361
0.5486969844
-1.8464506255
-0.6063587049
0.1532441024
1.3981022885
0.8698671840
0.4024351304
-0.3733656189
0.0376397569
-1.0236774143
0.5971706020
-0.7537664847
-1.3860368580
0.6096245170
-0.0571751179
0.2258489972
-0.9309328739
1.3025970278
-2.4482390369
0.3603805691
-0.5160657792
1.1107287961
0.5359695092
0.5480030016
-0.2230002880
-1.2409444599
0.4989252458
-0.5806735619
0.3271428163
-0.1606450904
1.2772272595
-1.3588001131
-0.0439818040
-0.6544864377
-0.3968905430
1.3413065543
1.8260682294
0.8328783108
1.2665586845
1.1357262418
-0.4477954661
1.2058142013
0.2447170859
-0.4078883894
1.7331360940
1.5431450985
-0.3152576750
0.4280441909
-0.2256209428
0.5749406623
-0.2682028503
0.9803088746
-0.8304169610
-1.1368837654
-0.7132397688
0.1805458055
-0.5889879942
0.9721466565
-0.0095101420
0.3627568611
1.5905229685
0.2592698153
-1.5035259440
0.6263012021
0.2270099282
-1.4567579432
-0.3673926587
-0.5256885638
0.2331001635
1.0380191821
-0.7894164557
0.1456965319
0.2562565195
-0.8465690773
0.2585211358
0.5253788535
1.0654373596
1.0048207596
0.8809823254
1.2045349780
-0.3863257581
-0.6002837139
-1.2771331405
-1.7185476249
-0.8178853853
0.3977989948
1.2396524748
-0.1843622688
-1.0257846473
-0.9100251858
1.5713459949
-2.3241243772
-1.9060639837
-1.0449351544
0.2983985287
-0.2561327812
-0.7808566571
-0.3276795556
-0.8799888504
-0.6718825370
-0.7504424565
-0.4917561489
-0.3404684168
0.0859407282
0.1507166491
-1.1259827300
1.2285260128
-1.0804472860
0.8756517326
0.7336950847
2.1125204043
-0.4251276174
0.6398053818
0.5118704355
0.4066642834
1.6438868867
0.6926027682
-0.8708817804
-0.2299035742
-1.2309661976
-1.3532371404
-0.8525105694
-0.5651642936
-1.6544821380
0.8959595795
1.2540175490
0.7678147139
2.0824601218
0.3094989764
1.0053580926
1.0538300559
-0.1095672202
0.4234882913
-0.1668455022
0.2876904385
-2.4506326290
0.9701892354
-1.0392230078
-0.9219587732
-0.2115944676
0.2870583773
0.0321556466
-0.5720528184
-0.6816856080
0.3668613680
0.3072402395
-0.2117776763
-0.6485545946
0.8715516665
-1.5261185015
0.3229267543
2.5961680674
1.1076948114
0.0526983901
-0.9983155842
1.3711907810
-0.2671533110
1.1058249355
2.1519958747
-0.8319053855
-0.9136896702
1.2753053564
0.1086927900
0.1369113947
0.5215491355
1.0681959948
2.1895771101
1.0712975928
-0.8572734388
0.0548260708
0.8068682741
0.4703322971
-0.1279679208
-0.9096783159
0.9699067283
-0.0455965945
0.8792084031
0.1542256069
-2.1773567148
0.4755041740
-1.1431713645
0.6290360829
-0.2084648399
1.4053701341
-0.6500385753
0.5662015594
-0.4622555633
-0.9113053885
-1.2394810266
-1.0785929010
1.5690466302
1.8451941177
0.3273030336
0.0144170886
-0.0092160174
0.3020790953
-0.6457220805
-1.0707926778
-0.2609937555
-0.1594367088
-0.0055767271
0.9681923038
0.4335248647
0.2838966080
-1.0191705350
0.3510278084
-0.2109624530
0.3343120223
0.1532032206
0.8294127393
0.9456870284
-0.4499457430
-0.9092138189
0.0032311362
-1.0451137458
-0.6840011405
0.3267854768
1.8370071113
0.2349183428
0.0942546793
-0.9155505884
-0.3501651786
-0.2792497623
-0.0691226387
1.1450849937
-0.1229031133
-1.4684413649
0.0279201788
0.5972413362
-0.3119984242
-1.8880280824
-0.3383262338
0.4809263434
0.0095959544
0.1174666645
0.4104065178
-0.0515415138
-1.1943287918
0.8701338005
-0.1570812827
-1.5691533987
0.4529512838
0.9764763753
-0.1760815348
-0.9495768964
1.6935303159
0.5614706993
-0.1770496667
-1.0004315604
0.3808171414
-0.0688149389
-1.6597396114
-0.5932893575
1.0491308024
1.1458504719
0.7593371311
1.3718504185
-0.3444134663
-0.5381856905
1.9441832336
-0.0177404944
0.7652527374
0.6469708545
-0.0764726404
0.3092722055
-0.3626265472
-0.6015823186
1.2474767259
0.5844743468
0.3549754479
0.3231732136
-0.1054693026
0.3997533096
-0.4526756065
-0.5885490963
-0.1627389066
-1.0041626401
0.3496282171
0.5625349559
1.0076937870
0.7178355041
0.7012282192
0.2911867459
-0.6257017457
-0.9047184806
-0.8383514247
1.0900973234
-0.3654841278
-0.7140218562
-1.7173329839
-0.8837584245
-0.4029895394
-0.1222123712
-1.8507594217
-1.1363923916
0.4259973173
0.2429177086
-2.8228143404
-0.6626028901
1.3028954489
0.1184140977
0.9075846750
-0.0763305326
-0.9249569047
-0.6362795283
1.3864687485
-0.3442156691
-0.5313086519
0.2954901068
0.3139562805
-0.9768584284
-0.2566092797
-0.3676924314
1.0153270854
1.4617248298
-0.6889761442
0.6609748411
-2.0159515734
0.1725531699
-0.2310720620
2.3723054851
-1.0229291449
1.8925972327
-0.2677171624
0.4691486165
0.1124163525
2.4210721832
0.3369469383
0.8030702752
-1.3100481696
1.0783288707
-1.6115500678
0.5911876025
0.2797953824
0.0274794356
0.1547471903
-1.0191209011
0.6000419347
-1.2430653718
0.7558825676
-0.3740640821
-0.5083628162
0.5942222777
0.4572863536
-0.8273486456
0.7276599818
0.9451437468
-0.2380809159
-0.0842038106
-0.5147655422
0.8807585149
-0.0047178649
-0.1487716642
0.1960707076
1.1397269263
0.2456706023
-0.3365075820
-0.7980753400
1.9474161827
0.1566485103
-0.5186450583
0.1634307705
1.2913751296
0.5340394341
-1.4617231119
-1.1289728163
-0.2253624553
0.1588891730
-0.5524335250
0.5708712520
1.0398124032
0.1595203242
1.6272847875
0.6199020570
-0.6064502751
-0.7289859400
1.0963416817
1.1103423766
-2.2733169850
0.2613879939
-0.3500818318
-0.4423929522
1.3319132914
-0.8898808764
0.9492911836
-0.9478216660
-0.4908287028
-0.0457766665
-0.7699575885
-1.2237827018
0.0129367510
-0.3151833118
1.6055173954
-0.4402306541
-0.8905886419
0.4727489698
0.5132645656
0.9346784102
-0.6400523750
-0.2698714042
-0.4237471695
1.4493151619
-1.8371709335
-0.6106198908
-0.0442373377
-1.3987468077
1.0101680891
-0.5144953847
0.9824046246
-0.8028556372
0.8145074878
1.0390273576
2.3793293026
0.9835136159
-1.0435055765
0.1663958197
-0.6906145358
0.8951736385
-0.1738874275
-0.8272001978
-1.3369218166
