10 3 0.02
15 0 1 1 1 2 0 2 1 2 2 2 3 2 4 3 1 3 2 3 3 3 4 4 1 4 2 5 0 5 1
11 0 2 1 1 1 2 2 0 2 1 2 2 2 3 2 4 2 5 3 1 3 3
11 0 0 1 0 1 1 1 2 2 1 2 2 3 1 3 2 3 3 4 3 5 3
4 3
1 2
2 3
0 0 0 0 0 0 0 0 0 0
0 0 0 0 1 0 0 0 0 0
0 0 0 2 1 0 0 0 0 0
0 0 1 2 2 2 1 1 0 0
0 0 0 1 2 2 0 0 0 0
0 0 0 0 2 1 1 0 0 0
0 0 0 1 1 1 2 1 0 0
0 0 0 0 1 1 2 1 0 0
0 0 0 0 1 1 0 0 0 0
0 0 0 1 1 0 0 0 0 0
-0.1905872937
0.5551503215
0.5430670683
-1.1387262253
-0.0572730465
-0.7720843336
0.6974211337
1.5551766039
-0.5915580571
0.3625911988
1.4627127671
-0.0105938841
-0.4425715448
1.4234137860
-0.6970372932
0.7744656736
-1.1734008867
2.3306963431
-0.0946560666
0.5963414333
1.2155985675
1.2060576147
-0.0247212527
1.5240572774
1.4634968015
0.6205848468
-0.5928018737
-0.7140005672
0.5816449294
-0.6912789024
-0.1948712897
-0.6265368047
-0.1400892584
-0.7372879433
-1.5934054056
-0.9740446519
2.0048930147
-0.2893887477
-0.6718652707
1.3132735355
0.7240025485
0.4993638530
1.0171999963
1.1454892371
0.0687877321
-0.1791167587
-0.5191968053
-0.9786595991
-2.1250743544
0.7129051302
0.4034102006
1.5315384807
-1.4208044622
1.2032395429
0.2964239751
-0.4294080137
0.2018037072
0.2978191096
0.6815903063
-0.9108515061
2.3152863451
-0.8929895012
-1.3950875171
-0.2309749564
1.0900800972
1.2419234268
-0.0814021898
0.0917319164
-0.0528915150
0.0703075878
-0.1169756654
-0.4081315780
-2.2629526473
-0.0971004191
-0.9400419806
-0.0811702404
0.1263341994
-0.6859810518
-0.6289822136
1.0053012404
2.1201078142
-1.1490049969
1.7551725052
0.5328574015
-1.1136770681
-0.8786847947
0.4636121570
-0.8750846089
-1.1909551901
0.2074059107
1.3268340793
-1.5837012110
-0.6184881170
0.1725482716
-1.2198528810
-0.4288841930
0.1566185466
-0.8546783523
-0.3593394156
1.4492095627
0.5490806432
1.5181284584
-0.0974010179
0.9676550338
0.1476082722
0.5119163857
-1.2919315037
0.0932488104
-0.4153085470
1.8917975381
0.0072116296
1.4984076601
-0.1676107131
-0.9101317132
0.1385082265
0.6421716490
0.3018438983
-0.4718545727
-0.5461261474
2.1136872820
1.5970415822
0.3317515577
-0.0471662631
1.2803236028
-0.7754775572
-1.0679633710
0.0096684291
-0.6265893067
0.2603236086
-0.7146603255
0.2376829724
-1.3696732261
-1.7993790404
-3.1089828729
-1.2607180320
-0.1107253207
0.8677864721
-0.8519082856
-0.5517799433
-0.9153886485
-0.7736549395
-0.0046196505
0.4038785578
-0.0619065166
0.3859299890
-0.9094930987
-1.7604407335
-0.2579228496
-0.5180558976
0.1184335828
0.5612735990
1.3623143306
-2.1607010599
0.2493643084
0.6997404216
-0.7475864971
-0.2989437554
-2.8377818195
-0.9914638934
-0.6740117246
-0.0141649574
-1.4230232914
0.1599369970
2.0280985734
0.8014271462
-0.9988622663
0.2512764522
-1.4728600407
0.5098213565
-0.6205036630
-1.6104841426
0.8249823185
1.2615478420
0.6761225784
0.1545801345
-0.3833180944
0.3852058500
1.3889044855
-2.4350166924
1.6266508728
-1.8249111414
0.4291034292
-0.5356625653
-0.0863289101
1.8652627145
0.9337507470
-0.1144146333
0.8095076404
0.3401188986
-0.5039109630
1.6945824987
-0.5145303551
0.6016292895
0.6167343409
0.8768049183
1.0009043200
1.0891658885
-0.5588947311
-0.2670189960
0.5509347176
