16 11 0.03
10 0 2 1 2 2 1 2 2 3 1 3 2 4 0 4 1 4 2 4 3
8 0 0 0 1 1 1 2 1 2 2 2 3 3 2 3 3
6 0 1 1 0 1 1 1 2 2 1 3 1
9 0 0 0 1 0 3 1 1 1 2 1 3 1 4 2 3 2 4
7 0 1 0 2 1 0 1 1 1 2 2 1 3 1
9 0 1 0 2 0 3 0 4 0 5 1 0 1 1 1 3 1 4
7 0 1 0 2 1 1 2 0 2 1 3 1 4 1
9 0 2 1 1 1 2 2 0 2 1 3 1 3 2 4 1 5 1
7 0 1 1 0 1 1 2 0 2 1 2 2 3 2
10 0 0 1 0 1 1 1 2 2 1 2 2 3 0 3 1 4 0 4 1
10 0 3 1 2 1 3 1 4 2 0 2 1 2 2 2 3 2 4 3 2
8 8
12 4
4 7
9 6
4 3
0 7
10 0
10 11
12 2
8 12
10 5
0 0 0 0 0 0 0 0 1 1 1 1 1 0 0 0
0 0 0 0 0 0 0 1 1 0 1 1 0 0 0 0
0 0 0 0 0 0 0 0 0 0 0 0 0 0 0 0
0 0 0 0 0 0 0 0 0 0 0 0 0 0 0 0
0 0 0 0 1 1 0 0 1 0 0 0 0 0 0 0
0 0 0 1 1 1 0 1 1 1 0 0 0 0 0 0
0 0 0 0 1 0 0 0 1 0 0 0 0 0 0 0
0 0 0 0 1 0 0 0 1 0 0 0 0 0 0 0
0 0 0 0 0 0 0 0 0 0 1 0 1 0 0 0
0 0 0 0 0 0 1 1 0 1 1 0 1 1 1 0
0 1 1 0 0 0 0 1 2 2 2 0 0 2 1 0
0 1 0 0 0 0 0 1 1 3 2 0 2 2 0 0
1 1 0 1 1 2 1 1 2 2 1 2 2 1 0 0
0 1 1 1 0 1 0 1 0 0 0 0 1 1 0 0
0 1 1 1 1 1 1 1 0 0 0 0 1 0 0 0
0 0 0 0 1 0 1 1 0 0 0 0 1 0 0 0
0.7962769424
-1.1506426113
-0.9912419468
-0.5231976802
-0.7793209562
1.4001395988
1.7319718700
-1.5874527135
-0.8798482983
-1.5163935575
-1.1282989462
-0.6425736185
-0.9824849738
-1.0791193977
1.6474344600
-0.1662555613
0.0907445785
0.9785537062
1.0158490708
-0.9945460149
-0.2075373059
2.6702237571
-1.0303455979
0.3076692486
-0.8160906806
-0.3533054628
-0.4522633552
-1.0414872579
0.7251117120
0.5372860124
-1.0886317797
-0.4063535795
0.4357622597
-0.2324398527
-2.2737842497
-0.2013986219
0.6511390316
0.1989058958
-0.3700776098
-0.3623765227
-0.7221966014
-1.2127235054
2.0266269617
-1.4435461742
-1.5209770421
-0.1399151887
1.4931495533
0.0803709263
1.5674033531
1.8342733466
-1.2668474483
-0.0266144295
1.1857109726
-1.0975084854
0.2201912382
0.3794195091
-0.0651374931
0.1772608718
-0.4206267139
0.6523537018
-1.1565758407
-1.4180957858
-1.0388970827
0.5154294274
2.4284118957
0.1099907869
0.8615139376
-1.2114250175
0.4162190587
-0.0209216706
0.0725569959
0.0803298447
-0.3920914353
-0.4429903547
0.7393537626
-0.7926272920
-0.3751168477
0.3271674597
1.2619070574
-0.0024851166
0.5404612406
1.0766720798
-0.2207536656
-0.8312851452
0.4287909324
-0.7731119972
-0.0039672683
1.6341767589
0.3444661732
2.3131668606
-0.8824354820
-1.0818961571
-1.1355333910
-1.2879335569
-1.4141301257
-0.8339200356
-0.6336424596
0.1738608277
-0.5810676783
-0.2324883239
0.6067294990
1.3132320387
0.1768592675
2.0786291936
-1.8430108755
0.9153246041
-1.0228280120
-0.7755115061
1.7818321666
-1.1654812935
-1.1049592824
0.6529119640
-0.5206634027
-0.5271634952
0.2441174979
-1.2866352594
0.0468837493
0.4283097656
-1.7302874244
1.1777234502
-0.8577150251
-0.0955965913
0.4592034361
1.1591444368
-1.9612755972
-0.5428005275
-0.1041272466
-0.5118446532
1.5301890412
0.3798819534
-0.7845554649
0.0888501180
0.4006456338
1.7734539511
-0.7390061864
1.1446369114
-1.3745776205
-0.9550357023
-0.9270634662
0.4774586462
2.0694178564
-1.2364232297
-1.8724176038
-0.4841988842
0.2948272587
0.3456754147
1.3066529854
-1.1074390667
-0.5062688096
-0.6021051178
-0.1511729437
1.1297262396
1.6885406109
1.4961132672
-0.0937948113
0.2771747745
-0.0687382615
0.7254282686
0.7149906253
-1.0140102623
-0.6606109130
1.6236635537
-1.4719593571
-0.5361495410
-0.2282735868
-0.4236690176
-1.1443655252
0.6546671528
0.8136363008
-0.6377404009
-1.2638916527
-1.3745988772
0.1644829574
-1.3309555233
1.2997675332
-0.8463373577
-0.5632338227
0.6564405907
-0.1195312174
-0.2094011582
0.8724537422
-0.8355764406
-0.1133309403
-0.4289702273
-0.0907680478
-0.0090842008
0.8990823028
-0.0907842218
0.8922517439
-0.2272263881
0.1749486433
-1.8107950440
1.1208491748
1.9980261923
0.0283468855
1.4396468541
-0.0925689207
-1.4821046449
0.4989199037
-0.9422840747
0.6803740415
0.0869998772
0.2507127036
-1.4185509238
0.7530052531
1.0503203778
-0.4999611939
-1.8351787518
0.4362425107
2.0247649214
0.5207013790
-0.8706394353
-1.1644179895
2.7274605105
0.3352975810
1.4963742116
1.3161588579
-0.9926946723
-0.2433792661
0.4685312091
-2.1320653668
-0.3976050522
-0.8139793739
-1.0385193485
0.2092479639
0.6005335596
0.5234651594
0.6422512186
-0.4052654698
0.7895963024
1.9331854691
0.6852506187
0.4942889013
0.6089896106
0.1993588606
0.0684574635
-1.0462463071
1.2953987265
0.0476888543
-0.3354501578
0.5956026589
-1.4345699692
0.4500184421
-1.7270179605
0.0307821825
-0.8382790859
-0.1012871176
0.2510981581
0.6870663623
0.6767791624
1.2647975153
2.8848702293
-0.4024070218
0.1068269528
0.5323911245
1.5149908065
-0.6764928292
-0.1828678673
0.5188797713
-0.6918216885
-1.2265472548
-1.4362894310
0.2860671356
-0.5285853874
-0.4237711117
0.6090505807
-0.0599654748
-0.5671368222
-0.5688863552
1.3547296934
-0.3545881660
0.1106652250
-0.6171228517
0.2790344033
-0.8541155281
1.3215880743
-1.0292041329
-0.2334673391
-0.9288911297
0.2851239642
-0.9295283523
-0.4955635134
2.0561296377
1.2049829025
1.2078176919
-2.3449891642
0.3944668448
0.2840247856
-1.1793808050
-1.8254457566
-0.8091641458
0.2791873526
0.2526385755
-0.8613534684
-0.0052697024
-0.2800743075
1.5166887767
0.9419146339
-0.3358875850
1.0459902364
-0.9753754377
1.8954801762
-0.0166824049
0.5355890737
-1.0177576093
-0.6292903676
-2.5817844909
-0.6314750245
0.4151833583
-0.1539643477
-0.4404762501
2.1988891926
-0.8841177442
0.4032756295
0.4335323031
-0.1183820367
-0.5735676250
-0.5426262894
-1.0289002144
-1.0562465356
0.4716590487
0.8257306274
-2.8254207609
-1.2787362851
0.1330979457
-0.8285988340
1.0063695521
0.8589239726
0.0329862778
0.5202545111
-1.1754335584
-0.4650605216
-0.3028274222
1.6003725936
0.8042322744
0.5024057295
0.0221387385
0.0807231899
1.4091444302
-0.7902927223
0.7595325632
-1.5980268752
0.4481459048
-0.4497664909
-1.6303712915
0.4887009165
-0.6523327244
0.8795378316
0.9490804428
1.1207354579
-1.2526478601
-0.7240614378
-0.7464302085
0.0062553189
0.1015803336
0.9416673660
1.7308307629
-0.2000214946
-2.4916476878
-0.1041034480
-0.3919997720
-1.4964576895
0.0606558038
-0.8306753947
0.8183826543
-2.9227981247
0.0979019091
0.6259217810
2.0282906372
0.7149684461
1.6965508528
1.2899313796
0.3458274873
1.2060840186
0.6798546824
1.0942877649
1.3265019598
-0.0876011544
-0.5859103735
-0.3513607440
-1.7069979608
0.8002482569
-0.0093402742
-0.8611221203
-0.6883814342
0.3575131669
-1.5669281871
-0.1865262968
0.5346990043
-2.4581959558
-0.9869968695
-0.4975903017
-0.6830992105
-0.2163035718
-1.2478854939
0.1513997748
-1.9605546825
0.4753754619
1.5657044264
0.2822203050
-0.4441562216
-0.5832931789
-0.8796450147
1.1132737809
0.9730182269
-0.6702875197
-1.1189572312
0.8262923403
-0.6147034259
0.4402939562
0.1175833877
0.3352186113
-0.9312185282
0.1137485040
-0.5077571329
0.0133435608
-0.8840247212
0.9922029617
-2.2052021810
-1.2004087113
-1.1301685410
-1.4727782052
0.9771184196
0.3844502517
1.5680495077
1.7590794181
-0.7778878973
-0.6984097913
0.0924911422
-0.4423518063
1.0690661746
-2.0310298714
-0.4488527559
-0.0842253817
-0.5365176957
-0.3480226860
0.6108745538
-0.1121108879
0.1546752497
-0.1390628046
0.4256406811
0.0698016469
0.6057193203
0.4558715612
-0.6545701307
-0.9974350623
-0.2069067926
-0.3817957118
0.3599084583
1.6863472402
-0.0239009545
-0.9603512571
-0.1258544383
-1.4656942376
-0.7649838573
-1.9444020204
0.3354347589
1.6592838311
0.3073093197
-0.5803695632
-0.7584934469
-0.5371594887
-2.2593230610
1.0293329229
0.7467549848
-0.0565311710
-0.5823247147
-0.8356747919
-1.0155368664
-1.2807128390
0.1215836672
1.4066471966
0.1148534507
-0.6328908012
-0.3647335451
0.0699710689
0.2530965997
0.4999659656
-0.2961472404
0.3526933802
-1.0675401769
-0.6623268581
2.0361202201
-0.1992083527
2.0648915809
-1.1954787380
-1.0520880378
-0.8591531160
-0.5671393021
-0.3396333850
-1.2760932175
0.8197970160
2.0017596910
-1.6199970040
0.0810859087
1.6085895257
1.2075007932
-0.2983073627
-0.4301226531
-0.1155909269
-0.2878915795
0.5833834472
-0.2287396879
0.4319097758
0.9267197918
1.1639150574
-0.8859247190
1.6156884974
0.5413945546
-0.6887211272
0.1258001836
-0.0408310422
