12 2 0.15
7 0 0 0 1 0 2 1 1 1 2 2 1 3 1
10 0 0 0 1 0 2 0 3 1 0 1 1 1 2 1 3 1 4 2 0
2 4
8 5
0 0 0 0 0 0 0 0 0 0 0 0
0 0 0 0 0 0 0 0 0 0 0 0
0 0 0 0 1 1 1 0 0 0 0 0
0 0 0 0 0 1 1 0 0 0 0 0
0 0 0 0 0 1 0 0 0 0 0 0
0 0 0 0 0 1 0 0 0 0 0 0
0 0 0 0 0 0 0 0 0 0 0 0
0 0 0 0 0 0 0 0 0 0 0 0
0 0 0 0 0 1 1 1 1 0 0 0
0 0 0 0 0 1 1 1 1 1 0 0
0 0 0 0 0 1 0 0 0 0 0 0
0 0 0 0 0 0 0 0 0 0 0 0
-1.6513025300
1.4229791294
-0.5377254070
-0.6429994966
1.4154132714
-1.3680457250
0.0886482896
-1.3393547017
-0.4853133358
1.0058596149
0.3526186459
-0.3978140536
-0.5811781985
0.0763741598
-0.0478320764
0.3322545151
-0.1346300179
1.4076749034
2.3839586537
-0.9415664788
-0.4960433785
0.9493396234
1.3095037177
0.7885594754
-1.1431541537
0.0557051540
0.0466104373
0.9036023576
-1.2698127661
-0.4376496339
-0.8657801488
-0.1137683361
-0.5745441927
-1.4742463115
-0.8781012084
-0.3568607255
0.9609009064
-0.7682579823
0.0293983581
0.2186874396
0.0703470573
0.3307204094
-0.8519930256
-0.4483444825
1.0814116903
0.4886084607
-1.4419237242
-0.4274882348
2.9576961656
-1.5863319240
0.8786070445
1.2917942037
0.7125178769
0.7949680929
2.2166839930
0.8118131642
-0.4126425241
-0.5342128443
-1.7213094210
0.4761637444
-1.1682372610
0.4405866204
-0.3866733266
0.8009566563
-1.2258375735
1.1334293038
0.4966463872
0.0306936028
-0.3000370169
-0.0934284393
-0.5687073547
0.4392098231
-1.0334067325
1.8418729445
-1.6338391689
0.1472133102
-0.1899482131
-0.1210223322
-0.1747162920
0.0749343678
-0.6222152438
-0.9995811135
1.4476263742
-0.4475630068
-0.1682514240
0.3879988470
-0.8549905374
1.6934071710
0.0916887671
1.0637640138
-2.4034187098
-0.3543093516
0.4167651006
-0.9701903572
0.3779551841
-0.4759837428
0.7773991835
-2.4506753626
-0.6766525965
-0.0442735227
1.1607959996
-1.0585209322
0.0208501341
0.4554105406
0.2697406948
0.6340079730
0.8103465172
0.9080256693
-0.2622289336
-0.8730283430
1.3581004592
0.5780993814
-0.0765416467
-0.5362965204
1.7910834351
0.2301047772
-0.2125103782
-0.3077989963
-1.1426314049
-1.7453902608
-0.0772404766
0.8278058181
0.4234173212
-0.0114254074
-0.7914986586
-0.3255794397
-0.0378724894
0.7527514033
-0.4689610438
0.3590174497
-0.4499844014
0.0395734553
-0.7211316919
-2.6263050478
0.8279531041
0.3576739548
0.4813187877
0.1860557714
1.1019185562
0.7831792786
0.5224946271
0.5587921962
-0.2559282686
2.6274264614
0.1409814330
-1.5918794441
-0.1220294043
-0.7601857369
-0.9971483623
-0.8589088870
-0.0317155258
0.0433536640
0.4647596365
-0.8329725355
0.3143694232
-0.2272475954
-0.5525670300
0.6562112333
-0.5804820361
0.3139690632
-0.0813038110
1.4748920677
-0.5001429069
1.8655400832
-0.1904874807
-1.0461345529
-0.7419280769
1.2672774268
-0.6694753022
2.2082285519
0.0088014281
-0.7221280835
0.1599462190
0.9061849585
-1.2899910574
1.1580684209
0.7256783487
1.0111510754
0.0580450608
-0.4472631790
0.4113162916
-0.5542458314
-0.0580054985
0.6794153618
1.3427747615
-0.4497746242
1.5835844455
0.0632997221
0.5357634253
0.8770377940
-0.8756607323
-0.2326086844
0.4794840401
0.0800322821
-0.0392902238
-0.6896110242
-0.4589852108
-1.0585390664
-0.3435060662
0.0269550288
0.5309253630
-1.4710554439
-2.5654861818
-0.2636949853
-0.6798492882
-0.6663390545
-0.0824362623
-0.3885426262
-0.6513679244
-0.1368662144
-1.1489225039
0.2651973841
0.2972073905
0.3052838053
1.6296931329
-1.1819267031
0.7112377220
-0.8980897283
-0.1334460133
-0.8418374535
0.6916891867
-0.3344225757
0.8997764430
1.5899163470
-0.7257410510
-0.7299128115
-2.2395928470
-0.2249933304
-1.6348346244
-0.1360025108
-0.9794625662
-2.3184402462
-1.8168012004
0.9956566060
-0.4980516973
2.1890383462
0.9647400422
0.5098288421
-0.9594418283
-1.2465328859
-0.6486341903
-0.7528818039
-1.3951623107
-0.6767423452
-1.8962281663
0.2459556281
-0.3017693824
-0.5787005391
-1.0058982990
0.9751338809
-0.5662930043
0.8645835677
-1.0563052568
-0.8309891623
0.0280477167
0.2325162171
-0.0093174910
1.1345418051
-1.8624479769
0.1591274559
0.1068082762
-1.5372760662
0.4730044533
-1.2720929565
0.4725497019
0.1861670892
0.5570491236
1.4069166608
-1.0680719481
1.0594724370
-0.0185076351
-0.4289642841
-0.6507324316
-0.7811167206
-1.5712080484
2.5771051682
-0.0087833667
-0.8944947818
0.4589662159
0.0281373231
0.8653300413
0.9409957627
-1.7727059127
-1.1695860256
0.1258386667
1.7267204951
-1.3912383634
0.5885234116
