16 12 0.01
9 0 0 0 1 1 1 1 2 2 0 2 1 2 2 3 2 3 3
9 0 2 1 0 1 1 1 2 1 3 1 4 1 5 2 1 2 5
9 0 0 0 1 1 1 1 2 1 3 1 4 2 3 2 4 2 5
9 0 2 1 0 1 1 1 2 2 2 2 3 3 2 3 3 4 3
9 0 0 1 0 1 1 2 1 3 1 4 0 4 1 5 1 5 2
9 0 1 0 3 1 0 1 1 1 2 1 3 1 4 1 5 2 3
9 0 3 0 4 1 0 1 1 1 2 1 3 1 4 2 3 3 3
9 0 3 1 3 1 4 2 3 3 0 3 1 3 2 3 3 4 3
9 0 1 0 2 1 0 1 1 2 1 2 2 3 1 3 2 3 3
9 0 0 0 1 1 1 1 2 2 1 2 2 2 3 3 3 3 4
9 0 1 1 0 1 1 1 2 1 3 2 0 2 1 2 2 2 3
9 0 0 0 1 0 2 1 1 1 2 1 3 2 3 2 4 3 4
3 4
4 1
8 6
2 0
0 0
9 6
2 4
11 6
4 5
4 9
6 8
4 0
1 0 0 0 0 0 0 0 0 0 0 0 0 0 0 0
1 1 0 0 0 0 0 0 0 0 0 0 0 0 0 0
0 1 1 0 0 0 0 1 1 0 0 0 0 0 0 0
1 2 1 0 2 2 1 1 1 0 0 0 0 0 0 0
2 2 2 2 0 1 2 2 0 1 1 0 0 0 0 0
0 3 4 3 2 3 3 1 0 0 1 1 0 0 0 0
0 0 1 2 1 0 3 2 0 1 1 1 1 0 0 0
0 0 0 0 1 0 1 1 2 1 1 1 1 1 0 0
0 0 0 0 0 0 1 1 1 1 1 1 0 0 0 0
0 0 0 0 0 0 0 2 1 2 1 0 0 0 0 0
0 0 0 0 0 0 1 1 1 2 2 2 0 0 0 0
0 0 0 0 0 0 0 0 0 2 0 0 0 0 0 0
0 0 0 0 0 0 0 0 0 1 1 0 0 0 0 0
0 0 0 0 0 0 0 0 0 1 0 0 0 0 0 0
0 0 0 0 0 0 1 1 1 1 0 0 0 0 0 0
0 0 0 0 0 0 0 0 0 1 0 0 0 0 0 0
-0.8157493244
0.7179361645
0.1747601601
-0.8699402893
-0.2336844869
1.1968460069
-1.5824739634
-1.3638888786
0.1784464299
-1.2398013396
0.6944906448
-1.2871360927
-1.7040338009
0.1394773101
1.4623227868
-1.6398963734
-0.2826738596
-0.3222830824
0.5462754546
2.0845324151
0.1264776443
1.3400063936
-0.9558204170
0.8008211331
-1.1389310930
-1.6102464609
-0.2672095631
0.4954940918
0.0114394836
-1.9402287432
1.1512773809
-0.7118598666
2.0888970183
0.8969691664
-0.0692126020
-0.4320565018
0.3924658405
2.1939202234
2.3872576933
-0.2108578606
-0.7024294767
-0.8074553569
0.1830925070
-0.0751420726
0.8453432038
-1.1294234615
0.9304005473
-0.8588416132
-0.5130030011
0.9022379041
-1.0580210441
0.7765903890
0.0170831140
-0.2216797571
-1.0194855474
0.1780726024
-1.1711433387
1.5324402350
-0.6141335521
-0.5113408660
-0.0757681716
1.2586150642
1.7862338718
-1.8435331889
1.7592478395
1.3784329553
0.0573417174
1.0580923098
0.7928227589
-1.1482150767
0.5227618002
0.6311164994
-1.7289031248
-0.2324903975
-0.2857552782
0.2692159136
-0.1303460957
-0.0247327617
-0.1773269247
0.4300304787
-1.0516852526
-2.2382191527
-1.3707110061
-0.8579466320
0.1288801761
-0.2347753236
-0.7852665536
0.7972872271
0.9985409549
0.2877928415
-0.2256529914
-0.1056585508
0.5500600822
0.2528826567
-0.1811150220
-0.3730051413
-0.5930045071
-1.9482043538
-1.1063618787
1.1447268653
0.6737000212
2.5318376008
0.6829160864
-0.8815109301
-0.9009723689
-0.6380657032
-0.0639477714
-1.0809127644
-0.2843457941
0.6187258989
0.2879592046
1.5214648085
0.0131823054
0.1000988377
-0.3059835526
-0.9918466155
0.7826533853
0.6400655064
2.1252992855
-1.0810520833
1.0145387602
0.8991927213
-0.5792252178
-0.7981659573
-1.0314050315
-0.3619930898
-0.3925798106
-0.5286576637
0.4080753617
1.6490520169
0.5570106484
-2.3218975922
1.4679546113
-0.2285757859
0.1233518096
0.0903969998
0.7013071092
2.4533426937
0.4382533739
0.5459065847
-0.3976800633
0.0532998490
0.1642557568
0.6739996288
0.3192575184
0.4755317327
-1.4621442564
0.2384523906
-0.8676419235
-1.0670662404
-1.5303833803
-1.4978048044
1.3257612147
-2.0778862043
0.2318375242
0.3857371454
0.8776919748
0.2260389558
-0.2953736653
1.2462646147
-1.1448242000
-1.1857178385
-0.3527251865
0.0807607494
-1.4512045263
1.6209469901
1.3386785584
-0.0628431550
0.2742458248
-1.2485204973
0.4688705737
-0.5815438862
-1.7844394385
1.5175679508
-0.0231227805
-0.5984836502
0.0613046082
-1.1730844303
0.3667985732
1.0335293581
-0.0492001225
-0.8641631352
-0.7564452457
1.0889314948
0.7058486894
-0.8171348174
0.0125376409
0.0462106351
0.0829542331
0.5431534014
-0.3131006551
0.3749477363
-0.4712484703
-3.0238812836
0.9327014279
0.5373123459
0.9857768790
-0.5324714430
0.9996746587
-0.9667947671
0.3139465676
-0.3163094355
-0.7050813694
-0.2851718604
-3.1780423414
-1.0857235016
1.1700713489
-0.5282922165
-3.1115120609
0.0337912636
-1.9793709237
-0.0813856434
1.1303880621
-1.0484810456
-1.0672637321
0.0678687227
1.3359588374
0.5485638611
0.7391632301
-0.2616797317
-0.2463139848
-0.4305069655
0.7253171209
0.9732374899
-0.4157825378
-0.8575410155
-0.1601717844
1.9708682920
-1.6787247574
0.0672415488
-0.3995881263
-1.5284481884
-0.9605714496
-0.8059348695
0.5829470410
-1.0270322178
0.1744586572
1.5138030228
-1.7580243865
0.4115792257
1.7382184758
-0.3430225154
-0.4772008284
1.8584208856
-0.4760723174
-0.2912065285
0.1765169497
-0.1771764041
1.0184991811
-1.7232269438
-0.2902499870
1.4944667128
-0.8207939517
-0.6746966404
-0.8034268221
-2.0721339499
0.1964000363
0.4005965342
-0.1740630848
0.1474625659
1.5389092455
0.6416557264
0.2324196962
0.5297235446
-0.9691288577
-1.5546950225
0.3371740255
-1.9117583615
2.5955728466
-0.3305037475
-1.1785289655
0.3950979479
-0.1984355355
-0.0713841245
0.2417162421
2.6135611326
1.8486625320
1.3464383071
0.3672215931
1.0702746419
-1.2018695961
-0.6043087161
-2.0018580145
-0.9994940297
-0.1146333332
-0.5763987756
1.7333033413
1.5213671946
-1.0513589552
1.0469157884
-0.9844812330
-1.6427998484
0.5613123124
-0.1798777803
-0.6264893716
0.3260302172
-1.0501988276
0.6746209946
0.4098054325
0.2253548758
1.3075195919
-0.6802674813
0.0363286194
-0.6251506446
-1.1816159038
0.8288805618
-0.5760823246
-0.6822452459
-0.7958187067
-3.0036611161
0.8542381650
2.7024418064
0.9773677171
-0.8488237538
-0.2707939790
0.8878839104
0.8772031825
-0.8378461975
0.6800897874
-0.4573295144
-1.7138585256
0.6471799316
0.4129411287
0.2782390599
2.1385792890
-0.7451907444
-0.9675753832
1.4667615644
2.0663471689
0.7478859908
-0.3267322313
2.1291270607
1.4605017947
1.4024086460
1.4755855876
2.2193595527
0.7000257317
1.8833600733
-0.1246182435
0.0314111378
1.0357296638
0.5010870780
1.9938786685
-0.0318771072
-0.5604760965
0.6395477499
-1.8095205496
-0.8588274453
1.2169041529
-0.5119179475
0.7669326593
-0.5590016423
-0.7782272700
0.0351340056
0.2510191207
-0.7514205505
-0.3233422558
0.8556873627
0.1930455832
1.1457935605
0.0469578061
-0.3242757224
0.6656884494
0.5410843827
0.1712461570
0.2432325992
0.2637740987
-0.8477106130
1.6612572212
0.4371064249
1.0714075296
-0.1724968970
0.6609899768
0.9750098282
-0.1479166357
-0.6844713008
0.9158328822
0.7758226965
-0.0948468133
1.6023177924
-1.6875188681
-0.0507520305
-0.6777660505
-0.3673487691
0.0280517131
0.3966813188
-0.2945307161
-0.5708487213
-0.8671058615
-0.7578998114
-0.2149038200
-0.4137909299
-1.5033765949
-0.4071853794
1.0188263157
0.1608017144
0.1979844463
0.1633579702
1.3798864908
-0.6462094151
-0.5880428334
1.2142431822
-0.4026100190
0.1546245748
0.0414841267
0.2218147763
0.0347773091
-0.1450540756
-0.1891160493
0.7035263731
0.6655600496
1.2827017737
0.9214644546
-1.2099591336
1.0166111892
1.5944787283
-0.3158279845
3.4012674190
2.4746105953
-0.6915280558
-0.0486957614
-1.0779972191
-0.8927131301
-0.2569453794
1.1969986412
-0.3775506240
-1.0269980125
0.0134024297
0.4451609448
1.5225295192
-0.5365795468
0.6793031821
1.7671082575
1.9756640054
-1.0941664103
0.1784096828
-0.0809194319
2.9202257311
-2.0591581507
0.5711891525
-0.7706891517
0.4712581029
0.1743636108
0.3733575591
-0.2652328926
1.2022116722
-2.2689677579
0.2408078485
-0.4452119767
0.7067517211
-0.7303859921
-1.5243119110
0.0141050355
1.4934762298
0.5957133763
-0.3356960738
-2.0128406186
-0.6303232347
0.5818839095
-1.2874593687
-1.3451284175
-1.0464598648
-1.0000109805
-0.8250044596
0.1425366279
-0.4214077384
0.5430347199
0.0634109390
1.7798145726
-0.4759892455
-0.6840796890
-0.2444314143
0.0960710135
1.0012157964
0.4554583661
1.7292432069
-0.1681791942
0.2069115853
0.8173685613
-0.8798829506
0.6119198218
0.0634393710
-1.2486549039
-0.9481926469
0.5476984937
-0.8874709122
0.2025974522
-0.4460977475
-1.8516110357
-1.2255559186
-0.0961992829
0.7395472084
0.4791241264
1.9363792478
0.6284558671
-1.6624115727
-0.1558367507
0.3790810079
0.3856291324
-1.7601150273
-1.1008025108
0.7996626220
0.6543872088
-0.0032167114
1.5902518237
-0.7468607398
1.3126020365
-0.9508125929
-0.9159244242
1.1971195547
-0.0281733139
-0.1607182757
