19 17 0.05
4 0 1 0 2 1 0 1 1
4 0 1 1 0 1 1 1 2
4 0 1 1 0 1 1 2 1
4 0 0 1 0 2 0 2 1
4 0 0 0 1 1 1 2 1
4 0 0 0 1 0 2 1 2
4 0 1 1 0 1 1 2 1
4 0 0 0 1 0 2 1 2
4 0 0 0 1 1 0 2 0
4 0 0 0 1 0 2 1 1
4 0 0 0 1 1 0 1 1
4 0 0 0 1 1 1 2 1
4 0 0 0 1 1 0 1 1
4 0 0 1 0 1 1 2 1
4 0 0 0 1 0 2 0 3
4 0 0 0 1 1 0 1 1
4 0 0 1 0 2 0 3 0
4 4
12 3
7 6
15 11
10 0
13 11
1 1
1 1
0 16
15 13
15 16
13 17
8 16
5 15
8 7
7 17
5 5
0 0 0 0 0 0 0 0 0 0 0 0 0 0 0 0 1 1 0
0 1 2 1 0 0 0 0 0 0 0 0 0 0 0 0 1 0 0
0 1 1 1 0 0 0 0 0 0 0 0 0 0 0 0 1 0 0
0 0 1 0 0 0 0 0 0 0 0 0 0 0 0 0 0 0 0
0 0 0 0 0 1 1 0 0 0 0 0 0 0 0 0 0 0 0
0 0 0 0 1 2 0 0 0 0 0 0 0 0 0 1 0 0 0
0 0 0 0 0 1 0 0 0 0 0 0 0 0 0 1 1 0 0
0 0 0 0 0 1 0 1 0 0 0 0 0 0 0 0 1 1 1
0 0 0 0 0 1 1 2 1 1 1 0 0 0 0 0 1 2 1
0 0 0 0 0 0 0 1 0 0 0 0 0 0 0 0 1 1 0
1 1 0 0 0 0 0 0 0 0 0 0 0 0 0 0 0 0 0
0 1 0 0 0 0 0 0 0 0 0 0 0 0 0 0 0 0 0
0 1 0 0 1 0 0 0 0 0 0 0 0 0 0 0 0 0 0
0 0 0 1 1 1 0 0 0 0 0 1 1 1 0 0 0 1 1
0 0 0 0 0 0 0 0 0 0 0 0 0 1 0 0 0 0 1
0 0 0 0 0 0 0 0 0 0 0 1 0 1 1 1 1 1 1
0 0 0 0 0 0 0 0 0 0 0 1 0 0 1 0 1 1 0
0 0 0 0 0 0 0 0 0 0 0 1 1 0 0 0 0 0 0
0 0 0 0 0 0 0 0 0 0 0 0 0 0 0 0 0 0 0
-1.4327000684
-0.6151666298
0.4423353192
0.7631097169
-1.3221081920
1.2899454604
-1.4635325452
-0.0516617383
0.9145246850
0.4407478866
0.2181252248
1.3120493559
-0.0895024969
1.8352126274
-0.9198826214
-0.9450005123
0.6297662563
0.1860772845
-0.2491531817
-0.8133517500
-0.1893627544
0.5248354032
-1.2798044261
-0.9539858464
-0.5086268804
1.7437036457
-0.7869529194
-0.1907738034
1.6809415103
0.8229350893
-0.7078603794
1.2721448577
-1.6310665486
0.5904918811
-0.9913725599
-0.5110386842
1.9969545465
-0.5197351230
0.4526745472
1.9121476197
0.2219758444
0.0144447812
0.8931168966
0.4420457505
-0.2618517108
1.0715493848
0.2002260801
0.0931593504
2.1323478899
-0.9726830241
0.6553465326
-0.2972967900
-0.4841158984
0.3811186906
-1.6222876828
-1.8168641680
0.3678814868
0.3852390644
-0.0533663517
-0.1527467097
-1.1371329369
-0.9969320183
0.2511217492
0.2475169123
0.8767175855
1.2444891007
0.2038384031
-1.7784555307
2.1078550660
-0.1911472284
-1.8502519476
0.2133318556
-0.4478440705
1.9782650774
0.1555070577
1.0976876898
-0.2358169652
1.0808715846
-0.5972045617
-0.1570203919
-0.4294450882
-1.8192795729
-0.4125202996
0.9646600193
0.0941063221
-0.7108555370
-0.9431987736
0.1028630148
0.5795776408
1.0212537930
0.0878993309
0.8021562514
0.7849602017
0.4097016445
-1.2726539741
-0.4854580777
-0.7326551554
-0.7249647692
2.1096164665
0.2258389504
-1.6411777568
2.0944255409
0.4625683640
0.9742924796
-0.4155279826
-0.5361117372
2.2329117131
0.6759290625
-0.8394915813
-0.0520993519
0.7932251593
1.4928844192
-0.4701107579
0.5309863286
-0.0226975185
0.3030284334
1.4389534741
-0.9079401441
0.7379263601
-0.6942434271
-0.1306998223
0.7191782329
-0.0178082610
-0.1789006802
-0.1788493924
0.4705640652
1.9515855350
0.9394696515
-1.1991835753
-2.0371173813
-0.5381105766
0.5355403190
-0.6905484539
0.7131709294
0.8452216161
0.8756233143
-1.0410270670
0.0416174907
-0.8785925767
-0.6024549500
-0.8062431991
-0.1600021276
-0.6603015262
0.6998735548
-1.8880762693
-0.3161176772
0.7700031747
0.2360903163
-0.1529212201
0.6343480624
0.8352942929
0.3273894931
0.8338441796
0.7538887892
-0.5199089298
-1.4255386417
1.8732629177
-1.1860230681
0.0365728340
-1.2915935371
0.8127247611
0.7013124691
2.5168691123
-0.1632755813
0.3398531246
1.2839482325
1.1866075449
1.1098354707
-0.3403829036
-0.1050612211
0.0211364432
1.0023906229
1.5421022456
1.9023822707
1.3065217962
2.3248795771
1.0375748711
-0.3016835520
0.9002368074
1.2869275264
0.0492698407
0.7113880779
1.6661835138
0.9126065200
-2.4239795121
-2.6727074528
-0.4353174908
-1.9293669187
1.2238842952
-0.0345376383
0.2813089675
-0.3152092472
0.2736267244
0.2464475041
-0.2450438475
1.3489512229
0.7680512118
-0.7365685585
-1.4157901226
-1.1058238854
1.8663134604
1.3119471745
-0.6967537254
0.2484961378
0.4078453447
-2.0062743044
0.4027703220
-0.5750953462
0.1711623029
-0.4402391551
-0.2404560102
2.3742569421
0.0999613555
-0.6662474833
0.0814611773
2.1521761327
-0.2103565414
-0.5698454057
0.3598985895
1.5463682101
0.9955083523
0.4908150244
1.2839446947
0.5793021628
-1.4095002841
0.9593311720
1.1680726242
0.4224346086
0.2566473643
-1.0741935245
-1.1135749875
-0.0649704890
-1.3743296572
-1.0813299030
0.1951920688
-1.0766446088
1.2170010590
-0.1514517333
0.6409592598
-0.1821514123
0.8683097434
-1.5907506173
0.5763308629
0.4296985505
1.1032369803
-1.1810577647
-0.3615799070
-1.9932380624
-0.8922679045
-0.5188809051
0.8073256778
-0.0508883407
0.4094313000
2.4461499313
0.5964493148
-0.0498074158
1.6263393488
1.0023392244
-1.5897223830
-1.0658127579
1.3529139903
0.3016692144
-0.5311507450
-0.3906333545
1.0506199691
1.1727034304
0.6295796979
-1.1470322776
-0.6788650538
2.0057175388
-0.3121433619
-1.7202749616
-1.2801673462
-0.4843568876
0.4257775498
0.0867022597
-0.9725718274
-1.6779482992
0.8350016825
0.0850245899
-0.2195219045
-0.7252539018
-1.6722144860
0.6449490966
-0.7775490383
0.0133779916
-0.3221917774
-0.4186627297
-1.7817167829
-1.4771154208
-0.7330618278
1.0339726944
-1.8338881920
0.9524377257
0.2708099067
-0.2716069180
0.0992289898
-1.8192664381
0.9787890197
-0.0897342300
-0.7729004374
1.0333584234
-1.3513456735
1.5251226531
1.2508151454
0.7506981674
-0.1713055678
1.0932176194
-0.6800692437
0.3599308215
-0.6303642186
0.4784025618
0.0474192726
0.3249055618
-0.9493447956
-0.5242428765
0.8327519017
-0.9596539077
1.8292235636
-0.6804818314
-0.2106220603
0.2793291634
1.1383014757
0.3594414946
-0.6058595769
0.7908274612
0.2022607918
0.5969292976
0.4622894454
-2.6752654147
-0.4664707933
1.5285691492
-0.2254767315
1.0548933536
-0.8131495472
0.2474621906
0.5621572712
-0.7912784262
1.3611438739
-0.8767805339
-0.2188942632
-0.1443787113
0.5227139240
0.7082928106
1.2538343050
0.3087795299
0.2267334754
-0.9806224163
1.0025384180
1.0643202189
-1.0481824583
-0.2427800467
-0.1751866127
-2.3520587377
-0.1430605412
2.2008568637
-1.9564151519
0.0596235934
-1.1677081059
1.0880729046
1.4614515175
0.0932754405
0.0850005047
0.1314809256
-1.4686984862
-0.0241872653
-0.4919387714
-0.3235183892
-0.1705385023
-1.0294609905
-0.7661715794
0.0921976194
-1.9493576233
0.5862104706
0.5938740662
1.2850597212
0.2958049685
-0.2349784593
0.6387637490
1.5079998962
0.0590222967
-1.8960600243
-0.9524013619
-0.0746222391
-0.8776062364
0.2328346828
-0.9833230628
-0.8083292126
-0.2394701853
0.6763333204
0.9081837092
0.6219417330
-1.9178993572
-1.1868401988
-2.0514875127
0.0721512337
-0.0610460280
1.1020086933
0.5358841992
-0.7725389570
-0.1122551596
-2.3344161532
1.4622211781
0.9773042266
0.6252437080
-0.5660553716
-0.5938119685
-0.1240232581
1.4212090886
0.4421413222
1.4402645613
1.6233114955
1.3430826764
2.3553425548
0.7768686912
0.1795686816
-0.2106841126
-1.0492600750
0.0025433065
0.1341635363
-0.8160591159
2.4117793851
-0.1295600792
0.4321253230
-1.2309614288
-0.2755935606
-1.0113702861
1.0676577410
0.8736354288
-0.1502535109
-0.4741184337
2.1373244571
-0.5854954688
0.9427764526
-0.7167494445
0.8703692331
0.6325473538
-0.5686470008
1.0664262630
1.3441294085
0.7738147521
-0.8831228633
-1.0476669144
-0.5576895615
0.2703676642
-0.1418200471
0.7231420329
2.0862580711
-1.6240769578
-0.3082260853
-0.9128095409
1.4204265618
0.9968045699
1.1758501917
0.9638962725
-1.8483766096
0.7462062324
0.2145099644
-1.2650291352
1.0093229976
-0.7714393816
0.1442632104
1.0547774811
-0.0575375665
-0.6367840544
0.1739369555
0.9091391110
-0.4241649251
-0.4109916036
0.8536995151
-0.6223100391
0.0724640022
0.0905019494
-1.6120483455
-1.4952342547
0.7864403770
-0.2820740833
-0.9479615119
0.2899014027
-0.0364374061
-2.6698472456
0.5950669101
0.6876206649
0.4332730193
-0.2473952359
1.7611109838
0.2872348260
-0.4336826103
0.2304127136
-2.3871390400
-0.1838239556
-0.4408944040
0.0804210344
-0.9291723778
2.5116213584
-1.6040207739
-0.0808699092
-0.1174810371
1.0606537590
-1.1484561129
-0.4200157878
0.2946978458
-0.2284686672
0.5184721485
-0.7777192927
0.9627447180
-0.6035990837
-0.2736092410
2.2803702417
-0.8126032746
1.3263885653
0.1833075057
-0.7045884005
0.6856462447
-0.6372423135
-0.4707795010
-0.7983690138
0.9938237134
-1.4733438682
-2.4310406619
1.8970938907
0.2750458942
-0.4418546398
-0.8947530066
-0.9984647305
1.1083882470
-1.3078080433
-1.5098739908
0.0614010609
-0.2664872637
0.7216358747
-1.4888862976
-0.0916237670
-0.1950873440
-1.5623413334
0.0546076208
0.9522831412
0.6639372950
-2.4745848662
0.9775331073
0.3114165113
-0.7408110690
-0.1159670186
-0.5726413248
0.7648465515
0.0028207691
0.9452122578
0.9284142535
-1.6495981203
1.4534163780
-0.5942069810
0.4040495489
-2.9170632274
-0.4857659288
-0.0127064965
-0.3118437603
-1.3496796957
1.9710436894
-1.0171652235
0.6721729402
-0.5812261782
-0.6217148216
1.1423686290
-0.7034225697
-0.7271259656
-0.1584735476
0.1249398190
-0.4889121173
-0.2386112621
-0.2756550149
-1.0252763353
0.3509572963
-1.0123203647
-0.3388181094
0.3157033146
-0.3466762639
0.1015485122
-0.9132485579
-0.8636085258
1.0236246331
0.4575589926
-0.5280570246
-0.6295188314
-0.7768365465
-1.3524023671
-0.0689356355
-0.1853918916
-0.0913694433
0.0329727620
-0.4183210186
-1.1397991928
1.4808781269
-1.2067973703
-0.1734211732
1.4018216889
1.5377311711
-0.7756370012
0.2046178628
-0.5474977122
0.1788302256
1.0245909520
-1.2091320862
-0.0266476065
0.0037405790
0.7372649856
-0.1490276185
-1.5850077097
-1.0073167999
-2.0575562472
0.0550942225
0.9167124347
-0.4688530956
0.9368745639
-0.0484904081
-0.4694760891
0.4793799472
1.1239031817
-0.4476191771
-0.6421960984
0.1879347736
-0.9241951783
-1.2078620784
-1.2156477337
-0.8788977747
-0.2529748610
1.5900939577
-0.8687887049
1.1907268112
0.3113119064
-1.6265481129
0.8704650882
1.2626764398
-0.0963735995
-1.4521885823
0.1156430910
-0.5253676469
1.2846886075
1.0305099835
-0.9612892077
0.7952036756
-1.2551465799
0.4996015174
-1.3531729522
-1.5843136365
0.1434673271
-0.7293748293
0.1191156093
0.1758395888
-0.6712840957
-1.1768657831
-1.2398776848
-0.4489410300
-0.7480654045
0.6024025079
0.1458854028
0.3803632817
-0.0974449714
-1.2471170932
-0.7669794604
1.1626978197
0.9167701802
0.7270238305
0.3755130248
-0.4140925960
-0.4514576731
1.0642766346
0.3842101061
0.0949817262
0.1424546689
0.5594441127
-0.2788700810
-0.6639972816
-0.1366190436
0.1068645069
0.0268180102
-2.3799546816
1.3085128790
-1.6230544133
-1.1824129868
-2.4465857422
1.0540528787
-1.3087115481
-0.4519105768
-0.5440384923
-0.0768988224
0.4342241249
-0.1725108434
0.1979896040
-0.8762068287
-0.3474635962
0.7110446763
0.3405800429
-1.0550186941
1.9010109594
-0.2237903998
-1.4605444736
-0.0455182356
-0.9394593194
-1.2145286313
0.6446509057
0.4637279009
-1.4190179915
-0.6235777758
0.8680438441
0.3670226401
-0.6181425223
0.1576326080
-1.1911711025
-0.8593795527
-0.1724995832
0.4636761600
-0.9475621683
-0.3995077470
0.1871515200
-0.2244466749
-0.1043616071
-0.5430570543
-0.4959539218
1.2278680142
-0.4813712083
0.0890017207
-0.1151252900
