10 4 0.10
7 0 2 1 1 1 2 2 0 2 1 3 0 4 0
4 0 0 1 0 2 0 2 1
5 0 2 1 2 2 0 2 1 2 2
7 0 1 1 0 1 1 2 0 2 1 3 1 3 2
2 2
0 6
0 6
2 4
0 0 0 0 0 0 1 0 1 0
0 0 0 0 0 0 1 0 1 0
0 0 0 0 1 1 2 2 1 0
0 0 0 1 2 1 0 0 0 0
0 0 1 1 1 1 0 0 0 0
0 0 1 0 0 1 1 0 0 0
0 0 1 0 0 0 0 0 0 0
0 0 0 0 0 0 0 0 0 0
0 0 0 0 0 0 0 0 0 0
0 0 0 0 0 0 0 0 0 0
-1.5400852881
-2.1589246017
-1.2331896110
0.6154689229
0.9901558957
-0.9530985739
-2.0942515087
-0.2326369669
-0.8370468453
0.1855631267
-0.3153315971
2.0388933843
0.6675755301
0.4038791233
-0.6718065331
0.7296917773
-0.1160763542
-0.7831259219
-0.1340824280
0.6408335299
0.5960167612
-0.0756604233
-0.4123254620
-0.6652202511
0.0772695237
0.1298413700
-0.3658616140
0.3051347817
-0.1655114989
-0.5841818679
-0.0047025194
-0.1350306545
1.4040920516
1.5621344568
-1.7226025433
-0.7405009615
0.6649940889
-0.6037741269
-0.0919923685
0.2405907861
0.3555912943
-1.0998035350
-0.1687170004
-0.4107773076
-0.7206948038
-0.1617035022
0.8606336880
-0.2208729781
0.2027025756
0.7377549956
0.2282986331
1.0094769233
0.1167882552
-0.7042055679
2.1113214373
-0.3666164984
-0.2075733651
0.4388835987
-0.0130816583
0.9896689683
0.6036065768
-1.6613897077
0.9711632877
-1.7534647567
-1.2558973559
0.4120165122
0.5103608445
0.1871524295
-1.0109398289
-0.5358467504
-1.3361101409
-0.8355241037
1.0471080105
0.7281555775
2.7975225551
0.6558730874
0.0472765856
-0.6985069146
0.2023342536
1.2149633169
-0.0622571483
1.2758525362
0.8287933558
-0.3423848491
-0.2260421015
-1.4657832451
0.2421870334
-0.2686355225
1.2050338031
-0.5374491563
0.3907118746
0.4603913769
0.0207692191
-0.5460160058
0.6652209111
0.2774636986
1.5570058945
-0.3623116710
0.3939921890
0.0936581718
-0.8849595598
0.6203132976
1.5809937933
-0.6505640330
1.0419426120
-1.0060087209
0.2143495015
0.0987722480
0.4855555045
-0.9659641729
1.2950938630
-1.0215655886
0.6714631952
-1.4250734257
-0.5897966962
0.6860805294
-0.2822713913
-1.0457702594
-0.8508504207
1.6241299778
-1.0852600194
-1.1983304868
2.4073593009
-1.1795477277
-1.0912450547
-2.5507086636
1.1586477206
0.9177075483
-1.1765276638
0.2674963895
0.6089712156
-0.3006002406
1.4197209367
-1.1044641256
0.1963603987
-0.6567833197
0.6617337517
-1.4225608374
-0.9087170015
-0.2438637564
0.0226622134
0.0298886278
0.4107978037
0.4096506251
1.2839822403
-0.2156047875
-0.7409912584
0.1471637125
-0.4937828398
0.0529647246
-2.6797632503
-0.1327614278
1.6352197321
-0.3370228956
-0.3815527164
0.0265424122
-0.0586873264
1.5275287403
-0.4625507869
1.0628255266
-0.2081336800
-0.2133671785
1.6266684465
-1.8963587879
-0.9504719744
-0.5123350664
-0.5809954637
-1.4316304331
0.9576334262
0.0997725930
-0.0103118071
-0.2953918979
0.7142549763
0.4296631698
-1.7109778027
0.9524294869
-0.5032026854
0.0104730822
-0.3084231153
0.4305053463
0.0406047101
0.2813313930
0.1807556681
-0.1926472749
-0.5548837573
-1.8012417988
0.5786753672
-0.7284626941
-0.3729293636
-1.6398947946
1.4765631728
-0.0285769514
-0.9609016208
0.0669275097
1.0590928111
1.6559325008
1.5311557126
0.8376160629
0.2916009993
0.5781755864
