20 10 0.19
17 0 1 1 1 1 2 1 4 2 1 2 2 2 3 2 4 3 0 3 1 3 2 3 3 3 4 4 1 4 2 4 3 4 4
20 0 4 1 3 1 4 2 3 2 4 2 5 2 6 3 0 3 1 3 2 3 3 3 4 3 5 3 6 4 2 4 3 4 5 5 4 5 5 6 5
19 0 4 1 4 2 0 2 1 2 2 2 3 2 4 2 6 2 7 3 1 3 2 3 3 3 4 3 5 3 6 4 4 4 5 5 3 5 4
20 0 1 0 3 0 4 1 0 1 1 1 3 2 0 2 1 2 2 2 3 2 4 2 5 3 0 3 1 3 3 3 5 4 0 4 1 4 2 4 3
21 0 4 0 5 0 6 0 7 1 0 1 1 1 2 1 3 1 4 1 5 1 6 1 7 2 5 2 6 2 7 3 3 3 4 3 5 3 6 4 4 4 5
20 0 6 0 7 1 6 2 4 2 5 2 6 3 4 3 5 3 6 4 3 4 4 4 5 5 3 5 4 5 5 6 0 6 1 6 2 6 3 6 4
17 0 0 0 1 1 0 1 1 2 1 2 2 2 3 3 1 3 2 3 3 3 4 3 5 4 0 4 1 4 2 5 1 6 1
17 0 2 0 4 0 5 1 0 1 1 1 2 1 3 1 4 1 5 1 6 2 3 2 4 2 5 3 4 3 5 3 6 4 4
20 0 5 1 1 1 2 1 5 2 1 2 2 2 3 2 5 3 0 3 1 3 2 3 3 3 4 3 5 4 1 4 2 4 3 4 4 4 5 5 4
21 0 2 1 2 2 2 2 3 3 1 3 2 3 3 3 4 4 1 4 3 4 4 5 1 5 4 6 1 7 1 7 2 7 3 7 4 8 0 8 1 8 3
0 10
7 0
14 10
14 14
8 6
3 11
3 14
1 12
9 13
6 10
0 0 0 0 0 0 0 0 0 0 0 1 0 0 0 0 0 0 0 0
0 0 0 0 0 0 0 0 0 0 0 1 1 0 2 0 1 1 0 0
0 0 0 0 0 0 0 0 0 0 0 1 2 2 2 1 1 1 1 0
0 0 0 0 0 0 0 0 0 0 1 1 1 1 2 2 1 2 1 0
0 0 0 0 0 0 0 0 0 0 0 1 1 1 2 1 1 2 1 0
0 0 0 0 0 0 0 0 0 0 0 0 0 0 0 2 3 2 0 0
0 0 0 0 0 0 0 0 0 0 0 0 1 0 0 2 2 2 1 1
0 0 0 0 1 0 0 0 0 0 0 0 1 0 2 2 2 0 0 0
0 0 0 1 1 0 0 0 0 0 1 1 2 2 1 2 1 0 0 0
0 0 0 1 1 1 2 1 1 1 1 3 3 3 2 2 0 0 1 0
1 1 1 1 1 1 1 0 0 0 0 2 1 2 2 1 0 0 1 0
0 0 1 1 0 1 0 0 0 1 1 2 1 0 2 1 1 0 1 0
0 0 0 0 1 1 0 0 0 0 1 2 0 1 1 1 1 1 1 0
0 0 0 0 0 1 0 0 0 0 0 1 1 1 2 1 1 1 1 0
0 0 0 0 0 0 0 0 0 0 1 1 0 1 1 1 0 2 1 0
0 0 0 0 0 0 0 0 0 0 0 0 0 0 2 1 0 1 0 0
0 0 0 0 0 0 0 0 0 0 1 1 1 1 2 1 2 2 1 1
0 0 0 0 0 0 0 0 0 0 0 1 1 1 2 2 1 1 0 1
0 0 0 0 0 0 0 0 0 0 0 0 0 0 2 2 1 1 0 0
0 0 0 0 0 0 0 0 0 0 0 0 0 1 1 0 0 0 0 0
1.1002394786
-1.5450605704
0.1488971953
-0.1427752037
-1.7604350314
0.5949731933
-0.1840796677
-1.3993112479
-0.4694302659
2.5003514751
0.6720897528
0.3236827349
-0.9055625596
-0.2402911378
-0.1398603652
0.2023558223
-2.4636382582
-1.0560705932
-0.3975535810
0.9752724118
0.5856952188
-1.8745872404
-0.7585683987
-0.0430663501
0.9725600656
-0.4768558522
-0.1048697268
0.0599426673
-0.5817260861
0.5563103787
2.0139850345
0.7618679570
0.6188425089
0.2269282911
-0.5714944751
0.8200652405
-0.3123778335
1.5790912250
-2.3745418063
-0.8036995592
-0.8352810923
0.6596660677
0.1536974247
-2.4509243730
0.0417732530
0.0565100537
-0.0442314443
-0.4288487098
-2.3291229070
0.9813426076
-0.1394105949
-0.5413638181
0.7602029030
-0.5813481329
1.7371168715
1.2107382014
0.0737098187
-0.4951882973
-2.0898862929
0.0897448344
0.0183839084
-0.6787608197
-1.5261428870
-0.9518729584
0.2727207931
2.3251876819
-0.7750140404
1.4143210296
-0.5470875285
0.0790681495
0.3678221263
-1.2975190801
0.2433962344
-0.0866825628
-0.0437654863
-1.7288530660
-1.3848256096
-1.0801157338
0.4338361108
0.2465995794
0.8331590851
0.3012600231
-0.8842316359
0.3133350124
0.7854798417
-0.5107379831
1.0457010678
0.2673944336
1.1826934883
0.0183087098
0.9188751275
0.9954963515
1.6418393853
0.0315324394
-0.0712030829
1.1530153464
-0.1006730970
-1.2871639171
-1.4971253797
-0.3936400884
1.1605339315
-1.2385400503
-1.0626210033
-0.8172337143
-1.6949601231
0.6436760527
-0.9055241706
-0.4426381166
-0.1582758073
-0.6844166426
-1.9073499010
-0.2212898106
-0.6185291539
1.4856984565
-0.4772414391
-0.5228042410
1.9438334814
-0.5758142482
-0.8243920567
0.4403032225
0.0463083975
-0.3122878708
-0.3294904440
-0.9202560007
0.9775167487
-0.0212617568
1.0501518385
0.3242007090
1.4278238689
0.1960896804
0.4975185555
-0.4598704705
0.0919861323
-1.0551755009
-1.5335899149
2.0177341464
-0.2263232409
-1.2791773729
-0.2378137230
-1.6803234537
0.0022192551
-0.2260253853
-0.1835706822
0.7844806185
0.2350080974
1.3375411293
0.5687553243
1.0854126008
0.6053110806
1.6189610995
-0.0064757000
-1.6467144779
0.6510932649
0.7182183549
-0.5605721865
-1.9950448199
-1.8096324606
-0.2104559236
2.5093221525
0.1730186319
-0.4149879504
1.2126723587
2.1976293510
0.8298012479
1.2941820751
1.4325072619
0.0618940109
1.6369057184
1.5223906741
0.5552612020
1.8226894243
-0.7386747907
0.4563982140
1.4542207782
-1.3060207125
-0.9151504311
1.2125428154
-0.7414086323
-0.3163095768
-0.1958786185
1.0626395093
-0.8228675627
-0.7314993926
0.8754632163
0.6983212284
0.3664618341
-0.9862141578
0.7354597899
-1.8833597173
-0.0893714251
1.3543994749
-0.8772589569
0.6346030097
1.7040558546
-0.3105804436
0.4992068438
0.8573755425
-0.4343120760
0.5415129798
-0.2161797357
-1.0581008168
-0.5311027015
0.0721217238
-1.5275358413
0.9096737720
0.4367192896
1.5943985086
-1.1353937699
-0.7492495419
-0.8414964841
0.3216446755
0.3317221600
-0.2650050523
1.0720442518
0.5855705986
-0.5924041077
1.4270532538
0.7106093897
1.0612502832
-0.1482749414
0.1439454183
1.8199389344
-0.8604234756
0.4551816082
0.9735728969
0.3661104445
-0.1898882099
2.0786865644
-1.7063397209
0.9973246414
0.2075277863
-3.1134051540
-0.7780191918
0.4464100729
0.6240971082
0.2760231286
-0.8773837484
-1.2950773381
-0.0150489527
-0.8336063752
-1.5582965451
1.2340504717
1.3797346485
-0.6390256589
-0.1777961365
0.7408299653
0.4803305308
-0.4304439071
0.5954357431
1.6174360436
0.7020293859
0.5855923944
0.0681132363
1.2748075798
-0.0306241463
0.5626345160
1.0589243883
-2.1913729082
0.2513561729
-1.6662768328
-1.3224928829
-0.1591812125
0.2568701106
-0.5291489841
-0.2450727413
-0.2961128331
0.4311749644
0.8246609048
-1.1041917456
-1.0171351877
1.9150557833
-0.7026979352
0.8080840153
0.0204779466
-0.2644719660
0.9452125433
-0.5204697789
-1.6782732230
-0.9679922456
-0.1844202150
0.1993838254
0.8566099245
1.2142660636
-0.8449771034
-1.8382120871
0.5066804982
0.0819206825
0.5619931512
0.0692182551
-0.9492120425
-0.2994242060
0.6409005820
-1.2363852943
1.3442895194
-1.9115046316
1.0536640360
0.2868130846
-1.9515392805
0.1428716127
0.2494780635
-0.7757327070
-2.4323261579
-0.8063833723
-0.0927918461
-0.7602640589
-0.8933350342
0.6671698282
0.8297657295
1.4270005750
-1.9048456849
-1.0514015714
-0.1412936274
0.7155136970
0.2563639634
0.6539179703
0.4483777394
0.8519683862
-0.2210135846
0.7490460339
0.1647269626
-0.2596157600
1.1663744616
0.8082361791
0.5568752523
0.2603842930
0.7376987842
-0.3241928469
1.1729973135
-0.5199126027
-0.4368808778
-1.3380112179
-0.1566116224
-0.4628974039
-0.7480870141
-0.3039414840
-1.1857578429
-0.1816857868
-1.3506764211
-0.4878885035
-0.1433386618
0.3579644697
-1.1774529270
-0.7136445058
-2.1527136591
0.5183490631
0.8629401158
1.0546319512
0.3406826496
-0.7138983555
1.0205052810
0.1106027202
-0.2242499995
0.7375782403
0.6197829156
0.1220164262
-0.7226005577
0.6160051224
-0.6553108413
1.2147980435
-0.9088070277
-1.2482666723
2.1028829808
0.1295404316
1.7385999163
-1.3873916406
-0.7931027906
-0.6070726195
-1.0915932413
0.6364666904
2.2703651621
2.4079758086
-0.0816465321
-0.7084186252
1.0842628404
1.2479783046
0.4496981720
-1.2920349987
0.8242666316
-0.9584184135
-0.4934577383
-0.9492445370
1.4142991340
1.3295669024
-1.4715098518
0.8269396166
-0.3151589453
0.3667976968
-0.6839315111
-0.4048921787
-1.7887253123
-0.5327959830
-0.7484078190
0.1271628927
-1.1671022192
0.6962224927
1.5236784042
2.8657954608
1.5070419267
-0.9815240856
0.4248940625
-0.2232477123
-1.6569936489
0.1335767496
-1.5230202574
1.1778242171
0.4514239111
-1.7601328939
1.3609525190
-1.3317413977
-1.2639573904
0.0254472997
1.0869324974
0.4774504502
-0.5147283567
0.3254298291
-0.1138351613
1.1822030878
0.6211783200
-3.5664361070
1.2374519624
-0.2753680040
0.2576497369
0.6902424835
0.2205751333
0.9661977813
-0.0611024527
1.1128129777
-0.0448449409
-1.3884455405
-0.0681221456
1.2705325687
-0.0834737085
-0.1737118437
1.1720130295
-0.1190059407
0.0415952366
1.5759659074
-0.0502801925
-0.4141863675
-1.3520339379
0.7742993843
-1.1056846233
-0.3511988367
-0.0667049432
0.4507730823
-0.4791862149
0.3519148461
1.0514893583
-0.0815401296
-0.1039160091
-1.7478741373
1.0552640041
-0.5745759920
-0.0740389244
-0.2971847384
-1.1482769278
-0.9428865260
0.3523410364
1.8938142380
0.9695895383
0.5048136803
-0.3092522813
-2.4803474776
-0.9230999390
0.2038072771
-0.5411566308
-0.8294518686
0.6324053182
-0.7002813758
-0.2463448320
1.1508772144
-0.1264147550
-0.4926517062
1.5480939894
1.8886151029
-0.5121286961
-1.6582531984
-0.9387626782
1.8128894677
-0.8051893959
-1.2656615991
-0.2217508994
2.5387358907
0.4896839457
-0.9254744618
0.8261672443
-0.1486248380
0.5299045482
0.2153222944
-0.1984814792
0.0674845381
0.3208673450
1.1222089025
-1.2036645052
-1.5106174221
-0.3230428741
-0.5250808573
0.3769904825
1.0814975374
2.0686179129
-0.1054477088
-0.3500437769
-1.8026172442
1.3841393013
-1.0892851580
-0.2921987020
0.7631267235
-0.5038610292
-1.4469282648
0.3693251015
1.5388083615
-0.2867028741
-0.4188787693
1.2748597384
-0.3677104808
0.1294053291
0.0070751827
-0.5597657973
0.2582341322
-1.7251320177
0.1123767522
0.7807637897
-1.2690835420
-0.3274086292
0.5488025682
-0.6264287929
-0.2019157339
-0.3120139388
-0.3060527285
2.5085536824
-0.9062642508
-0.5509310975
1.0018782200
-0.0541947077
0.6107928360
-0.8866082397
0.9553672991
-0.8707631007
-0.3101165306
-0.7200587706
-0.6023423346
1.4068563374
-0.0725690302
-0.2071517912
-0.9084250487
-0.2369569261
0.8495752496
0.4874498537
0.4858409817
-0.6726238167
-0.5352652792
0.9850968748
-0.4022854226
0.8428527131
-1.0517220076
0.9255843133
-0.6395705003
0.4926911171
0.6469500689
-0.1233404275
-0.6678328986
-0.3852409218
-1.0813303969
-0.3383363576
-0.5672286169
-0.1563952109
1.0417163164
-2.3732891599
-0.0147064631
-0.9448623376
0.6634547750
-0.4467185226
-0.4168644694
-0.7381122071
0.2442997741
-1.5459227485
0.1884588425
-0.9961937743
0.6058469641
-0.8329451106
0.0976328475
-0.7278577113
0.1673318534
-1.2065021238
-0.2781561063
0.3522184636
0.4266460921
0.9503624672
-0.2303705580
1.0468846584
0.0750553158
0.9331753021
-0.4994538230
-0.0125933377
0.7771567026
-0.9106563967
0.4345592757
0.3521950220
0.1113070805
-0.5196954142
0.8760706372
0.4446824631
0.9927696730
-1.5866026280
-0.2532501238
0.0095965592
3.0090192094
-0.4291385980
-0.6543797369
-0.1034081442
-0.3404336550
0.4117034795
1.1201564775
0.2630457270
1.1294683688
0.3842713545
-1.7375209367
0.4642649108
0.4729332850
-0.8228193892
-0.3579596297
0.4136350964
0.9161593518
0.3343508580
0.0524531106
0.0320143302
-0.2640243529
-0.6759369418
0.6300843344
-0.3657088161
-1.5565132193
-0.7695544455
2.0030562990
-0.2329414282
1.0604942587
1.3339757561
-0.0541749993
0.7798846267
0.2870580367
-1.4215613001
0.9606450261
-1.6974068143
-2.6778181638
0.6308597266
1.8716457775
-0.2669923955
-0.2963652057
-0.8981654719
0.6092138684
1.8184156549
-0.0966218867
0.7078902637
-0.1992908569
-0.2357642319
-1.6889273248
0.8115958972
-1.4401817517
-0.7456860578
-0.3022308338
-0.9258381127
0.2388539403
-1.0010408768
-0.5553091994
1.2048260782
0.2543637969
1.6776716125
-0.2258265807
-1.1329948118
0.3317710599
1.5093508238
0.8729759378
0.2422238199
-0.5824586070
-0.2376577157
0.1448382452
0.5270546619
-0.7386586033
0.8211088037
0.1757532113
-0.7735956392
-1.6836438963
-0.8982071745
-1.1876877626
-0.0423324885
-0.8023512722
0.7113299159
-1.4515842274
-0.1823092741
-0.0205756241
1.8751184723
0.8321220546
-1.0200518304
1.6709272615
1.0001441399
-0.2346210712
1.2947372459
-0.3428185989
-0.5508968151
-1.5389277414
-1.8988514617
0.7055167349
0.2603048850
-0.4941051643
0.9435034099
-1.8929571141
-0.3095211975
-1.4821255033
0.7715039383
-0.7528362492
0.3144375596
0.1437774084
-0.8117972123
-1.8962961975
-1.6608345802
-1.3980129995
-2.8114240885
-0.9906248444
0.6573044970
-0.0737324268
-0.0417976997
2.7471415741
-1.8953454299
-0.4644842152
-0.5686948981
-1.0296933026
1.4489263850
0.8676471198
0.3891168733
-0.1926561874
-1.3065741524
0.2639525187
-1.4475507872
-0.0139040399
0.4393523179
0.3597755921
0.1836327430
-0.1588834056
0.4790159274
-1.0336894873
-1.1263553241
-0.1957799769
-1.3047265884
-0.5597298895
-0.1904470176
0.7668035010
-1.6414534201
-1.6096211616
1.6595081055
-0.4152248200
-1.2288041271
-0.8604870291
0.6380980186
1.2083975503
1.9415224712
0.5257618436
0.1502087771
-0.1693612144
-1.2951986062
0.0658472679
-0.6021687480
1.0905045090
0.0706114255
-1.1410038302
1.4926666787
0.6974227986
0.9284814770
-0.5570427567
-0.6921816234
0.2660899668
1.0198505396
-0.5747209089
0.9588334427
0.7440404476
0.7569337222
-0.2995571814
-0.5611643686
-0.4606833789
0.5382307832
-0.7673416693
-0.1079122469
-0.3499643633
0.2027079673
0.8492060412
0.5479300626
-1.2218670900
0.7777856887
-1.0546449144
-0.4020680690
1.4251315443
0.3502666203
-1.4941136459
-1.7101329652
-0.8880104376
-0.8092480996
1.2837840457
-1.5647616356
-0.0150385363
1.9478632503
0.2600834456
-1.4355997145
