20 4 0.03
12 0 2 0 4 0 5 1 0 1 1 1 2 1 3 1 4 1 5 1 6 2 3 2 6
24 0 5 1 5 2 5 2 6 3 1 3 2 3 3 3 4 3 5 3 6 4 0 4 1 4 2 4 3 4 4 4 5 4 6 5 2 5 4 5 5 6 2 6 4 6 5 7 4
18 0 0 0 1 1 1 1 2 1 4 1 5 2 2 2 3 2 4 3 2 3 3 3 4 4 2 4 3 5 1 5 2 5 3 5 4
19 0 1 0 2 1 1 2 1 2 2 2 3 2 4 3 0 3 1 3 3 3 4 3 5 4 1 4 3 4 4 5 2 5 3 6 3 7 3
6 11
3 8
11 10
5 5
0 0 0 0 0 0 0 0 0 0 0 0 0 0 0 0 0 0 0 0
0 0 0 0 0 0 0 0 0 0 0 0 0 0 0 0 0 0 0 0
0 0 0 0 0 0 0 0 0 0 0 0 0 0 0 0 0 0 0 0
0 0 0 0 0 0 0 0 0 0 0 0 0 1 0 0 0 0 0 0
0 0 0 0 0 0 0 0 0 0 0 0 0 1 0 0 0 0 0 0
0 0 0 0 0 0 1 1 0 0 0 0 0 1 1 0 0 0 0 0
0 0 0 0 0 0 1 0 0 1 1 1 1 2 1 1 1 0 0 0
0 0 0 0 0 0 1 1 2 2 1 2 2 2 2 1 1 1 0 0
0 0 0 0 0 1 1 0 1 1 2 0 1 1 1 0 0 1 0 0
0 0 0 0 0 0 1 0 1 1 1 0 1 1 0 0 0 0 0 0
0 0 0 0 0 0 0 1 1 0 0 0 1 0 0 0 0 0 0 0
0 0 0 0 0 0 0 0 1 0 1 1 0 0 0 0 0 0 0 0
0 0 0 0 0 0 0 0 1 0 0 1 1 0 1 1 0 0 0 0
0 0 0 0 0 0 0 0 0 0 0 0 1 1 1 0 0 0 0 0
0 0 0 0 0 0 0 0 0 0 0 0 1 1 1 0 0 0 0 0
0 0 0 0 0 0 0 0 0 0 0 0 1 1 0 0 0 0 0 0
0 0 0 0 0 0 0 0 0 0 0 1 1 1 1 0 0 0 0 0
0 0 0 0 0 0 0 0 0 0 0 0 0 0 0 0 0 0 0 0
0 0 0 0 0 0 0 0 0 0 0 0 0 0 0 0 0 0 0 0
0 0 0 0 0 0 0 0 0 0 0 0 0 0 0 0 0 0 0 0
-0.2223825764
-0.3087457567
0.3379631391
-1.5513393101
-0.9199271528
-1.4517192005
-1.2428807675
-0.3358577752
0.8891851397
0.0572773372
-0.8226324394
-1.4500742123
-1.3778188739
1.0870684873
1.4090625290
-0.3799559963
1.5041107685
0.9437380328
-1.3794472297
-0.0108823022
1.3922229656
-1.0779916757
-0.2468497617
0.1606466288
-0.1823053069
1.4424758606
-0.3020069006
0.1398112299
2.8428480375
0.6630047960
1.8741818591
-1.0687970440
-0.5321686515
-2.2025055189
0.5273355441
-2.4622828445
-1.4979228463
-0.6916255638
-0.6974771832
-0.7432158762
0.4923801233
0.7445770263
-1.8039776199
-2.1147378366
-1.1346590855
-1.5661651606
-1.2008469550
0.2078712218
-0.3512073924
0.6358928286
-0.0968600203
-2.3150086537
2.3891985026
0.7934659811
0.2125999890
0.6108937001
1.5222701017
0.5702129595
1.0060951489
-1.0303043334
-0.5447597363
-0.1971112616
1.2041047033
-1.8407558194
-1.0453409098
0.3416223027
1.7973347550
-0.0812972894
-1.3166929911
0.1851858019
-1.7463569759
2.2818701993
-0.5637835906
0.2885686643
-0.2563710378
0.4689990841
-0.8278441371
-1.8614334019
-1.1941785941
-0.7269754630
-0.6986177545
0.0821328200
-0.7946352737
-1.8959873528
0.9098065673
0.1029316820
0.1723975700
0.0873689096
-0.0710185893
0.9275525528
0.8712402979
1.1221343341
0.6566210423
2.6935137739
1.5333282207
2.1249508295
0.7616081749
0.9441324038
-0.2041278773
0.2153321789
1.0641915536
-1.3236134000
1.5416257448
-0.4757314662
-2.0925851083
-0.7348012730
-1.2165044241
-0.2138953042
0.0579226319
-0.2302188181
1.0735038498
0.8025010718
2.5455698814
0.2834306540
-1.1111191470
-1.2393223293
-0.6984175627
-0.3028865079
-1.2670529938
-0.9621534887
0.6615409286
0.5305050848
1.9948650584
-0.8871054937
0.2900423396
-0.4610262409
0.5806580230
0.2022027434
-0.8991512338
-0.1767434817
0.6939077923
-1.2650444855
-1.2252371390
-0.7802859728
1.6642293741
0.3894732216
-0.5002530043
0.1206287340
0.7968553822
-0.3033922223
0.8844894654
0.0830194571
0.4068838072
0.2878622960
2.5825797582
-0.2969592582
-1.5773209594
-0.7291796617
0.3052556136
-0.2174998875
-0.8817015468
0.1077923300
-0.8181276264
0.9593159352
0.4558507950
0.7054127974
1.3191353746
-0.6499671268
-0.9759122390
-2.0354348385
1.3258020214
-0.4991688191
-0.3148234348
0.5528419427
0.1047715894
-0.3766379691
0.8239179582
-0.2740089005
0.6980857298
0.8111802042
-0.3803478178
-1.3471134053
-0.2334485670
-0.2754331652
-1.0649795761
0.0492565759
0.9861614738
1.3637197219
-0.1858291924
0.8384916213
0.0542039073
2.2279678121
-1.1296767798
-0.8855473042
-1.0955698025
0.5382258436
-1.0995253444
-0.7801878447
0.0157404514
1.8032718768
0.8244393853
1.6578874376
-0.1873657150
1.3573369795
0.3271738099
-1.4972848647
-0.4237536044
-0.3626376353
0.2265270876
-0.5092507143
1.0065276637
0.1283811748
0.0438901349
-0.8241842675
1.3879339600
0.4683226628
-1.4039533765
-0.1803374097
0.8300445289
0.3183075197
-1.6025693744
1.1557122903
-1.8497358600
-0.9984554690
-0.3903409052
-1.3049656690
0.1203439044
-0.3908306907
-0.7697248786
0.1147216969
0.3414242773
1.3548031200
0.8418715185
-0.0982136856
-1.5158695387
0.4894253626
1.2175922220
1.3982367665
-1.0217004104
0.0953460168
0.1574842399
1.9423392805
0.0265621460
-0.3020763362
1.7442856204
-0.2994251994
0.0229225628
0.4202395229
0.8474184007
-0.2233665731
-0.0926674061
0.0783117501
0.3225261826
-1.5237542197
-0.0535909233
1.6848850428
-0.2140074343
0.4872225524
0.5814112176
0.0361214019
-0.6368346071
0.0925567272
-0.4795802676
-0.4604412076
0.5846004363
-1.4998037799
0.3580748592
0.2221615776
-1.0478625132
-0.0300956114
1.4248983295
-0.2474537340
-0.4306871507
-1.6685046706
-0.7805829654
0.4014079345
0.9088181960
0.2956400976
-0.9629559141
0.9916461606
0.7793944399
-0.5967008092
0.0379966786
-0.4295063529
-0.6241804219
0.7223428409
0.8377580228
0.9783942580
0.1482108244
0.4732475269
-0.3798143455
0.6095830166
0.2572592610
-3.5123372210
-0.3526540938
-0.3304971637
-1.3214481731
-0.0021108828
1.3768430624
0.1328290997
-1.9852831376
0.2557304466
-0.5400654620
-0.0282656544
0.4605370976
0.1318693958
0.2217986828
0.5418146355
1.8801149769
0.2435718953
-0.3802736801
-1.2678833653
-0.0713310287
-0.0118352952
0.0546939564
-2.0671514667
-0.0183359973
-0.8012262572
-0.5147888199
-1.7830152209
1.5979246268
-0.4368173440
-0.5793212544
0.2983031115
-0.4530976340
0.8601729201
0.6075036711
0.8508517821
-0.4208021413
-0.5023724133
0.3810499421
-1.1908855298
-1.2334668780
0.2436406814
-0.2207233145
0.7478940930
0.4407532830
-0.8616754441
0.0463474132
0.9552100479
-0.3509656987
-1.1896300616
0.5242967728
1.7799499607
-0.2356954958
-1.5221500568
0.2611499917
-0.6336837388
-2.7226817553
-2.8434090299
1.4233786990
0.4437840751
-1.8127304933
0.6200739111
-0.1062039198
-0.7267658320
1.4162025127
0.7215009877
0.6027424190
0.6977295222
-0.7132745661
-0.2580399184
-0.6497195549
-1.0911490412
-0.0089402129
-0.0422294212
0.3615728737
-0.2420262622
0.2715637164
1.4722933003
-0.7341237776
0.4175925307
-0.7962504996
-0.8600023806
0.4620380828
1.7206106581
-0.0194172512
0.8083985346
1.0962578739
-0.4169094726
1.3293286426
-0.8549193713
2.0178856551
-1.0821363987
-0.0593595295
-0.3610475573
-1.2902202847
-0.9849022669
-1.6660986088
-0.5480957287
1.2656637560
-0.4700359405
0.9582919492
-0.1204996114
-0.9092523576
0.0042039087
0.9251987335
-0.4449029445
0.4469592870
-0.1149605430
1.3382690891
-1.5900924207
0.9560944542
-0.0303261527
0.1481817234
1.2186371722
-0.6699798051
0.2203477452
1.7293514519
-0.2415180126
0.4099518063
-0.0935859739
-0.1966368516
-0.2222331613
-0.1538972160
1.8729025485
-1.4421482532
0.3931345125
-0.3889743157
2.2581624669
-1.2105671171
0.6079864971
-2.4261206155
0.8048460130
-1.3385491048
-0.7965331896
0.8880212352
0.5836137976
-1.1326786936
-0.7164228661
0.9158157443
0.6207211441
0.5010487230
-0.9368595078
-0.5740895344
0.6529371029
-0.1952368583
-0.1287800131
-0.3883876252
-0.4879591056
1.5485482865
0.2941882455
-1.7140146963
0.1353653746
-1.4084118298
0.4044409271
0.0434530725
0.0926113834
1.6191256476
0.2013276121
0.0296059392
-1.2267945137
-1.0172391657
0.3611671341
1.8035194530
-0.4755776172
-1.2371334198
-0.6683187693
0.4303342057
1.0989917768
-3.4191939607
-0.0966432456
-0.2584722150
0.7478513598
0.7551741864
1.3142817189
-0.4322528700
1.2401501229
2.0857692475
1.1252202051
-0.3692148734
0.2856821473
-1.5140568346
-0.0933011058
0.3090564679
0.0540357383
-0.4467372302
-0.1199092502
-1.1151821365
-0.9568910936
0.2920476754
0.0329443035
1.2720798881
0.0864450387
1.0284079400
1.9384690941
0.7328479124
-0.3907208305
-0.4896959761
-1.0723867677
-1.0534650820
2.5828811505
0.5247243305
0.0312891847
1.5869991554
-0.5372220934
-0.0587246100
0.2809301292
-1.0191584873
-1.4900949299
0.4953253484
0.6546529236
0.6797845643
-1.6812932528
-0.3680774899
0.0941858135
-0.0631679481
0.5329271164
0.6405073049
-0.4665867287
-0.1944795895
-0.4036978555
-0.3368532538
1.2978177125
0.2016604676
0.4010670306
-0.5578152068
0.5386949837
1.3099597070
0.3560410888
-1.1980698669
0.5359891924
-1.8741804856
-1.0442264342
1.0919971698
0.2632507446
3.4476321045
0.9746047555
0.1997164234
-0.0213313346
0.6912708903
0.2484518781
0.7879491787
0.0686966104
-0.9107276901
-0.2943121591
-0.3557830402
-0.2345563100
-0.7899334025
0.6951515549
-0.3005010213
-0.2909270190
-2.3724395185
-1.9648198283
-0.5310599600
0.8150273333
-0.0890370082
-0.3303837966
-0.9888364318
0.1028893699
0.1460417838
0.7683975683
1.1340986788
-0.1825843853
-1.0730200434
-1.3516929241
-0.5010055106
0.1950196165
1.2872491130
-0.2454442720
0.3238108371
-0.5429978030
-1.2331173796
-0.2881936223
-0.2136584331
-0.3345455912
1.7545649212
-0.5655489209
-0.6153966561
-1.3480805356
-0.5412096093
1.0703652270
0.7578850732
0.4055314987
0.1727199250
-0.8346845614
0.9816666991
0.6223855618
0.6616420374
-0.5127648290
-0.1599656349
-0.1772248905
1.8288355463
-1.6197436599
-1.4774778170
1.3886183534
-0.9915118042
-1.1644362829
-0.4812850758
0.9669486236
-0.8599652769
0.0706231067
-0.3182466342
-1.2616314881
2.4933937159
0.7752519861
-1.0520158822
-0.2305002045
-0.2328203219
-1.7412944419
-0.0071923709
0.7008453005
-1.7394364887
0.5207542871
-0.4286013088
-1.1087079793
0.7402377095
-1.9560114657
0.8001738751
-0.7308734031
-1.0871924070
0.3953353187
1.7638919813
-0.3684532273
0.0921862642
0.2150491560
0.7885008928
0.5733100397
0.6832090348
-1.3468362811
0.1503913934
1.7100836929
-1.9104847616
2.5329205479
-1.2751041193
0.6146565781
-0.3110879776
1.7216313094
-0.0960234286
0.6404861695
-0.4033590196
-0.9499998526
-0.8840881067
0.3329610067
-0.6548651582
-2.4992768252
1.1515258185
-0.3398524401
-1.6305170874
-0.8826572979
0.0544202647
0.4060631430
0.7262650708
0.7185731642
-0.2881530293
-1.5376011062
-0.4156010950
1.5414210852
1.9862298985
0.3532611562
-0.6246922164
-0.0034303865
-1.4854755452
-1.3700908147
0.8635839788
-1.4377314693
-1.5806352693
-0.7986369516
-1.6096109287
1.2126713948
0.8862909851
-0.5241772918
0.6018407227
1.3738248084
0.1153636015
1.1447757285
0.8082655642
0.5872962398
0.6459649741
-0.2877650192
-0.7361805955
-0.1614280473
1.1001249392
0.2578892297
0.9608168234
-1.8135901365
-0.5650083028
-0.4112769486
-0.4774245783
-1.0564397977
-0.3671173351
-0.0846728430
1.6184555724
-1.2774427681
0.1066874309
1.1110501785
-0.0973053779
1.0832309426
-0.4376357355
1.1086964253
0.3954773665
1.5082746029
-0.3589059864
0.8903464503
-0.3418283823
-1.2477079895
-0.9878642416
-0.2785567705
1.8396296066
1.4019877581
0.9070922344
-0.3567730523
-0.1721969350
-0.4392101632
0.9182528236
0.7809939127
-0.5953622255
-0.0442586393
1.6427300725
2.8195043807
-0.8177057759
-1.5115425170
0.6822900768
-0.4248568522
1.8079664144
-0.3388105915
2.1978080341
-1.2211816445
1.6566582972
-0.6493632495
0.2280428173
0.4519632700
-0.6430435189
0.1717524332
-0.5464956261
0.1633768623
1.1417881091
-0.0488000391
-1.2879209573
0.4460786978
-1.6910774775
0.9836346106
-1.3029332919
-0.5607378698
1.2452143454
0.6549072723
0.4150009092
-0.9847575765
-0.3098952011
0.7077533424
-1.8639595679
-1.9055774549
0.2597267938
1.6123590580
0.3749743887
0.1159264088
0.6631823279
0.1144961106
-0.3204052196
-0.7720938024
-0.3683203784
-1.7836024047
0.5118738643
0.5948570172
1.1525342369
-0.2833326618
-1.5949520701
0.4553702253
1.5067391017
-1.4176107140
0.0677351467
-2.2999045101
-0.7587506346
-0.0032598052
0.8847684440
1.0692225737
0.3946857636
2.2069537262
1.3336556691
-0.6285000504
-0.4213003324
0.6379909091
0.3235124789
0.8208336977
-2.1107714135
0.1633293291
-2.7913327164
1.3002165059
0.4047639081
0.8822414706
-0.2159064882
0.6148291433
-0.1325384666
-1.0830881037
1.7322182275
2.4035088062
1.2243572009
-2.0190905783
-0.7145911502
0.9531726633
-2.6806633332
0.2284434943
0.3339104640
0.8200099107
1.3675305169
0.3429982957
-1.9778613969
-1.2140559576
0.6790289163
1.0018236607
1.4946953312
0.4673636913
0.1512586204
-0.6512567189
-0.6145739191
2.5680678544
-0.3516031847
-0.7968870112
-0.5467252241
-0.3921668629
