19 8 0.12
21 0 1 0 3 0 4 1 0 1 1 1 2 1 3 1 4 1 8 1 9 2 1 2 2 2 3 2 4 2 5 2 6 2 7 2 8 3 1 3 4 4 4
24 0 2 0 3 1 2 1 3 1 4 2 2 2 3 2 4 2 6 3 3 3 4 3 5 3 6 4 0 4 1 4 2 4 3 4 4 5 0 5 1 5 2 6 0 6 1 7 0
22 0 1 1 1 2 1 2 5 3 1 3 2 3 3 3 4 3 5 4 0 4 1 4 2 4 3 4 4 4 5 5 1 5 2 5 3 5 4 6 2 6 3 6 4
17 0 2 1 1 1 2 1 3 2 2 2 3 2 4 2 5 3 1 3 2 3 3 4 0 4 1 4 3 5 0 6 0 7 0
16 0 2 1 1 1 2 1 3 2 1 2 2 2 3 3 0 3 1 3 2 3 3 4 2 4 3 4 4 5 3 5 4
17 0 1 1 0 1 1 2 0 2 1 2 3 2 4 3 0 3 1 3 2 3 3 3 4 4 1 5 0 5 1 5 2 6 1
14 0 1 0 2 0 5 1 1 1 2 1 3 1 4 1 5 2 0 2 1 2 4 2 5 3 3 3 4
21 0 0 0 1 0 2 1 2 2 1 2 2 3 0 3 2 4 0 4 1 4 2 4 3 5 0 5 1 5 2 5 3 6 1 6 2 7 0 7 1 8 1
9 4
10 3
8 13
11 10
13 0
4 11
9 11
6 0
0 0 0 0 0 0 0 0 0 0 0 0 0 0 0 0 0 0 0
0 0 0 0 0 0 0 0 0 0 0 0 0 0 0 0 0 0 0
0 0 0 0 0 0 0 0 0 0 0 0 0 0 0 0 0 0 0
0 0 0 0 0 0 0 0 0 0 0 0 0 0 0 0 0 0 0
0 0 0 0 0 0 0 0 0 0 0 0 1 0 0 0 0 0 0
0 0 0 0 0 0 0 0 0 0 0 1 1 0 0 0 0 0 0
1 1 1 0 0 0 0 0 0 0 0 1 1 0 1 1 0 0 0
0 0 1 0 0 0 0 0 0 0 0 1 1 1 1 1 0 0 0
0 1 1 0 0 0 0 0 0 0 0 0 1 0 1 0 0 0 0
1 0 1 0 0 1 0 1 1 0 0 1 2 2 1 0 1 0 0
1 1 1 1 1 2 2 1 1 0 0 0 3 2 2 1 1 0 1
1 1 1 1 0 2 2 2 1 1 1 2 3 0 1 2 2 1 1
0 1 1 0 0 2 1 1 1 1 0 1 1 2 2 2 1 1 1
1 1 1 0 0 0 1 1 2 1 0 0 1 1 2 2 1 1 0
0 2 1 2 1 1 1 1 0 0 0 1 1 1 0 1 1 1 0
0 1 1 2 1 1 0 0 0 0 1 1 0 1 0 0 0 0 0
1 1 1 2 1 0 0 0 0 0 1 0 0 0 0 0 0 0 0
0 0 1 2 1 0 0 0 0 0 1 0 0 0 0 0 0 0 0
0 0 0 1 1 0 0 0 0 0 1 0 0 0 0 0 0 0 0
1.2197796026
0.8404208854
0.0474528777
0.3518190596
-1.2391575401
1.4145508531
0.7731168405
-1.1741723386
0.9082665016
-0.5155239605
0.3685223573
0.5334213216
0.3196923527
0.0612668540
-1.2917176622
-0.1976101123
0.6889375361
-0.2658819488
0.2826807330
0.1888450950
-0.0033484156
1.3424473851
-0.7045191561
0.3013403124
-0.1019782109
1.6477441786
0.2624525855
0.1781876622
-1.2096921375
-0.1552702073
0.3763199910
0.4473083267
0.3211059544
-0.8587197828
0.0409614561
0.5155475556
-0.4131549431
0.3465492476
1.3622865309
-1.5266025505
1.8132669944
1.0128148420
-0.5555901259
-0.1115090509
-0.7878054119
-0.3017049906
-0.6117655023
-0.4858025042
-2.3964962500
0.7746693136
-0.1118178758
0.8603977958
1.1977549002
0.0709124811
-0.5885693239
0.4094766479
0.2413330783
0.4524841921
1.7119870602
1.1070800655
0.8241624294
0.4460673025
-1.4359683403
-1.1442047752
0.0214543844
1.2581322405
-0.3432892996
-1.8037731648
-0.1899843545
-0.4290372797
-1.8769494663
0.5487175145
-0.8711710905
0.4189773023
-1.1674499606
0.0181298654
-0.7856394123
0.1325228558
-0.6909434121
-1.4128587048
-1.5505934975
0.0449944802
-0.4399874668
-0.3662853314
1.1397566854
0.4338034488
0.2661465431
-0.2426309960
-0.6315260601
-0.5435476856
-2.4767972909
-0.6085541602
-0.7597939253
0.5501732372
-0.6341763790
-0.0786713848
1.5657791557
-1.1817620668
-0.0516028783
1.0066712304
-0.2106911216
1.9520757177
0.2548467571
0.9517838612
0.3348557037
-0.8741945072
-0.5187249905
-2.7608663472
0.7195333552
0.5981725754
0.5015187048
-0.2088216767
1.5887353604
-0.1396823303
-0.6559161416
2.6629701847
-0.6788875151
-1.0915344956
0.2274155052
-0.1490080782
1.2982978506
0.0314322548
-0.0290324247
-1.2075303821
-2.1567034949
1.4552100263
1.1977395677
1.2780763417
-0.3739095787
1.2915566507
0.2095405901
1.0217662857
-0.4640979878
1.7305857951
-0.1509987636
-1.8904078808
1.4867716740
0.6676853597
-1.7341887868
0.3128168886
-2.0288022551
-0.2664084867
-0.8931864537
-0.0655272368
0.0719272085
-0.5234321406
1.6036086896
0.7549746283
0.8682125339
0.6462621476
-2.0001578443
0.7121490809
-0.2928144206
1.2257021065
0.5523691484
0.1786322581
1.7176435227
-0.6262518867
-0.0361623773
-1.7107750378
0.9216808985
0.3555971032
1.8933590616
0.8772896384
-1.5060234696
-0.2828085941
0.9964555139
1.6342333259
-1.4406698759
-1.8033635086
0.8931207360
0.7033995382
-0.2031487164
-1.1889571534
1.6128240643
-0.7544514778
0.4898758802
-0.2854102780
-0.4979128340
-1.5547486560
-1.0288737481
-0.5426533639
1.4135159256
1.5821425623
0.3311797448
0.9676858880
0.3583554812
0.8086099646
-0.6723840952
-0.4193624427
2.0390964106
-0.5274626159
-2.0857461531
-0.0727020811
0.6355872914
0.6588229194
-1.1809878660
2.8582342050
-0.0846327434
0.0286943983
-0.1332576203
0.1380140949
0.9917404459
-0.8011320788
1.1733940096
0.3993058249
0.8215870067
-1.4027591650
-0.7865870716
1.4489887003
0.6187751295
-0.0816336989
-1.1904628019
0.8965269810
0.6403773556
-1.3354403760
1.3483120292
0.6010484979
0.6689326973
2.4251023801
-0.0609935131
0.5810914536
2.2765752273
0.8512122348
0.0032350023
-0.9282685795
1.1745247995
-1.9284579391
0.1039072739
-0.7574632729
-0.4402546620
2.1727462673
-0.3511961950
0.0294098935
0.5835686338
0.9859034930
0.8219616996
0.5547951313
0.5996111249
0.8586188903
0.1611995940
-0.5562405328
0.7301723783
0.8673552028
0.0321004981
1.1505674051
0.1448090452
-0.2764317232
-1.6781056333
1.1366276807
-0.7344018051
-1.1811090564
0.7101532687
-1.9835339104
0.0456506164
-1.4432938887
-0.8378960298
0.0513340514
-0.2794799519
-0.5719654023
0.0792558248
0.1314324819
0.8638305119
-1.0844107635
0.1501646261
0.2521054312
0.8325274490
-0.2539027867
0.1264888284
0.5229838828
0.1354045001
-1.3086039683
0.6064447308
-0.7057085352
-0.0226111456
0.7808921416
0.1167151437
-0.0756494468
1.7433934305
1.5535961277
1.8399656296
1.7055712085
-0.9971667730
-0.9256438381
1.0608952881
0.2139894818
0.3874695929
0.1981793289
0.1440695177
-1.0949078044
0.9622107770
-0.6230970616
-1.6074371621
0.2101092217
0.1075917138
0.6905006726
-0.5895637396
-0.1174813536
0.6385158828
0.2591254800
-0.2438230783
0.8279524274
0.5330203373
1.3064303103
-1.1057749094
-0.4242779038
1.1339183332
1.0052475842
-1.1854347426
-0.1467365077
1.9554525306
0.4249801519
-0.2530519869
1.4413366745
-0.2952429088
0.2603825821
0.3539824539
-0.7599021852
-0.2922905897
1.1855638917
-0.1379027840
-0.3540012491
-1.1409977426
-0.5800182500
-0.8539297434
0.7353449666
-0.2925833356
0.0591621207
0.5355604240
0.0453256298
2.1723293691
0.2068137712
0.9616693843
0.3097993038
-0.2574330187
0.3366904379
-0.1508996251
-1.2001968699
0.1578591359
-0.2183375937
0.7100029288
1.0652077352
-0.3196621321
-1.3726271861
-0.7099693707
-0.4437687649
0.8950890520
0.9264655529
0.6233692463
0.3893864593
-0.4004722765
-0.4356508351
0.6638951278
0.4530049064
0.1528880909
0.2067227593
-2.4208598992
-0.0107815245
-0.3570884425
0.8460627432
1.6069964242
0.3988174728
-2.3180251201
-2.4591875721
-0.2904159588
-1.4020547420
-0.4977598512
-1.3428906985
0.0237697899
2.4089458372
-0.6999390496
0.3494223094
-0.2394747210
-1.5330060953
-0.4048768301
0.4940014803
0.2007693003
-1.1733584384
0.0641210469
0.0093280832
-0.6552638152
-0.2692218760
-0.1189100950
-1.6797833756
0.2271853673
0.0301008613
1.5900891772
-0.6342344512
1.6475619648
-0.7444217325
-0.5800227371
-0.9473678069
0.4474586345
1.7544917697
-1.3945050206
0.6587967067
-0.4858271026
0.1745457883
-1.1086135463
0.4523805434
1.7849758988
-0.3245369350
0.2385939948
1.2888460218
0.2817811386
0.6121752504
-0.4418339713
0.9425410736
-0.2116369092
-0.6409118064
1.9571919579
-1.3590692118
1.8061120336
-0.6122157582
-0.3159727105
-1.0917425687
-0.0577454341
-1.1808618667
1.1101581707
-0.0426016857
-1.3133463293
0.2801943093
0.3458977957
-0.4733331475
0.7409361978
-0.5038550613
-0.3833443056
-1.2967022403
0.5209163694
0.1973671111
0.2984837072
-0.1469164728
0.4094501582
1.2372103945
0.2403734192
1.1587731300
-0.1571864812
0.9642171340
-1.3726766594
-0.3475360132
-0.2099849882
-1.0368618920
2.0106430292
0.0388471400
0.9578464360
-1.2985991378
-0.7779478660
-1.8774557366
1.8232159773
-1.0263240654
0.7352324849
0.5960584036
-1.1120372864
2.2872468193
0.2593383841
-1.7179990401
-0.8256933680
-1.2153617754
-1.8314928076
0.1155416486
-1.1795509099
-0.0450328569
0.7061302041
0.3470784680
-0.5900701776
0.2073972820
-2.5120896278
0.5224921102
0.2734792252
0.0723208679
-0.7157538892
-0.7276320859
0.0262653492
0.4289411065
0.1348614161
-0.0718892564
-0.5542044748
2.6584175135
1.0712510452
-0.3205672768
0.5541680147
0.6392161884
-1.3677451821
-0.9470818366
-0.7309399579
1.7709445045
-1.3825816856
0.0945062216
0.3229832620
-0.3449057738
0.2865412573
0.6361761964
-1.5832845760
-0.5230921055
0.7670847573
1.3713326632
0.5930753614
-1.0367477546
1.0166352116
-1.3444505969
0.8989644521
-0.3097677996
-1.0973080547
2.3595152694
1.1706150712
-0.8545791533
0.0343020075
0.9482083633
0.1184628521
0.3323704161
2.0132404704
-0.6703495794
-0.3694904144
0.5959676222
1.0999444253
0.4488115101
0.7909979776
-0.8917954064
0.4784087915
-0.5771259998
0.3494038212
-0.0080658641
-0.7542110895
-0.8905602037
-0.5588017929
0.4118533457
-0.9330125348
-0.4329753636
1.3287701578
-0.3890658664
-1.7915404932
-0.7414394473
-1.2849548515
0.0929772817
0.3142208497
-0.9167835266
-1.3018666530
1.2312756124
-1.1401998699
0.6454644339
0.2309220117
-0.1837524210
-0.4585186597
-0.1563357817
0.4695598004
-0.0154604079
-1.0337544145
1.1581144567
0.1203472639
1.0482327728
0.3795679814
-0.1113968723
-0.9760021459
-0.4625139783
-0.8348647295
-0.0790919935
-2.4265726123
-1.9681658067
-1.4935374006
-0.8262926053
-0.6764066037
1.3426295771
-1.2958541429
0.3661552048
-0.1607875463
0.3176910851
1.3144189093
-0.7033271452
0.6612195595
-0.3584396854
-0.0131750015
-0.5701042572
0.3787154451
1.4946474479
0.2585920473
-0.6673762695
0.1048326477
0.2743584283
1.7227612492
1.6260286096
-0.7077051253
0.5428629515
0.9184680028
1.2106121666
1.3579587569
-1.2580444132
0.2671892771
-0.5053846396
-0.5462808809
0.2731966167
1.0900196012
0.6266418534
-0.4716262501
0.1592418456
-0.0748592356
0.3940653205
0.3611927872
-0.5536055235
0.5573632562
0.6586886188
0.0058133194
0.6185181513
0.4576766694
-0.3589442605
0.0509899617
-0.1976372774
-1.3232897557
-1.9422893870
0.9937641152
-0.5553322422
-1.7156545178
0.4137160343
-1.5537689185
-0.8515149277
-0.8256559569
-1.6523001055
1.5770099511
-1.1413979569
0.3765084005
0.4024669151
-0.5103284568
0.0417465188
-0.7087796203
-0.5298160896
-0.5188258041
-0.9941605052
-0.4889136439
0.1228610901
0.2633837252
-0.1956914107
-0.1804037972
-0.9071841529
-0.0177151464
0.0459765587
1.5124557844
-0.2972027326
-0.3254049586
0.8526099725
-0.2069706843
-1.0371934660
0.7013304168
2.4001286805
-1.2080724976
-0.8235198770
-0.2427969744
0.7561858900
-0.5731876973
-0.2477822484
0.3564994273
0.2235023417
-1.2452738255
0.7837336377
-0.9956963511
-1.2786901094
-0.8154787199
-1.1456234267
0.9340274988
-0.6877899675
-0.7984729045
-0.0905164435
0.8195783147
-0.5144957293
-0.6450243952
-0.5713635583
-0.2637531393
-1.2215491603
1.3942195636
-0.8523827476
-0.3223100671
0.9827033081
1.1464808955
-0.1279147122
-2.2773668949
-1.6891785455
1.2708507888
1.4156296708
0.8315207500
0.0740624045
-1.8169991015
0.3242236602
-0.0806072536
1.2678064021
0.8927558000
0.0006223231
-0.9145018343
-1.0020244795
0.4960320709
0.3412372528
0.4291566731
2.3865876933
1.8600634781
-0.5453628882
-1.0283439841
-0.5841748692
-1.0187940254
-0.0254427252
-0.3841400885
1.0163722021
1.9982162179
0.4668671863
-0.0085717109
1.6757609807
0.5196956270
0.7522400342
0.3264664381
-0.0714572081
0.7785574197
0.4514775398
0.9513055160
0.6329628275
-0.7604401768
-1.4029460731
0.9312085323
-1.2686984902
1.2338864675
-0.8787342318
0.4619416430
-0.3963185728
0.6330193467
-0.7508849232
-0.5254005925
-1.0371038806
