19 11 0.03
12 0 2 0 3 1 0 1 1 1 2 1 3 2 1 2 2 2 3 3 2 3 3 4 3
13 0 2 1 0 1 1 1 2 1 3 2 0 2 1 2 2 2 3 3 0 3 1 3 2 4 2
14 0 2 0 4 1 2 1 3 1 4 2 1 2 2 2 3 3 0 3 1 3 2 4 1 4 2 5 1
9 0 3 0 4 1 0 1 1 1 2 1 3 1 4 1 5 2 0
13 0 3 1 2 1 3 2 2 2 3 3 0 3 1 3 2 3 3 3 4 4 0 4 1 4 2
8 0 2 1 1 1 2 1 3 2 0 2 1 2 3 3 1
12 0 2 0 3 1 1 1 2 2 1 2 2 2 3 2 4 3 1 3 3 4 0 4 1
11 0 1 1 0 1 1 1 2 1 3 1 4 2 1 2 2 2 3 2 4 3 3
8 0 0 1 0 1 1 1 2 1 3 2 0 2 1 3 0
12 0 1 0 3 0 4 1 1 1 2 1 3 2 0 2 1 2 2 2 3 3 0 3 3
13 0 4 1 1 1 2 1 3 1 4 2 0 2 1 2 2 2 3 3 2 3 3 4 3 4 4
13 4
7 15
9 9
6 5
13 5
0 7
11 5
5 6
9 5
10 4
11 13
0 0 0 0 0 0 0 0 0 1 0 0 0 0 0 0 0 0 0
0 0 0 0 0 0 0 0 1 1 1 0 0 0 0 0 0 0 0
0 0 0 0 0 0 0 1 1 0 1 0 0 0 0 0 0 0 0
0 0 0 0 0 0 0 0 1 0 0 0 0 0 0 0 0 0 0
0 0 0 0 0 0 0 0 0 0 0 0 0 0 0 0 0 0 0
0 0 0 0 0 0 0 1 0 0 0 0 0 0 0 0 0 0 0
0 0 0 0 0 0 1 1 2 2 1 0 0 0 0 0 0 0 0
0 0 0 0 0 1 1 2 2 2 2 0 0 0 0 0 0 1 0
0 0 0 0 0 1 0 0 0 1 0 0 0 0 0 1 1 1 1
0 0 0 0 0 1 0 0 0 0 0 1 0 1 0 1 1 1 1
0 0 0 0 0 2 1 2 2 0 0 1 1 1 0 1 1 1 0
0 0 0 0 0 2 2 2 1 0 1 1 1 0 0 0 0 2 0
0 0 0 0 1 2 2 2 0 1 1 1 0 0 1 1 1 1 0
0 0 0 0 1 0 2 3 2 1 1 1 0 1 1 1 1 0 0
0 0 0 0 1 1 2 2 2 0 1 0 0 0 0 1 1 0 0
0 0 0 0 0 2 2 2 1 0 0 0 0 0 0 0 1 1 0
0 0 0 0 0 1 2 2 1 1 0 0 0 0 0 0 0 0 0
0 0 0 0 0 1 1 2 0 0 0 0 0 0 0 0 0 0 0
0 0 0 0 0 0 0 0 0 0 0 0 0 0 0 0 0 0 0
-1.2353245407
-0.2659698812
-0.6414752940
-0.8605930096
-1.2958905162
0.5171883936
-0.2184106280
1.1298050828
-0.6197649261
1.6716599494
-0.0169027570
0.4279082352
-0.2158186544
-1.5507382920
0.4258827400
1.6875865304
-1.1937106362
-1.8202330773
-0.8008301096
-0.1592504289
1.9165448356
-0.2231056087
0.3015293567
-0.6730656000
0.0669232105
-0.9166110051
0.1820044305
1.5609971559
-1.2523588208
-0.6073464197
-0.7668513026
-0.2197461054
-0.5391635936
0.8615677483
0.3984170266
0.9928459621
0.5345054544
-2.5906925358
-0.2596320837
0.1109927197
-0.2553695924
0.0362460688
-2.9829928079
1.0483915438
1.0644966388
-1.0460600926
1.4944277917
-0.5643698083
1.7281915591
-0.0312049732
-0.6109155240
-1.1976280050
-0.1629928828
-0.0600549911
-0.1045791065
0.2413511815
-0.1919031688
1.0661791175
0.0702714302
0.0919463266
-2.0058734807
1.3459546625
0.1360577452
0.9700655626
0.1886400570
-0.5423087726
-1.3038354727
-0.2058722341
1.4192425779
1.2501744495
-1.0981935789
-0.7041797182
-1.1467393488
-1.3659864011
-0.5272508438
0.9465913489
-0.7322845363
-0.1993168608
-0.7041888491
0.7895580341
-0.2135763590
0.3985679099
0.6598273340
1.8013879699
1.2389546488
-1.6444546702
0.3378116509
-2.3308680721
0.3940045544
0.9471054679
0.1994929792
-0.4395888599
0.5636791953
-1.3647202432
-0.4539914335
0.2664826080
0.9664351752
-1.4480927215
0.9704139978
1.1374184229
1.1416536430
-0.2919631608
-0.1101648506
-0.6193414566
1.1430892495
0.5909869997
0.1550835120
1.0427116866
0.8225645317
1.4951394048
1.2823393290
0.1485735508
0.4025039815
0.2773542512
-1.4964359680
2.3847530169
0.3263692998
0.3955554103
-0.4188826243
0.2528195135
-1.7429789133
0.7723619482
-1.0530473860
-0.8852645411
-1.4094115632
-2.0205965222
-0.4081287356
-0.8978683593
-2.6064715269
-0.3376119941
-0.0363811981
-0.5362382502
-0.7236416359
0.0815240894
-0.0974994030
0.9440568486
0.0819078158
-0.7989593666
1.2115589997
1.8485452746
-1.1401764767
-0.0068675866
-0.5197292719
0.4483585032
-0.1075412095
0.0799224294
-0.6715718519
-1.4771191051
-0.1061219178
0.7576003269
-0.6264472541
0.4494281663
-0.3538740310
-0.0135098097
-0.9307249005
-0.2555415256
-1.8126197359
0.5028238615
0.0531093038
2.1205359464
-0.7425966609
-0.3199679398
0.3369803796
-0.9857718293
0.8784822539
-2.1278669102
-0.7535186580
0.9624840937
0.2697982704
-0.1706658966
0.2020002137
1.5379064058
-0.9431015078
-0.1718219875
-0.5573059310
1.5394681467
-1.3463872694
-0.5333278052
0.8432817788
0.3119173725
-0.0759015110
1.1446379834
-0.3645184099
-0.9281156745
1.3974963683
-0.1557729402
-0.6482537837
-0.3938658131
0.1987736883
-0.3326256054
0.7163099934
0.2987807471
-0.3154985601
0.4641931878
0.5865332388
-0.3477731940
-0.0083221220
-0.4975283460
-0.6179966875
0.6461643736
-2.0048521118
0.1463686761
-1.0378163397
-1.9379071040
-1.2606270657
2.9791298775
-0.8791105038
1.1460910377
-0.1095573360
2.3184225924
0.4933521590
-1.0570057352
0.5083806478
1.4055703775
0.6345491645
-0.8084344778
-0.9569516698
-0.6357171671
-1.5054008455
-1.7645396474
-1.4481627440
0.9852181214
1.7462486129
-1.3231079613
0.9479789931
-1.9590383788
-0.6473525587
1.4748934209
-0.2597040344
-1.7140415138
-1.1806639795
0.9670865262
0.1378319165
0.9755282379
-0.6645364951
0.9152366666
-1.3163016736
0.8263023542
2.1254026235
-1.0714300388
-1.6521692603
0.5154321936
-0.3513438183
0.9770590269
1.7514634035
-1.3775035778
-1.2482536575
-1.2967503762
-1.2192250942
1.2107840694
-1.6974875348
-0.2919776749
-0.4312978694
-0.5835662033
1.1382134333
-0.7110015285
0.7307241531
1.3628170096
0.7593876666
-0.8724355217
1.0403243351
-1.3508429861
-0.1649111712
1.1849992158
-2.0446206176
-2.5121093489
-2.1946962987
-1.0921517650
-1.0479341904
-0.9824423112
0.8943474151
1.8887532400
-1.0905449190
-0.7176246461
-0.6969757870
0.1941563021
0.3069627280
1.4994977789
-0.5769376737
-0.9566925106
0.1955949569
0.8842758605
-1.5392221918
-0.7278059816
1.0017033887
-0.1451570761
1.4615901812
-0.9120574521
1.9783918620
-1.3083079623
0.5868328453
1.2266383290
0.2195845547
1.0538126443
-0.1111377372
-0.7578013832
0.5578139122
-0.0234074560
-1.4317277418
-0.5463569719
1.2415710421
-0.1650984718
0.1126857875
-0.1801852841
0.1070567819
0.8273334903
0.1172262043
-0.0699368016
0.1563821393
-0.1949051969
0.6604448538
-0.1167661943
-0.3331556648
-0.0737923924
-1.2153597434
2.1095557639
1.6484748668
-0.7602142763
1.6221654743
-0.8330498385
0.7272846561
1.3296152498
1.8113282310
2.6326070155
-1.3771021794
-0.4665782842
-1.4988627212
0.0332639225
-0.3621907794
-2.0460331371
0.2327132825
0.8928416978
0.0023168093
0.5414272739
0.8224908090
0.1885355253
0.5308546589
-0.1444712234
0.9080624071
1.0634727698
0.6782628006
0.4756210509
0.1637489935
-0.2801909815
1.6922503745
0.3609051837
0.7401982942
-1.3550317587
-0.3326451475
-1.1251246420
-0.9289200030
-1.2314638244
-0.5040974852
-0.3004896993
-0.3690695683
0.4940966327
1.0094560717
0.7294981370
1.0470271244
-0.0816265014
2.8431521378
0.8068846966
1.4153199268
2.4890706311
-0.7266958493
0.0281581891
-1.1682511188
0.2148411961
-0.9791015195
0.7683192812
1.4215458621
0.7408797781
0.2247352296
-0.6131053721
-0.4711086988
0.3990753011
1.0410424710
-1.6482525319
0.3181517406
-1.1447285598
1.7787758153
-0.6043285098
0.9872266106
0.0676714040
1.8496995753
2.1124626175
-1.3368999435
-0.4696757724
-0.0574159341
1.4341853115
-0.8548994505
-0.2328690209
-0.6701295805
0.5223649232
0.5270221361
-0.9200936041
-0.8728124580
-1.2829916696
0.5642970099
0.3833702832
0.2085416449
-0.7810421554
1.3909821410
-1.1060949529
-0.8276713693
-0.8429541679
1.6048385469
-1.7067567791
-0.4281850883
-0.5092989594
0.2263885711
-0.5793389525
-0.0373711723
1.8104717979
0.7128484190
-1.2831202420
0.8831980582
-0.4752528360
-1.2500931821
0.4067400898
-0.1969503331
-1.0594058468
0.8873825087
1.4946642322
-0.9294377452
0.9397629724
-0.6390144258
0.5275425256
0.3679474301
-1.4200927178
-2.3171486259
-0.0826572724
1.3100217639
0.1180084337
-1.5810057017
0.3815247468
0.4287392318
0.4749961449
0.9151428208
-1.1443833134
-1.7278194438
-1.9700983106
-0.4355444758
1.2157733244
-0.0375248592
-0.4884001332
-0.2144335494
0.5376562101
-0.5765746971
1.1044423490
-0.8201538090
-1.1441973465
-1.8925342162
0.6486746088
2.3290113936
1.2364958013
0.0831695546
-1.6030879734
-0.2452215796
0.2445745492
-1.7567756306
-0.6298596912
1.6473597439
0.0640779472
-0.9894278693
-0.0186227747
1.0014507771
-0.3476531040
0.1976331036
-2.2458118240
-1.4765119178
1.2968581451
-1.0832159002
0.3570026806
-0.0563171791
-0.1493890908
-0.0294624464
0.9476653021
0.6787537307
-1.0229407656
0.4549165282
-1.0414040110
-0.0607083498
0.5757676829
2.0562722035
-0.1271842702
-1.8922000090
-0.7974313056
0.4674731832
-0.1222402860
2.0083183192
2.3916593392
-0.2871961027
0.0059805756
-0.3426068567
0.0055453881
-1.2373017206
0.2335287019
2.2746265135
-1.1074319223
-0.3493851705
-1.4036085556
1.2052109678
-1.1349301923
1.7946316031
-0.1460849834
-0.4690781638
1.5060086740
-0.2901758496
1.4856765598
0.5700084615
0.3711423831
-1.1292570900
-0.6292426337
-0.4510054731
-0.9636153094
-0.9687743229
-0.9214826474
0.0375209586
0.3707953335
0.3565555926
1.9565496687
0.3729119956
2.2424152099
-0.2274096607
2.1146081806
-0.3989660366
0.2337341792
2.0498397620
-1.1301478005
0.1989015862
0.6377946615
0.7572329672
1.0293961405
-0.5628303737
-0.5268121947
-1.3733907944
-0.4230157927
-1.2736102477
-1.5590705848
-0.4272973630
1.0672788369
0.6059399637
-0.4033261153
-2.5668344698
-0.0011553814
0.3174377104
-1.9712741620
1.1476408977
0.4100271710
-0.3865825258
0.1694507496
0.0141377201
-0.1496283110
-1.9494223133
-0.2469493105
-1.1123352128
-0.4486554767
0.7700651980
-1.4119943377
-0.1954923460
-0.2707688578
0.4580703246
-1.2172163289
0.9482205624
1.2301911071
-1.3043939559
0.4410629919
-0.1702772268
-0.2745217227
-0.4366618195
0.1346830059
-1.0845754694
1.0648649627
0.1154493327
1.4167202481
-1.0969196254
-0.7743512732
-2.3191046163
0.3720831857
0.7652082940
2.1819508532
0.8357181215
0.7030119331
2.4347392053
-1.3820791584
0.6181876696
0.9770111607
1.1542268155
0.1558113879
-0.6177077493
1.2609841480
-0.9073322514
2.2017953146
-1.3207696922
0.3103763928
0.0238238795
0.8380635926
-0.6446310171
0.1693768631
-0.0569769045
-0.5355162879
-0.4434889434
1.1167918260
-0.4826492012
-1.6837250072
0.5219135234
0.6430303073
0.7000263894
0.8813806045
-1.2376010434
0.4824823915
-0.4482817829
-1.0983522067
-0.0909850967
-0.4665983018
1.5998931154
0.5039811131
-0.8849515783
0.2497939454
-0.8954650147
0.8138570080
0.0804720443
-1.0366702237
1.1935648029
1.7312829279
-0.1199351396
-0.7603409199
-1.1006105442
0.0759951300
0.3269673185
-0.5003239653
0.4177511229
-1.4001362390
0.1939646332
0.1376600456
0.0118899264
1.5458327927
-0.6343528650
1.6456235032
-1.9191758032
-0.2690391404
-1.5345667981
-0.7795398958
-1.0368051463
-0.2129596711
0.5374984390
-0.1592810605
0.0904755124
0.3941063868
-0.6599317663
-1.5844336945
0.0743625334
-1.6796859032
0.7525729167
-0.9323035686
1.3038270855
-0.9248819800
-0.3768382031
0.8578512356
1.0318466583
0.1770137790
0.3518497867
0.3666291138
1.2109154511
1.4140914925
-1.1357606782
-0.9621610273
-0.1422142034
-1.1633789229
-1.0352461248
0.1981631787
-1.4978781538
-0.1241921955
-0.0816055110
1.6116393292
-0.8805854556
-0.0865324991
0.1191227671
1.1609638981
-0.1282233761
-0.4452192619
-0.4722704482
1.4353796157
-0.2683389483
3.2953806640
-0.8591425867
0.1202515297
1.6133747628
1.3849182340
0.6242086750
0.2207353779
-0.9467351991
0.3545611760
1.9528954183
1.0913099635
-0.2695993778
-0.6306187018
-0.3873821825
-0.3048310861
0.3777950939
0.8418375710
0.8224248151
-1.4831606153
0.9801145692
0.1161119917
1.2915487599
-1.8560092609
-1.0983628516
-1.5747115685
-0.4992846756
0.2743641804
-0.8406131759
1.0515401074
-2.5883412344
-0.5049208820
1.3545149998
-1.3690162913
-0.5948272381
0.0146375573
-0.6193227587
-0.4293985409
