12 4 0.02
13 0 2 0 3 1 0 1 1 1 2 1 3 1 4 1 5 2 3 2 4 3 1 3 2 3 3
14 0 1 0 3 1 0 1 1 1 2 1 3 1 4 2 3 2 4 3 0 3 1 3 2 3 3 3 4
14 0 2 1 0 1 1 1 2 2 1 2 2 2 3 3 2 4 2 4 3 4 4 4 5 5 2 5 3
15 0 4 0 5 0 6 1 1 1 3 1 4 1 5 2 1 2 2 2 3 3 0 3 1 3 2 3 3 4 3
5 4
2 7
4 4
2 1
0 0 0 0 0 0 0 0 0 0 0 0
0 0 0 0 0 0 0 0 0 0 0 0
0 0 0 0 0 1 1 1 1 0 1 0
0 0 1 0 1 1 1 1 1 1 1 1
0 0 1 1 1 0 1 0 0 0 1 1
0 1 1 1 2 1 2 2 1 1 1 1
0 0 0 0 2 2 2 2 1 1 0 0
0 0 0 0 0 0 1 1 1 0 0 0
0 0 0 0 0 1 2 2 1 1 0 0
0 0 0 0 0 0 1 1 0 0 0 0
0 0 0 0 0 0 0 0 0 0 0 0
0 0 0 0 0 0 0 0 0 0 0 0
-0.1000044120
1.3523321380
-2.1517294774
-0.7293948198
-0.6323509811
0.7239201875
0.5432797529
1.8370672674
-0.8706121953
0.1197953582
-0.3347956796
-1.0594547451
-1.3045529821
-0.0179133056
0.7306057335
0.0465215001
0.5186404231
1.8943618937
-0.3834825060
-1.8973869084
1.4111280866
-0.9219097146
-0.7514610781
-2.2633529160
0.6401613063
0.5928093911
-0.0772237074
0.5821056254
-0.1679869085
1.3211129915
-1.1950032612
-0.3935164325
-0.4870936086
1.1274745186
-0.4821181303
1.0807429266
1.6355739901
-1.2143120701
-0.3259140739
-1.1527451270
2.0404910670
-1.6544657417
-1.8519120573
0.8336630786
0.1506479998
0.3111503295
-0.6243972612
1.1164659565
0.9587668087
-2.5378452681
1.2669194250
0.7938934524
0.6554317175
-1.3306997663
0.3463505745
0.7473142022
0.7520593921
-0.1002993880
-1.9832081374
-0.0212024841
-0.4910024686
-0.0625717860
-1.3191775204
0.7539343796
-1.3532192695
-3.1633392162
0.7325324851
0.7930039548
-0.0969208405
-0.9656951707
-0.0487083140
0.1626563230
1.2493384808
-0.7868821231
-0.2868484227
-0.2238804148
-0.7410974836
1.1659768321
-0.1018562036
1.4292779802
-1.3319488748
0.3774767962
-1.3334716003
-1.5732189871
0.2473969589
0.7244491328
-0.8892047482
0.0675136568
0.0991378330
1.1737186066
-0.2968853138
-0.3397643625
-1.1498369989
-0.2646717705
-1.2603960961
-0.3102165912
-0.7189621980
-0.9838480942
1.3809625988
-1.2858509064
0.0360496114
-2.0452754592
1.5422494314
-0.5224658076
1.0680519227
-0.0286660883
0.0244787510
0.7988642181
-0.1013816174
-1.0553657820
1.7898814810
-1.1319857813
-1.4962145519
0.3664109516
-0.2730395876
1.0208979795
-1.0409339444
0.5445069779
-0.2270791124
-1.9258215382
1.0796195246
0.5121180225
0.1857758469
-0.3289349673
0.9282181434
1.4987603160
-0.3645181249
-1.9484807918
0.1518559417
0.4375245820
0.0461525541
1.5549464809
-0.3767424460
0.0128356954
0.5706448523
-0.0332668855
-0.1102062013
0.2834949344
0.0408200645
0.2345409370
0.7549974960
-0.4562427842
-0.5165173244
-0.3992196391
0.0020752074
2.4430319012
1.8482906691
-1.2003837342
0.4780934201
-0.9917499086
1.5150438816
-0.4302175284
-0.8119559571
3.2861474876
-1.3171834149
1.6861886336
0.3325848934
0.6609703621
-0.7016547099
-0.8954720810
-0.6981505492
1.3163067943
-0.8877874778
0.7154046615
-0.1406766064
-1.6397841802
0.7844012724
0.4416386700
-0.1126141571
-1.1656218899
-0.2040834164
-1.0786217209
-0.4990482244
-0.5449742548
0.6279360906
-0.9304156558
-0.6592952419
-0.9146693926
0.2993854785
-0.7754739938
-0.0196160544
0.8596842630
-0.2058125933
-0.8027142167
-0.0702280783
-0.5212741111
-2.8497222268
-1.5962872802
0.9218498406
0.1123834251
-0.1700426740
0.5995627063
-1.7808894880
-0.5950888902
1.0465796413
-0.5617342270
-1.0682928993
-0.0743047410
-0.6310748128
1.4641587093
0.2772516990
-0.7163954889
0.7899723339
0.7372287041
0.1787908778
0.1969256500
-2.1335630440
0.0933696442
-0.0182430418
-0.4056737843
1.1630156480
-0.3953202443
0.6879215572
1.1699283447
1.3097973715
-0.2516299579
1.2048829586
0.3455469907
1.5910425842
-1.5240024634
0.7973946300
0.6244538631
-0.6360608405
0.8510285280
0.0989450251
2.5612697866
-1.1087865235
0.4476997683
0.8559570223
1.2936927325
-0.3919203231
-0.2911599284
1.4724639803
0.9299970687
1.9478981491
-1.1721554349
0.9402105348
-1.1411992718
1.3855049114
0.2869533230
0.1114240625
-0.2397775047
0.0836953289
1.0437868670
-1.0757797658
-1.3158153493
-1.1937888935
0.3589537330
0.9765561641
0.1176885188
-0.3056899265
0.2285172539
-1.0524197793
0.9379232909
0.0646969373
-0.9990759675
0.6016677522
0.6802735138
-1.7047104177
-1.1405080762
-1.0831426577
0.7088098348
0.1047797690
-0.2186282145
-0.3088544380
0.7301110328
0.3117996860
0.2525524349
0.2401373642
-1.9365492654
-0.2878301021
0.1999582934
-1.2175606372
-0.5271333377
0.6901452245
0.5409720157
-1.5894309039
1.4036460910
0.2835349890
0.7711960262
1.4613541636
-0.9181192597
-0.6620879957
-0.4328383490
0.9505871459
-1.3061430833
1.1031404462
-0.0357580172
