20 20 0.06
4 0 0 1 0 2 0 3 0
4 0 0 0 1 0 2 1 1
4 0 0 0 1 0 2 0 3
4 0 0 0 1 0 2 0 3
4 0 0 0 1 1 0 1 1
4 0 1 0 2 1 0 1 1
4 0 1 1 0 1 1 1 2
4 0 0 0 1 0 2 1 0
4 0 0 0 1 1 0 1 1
4 0 1 1 0 1 1 1 2
4 0 0 1 0 2 0 2 1
4 0 1 1 0 1 1 2 1
4 0 1 1 0 1 1 1 2
4 0 1 0 2 1 0 1 1
4 0 0 0 1 1 1 1 2
4 0 0 1 0 2 0 2 1
4 0 0 1 0 1 1 1 2
4 0 0 1 0 1 1 2 1
4 0 0 0 1 0 2 1 1
4 0 0 0 1 0 2 1 0
5 16
14 14
2 15
11 6
4 6
7 10
16 1
13 15
12 5
6 14
9 12
16 8
15 3
3 12
6 5
4 17
0 7
11 16
6 10
13 6
0 0 0 0 0 0 0 1 0 0 0 0 0 0 0 0 0 0 0 0
0 0 0 0 0 0 0 1 1 1 0 0 0 0 0 0 0 0 0 0
0 0 0 0 0 0 0 0 0 0 0 0 0 0 0 1 1 1 1 0
0 0 0 0 0 0 0 0 0 0 0 0 0 1 1 0 0 0 0 0
0 0 0 0 0 0 1 1 0 0 0 0 1 1 0 0 0 1 0 0
0 0 0 0 0 0 1 1 0 0 0 0 0 0 0 0 1 1 0 0
0 0 0 0 0 1 1 0 0 0 1 1 1 0 0 1 1 1 1 0
0 0 0 0 0 0 1 1 0 0 0 2 1 0 1 1 2 0 0 0
0 0 0 0 0 0 0 0 0 0 1 1 0 0 0 0 1 0 0 0
0 0 0 0 0 0 0 0 0 0 0 0 1 0 0 0 0 0 0 0
0 0 0 0 0 0 0 0 0 0 0 0 1 0 0 0 0 0 0 0
0 0 0 0 0 0 1 1 1 1 0 0 1 1 0 0 1 0 0 0
0 0 0 0 0 1 1 0 0 0 0 0 0 0 0 0 1 1 0 0
0 0 0 0 0 1 2 1 1 0 0 0 0 0 0 1 1 2 0 0
0 0 0 0 0 0 1 0 0 0 0 0 0 0 1 2 1 0 0 0
0 0 0 0 1 0 0 0 0 0 0 0 0 0 0 1 0 0 0 0
0 0 1 1 1 1 0 0 0 1 0 0 0 0 0 0 0 0 0 0
0 1 1 1 0 0 0 0 1 1 0 0 0 0 0 0 0 0 0 0
0 0 0 0 0 0 0 0 0 1 0 0 0 0 0 0 0 0 0 0
0 0 0 0 0 0 0 0 0 0 0 0 0 0 0 0 0 0 0 0
0.4696126537
-0.6759828567
-0.1218832168
-1.0009448275
0.6023400616
0.1822538231
1.2545257191
-0.5932488458
0.4173077791
0.6405120566
-1.2677820185
0.2684117376
-0.1799504229
1.2463779209
1.8714158836
0.4124080960
-0.2529305556
0.9210062105
-0.6602366480
0.6811719098
-0.0649687058
-1.1088567082
-0.0015057974
-0.6662269561
-0.2512806913
-1.3194901398
2.2825997454
-0.7190679180
-0.0477088625
0.1300468425
-1.8636136667
0.3094437265
0.7791016286
0.6148232147
0.0771533595
-0.1781032614
2.6709703190
0.2584598498
0.0167588683
0.2739498516
0.0467236340
-1.1196211571
-0.4110745126
-0.3551936482
1.1694282212
0.4879101432
-0.0948766778
0.6378030979
2.1275111450
0.8491539595
-0.5011622797
-1.2620300733
-1.0548577164
-0.0240333767
-0.9655619787
-0.5146074215
1.9655833265
-1.0745050405
1.2191901865
0.5040610472
-0.4825538123
0.2410796126
-0.0417131492
0.4046097163
0.2263943037
0.0615984557
-1.1954466960
0.2079914824
-0.8302252785
0.0771300772
1.3708929041
2.4581167888
-1.0442183046
0.0677220979
0.6535820134
-0.5752915308
-0.4339609432
-0.6136983849
-0.9542760549
-0.3543626140
-0.2753878786
0.6263367552
-0.1713572617
-0.5663256002
-0.0748340824
-0.0362131989
-0.7372542439
0.1248079630
-1.0257897234
1.3305781337
0.4941155414
0.7712397511
0.1845020739
-1.1538618589
-0.8559288079
0.1142294047
0.9371918856
0.9184848263
0.9418383334
-1.2734283936
0.0704772224
0.7309809620
-0.0025915498
1.9989754518
-0.2489019781
1.5289926196
-1.8278694508
0.0422464306
0.6145223074
0.3531441783
0.3482058981
-0.3274843647
-0.5698183431
-1.7097596175
-0.2353819056
0.5207477766
-0.3784408474
-1.2799424441
0.0339398662
-0.7487500535
1.0800435013
0.5082096596
0.6712167123
-0.3439922425
1.0041510718
1.2945459063
-0.4078741957
-0.9962550635
-0.1864260794
1.3513030881
-1.2925919838
-0.0103567394
0.9547399197
-1.0481090314
-0.5863267154
-0.5644393396
0.4902621070
0.1756971879
1.7226767435
0.2269618188
-0.6708125855
-0.7138885997
-0.1826797229
0.4144441053
0.6083912561
1.3950670060
0.0681363753
-1.2921822040
0.6205986733
0.8683018915
0.5692550117
-0.5055990837
1.1061081304
-0.4623553272
0.5677898372
1.2036165297
-0.1921944219
-1.7647912287
2.2269582763
-1.0478868371
-0.2497651665
0.1087257157
0.0390485100
-2.0656258482
0.0759921404
0.6304581770
1.3408541795
-1.5229540097
-0.2733486870
0.2620006788
0.6255255992
-1.9832137457
0.7510715875
0.8162432275
1.0430659019
-0.5460490130
0.0792545185
0.7218311319
1.1458626041
-0.8014216863
1.2550095894
-0.4213322740
0.2532617269
-0.0986434620
0.2091810614
1.0197334254
-0.4211122132
1.9510619655
-0.3881315429
-0.3617504642
0.5717429274
-1.3710363310
1.5294512866
-0.3045456372
0.0022481296
1.0032844981
0.2302191680
0.8510721738
0.3083015526
0.3071036627
0.0288254888
-0.7199609992
0.1814451804
-0.5507204614
1.1451321555
-0.1850704186
-0.0941244541
0.1535150167
1.2304225859
-1.5810597712
0.6127562202
0.3727435820
0.1407246707
-0.3431704281
0.9587494952
-1.0584863436
0.2042768768
0.3627192419
-0.2448352824
-1.5522140376
0.9161000698
0.9225134667
0.8362533258
0.5416082348
0.2031136217
0.4089828473
0.4198215342
-0.0566939058
-1.0964936024
0.3080385341
0.6216289794
0.3362825881
-1.7441268676
-1.1514114019
0.1282519783
-0.0667186436
-0.6407056362
-0.2381027421
-0.4443568428
0.7436423360
-1.2138352250
0.9544806515
0.5353539358
0.1072747468
-2.5635539516
-0.3959354189
-0.5297688514
0.6045244496
-0.1479065259
-0.1748653979
1.7976630429
-2.2201086475
0.7509360932
0.4964923375
-0.5533172775
-0.9951687249
0.3726550512
0.2373484754
-0.3759112619
-0.3857460635
-2.0113151482
0.5574699255
-0.8302146213
0.3416201217
-0.3664286047
0.4923028849
-0.2224209215
-1.2617895021
1.7151215701
0.3136670885
0.5657247603
0.2962460686
-1.0043476042
-0.1372759301
-0.6380247460
1.1068501116
-0.3546486857
-0.9941337991
1.4910121247
-0.2384231868
0.5114695763
-0.4619789740
0.0927336824
0.3104963056
-0.3400140076
-0.4843964039
-0.4349844300
1.2253180913
-1.2762813761
-0.1317514343
0.0391120974
-1.5287135056
-0.9654176616
0.6845480580
-0.3579124826
0.5484190586
2.0312694542
-0.5760383253
0.6196613179
0.0201332873
0.0337657654
0.8199593139
0.7668129950
0.1724466957
-0.8993776410
-0.5940682228
0.3743653148
-1.1471704284
1.7745310979
-0.7783372934
2.4166252267
1.2372849648
0.8868902249
-1.6062971066
0.1849908834
-1.7996742748
0.4892489180
-0.8878213720
-0.9139054912
-1.3312038470
0.2283084003
0.6545805991
-0.2317074889
-1.1910030109
1.0331261074
0.6921578674
1.1708378977
-0.5815058494
0.4277671429
0.1443702710
-0.7323374702
-0.2362521145
0.9808502084
0.1846797302
0.3855886261
-0.4794616747
-1.9737304307
-1.4091593953
0.1245810315
0.5377484138
-0.2504961448
0.0017354759
-0.0648223114
0.3735286658
-0.6456981405
-1.5171117129
0.2457859758
1.5630936284
-0.6489717232
-2.1338633914
1.4292845219
-0.7390206905
0.2391703369
-1.5151798531
0.5318068572
0.2959590307
-0.1292001272
-0.1069743738
-0.7941025677
-0.3794580285
0.2785212675
-2.0809030782
0.2657627271
0.0269336776
1.2760185630
0.1721269960
0.7810503757
0.6285734607
0.2013768953
-0.9611897713
-1.0988086905
-0.7903625983
-1.1557009338
-1.4617616612
0.1773148696
-0.6891405016
-0.6969358155
1.2660593174
-0.1606031234
-0.2025980806
0.1486963157
0.4856434296
0.8566975107
0.6881111309
1.8160514341
-0.2399774151
-0.4927653614
-0.1877187001
1.8044117163
-1.1451436778
-0.6844499549
-0.9740159145
-0.0808650293
0.3784921003
0.8608338609
-1.4561788172
-0.1198711445
-0.5072238136
1.1334219190
-0.6464500729
0.0450529981
0.9802650798
-1.9039652679
-1.1432306666
2.2706839182
-0.1824621788
1.2479362363
-1.3001312606
-0.4486866430
-0.4165851023
0.3504019497
0.5775186528
1.7126291827
0.5682935879
0.6764461386
0.7012750289
-0.2396102420
-0.0297931109
-0.2167007452
0.5862489028
0.1708174342
-0.8993973384
-1.1232155667
-0.8958787642
0.3785825291
-1.4878509298
-1.9322434088
0.9498008683
0.8622955095
0.1521442739
-0.4424828040
-1.4915431088
-0.7822048960
0.2534934323
-0.4401192335
-1.1943088763
0.3413172809
-0.8188679374
0.4374134262
-0.6974895864
2.0732487108
1.1301489209
3.5542848251
2.4378971177
2.2174452014
-0.6485605340
-0.0287323161
0.0635962362
-0.7049209677
-0.8861014739
0.5903096825
1.0413047294
0.3995354360
0.5069632997
-0.4682843741
-0.2237684110
0.1725058828
0.2084337983
-1.9355036969
-1.3927642016
-0.5461655995
1.2002429544
0.8050856423
1.7748778127
0.8075983296
-0.7400772387
-0.9280134297
2.0080089980
-0.8250471468
-0.8508996330
0.8584678461
-0.3548905929
-0.4607595726
0.8087453874
0.7573578890
-1.8657562069
-0.8829867213
1.7722017484
0.0215623155
0.6808634355
-1.9966152933
-1.2671823277
-0.0716063319
0.4583742607
-0.5324233411
-0.6532675027
-1.3293285742
-1.0299660486
-0.3623587204
-0.1353792878
0.8845492293
-0.6268738298
-0.1573949519
-1.0563346487
-1.5386550838
-0.8899038333
0.1025328617
0.0602913162
-0.3507691396
-0.1297372984
-1.2356920848
0.2193330168
0.1164033549
1.3300750750
-0.3781669058
0.5593875043
0.6886134158
0.2178240948
-0.1208256301
-1.6586373732
0.0336601566
0.5939585122
1.3850573574
-0.7864949036
-0.4677418309
-0.1477348807
0.3494592069
1.6813036468
1.1998300262
0.1810410838
-0.0106531988
-0.6927843180
0.3868507213
0.3859999084
-0.3790204330
0.7683030479
-0.1709739006
-1.2271399864
-0.5901876516
-0.9140409699
0.1698459785
-0.3874235426
0.8402587684
0.7561372436
-1.5311756106
-0.0721514082
1.0400654888
-0.7252955021
0.0142139246
-0.1363319831
-0.2298894966
0.1468242234
0.4519923337
1.2350198406
0.6151578447
0.3673476065
0.1297655345
1.8516201181
-1.0671421303
1.1117464164
-0.9950223935
-0.6311773710
0.4898232238
-0.9590094712
1.2583396030
-1.6011134054
-0.4021314153
-0.4835374082
-1.5163750100
1.7418482754
-0.5197995432
0.0541859830
1.1709089522
-0.5177352787
1.1456739933
-0.9882060777
1.4162567947
1.0240600811
-1.4759120584
-0.2291220674
0.0490632014
-1.1185849390
-0.1145081737
-1.0729301612
0.8453987202
-1.7344720904
0.9045099982
-0.0857986590
0.7928099062
1.4062473920
-0.6056338709
0.4973056291
-0.6716612495
-1.2233267184
-0.3594883749
0.1002528033
0.3078511901
-0.5205975458
0.0814359072
-0.4288292630
-0.7839288597
-0.1210836947
1.2006692529
-0.4402487919
0.9480692438
0.7373108875
0.3687585638
0.4456397843
-0.8894014217
0.3824257612
0.0147039041
0.0584876584
-2.8948357973
-0.0626805605
0.4889532593
1.1295858398
-0.4447381152
-1.7752182064
-0.4684036063
0.3391788987
0.9099065954
-1.2897306435
1.0727601793
-0.1337889161
-0.1525889227
-0.5744422498
1.3155684386
1.4586102484
2.6619119111
-0.0671262746
-0.5108298174
-0.2157850533
-1.3694576265
0.5992791443
-0.7233605014
0.3363829757
0.0991338226
0.3946153825
0.1635778107
-1.1152023160
-1.0249775308
0.3697494067
0.1055152681
1.5771761018
-0.3439780027
0.0719922299
0.6081165815
0.3098684063
1.7510256625
-0.0661919998
-0.0356227526
1.3130453475
-0.6648744682
-0.0341031606
0.0596869350
1.3615900398
-1.9182419207
3.2145255719
1.8344224224
-1.0578638212
-0.9564396304
-0.9557413355
-0.6174175991
0.4271071023
0.0485789499
-0.0959075759
-0.5927699565
-1.1046272020
0.1132321284
0.2268937876
0.7257741369
1.1082515076
-0.8068968318
-1.0160497846
-1.2929691759
-0.5444624684
2.4574540924
1.2153617427
0.2728874008
0.7564954058
-1.6739005776
-0.8370603647
-0.6960871244
-1.1413469413
1.5191329031
0.9920004657
2.6050710768
-2.0472464477
0.3642093034
0.1253215757
0.2002713314
-1.3515621805
-2.3035455616
-0.1753401254
-1.6970461400
-1.6459740085
1.2494960911
1.4567652149
0.4290951009
-0.2174202974
0.9391914007
-1.3372215882
-0.2352429309
0.6902078872
-0.7081931214
0.3529595366
-0.3833448635
-0.0753926161
1.6148629204
0.3295218607
0.5461076702
0.2129012777
-2.2793042750
0.7847612035
-0.4834793752
-1.0393198426
-1.2491374136
0.1709142520
0.6679193200
0.9876955864
-0.1889104964
-1.8183732386
0.3654920826
-1.1383672959
-0.3162000589
-1.4481846539
1.1405088057
0.3458186187
0.3559330286
0.7867653074
-0.8909684469
-0.8162200904
1.1802712840
0.6258526937
1.6126190752
-0.5096499463
1.0011186427
-1.3984416894
-0.4686439658
2.0066479640
-0.5296873112
-2.0452745952
2.5641544331
-0.5233489005
1.2901180596
-0.4241552241
0.4834782638
-0.5954958176
0.4518801395
-0.1266181565
0.4461434033
-0.8077514873
0.5116942631
-0.9562615223
-0.5118704389
0.0035363944
1.3454198005
-0.4646623466
1.0657344313
0.9852459468
-0.6318854544
-1.3140709959
1.4484157710
-0.4313278196
0.4769420304
0.0961605217
0.5982380133
0.3430746808
0.4591326379
1.2398647966
1.3454931796
0.7732520028
0.8062565429
-0.1465238733
-0.0922741943
0.6717266146
0.9596242287
0.4707767103
-0.1832451211
0.3555741999
-1.1999215745
-0.1444754929
1.8282998183
-1.4642655468
-2.0975922035
1.0613805208
0.4154898280
-1.1415768423
0.5490933161
-0.2626498283
0.7070332180
-1.6010624290
-1.3034380452
0.3826789751
0.9292914629
0.7349529505
-0.3655323586
1.5112346911
-1.2357793678
0.7386741928
0.7487745143
0.3752858662
-0.8877561521
-0.4422538306
0.3629869743
-0.4467942395
1.1352615185
-1.5997591563
0.1587469887
0.2061916611
